# Time-averaged data for fix ps1
# TimeStep c_thermo_press[1] c_thermo_press[2] c_thermo_press[3] c_thermo_press[4] c_thermo_press[5] c_thermo_press[6]
10000 507.762 2352.71 469.333 -652.139 -42.5008 -344.278
20000 791.146 2291.76 526.224 -1153.65 -27.4608 -544.297
30000 438.31 2308.65 1178.57 -1319.81 -218.575 -783.274
40000 721.142 2291.2 245.271 -1791.38 -85.6199 -567.072
50000 1096.8 2293.1 455.051 -1870.64 163.502 -611.789
60000 815.967 2170.28 448.32 -1970.4 -249.056 -231.095
70000 1153.96 2627.44 653.402 -2505.64 -236.948 -923.354
80000 1117.44 2256.68 721.5 -3119.73 -12.5916 -1009
90000 1276.05 2399.81 531.472 -3243.55 -23.4941 -499.29
100000 1019.59 1967.53 663.626 -3808.73 312.911 -530.393
110000 1038.24 2393.71 440.014 -3929.26 13.875 -455.93
120000 1137.04 1963.38 667.651 -4139.06 31.4032 -464.771
130000 917.471 2171.8 694.193 -4141.22 -24.7575 -392.082
140000 576.464 2604.56 904.91 -4636.17 316.494 -81.3578
150000 928.898 2162.75 578.394 -4825.81 128.456 -475.063
160000 1176.03 2112.58 999.903 -4833.47 62.0087 -714.017
170000 1191.56 2203.24 668.327 -5238.23 -226.366 -449.847
180000 983.842 1897.02 1065.26 -5206.28 52.2456 -443.36
190000 700.991 2456.28 869.741 -5674.86 188.837 -473.241
200000 713.869 2444.6 640.49 -5880.21 107.075 -481.65
210000 629.111 2298.31 1024.76 -5655.1 -26.7162 -571.531
220000 1000.1 1887.57 513.668 -5614.65 -83.2268 -662.856
230000 1233.18 1812.89 1061.11 -6007.51 164.455 -487.121
240000 1358.22 2236.43 167.061 -5863.59 123.75 -278.217
250000 1268.33 2685.77 159.36 -5957.88 -194.499 -544.522
260000 1528.03 2250.85 509.545 -6065.82 169.367 -592.274
270000 1366.07 1982.12 533.738 -5933.67 128.191 -775.599
280000 971.565 1987.67 882.379 -6081.6 300.149 -371.557
290000 1120.32 2304.78 568.487 -5907.61 143.762 -406.867
300000 1491.99 2271.94 25.9669 -5742.62 -58.1558 -776.552
310000 1117.26 2005.54 970.493 -5666.55 361.034 -574.752
320000 947.932 2107.42 583.326 -5397.48 144.29 -278.085
330000 1303.58 2446.53 435.626 -5140.38 -4.11218 -825.746
340000 1293.86 1929.7 90.7512 -4917.81 116.444 -275.055
350000 867.755 1931.39 683.503 -4543.91 -217.86 -286.836
360000 1049.5 2147.01 365.277 -4479.58 75.5245 -573.014
370000 1253.95 2295.84 717.648 -4261 -31.1904 127.75
380000 1138.91 2109.51 648.081 -4083.4 163.099 -523.099
390000 1374.78 2590.44 451.021 -4136.76 232.497 -467.072
400000 1167.93 2432.13 366.816 -3453.75 110.365 -609.502
410000 1004.51 1818.01 895.464 -3308.14 19.323 -916.115
420000 907.003 2142.66 756.705 -3075.72 287.343 -439.747
430000 866.19 2317.76 502.366 -2814.5 560.049 -560.076
440000 1102.27 2081.37 967.109 -1970.01 238.525 -412.551
450000 1165.59 2302.15 457.975 -2025.72 24.8521 -732.447
460000 1476.67 2120.34 701.043 -1628.11 170.96 -421.09
470000 1130.88 2319.92 381.97 -1330.01 91.9865 -505.654
480000 1053.1 2443.54 316.319 -747.723 266.027 -585.934
490000 1152.25 2138.32 640.954 -506.43 279.021 -920.892
500000 1138.65 2161.88 736.914 90.9856 319.037 -584.161
510000 1406.83 1855.34 826.063 377.86 440.175 -820.502
520000 1499.26 2138.27 568.181 683.833 197.247 -527.778
530000 1265.46 1754.76 553.312 898.224 85.9576 -634.798
540000 872.483 2255.34 809.172 1454.07 86.8731 -637.446
550000 1029.7 2055.27 783.513 1458.88 286.908 -484.011
560000 1267.95 1971.34 799.506 2109.73 460.288 -885.759
570000 1114.98 2043.18 622.655 2584.38 25.8891 -736.271
580000 910.155 1969.63 991.679 2882.91 411.382 -656.06
590000 1118.16 1789.51 763.058 3257.85 354.485 -507.716
600000 1088.24 2191.1 559.642 3252.9 38.6437 -655.231
610000 726.23 1853.97 644.14 3696.01 56.5727 -313.481
620000 1084.01 2394.41 833.626 3948.47 159.547 -727.703
630000 1004.82 2447.79 534.514 4005.25 -117.866 -735.967
640000 937.293 2614.63 537.596 4208.08 4.38947 -662.753
650000 816.293 2741.58 376.985 4491.18 186.409 -477.058
660000 658.093 2544.72 818.817 4527.89 211.389 -548.967
670000 807.512 2243.74 672.09 4857.68 78.2581 -762.73
680000 787.958 2737.16 436.236 4749.95 390.468 -173.76
690000 781.89 2948.86 815.002 5250.77 -294.012 -389.637
700000 545.445 2250.72 633.457 5312.14 -96.4562 -251.46
710000 634.06 2355.6 494.859 5347.17 382.266 -438.874
720000 821.416 2785.38 677.198 5278.09 167.595 -698.894
730000 947.201 2159.95 628.102 5481.07 326.43 -594.102
740000 562.836 2607.01 648.544 5610.65 339.675 -500.444
750000 701.164 2501.27 478.652 5537.61 380.148 -487.259
760000 640.323 2467.1 831.642 5481.32 308.196 -605.237
770000 647.501 2438.28 865.912 5198.74 -40.858 -459.262
780000 860.815 2635.14 634.708 5445.96 454.735 -675.334
790000 787.868 2324.73 396.191 5320.76 254.272 -634.629
800000 465.315 2827.57 481 5238.56 -84.9382 -327.222
810000 984.671 2464.87 468.951 5175.83 201.021 -653.791
820000 916.866 2255.2 574.749 4916.77 371.885 -714.288
830000 1054.25 2449.33 1088.28 5037.2 488.678 -265.031
840000 913.011 2439.25 478.057 4848.25 505.015 -129.363
850000 812.59 3103.05 263.051 4558.98 237.219 -614.692
860000 921.778 2502.92 305.355 4467.3 459.452 -138.042
870000 1026.86 2315.42 837.226 3736.54 471.948 -483.895
880000 1212.35 2249.14 521.7 3635.27 88.896 -656.837
890000 927.615 2676.61 686.926 3560.73 191.238 -564.744
900000 794.222 2413 545.304 3326.68 177.886 -680.238
910000 685.994 2352.37 1002.5 2903.54 -239.154 -417.417
920000 764.04 2727.98 107.785 2653.2 87.26 -350.26
930000 1044.13 2653.65 395.266 2139.36 -8.42928 -544.965
940000 835.984 2080.16 928.9 2035.89 141.891 -487.924
950000 1016.96 2075.1 -4.44597 1591.39 220.807 -625.369
960000 507.156 2685.84 396.141 1147.48 220.197 -400.66
970000 479.755 1857.96 673.61 810.345 329.147 -733.101
980000 984.639 2109.45 266.328 433.001 298.772 -612.222
990000 906.486 2283.54 236.962 228.539 -87.4927 -764.372
1000000 721.212 2539.24 522.197 -388.718 98.3522 -399.982
1010000 927.62 2615.27 598.76 -568.133 155.245 -342.651
1020000 679.084 2689.16 207.726 -1181.45 308.888 -442.375
1030000 771.981 2092.02 395.748 -1418.67 -10.5967 -724.536
1040000 985.961 2181.11 472.347 -1556.35 152.675 -654.18
1050000 865.979 2250.8 359.221 -1899.55 373.31 -378.165
1060000 1457.27 2286.35 855.029 -2411.74 -83.2429 -514.856
1070000 1212.87 2085.58 654.207 -2712.5 203.407 -368.346
1080000 987.189 2320.12 581.63 -2548.78 166.85 -481.168
1090000 600.202 2089.63 605.093 -3106.49 -81.1431 -291.508
1100000 933.637 2062.81 751.586 -3746.51 -129.469 -588.622
1110000 1119.6 2370.1 902.263 -3829.72 217.571 -673.489
1120000 704.425 2240.94 578.772 -4264.94 101.635 -683.38
1130000 882.585 2537.28 639.466 -4482.12 344.563 -685.909
1140000 766.179 2291.78 1085.81 -4596.77 -75.0122 -501.912
1150000 507.608 2480.17 908.25 -4870.6 264.056 -596.119
1160000 575.533 2620.24 1027.12 -4910.4 149.329 -645.579
1170000 1284.21 2059.69 899.496 -5285.84 107.307 -402.491
1180000 900.324 2299.35 963.5 -5360.31 -136.373 -788.433
1190000 951.96 2334.56 654.361 -5230.44 175.597 -474.711
1200000 841.524 2306.98 914.868 -5730.87 54.4094 -357.683
1210000 1350.81 2172.01 608.151 -5692.18 -47.8771 -865.101
1220000 966.24 2266.74 824.116 -5573.51 -163.881 -361.969
1230000 1047.23 2501.9 486.706 -5795.99 46.1202 -355.37
1240000 1172.41 1883.78 741.504 -5864.17 99.009 -240.388
1250000 1118.03 2206.99 423.297 -6112.78 665.742 -452.7
1260000 1209.11 2313.5 1001.16 -5720.02 118.634 -335.107
1270000 785.482 2103.17 1014.23 -5919.99 -152.39 -318.372
1280000 887.852 2216.2 874.568 -5714.07 -117.007 -388.208
1290000 1117.63 2605.43 508.18 -5754.94 55.5034 -426.565
1300000 808.183 2069.5 1034.03 -5527.88 22.4131 -419.794
1310000 942.074 2515.4 734.436 -5620.71 -27.96 -497.4
1320000 1154.15 1992.27 647.65 -5330.09 336.39 -144.503
1330000 995.555 2481.7 1151.45 -5199.78 24.8191 -469.368
1340000 1451.11 2133.89 988.707 -4889.93 200.649 -546.452
1350000 1066 2131.26 799.837 -4739.42 -79.9504 -253.306
1360000 1114.79 2193.68 908.484 -4293.87 34.7072 -317.559
1370000 615.811 1905.56 1194.91 -4320.43 395.182 -237.6
1380000 928.528 2386.12 778.087 -3987.6 -232.675 -363.939
1390000 1175.23 2033.84 950.834 -3932.29 357.931 -318.8
1400000 1060.16 1855.74 862.628 -3465.46 403.186 -319.747
1410000 852.1 2139.5 686.764 -2900.15 420.336 -430.014
1420000 1146.19 2029.59 1050.28 -2828.6 104.125 -482.636
1430000 1086.53 2179.08 663.248 -2313.01 257.955 -416.698
1440000 1069.04 2406.81 718.743 -2062.46 69.8673 -405.971
1450000 944.659 2367.52 733.584 -1748.2 104.009 -272.265
1460000 1027.72 2071.66 972.81 -1057.71 332.004 -370.737
1470000 1213.12 1772.99 408.675 -956.161 399.552 -281.137
1480000 892.199 2148.45 813.213 -418.663 99.5762 -680.539
1490000 1058.67 1907.92 841.852 -265.075 392.129 -554.321
1500000 886.39 2546.73 538.364 560.492 535.61 -641.578
1510000 752.641 2245.29 1218.74 713.998 344.763 -658.002
1520000 1083.23 2177.3 482.888 889.441 353.166 -686.746
1530000 1037.11 2001.85 840.834 1087.43 483.351 -542.958
1540000 991.837 2033.47 591.585 1801.61 656.723 -318.84
1550000 1080.93 2355.28 974.391 1781.29 577.489 -444.927
1560000 1058.49 2320.65 1047.87 2046.38 578.453 -733.645
1570000 1154.98 2672.69 692.995 2500.85 120.89 -711.61
1580000 1371.93 2382.98 914.915 2902.5 335.225 -775.534
1590000 947.722 2468.2 432.544 3188.46 500.506 -716.374
1600000 1050.15 2175.63 715.313 3463.6 311.826 54.9445
1610000 928.185 2103.35 847.031 3560.78 442.645 -676.6
1620000 894.571 1976.45 646.897 3870.62 173.313 -416.323
1630000 1328.66 2216.28 402.515 4266.97 303.741 -525.772
1640000 1214.96 2011.04 1093 4309.28 328.428 -632.676
1650000 963.371 2492.62 891.211 4880.47 128.543 -419.785
1660000 1026.79 2353.13 647.124 4755.36 462.261 -221.627
1670000 1139.25 2208.55 671.162 4743.84 372.615 -617.545
1680000 1270.82 2112.36 481.797 4868.31 463.049 -386.584
1690000 1054.37 2365.36 590.069 5220.38 265.905 -324.803
1700000 1110.85 2314.89 649.604 5068.04 478.748 -490.06
1710000 876.919 2832.41 936.059 5684.71 504.069 -400.816
1720000 1043.98 2441.7 853.253 5424.47 540.613 -408.812
1730000 735.979 2359.88 1305.3 5795.57 85.1699 -260.6
1740000 781.98 2154.56 978.532 5401.29 574.315 -358.249
1750000 798.383 2766.35 771.538 5640.29 607.851 -508.93
1760000 995.93 2266.06 783.209 5333.04 202.12 -611.873
1770000 1132.86 2396.86 685.18 5349.05 182.629 -267.633
1780000 882.694 2896.42 620.521 5324.37 275.154 -612.218
1790000 1097.77 2187.92 252.294 5454.16 475.758 -156.365
1800000 891.161 2049.17 806.885 5101.1 519.295 -111.829
1810000 1119 2323.54 549.47 5039.36 557.43 -569.548
1820000 718.062 2202.06 729.006 4953.88 170.445 -433.12
1830000 949.277 2468.28 652.608 4657.77 132.443 -645.731
1840000 1280.11 2541.38 778.108 4468.59 412.708 -795.944
1850000 1224.85 2251.48 719.6 4439 136.671 -677.218
1860000 970.677 2467.42 936.555 4190.64 110.093 -470.973
1870000 1001.01 2123.67 884.964 4042.76 335.582 -281.548
1880000 885.124 2267.27 467.174 4000.91 232.482 -297.596
1890000 858.665 2003.77 935 3428.14 358.574 -452.903
1900000 1150.16 2362.81 691.559 3460.29 296.897 -600.603
1910000 924.84 1829.68 460.123 3101.02 286.493 -336.635
1920000 901.157 1869.31 588.923 2691.54 235.559 -510.132
1930000 972.315 2239.68 522.471 2137.86 565.429 -536.459
1940000 986.923 2234.2 746.014 2255.59 253.946 -809.13
1950000 1069.03 2156.99 477.728 1887.14 -1.91434 -289.38
1960000 943.75 2342.96 466.665 1543.81 393.932 -622.123
1970000 1252.6 2308.94 861.8 1033.66 263.992 -586.677
1980000 936.911 2315.02 791.468 510.447 376.148 -707.368
1990000 1254.25 2317.76 237.397 376.372 459.041 -636.226
2000000 978.651 2301.47 578.35 -17.76 366.237 -489.197
2010000 1163.92 1922 721.366 -527.138 327.721 -533.603
2020000 872.727 2358.69 570.697 -1014.54 133.06 -743.838
2030000 1498.75 1935.97 838.132 -1085.41 216.13 -462.346
2040000 969.496 2437.41 784.773 -1474.37 131.448 -608.173
2050000 1328.39 2197.37 892.192 -1808.77 268.739 -497.415
2060000 1379.9 2208 821.359 -2292.47 -18.8027 -793.604
2070000 1142.66 2406.25 494.971 -2398.19 -61.512 -540.206
2080000 884.818 2314.22 833.311 -2742.95 115.248 -418.792
2090000 1337.15 2087.81 728.794 -3280.03 250.777 -395.922
2100000 1019.25 2427.75 222.749 -3397.15 226.856 -504.113
2110000 1253.98 1919.43 808.419 -3871.17 164.875 -371.897
2120000 1296.01 2156.12 790.697 -3959.34 601.82 -331.832
2130000 1133.56 2259.74 799.797 -4156.29 -101.768 -281.693
2140000 819.44 2560.02 916.625 -4758.13 -98.2294 -477.368
2150000 1256.09 2312.91 1040.06 -4632.6 11.8877 -426.704
2160000 707.667 2436.92 833.738 -4832.69 308.506 -425.338
2170000 1105.78 2858.34 538.732 -5229.11 505.259 -145.616
2180000 810.544 2127.85 846.865 -5103.25 140.992 -219.973
2190000 582.834 3006.68 982.88 -5085.75 173.172 -389.559
2200000 948.763 2105.67 721.943 -5277.57 206.883 -452.865
2210000 359.205 2593.57 819.431 -5313.86 59.6131 -406.687
2220000 961.104 2590.79 575.626 -5541.22 -17.41 -304.176
2230000 892.218 2508.69 957.411 -5423.78 139.314 -9.49685
2240000 1184.73 2410.07 956.04 -5136.6 248.247 -210.83
2250000 972.719 2291.84 798.417 -5412.51 124.76 -95.5487
2260000 1046.96 2890.52 621.427 -5366.42 -181.715 -184.199
2270000 1001.84 2503 927.461 -5562.68 297.735 -421.388
2280000 858.462 2555.98 852.788 -5373.83 371.783 -306.669
2290000 606.502 2673.09 950.924 -5666.56 241.814 -66.3427
2300000 955.233 2509.45 773.867 -5394.84 -116.11 -74.1409
2310000 1515.51 2494.21 745.408 -4896.03 -123.967 -422.011
2320000 539.16 2519.58 817.953 -5046.21 204.411 -298.981
2330000 1097.64 2280.81 981.544 -4464.64 221.729 -88.8459
2340000 1158.94 2056.4 636.269 -4664.41 110.277 -322.588
2350000 942.797 2526.61 441.319 -4011.94 224.927 -272.961
2360000 1133.26 2377.39 1003.3 -4452.52 387.468 -363.722
2370000 1347.42 2582.84 468.655 -3790.73 670.591 -488.551
2380000 742.325 2458.79 760.644 -3567.83 292.631 -294.124
2390000 1114.8 2575.25 663.142 -3595.28 538.127 -473.868
2400000 885.922 2597.99 562.868 -3395.63 441.412 -391.293
2410000 489.369 2271.79 892.763 -2769.03 -132.88 -595.874
2420000 530.354 2205.76 699.908 -2364.26 265.732 -451.553
2430000 773.699 2377.14 672.452 -2266.06 314.776 -400.36
2440000 595.949 2479.2 1031.6 -1800.77 84.2349 -250.774
2450000 592.587 2415.39 776.281 -2016.23 383.692 -452.161
2460000 530.904 2178.37 1090.87 -1377.96 44.7348 -303.482
2470000 768.102 2350.32 802.349 -1016.08 132.158 -188.714
2480000 573.206 2619.59 378.162 -894.751 99.6257 -744.9
2490000 838.484 2357.04 698.961 -277.448 518.332 -389.605
2500000 539.516 2558.2 1087.02 58.2541 105.923 -418.606
2510000 413.358 2658.66 1051.11 228.63 267.354 -635.64
2520000 674.89 2229.54 441.89 911.995 345.946 -464.097
2530000 413.338 2820.71 682.643 1565.47 397.537 -289.957
2540000 564.991 2595.19 532.003 1495.03 162.227 -386.714
2550000 672.132 2309.42 649.418 1580.3 222.606 -487.035
2560000 370.375 2339.26 998.31 2215.29 247.844 9.54195
2570000 356.166 2516.54 751.692 2706.65 179.138 -348.051
2580000 562.736 2347.78 643.354 2961.3 555.337 -269.71
2590000 922.51 2497.15 1061.6 3344.55 262.159 -399.437
2600000 435.3 2505.89 1057.07 3374.14 303.03 -413.073
2610000 474.214 2311.14 705.213 3672.24 -29.5896 -535.614
2620000 530.314 2336.25 652.667 3659.84 216.546 -510.505
2630000 519.565 2728.77 638.357 4385.16 88.2503 -630.424
2640000 376.737 2816.92 799.211 4429.66 160.876 -197.518
2650000 481.515 2755.4 838.263 4813.46 286.945 -476.836
2660000 361.598 2889.23 1138.41 4927.61 202.823 -206.613
2670000 632.456 2538.37 435.441 5166.91 151.809 -338.751
2680000 493.025 2714.91 935.036 4975.42 170.966 -526.836
2690000 299.257 3067.31 678.067 4888.32 369.681 -550.566
2700000 227.605 2727.66 498.075 5323.09 424.818 -615.831
2710000 401.797 2668.54 506.999 5424.47 179.105 -644.171
2720000 463.959 2552.43 1113.66 5643.88 36.9948 -413.716
2730000 497.315 2759.86 893.222 5650.12 375.372 -478.511
2740000 501.476 2644.75 344.319 5566.57 142.252 -351.944
2750000 525.783 2796.68 759.14 5949.94 368.265 -660.706
2760000 736.877 2099.57 689.299 5891.22 159.57 -408.632
2770000 455.117 2386.27 1100.56 5582.74 172.768 -616.765
2780000 717.398 2772.79 404.287 5460.27 -56.3109 -203.327
2790000 742.087 2717.19 512.274 5382.77 230.846 -118.934
2800000 194.551 2688.42 867.611 5323.99 343.772 -457.873
2810000 494.814 3147.45 676.628 5100.85 299.016 -70.8578
2820000 756.346 2520.38 974.931 5360.48 290.394 -474.954
2830000 851.936 2557.21 722.747 4826.3 219.073 -427.384
2840000 462 2675.54 1154.15 5038.74 170.529 -250.726
2850000 728.414 2871.69 790.213 4326.78 290.574 -176.948
2860000 467.214 2465.38 1008.38 4479.63 81.0491 -555.075
2870000 715.473 2683.86 1060.5 3921.58 256.158 -458.549
2880000 487.839 2718.71 573.726 4110.68 388.192 -331.636
2890000 698.806 2840.86 653.2 3801.54 405.348 -335.221
2900000 282.027 2380.5 734.524 3535.19 204.947 -30.8492
2910000 570.7 2463.19 929.791 3265.17 347.048 -270.754
2920000 845.695 2824.93 755.29 2550.16 588.842 -396.193
2930000 551.072 2390.88 341.051 2559.2 163.019 -286.808
2940000 599.826 2332.01 556.903 2396.66 54.4446 -538.022
2950000 305.703 2808.04 519.413 1610.85 335.416 -389.418
2960000 354.423 2662.22 493.932 1636.72 52.7486 -583.758
2970000 382.27 2751.71 872.011 1112.1 258.606 -575.567
2980000 670.472 2414.95 602.742 755.697 280.564 -530.332
2990000 184.467 2446.11 987.39 193.964 244.114 -248.95
3000000 876.397 2454.51 199.478 282.136 583.645 -299.172
3010000 511.278 2456.61 739.245 -623.174 -36.3102 -286.188
3020000 743.206 2447.07 442.065 -761.084 98.6232 -517.521
3030000 369.382 2512.16 490.899 -931.911 49.557 -217.78
3040000 73.9054 2636.09 943.529 -1281.21 185.374 -404.755
3050000 330.738 2034.76 732.207 -1750.85 396.056 -313.84
3060000 222.175 2343.46 977.929 -1943.68 392.587 -592.249
3070000 574.292 2524.89 587.972 -2284.16 185.338 -98.8535
3080000 673.223 2798.08 532.961 -2695.35 114.456 -549.092
3090000 1156.43 2420.03 440.598 -2997.1 446.366 -291.033
3100000 826.486 2840.62 226.525 -3480.82 341.727 -355.092
3110000 1061.46 2810.9 370.676 -3587.46 347.041 -481.186
3120000 613.148 2670.37 524.363 -4061.4 417.477 -468.284
3130000 780.84 2776.62 451.553 -4334.56 395.035 -656.732
3140000 735.484 2714.81 35.6809 -4333.7 443.946 -202.624
3150000 793.341 2761.57 487.241 -4749.63 161.922 -337.346
3160000 855.943 2469.81 989.054 -4706.45 260.787 -417.398
3170000 894.776 2470.86 639.411 -5128.38 188.115 -99.4974
3180000 983.799 2699.67 836.348 -5249.72 -2.11131 -262.998
3190000 852.263 2351.93 767.215 -5355.94 351.587 -560.203
3200000 449.623 2406.08 1150.83 -5107.13 -142.027 -600.669
3210000 691.279 2590.48 490.251 -5576.8 -167.632 -566.927
3220000 836.576 2566.15 882.016 -5488.99 -239.587 -289.975
3230000 808.475 2299.63 649.738 -5690.46 43.0169 -359.839
3240000 731.61 2531.64 448.481 -5702.55 104.676 -579.553
3250000 797.123 2164.43 597.23 -5570.98 -1.72101 -420.968
3260000 837.214 2700.92 687.381 -5462.4 220.247 -669.652
3270000 1071.69 2441.74 620.423 -5413.6 1.92408 -524.858
3280000 967.831 2307.15 1075.99 -5257.06 110.101 -437.299
3290000 565.409 2734.61 966.777 -5471.57 -7.10013 -232.093
3300000 630.183 2362.66 664.648 -5296.01 150.575 -320.568
3310000 831.648 2421.79 501.661 -5027.43 -61.0368 -438.877
3320000 702.714 2788.09 967.119 -4560.11 -24.0194 -487.196
3330000 615.634 2558.21 892.893 -4529.59 -172.005 -373.034
3340000 624.674 2608.7 783.565 -4317.68 -323.741 -485.175
3350000 954.101 2312.65 315.709 -4309.53 255.87 -589.704
3360000 829.785 2166.86 992.386 -3970.65 182.005 -523.761
3370000 1111.59 2214.06 675.193 -3770.05 -216.657 -496.176
3380000 984.231 2665.86 666.313 -3300.95 300.268 -299.431
3390000 998.233 2217.83 915.905 -3385.2 -482.067 -243.748
3400000 870.16 2631.47 740.741 -2933.99 218.875 -376.662
3410000 722.095 2001.44 627.348 -2523.64 220.131 -510.409
3420000 605.11 1976.48 1144.44 -2564.67 -48.2452 -644.575
3430000 1003.29 2172.3 843.36 -2322.87 252.22 -406.983
3440000 686.352 2417.03 948.234 -1993.54 -77.134 -19.9622
3450000 771.208 2200.68 528.485 -1438.92 174.916 -288.142
3460000 914.38 2300.04 839.954 -1241.65 249.211 -382.255
3470000 1019.38 2236.65 783.754 -967.068 29.7154 -348.725
3480000 537.07 2607.5 538.83 -714.665 -4.8161 -88.3821
3490000 930.08 2273.4 525.806 -350.623 66.7716 -589.536
3500000 440.24 2233.42 789.235 227.517 146.123 -616.205
3510000 861.143 2291.17 829.192 305.903 138.551 -538.814
3520000 477.8 2504.88 1125.5 801.483 141.288 -495.325
3530000 790.528 2363.58 607.247 1301.08 169.498 -442.238
3540000 642.25 2350.7 543.306 1889.95 224.298 -407.916
3550000 780.978 2265.16 1021.75 1901.99 -9.30596 -276.458
3560000 670.471 2085.74 1233.7 2175.67 32.501 127.999
3570000 783.671 2212.13 659.533 2412.75 207.993 -478.809
3580000 560.221 2496.09 586.003 2517.51 380.879 -332.91
3590000 1116.03 2206.28 688.836 3326.24 -45.3708 -264.219
3600000 723.591 2235.07 1196.7 3550.34 -13.2139 -353.732
3610000 752.599 2178.3 844.041 3820.52 99.9032 -380.893
3620000 914.735 2208.51 999.888 3863.56 230.982 -92.3
3630000 585.024 2371.78 676.993 4235.9 343.284 -281.075
3640000 717.413 2407.2 1242.67 4678.05 -69.6601 -424.198
3650000 779.526 2123.84 746.682 4600.53 376.795 -579.309
3660000 866.629 2650.57 764.259 4806.38 -62.5779 -270.526
3670000 887.967 2387.14 1016.09 5291.99 137.155 -150.968
3680000 670.252 2923.43 556.112 5562.31 200.931 -386.113
3690000 448.093 3114.99 680.846 5817.86 230.815 -426.014
3700000 661.466 2534.47 845.209 5549.21 307.511 -158.198
3710000 611.132 3004.35 1026.24 5932.81 275.871 -702.971
3720000 657.226 2387.75 759.079 5740.83 278.536 -40.0344
3730000 723.696 2601.48 1048.75 5814.03 252.857 -620.792
3740000 892.423 2498.18 722.008 5367.14 376.263 -258.504
3750000 988.51 2369.22 1014.81 5649.37 -16.3361 -241.805
3760000 585.967 2364.14 685.038 6247.47 -88.5012 -212.058
3770000 404.528 2505.61 1142.89 5715.04 382.546 -148.626
3780000 585.685 2504.78 834.331 5745.59 250.957 -498.312
3790000 1164.83 2205.76 760.78 6028.67 42.2322 -223.937
3800000 801.065 2469.63 788.717 5464.12 324.907 -264.372
3810000 842.309 2462.88 945.085 5361.31 225.849 -153.086
3820000 800.777 2368.64 805.099 5177.07 74.1512 -449.819
3830000 1199.98 2321.3 827.525 5236.86 203.994 -381.903
3840000 1137.52 2333.63 656.94 5132.8 378.842 -104.362
3850000 860.322 2369.07 897.032 5009.96 433.708 -609.639
3860000 340.864 2272.86 932.313 4724.84 149.217 -470.122
3870000 632.822 2324.95 891.98 4196.26 298.94 9.18961
3880000 741.766 2617.17 728.048 4362.96 123.983 -384.416
3890000 674.659 2703.41 774.55 3761.8 230.867 -419.768
3900000 877.441 2572.96 735.257 3415.91 427.115 -484.732
3910000 774.858 2793.94 425.907 3346.39 261.71 -252.874
3920000 904.881 2230.01 1046.14 2967.4 106.986 -482.849
3930000 906.716 2825.43 483.237 2612.5 500.782 -531.715
3940000 114.743 2878.32 319.194 2181.8 -68.3695 -342.913
3950000 708.235 2779.34 419.492 1973.75 176.929 -152.073
3960000 1177.15 2459.96 610.751 1630.71 117.165 -500.154
3970000 1047.81 2567.45 401.577 1193.16 257.656 -607.575
3980000 833.985 2183.16 332.043 929.753 -189.645 -209.905
3990000 565.402 2453.87 710.1 418.52 308.921 -327.038
4000000 680.841 2702.54 629.652 -98.9086 163.865 -506.919
4010000 396.343 2111.29 879.222 -200.704 414.645 -430.828
4020000 1076.32 2203.93 326.442 -445.779 8.62177 -339
4030000 588.72 2325.86 977.32 -638.958 -94.5485 -525.907
4040000 718.528 2095.24 771.308 -1441.73 -15.2527 -275.087
4050000 900.417 2464.99 972.297 -1330.78 21.5994 -493.464
4060000 864.987 2426.65 550.828 -1870.9 211.783 -548.316
4070000 856.978 2020.01 394.797 -2249.15 -117.506 -200.087
4080000 1105.75 2246.07 762.073 -2402.08 139.538 -574.327
4090000 786.736 2195.84 459.612 -2578.34 25.2829 -321.053
4100000 731.091 1997.47 1077.07 -3299.08 318.3 -440.029
4110000 784.57 1901.67 877.704 -3288.92 91.0394 -369.158
4120000 840.006 2511.33 861.572 -3577.5 259.824 -367.63
4130000 931.423 2547.66 748.122 -4239.68 182.15 -297.206
4140000 1328.47 1931.97 772.201 -4137.18 -132.924 -624.774
4150000 981.599 2427.28 1089.05 -4500.62 172.805 -550.616
4160000 1013.24 2204.72 609.739 -4816.42 -99.9157 -737.079
4170000 1256.29 2202.97 660.358 -4544.44 233.936 -308.879
4180000 1314.43 2352.5 938.081 -4821 64.1606 -410.201
4190000 865.841 2045.43 973.278 -4595.31 368.213 -319.522
4200000 1388.39 2400.99 545.137 -4637.39 233.575 -470.83
4210000 1425.15 2401.88 347.268 -4753.14 396.71 -343.789
4220000 1215.56 2207.59 533.652 -4975.36 168.084 -298.43
4230000 1259.73 2428.26 879.924 -5281.08 -180.954 -526.201
4240000 1018.99 2284.01 1102.69 -5004.63 -26.3938 -453.324
4250000 1007.68 2445.83 1166.36 -5079.65 206.463 -493.51
4260000 1344.4 2246.33 731.66 -5339.69 152.759 -292.765
4270000 1358.64 2185.19 424.17 -5221.96 312.889 -459.731
4280000 1262.75 2291.44 790.844 -5091.85 62.7484 -612.788
4290000 891.149 2828.56 800.422 -4990.12 -92.3123 -352.563
4300000 1362.96 2143.73 622.413 -5189.21 369.685 -350.054
4310000 916.194 2037.72 652.541 -4705.9 406.239 -304.667
4320000 1247.5 2086.4 1172.57 -4861.16 102.881 -92.9246
4330000 880.32 2395.66 826.364 -4671.05 405.216 -525.135
4340000 1472.61 2482.66 505.186 -4315.71 171.57 -656.812
4350000 714.405 2085 884.84 -4141.71 -36.5706 -558.041
4360000 1363.87 1955.47 471.419 -3774.3 130.298 -490.815
4370000 1234.76 2159.3 1143.36 -3756.92 86.0167 -209.617
4380000 775.328 2339.71 692.526 -3661.56 119.009 -346.349
4390000 1055.24 2409.32 786.639 -3299.82 46.1451 -507.292
4400000 1101.72 2129.17 1022.94 -2803.06 292.66 -522.182
4410000 582.212 2305.38 718.091 -2426.72 351.374 -387.187
4420000 630.128 2239.26 1032.38 -2350.94 -258.604 -621.896
4430000 1211.7 2178.17 892.081 -1955.34 -74.0087 -162.371
4440000 590.2 2105.26 897.339 -1581.21 233.305 -231.217
4450000 999.057 2369.03 631.099 -1138.56 265.582 -450.381
4460000 736.608 2549.51 643.103 -847.009 202.771 -561.213
4470000 797.045 2085.68 947.857 -523.911 197.684 -367.673
4480000 704.213 2218.16 733.435 -400.869 343.348 -506.673
4490000 1207.09 2438.92 657.831 134.071 111.182 -552.549
4500000 1035.75 2100.17 120.787 282.745 207.076 -286.677
4510000 1344.49 2157.64 614.215 672.18 285.006 -722.383
4520000 1117.25 1972.64 924.77 994.926 254.786 -372.306
4530000 948.18 2341.58 988.174 1339.21 405.728 -651.374
4540000 896.989 2435.78 923.977 1576.45 13.1235 -382.268
4550000 323.824 2382.01 1023.88 1853.02 176.371 -510.895
4560000 992.75 2435.3 693.299 2222.98 125.243 -648.533
4570000 1010.59 2835.88 818.938 2548.09 196.213 -83.1697
4580000 422.991 2723.94 235.024 2463.63 -44.1424 -523.28
4590000 378.663 2651.31 925.587 3372.57 283.501 -659.878
4600000 421.811 2376.34 819.128 3438.02 327.929 -276.811
4610000 319.914 2631.03 938.592 3885.48 390.673 -510.206
4620000 572.396 2590.86 723.402 4150.72 475.916 -360.703
4630000 267.487 2701.77 834.893 4224.71 -131.628 -290.927
4640000 667.572 2531.49 949.632 4553.19 -195.104 -268.518
4650000 463.865 2863.4 1107.37 4394.12 199.058 -307.145
4660000 625.925 2749.38 1165.81 4755.84 333.187 -373.639
4670000 561.246 2715.25 949.705 5149.34 -71.55 -16.6969
4680000 1049.84 2814.21 951.212 5514.15 247.239 -372.34
4690000 842.631 2604.81 1258.52 5130.76 118.371 -279.114
4700000 467.171 3048.32 966.204 5332.32 114.15 -674.705
4710000 605.894 2525.09 1116.17 5713.88 -19.0932 -283.419
4720000 673.042 2575.84 830 5646 186.769 -529.552
4730000 534.222 2493.44 814.095 5843.75 175.971 -433.836
4740000 481.91 2804.4 823.542 5851.94 148.003 -555.257
4750000 241.05 3037.9 890.561 5892.29 85.4407 -330.72
4760000 726.788 2500.02 886.286 5687.06 512.164 -438.518
4770000 888.543 2413.81 884.666 5758.8 383.102 -379.333
4780000 597.716 2579.44 1088.77 5522.35 279.444 -219.635
4790000 504.466 2454.3 634.097 5613.03 399.7 -190.362
4800000 828.633 2212.06 750.461 5979.52 464.9 -489.182
4810000 801.076 2557.74 747.816 5452.68 211.263 -329.139
4820000 322.756 2597.25 913.473 5070.88 69.5393 -587.599
4830000 573.889 2908.03 1049.4 5337.69 434.231 -396.529
4840000 883.105 2961.74 630.367 4979.03 530.389 -499.923
4850000 499.613 2709.33 1259.36 4770.04 506.608 -280.329
4860000 370.133 2677.82 880.11 4593.51 596.778 -458.072
4870000 535.463 2922.74 828.47 4750.61 498.455 -574.202
4880000 510.948 2907.49 882.515 4111.46 217.447 -335.773
4890000 32.378 3267.11 828.739 4003.29 421.943 -221.074
4900000 130.995 2489.88 1136.01 3367.63 452.629 -247.676
4910000 214.143 2958.58 853.972 3057.76 503.643 -212.418
4920000 252.88 2789.52 353.807 2688.61 373.976 -525.673
4930000 289.924 2659.9 893.073 2584.2 265.758 -375.222
4940000 426.369 2956.51 720.489 2430.4 125.68 -542.234
4950000 448.169 2561.65 981.735 1997.04 297.865 -387.699
4960000 482.663 2965.27 744.036 1380.5 204.184 -192.469
4970000 545.86 2364.58 899.414 1224.89 144.577 -8.96704
4980000 364.228 2518.83 810.99 856.403 427.681 -680.871
4990000 403.021 2840.21 956.638 414.758 179.547 -529.925
5000000 695.623 2586.3 972.409 178.785 403.94 -282.141
