# Time-averaged data for fix ps1
# TimeStep c_thermo_press[1] c_thermo_press[2] c_thermo_press[3] c_thermo_press[4] c_thermo_press[5] c_thermo_press[6]
10000 400.4 2838.19 796.103 -483.47 -3.08809 -209.334
20000 472.945 2899.27 762.321 -888.233 95.9844 -148.491
30000 292.741 2921.45 1078.58 -1419.94 8.60923 -46.9086
40000 391.193 2882.16 982.588 -1750.65 97.6347 -261.01
50000 454.272 2905.08 1001.8 -2218.89 -72.3888 -173.683
60000 689.571 2807.11 835.863 -2447.42 48.5308 -187.986
70000 730.899 2691.79 883.649 -2950.95 -25.2652 -237.335
80000 293.017 2878.67 952.71 -3023.64 -71.7624 -272.508
90000 403.585 2576.53 1002.94 -3517.96 -8.5844 -76.4185
100000 406.456 2610.16 1118.69 -3819.78 -135.159 -243.512
110000 565.731 2967.57 938.353 -4275.15 142.544 -42.6103
120000 841.472 2918.11 700.469 -4610.64 161.357 -332.07
130000 670.485 2856.72 1036.49 -4768.98 200.42 -244.301
140000 656.973 2674.82 915.139 -5081.09 40.0084 -127.096
150000 528.098 2628.65 1039.46 -5096.58 107.291 -171.173
160000 407.358 2736.34 1066.18 -5440.57 95.5407 -216.337
170000 821.368 2628.08 1080.27 -5629.56 11.2504 -140.68
180000 558.607 2706 900.232 -6111.67 -36.4987 -210.781
190000 502.265 2780.8 1052.18 -5952.08 -44.885 -60.0813
200000 404.888 2854.25 932.405 -6357.42 -121.351 -98.3529
210000 678.336 2542.51 969.857 -6474.56 108.208 -161.477
220000 669.949 2762.01 876.554 -6413.57 -191.481 -63.5441
230000 710.903 2651.35 1201.74 -6497.49 -78.1055 1.15962
240000 610.745 2664.21 1025.37 -6628.66 -90.0419 -12.6193
250000 600.642 2851.39 998.168 -6720.9 4.40422 -215.508
260000 679.64 2739.2 884.973 -6655.36 1.77409 -202.618
270000 627.99 2921.88 1038.99 -6582.29 -199.857 -77.4794
280000 374.793 2829.74 891.414 -6517.51 -151.938 -259.319
290000 443.144 2758.26 1206.37 -6454.22 26.3282 -211.194
300000 663.597 2775.25 860.267 -6303.61 150.832 -67.5281
310000 686.97 2835.86 845.219 -6277.67 -17.0392 -312.656
320000 217.143 2687.92 1219.11 -5999.14 58.8994 -273.87
330000 542.273 2696.9 823.675 -5683.65 37.8012 -138.787
340000 866.146 2785.02 950.218 -5538.76 55.5707 -256.795
350000 639.261 2802.42 611.826 -5492.12 93.3406 -189.836
360000 618.417 2727.92 1044.99 -5168.61 56.652 -174.309
370000 661.82 2688.86 795.482 -4783.61 0.459228 -186.125
380000 521.425 2690.72 888.021 -4713.33 30.0122 -106.555
390000 679.189 2677.49 710.618 -4257.4 76.0164 -290.224
400000 496.987 2813.58 820.235 -3901.76 102.864 -107.181
410000 531.428 2557.34 818.542 -3653.28 -5.65101 -215.971
420000 584.061 2708.57 1032.51 -3236.79 -78.361 -274.115
430000 763.09 2720.45 694.863 -3004.47 -17.0005 -257.452
440000 228.189 3155.11 879.054 -2654.22 176.101 -70.0886
450000 506.887 2825.92 903.68 -2093.9 -106.069 -122.851
460000 371.783 2669.46 1003.62 -1671.62 114.571 -119.276
470000 353.316 2813.57 865.805 -1123.65 -129.945 2.58563
480000 477.096 2751.45 794.549 -1003.11 -139.277 -222.823
490000 816.256 2455.35 930.743 -590.696 -6.79314 -155.338
500000 448.208 2882.73 745.634 -125.055 -3.32766 -253.948
510000 618.865 2630.57 771.324 234.238 56.5797 -298.726
520000 581.772 2890.35 559.157 714.966 82.4571 -311.29
530000 364.27 2944.97 821.109 1017.08 235.912 -232.093
540000 396.692 2871.61 803.508 1494.19 51.1233 -269.829
550000 724.599 2966.41 664.49 1750.97 255.164 -299.963
560000 614.981 3029.61 728.181 2327.74 54.0949 -457.236
570000 628.568 2844 587.655 2800.4 181.896 -56.3058
580000 554.78 3048.4 927.009 2963.73 -86.3285 -420.244
590000 446.64 3102.04 584.916 3370.95 151.999 -235.313
600000 769.093 2928.14 787.19 3643.2 -91.1223 -406.182
610000 518.65 2917.81 797.568 4184.5 -93.2146 -191.049
620000 602.686 3071.09 983.932 4316.78 -20.7799 -251.509
630000 606.456 2940.88 531.482 4618.69 149.904 -384.129
640000 555.854 2896.37 1059.32 4934.77 -38.9453 -377.859
650000 739.616 3042.34 814.985 5143.78 50.0982 -167.63
660000 552.853 2933.11 880.742 5209.07 -78.7639 -378.589
670000 261.798 3284.25 752.238 5419.77 -55.9089 -368.033
680000 601.136 3332.8 908.905 5590.81 144.305 -410.147
690000 904.941 2978.22 954.226 5870.7 -98.9179 -274.199
700000 729.731 2977.56 898.686 6086.28 93.2136 -518.554
710000 706.144 3031.44 943.467 6176.26 222.155 -407.208
720000 786.028 2859.97 847.286 6310.35 10.2577 -478.472
730000 390.226 3072.89 849.028 6426.03 -48.1606 -350.282
740000 817.248 3176.98 891.794 6422.46 -94.0809 -338.97
750000 765.614 3126.59 625.339 6271.31 24.133 -378.284
760000 513.743 3316.89 821.613 6321.3 -213.761 -392.836
770000 650.658 3365.9 866.853 6271.7 -248.648 -386.253
780000 855.929 3080.55 1023.48 6108.27 -25.6111 -470.144
790000 616.033 3013.89 978.073 6150.2 80.4789 -341.521
800000 616.314 3037.76 937.175 6051.45 -32.4286 -447.287
810000 614.925 2973.17 862.836 6008.43 56.4004 -234.199
820000 554.612 3055.27 820.211 5761.85 8.14815 -548.18
830000 571.256 3139.52 802.118 5537.01 30.0998 -352.126
840000 617.67 3071.63 729.481 5223.12 -169.222 -359.097
850000 545.987 3127.93 649.2 5055.26 -6.74751 -480.927
860000 493.282 3323.6 675.593 4816.03 108.669 -180.059
870000 273.972 3160.84 764.228 4569.35 8.02866 -176.998
880000 662.706 2805.33 729.243 4348.81 65.136 -429.429
890000 586.981 3063.62 987.064 3945.04 -58.5469 -177.767
900000 778.274 2974.29 953.339 3600.35 -50.8735 -489.327
910000 596.656 2852.57 969.721 3425.18 48.0842 -390.925
920000 897.34 2908.28 745.948 3124.24 -61.7678 -337.695
930000 719.548 2856.92 1033.76 2641.14 -100.113 -224.57
940000 557.017 2797.53 816.246 2317.64 60.297 -153.324
950000 539.352 2775.82 837.237 1845 253.674 -281.679
960000 644.385 2578.73 885.437 1388.18 181.439 -284.976
970000 251.567 2919.75 785.445 1120.6 -63.79 -298.203
980000 523.405 2854.78 723.803 453.075 -25.4462 -369.785
990000 638.381 2845.31 724.913 375.405 131.025 -89.6497
1000000 600.45 3088.76 687.985 -206.846 -207.147 -265.683
1010000 598.087 2802.18 809.51 -560.223 -101.37 -138.73
1020000 547.962 2695.92 916.525 -892.009 -56.4489 -198.093
1030000 411.229 2819.26 434.61 -1242.25 156.215 -299.803
1040000 692.338 2699.1 955.65 -1775.63 66.7565 -183.298
1050000 463.492 2638.99 772.416 -2076.61 90.2878 -190.595
1060000 474.53 2771.36 832.478 -2523 25.9066 -216.344
1070000 391.412 2712.07 880.302 -2884.22 30.5017 -108.98
1080000 666.924 2710.81 688.544 -3232.66 -17.8988 -223.056
1090000 597.951 2939.44 852.127 -3494.93 -166.333 -165.111
1100000 783.404 2810.27 740.043 -4049.42 6.78006 -84.4731
1110000 447.593 2796.66 814.88 -4362.42 8.48183 -269.969
1120000 771.169 2833.93 798.038 -4553.35 79.6152 -228.379
1130000 539.445 2761.83 865.928 -4890.54 78.422 -285.587
1140000 516.843 2809.64 988.936 -5097.22 189.186 -120.367
1150000 838.834 2813.51 824.334 -5255.01 4.6157 -121.612
1160000 636.936 2600.82 1280.61 -5622.84 83.2771 -244.808
1170000 708.324 2632.31 1011.09 -5607.01 9.32201 -257.992
1180000 498.73 2852.38 1023.6 -5985.35 -93.309 -216.385
1190000 614.636 2630.71 981.237 -6248.4 80.542 -278.818
1200000 535.663 2982.2 732.353 -6152.83 -197.422 -128.841
1210000 492.945 2813.97 1235.34 -6458.68 28.0543 -62.9128
1220000 804.925 2798.62 844.449 -6461.39 37.1233 -59.6135
1230000 705.103 2666.28 1069.11 -6523.34 -120.706 -146.345
1240000 687.065 2986.09 1033.93 -6663.81 33.9479 -267.005
1250000 575.749 2722.11 978.314 -6492.18 -182.22 -192.734
1260000 593.209 2694.57 690.145 -6627.47 -69.4209 -144.101
1270000 614.39 2801.35 916.89 -6571.51 135.807 -180.062
1280000 491.271 2609.24 1020.22 -6591.91 10.8141 -180.415
1290000 503.944 2819.79 1155.12 -6391.86 -145.705 -207.58
1300000 573.902 2810.87 727.913 -6342.1 -5.01572 -229.81
1310000 320.665 2763.21 1289.24 -6116.03 -5.19645 -249.05
1320000 734.276 2623.78 857.356 -6073.83 61.356 -154.544
1330000 596.993 2819.58 942.147 -5705.05 -41.3787 -97.386
1340000 953.58 2540.47 816.112 -5540.65 -157.933 -320.749
1350000 514.71 2644.42 1079.41 -5276.83 -7.09056 -11.6901
1360000 398.767 2796.01 1068.68 -5211.53 5.09572 -211.302
1370000 480.801 2839.26 883.003 -4943.72 -98.0708 -183.294
1380000 364.315 2770.85 931.116 -4562.27 -30.7765 -171.445
1390000 547.287 2932 901.009 -4213.41 71.0506 -174.22
1400000 541.024 2609.25 1014.92 -3958.73 -85.9622 -98.7798
1410000 506.962 2660.97 708.531 -3559.41 -69.4204 -263.944
1420000 454.092 2755.53 961.233 -3341.29 151.872 -236.448
1430000 475.165 2711.85 1091.73 -2741.14 106.005 -200.256
1440000 547.634 2945.89 1020.6 -2362.21 -40.5084 -69.112
1450000 625.34 2973.63 718.362 -2366.62 50.398 -20.4881
1460000 489.922 2932.13 798.996 -1667.53 132.808 -206.287
1470000 475.925 2601.17 1151.06 -1054.13 -30.5824 -229.92
1480000 762.019 2693.21 854.171 -926.24 261.642 -147.594
1490000 221.599 2778.01 1013 -589.918 -148.208 -81.6698
1500000 545.65 2873.59 643.606 -57.4735 217.03 -255.565
1510000 593.74 2771.45 1062.31 151.766 55.9208 -153.131
1520000 703.584 2885.53 851.796 893.665 73.2021 -249.435
1530000 646.072 2871.66 828.221 963.054 -60.3748 -481.912
1540000 474.484 2980.24 1031.35 1447.66 163.795 -189.67
1550000 457.898 2871.58 929.322 1811.87 84.8591 -342.818
1560000 683.618 2768.01 629.442 2312.63 -7.95628 -288.937
1570000 261.101 2954.7 992.038 2684.17 256.957 -498.488
1580000 658.416 2653.37 827.41 2853.42 -13.6416 -400.765
1590000 695.697 3063.44 764.544 3545.26 111.367 -230.826
1600000 656.995 3178.61 743.54 3588.9 204.126 -471.748
1610000 564.731 2882.1 686.195 3989.98 -103.864 -362.174
1620000 784.904 2959.14 711.411 4399.3 112.611 -178.573
1630000 632.001 2879.09 750.261 4538.95 36.9288 -467.4
1640000 759.472 3030.41 685.28 4791.98 -109.825 -187.268
1650000 661.827 2867.28 854.976 4913.68 35.4146 -303.668
1660000 649.857 3055.77 944.942 5356.89 -146.697 -543.504
1670000 527.059 3294.15 566.848 5569.67 -9.8709 -495.718
1680000 639.394 2933.4 1036.74 5644.85 -185.809 -197.586
1690000 680.511 3211.69 906.578 5928.46 119.163 -384.538
1700000 876.21 2956.91 811.226 5950.9 -124.796 -412.017
1710000 681.389 3155.04 682.627 6090.4 -75.8451 -333.095
1720000 383.874 3144.35 855.674 6257.63 -115.413 -229.133
1730000 752.05 2977.79 1014.27 6332.58 -87.2808 -277.802
1740000 673.351 3051.65 820.661 6213.16 -11.7707 -532.74
1750000 702.275 2807.38 912.967 6511.79 75.5854 -343.131
1760000 817.389 3041.03 777.446 6265.57 -18.5659 -620.474
1770000 488.589 3124.64 799.695 6172.6 111.694 -542.588
1780000 359.164 3322.31 782.649 6355.49 118.038 -404.329
1790000 456.708 3327.63 857.522 6177.24 -17.4681 -484.728
1800000 811.368 2995.35 997.753 5977.13 278.927 -446.573
1810000 468.196 3115.69 783.705 5943.52 181.844 -379.378
1820000 850.32 3161.95 746.693 5711.75 -109.798 -245.11
1830000 565.204 2930.62 942.505 5734.04 -87.3144 -184.702
1840000 660.154 3095.67 701.627 5411.23 4.94777 -375.417
1850000 660.108 3147.36 771.975 5064.18 46.8423 -240.483
1860000 641.16 2965.84 865.631 4920.42 -34.4847 -349.703
1870000 495.286 2989.53 881.602 4641.58 -89.7478 -326.335
1880000 605.336 3100.55 843.202 4260.59 18.4747 -373.442
1890000 705.431 3191.77 773.765 4136.29 7.51299 -281.222
1900000 617.205 3147.6 660.526 3703.7 -103.935 -197.951
1910000 471.513 2788.71 849.667 3324.55 53.7574 -408.548
1920000 583.961 3031.11 881.195 3117.67 -126.089 -354.461
1930000 500.405 2824.31 974.714 2661.7 71.1492 -445.55
1940000 522.881 2962.62 876.923 2164.73 -204.872 -405.719
1950000 222.65 3004.33 753.726 1968.57 57.2724 -262.686
1960000 406.232 2873.37 957.002 1500.8 108.337 -340.765
1970000 252.756 2851.19 1061.09 1188.02 -28.8224 -166.373
1980000 608.511 2668.61 799.627 455.14 71.9262 -246.678
1990000 592.184 3088.56 754.447 385.736 -181.591 -234.245
2000000 489.007 2813.98 796.084 -122.639 28.375 -253.747
2010000 400.112 2750.87 932.698 -459.16 96.278 -254.657
2020000 579.528 2879.15 753.135 -843.402 58.6682 -337.415
2030000 668.538 2695.81 768.009 -1388.89 168.267 -272.012
2040000 530.203 2709.32 859.808 -1673.18 103.478 -234.956
2050000 638.391 2657.02 915.759 -2095.22 -59.4743 -193.131
2060000 611.166 2616.45 740.625 -2440.85 25.9967 -16.4701
2070000 540.52 2902.61 871.182 -2980.19 240.833 -272.809
2080000 617.525 2782.15 711.539 -3210.93 -162.22 -363.594
2090000 644.919 2582.16 892.928 -3537.51 -73.2992 -158.829
2100000 659.133 2771.93 708.815 -3775.48 37.322 -147.399
2110000 504.966 2914.35 1003.8 -4264.39 72.9726 -167.415
2120000 633.827 2847.47 825.031 -4644.57 97.1035 -138.348
2130000 568.999 2789.51 903.51 -4802.74 166.591 -194.53
2140000 716.014 2864 950.274 -5297.64 -11.9093 -130.026
2150000 356.634 2864.95 984.773 -5497.24 17.757 -263.595
2160000 597.253 2699.43 1181.59 -5547.65 -46.9275 -252.034
2170000 513.878 2920.85 1024.33 -5979.62 17.1373 -404.423
2180000 704.537 3082.52 804.937 -6022.32 219.899 -266.034
2190000 569.808 2837.67 1018.87 -6014.25 -61.0253 -127.583
2200000 596.978 2879.66 1096.73 -6240.97 108.808 -318.916
2210000 414.442 2933.78 848.151 -6492.44 -154.547 -410.498
2220000 561.803 2912.51 961.492 -6420.39 26.1127 -84.3632
2230000 532.796 2523.45 1191.03 -6479.2 117.338 -188.65
2240000 600.037 2715.21 954.948 -6542.91 98.147 -89.7139
2250000 790.681 2667.99 870.462 -6487.24 -32.9112 177.845
2260000 464.535 2793.81 1239.12 -6784.5 70.0921 -108.675
2270000 515.867 2861.59 827.02 -6599.49 -134.67 -16.5831
2280000 636.472 2577.22 1213.62 -6481.32 -0.143081 -189.594
2290000 522.151 2681.52 762.048 -6503.94 -44.0303 -258.472
2300000 737.357 2675.63 1094.53 -6220.41 74.2296 -152.773
2310000 570.269 2835.91 1164.4 -6037.41 215.262 -188.45
2320000 794.928 2781.83 1024.03 -6146.11 213.428 -189.485
2330000 630.891 2859.92 825.153 -5620.68 -151.976 -17.1178
2340000 771.652 2724.44 1171.08 -5598.72 51.3885 -175.583
2350000 573.399 2661.33 983.368 -5329.38 -124.517 -249.772
2360000 563.501 2829.75 855.471 -5101.2 110.416 -77.6755
2370000 659.485 2785.35 964.64 -4777.4 50.2334 -13.7398
2380000 637.295 2862.17 804.179 -4498.07 -0.460462 -88.5832
2390000 690.563 2888.16 943.472 -4340.23 -11.1602 -232.373
2400000 700.874 2608.7 719.032 -3947.39 150.16 -72.9714
2410000 607.788 2797.56 833.095 -3478.75 -37.7455 -323.746
2420000 284.453 2637.34 1077.06 -3331.26 129.444 -266.687
2430000 654.365 2693.44 906.172 -2755.71 -45.7611 -230.659
2440000 526.087 2684.87 902.25 -2618.92 -137.699 -274.903
2450000 402.953 2832.08 922.661 -2224.26 118.709 -203.528
2460000 535.875 2648.42 979.747 -1704.34 -13.0058 -319.853
2470000 401.881 2930.5 456.106 -1449.54 86.7993 -253.429
2480000 345.341 3167.98 849.769 -939.465 -222.959 -171.097
2490000 639.547 2685.07 983.428 -321.02 112.36 -152.412
2500000 486.685 2840.29 738.862 -121.709 124.956 -222.711
2510000 824.669 2776.54 802.62 82.0972 -118.946 -364.032
2520000 730.277 2735.26 817.303 772.543 5.07885 -245.306
2530000 515.263 2699.81 897.388 1047.83 44.1394 -67.7673
2540000 406.825 2911.69 747.543 1446.44 -117.441 -375.612
2550000 710.622 2965.71 795.864 1727.29 -7.26799 -459.726
2560000 523.493 2947.64 882.726 2409.45 -80.7791 -163.032
2570000 618.759 2845.1 763.054 2707.52 -75.8314 -506.057
2580000 878.053 2850.96 698.323 3067.62 -108.919 -303.793
2590000 475.512 2663.7 812.013 3388.17 -96.6209 -262.409
2600000 638.438 3198.57 505.908 3662.03 -118.085 -348.38
2610000 639.014 2910.86 724.961 4033.44 -0.70132 -190.507
2620000 466.527 3010.35 936.817 4322.88 -107.246 -358.963
2630000 621.722 2881.02 988.183 4401.45 -16.5853 -488.873
2640000 654.826 3049.87 794.712 4963.02 13.8398 -451.057
2650000 716.802 2947.94 704.452 5010.12 32.1362 -453.347
2660000 903.032 3069.72 936.943 5217.15 76.0212 -322.73
2670000 625.334 3263.84 689.687 5589.09 -124.067 -480.968
2680000 653.851 2961.53 877.146 5838.42 -48.8819 -289.883
2690000 685.119 3106.52 959.612 6054.38 193.553 -208.869
2700000 512.766 2971.36 661.97 5768.4 -76.4577 -342.986
2710000 380.573 3092.74 974.136 6062.58 171.055 -386.715
2720000 633.873 3282.49 708.399 6191.52 -134.36 -468.462
2730000 609.114 3151.43 861.179 6172.64 125.304 -350.946
2740000 847.739 3127.6 1007.81 6350.92 68.8982 -367.338
2750000 859.576 2902.03 681.751 6378.87 188.384 -504.962
2760000 493.05 3103.27 799.884 6257.99 -35.6519 -438.589
2770000 459.407 3429.17 635.443 6253.52 -24.5462 -310.744
2780000 504.162 3293.26 872.043 6193.93 185.936 -404.083
2790000 684.018 2841.41 844.672 6115.32 41.8513 -239.741
2800000 451.876 3136.45 862.643 5966.75 57.8787 -439.834
2810000 719.782 3147.67 915.829 5881.86 62.7948 -537.458
2820000 846.431 2760.37 883.194 5705.93 186.36 -401.661
2830000 430.235 3000.13 660.438 5468.21 35.7678 -235.895
2840000 634.468 3193.15 994.673 5521.98 36.4665 -295.695
2850000 533.611 2956.46 847.681 5231.03 -146.524 -523.757
2860000 389.655 3059.1 816.14 4942.48 32.8141 -250.96
2870000 601.014 3152.98 770.593 4440.53 -155.164 -350.35
2880000 649.632 3120.45 737.964 4267.06 184.156 -101.667
2890000 479.185 3088.23 804.459 3946.19 -0.404169 -281.184
2900000 573.071 3203.69 758.636 3727.91 -0.397838 -425.292
2910000 458.614 3032.5 783.325 3360 144.978 -227.237
2920000 350.407 3036.05 614.471 2831.93 -53.5503 -419.534
2930000 756.697 2791.78 774.171 2673.97 63.5848 -284.616
2940000 703.506 3055.74 745.777 2132.56 -30.376 -188.161
2950000 450.131 3035.49 506.815 1980.18 158.517 -106.711
2960000 489.603 3070.66 1079.15 1447.24 -16.751 -343.893
2970000 398.974 2837.6 690.019 1220.07 141.507 -233.945
2980000 329.829 2741.91 1050.34 797.105 -138.776 -27.864
2990000 765.242 2798.4 1041.45 350.997 122.572 -148.251
3000000 437.157 2754.35 905.095 -151.975 179.623 -172.405
3010000 733.797 2750.86 594.904 -477.319 91.0751 -297.163
3020000 543.962 2700.82 955.115 -945.373 77.1273 -203.991
3030000 411.128 2798.57 904.982 -1201.31 21.6821 -183.377
3040000 465.431 2690.57 865.104 -1711.19 69.0871 -69.7305
3050000 546.826 2675.66 914.323 -2163 -31.194 -413.042
3060000 411.53 2661.22 945.295 -2516.38 33.5265 -250.362
3070000 477.909 2691.13 1089.38 -2766.54 12.0234 -311.842
3080000 505.154 2808.67 842.612 -3257.75 70.7017 -204.207
3090000 382.036 2793.22 932.699 -3643.89 -93.802 -267.53
3100000 405.371 3075.42 825.142 -3975.64 -98.3924 -242.59
3110000 278.433 2808.31 972.366 -4304.68 24.105 -298.535
3120000 379.892 2845.84 809.99 -4416.22 131.715 -124.409
3130000 628.493 2598.38 924.833 -4911.79 91.1814 -215.337
3140000 588.289 3031.13 1041.18 -5088.64 -100.049 -309.196
3150000 545.514 2716.02 941.162 -5548.62 -47.1984 -230.526
3160000 483.326 2740.23 976.459 -5457.71 49.7676 -283.301
3170000 592.271 2795.92 1144.78 -5885.07 -25.0298 -27.295
3180000 643.353 2936.22 1002.81 -6112.63 -5.29131 -108.927
3190000 411.781 2922.88 1168.7 -6060.69 90.1885 -101.533
3200000 763.801 2686.27 878.954 -6254.79 60.7968 -63.1859
3210000 731.052 2765.85 845.914 -6565.26 -14.3941 -195.713
3220000 500.316 2715.83 1059.69 -6488.78 114.704 -245.642
3230000 583.199 2782.7 1056.03 -6702.93 76.5417 -172.121
3240000 777.887 2693.02 802.119 -6650.48 -118.932 -165.379
3250000 600.655 2703.41 770.425 -6612.41 11.5931 -254.122
3260000 837.236 2618.27 950.878 -6654.94 -48.4422 -141.802
3270000 835.267 2853.32 797.948 -6650.18 -49.9981 -61.3844
3280000 426.958 2809.38 1092.79 -6630.73 -23.9396 -114.418
3290000 657.998 2761.99 995.779 -6298.51 207.41 -90.5772
3300000 874.054 2665.65 1139.62 -6326.52 -82.4255 71.645
3310000 552.481 2402.05 1001.02 -6186.1 30.7287 -166.046
3320000 504.875 2904.77 923.907 -5989.4 -100.644 -58.1002
3330000 398.876 2579.85 1042.85 -5822.58 -107.735 -167.74
3340000 628.633 2753.21 846.919 -5521.15 -91.1263 -139.926
3350000 564.594 2667.83 1044.39 -5314.48 -66.9205 -99.6527
3360000 583.92 2948.67 1092.79 -5235.84 42.2857 -101.893
3370000 292.337 2706.3 1150.44 -4719.48 116 -139.435
3380000 519.207 2609.18 1080.07 -4669.75 -1.92077 -245.323
3390000 868.52 2809.41 866.262 -4315.99 -27.5863 -415.855
3400000 475.244 2670.16 918.515 -4014.82 28.167 -143.969
3410000 357.012 2830.76 1222.46 -3700.65 54.8454 -244.928
3420000 528.093 2605.79 886.697 -3273.01 56.3446 -158.133
3430000 516.21 2603.03 959.656 -2935.88 -121.647 -143.165
3440000 452.091 2740.45 654.945 -2400.72 -84.0495 59.303
3450000 486.203 2646.74 733.83 -2178.68 -228.166 -282.652
3460000 566.203 2691.72 790.254 -1653.05 -1.84025 -135.474
3470000 693.062 2738.06 852.357 -1219.67 -93.6954 -214.708
3480000 453.381 2911.18 794.246 -1220.75 130.126 -347.172
3490000 350.6 2855.32 1114.63 -785.438 70.6263 -285.128
3500000 343.377 2847.81 682.396 -4.56679 -6.74776 -157.123
3510000 810.151 2727.83 794.593 310.563 44.3004 -231.81
3520000 775.769 2881.21 845.048 618.085 170.795 -215.105
3530000 718.533 2828.29 909.113 1109.44 -32.0031 -85.1381
3540000 435.524 2753.5 946.959 1561.47 -95.5889 -328.673
3550000 554.354 2952.89 823.017 1751.24 96.3954 -412.079
3560000 610.926 2885.94 761.271 2099.16 -1.66334 -200.453
3570000 463.113 2851.99 633.629 2632.42 7.67801 -248.655
3580000 528.097 3147.66 564.85 2926.83 -53.3587 -492.7
3590000 480.965 2940.66 864.208 3597.03 170.674 -421.556
3600000 695.952 2937.47 781.651 3698.86 -146.795 -286.302
3610000 528.841 3069.66 1087.74 3947.85 -24.592 -336.043
3620000 384.263 3108.77 919.912 4287.34 -17.0288 -295.166
3630000 518.19 3012.29 861.319 4818.7 148.977 -220.84
3640000 583.979 3184.14 769.989 4762.26 -117.036 -528.653
3650000 458.668 3154.4 789.684 5111.04 58.4966 -400.908
3660000 492.756 3144.82 840.202 5352.7 51.7454 -313.952
3670000 487.735 3209.96 829.06 5559.13 -13.2092 -272.67
3680000 372.731 2961.3 939.47 5759.31 5.84203 -122.471
3690000 592.731 2873.63 911.032 5788.78 -35.9683 -428.301
3700000 592.582 3019.7 796.606 6035.3 65.0803 -450.901
3710000 662.081 3238.9 935.508 6287.3 -184.713 -329.087
3720000 288.93 2984.58 1057.4 6240.94 -217.02 -321.616
3730000 551.386 3224.42 886.537 6317.33 60.9031 -346.619
3740000 454.211 3414.18 848.101 6206.82 97.1224 -372.912
3750000 452.816 3031.4 873.429 6372.72 12.1398 -351.434
3760000 776.169 3065.75 939.905 6482.46 3.00442 -409.742
3770000 602.789 2977.81 911.75 6229.75 -31.7346 -348.581
3780000 937.279 3032.12 921.727 6189.42 24.2442 -367.245
3790000 891.882 3143.79 1000.23 6123.6 -162.831 -448.21
3800000 604.606 2873.4 700.08 6063.25 57.4163 -450.654
3810000 579.801 2946.95 814.238 5802.93 -21.5482 -210.634
3820000 399.942 3128.12 887.507 5769.04 -11.7048 -394.059
3830000 408.957 3178.5 929.876 5572.78 -176.398 -514.398
3840000 662.811 2908.08 762.508 5269.7 -42.8749 -422.758
3850000 787.108 3190.28 735.49 5138.65 -108.14 -383.771
3860000 618.216 2883.69 962.649 4783.01 30.2793 -558.366
3870000 463.338 3203.79 582.874 4517.19 19.1268 -163.672
3880000 573.803 2999.22 808.789 4292.35 -18.5415 -540.84
3890000 488.777 2803.57 633.842 3882.98 136.543 -332.106
3900000 818.176 2972.14 815.638 3781.05 -47.5071 -371.51
3910000 791.427 2867.03 724.541 3274.45 168.31 -129.784
3920000 578.046 2694.43 637.343 3085.5 74.9161 -389.969
3930000 688.576 2709.46 704.024 2598.55 106.344 -483.313
3940000 451.416 2736.78 818.669 2261.07 34.7612 -175.121
3950000 451.34 2787.97 995.39 1919.68 248.471 -188.019
3960000 585.876 2938.89 609.902 1392.3 12.5973 -376.352
3970000 542.879 2620.7 788.751 1043.45 -71.063 -171.921
3980000 652.132 2629.79 997.5 577.961 13.9763 -274.303
3990000 591.792 2950.39 614.51 228.135 11.3767 -338.147
4000000 437.827 2849.37 972.259 -18.2558 56.6719 -13.3167
4010000 684.687 2769.25 752.884 -521.805 37.505 -193.175
4020000 333.452 3010.03 747.076 -899.157 -56.631 -194.85
4030000 704.154 2803.38 647.732 -1497.42 7.174 -396.134
4040000 582.841 2860.35 615.115 -1665.18 165.439 -253.679
4050000 383.863 2866.02 1100.51 -2060.07 -9.45037 -251.099
4060000 620.393 2733.96 1049.34 -2435.68 167.502 -148.193
4070000 754.015 2544.79 1049.31 -2945.79 26.1198 -143.727
4080000 956.903 2619.4 784.118 -3378.77 -135.854 -225.238
4090000 476.284 2499.78 816.252 -3529.11 80.2446 -158.323
4100000 524.464 2736.5 821.575 -4057.37 182.857 -208.064
4110000 304.14 2913.15 934.297 -4281.11 157.174 -25.1344
4120000 613.399 2887.56 716.619 -4623.88 95.5225 -136.91
4130000 650.084 2790.6 725.055 -4769.4 74.6836 -339.994
4140000 438.551 2879.75 1065.59 -5337.91 8.68562 -139.484
4150000 681.464 2832.76 680.958 -5494.35 1.94715 -182.512
4160000 923.814 2827.94 968.987 -5501.09 64.3827 -224.894
4170000 712.825 2808.81 724.347 -5896.72 49.4439 -187.483
4180000 642.21 2898.82 1159.66 -6065.77 43.6281 -29.3629
4190000 763.935 2850.58 753.069 -6234.53 27.2153 -228.998
4200000 647.325 2650.95 963.128 -6320.97 81.1985 -284.387
4210000 330.133 2798.69 1033.44 -6500.41 12.607 -5.93243
4220000 765.408 2613.61 883.576 -6355.91 -136.733 -144.823
4230000 753.686 2698.94 755.157 -6646.42 10.2648 -405.892
4240000 481.834 2947.54 1018.65 -6698.8 11.1997 -187.945
4250000 582.24 2851.5 907.566 -6820.05 -106.003 -158.244
4260000 547.81 2781.95 1067.05 -6521.57 60.6059 -177.671
4270000 602.339 2962.54 1104.99 -6604.77 -98.5569 -231.571
4280000 562.454 2798.78 943.522 -6582.77 106.242 -8.69436
4290000 591.199 2957.32 797.684 -6475.01 58.1792 -159.213
4300000 816.834 2774.51 972.134 -6300.39 184.923 -168.4
4310000 738.308 2635.82 701.88 -6186.23 121.354 -225.814
4320000 428.471 2877.59 927.229 -5991.02 62.1931 -49.2764
4330000 534.93 2892.2 980.742 -5923.31 94.7611 -153.899
4340000 529.107 2839 1002.59 -5678 113.57 -143.517
4350000 793.118 2694.73 1027.26 -5220.94 94.6113 -178.717
4360000 411.494 2710.11 834.117 -5132.34 40.5172 -218.616
4370000 584.071 2761.59 980.572 -4960.81 219.47 -218.55
4380000 703.032 2604.98 1045.25 -4619.39 55.2201 -203.852
4390000 438.766 2607.98 1084.91 -4222.31 29.9508 -261.961
4400000 522.955 2779.31 760.388 -3922.09 153.744 -184.081
4410000 646.455 2788.45 747.3 -3573.5 17.6342 -160.777
4420000 505.229 2748.42 774.877 -3269.57 -261.936 -191.218
4430000 580.632 2817.53 732.884 -2816.39 249.606 -267.433
4440000 583.623 2913.32 670.226 -2564.79 102.364 -189.763
4450000 487.128 2842.56 759.105 -2217.77 -133.171 -206.287
4460000 648.373 2990.16 597.156 -2031.91 -31.8684 -231.744
4470000 627.864 2846.59 567.208 -1238.29 -172.415 -286.901
4480000 729.809 2825.94 725.591 -944.743 -87.8056 -186.118
4490000 440.338 2830.71 691.816 -623.36 63.4946 -20.3959
4500000 325.778 2903.37 742.796 88.4062 13.9823 -209.879
4510000 138.167 3012.49 746.245 158.776 57.8999 -214.185
4520000 494.383 2931.04 526.513 637.796 132.054 -327.405
4530000 684.983 2970.91 633.526 1035.96 74.8432 -239.143
4540000 414.667 2834.95 1024.05 1626.72 78.7869 -238.666
4550000 688.769 2799.91 855.967 1869.08 21.37 -96.944
4560000 473.864 3006.99 805.094 2451.15 64.0914 -294.154
4570000 653.518 3028.44 522.548 2651.91 58.4125 -138.752
4580000 782.994 3105.97 440.504 2845.42 -113.719 -385.591
4590000 623.423 2888.64 750.838 3253.25 78.9252 -591.334
4600000 332.701 2869.64 948.688 3747.34 -44.5819 -236.111
4610000 373.972 3130.7 679.618 3875.38 13.2059 -509.52
4620000 892.42 2909.78 754.055 4424.28 48.3145 -199.974
4630000 531.127 2872.65 813.098 4539.75 -35.2053 -187.578
4640000 662.883 3066.26 709.667 4861.8 -119.489 -575.19
4650000 455.63 3119.75 765.257 5137.38 -20.5318 -288.762
4660000 610.062 2952.67 794.686 5339.68 100.306 -302.293
4670000 685.816 2974.77 862.728 5665.29 -10.6061 -371.509
4680000 518.247 2912.64 908.667 5533.67 158.125 -251.842
4690000 832.245 2890.32 908.956 5674.06 -22.9554 -360.715
4700000 547.192 3362.03 838.124 5907.16 9.42915 -385.953
4710000 528.124 3242.78 918.285 6090.53 64.8632 -211.321
4720000 477.065 3150.88 1045.85 6243.81 67.6811 -351.001
4730000 996.726 2941.2 836.069 6271.5 25.2907 -428.209
4740000 594.169 2889.53 940.087 6493.86 125.483 -414.504
4750000 428.812 3204.34 711.901 6286.93 -167.747 -463.927
4760000 675.642 3155.44 644.505 6288.88 9.05645 -419.378
4770000 518.186 3232.12 754.978 6190.56 -10.0697 -402.347
4780000 770.35 2964.01 989.089 6171.36 80.8522 -566.805
4790000 649.873 3333.59 713.164 6322.7 7.54934 -349.303
4800000 548.427 3165.17 783.116 6212.8 27.9106 -294.269
4810000 490.965 3257.63 996.894 5928.52 11.239 -416.188
4820000 572.97 3151.38 716.745 5818.54 -29.2496 -557.101
4830000 892.595 2731.21 1001.51 5596.2 155.093 -397.561
4840000 508.815 3250.24 831.488 5256.98 -13.2818 -225.138
4850000 654.255 2998.59 559.965 5000.75 160.02 -453.63
4860000 675.851 3383.44 497.7 4701.21 -56.2812 -344.819
4870000 665.136 2904.04 802.012 4634.39 61.0321 -397.004
4880000 629.313 2878.82 806.419 4271.86 -121.893 -399.506
4890000 401.427 3084.39 701.707 3968.71 212.329 -373.876
4900000 550.755 2932.08 696.906 3699.95 127.791 -426.994
4910000 719.967 2978.21 549.217 3216.03 -141.04 -216.018
4920000 256.205 2901.69 774.724 3106.6 88.8429 -243.45
4930000 339.489 2932.16 968.15 2809.99 86.3083 -164.791
4940000 604.094 3112.04 884.308 2220.3 108.232 -261.466
4950000 666.402 2924.92 831.577 1873.57 -97.5843 -399.469
4960000 368.494 3020.9 822.639 1442.27 -107.137 -228.796
4970000 614.457 2576.36 896.209 968.979 -33.1734 -186.781
4980000 404.18 2820.12 822.847 725.54 110.08 -439.695
4990000 476.201 2647.63 921.427 267.475 30.1412 -286.601
5000000 531.53 2763.69 682.071 -208.924 41.3679 -439.244
