# Time-averaged data for fix ps1
# TimeStep c_thermo_press[1] c_thermo_press[2] c_thermo_press[3] c_thermo_press[4] c_thermo_press[5] c_thermo_press[6]
10000 5851.68 6072.52 5191.66 -1214.09 -690.537 -409.276
20000 5600.07 6092.95 4909.37 -1110.36 -564.745 -893.958
30000 5854.74 6030.21 5272.64 -1452.41 -811.754 -1296.13
40000 5915.46 5756.6 5523.89 -1255.42 -195.123 -167.614
50000 6020.99 5847 5393.68 -779.372 -614.075 -845.522
60000 5967.79 6134.49 5406.68 -1062.52 -109.386 -123.122
70000 6361.03 5888.29 4871.34 -1151.78 -253.446 -160.739
80000 5970.72 6094.72 5196.4 -1837.74 -35.3011 -135.885
90000 5919.1 6018.47 5567.71 -1981.41 -58.8499 -534.664
100000 5587.96 6023.8 5739.05 -2204 -389.406 -289.506
110000 6310.4 6280.7 5203.48 -1423.84 105.906 113.02
120000 5714.5 5975.79 5637.68 -2656.78 302.241 -326.12
130000 6521.19 5856.7 5376.49 -2241.1 183.711 -194.205
140000 6725.41 6003.75 5420.02 -2506.88 27.821 -248.53
150000 5489.37 6714.17 5752.13 -3091.96 617.105 -310.21
160000 5441.93 6357.6 5788.89 -3023.18 -23.8919 -559.86
170000 6731.03 6610.57 6194.79 -3583.97 241.05 -608.138
180000 6551.93 6545.54 5725.86 -3096.89 -67.2279 -748.353
190000 6673.58 6059.25 5725.7 -3631.61 204.206 -602.132
200000 6365.28 6324.38 5018.42 -3228.36 0.228372 -553.666
210000 6589.89 6279.69 5491.63 -3566.51 391.971 -532.869
220000 6879.21 6482.77 5188.04 -3245.98 253.6 -504.483
230000 6289.5 6130.87 5867.63 -3222.32 120.423 -574.5
240000 6611.25 6323.64 5444.39 -3183.72 498.78 -668.172
250000 7047.28 6531.24 5148.29 -3224.16 -24.5219 -251.715
260000 6879.43 6379.85 4950.8 -3012.88 638.577 -837.181
270000 6694.05 5687.25 5424.09 -3071.5 820.903 -1101.27
280000 6642.41 6852.68 5159.26 -2720.11 636.665 -809.682
290000 6653.09 6173.4 5891.38 -2644.13 794.504 -679.827
300000 6599.52 6437.72 5213.61 -2748.96 827.128 -271.688
310000 6436.65 6089.28 6098.19 -2412.1 252.483 -564.67
320000 5845.5 6183.19 5602.06 -2161.89 807.705 -773.466
330000 5946.21 6237.89 5944.04 -1946.79 38.2219 -941.822
340000 6350.35 6411.44 5641.05 -2665.12 327.533 -463.399
350000 6187.66 6609.4 5332.84 -2402.3 344.468 -869.116
360000 6509.1 6091.9 5875.3 -2243.19 19.2283 -819.066
370000 6476.45 6505.06 5900.19 -1699.1 -334.075 -450.791
380000 6643.91 6462.21 5460 -1089.52 40.0273 -106.495
390000 6717.45 5966.01 5310.05 -1151.36 389.256 -500.65
400000 5980 5984.54 6624.11 -1472.39 -482.955 -663.235
410000 6422.15 5831.13 6664.58 -881.288 155.169 -777.924
420000 5973.41 6242.53 6403.85 -967.709 270.033 -280.436
430000 5923.88 6075.85 5746.45 -612.706 294.1 -481.399
440000 6323.88 6193.46 5566.98 -445.476 21.975 -360.882
450000 6100.75 6577.61 6005.68 -455.557 -289.749 -489.278
460000 6192.31 6221.54 6264.78 310.557 -178.764 -963.8
470000 6661.14 6707.82 5510.23 646.63 -59.5064 -634.195
480000 6293.48 6344.39 5919.66 530.838 -38.3971 -882.09
490000 6380.42 6646.89 5681.4 1171.7 -12.0449 -322.286
500000 5507.04 6466.82 6570.89 1169.06 446.165 117.927
510000 5795.43 6909.01 6407.13 1484.88 -17.5103 -332.056
520000 5670.16 6565.41 5696.3 1754.94 -9.14951 -590.778
530000 5587.38 5963.46 7088.8 2578.38 317.426 -640.374
540000 5193.99 6502.84 7088.25 2174.92 -240.176 -404.195
550000 5488.98 6379.63 6819.21 2261 537.699 -480.683
560000 5976.57 7012.33 6070.66 2708.17 422.424 -1088.26
570000 5538.22 6036.54 6764.69 2384.08 -418.58 -732.44
580000 5876.31 7275.32 6413.2 2066.56 -648.156 -708.473
590000 5432.23 6965.98 6112.65 2580.52 -539.692 -258.404
600000 6135.55 6852.26 6709.57 2550.2 -585.9 -50.8841
610000 5428.56 6708.74 6594.07 2928.27 20.8095 -628.327
620000 5445.56 6735.42 7304.01 2378.67 -709.328 -252.05
630000 5498.45 6860.37 6792.07 2904.16 -541.52 -835.088
640000 5039.74 6447.93 6571.2 2957.74 -59.1811 -703.986
650000 4983.18 6541.55 6346.09 2669.06 -155.074 -911.807
660000 5186.05 6973.55 6523.11 2762.65 -552.475 -745.172
670000 5213.81 7839.87 5894.1 3302.44 -558.754 -618.522
680000 4425.82 6991.16 6903.27 2538.08 -526.566 -785.783
690000 4661.32 7042.4 6987.66 2600.07 -628.324 -27.7423
700000 4865.47 6627.23 6498.15 2552.07 -890.758 -343.371
710000 4657.76 6956.06 6771.15 1854.73 -691.311 -252.533
720000 5582.05 6865.75 6722.86 2307.16 -1133.22 -78.2183
730000 4977.65 7461.15 6755.95 2292.07 -528.316 -223.892
740000 5000.71 6742.93 6991 2693.8 -68.3423 -138.962
750000 5287.07 7111.42 6135.37 3267.21 -284.176 76.2227
760000 5122.23 7401.43 6519.7 2942.55 -750.288 9.46018
770000 5807.06 7237.61 6695.9 3167.69 -542.031 -104.955
780000 4415.49 7616.45 7029.67 2651.42 -835.463 -41.6651
790000 5418.61 7305.65 7128.58 2543.73 -156.318 -559.311
800000 5847.46 6362.18 6634.61 2453.16 48.5976 -124.545
810000 5318.59 7000.81 6917.73 2745.41 -281.039 -74.4828
820000 5144.52 7046.29 7098.66 2727.68 -237.797 -265.998
830000 5462.13 7053.73 7033.66 1590.24 -1093.82 546.274
840000 5603.78 6983.69 6305.46 1274.41 -714.231 463.699
850000 5865.88 6888.81 7084.35 1763.73 -1268.97 -269.636
860000 5512.6 7012.69 6573.05 1875.97 -1536.09 -339.868
870000 5704.32 6734.33 6612.26 1837.24 -1512.5 253.919
880000 6325.94 6197.82 6194.07 1747.01 -1151.79 275.93
890000 5449.44 6694.62 6721.14 777.652 -926.075 5.76802
900000 4998.67 6286.84 7398.02 1782.61 -1272.88 -116.626
910000 5355.09 6742.02 6656.3 842.02 -1056.48 -46.4681
920000 6629.19 6582.24 6242.84 227.465 -649.157 224.576
930000 5922 6822.77 6151.31 534.268 -773.257 -161.104
940000 5454.65 6334.99 6773.55 175.804 -808.816 -527.713
950000 5378.78 6719.02 6145.11 71.6609 -672.488 -198.752
960000 5770.25 6585.1 6279.7 -598.607 -432.789 149.37
970000 6510 6722.25 5744.5 -297.452 -192.139 154.048
980000 6217.36 7231.26 5538.8 -246.501 -675.625 67.3284
990000 5824.47 6993.07 5560.23 -111.682 -746.409 -69.0506
1000000 6047.52 7090.31 5535.01 -1309.51 -511.32 -118.992
1010000 5963.55 6648.51 6216.98 -1516.51 -718.036 446.994
1020000 5979.07 6678.96 6341.75 -1564.75 -213.89 572.462
1030000 5309.88 7899.4 5784.8 -1489.65 721.231 505.509
1040000 5995.79 6975.76 5653.18 -1900.14 -514.006 372.227
1050000 5799.54 6375.9 5743.99 -2067.43 118.754 560.587
1060000 5601.67 6992.13 5532.9 -1775.7 27.1431 -9.7351
1070000 5339.03 7323.79 5743.95 -2268.05 -613.202 255.997
1080000 5443.53 7171.69 6112.49 -2305.22 -31.5002 771.525
1090000 5682.83 6667.29 6494.94 -2834.21 155.641 574.823
1100000 6223.5 6702.2 6099.36 -2817.51 548.378 835.748
1110000 5867.01 6667.5 6298.51 -3343 -163.872 678.347
1120000 6013.36 7769.61 5741.88 -2390.19 -246.459 -19.5685
1130000 5744.34 7566.58 5985.77 -2962.46 338.901 -180.707
1140000 5660.68 7119.84 5717.24 -3163.8 -152.937 223.25
1150000 5610.99 7831.51 5511.53 -3079.15 625.19 -595.316
1160000 5830.11 8063.82 5201.3 -2820.46 569.24 -328.647
1170000 5860.95 7689.53 4945.7 -3043.61 -581.7 241.874
1180000 4998.15 7049.01 6459.66 -3291.43 121.091 264.365
1190000 5386.8 7412.5 5108.91 -3297.5 0.622381 -389.524
1200000 5993.91 7368.24 5552.72 -2380.37 291.744 -188.606
1210000 6542.86 6929.89 5649.16 -2604.81 -14.2492 332.772
1220000 6133.98 7820.8 5835.61 -1633.46 -356.06 -48.5679
1230000 5814.68 7312.79 5958.07 -2349.02 -452.766 661.296
1240000 5522.67 7637.04 6157.59 -1887.1 91.9858 -172.637
1250000 5293.87 7825.11 5256.58 -2789.3 -11.7587 -182.316
1260000 5297.51 7490.76 5488.09 -1628.19 -596.175 -858.092
1270000 4980.53 7272.62 6168.59 -1807.19 -388.832 -679.885
1280000 5352.39 6980.68 6559.68 -2071.23 301.545 -436.721
1290000 5356.96 7050.71 5686.25 -1720.27 165.03 -892.932
1300000 5647.66 6046.77 5761.92 -1578.53 -160.475 -913.875
1310000 5779 6861.7 5329 -991.259 729.403 -394.334
1320000 5848.82 7199.87 5425.94 -711.205 369.552 -684.959
1330000 5307.7 7128.26 5434.62 -865.111 212.19 -1007.22
1340000 4768.6 7286.36 5313.18 -1328.63 730.416 -822.538
1350000 5694.08 7138.23 4954.33 -1663.97 196.129 -733.497
1360000 5560.97 7121.02 5757.3 -348.861 -210.306 -844.195
1370000 6030.82 7049.72 4685.63 -879.997 -217.306 -378.897
1380000 5910.93 6114.49 6491.63 -48.9881 10.3332 -396.003
1390000 5777.35 7081.21 6096.18 80.0182 -384.24 363.288
1400000 5948.83 6944.07 5886.04 471.692 62.1032 244.387
1410000 6028.66 6583.19 5715.74 328.202 -122.289 13.8492
1420000 5700.58 6934.26 5989.3 938.742 -445.707 -183.109
1430000 5312.85 7473.41 5517.1 1117.77 -16.6271 0.0118875
1440000 5327.12 7548 5552.54 1051.19 208.615 -136.428
1450000 5280.44 7708.67 5530.26 933.293 280.885 113.205
1460000 5524.39 7297.54 5214.41 1647.58 -638.921 -508.004
1470000 5908.63 7921.03 4913.69 1501.49 322.47 -418.634
1480000 6624.79 6995.57 5316.75 1209.14 -318.765 -457.781
1490000 5557.5 7566.1 5464.56 1306.08 644.526 -347.737
1500000 6594.7 6973.02 5021.1 1703.69 178.167 -373.232
1510000 6102.25 6687.42 6189.35 2031.88 257.544 -144.474
1520000 5855.1 6713.35 5602.85 2283.07 521.935 221.174
1530000 5630.39 6491.67 5635.49 2515.63 284.147 -242.691
1540000 5782.99 6927.43 6015.12 2638.45 554.642 -533.676
1550000 4925.21 7129.55 5813.35 2551.78 534.517 -925.698
1560000 5351 6615.79 6018.28 2160.59 890.058 -709.887
1570000 5836.97 6349.4 6066.62 2683.71 737.263 -435.139
1580000 5849.26 6389.66 6182.14 3253.04 789.686 -980.249
1590000 6370.21 6354.47 6030.42 2994.16 802.895 -1152.85
1600000 5713.4 6059.82 6249.85 3135.57 968.137 -1019.17
1610000 6240.05 6673.51 5823.89 3199.45 210.789 -659.912
1620000 5114.17 6528.61 6113.43 3352.46 1243.57 -578.968
1630000 5157.57 6328.47 6262.49 2891.32 707.125 -1332.09
1640000 5341.08 6519.63 6660.01 3210.83 741.206 -759.562
1650000 6332.16 6562.41 6385.84 3457.17 354.535 -0.888808
1660000 6468.56 6633.01 5861.65 2970.1 898.035 542.065
1670000 6070.07 6841.88 6797.55 3158.75 1606.03 360.788
1680000 6720.15 6453.13 6529.83 2970.02 590.971 325.45
1690000 6965.21 6863.94 5776.98 2891.02 158.577 267.742
1700000 5980.18 7458.56 5868.21 2583.73 538.48 370.82
1710000 6271.78 6924.63 5834.23 2791.18 248.973 132.397
1720000 6617.25 6892.57 6352.12 3296.43 366.59 406.219
1730000 6165.41 7223.98 5667.33 3484.35 901.222 1096.88
1740000 6498.13 6742.82 5690.08 3010.14 402.272 273.607
1750000 6562.47 6726.54 5756.99 2344.75 483.714 35.2049
1760000 6252.19 6957.76 5771.73 2550.66 270.578 -298.384
1770000 6533.03 6788.37 6145.11 2632.41 1252.01 485.829
1780000 7030.96 6102.01 6037.45 2957.71 511.081 796.81
1790000 6969.68 6556.96 5565.16 2556.9 547.443 -9.93205
1800000 6404.52 6854.78 6212.43 1619.3 865.077 89.5886
1810000 6811.91 5945.91 6054.13 2476.55 801.602 200.927
1820000 6519.92 5958.13 5833.21 2391.67 890.776 -565.563
1830000 7280.15 5835.76 6270.93 2089.17 1075.21 -351.343
1840000 7103.53 6582.6 6269.93 1354.81 1181.03 -470.489
1850000 6229.09 6598.17 6503.72 1775.65 713.735 -130.574
1860000 6179.48 6608.19 6538.32 1105.76 796.942 -198.712
1870000 6304.44 6472.77 6458.99 766.141 881.505 -565.758
1880000 6519.02 6078.61 6073.9 693.594 244.882 -430.415
1890000 6933.49 6016.03 6103.24 732.599 309.584 -419.259
1900000 6376.24 7047.16 6209.36 728.934 356.015 -22.2095
1910000 6155.05 6390.52 6272.51 890.424 322.962 -560.271
1920000 6445.38 6742.38 5971.17 134.191 -15.5497 21.946
1930000 6025.67 6472.72 6257.98 540.126 42.7972 249.591
1940000 5685.25 6794.23 7040.36 515.751 533.445 139.454
1950000 6213.25 6821.24 6006.15 422.047 955.898 813.763
1960000 5984.34 7456.73 5758.82 46.0833 542.423 111.118
1970000 6102.37 6522.92 6131.01 379.847 836.279 80.1448
1980000 6045.95 6826.6 5345.19 -460.803 751.802 349.33
1990000 5467.19 7202.01 5332.09 -800.59 866.088 428.143
2000000 5595.63 7303.18 4795.21 -923.188 1194.41 515.748
2010000 5794.25 6709.29 5746.04 -472.246 587.966 642.652
2020000 6340.13 7088.32 4851.12 -736.145 687.804 510.2
2030000 5751.58 7140 5615.58 -1054.44 647.643 757.158
2040000 5927.87 7342.32 5194.48 -1704.9 791.767 640.926
2050000 5256.18 6935.46 5821.82 -1745.63 771.786 635.774
2060000 5791.29 6161.93 6269.07 -2028.57 1107 1108.12
2070000 5550.31 6737.44 5762.67 -2025.9 1069.51 361.375
2080000 5797 6319.54 5893.06 -2297.7 1055.12 191.164
2090000 5784.31 6715.43 6077.14 -2649.24 892.997 404.906
2100000 5639.6 7698.16 5465.46 -2569.6 720.464 -156.893
2110000 5674.11 7322.64 6026.69 -2863.44 46.7807 -231.425
2120000 4929.98 7315.38 6045.01 -2538.42 490.379 246.289
2130000 5056.42 6899.77 5975.41 -3253.89 466.346 95.9112
2140000 5637.84 6363.73 6352.01 -2524.99 -62.541 341.163
2150000 5851.34 7531.66 5488.3 -3216.98 -84.6586 66.7767
2160000 6648.1 6278.45 5845.48 -2576.08 -154.817 155.218
2170000 5771.85 6814.06 5757.69 -2407.77 -721.06 602.344
2180000 6872.5 6212.24 5230.02 -2869.25 -342.038 127.447
2190000 6352.99 7003.52 5903.66 -1805.89 -810.733 315.501
2200000 6670.13 6628.36 6951.11 -1943.95 -452.466 -281.108
2210000 6553.27 6518.69 6577.76 -2632.19 154.487 -221.743
2220000 6846.81 6984.56 6549.54 -1229.95 338.376 -176.259
2230000 5987.83 6737.74 6267.03 -1433.3 561.986 -185.031
2240000 6138.03 6858.26 6773.7 -1321.3 209.793 138.467
2250000 5578.97 7096.02 6595.8 -1694.53 483.033 86.8698
2260000 5671.29 6896.73 5961.13 -1071.38 501.09 -85.3805
2270000 5857.24 6508.15 5618.96 -1032.24 773.06 427.69
2280000 5462.96 6968.56 6689.3 -586.43 1.03065 175.154
2290000 5195.68 7876.51 6456.82 -1263.94 8.82098 112.837
2300000 5507.23 6868.55 5884.57 -1615.8 286.456 -256.066
2310000 6026.05 7097.62 6100.02 -795.313 486.393 325.45
2320000 6382.57 6328.19 6481.92 -875.062 336.874 -669.031
2330000 6355.2 7507.52 5393.37 -926.572 345.798 -133.65
2340000 6047.71 7195.61 5628.34 -1279.29 395.56 -123.157
2350000 6239.87 6287.34 6540.93 -334.79 608.784 -254.682
2360000 6554.94 6284.45 6018.35 -254.489 863.257 -463.903
2370000 6304.01 6693.7 6252.08 1.2784 84.7448 255.767
2380000 6340.18 6964.13 6377.3 -395.25 899.175 54.6152
2390000 5835.59 6519.95 5960.46 208.734 79.591 -91.1407
2400000 6735.17 6679.01 6320.48 283.425 -174.989 346.951
2410000 6679.77 6645.02 5955.47 94.6333 504.332 202.721
2420000 5430.23 7331.89 5960.29 517.677 204.6 213.658
2430000 5332.95 6823.15 6346.57 763.264 953.267 -315.449
2440000 5500.31 5678.05 6244.25 272.931 588.487 -518.774
2450000 6358.77 6088.2 6323.17 633.171 983.191 -238.788
2460000 6183.15 6305.88 6551.66 1459.85 904.443 -353.228
2470000 5206.21 6351.99 6552.95 1654.6 598.32 -579.062
2480000 5471.13 7176.4 6282.29 1138.11 1027.85 -859.712
2490000 5656.65 6862.55 5874.27 1578.92 835.524 -205.79
2500000 5596.49 6802.14 6910.61 1083.24 711.855 13.3124
2510000 6059 6290.39 5934.05 1918.65 1058.72 -53.4718
2520000 6285.96 6549.32 6805.39 2338.34 601.15 -300.367
2530000 6698.63 6629.53 5867 2666.21 562.344 -277.151
2540000 6598.78 6466.2 6529.85 3114.33 379.767 474.076
2550000 6824.08 6782.95 6051.69 2635.81 493.198 -593.005
2560000 6565.25 7090.39 5777.79 2836.79 970.97 -99.2017
2570000 6452.41 6908.43 6272.77 2947.16 988.228 136.335
2580000 6843.44 6314.96 6001.91 3014.64 635.792 163.424
2590000 6654.85 6217.41 6377.12 2728.02 449.336 -99.2826
2600000 6360.46 6104.49 7214.47 2710.83 395.701 91.1085
2610000 6480.49 5336.62 6704.83 2909.34 1034.78 -556.844
2620000 5877.06 6462.25 6285.17 2219.3 1094.11 -526.693
2630000 5983.99 5996.48 6540.13 3420.62 349.36 -958.874
2640000 5904.38 6706.92 6338.02 2957.8 861.547 -750.52
2650000 6552.67 6445.42 6234.04 3641.19 398.24 -382.672
2660000 6263.69 6119.94 6518.87 3746.24 955.439 -410.904
2670000 5979.37 7096.24 5883.57 2964.63 299.083 -281.698
2680000 5779.39 6602.11 6397.41 2744.52 775.451 -37.792
2690000 5201.2 7069.89 6025.83 2324.48 569.05 -684.057
2700000 5224.25 7122.53 6499.76 3131.84 844.094 -844.945
2710000 5061.83 7995.95 6322.24 3283.15 949.496 -672.062
2720000 5058.33 7165.32 5450.8 2897.72 271.48 238.024
2730000 5764.27 6954.49 5734.7 2605.26 250.858 -213.711
2740000 6543.72 5864.26 6293.09 3050.09 1031.37 -106.146
2750000 5366.61 7011.46 5352.92 2531.84 431.988 174.197
2760000 6187.03 6785.13 5303.81 2012.5 170.844 -584.444
2770000 5334.28 6748.17 5658.49 2745.9 564.397 -309.223
2780000 5470.62 7272.7 5865.79 2199.59 -224.603 -544.056
2790000 5157.92 6474.59 6368.08 1665.33 368.846 -212.692
2800000 5327.93 6769.39 5921.92 1899.24 670.188 -519.447
2810000 5284.95 8113.6 5627.94 1694.62 428.705 -200.689
2820000 5235.76 7211.31 5479.12 1981.64 307.212 -71.0812
2830000 5528.11 7297.76 5845.04 1334.75 690.516 -676.296
2840000 4990.01 7376.33 5288.98 1066.51 365.701 -298.545
2850000 5169.46 7261.62 5521.87 1363.41 683.965 -133.436
2860000 5360.55 7243.15 5505.91 704.488 697.659 -166
2870000 5387.95 6782.7 5763.47 820.126 554.771 -576.484
2880000 5766.55 6753.19 4775.58 340.533 679.969 -357.4
2890000 6377.45 7401.81 5137.26 -76.3883 228.363 -399.833
2900000 5732.94 7143.69 4969.63 -84.5494 570.942 314.341
2910000 5863.94 7405.05 4640.34 -690.713 453.924 714.588
2920000 5718.65 7122.72 4621.74 -586.427 299.463 248.223
2930000 5653.03 7248.1 4654.44 -868.639 -343.473 776.276
2940000 5678.34 7211.6 4881 -752.431 288.699 163.714
2950000 6183.91 6447.86 5995.21 -284.538 271.757 638.841
2960000 6143.38 7252.53 4816.2 -709.685 344.93 838.877
2970000 5887.87 7547.91 5027.71 -1513.4 718.091 489.286
2980000 6535.67 6466.28 5039.29 -1597.46 918.42 413.781
2990000 5671.62 6867.74 5384.34 -447.535 912.457 733.419
3000000 5782.42 6457.29 5342.52 -1037.88 858.529 -174.282
3010000 5705.18 6776.39 5375.98 -1931.23 364.423 784.651
3020000 5965.21 6875.21 5839.97 -1912.58 282.204 615.929
3030000 5631.11 7027.15 5379.52 -2151.69 696.071 676.658
3040000 6412.52 6953.37 5230.7 -2022.32 -17.4661 283.786
3050000 6258.06 6771.4 5432.88 -2801.79 460.791 -272.34
3060000 6514.51 7425.87 5085.1 -2570.41 356.266 567.001
3070000 6167.95 7189.13 5550.05 -2805.24 243.977 106.728
3080000 6614.87 7353.33 5139.81 -2441.28 -281.958 -48.7556
3090000 6270.83 6856.66 5430.29 -2643.05 -171.36 95.5136
3100000 6194 7138.43 5195.65 -2510.01 456.218 -429.566
3110000 5927.32 6902.4 5513.67 -2727.79 9.69963 -57.5019
3120000 5619.53 6999.53 6058.89 -2039.87 466.114 -21.0701
3130000 5778.49 6562.94 5368.65 -2975.35 480.655 -120.028
3140000 5632.39 6798.38 6579.39 -2720.72 340.667 558.01
3150000 5705.27 6464.05 5957.99 -2610.52 376.386 -278.939
3160000 6267.78 6698.69 6071.17 -2668.61 539.57 -178.02
3170000 5551.08 6823.21 6593.08 -2598.79 227.326 457.454
3180000 5811.34 6193.41 6025.7 -2365.45 508.786 117.659
3190000 6058.2 6840.75 6455.2 -2874.91 630.45 218.527
3200000 5492.9 6641.51 6678.58 -3370.01 -131.859 863.793
3210000 5716.94 6399.95 6583.36 -2694.93 -111.173 752.313
3220000 5937.84 6319.67 6091.47 -2349.63 -493.13 687.569
3230000 5326.9 6708.96 6216.51 -2201.32 537.961 321.074
3240000 5978.91 5761.88 6270.19 -1909.72 754.452 333.014
3250000 5836.68 6198.48 5930.39 -1846.6 629.77 369.097
3260000 5682.21 6235.99 5819.28 -1388.79 194.303 312.632
3270000 5811.19 6672.97 5746.72 -1754.82 -358.347 1360.98
3280000 5726.85 6801.3 5673.02 -1611.19 -39.5058 718.666
3290000 6235.13 6856.61 5169.45 -937.717 167.19 148.168
3300000 6432.3 6125.03 5638.43 -1781.84 91.4557 73.1351
3310000 6440.76 6508.06 6010.62 -1799.82 138.535 240.794
3320000 6013.67 6780.02 5530.44 -1397.37 -267.899 349.489
3330000 6120.53 7006.81 5120.19 -1387.05 60.2369 -262.905
3340000 6313.17 6179.66 5430.38 -1568.1 -301.834 515.351
3350000 5983.96 6128.82 6287.28 -907.424 -673.891 312.846
3360000 6067.74 6018.4 6635.19 -549.909 -171.949 -297.117
3370000 5687.28 5516.71 6211.38 -619.782 -530.622 206.847
3380000 6255.82 5606.31 5565.08 -933.946 550.585 25.7892
3390000 6226.29 6336.18 5357.45 -1238.35 -384.72 -14.8876
3400000 5910.55 6436 6009.53 -577.795 -592.61 819.286
3410000 6139.94 6584.07 5749.58 -163.116 -0.32226 535.642
3420000 5614.79 7576.75 5646 -66.3089 -414.145 88.8228
3430000 5876.52 6640.71 6709.19 -319.99 -737.777 -39.6264
3440000 5630.5 6074.31 6161.37 -319.68 -769.497 78.5202
3450000 5435.52 6156.53 5873.52 188.868 -704.336 13.5555
3460000 5820.89 6138 5002.52 225.399 -269.91 341.419
3470000 5895.07 6344.93 5683.52 209.853 -666.892 100.498
3480000 6810.35 6155.06 5375.86 698.154 -473.581 221.273
3490000 6927.89 5873.96 5386.65 1221.31 -35.7335 24.8377
3500000 6843.98 6297.35 4974.96 1279.37 -325.681 515.545
3510000 7637.47 6095.98 4923.87 1241.18 -54.4886 466.11
3520000 6761.06 5732.11 5378.28 1201.45 -528.898 392.181
3530000 6169.21 6824.47 5266.77 1313.46 -950.354 294.707
3540000 5985.4 5819.1 5301.68 1718.45 -329.166 -196.163
3550000 5900.86 5683.54 5830.53 2188.84 -209.178 339.924
3560000 6417.76 6285.05 5282.55 2365 -870.89 294.247
3570000 6471.98 6293.68 5729.85 1709.89 241.601 -353.494
3580000 6250.99 6344.56 5460.77 2323.36 236.659 24.7292
3590000 5748.28 6235.6 6525.95 2398.65 -489.692 -25.3262
3600000 5690.33 5818.31 6220.49 2329.58 -305.232 -239.787
3610000 5640.64 5741.94 6472.02 1841.2 -490.71 -258.475
3620000 6024.09 6212.31 5081.55 2358.42 -511.462 236.406
3630000 6351.05 6382.33 5384.2 2391.15 231.279 -333.312
3640000 6001.44 6261.77 5723.87 2278.76 221.933 -643.356
3650000 5374.82 7009.3 5561.01 3171.59 170.565 -154.535
3660000 5852.3 6027.12 7390.36 3273.44 44.7109 -113.911
3670000 5430.91 6553.35 6904.28 2978.61 238.54 -615.602
3680000 5376.01 6409.16 6386.64 3037.25 228.792 -740.518
3690000 5500.56 6353.96 6279.39 3242.28 423.228 -1398
3700000 6331.59 6384.4 6764.67 2431.22 -491.467 -825.677
3710000 5689.09 6578.03 5974.76 2886.21 325.685 -667.622
3720000 5424.37 6498.74 6555.91 2040.77 129.397 -809.461
3730000 5807.61 6456.63 6447.88 2396.26 311.997 -1041.08
3740000 5533.99 6743.25 6613.6 2623.8 96.5956 -975.997
3750000 5993.6 5960.58 6863.48 2306.35 465.036 -449.546
3760000 5389.36 6035.34 6717.44 2928.21 20.7943 -469.901
3770000 5163.87 6185.77 6311.39 2342.74 426.164 -397.462
3780000 4993.96 5936.06 6987.79 2523.41 497.642 -317.034
3790000 5499.42 5292.2 7256.45 2267.52 128.424 -966.737
3800000 5514.64 6063.06 6501.68 2732.31 -337.465 -987.263
3810000 4587.23 5333.16 6256.71 1660.29 -64.1575 -863.306
3820000 4940.02 5028.44 6690.78 2144.1 559.979 -604.76
3830000 5186.59 5753.13 7226.47 1612.14 -184.757 -56.8367
3840000 5590.06 6732 6625.7 1728.1 567.814 -608.127
3850000 6431.98 5494.42 6913.07 1999.02 140.317 -661.884
3860000 6271.74 5389.34 6767.66 1927.75 815.798 -298.725
3870000 5712.89 5531.02 6773.4 1366.7 732.048 -174.761
3880000 5631.49 5638.04 6492.38 1163.43 36.9455 -684.096
3890000 5349.21 5926.63 6765.18 922.635 312.203 -227.437
3900000 5437.97 5606.78 6314.14 676.352 559.862 -447.637
3910000 6415.49 4857.81 6096.65 1063.51 410.008 -670.415
3920000 6433.1 5429.29 6219.07 993.579 111.191 -269.438
3930000 6179.17 5665.97 6077.72 485.8 274.388 -253.852
3940000 6196.14 5734.38 5921.1 66.4023 18.6036 -444.008
3950000 5758.06 6137.74 6037.38 -164.014 -33.6 149.723
3960000 5983.65 5267.46 6049.68 -44.2372 -328.791 -251.035
3970000 5430.41 6153.12 5649.71 39.8821 -429.585 -306.462
3980000 5215.87 5462.25 5970.29 246.195 20.2721 -532.526
3990000 5376.9 5708.96 6053.86 -179.131 430.882 -615.038
4000000 5771.69 6245.79 5922.18 -757.907 -52.4138 -792.874
4010000 5234.6 5945.24 6379.65 -1028.49 209.703 -941.543
4020000 5221.63 5645.87 6400.84 -1857.14 -91.4407 29.5088
4030000 5574.42 6546.77 6117.87 -1785.06 137.995 -935.138
4040000 4666.54 6373.47 6784.48 -2113.27 521.89 -202.641
4050000 5254.82 5925.66 6621.49 -2434.05 -163.18 -296.449
4060000 4424.15 6322.99 7320.52 -2531.02 471.061 -268.413
4070000 5403.65 5356.03 6718.03 -2687.4 -253.478 -116.12
4080000 4802.77 6659.95 7371.89 -2030.97 -135.056 -23.0687
4090000 4634.47 5744.27 6594.76 -2410.16 -131.231 -970.926
4100000 5004 5378.93 7582.75 -2056.56 510.452 -169.156
4110000 4202.1 6540.51 7309.45 -2339.23 -85.1827 -212.268
4120000 4378.45 6411.98 7091.38 -3091.18 509.796 381.408
4130000 5142.32 6402.75 6520.81 -2839.97 266.634 -558.596
4140000 4370.59 5970.1 6944.8 -3377.43 157.438 -958.864
4150000 4815.19 5462.49 7444.1 -2979.16 -793.377 -528.772
4160000 4477.71 6578.22 7125.21 -2898.69 -795.582 -108.572
4170000 4411.68 6333.46 6938.33 -3375.95 -164.556 581.607
4180000 4647.53 6327.07 6273.71 -2812.94 -94.2227 -126.131
4190000 4911.53 6388.19 6583.92 -3106.81 -312.678 -49.9538
4200000 4200.22 6537.81 6790.59 -3373.58 -661.81 161.317
4210000 4182.57 7052.36 6187.03 -3383.72 -969.736 627.229
4220000 4644.68 6438.06 6762.43 -3675.25 -882.746 560.765
4230000 3574.07 6643.08 6735.4 -3483.66 -1179.82 573.066
4240000 4477.88 6911.62 6897.32 -3073.26 -897.742 352.435
4250000 4544.86 7108.1 6701.6 -3572.81 -636.876 347.655
4260000 4817.02 6578.24 6661.89 -2894.42 -425.469 791.747
4270000 4231.28 6481 6172.29 -3092.08 -443.823 334.543
4280000 4966.24 6657.85 6750.53 -3079.54 -667.056 -40.9385
4290000 5515.95 6163.83 6307.12 -2764.47 -95.4677 -32.2713
4300000 5382.76 5930.54 5885.48 -2377.84 -190.368 77.1847
4310000 5621.14 6185.65 6968.62 -3308.47 -748.972 117.539
4320000 5773.62 5463.73 7262.68 -2964.18 -669.574 644.454
4330000 5656.3 5426.63 6290.61 -2468.27 -229.058 162.079
4340000 5269.81 6805.56 5885.64 -2358.01 117.739 842.514
4350000 5206.66 6981.97 5640.83 -2158.5 -9.94449 345.358
4360000 5148.83 7178.54 5684.13 -1326.5 -476.354 436.148
4370000 5095.63 6912.06 6311.94 -1090.97 -407.807 266.515
4380000 5168.65 6455.55 6474.91 -1343.25 -416.813 658.016
4390000 5577.68 6790.49 6313.92 -1328.59 320.334 884.631
4400000 6373.68 6240.27 6154.61 -1310.03 873.551 904.096
4410000 5518.9 6378.75 6123.57 -828.912 -1.59567 955.437
4420000 5857.07 5836.41 5501.11 -910.436 -457.468 996.081
4430000 6135.5 5784.1 6116.57 71.7299 -643.967 781.051
4440000 5349.36 6222.73 6447.33 306.022 -48.3929 913.777
4450000 5148.74 6514.63 6337.69 15.3912 -1058.5 1240.02
4460000 5493.92 6401.46 5722.63 1189.88 -68.8285 956.622
4470000 5851.17 6640.68 5795.82 1210.98 -284.031 1112.71
4480000 6027.39 5840.39 6342.9 713.448 -436.737 1436.04
4490000 5927.52 6786.67 5596.51 931.568 -485.539 939.99
4500000 5813.77 6613.39 5736.57 1550.66 234.579 797.192
4510000 5738.94 6671.55 6019.13 1713.1 -335.803 806.179
4520000 5498.99 6758.67 6208.8 1648.69 103.538 568.978
4530000 5601.67 6928.46 6753.11 2006.5 664.983 836.226
4540000 5323.91 6966.62 5854.59 1921.32 476.876 494.211
4550000 5764.22 7107.68 5671.99 2184.13 553.689 1117.87
4560000 6018.2 7073.73 5801.63 2374.8 380.49 498.969
4570000 4525.9 7122.68 5600.55 2476.22 893.264 428.595
4580000 5489.87 6648.99 5823.41 2637.04 242.421 169.421
4590000 4842.96 7685.57 5532.56 2425.44 259.396 676.268
4600000 4894.97 7242.04 5916.85 3155.46 -341.743 560.275
4610000 4964 7938.18 6455.19 2544.93 -575.414 424.731
4620000 6375.67 7181.62 5573.33 2492.71 -159.407 896.596
4630000 6164.31 6938.25 5286.47 3200.83 -62.7427 934.264
4640000 6470.38 6570.13 5134.15 2711.97 -323.945 459.049
4650000 6137.06 7207.69 5908.88 3206.12 -358.434 463.854
4660000 5766.16 6930.19 6407.12 3167.83 140.971 431.787
4670000 5738.5 6624.18 6583.69 3311.94 441.359 488.999
4680000 5474.79 7764.08 6132.87 2647.45 -450.405 1266.47
4690000 5014.74 6949.72 7822.32 2788.58 89.2713 371.442
4700000 5324.21 7167.99 6928.03 3066.66 -172.723 916.136
4710000 6162.45 6398.94 6720.97 2137.93 -431.846 788.979
4720000 5811.42 7678.72 5652.93 2297.13 33.89 804.278
4730000 5876.96 7175.16 6934.93 2002.08 597.63 571.16
4740000 6671.87 7151.49 6202.42 2096.62 -838.918 36.5915
4750000 5827.9 6838.54 6238.68 1926.33 -643.358 245.173
4760000 5466.35 6301.33 7017.36 2124.79 -255.799 168.866
4770000 6463.94 5810.1 7210.01 1889.68 -1047.75 -33.304
4780000 5405.47 6577.25 6974.48 1985.37 -551.548 256.723
4790000 6574.71 6566.86 6011.95 1678.47 -469.182 -76.4469
4800000 6822.84 6590.37 6051.24 1119.33 -427.505 -328.701
4810000 6719.43 6430.7 6483.5 1723.6 -634.769 -48.6051
4820000 6555.54 6181.05 6184.02 1334.59 -606.785 -415.557
4830000 7397.91 6554.93 5629.96 1573.65 -467.068 -445.046
4840000 6787.01 5941.88 6409.82 1354.19 -302.26 -19.8235
4850000 6778.77 5890.51 6672.89 1233.47 -66.2867 -368.149
4860000 6470.86 6471.83 6703.02 957.503 4.13082 618.367
4870000 7106.32 5823.47 6431.2 426.955 374.89 169.9
4880000 6492.81 5886.02 6538.16 -338.403 391.176 146.536
4890000 6302.97 6463.9 5862.21 -53.4193 -87.6087 227.479
4900000 6867.97 6962.38 6064.38 -719.574 336.748 61.2664
4910000 6730.3 5528.15 6932.22 -877.82 -38.5547 90.0536
4920000 6810.7 5448.5 6397.31 -801.909 -224.85 -802.23
4930000 6035.6 4987.21 6609.19 -1096.84 11.6019 -55.0271
4940000 6515.94 5889.48 5724.94 -892.903 138.107 107.144
4950000 6478.21 5807.77 5715.62 -223.512 -222.852 -16.2718
4960000 6519.84 5813.4 6347.65 -932.794 -17.6759 -562.944
4970000 6803.63 6348.19 6792.93 -1384.51 -301.948 -596.096
4980000 7176.49 5926.89 6918.43 -506.513 245.603 -705.086
4990000 6277.72 5471.58 7086.44 -1182.39 320.61 -544.149
5000000 6391.13 5898.94 6107.93 -1246.78 706.014 -684.328
