# Time-averaged data for fix ps1
# TimeStep c_thermo_press[1] c_thermo_press[2] c_thermo_press[3] c_thermo_press[4] c_thermo_press[5] c_thermo_press[6]
10000 1405.15 2512.91 2515.49 383.163 1079.04 -856.575
20000 926.123 2940.72 2334.7 -317.614 656.812 -736.832
30000 1739.98 2975.34 1844.19 -245.011 1140.57 -731.175
40000 1454.82 2653.46 2516.96 -802.229 880.983 -718.845
50000 934.74 3147.07 2220.12 -1390.64 571.692 -1145.64
60000 1588.01 2593.37 2233.72 -1713.35 519.005 -1043.38
70000 1469.79 2390.86 2317.7 -1830.93 980.811 -1031.91
80000 1331.69 2711.77 2088.01 -2421.23 789.591 -621.834
90000 1401.37 2723.75 2188.24 -2614.77 928.277 -599.818
100000 1356.69 2709.32 2437.64 -2714.63 964.344 -721.89
110000 1634.02 2708.86 2259.77 -2999.68 812.26 -741.772
120000 1576.75 2150 1822.76 -3236.46 781.626 -597.306
130000 927.71 2862.69 2276.99 -3427.95 658.533 -519.086
140000 1108.12 2873.03 2260.92 -3622.02 548.356 -705.084
150000 1624.83 2168.9 2874.79 -3750.05 839.74 -613.636
160000 902.583 2790.24 2367.9 -4437.11 912.513 -314.252
170000 1818.74 2727.92 2213.48 -4033.07 683.916 -1326.25
180000 1502.51 2698.08 2001.54 -4433.78 979.145 -967.558
190000 1326.43 2794.22 2279.93 -4737.91 1075.27 -941.95
200000 1296.3 2563.17 2083.03 -4612.58 747.655 -709.57
210000 1028.35 2700.51 2782.29 -4689.4 765.87 -638.267
220000 1742.16 2643.14 2322.58 -4625.33 833.921 -776.506
230000 1134.06 2348.71 2495.51 -4502.64 692.092 -1104.06
240000 1360.43 2358.24 2357.22 -4520.22 696.553 -665.924
250000 1494.82 2668.76 2176.72 -4908.7 761.544 -453.85
260000 1316.34 2763.68 2417.41 -5022.4 455.946 -1120.1
270000 1724.01 2421.87 2154.87 -4910.18 1010.58 -619.155
280000 1349.26 2670.72 2313.82 -4962.16 619.826 -535.454
290000 1739.37 2546.17 2020.96 -4435.94 393.48 -673.515
300000 1776.14 2603.5 1786.28 -4641.86 661.608 -562.924
310000 1214.25 2537.41 2028.11 -4350.49 618.938 -846.287
320000 1097.04 2595.79 2233.99 -4428.49 945.884 -785.379
330000 1566.44 2877.59 1984.33 -4112.5 590.594 -727.317
340000 1419.79 2449.61 2056.18 -4264.06 480.074 -752.888
350000 1631.1 2481.59 1822.34 -3776 528.234 -708.638
360000 1505.34 2770.6 2445.34 -3293.78 243.283 -504.395
370000 1621.53 2244.49 2193.13 -3476.64 841.583 -670.602
380000 1353.82 2351.52 2218.66 -2852.63 660.741 -798.41
390000 1381.05 2783.87 2235.73 -2709.18 475.373 -737.006
400000 1316.15 2824.97 2170.09 -2799.9 522.156 -481.872
410000 983.793 2366.68 2105.66 -2044.29 1109.61 -440.449
420000 1434.91 2305.55 2707.74 -1966.38 388.089 -589.671
430000 1332.94 2564.99 2605.87 -1884.43 481.543 -419.159
440000 1189.34 2358.78 2217.84 -1649.9 565.07 -1041.15
450000 645.525 2246.72 2727.97 -1184.09 1101.59 -792.459
460000 1310.53 2908.95 2349.34 -574.378 953.665 -1027.34
470000 1260.06 2441.53 1942.7 -816.86 703.708 -624.491
480000 1284.23 2455.43 1827.1 -199.491 790.717 -570.523
490000 1354.27 2829.9 2493.5 163.73 475.874 -1243.43
500000 1491.09 2769.37 1754.44 266.48 918.429 -1132.72
510000 1638.24 2468.18 1539.05 429.364 800.232 -832.206
520000 1567.62 2415.1 1936.49 1139.2 1255.53 -1126.82
530000 1321.4 2479.78 2192.75 1357.57 939.145 -726.085
540000 1304.49 2405.61 2140.02 1694.67 869.567 -822.049
550000 1255.33 2535.47 1873.29 2437.22 1055.76 -667.999
560000 1333.51 2290.46 2603.71 2343.57 1052.17 -732.423
570000 916.688 2892.73 2307.64 2322.45 723.476 -704.4
580000 1271.14 3194.98 1918.91 3055.92 1031.29 -573.484
590000 1083.38 2478.4 2514.26 3183.96 1347.14 -927.264
600000 1777.8 2483.52 2177.23 3552.74 960.106 -647.823
610000 1085.41 2207.02 2132.34 4079.19 569.328 -775.341
620000 1729.99 2699.24 2003.68 4175.12 447.079 -732.285
630000 1472.96 2708.15 1813.73 4753.62 1474.35 -484.761
