# Time-averaged data for fix ps1
# TimeStep c_thermo_press[1] c_thermo_press[2] c_thermo_press[3] c_thermo_press[4] c_thermo_press[5] c_thermo_press[6]
10000 4253 2739.78 3790.84 325.222 -455.35 -14.8723
20000 4402.7 3301.71 3436.93 -848.697 -384.971 -246.49
30000 4490.45 2846.71 4059.26 -479.204 -503.463 -79.2761
40000 3789.39 3674.61 4514.74 -729.737 -196.142 125.192
50000 4229.74 3682.32 4473.25 -1382.47 299.647 133.214
60000 3227.86 3691.82 3786.82 -1217.92 -564.002 36.5824
70000 3906.09 3817.6 4136.82 -1588.72 -321.168 93.4774
80000 4349.61 3081.02 4407.84 -1233.56 -328.199 486.933
90000 4567.83 3054.54 4696.87 -1280.42 142.97 193.749
100000 4256.46 2461.78 4594.2 -1862.4 -442.887 944.9
110000 4424.36 2722.87 4903.21 -1909.85 -84.2162 603.468
120000 3856.42 2764.32 4260.16 -1843.26 132.725 358.24
130000 3895.7 3303.43 4774.11 -2585.76 -131.605 588.334
140000 4064.68 3884.52 3712.43 -2286.93 -641.939 628.93
150000 4565.42 3214.18 4313.1 -2428.61 -74.199 867.634
160000 4324.93 3104.01 4380.2 -2020.41 53.3945 501.696
170000 3833.03 2523.01 5053.01 -2582.18 24.7879 940.047
180000 4879.17 2823.86 3759.52 -2229.18 -426.601 882.855
190000 4090.83 3509.97 4154.17 -2647.91 -381.038 199.634
200000 4333 3753.81 3714.92 -2609.91 472.423 517.064
210000 5094.8 2887.7 4241.19 -1531.93 40.0012 212.803
220000 4414.09 3079.75 4789.63 -1032.61 -299.094 265.872
230000 4133.38 3653.71 4251.16 -1748.44 -148.057 -500.038
240000 4384.05 3733.15 3576.92 -1815.39 -395.976 521.816
250000 4430.31 4194.05 3550.56 -1914.6 -213.714 633.621
260000 3552.41 4260.36 4188.9 -1939.94 -318.56 724.856
270000 3976.42 4099.67 3876.49 -798.022 -344.284 190.587
280000 3969.54 2905.2 4523.54 -1168.43 -419.617 -16.2656
290000 4281.21 2909.46 4498.41 -1236.8 -420.969 16.2339
300000 4164.2 3449.08 5295.4 -1732.83 -213.317 -191.321
310000 4073.67 3564.8 5368.42 -781.721 323.815 345.597
320000 4327.04 2404.32 6076.13 -1637.4 -692.335 736.434
330000 3765.93 3520.23 4680.82 -1827.08 -596.417 1011.91
340000 4719.69 3346.75 3872.11 -1704.73 17.9384 523.664
350000 5394.91 2293.94 4885.81 -994.764 -128.613 273.821
360000 4875.85 2820.93 3660.51 -871.103 -107.575 1341.12
370000 4521.15 2979.65 4440.29 3.01557 -764.853 1070.68
380000 4950 3099.19 4277.54 -58.2393 -128.719 915.791
390000 4513.29 3088.88 4696.27 95.1601 -118.529 1138.84
400000 6067.25 2603.79 4822.28 785.441 -462.75 685.808
410000 5599.2 4346.45 3634.01 792.49 -0.186678 412.74
420000 5634.43 3548.72 3637.93 1191.97 -383.629 669.334
430000 4719.81 3913.31 4373.21 1274.72 -336.038 683.105
440000 4638.98 4261.86 4108.17 992.856 -589.408 1250
450000 3857.66 4409.08 3784.19 1471.69 -399.06 1425.56
460000 4707.22 4366.03 4084.63 1496.15 -614.327 1747.47
470000 5305.68 3962.01 4216.34 930.793 -1053.66 1778.97
480000 4945.7 3792.86 3577.87 1559.32 -541.548 1020.99
490000 4344.5 4116.39 3960.79 617.895 -655.621 1482.25
500000 4645.42 4366.52 3459.72 1624.18 -592.087 1097.78
510000 4871.17 4188.5 4052.42 1686.18 -1088.44 829.218
520000 4059.14 3886.18 4093.06 2059.29 -476.442 988.852
530000 5189.29 3252.62 3858.36 2309.69 5.40677 1032.26
540000 5084.18 3917.39 3579.4 2041.41 -111.147 1480.03
550000 4762.68 4413.49 3417.25 2794.45 -369.323 1550.76
560000 4274.32 4648.45 4003.67 2304.26 -56.8307 321.002
570000 4966.46 3717.13 3998.57 1960.8 -164.594 469.759
580000 4892.73 3952.69 4091.29 1986.51 -56.5559 608.112
590000 4625.67 3997.67 4144.19 1741.95 -128.513 1106.7
600000 5166.64 4541.31 3430.3 2826.52 61.6649 920.285
610000 4945.83 4271.75 3875.46 3007.11 -705.971 392.184
620000 5176.49 3888.37 3947.42 2882.96 -689.533 -117.284
630000 4436.94 4618.66 4266.6 2630.56 429.189 321.592
640000 3710.23 5249.2 3058.5 2685.43 82.1506 420.136
650000 4916.4 5111.41 2879.38 2711.55 25.1602 656.173
660000 4412.18 3960.05 4474.83 1963.19 -286.967 -86.8399
670000 5333.19 4497.18 3564.32 2680.94 -100.759 264.025
680000 4409.2 4299.38 3425.57 3401.85 159.428 -132.837
690000 5136.56 4535 3120.33 2219.77 558.336 136.571
700000 5111.49 5716.97 1750.51 3257.87 -318.514 440.51
710000 5165.83 4874.71 2263.3 2929.48 115.927 54.6858
720000 5259.39 4869.76 2787.48 3093.32 84.9042 120.52
730000 4944.54 4272.99 2893.78 3326.82 233.752 535.557
740000 5460.29 4476.6 2808.41 3882.57 -81.5618 248.937
750000 5065.92 4256.88 2467.13 3644.26 -727.524 479.163
760000 5011.15 3876.3 2764.37 3476.61 132.501 -80.6061
770000 5034.78 4646.26 2915.07 2851.36 -77.5846 538.875
780000 4997.26 4043.96 2368.47 2631.85 -527.111 680.038
790000 4488.4 4292.9 2466.59 1929.81 50.2723 504.553
800000 4368.86 4502.77 2689.1 2430.63 -71.7034 306.144
810000 5066.42 4368.71 3307.63 2531 -648.4 92.1759
820000 4331.95 4413.86 3063.07 2000.17 -227.805 -20.1768
830000 3582.43 4966.58 3114.9 2066.82 -1028.75 450.925
840000 3466.66 4806.01 3172.32 1939.39 -104.135 991.205
850000 3749.57 4585.94 2830.1 1806.77 -393.39 925.668
860000 3745.1 5445.93 3234.61 2535.69 -909.363 1092.03
870000 3916.95 5001.25 2657.6 1922.43 137.874 998.225
880000 4190.95 5256.35 2658.33 1932.46 19.4676 516.166
890000 3756.13 5354.65 2249.41 1358 -201.369 735.704
900000 3817.03 4859.12 1899.84 1131.08 269.835 666.811
910000 4452.83 4832.24 2606.62 1357.31 -285.502 811.35
920000 3751.12 4750.9 2917.62 847.862 285.956 375.822
930000 4299.61 4775.18 2719.31 960.791 -474.498 487.167
940000 4110.99 4737.76 2800.93 575.791 75.0034 712.683
950000 3936.02 4799.16 2780.84 843.95 63.2287 70.6382
960000 3632.41 5022.9 2470.57 -169.598 166.284 30.5764
970000 3062.11 4843.57 2705.72 535.537 349.214 339.703
980000 3991.63 4575.28 2751.32 169.634 109.868 325.272
990000 3846.31 4547.15 3044.52 291.762 358.487 -8.28093
1000000 3615.91 4913.13 2592.19 -268.483 511.77 158.785
1010000 4467.47 4216.46 2381.59 159.917 -115.748 56.9694
1020000 4233.96 4674.33 2525.13 -328.507 93.3375 154.82
1030000 3621.49 5076.22 3141.1 -406.161 240.013 46.0029
1040000 4627.18 4684.63 2633.36 -934.803 532.292 -146.453
1050000 4411.83 5090.42 1735.48 51.7117 -129.778 288.495
1060000 4383.96 4533.5 2421.76 -1480 -177.627 659.187
1070000 5009.02 4758.42 1851.29 -1273.09 -422.207 141.175
1080000 4886.01 5271.68 2245.82 -1096.43 81.3953 257.07
1090000 4317.97 5342.97 2340.91 -1313.52 -13.5891 243.279
1100000 5182.1 4497.44 2325.02 -1426.99 -156.776 284.002
1110000 4840.98 4244.53 2573.66 -1018.36 52.4115 622.777
1120000 4223.39 4775.69 3177.77 -1974.02 -246.168 545.442
1130000 4581.81 4102.33 3515.2 -1325.33 -247.607 306.997
1140000 4521.22 4510.81 3005.1 -1942.56 -421.139 142.643
1150000 4303.81 4072.6 3129.56 -1324.58 466.313 -621.875
1160000 4705.66 3989.1 3151.88 -1613.23 -10.2479 216.392
1170000 4465.06 4254.65 3127.19 -2159.41 337.581 483.871
1180000 4991.9 4411.53 2617.25 -1697.11 247.771 240.595
1190000 5894.4 3657.48 2818.98 -1642.37 799.685 -207.718
1200000 5292.47 4580.6 2615.27 -1626.01 -145.259 749.618
1210000 5009.49 4774.17 2662.76 -1396.81 12.814 190.414
1220000 4732.26 4129.92 2806.86 -2534.3 327.229 447.535
1230000 5241.38 3849.33 2840.34 -2335.59 240.833 35.5382
1240000 4364.88 4440.93 3201.35 -2311.86 109.6 -32.0817
1250000 4610.79 4621.94 2966.51 -3144.72 -230.413 209.588
1260000 4258.46 4783.57 2760.37 -2038.93 793.766 710.782
1270000 3909.62 4480.99 2939.48 -1911.49 225.538 521.991
1280000 4358.45 3746.91 3412.29 -2487.24 363.49 88.3055
1290000 4685.03 4241 3103.99 -2144.34 198.169 231.672
1300000 5412.02 4360.13 2870.27 -2097.09 -156.048 923.132
1310000 4971.62 3484.03 3142 -1857.53 -697.117 1336.15
1320000 4874.89 4226.03 2106.87 -2018.41 224.127 570.526
1330000 4827.06 4100.52 3470.27 -1880 60.9217 407.423
1340000 5115.79 3840.39 2983.56 -1564.3 50.6044 482.355
1350000 5157.21 3538.43 4141.54 -1430.96 -204.878 -207.914
1360000 5099.87 3820.15 3418.8 -445.447 56.3435 -589.644
1370000 5257.16 3922.59 3471.87 -783.836 93.4644 -17.1437
1380000 4826.74 3509.25 4423.93 -993.036 529.795 -105.473
1390000 4551.22 3325.59 4388.78 -1093.4 392.594 144.262
1400000 4093.25 4372.48 3655.04 -441.947 60.1369 -242.098
1410000 3781.43 4212.71 4152.51 38.2595 461.688 527.667
1420000 4235.33 4076.13 3355.65 62.7382 951.311 158.834
1430000 3169.84 3925.85 3633.84 132.17 381.863 569.936
1440000 3002.16 4075.61 3768.84 467.152 116.831 120.154
1450000 2623.97 4249.43 4599.02 826.94 -199.21 552.522
1460000 2969.31 3648.37 4386.49 1347.03 -388.392 600.609
1470000 3271.84 4065.24 3277.61 831.207 -990.961 678.445
1480000 3647.87 4326.91 3810.19 1895.79 -680.904 337.775
1490000 3814.54 4812.05 3221.46 1391.66 -492.081 598.009
1500000 3914.5 4142.13 4159.24 1705.33 -453.642 383.017
1510000 3782.94 3889.3 4251.81 1799.71 -553.697 155.04
1520000 4389.32 3990.84 3662.43 2002.84 253.895 536.842
1530000 3978.57 3444.71 4272.86 2082.47 -574.702 -20.6112
1540000 4215.5 3556.99 4025.08 2017.12 179.667 906.25
1550000 4369.84 4131.3 3275.48 2249.23 -15.3971 1113.84
1560000 4157.33 5354.45 2655.42 2668.06 -817.909 652.589
1570000 4533.78 4836.86 3196.44 2391.05 -1381.9 788.16
1580000 4092.6 5287.78 3139.97 3352.57 -497.3 1079.46
1590000 3617.33 5284.11 3454.4 2767.44 -895.815 549.755
1600000 4776.88 4957.66 2669.35 2834.86 -496.067 1250.94
1610000 4362.64 4905.45 3424.69 2637.82 -100.589 1064.28
1620000 4019.28 5070.83 3947.89 2771.11 -784.843 124.335
1630000 4497.17 4332.09 3991.83 2935.33 97.1427 462.546
1640000 3925.02 4300.77 4192.07 3245.31 -546.39 196.412
1650000 3880.68 5457.53 3633.11 3057.47 -139.953 523.742
1660000 4244.74 4052 4521.72 3325.73 -75.9767 602.422
1670000 4585.11 4351.22 4474.09 3125.21 -489.087 1258.96
1680000 4369.69 4310.19 3679.04 3181.61 -9.57182 786.462
1690000 4667.21 3493.34 5686.02 2337.25 -22.1306 304.694
1700000 3866.97 4598.02 4782.28 2425.03 149.992 644.152
1710000 4005.02 4388.37 4064.54 2340.14 707.551 94.9447
1720000 4928.91 4856.73 3996.87 2612.75 -9.6415 191.531
1730000 3869.72 5216.82 3280.04 1688.15 413.056 758.716
1740000 4418.65 4397.1 3805.52 1868.77 174.289 -408.462
1750000 5109.96 4907.81 3388.05 1958.44 321.862 195.424
1760000 4186.65 5300.45 3184.93 1893.61 -347.451 371.175
1770000 4505.91 5494.54 3330.3 2047.82 -63.2838 353.961
1780000 3334.73 5381.84 3654.29 2049.25 586.129 -202.551
1790000 3742.82 5358.88 3744.03 2306.82 339.51 -73.3175
1800000 3474.06 5223.72 4086.27 1959.75 605.096 -272.163
1810000 3959.61 5354.66 3147.77 2426.18 627.64 187.04
1820000 4038.78 4438.44 4242.44 1341.96 410.693 96.5899
1830000 3083.43 5149.84 4235.52 981.688 245.27 -368.672
1840000 4285 4707.99 3124.42 861.266 -103.073 289.881
1850000 4351.07 5030.7 3298.31 8.17396 374.86 519.945
1860000 3820.17 4989.91 3629.32 55.7993 -6.3176 716.622
1870000 3104.12 5360.45 4417.71 115.772 147.969 572.416
1880000 3239.64 5295.86 3991.01 322.915 -302.755 529.899
1890000 3548.99 5355.62 3316.83 -535.944 -162.334 216.944
1900000 3392.23 4677.78 3666.63 -50.4199 -253.641 713.208
1910000 3948.8 5158.16 3779.34 312.74 -373.165 613.055
1920000 4189.25 5259.47 3102.27 -558.463 34.1489 273.069
1930000 3421.8 5294.5 3493.54 202.407 -457.987 675.571
1940000 4116.83 5074.64 3223.46 65.0539 -430.169 692.011
1950000 3652.77 5946.44 3274.42 -551.54 -518.607 167.007
1960000 3348.37 5164.95 4123.87 -595.674 -943.908 779.882
1970000 2862.66 6053.98 3992.33 -1150.73 -217.436 10.8839
1980000 2361.46 6445.79 3019.01 -978.881 -1007.9 146.831
1990000 3585.02 5702.11 3526 -1593 -103.798 -316.995
2000000 4285.99 5430.84 3051.54 -1028.25 -857.673 714.237
2010000 3728.27 4546.27 4700.98 -1400.03 -904.795 336.605
2020000 3434.57 5345.77 4301.29 -1305.16 -672.163 178.222
2030000 3887.97 5340.88 3603.66 -1381.16 120.34 42.6072
2040000 4066.59 5572.39 4126.41 -1803.53 -777.239 458.17
2050000 3961.3 5114.78 3744.21 -1274.48 -763.643 -74.5701
2060000 3989.89 5141.84 4471.03 -1472.15 -452.989 -20.906
2070000 3631.88 5293.64 3607.86 -1868.04 -775.974 666.165
2080000 3893.9 6408.47 3285.55 -1518.24 -39.2605 -1450.67
2090000 3837.5 4691.51 3916.24 -2303.73 -444.949 -68.3774
2100000 4512.42 5514.76 2961.07 -1413.57 -1420.07 -468.375
2110000 3613.79 5486.17 3975.15 -1582.37 -743.923 -288.067
2120000 3860.37 4279.11 4400.95 -1945.3 -417.964 -710.848
2130000 3957.34 4968.66 3640.26 -1568.03 -192.104 -150.641
2140000 4171.71 4712.06 4369.22 -1914.92 -403.277 -311.967
2150000 4014.81 5038.85 4183.38 -2077.5 -260.167 -35.3668
2160000 5116.21 4068.67 3411.31 -2029.76 -534.876 54.2796
2170000 4574.06 5134.55 3051.08 -1954.88 -1095.85 542.677
2180000 4793.18 5132.74 3314.92 -1668.44 -92.4564 -85.5846
2190000 3819.41 4706.86 3622.62 -1531.74 -652.909 569.084
2200000 3171.98 5078.15 4625.35 -2409.06 -745.092 84.263
2210000 4044.02 5419.77 3037.33 -1670.92 -511.046 82.4914
2220000 3818.11 5275.1 3001.02 -1852.66 -487.585 -204.035
2230000 4013.67 5514.58 3182.76 -2508.37 -538.166 921.737
2240000 4439.16 4835.92 3041.98 -1905.13 -521.509 1091.92
2250000 4367.97 4825.43 3811.38 -1857.35 12.6881 455.516
2260000 4201.77 5036.43 4201.04 -1983 -327.264 24.9185
2270000 4155.86 4699.07 3370.51 -1349.35 -856.635 927.518
2280000 3761.78 4836.77 3759.46 -1814.08 -1295.77 232.153
2290000 3658.72 5235.44 4028.72 -1760.3 -498.136 719.887
2300000 2653.67 5224.8 4356.18 -900.911 -706.597 912.565
2310000 3750.36 4888.67 4355.13 -1100.66 -43.1234 772.54
2320000 3344.79 4976.55 3549.99 -1424.66 22.8335 645.734
2330000 3267.79 5363.55 3458.35 -1346.19 284.722 1111.04
2340000 3293.47 5681.84 3417.26 -1680.15 -16.3371 599.774
2350000 2987.1 5490.08 4106.34 -974.729 -127.688 -250.191
2360000 2671.42 5066.47 3443.55 -1288.76 186.034 761.596
2370000 2812.83 5513.69 3482.02 -303.509 -106.486 92.2661
2380000 2838.25 5334.8 3388.09 -30.441 -160.032 412.809
2390000 2376.61 5672.69 2956.98 -471.67 -1217.11 127.771
2400000 3515.72 5066.84 2984.18 17.9956 -589.707 -116.63
2410000 3341.86 5151.85 2853.08 -123.659 -1083.89 425.718
2420000 3006.98 5447.17 3807.77 -563.806 -1112.02 758.418
2430000 3960.91 4120.28 3338.71 515.953 -1076.92 -453.042
2440000 3629.44 4455.59 3986.2 404.451 -754.718 -821.541
2450000 3338.65 4824.27 3614.93 564.575 -446.106 -488.975
2460000 3295.95 5095.73 2926.55 640.043 -826.809 -578.417
2470000 3238.44 4753.94 3500.21 737.381 -154.022 -151.578
2480000 2601.9 5465.73 4195.3 1287.92 -56.2489 -202.515
2490000 2210.01 5437.16 4581.81 1949.22 637.864 -466.753
2500000 2757.51 5573.99 4109.11 1487.24 428.659 -752.308
2510000 2682.58 5919.28 4020.62 1885.4 484.801 758.48
2520000 2880.18 4836.3 3722.68 1607.27 663.078 -215.752
2530000 2659.43 5358.12 4370.57 1763.87 -55.9386 -182.943
2540000 3339.87 5441.32 3265.1 2028 300.862 -60.9865
2550000 3565.21 5073.12 3201.42 2390.62 554.623 -802.539
2560000 3242.56 4880.25 4965.06 2626.95 305.581 -275.029
2570000 3415.98 5311.57 3324.67 2352.74 384.547 -135.104
2580000 3168.75 4930.86 4060.11 2153.11 -31.3387 -610.098
2590000 3503.93 4944.79 3896.03 2227.19 514.157 -1007.85
2600000 2642.61 5754.26 3599.18 2379.7 675.482 -379.855
2610000 3783.17 5343.2 3405.02 2803.68 723.595 -573.75
2620000 3926.93 5247.82 2947.98 2659.6 868.716 -409.894
2630000 3890.78 4847.59 3562.42 2484.41 1054 -121.192
2640000 4630.21 4421.64 3228.8 2645.27 896.458 -672.452
2650000 3891.87 4697.53 4510.47 2852 -173.848 -346.169
2660000 4028.19 4960.38 3173.5 2807.92 -99.2807 -353.006
2670000 3652.61 4772.46 3185.11 2126.47 -193.02 -783.812
2680000 2567.63 4303.43 4081.91 3197.03 -195.893 -598.532
2690000 3206.11 5227.51 4000.45 3207.78 293.691 -220.49
2700000 3293.4 4692.19 3638.85 2940.47 329.175 -342.071
2710000 3141.1 5693.58 3324.93 2657.71 465.044 446.4
2720000 2985.85 5350.91 3301.84 3184.16 -278.808 -8.12557
2730000 3447.69 5621.41 3150.51 2801.5 -4.57525 107.426
2740000 3165.28 4965.91 3872.69 2705.84 -78.8386 -130.834
2750000 2236.45 4352.21 4204.49 2600.56 -405.771 -499.806
2760000 2656.99 5117.56 4461.62 2429.25 60.4044 -288.495
2770000 2612.72 4922.23 4735.79 2474.85 -699.196 -404.265
2780000 2538.88 5087.19 4227.12 2712.62 -263.779 -129.85
2790000 3594.4 5626.13 3734.24 2266.37 -257.087 618.858
2800000 3830.94 4806.67 3773.26 2486.33 -808.707 236.784
2810000 3218.68 4676.63 4203.54 2360.1 -1007.87 -146.035
2820000 3454.65 4477.88 4525.41 2108.19 -674.971 -195.154
2830000 3906.12 4348.29 4395.17 1248.38 -735.114 -225.764
2840000 3490.42 4381.61 4555.37 1062.34 -501.699 509.052
2850000 3666.59 4682.04 3976.15 523.881 -281.84 751.899
2860000 3027.22 5074.06 3911.17 891.734 -1017.9 655.975
2870000 3877.24 5320.09 3828.66 135.772 -582.285 282.352
2880000 4407.34 4896.92 3651.99 786.331 -407.956 -112.142
2890000 4107.6 4733.29 3829.37 859.511 -437.229 -620.291
2900000 3601 4211.78 4070.53 428.905 298.09 108.612
2910000 3237.61 4331.25 3706.09 319.617 -22.0961 -597.37
2920000 3314.58 4367.37 4224.05 -53.446 47.165 -787.152
2930000 3367.11 5883.33 3985.16 130.982 -382.571 -145.33
2940000 4134.43 4327.21 3355.99 -368.779 136.35 -438.787
2950000 4015.16 4373.76 3119.67 3.6184 430.191 -636.701
2960000 4408.16 4099.88 4005.04 -149.524 68.8697 -113.771
2970000 3877.74 4788.26 3650.15 -111.982 176.237 -652.228
2980000 3593.75 4129.56 4087.34 70.7722 -49.4641 6.73826
2990000 3183.91 4254.3 4953.25 -813.755 -779.462 -7.51021
3000000 3120.8 4487.92 5048.33 -189.177 -140.492 -467.453
3010000 3105.18 4992.84 5004.85 -906.169 -281.62 -220.687
3020000 3434.66 4219.86 4885.89 -1288.18 -433.514 -109.343
3030000 2993.87 4387.59 5160.82 -723.395 -240.761 -43.5443
3040000 3871.41 2713.76 5260.99 -666.06 -261.132 -119.818
3050000 3567.65 4167.78 5012.3 -1755.87 -847.685 -165.058
3060000 3464.87 4366.09 4946.26 -1176.74 -476.896 -193.203
3070000 3307.87 4789.55 4812.56 -1793.73 -558.843 406.507
3080000 4095.73 4044.05 4272.87 -1981.38 -20.2659 26.2341
3090000 3932.78 4488.81 4800.11 -1504.26 -87.9519 166.854
3100000 3862.68 5189.23 4200.16 -1689.68 -359.427 336.753
3110000 4001.37 5160.13 4074.91 -1076.85 -255.999 431.937
3120000 3757.33 5202.77 4139.56 -1386.27 59.0929 492.377
3130000 4082.29 3703.32 4841.98 -1662.13 -93.2265 483.401
3140000 3876.88 4414.77 4532.46 -1253.09 -215.756 247.435
3150000 4280.31 3686.17 4708.14 -994.409 -3.97365 -297.19
3160000 3401.66 4985.09 4354.71 -1147.83 -586.322 -327.225
3170000 2949.9 5101.46 4869.58 -1050.66 -965.314 -252.337
3180000 4213.1 4181.09 3873.69 -1085.76 -783.793 -879.961
3190000 5031.04 3445.05 4379.25 -1465.24 8.90768 -375.173
3200000 4437.67 4114.69 4020.15 -1129.71 -612.13 -27.0302
3210000 4074.24 4375.18 4521.05 -1188.32 -616.075 -1053.85
3220000 3726.58 4974.58 5200.44 -747.73 -1006.79 -325.969
3230000 4557.05 4935.88 4472.96 -883.83 170.653 -65.9514
3240000 4354.26 3562.56 5132.33 -738.335 -816.534 -601.205
3250000 4294.52 4137.32 5018.31 -1222.95 -531.124 -803.367
3260000 3843.91 3345.06 5293.1 -488.74 -501.814 -205.125
3270000 3111.52 4505.63 4729.77 -789.456 -38.9836 -802.388
3280000 4250.25 3477.83 5297.87 -1516.9 -261.14 -475.575
3290000 4097.09 3525.14 5338.33 60.2603 -472.721 -1042.25
3300000 3618.73 3731.26 5489.58 3.7444 -801.632 229.512
3310000 4825.38 3030.34 5861.12 -622.025 -219.041 6.25998
3320000 3989.61 3268.79 5946.65 -682.736 -249.991 -640.522
3330000 3470.6 5458.33 5515.41 -488.767 -780.451 -747.918
3340000 3660.47 4044.74 4767.33 140.818 -692.823 -910.699
3350000 3844.09 4320.66 4925.95 585.684 -376.266 -233.471
3360000 3529.97 4176.88 5135.34 444.327 -390.975 -898.579
3370000 3789.51 3964.86 5950.13 -264.214 -554.033 348.767
3380000 3780.3 4465.48 4019.37 226.401 -108.024 256.173
3390000 3574.51 3760.53 5184.41 913.547 -9.66779 200.989
3400000 2617.96 4645.56 5099.4 -160.228 -475.508 364.472
3410000 3601.41 4529.5 4302.24 1016.97 -508.806 37.8221
3420000 2959.48 5098.69 4129.01 1046.53 -709.99 898.605
3430000 3973.2 4519.26 4269.28 702.372 -632.777 546.663
3440000 3216.45 4973.94 4544.36 1273.16 -917.085 203
3450000 3372.28 4505.15 4959.73 1205.94 -457.24 235.894
3460000 4895.83 3385.13 4862.6 1248.41 -587.465 -48.3318
3470000 4763.84 3361.37 5243.29 2080.47 -827.62 -932.009
3480000 4202.33 3081.6 5552.93 2123.57 -695.958 -313.11
3490000 3955.62 3786.84 4905.97 2413.32 -1193.84 -100.928
3500000 4106.36 3655.37 5437.74 2180.77 -569.589 -276.807
3510000 4422.54 3844.43 4879.52 2607.06 -404.725 -654.007
3520000 4335.25 3959.93 5909.78 2345.22 -510.702 166.001
3530000 5259.4 2897.67 5373.55 2770.28 -456.668 -430.212
3540000 4197.48 3074.56 5843.19 1889.94 -760.38 -15.8371
3550000 4304.73 3477.2 5788.97 1596.45 -529.54 82.1184
3560000 3180.88 3885.35 6026.71 2447.11 -1013.7 -384.144
3570000 3078.25 4307.48 4780.1 1712.63 -571.329 312.592
3580000 4738.74 4728.57 4316.36 1753.85 -890.447 459.347
3590000 4010.54 4611.73 4274.98 2984.39 -1191.81 -2.55861
3600000 3826.96 5332.35 4713.05 2664.26 -198.288 -470.799
3610000 4323.67 5689.02 3936.82 2502.63 -176.074 -282.917
3620000 3272.81 6332.49 5008.04 2747.19 -57.0797 372.104
3630000 3976.19 4947.6 4503.63 2384.13 -301.41 -641.843
3640000 2927.92 4631.98 4606.27 2305.72 -226.565 -320.436
3650000 3392.92 4084.32 4671.4 2371.68 -422.193 -222.117
3660000 3324.2 5399.26 3996.09 2412.96 -190.632 -256.419
3670000 3425.39 5367.24 3935.07 875.369 -384.806 -443.204
3680000 4126.68 4636.88 4189.87 1473.71 267.023 -180.795
3690000 3391.31 5071.96 4302.7 2064.62 1130.94 -625.554
3700000 4408.63 4128.15 3841.5 2263.28 -205.498 -963.543
3710000 3947.11 4090.1 4856.24 2463.36 -294.306 -377.348
3720000 3061.2 4393.44 4892 1791.29 -676.467 -341.401
3730000 4258.64 3717.76 4802.18 2711.22 -670.803 -217.527
3740000 3930.84 4752.88 3789.44 2018.56 403.16 -1072.57
3750000 4584.89 4317.28 4722.23 2031.46 484.568 -536.367
3760000 4079.57 5034.46 4154.4 2555.14 258.539 -904.154
3770000 4059 4449.82 3679.46 1970.73 176.28 -128.777
3780000 4085.7 3717.6 4373.57 2313.28 -323.097 -69.4967
3790000 4025.32 4400.88 4216.87 2796.66 -272.77 177.962
3800000 4718.94 4647.31 4476.09 1860.81 -197.858 -72.9696
3810000 4400.52 3850.32 4084.56 2793.94 191.552 -237.08
3820000 4367.13 4391.62 4386.85 2650.87 -245.185 -75.1631
3830000 3767.18 4669.27 4140.73 1680.33 69.9603 58.2277
3840000 3610.29 4934.22 4640.65 2246.14 37.5049 102.149
3850000 4020.09 5027.6 3995.83 1820.47 -346.516 -471.008
3860000 3526.62 5365.54 4293.59 1121.46 530.077 21.7318
3870000 4149.35 4269.2 3752.33 1461.31 147.866 -80.4464
3880000 4720.74 4440.34 3644.19 555.649 -19.3309 -319.228
3890000 4321.63 4020.3 4582.97 1151.2 370.334 267.882
3900000 3835.16 4277 4252.85 650.665 262.459 -138.03
3910000 4538.22 4284.44 3975.44 725.432 -273.917 -67.2136
3920000 4090.25 4223.68 4148.76 601.134 -348.276 -698.717
3930000 4561.19 4243.13 3968.18 240.816 306.215 -1147.6
3940000 4829.8 3510.74 4186.88 -122.397 425.327 -258.201
3950000 3859.47 3989.98 4574.19 27.9265 352.096 -210.746
3960000 3989.5 3400.11 4459.25 -772.048 187.022 -615.005
3970000 4569.37 3415.16 3918.05 -1647.75 359.353 -921.493
3980000 4172.28 4190.54 4735.13 -1777.72 627.187 -686.119
3990000 3557.42 4863.51 4149.38 -1929.63 296.754 -521.929
4000000 5022.59 4074.48 3774.27 -1746.81 105.383 -542.891
4010000 5659.71 3630.46 4137.72 -1339.35 289.157 -184.59
4020000 4314.65 3150.92 4892.33 -1688.17 256.545 -616.03
4030000 4952.84 3100.52 4579.15 -2009.55 -116.589 -443.298
4040000 5533.32 3548.67 4806.9 -2434.9 96.0285 125.092
4050000 5057.49 3847.28 4157 -2189.52 194.641 -159.338
4060000 4057.97 4043.74 4797.11 -1803.03 345.993 -661.08
4070000 4721.4 4505.81 4684.74 -1905.9 38.262 -520.421
4080000 4819.18 4295 4368.34 -2185.49 594.015 -106.256
4090000 5548.18 3431.53 4856.55 -1732.22 763.823 -287.077
4100000 5823.26 3429.02 4228.23 -1959.82 -257.263 -338.6
4110000 4464.32 4291.2 5220.84 -2072.19 -8.30279 -621.088
4120000 5282.78 3553.53 5217.87 -1470.62 402.386 -429.432
4130000 5082.68 3759.07 4467.24 -2074.57 579.321 -893.653
4140000 5086.7 4384.56 4491.59 -1835.59 622.842 -736.781
4150000 4495.73 4399.69 4591.78 -1734.36 473.813 48.2579
4160000 5353.04 4039.42 4707.31 -2205.73 432.274 151.022
4170000 5532.49 4115.49 4597.53 -2329.28 728.005 -174.3
4180000 5158.57 4435.77 4559.33 -2046.36 881.507 227.42
4190000 4862.25 4176.99 5032.15 -1737.94 1020.91 218.934
4200000 4944.44 3626.5 4285.57 -2341.35 571.377 -30.094
4210000 5697.07 3513.65 5093.82 -1549.04 1345.37 319.741
4220000 5933.95 2770.54 4059.61 -940.046 530.377 765.529
4230000 5470.84 2938.95 4525.15 -1215.24 1094.44 298.286
4240000 5540.78 3467 5023.07 -951.3 323.095 450.912
4250000 6339.27 3136.05 4612.18 -990.119 1304.65 146.484
4260000 5099.78 3816.82 4413.34 -755.998 224.758 -8.99734
4270000 5780.71 3765.01 4406.92 -535.448 686.827 -168.969
4280000 5511.74 3408.36 4854.28 -1304.96 114.392 -885.378
4290000 5563.08 3270.58 4605.67 -914.405 610.921 157.396
4300000 5632.04 4200.7 4470.81 -388.168 136.269 63.3527
4310000 4951.76 4133.12 4826.53 248.638 240.709 -224.082
4320000 4654.62 3368.78 5157.49 343.446 252.258 -53.2501
4330000 5087.41 3595.4 5590.46 -380.87 331.043 72.067
4340000 4590.01 3782.07 5355.45 -86.5972 290.786 -13.045
4350000 5682.93 4275.2 4864.52 395.796 820.283 -679.575
4360000 5061.35 3357.7 5282.25 269.959 312.407 -309.311
4370000 5420.56 4469.33 4737.57 463.034 -216.551 -529.035
4380000 5789.45 4307.77 4073.5 952.361 291.838 800.848
4390000 5462.41 4662.83 4240.37 435.728 -168.619 333.38
4400000 5519.24 4366.69 5257.88 827.84 1392.08 232.638
4410000 4781.35 4637.72 4776.72 345.03 451.091 243.14
4420000 6483.89 4346.15 4418.05 650.11 523.899 260.019
4430000 5470.87 5435.75 4288.77 1067.05 189.4 519.003
4440000 5333.99 5665.47 5216.53 461.462 468.923 254.747
4450000 5185.57 4817.6 5409.43 647.576 852.927 -370.785
4460000 5178.24 5424.08 4861.68 740.293 676.492 431.183
4470000 5327.05 5327.15 4616.18 1241.45 -449.056 76.4633
4480000 5069.09 4804.71 4605.5 1281.98 -287.913 73.3571
4490000 5108.75 4751.05 5180.17 975.595 -263.417 -676.921
4500000 5224.37 5207.33 4993.71 1253.04 83.8955 153.109
4510000 5251.92 5901.78 3642.96 1456.75 460.34 766.7
4520000 5219.77 5990.97 4123.36 2297.02 -23.9987 -265.298
4530000 4407.65 5277.14 4567.76 1196.61 93.7146 -159.26
4540000 4542.67 4756.06 4985.5 1456.3 -248.121 842.543
4550000 4438.81 4881.14 5763.9 1992.88 993.936 -513.631
4560000 4577.94 4012.83 4969.95 401.51 -104.393 885.965
4570000 4208.27 4889.1 4735.36 842.341 -630.069 -13.8937
4580000 4497.03 5174.14 4716.66 1101.73 -624.804 -596.771
4590000 4947.36 4181.37 4923.09 894.346 -989.229 316.929
4600000 4551.73 5146.25 4716.83 865.522 -602.562 118.319
4610000 5067.42 4724.19 5670.77 109.093 453.647 -371.666
4620000 4355.01 3702.87 5057.24 555.584 125.825 -507.471
4630000 4401.66 4355.13 5211.71 219.591 964.773 -627.175
4640000 3954.02 4995.69 5832.83 877.656 516.38 482.673
4650000 4641.78 4019.79 6095.06 1259.12 -269.472 317.719
4660000 5443.13 3645.73 4913.68 1610.37 101.355 84.2734
4670000 3885.43 4283.23 6208.38 1342.77 -407.3 -139.976
4680000 5244.93 3768.29 5443.13 1669.94 219.881 70.4141
4690000 4616.33 4066.38 5234.9 818.258 734.431 559.97
4700000 5000 3324.39 6432.91 1883.92 341.119 625.822
4710000 5467.6 3377.24 5636.44 1394.16 156.566 554.814
4720000 5300.75 2995.5 5904 828.743 550.434 214.333
4730000 4158.6 3420.77 5910.87 1196.44 362.729 59.7892
4740000 4997.41 3192.52 5724.17 1257.09 420.883 84.0071
4750000 5282.97 2822.43 5744.25 829.414 239.272 196.443
4760000 4593.64 3147.75 5723.54 715.685 348.38 186.239
4770000 5340.87 3731.64 5888.06 931.936 124.886 594.229
4780000 5183.71 3580.74 4719.75 263.544 -116.723 125.233
4790000 5355.91 3591.49 4540.78 1212.12 605.697 -220.642
4800000 5492.25 4088.77 4433.31 610.715 -516.428 -180.214
4810000 4355.11 4282.85 5083.61 -221.265 -555.252 -685.266
4820000 3935.03 4346.29 5964.09 116.456 96.9041 447.528
4830000 5050.41 3692.61 5802.76 4.88371 707.755 885.466
4840000 4340.18 4470.32 5307.62 745.787 587.827 -113.925
4850000 4395.63 5233.96 5108.72 128.843 34.8107 -339.366
4860000 4553.26 4504.82 4950.52 382.096 25.9013 -67.6197
4870000 5071.05 4107.3 4687.99 -88.0531 232.504 534.484
4880000 3882.31 4807.09 5150.17 203.577 501.606 101.632
4890000 3243.31 4299.11 5956.58 159.483 37.9853 -292.802
4900000 3565.3 4371.92 4622.9 468.05 76.2407 547.38
4910000 4339.93 3815.25 4877.89 -663.276 523.567 -279.354
4920000 4313.2 4648.46 4096.04 -679.467 -176.934 -92.0881
4930000 3822.33 4898.96 4600.7 -783.101 39.759 159.517
4940000 4808.75 3878.81 4020.53 -414.657 -105.691 -351.852
4950000 4495.82 3579.19 4179.04 -1374.71 -922.552 -411.148
4960000 4663.3 3990.93 4931.78 -1203.36 -935.403 181.585
4970000 4028.87 4088.04 4103.93 -1054.91 -302.793 -103.956
4980000 4344.2 3773.96 4570.91 -1172.02 180.597 120.383
4990000 4433.39 3942.18 3893.6 -2219.72 -396.559 156.43
5000000 3282.13 4132.66 4734.6 -1408.16 -150.336 328.28
