# Time-averaged data for fix ps1
# TimeStep c_thermo_press[1] c_thermo_press[2] c_thermo_press[3] c_thermo_press[4] c_thermo_press[5] c_thermo_press[6]
10000 4248.72 4078.53 3248.27 -461.805 186.524 -515.949
20000 4543.25 4031.79 1858.56 482.041 177.266 -1059.22
30000 3692.29 4272.58 3568.03 -268.831 602.947 -62.0351
40000 4876.22 3598.05 1819.1 -979.085 91.927 -334.038
50000 3882.88 3074.1 2217.9 -1699.8 -148.984 -347.947
60000 3713 3927.39 2571.28 -1160.31 45.0689 78.4317
70000 3407.92 2986.89 3284.06 -931.746 -367.001 -615.132
80000 4424.91 2230.22 2900.81 -1234.62 -83.7579 -986.192
90000 4370.74 2380.42 3009.37 -1125.87 423.547 -1506.16
100000 4089.92 3359.5 1737.96 -1498.97 1204.1 -734.003
110000 3748.93 3818.97 2922.83 -1588.41 20.0557 -919.56
120000 4114.48 2845.95 3009.51 -1211.71 359.827 -129.036
130000 4027.35 3361.28 3190.45 -2035.68 -267.693 -201.216
140000 3517.72 3311.56 2872.87 -2653.4 31.2371 -1464.81
150000 3346.06 2883.48 3519.76 -2661.76 288.864 -29.3228
160000 3460.39 2883.94 3823.37 -2152.45 -262.051 -461.555
170000 3829.13 3121.65 3018.29 -1476.43 -148.505 -993.185
180000 4017.23 4173.41 2142.48 -731.17 173.615 -682.349
190000 3107.24 3889.85 2315.88 -1044.47 240.731 -816.973
200000 3193.59 3627.47 2883.17 -908.853 -326.899 -640.167
210000 4552.25 3054.26 2740.43 -769.169 17.0274 34.3676
220000 4193.84 2841.9 3171.18 -311.317 820.966 -1127.19
230000 4044.99 3467.25 2958.45 -527.808 468.198 -612.312
240000 3478.53 3015.52 4450.44 -353.237 408.327 -1017.36
250000 3681.57 3308 3029.45 -1190.15 490.756 -786.358
260000 2973.25 3068.45 3893.66 134.782 1053.78 -740.825
270000 3519.5 3077.45 3188.03 -260.071 303.013 -1346.68
280000 2663.03 3425.88 3340.86 -1298.83 298.709 -1771.92
290000 3151.54 2843.72 3002.74 -327.375 649.385 -1482.16
300000 3332.46 3259.76 2966.51 112.074 -108.486 -957.639
310000 3150.73 1923.21 3822.8 110.186 176.148 -790.902
320000 2628.32 2659.32 3779.98 371.523 306.489 -608.842
330000 3574.82 3110.49 3096.56 246.079 -445.632 -389.299
340000 4602.98 2652.99 2790.25 395.196 -664.376 -986.564
350000 4876.67 1844.45 3418.04 -74.0633 154.143 -1074.91
360000 4313.18 1369.28 2908.46 36.3382 604.546 -634.944
370000 4739.62 2327.87 1986.44 -499.894 -164.784 -911.5
380000 3993.17 2467.36 2798.99 -228.653 -86.1165 -776.997
390000 3891.64 2932.08 1784.43 279.33 267.394 -873.625
400000 3648.09 2195.9 2004.62 403.685 644.391 -1570.26
410000 3906.28 1905.73 2510.05 1350.09 442.807 -901.001
420000 3587.63 1760.33 2697.27 885.522 334.521 -814.932
430000 3720.72 2062 2222.66 1679.73 346.83 -1142.13
440000 3902.83 3027.53 1716.2 2461.78 -196.058 -732.83
450000 3656.7 2246.51 2271.49 1132.63 597.936 -636.914
460000 3854.9 2617.13 2517.98 1304.8 763.958 -476.955
470000 4432.72 2237.3 2017.16 1540.77 237.768 -858.906
480000 3303.21 2779.29 2732.34 1762.32 337.241 -662.331
490000 3268.38 2926.33 2570.43 2287.93 135.797 -795.575
500000 3378 2595.79 2337.28 2560.72 -154.401 566.193
510000 3049.14 2993.26 3249.28 2218.66 -75.2554 -15.9321
520000 3105.23 3389.72 2446.12 2640.51 179.982 -982.169
530000 2669.92 3164.72 3336.05 2599.13 875.012 -825.456
540000 3988.03 2623.07 4025.78 2407.99 264.454 -1035.03
550000 2447.59 3335 2532.86 2051.33 650.245 -435.562
560000 2676.95 2504.47 3063.12 2376.02 279.652 -524.82
570000 3316 2385.78 3270.33 2004.5 -88.8104 -956.503
580000 2756.99 2561.81 3552.21 2180.73 -130.193 -1073.38
590000 3029.7 2233.73 4235.66 2275.29 -656.431 -783.079
600000 2533.71 3109.72 3622.62 2147.99 -504.009 -765.665
610000 3872.58 2114.06 3993.29 1820.7 -541.357 -107.532
620000 4006.58 2808.09 2896.38 1854.67 -641.491 323.865
630000 3447.45 3129.49 3839.7 2353.85 33.4838 -156.509
640000 3151.82 3163.54 3542.55 1815.88 120.503 -718.175
650000 2745.4 3627.32 4874.78 1646.13 389.227 305.014
660000 3791.4 3164.23 3638.16 2577.35 -98.846 -114.613
670000 3517.47 2729.33 3823.22 1583.71 -279.101 -610.314
680000 2287.43 2601.31 3949 1557.15 -68.6679 -2.59272
690000 3079.85 3029.42 3214.39 1552.4 288.163 -375.305
700000 2612.52 2720.95 3918.19 1152.04 484.405 -408.701
710000 2568.66 2195.07 3707.19 1376.76 -87.7511 -131.812
720000 3746.54 2288.55 3541.62 417.948 -326.083 268.285
730000 3133.75 2453.48 3551.99 653.802 -553.542 -152.104
740000 3329.28 2390.01 2769.77 599.64 -698.859 365.474
750000 3247.25 3043 3206.81 448.826 -521.914 531.922
760000 2561.13 3231.33 4187.23 -2.39066 43.3227 480.591
770000 2417.74 2707.84 3923.09 328.048 -712.168 -83.2858
780000 2522.8 3400.32 3300.83 269.629 -120.708 246.986
790000 2552.49 2236.91 4439.27 608.487 439.598 719.683
800000 1871.96 2734.22 4332.31 562.024 -224.474 -139.998
810000 2723.33 2327.22 4366.16 390.086 -447.792 358.781
820000 2818.4 1695.42 4631.09 365.985 -192.414 805.019
830000 3311.94 3006.69 3556.78 290.933 -238.587 115.966
840000 3132.59 1547.64 4543.57 -107.205 139.993 482.375
850000 3536.25 2828.16 3414.35 -307.529 -278.148 526.538
860000 3025.11 3454.01 3394.47 -537.321 -751.732 491.163
870000 3302.59 3223.9 3995.93 -863.458 -695.607 4.87574
880000 4395.59 2964.68 2728.8 -521.219 -594.503 605.497
890000 2474.76 3045.62 3790.9 -1135.1 -883.431 53.1792
900000 3964.67 2723.89 3351.17 -771.455 -158.64 513.828
910000 3670.71 3043.61 3202.82 -1329.95 620.769 527.705
920000 3277.8 1265.07 3850.35 -886.463 447.496 605.118
930000 3840.06 2531.75 4028.57 -1362.69 -270.146 294.39
940000 3417.88 2123.8 3544.07 -755.447 -165.863 103.418
950000 2763.88 2398.4 4045.69 -1243.75 166.343 575.921
960000 3041.67 2957.35 3105.18 -965.965 -552.537 679.828
970000 3280.05 3373.92 2780.79 -1534.94 -384.096 868.803
980000 3528.57 2038.17 3484.43 -1495.23 -107.482 772.539
990000 2555.3 2591.37 3328.32 -1491.77 -147.571 183.284
1000000 3377.17 3078.27 3198.09 -1065.17 130.564 -146.031
1010000 3244.32 2976.59 3114.84 -1333.34 -731.713 213.809
1020000 2903.2 3396.45 3328.81 -1647.11 -619.354 219.302
1030000 3346.35 3516.61 3493.49 -2101.66 -481.706 344.331
1040000 2857.59 3262.03 3321.13 -1851.24 -123.754 -113.702
1050000 3275.72 3709.64 3013.61 -1649.25 374.654 19.315
1060000 3862.53 3809.59 2159.95 -2114.13 246.979 13.4117
1070000 3657.36 2929.58 1865.99 -760.647 270.957 416.527
1080000 2962.39 2585.8 3230.57 -1058.81 611.012 178.344
1090000 3715.31 2842.24 2591.64 -1169.02 705.333 316.708
1100000 4000.35 1428.27 3251.33 -1402.75 361.364 582.679
1110000 2788.66 2735.69 1904.85 -1217.41 -900.317 141.29
1120000 3295.92 2978.22 1997.87 -899.814 -51.9038 217.86
1130000 3438.54 3582.1 3005.26 -1545.9 -527.757 621.143
1140000 3852.26 2569.4 3368.26 -1815.4 -425.077 722.285
1150000 4366.17 3307.95 2420.4 -1938.27 380.086 402.119
1160000 4021.44 2860.28 2402.07 -1239.25 -672.298 -169.03
1170000 4160.42 3309.29 2336.21 -600.964 -557.016 -495.029
1180000 2643.38 3501.78 3182.31 -745.141 -344.407 -277.622
1190000 3536.68 3266.19 3097.17 -658.676 -333.978 -524.971
1200000 3536.53 2988.7 3310.88 -756.45 -55.5283 245.836
1210000 4266.14 2918.64 2673.11 -285.699 490.431 -311.596
1220000 3760.51 3293.77 2906.07 -407.929 797.729 23.7205
1230000 3719.05 2608.05 2691.04 -754.344 -92.3763 -438.169
1240000 4542.87 3120.32 2245.87 -580.822 525.814 -340.048
1250000 3527.82 3342.58 3381.43 -198.048 99.6172 -32.9247
1260000 3058.83 3544.49 3920.63 -469.654 267.673 -806.242
1270000 2515.78 3709.33 3610.65 32.5769 -606.962 -560.826
1280000 3541.18 3147.33 3914.71 82.422 -437.374 -725.294
1290000 3695.51 2774.81 3500.95 -582.903 -6.26751 -269.262
1300000 3221.82 3381.68 3919.75 -438.08 -445.493 -321.021
1310000 3230.58 2878.66 4070.12 -267.099 -138.404 -357.179
1320000 2869.84 3615.13 3319.31 605.163 31.1641 -245.568
1330000 3042.93 3723.17 3139.03 64.6597 189.19 447.71
1340000 2743.66 3167.71 2832.13 125.017 734.552 -516.229
1350000 4288.34 2809.89 3956.06 618.869 -179.975 658.699
1360000 3905.65 2848.64 3675.17 320.913 -84.3681 844.501
1370000 2842.61 3638.3 3348.58 862.702 771.251 679.565
1380000 2602.65 3354.5 4459.5 1474 568.935 369.64
1390000 3125.87 3554.75 3606.54 1154.54 -178.292 -261.358
1400000 3306.69 2203.01 4579.94 1301.32 519.197 412.822
1410000 3678.1 2907.79 4091.69 -387.278 288.179 -229.623
1420000 2735.6 2586.39 4550.17 214.669 -245.327 -810.472
1430000 3110.28 3253.63 4135.42 342.054 -310.753 -449.762
1440000 3406.91 3288.99 4295.3 676.561 -59.4854 -547.689
1450000 3119.68 2587.32 4835.46 1036.65 -514.617 37.8657
1460000 3432.46 3426.22 3127.77 1090.28 -613.337 437.246
1470000 3242.51 2574.91 3805.94 -213.257 -232.159 372.586
1480000 3190.78 3126.06 3187.97 998.082 -531.886 -135.805
1490000 3286.69 3036.88 3984.86 752.709 -189.667 -17.0583
1500000 3560.89 2646.11 3752.96 370.87 -622.016 315.531
1510000 3623.91 2636.52 4197.83 602.776 -173.792 -730.492
1520000 3757.86 2470.83 3889.28 488.646 -489.905 24.9478
1530000 3526.84 2996.1 3833.56 1363.14 -573.802 -981.686
1540000 3701.2 2803.69 3105.33 857.121 -513.016 -1075.62
1550000 3126.97 2712.2 3119.74 949.718 -264.325 -468.386
1560000 3267.46 2319.46 4138.54 1151.06 64.112 321.099
1570000 3885.46 2492.58 2909.54 1096.81 -220.358 139.392
1580000 2787.36 1963.96 4143.54 1258.79 322.726 -207.431
1590000 2640.47 3508.31 3986.58 1710.96 -616.857 -268.943
1600000 3285.13 2642.52 3779.61 1697.26 -303.765 224.012
1610000 3368.18 2409.53 3288.74 1463.13 229.456 496.783
1620000 3185.3 3292.1 3264.28 1500.95 -333.598 1147.81
1630000 2851.67 2507.95 2530.25 2621.04 -302.338 1128.76
1640000 2723.06 2199.36 2674.75 1771.68 19.8776 1251.85
1650000 4094.06 2315.49 1727.93 2244.1 -2.43147 244.204
1660000 4177.83 3874.59 1552.92 2476.65 287.696 249.866
1670000 4034.09 2702.95 2412.14 1902.7 -416.8 307.279
1680000 3955.08 2295.13 2351.28 2201.07 -760.483 -82.1175
1690000 4612.7 2931.8 1510.07 1747.02 -1224.77 2.94864
1700000 4538.17 2879.31 2047.36 2013.91 -769.18 458.401
1710000 3428.22 3052.3 2300.25 1879.76 -569.662 272.066
1720000 4648.64 2797.76 2211.9 1654.73 -571.732 -315.407
1730000 3426.07 1703.19 3063.67 2278.75 -351.845 -224.045
1740000 3624.62 1877.31 1764.08 1787.36 -703.821 140.585
1750000 3751.77 2023.93 2852.03 1761.5 -350.096 211.32
1760000 4183.14 1775.15 2314.6 1904.63 -163.627 -564.455
1770000 3747.24 1416.39 2452.88 1803.11 839.474 -250.298
1780000 3668.5 2724.59 1883.78 1214.19 743.034 -384.182
1790000 3717.38 1874.23 3124.3 1501.17 851.868 -378.263
1800000 4022.45 1517.88 3411.28 1179.25 696.672 -169.837
1810000 3567.84 2238.54 3151.84 519.014 -83.7974 -407.023
1820000 2898.04 1819.24 3886.57 955.043 -148.696 108.572
1830000 3051.77 3119.45 2896.65 544.96 394.401 -113.026
1840000 3666.44 3790.84 2421.3 972.871 607.652 -573.361
1850000 3907.36 2470.47 2565.47 -179.182 -121.977 -130.874
1860000 2813.39 2775.17 3620.54 1129.5 415.157 133.945
1870000 2553.15 2918.6 2931.56 908.392 38.4142 459.509
1880000 2591.77 2701.89 3924.19 725.273 -88.6029 -32.2118
1890000 2333.75 1888.98 3230.68 810.536 676.604 -334.79
1900000 2157.05 2578.47 3957.8 258.171 252.8 691.264
1910000 3064.75 2790.34 1994.59 -130.091 -641.331 347.634
1920000 3601.99 2902.41 2412 -136.116 570.577 628.316
1930000 4445.74 2094.42 2650.15 161.608 -72.5745 -558.512
1940000 3284.35 2716.57 2777.58 78.9182 -256.938 341.605
1950000 3462.02 2201.77 3524.72 505.42 480.487 242.583
1960000 3350.09 2939.69 2897.3 515.746 -862.68 170.342
1970000 3661.41 3041.67 3086.71 86.6444 151.967 657.177
1980000 2535.91 4621.43 2526.93 -450.057 19.4456 744.596
1990000 2527.22 3791.64 3459.75 -712.373 -44.7399 1369.98
2000000 3082 3135.93 3386.14 -100.554 -102.956 648.589
2010000 3729.42 3229.66 3057.37 -287.079 647.027 422.74
2020000 3772.41 2835.37 3397.17 -307.764 464.559 303.504
2030000 4214 2653.62 3031.41 -222.523 -83.8279 541.787
2040000 3229.06 3187.06 2923.27 -336.935 -746.902 478.927
2050000 3261.4 3851.19 2546.33 -645.854 -915.001 739.304
2060000 3710.42 3625.31 2565.62 -1022.32 -495.549 569.56
2070000 3691.36 3529.82 2568.89 -990.753 -708.562 227.94
2080000 3831.34 3607.35 2866.18 -786.705 -715.828 716.58
2090000 4390.59 3345.29 2137.57 -944.827 -667.233 142.5
2100000 3296.29 3697.82 3065.88 -1062.01 -647.954 -454.214
2110000 3359.75 3057.49 3399.13 -1193.8 -1234.19 300.273
2120000 3414.66 2797.91 3883.21 -1071.74 -590.313 -116.727
2130000 3027.81 3407.05 3400.31 -2220.66 -692.571 666.866
2140000 3204.04 2296.23 3697.15 -1698.99 -977.412 783.576
2150000 3550.76 2785.32 3259.9 -498.203 -61.688 87.0964
2160000 3699.43 2177.12 3871.75 -1301.61 -170.694 297.959
2170000 2912.01 2309.19 3470.79 -535.371 -274.619 52.993
2180000 2798.88 2903.64 3382.78 -568.527 -480.069 -362.28
2190000 3519.53 2834.33 3151.06 -1363.21 -223.84 -50.6314
2200000 3837.49 2435.72 2898.54 -627.105 -457.827 20.6783
2210000 3671.83 2779.43 3015.24 -1483.76 -616.235 298.188
2220000 3963.33 2927.96 3376.21 -661.699 -256.794 -249.866
2230000 3449.17 1734.92 3551.06 157.561 -61.5927 135.795
2240000 3298 2937.16 2411.12 13.6133 -810.942 -379.809
2250000 3217.55 3297.75 1950.56 -799.362 -210.753 -616.455
2260000 2564.84 3227.11 2648.74 -748.226 -925.94 -299.666
2270000 3312.36 2933.35 2534.57 -1096.85 -595.037 -329.185
2280000 3590.52 3365.24 2207.1 -861.116 135.542 -50.7979
2290000 3852.31 3347.92 1871.83 264.262 165.134 -325.21
2300000 2793.83 3373.35 2397.68 179.153 664.036 -124.303
2310000 3853.6 2802.14 2689.47 613.545 -347.102 -213.321
2320000 3440.26 3292.63 2404.61 380.269 -73.8 -178.103
2330000 3447.99 4278.88 1716.82 492.893 -336.026 -776.415
2340000 4024.18 3249.29 1746.31 1300.63 225.521 -967.077
2350000 2590.18 3288.59 2966.43 1481.4 -104.484 -675.51
2360000 3944.72 3005.21 2200.53 1357.64 124.044 -65.0425
2370000 3281.28 3278.44 3036.5 1805.55 -823.827 141.52
2380000 3168.83 3241.38 3208.21 1373.12 -252.258 -232.777
2390000 4011.36 3113.54 3375.93 1488.05 73.8057 -227.575
2400000 3590.53 3818.53 3144.29 504.937 153.672 -636.283
2410000 4390.62 4318.92 2683.94 1246.8 -198.818 308.116
2420000 3571.76 3513.81 3024.79 713.411 -1133.72 -426.764
2430000 4425.75 4607.45 2307.74 1050.75 -286.64 642.859
2440000 3082.82 4508.21 2786.15 1300.06 -313.989 -89.6395
2450000 3537.61 3456.29 2964.5 1466.71 -591.601 527.054
2460000 4146.8 2979.82 2934 829.397 -153.954 -351.453
2470000 3785.33 3275.5 2857.25 1300.82 -332.429 17.1825
2480000 3711.34 3817 3114.95 1756.09 -1263.31 -928.174
2490000 3543.02 4514.7 2081.06 1350.24 -551.352 -92.2025
2500000 3107.46 4747.73 2962.91 1258.93 -1193.07 592.301
2510000 2857.14 4370.83 2798.16 943.207 -408.704 1355.69
2520000 2351.65 3679.71 3332.17 1306.47 -34.4667 -198.809
2530000 3338.35 3983.08 2760.22 946.69 -430.548 15.3104
2540000 3310.02 3096.43 3170.23 1034.34 399.381 -660.736
2550000 2637.49 4617.16 3630.4 803.72 -121.683 -288.774
2560000 2629.9 3829.37 3529.13 826.221 -1211.71 -265.651
2570000 2990.01 2446.14 4507.93 1399.14 -475.65 320.784
2580000 1828.51 4520.59 3320.93 710.153 -248.139 623
2590000 2634.89 4322.04 3828.18 441.94 -808.167 1077.93
2600000 3307.86 2937.35 2957.04 1837.93 -466.729 817.243
2610000 3578.85 3910.89 3105.2 1848.32 -1094.89 108.972
2620000 2916.74 3814.35 3391.32 1935.27 -98.4554 437.97
2630000 2270.4 3900.6 3963.12 1555.44 -712.095 1070.28
2640000 3369.36 3259.15 3257.54 618.194 -1339.19 880.065
2650000 3345.4 3493.64 3845.72 952.496 -406.445 135.102
2660000 2850.62 3268.64 3942.13 1479.05 -656.691 321.007
2670000 2848.55 4114.07 2937.51 672.397 -483.929 878.648
2680000 3341.66 3816.81 3172.77 910.819 161.068 -218.701
2690000 2887.97 3009.84 3816.17 1701.79 -98.2481 714.406
2700000 2536.5 3472.26 4641.62 1318.44 466.331 -290.708
2710000 2795.04 3505.49 3823.94 76.7106 1490.49 379.538
2720000 2761.38 3854.88 4844.28 1045.66 1622.68 -433.769
2730000 2714.1 3257.34 3941.02 643.718 512.235 95.1358
2740000 3507.44 3951.73 3510.03 1373.84 445.227 804.705
2750000 3212.99 2472.51 4219.46 2013.45 -529.152 343.781
2760000 3292.1 2427.34 4177.37 628.713 303.464 514.553
2770000 3278.19 2347.99 3271.52 1450.49 -444.455 953.141
2780000 3143.99 3029.78 2757.11 -57.9136 -753.459 607.641
2790000 2612.13 2133.67 3657.22 -239.961 -507.767 356.324
2800000 3211.86 2453.32 2965.98 370.137 -575.811 -91.9658
2810000 2655.15 2380.73 2948.24 1209.17 672.923 435.532
2820000 2783.02 2727.3 2839.34 935.797 -170.416 396.969
2830000 2731.03 2633.47 3550.67 852.705 -140.787 557.135
2840000 2895.35 2383.4 3166 527.704 -711.079 726.708
2850000 2099.24 2583.72 3057.84 -191.449 -290.407 1000.39
2860000 1902.61 3081.22 4053.08 471.975 -205.217 -341.147
2870000 1912.87 2359.27 3607.5 666.956 -772.309 131.208
2880000 1383.41 2899.79 4372.88 -33.4132 58.0552 452.386
2890000 2896.64 2268.27 3581.36 333.206 -292.109 674.927
2900000 3103.63 2502.97 3162.06 -835.193 98.0151 646.035
2910000 3266.76 2485.99 2837.33 -890.239 327.635 880.012
2920000 3485.45 1983.14 2225.36 -301.958 814.98 411.441
2930000 2682.79 3373.51 3142.01 -829.286 634.819 -158.456
2940000 3793.06 2774.54 2556.11 -347.929 503.144 -426.212
2950000 2732.72 3110.61 3278.56 -197.604 -355.45 409.233
2960000 3131.94 2716.5 3259.45 -1076.97 671.024 -611.276
2970000 2906.15 3527.44 2001.77 -1455.46 -267.499 -453.297
2980000 4193 2408.36 2475.02 -1293.34 -76.925 -288.471
2990000 2766.58 3155.91 2762.13 -1454.67 140.355 -93.8986
3000000 3879.73 3184.79 3491.91 -1404.73 -611.117 65.5281
3010000 2684.19 3128.26 3721.47 -1365.27 118.265 3.66059
3020000 3453.63 2836.69 3780.19 -1134.92 308.238 692.907
3030000 3352.45 2074.82 3436.01 -1962.63 -248.57 360.27
3040000 3860.72 3125.7 3455.93 -1223.85 18.4715 472.353
3050000 3074.91 4053.88 2228.16 -1446.15 -162.115 602.647
3060000 3057.73 3331.14 3319.7 -2004.7 491.307 502.253
3070000 3150.1 3073.35 3716.33 -1706.08 283.905 252.479
3080000 3861.41 4136.9 2727.86 -1961.24 373.726 268.567
3090000 3356.24 3797.08 3082.22 -2009.04 -266.533 674.859
3100000 3562.81 3967.81 3481.72 -1955.82 1058.95 970.453
3110000 3110.24 3841.97 3510.19 -2129.6 418.662 689.434
3120000 4425.87 2955.87 3569.09 -919.662 436.036 484.815
3130000 3630.53 2948.78 3220.87 -483.069 1177.51 400.786
3140000 3107.65 3656.77 3750.6 -1598.48 979.083 -263.956
3150000 3419.35 2906.45 3538.69 -136.928 1026.58 -269.118
3160000 3377.63 2558.16 3194.73 -1061.23 1080.8 935.963
3170000 4023.29 3181.53 3112.6 -714.23 1066.9 757.752
3180000 3005.2 3842.64 2809.49 -450.932 731.318 -61.1574
3190000 3429.37 2809.11 3032.71 -717.793 948.871 228.314
3200000 3555.75 2331.1 2496.77 -1004.53 1338.37 -64.238
3210000 3469.71 2323.81 3358.32 -964.246 730.519 -703.683
3220000 2876.58 2296.62 3129.17 -293.371 745.938 -91.874
3230000 3222.44 2677.99 3237.16 -593.517 236.791 320.383
3240000 3068.18 3467.08 2594.05 -531.959 484.684 -113.832
3250000 4183.22 2877.49 2159.73 -1330.89 539.187 124.058
3260000 4466.6 2930.18 2660.25 -1688.11 694.151 341.207
3270000 3930.04 2719.38 3023.33 -1390.7 -44.9123 963.664
3280000 3637.04 2552.13 2347.27 -1894.2 19.6239 642.441
3290000 4056.65 2903.15 2893.31 -1398.48 400.508 473.143
3300000 4511.39 2672.51 3269.75 -219.953 289.992 85.9245
3310000 4224.18 2187.65 3053.9 -1099.37 374.751 387.081
3320000 2924.03 4386.24 2032 -600.454 -75.5687 770.356
3330000 3344.82 2994.52 2695.35 -512.666 500.716 1011.01
3340000 3298.24 3236.51 2973.68 -352.505 -87.4136 646.551
3350000 3019.85 3878.81 2931.9 -606.705 429.159 1162.34
3360000 2621.45 4080.78 2601.19 -161.115 -350.266 351.014
3370000 2957.14 3360.53 2302.06 324.502 15.9432 -235.413
3380000 3231.84 3837.89 3489.65 600.591 161.887 -267.359
3390000 3115.74 3292.73 3953.79 638.372 791.75 -456.642
3400000 3266.88 3304.18 3276.77 852.264 -504.338 -112.774
3410000 3865.45 3112.18 2591.8 -163.763 670.83 30.39
3420000 4493.23 2639.95 3142.88 -80.4808 421.77 -235.21
3430000 4108.52 2090.53 3030.96 -402.21 509.937 1192.62
3440000 5141.56 1798.26 2443.19 106.966 -88.637 123.774
3450000 4841.49 2764.97 2548.29 499.634 -471.476 605.608
3460000 4788.21 3069.88 3260.88 815.312 335.31 577.475
3470000 4566.89 3367.54 2819.72 911.05 -229.732 -485.385
3480000 4502.71 3436.24 2474.09 593.176 1405.13 -891.741
3490000 2876.99 3986.66 3749.82 1167.91 -46.208 -209.636
3500000 3689.35 2480.2 3633.66 1080.24 -220.049 -118.711
3510000 2746.49 3668.17 2553.75 1129.15 -697.302 239.522
3520000 3062.06 3353.61 3054.52 1182.07 -1512.88 328.093
3530000 4161.59 2769.64 2501.47 308.604 -553.819 -423.983
3540000 3506.34 2753.26 4242.35 1108.17 -545.41 -34.8454
3550000 3643.5 3290.55 2981.52 407.402 -1101.36 241.374
3560000 3728.1 2473.9 3740.02 690.877 -784.585 -503.75
3570000 4113.43 2706.3 3861.62 1116.39 988.607 -269.525
3580000 4689.31 2694.2 2905.34 776.949 619.156 873.688
3590000 3431.07 2863.49 3676.85 1217.44 -140.836 -665.298
3600000 4314.47 2690.91 3212.91 1220.74 258.62 -5.51505
3610000 4194.41 3183.39 3410.01 1366.3 583.467 233.042
3620000 3597.24 2747.41 3495.49 1029.69 449.447 19.8953
3630000 3702.61 2296.69 3262.79 480.943 71.6473 -97.8793
3640000 4360.52 2559.28 2967.32 995.325 758.639 243.897
3650000 3495.58 2476.58 4186.4 866.664 386.419 -89.5494
3660000 3188.88 2404.75 4821.36 894.665 -240.595 70.3731
3670000 3407.1 2939.48 3784.14 1309.93 490.479 363.756
3680000 4324.35 1529.47 3975.86 1486.46 969.833 401.166
3690000 2943.89 2504.1 3777.11 -55.3652 58.2944 198.316
3700000 2208.62 1779.18 4574.99 1220.81 -1.24901 267.351
3710000 3149.07 1004.23 4842.49 939.168 400.879 492.547
3720000 3434.49 1449.91 4443.86 779.228 595.723 22.6839
3730000 3164.57 2301.49 4657.08 530.406 607.418 285.172
3740000 3602.35 1665.48 3485.84 15.5103 -116.221 116.424
3750000 3622.81 2261.2 3385.57 108.606 205.824 1.34794
3760000 2477.08 2877.05 3625.52 -272.34 958.743 194.337
3770000 1942.63 4068.03 3496.61 321.14 989.218 -373.079
3780000 3677.5 2455.52 4034.14 438.792 142.697 -92.5171
3790000 2887.27 2702.45 4738.59 544.954 1287.6 269.65
3800000 3337.94 2200.87 5145.97 -174.139 280.849 94.6145
3810000 1992.74 3093.14 5114.94 -614.746 -256.906 -361.886
3820000 3107.39 3271.67 3743.45 -542.601 -133.471 -504.291
3830000 3183.25 3419.52 3790.55 -570.93 -866.468 -204.573
3840000 2584.84 3324.93 4473.89 -234.74 96.2096 128.433
3850000 2354.46 3041.69 4580.11 -215.599 227.755 -0.363431
3860000 1782.99 3662.47 4523.24 -1452.09 -306.78 -686.817
3870000 2616.09 1841.53 6164.71 -819.658 323.415 57.369
3880000 2108.02 3002.66 4546.08 -265.586 573.57 463.997
3890000 3222.18 3011.62 4295.46 -426.279 823.339 394.216
3900000 4025.4 2967.26 3802.64 -1265.59 940.694 497.367
3910000 4023.98 3169.52 3452.74 -155.293 885.168 334.184
3920000 2634.13 3006.86 4633.85 -1661.7 841.455 747.487
3930000 4258.66 1942.36 5603.97 -845.162 554.729 -14.0337
3940000 4205.18 2375.68 4314.75 -307.689 909.074 253.643
3950000 3767.92 4005.96 3542.52 -299.105 1274.48 -767.956
3960000 3991.89 3893.1 3058.17 -1522.31 853.687 41.6434
3970000 4031.6 3652.96 2786.95 -1415.78 637.532 -14.3324
3980000 4592.06 3147.39 3365.01 -1300.68 -209.395 739.363
3990000 3486.36 2892.38 3132.56 -1825.81 873.177 -311.078
4000000 4361.98 3846.32 2901.99 -1348.69 656.814 -218.543
4010000 3502.09 2976.33 3793.02 -1005.03 300.6 -330.04
4020000 4843 1743.96 3216.28 -1410.79 89.7175 399.179
4030000 4697.9 3039.61 3419.09 -1268.84 748.613 -147.984
4040000 4658.78 3563.69 3103.06 -308.78 491.177 -924.766
4050000 4177.36 3751.09 3607.12 -1032.66 -122.665 52.6374
4060000 3576.69 3599.82 3350.13 -1493.02 372.403 -243.496
4070000 5524.12 2541.82 2601.94 -851.278 53.5173 -165.257
4080000 4272.55 3260.91 3158.62 -1479.39 594.181 -288.213
4090000 3926.21 3144.26 3131.93 -1415.4 -297.521 166.563
4100000 4211.11 3517.04 2911.97 -1083.23 194.854 -428.012
4110000 4280.89 3116.44 3511.6 -1243.85 1171.73 6.72393
4120000 3856.48 3823.38 3382.24 -1404.24 -310.974 -494.431
4130000 3746.73 3951.33 3436.9 -1510.07 -309.757 -697.546
4140000 3951.4 3481.13 3192.37 -927.636 -42.0958 -771.145
4150000 3582.16 4984.09 2372.56 -1658.93 355.236 -218.343
4160000 4113.21 3981.85 1390.12 -1173.53 262.888 630.462
4170000 3278.22 4156.9 2186.92 -814.23 -347.768 -560.553
4180000 3295.52 2873.41 2689.73 -1437.31 886.141 -101.023
4190000 3873.23 3876.04 2167.96 -1585.55 498.047 -797.099
4200000 4150.02 4487.37 2364.79 -938.34 193.002 89.0063
4210000 3870.91 3958.42 2678.96 -648.952 459.598 -374.145
4220000 3261.4 3935.63 3305.57 -443.541 -763.906 476.723
4230000 3817.95 3252.06 2875.14 -689.447 218.501 -242.37
4240000 4618.12 3179.97 2263.8 -559.42 215.491 -80.9655
4250000 4985.15 3363.99 2410.85 -391.863 -120.961 -487.205
4260000 3464.45 2821.15 2914.96 414.256 665.526 -361.47
4270000 3749.7 3067.66 3482.72 -344.205 520.945 -240.517
4280000 4450.44 2760.22 3204.81 -49.8474 129.146 169.858
4290000 4332.93 3095.61 2883.75 404.072 322.366 260.129
4300000 4059.34 2305.59 2755.49 -546.504 252.855 513.308
4310000 3853.39 2673.63 2331.83 280.126 94.8748 506.194
4320000 3430.43 2572.04 2664.89 102.266 652.25 754.062
4330000 3777.41 3611.02 2390.47 -859.714 -152.858 444.673
4340000 4288.81 3555.95 3265.74 726.363 -19.1638 -134.78
4350000 4534.55 3016.18 3137.55 408.625 -110.106 -303.871
4360000 4075.87 2671.55 3613.22 658.917 -168.517 -762.285
4370000 3728.56 2836.33 3423.79 658.02 650.281 -790.473
4380000 3588.5 3071.48 3330.43 177.173 371.481 -787.068
4390000 3981.19 2175.96 3235.64 429.769 267.548 -249.904
4400000 4729.35 1251.25 3475.96 770.144 243.27 458.586
4410000 3927.53 2186.63 2808.11 847.88 1232.08 570.284
4420000 3702.55 3227.63 2784.57 629.242 -545.004 -172.999
4430000 4972.32 2113.34 2585.07 776.573 775.968 111.689
4440000 4368.51 3060.08 2616.34 1079.56 -30.7847 58.754
4450000 3907.47 2851.95 2801.03 739.799 587.705 760.708
4460000 3978.23 3422.69 2805.05 1639.33 1148.19 123.11
4470000 2465.41 3501.36 3826.95 1102.65 290.324 -703.642
4480000 2832.5 2333.5 4003.17 1709.35 368.682 168.215
4490000 3725.77 3706.3 2805.52 2223.51 63.6813 -477.048
4500000 3227.79 2913.95 2647.53 2002.47 -471.968 -529.705
4510000 3131.92 2916.15 3177.77 1313.24 113.332 280.99
4520000 3919.31 2595.1 3352.79 1133.7 -1329.47 54.9417
4530000 5027.31 2954.83 1813.42 1240.06 -600.958 527.041
4540000 4477.65 1549.83 2607.11 1926.29 -129.328 376.39
4550000 4162.91 2073.05 2554.21 2140.65 -440.044 654.506
4560000 3554.79 874.329 3393.11 2084.79 -488.199 473.399
4570000 3447.4 1308.52 3049.82 1701.29 470.083 179.675
4580000 3755.6 2832.88 1602.36 1604.06 238.869 515.855
4590000 3514.25 3442.67 2410.25 1384.92 -23.9432 47.0963
4600000 4258.01 2036.6 2905.38 1330.65 136.23 677.604
4610000 3200.27 3110.5 2906.2 2321.41 473.203 390.675
4620000 3199.62 2429.99 3052.97 2665.72 492.317 435.224
4630000 3584.8 2570.93 3336.37 1846.26 -245.602 -51.8882
4640000 2900.41 2427.75 2751.18 1700.26 -111.352 177.631
4650000 2054.28 3179.59 3635.85 1714.67 377.543 -16.2908
4660000 2052.14 2810.93 3392.59 1612.77 -168.07 678.894
4670000 2480.65 2692.48 3011.7 1563.95 -26.7107 152.974
4680000 2445.52 3165.81 3262.57 760.32 401.535 -571.094
4690000 4129.18 2939.57 1471.16 1119.73 -774.195 -396.085
4700000 2739.06 3122.4 2972.18 911.757 -455.866 53.9723
4710000 3156.32 2705.42 2929.06 1532.1 -609.508 378.601
4720000 3582.74 2813.33 3121.86 1682.89 469.081 331.037
4730000 1723.52 3468.06 3538.52 848.408 1165.5 480.266
4740000 3278.69 3385.01 2802.89 592.788 779.421 -120.081
4750000 3132.46 3108.6 3448.14 1213.94 627.045 -232.975
4760000 2695.09 3406.52 3947.72 592.395 787.041 -760.92
4770000 2337.3 3216.02 3565.93 578.833 737.256 -853.47
4780000 2293.53 3617.97 3936.3 439.62 303.321 -392.733
4790000 1700.03 2983.23 3945.71 396.065 165.546 -439.973
4800000 3063.07 3448.16 4019.11 -413.617 -287.073 -295.157
4810000 2705.58 3666.23 3621.02 -189.385 -173.843 313.395
4820000 2150.42 3416 4117.4 -728.352 99.3205 -87.2597
4830000 2745.8 2907.11 3774.77 -704.328 -666.982 24.229
4840000 2433.55 2408.31 4737.37 -1283.3 -51.0036 -267.784
4850000 3054.13 1618.12 4546.41 -1577.01 -528.348 -880.231
4860000 2086.25 2404.8 5078.52 -1177.14 538.248 -467.193
4870000 2338.38 2994.78 4102.63 -864.551 -560.824 -742.97
4880000 2909.99 3163.33 3830.31 -1067.06 -273.87 -767.511
4890000 2855.53 2438.81 3903.25 -896.011 -57.3154 -691.481
4900000 3354.77 1694.58 3821.33 -589.807 812.756 -916.37
4910000 3696.45 3014.68 3344.78 -184.988 15.5983 -609.341
4920000 2089.86 2761.56 3209.57 -709.402 -590.144 486.692
4930000 1884.09 2847.72 3307.74 -539.933 -162.997 -498.41
4940000 1183.89 2563.17 4228.89 -1326.78 -756.807 -318.013
4950000 2338.6 2245.39 4114.45 -896.534 -748.029 -858.137
4960000 2060.14 2866.82 4108.09 -1366.95 52.2678 -542.374
4970000 2643.34 3068.39 3790.72 -1549.16 -374.016 -370.037
4980000 2483.17 3153.62 3317.42 -1630.56 -451.037 -87.7382
4990000 2233.6 3754.12 2753.22 -1891.88 -283.037 -25.4115
5000000 2248.06 3652.83 2604.48 -1849.93 -1249.12 200.985
