# Time-averaged data for fix ps1
# TimeStep c_thermo_press[1] c_thermo_press[2] c_thermo_press[3] c_thermo_press[4] c_thermo_press[5] c_thermo_press[6]
10000 878.682 3322.95 794.721 -488.768 61.7202 -139.795
20000 511.68 3165.5 897.047 -830.741 -16.5731 -217.631
30000 1006.72 2988.39 911.965 -1396.69 32.9868 -166.288
40000 716.132 3279.58 1194.88 -1622.51 86.4629 -317
50000 897.971 3043.75 1276.03 -2218.88 -167.499 -31.704
60000 467.343 3271.45 1177.83 -2471.07 -60.4368 61.4897
70000 761.62 3083.86 1187.99 -2911.36 -7.69947 -142.227
80000 773.733 3133.08 1093.38 -3197.52 108.558 -139.179
90000 814.266 3270.09 1285.44 -3620.05 135.592 -246.205
100000 674.613 3159.2 989.091 -3986.77 -26.9784 -139.873
110000 824.37 3151.97 1352.3 -4178.86 35.764 22.9875
120000 1021.63 3129.32 1023.15 -4684.95 -77.9718 -187.404
130000 815.533 3190.87 956.582 -4937.23 -105.217 -155.512
140000 982.573 3062.43 1202.28 -5194.82 -62.1204 -145.797
150000 955.81 3074.81 1148.2 -5387.79 -63.8536 -162.299
160000 797.155 3212.54 936.528 -5541.82 -110.891 -212.6
170000 859.017 3191.65 1208.01 -5655.23 -146.633 -86.8746
180000 959.725 3333.63 1114.62 -6046.72 4.85498 -299.006
190000 1041.09 3033.22 1243.31 -6152.55 -56.5563 -204.793
200000 991.733 3180.86 1013.09 -6339.1 27.28 144.838
210000 1026.74 3048.26 1125.49 -6430.06 99.341 -290.842
220000 695.973 3256.16 1416.73 -6522.48 -68.1138 -157.717
230000 965.497 3481.76 1026.3 -6595.67 -187.19 -132.589
240000 1065.03 3038.82 1122.41 -6356.19 -106.847 -146.527
250000 1147.46 3171.33 1035.25 -6499.82 74.5598 -261.234
260000 819.9 3268.8 1247.31 -6534.65 -355.57 -173.696
270000 606.656 3197.02 1396.55 -6866.67 -9.0103 -18.9787
280000 936.76 2938.94 1378.72 -6279.39 159.992 36.0863
290000 855.091 2981.33 1358.43 -6529.31 -39.5319 -63.084
300000 836.934 3038.65 1260.22 -6362.93 148.319 -58.412
310000 1041.98 3161.05 1182.21 -6078.04 -113.786 -211.206
320000 715.387 3101.75 1315.7 -6047.17 191.532 -74.4706
330000 842.559 3182.09 1381.59 -5723.67 -113.063 -40.0954
340000 1193.68 2798.27 1239.68 -5558.31 100.876 -183.555
350000 1087.68 3059.47 1154.07 -5398.88 -145.456 12.6325
360000 1042.21 3170.92 1251.39 -5080.05 -144.596 -315.129
370000 1084.89 2952.74 1333.18 -4887.68 -51.8228 12.6474
380000 742.748 3323.7 1188.47 -4505.67 -48.7626 97.9175
390000 794.348 3303.64 1239.84 -4198.16 66.5852 71.5824
400000 937.434 3260.98 991.687 -4018.41 36.3793 -273.205
410000 758.012 3078.2 1226.47 -3714.51 -72.5495 -32.619
420000 781.023 3173.85 1077.32 -3313.78 -68.5024 -98.7986
430000 748.329 3137.74 1197.96 -2807.2 -49.6037 -144.889
440000 673.38 2923.3 1112.37 -2503.32 99.9615 -6.07139
450000 1023.84 3235.71 1302.45 -2316.41 -146.011 -70.7826
460000 915.543 3107.27 1041.32 -1883.34 -40.8137 0.160507
470000 865.673 3254.29 1093.44 -1182.8 -26.7267 -117.848
480000 908.37 3152.67 1012.83 -863.363 -57.2618 -142.434
490000 918.772 3363.67 1098.65 -527.695 -18.4207 -363.771
500000 798.642 2882.55 1419 -17.4756 17.2332 -347.094
510000 944.124 3316.25 1318.34 371.929 67.2091 -92.1457
520000 1061.8 3422.84 1029.82 744.897 46.3975 -192.997
530000 831.078 3159.05 1273.99 1093.08 37.1548 20.157
540000 891.859 3116.82 1166.7 1445.43 144.726 -37.3724
550000 794.904 3393.63 1091.75 1759.66 34.0061 -369.54
560000 908.958 3195.52 1141.82 2199.94 -9.28867 -315.536
570000 808.201 3345.75 1088.03 2750.66 -154.61 -220.74
580000 1058.53 3420.9 1311.59 2757.73 -16.5241 -305.923
590000 1010.81 3302.68 1018.16 3276.49 71.0995 -139.563
600000 864.753 3213.74 1100.24 3605.14 -46.0031 -156.129
610000 901.545 3324.3 1125.41 4018.56 -52.6422 -271.423
620000 1132.36 3286.1 1140.66 4318.25 -21.1351 -181.755
630000 941.916 3250.54 1216.64 4529.19 9.10201 -141.789
640000 997.618 3320.82 1263.97 4853.36 88.1481 -90.1171
650000 884.459 3342.01 1152.61 5163.33 32.8859 -150.718
660000 1058.25 3443.64 1223.24 5150.87 126.656 -258.861
670000 1071.52 3581.96 1088.62 5441.95 -144.879 -338.479
680000 1044.76 3622.36 898.162 5577.13 -46.177 -91.3414
690000 1077.32 3292.25 1066.94 5867.28 -86.6168 -332.364
700000 850.668 3309.49 1334.09 5804.49 61.8019 -395.114
710000 727.142 3467.33 1210.75 6047.89 -82.778 -364.192
720000 1137.31 3404.47 1056.87 6217.7 62.2994 -434.046
730000 1021.08 3512.84 1289.89 6085.77 86.4447 -186.402
740000 1081.29 3357.37 1133.37 6306.1 -286.116 -205.977
750000 1236.19 3335.87 1126.33 6335.86 63.1704 -342.634
760000 843.919 3570.76 1035.27 6333.35 -3.07165 -19.7266
770000 947.046 3495.52 952.126 6422.23 106.064 -207.458
780000 1057.86 3462.21 1193.07 6215.72 63.3888 -380.412
790000 937.773 3455.77 1303.02 5924.69 101.47 -206.954
800000 1052.83 3462.38 984.336 5929.89 19.6808 -401.933
810000 1099.19 3188.92 1338.84 5681.79 70.7759 -369.753
820000 890.71 3382.34 1092.32 5617.16 -20.251 -404.366
830000 973.819 3421.96 1149.74 5598.6 -4.39248 -228.558
840000 1048.32 3459.94 864.041 5409.18 11.0395 -411.305
850000 975.246 3231.58 1337.34 5141.38 87.8424 -256.887
860000 975.689 3530.97 1129.73 4803.76 0.17198 -332.824
870000 1126.87 3656.08 986.729 4405.35 197.239 -224.63
880000 934.583 3332.8 1111.55 4102.86 -171.745 -609.477
890000 918.501 3337.49 1180.46 4015.42 -71.4847 -223.109
900000 916.892 3372.81 1052.57 3670.4 129.541 -253.301
910000 1163.47 3235.98 938.092 3125.58 -171.16 -265.683
920000 937.34 3171.96 961.11 2980.07 -21.0394 -267.427
930000 944.328 3267.41 1106.21 2717.08 101.027 -312.078
940000 679.548 3414.07 1474.26 2306.29 155.381 -480.884
950000 818.03 3063.17 1086.57 1843.6 -160.909 -343.124
960000 616.061 3479.55 1130.84 1478.51 -172.948 -330.4
970000 869.874 3139.32 1151.13 1322.68 71.9703 -540.716
980000 1118.9 3249.66 1337.12 621.721 127.902 -292.97
990000 882.785 3138.17 1074.99 432.536 -5.8701 -295.943
1000000 1056.18 2936.71 1151.61 -236.056 -125.718 -165.723
1010000 768.391 3128.84 1079.77 -564.305 70.5662 -149.5
1020000 793.834 2940.26 1337.2 -887.896 -93.3299 -234.891
1030000 703.061 3278.39 1239.66 -1316.93 54.0959 -178.796
1040000 785.076 2932.05 1357 -1650.14 71.8717 -271.31
1050000 788.348 3351.96 1068.17 -2171.57 -139.879 -92.4475
1060000 1097.3 3025.09 1045.23 -2544.7 -77.608 -300.768
1070000 854.717 3002.68 1643.02 -2871.2 -136.726 -202.305
1080000 1026.14 3239.15 1284.54 -3162.36 57.2205 -311.622
1090000 1063.91 3094.44 1001.03 -3600.63 69.0885 -217.891
1100000 870.164 3013.87 1360.12 -4027.48 70.5426 -157.916
1110000 757.649 3034.86 1234.87 -4283.01 -50.0389 -139.49
1120000 938.502 2883.16 1318.19 -4608.71 -127.122 -223.978
1130000 827.408 3149.95 1039.54 -4954.96 -124.72 -91.9301
1140000 798.886 3336.89 1333.42 -5144.09 33.9435 -291.372
1150000 848.22 3174.64 951.701 -5350.19 72.4437 -205.226
1160000 1217.35 3021.73 1128.81 -5481.77 60.4065 -198.656
1170000 927.943 3203.77 1397.44 -5776.21 -101.623 -146.104
1180000 817.822 3272.78 1277.58 -5899.25 -36.6022 -388.398
1190000 1013.59 3284.44 949.496 -6050.07 -160.333 194.359
1200000 1093.89 3041.12 1316.47 -6249.26 -59.6535 -11.2677
1210000 776.967 3055.08 1349.21 -6418.11 -102.263 -221.345
1220000 1120.45 3157.54 1208.44 -6387.23 -75.2648 -266.393
1230000 965.944 2821.59 1416.29 -6541.68 130.641 -82.1597
1240000 903.419 3331.33 1427.78 -6620.92 -157.998 -104.08
1250000 861.242 3262.51 1300.82 -6489.32 5.54916 -38.7146
1260000 819.185 3449.89 1367.98 -6499.2 27.2388 -254.52
1270000 695.197 3119.9 1376.7 -6437.52 -105.108 -240.959
1280000 769.392 3123.82 1359.05 -6327.34 55.1374 -162.777
1290000 782.642 3097.65 1447.61 -6431.28 17.6071 -212.641
1300000 920.538 3148.18 1311.84 -6302.19 -64.4509 -241.396
1310000 809.957 2998.15 1130.1 -6210.11 -15.8955 -209.573
1320000 1061.34 3166.63 1200.18 -5967.63 151.923 -230.31
1330000 967.919 3206.53 1480.47 -5768.78 4.95484 -356.709
1340000 1101.68 3097.32 1284.74 -5514.25 -111.079 -289.072
1350000 989.998 3211.78 1308.55 -5514.62 178.763 -52.7274
1360000 1180.13 2875.45 1199.25 -5247.18 49.4578 -108.88
1370000 767.696 2875.16 1516.36 -4659.49 -32.4039 -134.332
1380000 859.096 3174.35 1191.73 -4640.48 -19.6134 -233.632
1390000 886.648 3390.55 1209.98 -4427.05 197.039 -400.839
1400000 810.928 2992.95 1244.54 -3912.59 66.8896 -121.035
1410000 1024.97 3092.25 1290.01 -3613.1 219.038 -153.755
1420000 1014.81 3158.16 1178.65 -3443.98 -24.4983 -48.4032
1430000 939.944 3101.09 1144.65 -3060.34 -92.5186 -270.099
1440000 1199.26 3063.64 1246.54 -2366.13 90.1949 -11.9756
1450000 989.383 3037.84 1173.8 -2054.99 153.298 -195.966
1460000 963.353 2920.66 1200.49 -1596.49 113.653 -40.8555
1470000 1129.23 3041.09 1144.81 -1347.07 -63.4089 -186.778
1480000 990.172 3327.62 1257.85 -1024.65 -165.01 -241.152
1490000 967.034 3150.51 1244.14 -598.957 104.212 -176.664
1500000 826.508 3122.28 1281.74 -68.0188 3.12274 -314.722
1510000 1069.95 3003.98 971.331 407.442 69.7412 -270.756
1520000 1155.5 2905.7 1111.67 649.315 36.6177 -158.3
1530000 877.38 3317.86 1203.83 1035.15 115.769 -187.426
1540000 1022.63 2989.6 1179.82 1474.15 54.0505 -274.579
1550000 1252 3313.83 1046.68 1781.59 -133.898 -234.475
1560000 1036.8 3151.64 1186.64 2411.36 -66.6235 -132.797
1570000 1120.4 3318.59 1185.54 2576.78 -178.624 -434.399
1580000 1000.1 3232.34 964.488 2956.77 -109.122 -236.066
1590000 1080.95 3332.67 968.804 3222.71 103.061 -201.215
1600000 1026.67 3219.03 1074.88 3695.39 -23.3395 -450.959
1610000 819.556 3389.89 1129.97 3978.7 40.4215 -317.679
1620000 932.723 3270.43 927.528 4296.09 62.1062 -362.524
1630000 820.168 3536.48 1185.29 4603.87 -74.3406 -252.342
1640000 1079.79 3171.61 1090.36 4767.75 -88.8858 -370.642
1650000 981.988 3412.44 974.185 5077.04 -54.189 -244.957
1660000 1034.38 3260.24 1238.58 5363.11 52.5264 -274.529
1670000 884.617 3357.03 1073.69 5457.44 -73.7839 -195.192
1680000 1084.28 3408.43 1208.83 5572.68 -60.3842 -293.146
1690000 1136.76 3444.19 1047.31 5713.53 -25.1928 -419.959
1700000 1095.43 3334.47 1223.78 5809.85 121.449 -234.13
1710000 944.306 3461.54 1274.02 6088.28 -10.8016 -346.709
1720000 942.858 3484.45 1181.41 6005.17 80.7401 -516.478
1730000 1105.72 3505.65 992.8 6156.98 -22.298 -506.44
1740000 1100.75 3488.55 1097.06 6332.7 16.949 -405.138
1750000 1329.63 3427.24 1124.72 6300.3 147.125 -407.297
1760000 693.157 3633.16 1069.27 6380.03 76.751 -219.212
1770000 1085.43 3488.11 1007.19 6049.19 -66.0899 -419.25
1780000 1068.31 3478.9 1254.76 6116.62 -89.1817 -278.811
1790000 1339.02 3516.04 1188.93 5941.81 33.1929 -546.262
1800000 907.053 3518.73 1155.73 5927.53 90.8832 -358.375
1810000 1050.21 3367.56 1216.24 5814.79 -129.726 -355.753
1820000 1100.02 3306.97 1234.04 5588.59 -21.4799 -273.639
1830000 1041.65 3474.62 1347.91 5555.73 -59.1493 -279.399
1840000 605.679 3634.63 1279.43 5365.19 -49.4534 -437.757
1850000 890.601 3509.76 950.554 4963.87 -53.4213 -407.492
1860000 1127.04 3516.39 818.488 4743.24 -167.43 -331.728
1870000 1000.17 3321.77 1034.49 4378.16 119.607 -231.566
1880000 839.38 3269.22 918.523 4262.05 112.298 -329.152
1890000 815.274 3177.87 1229.21 3987.58 -123.475 -278.435
1900000 674.048 3101.1 1196.13 3894.32 -110.421 -323.852
1910000 774.714 3271.61 1311.87 3442.62 -67.5144 -256.053
1920000 1170.16 3318.03 1057.28 2996.62 -124.162 -179.867
1930000 808.608 3205.44 1326.51 2621.9 -109.476 -422.821
1940000 695.105 3212.1 1292.57 2417.68 41.5292 -225.955
1950000 961.648 3145.39 1042.46 1759.28 26.1691 -487.119
1960000 1035.5 3276.69 1331.11 1576.93 78.496 -230.669
1970000 1200.71 3240.26 1245.23 898.122 -113.263 -79.1941
1980000 819.245 3292.09 1016.76 514.031 34.3761 -174.266
1990000 1126.79 3312.5 1371.04 354.169 51.5339 -394.494
2000000 629.908 3189.56 1147.74 -231.439 110.786 -306.35
2010000 921.798 3181.15 1392.23 -490.44 107.877 -147.513
2020000 1114 3227.62 1486.93 -885.533 44.8048 -179.451
2030000 813.443 3306.92 1301.3 -1444.85 -50.1093 -167.477
2040000 853.17 3204.76 1246.69 -1785.91 -33.3126 -452.311
2050000 680.934 3179.14 1040.1 -2132.81 54.6869 -318.609
2060000 1000.44 2962.05 1359.85 -2430.42 -67.831 -235.021
2070000 721.512 3023.29 1314.25 -2835.48 10.2484 -299.785
2080000 801.686 2896.93 1232.96 -3065.78 158.392 13.9062
2090000 1052.75 3108.34 1267.46 -3526.96 -78.2572 -50.9001
2100000 834.35 2991.71 1172.89 -3998.12 -75.8184 -218.835
2110000 769.531 3077.27 1479.66 -4339.69 -85.9977 -282.99
2120000 810.4 3316.63 1093.92 -4476.19 -79.7275 -175.226
2130000 909.382 3125.64 1491.69 -4909.32 -45.2779 -74.4998
2140000 689.606 3207.3 1339.56 -5141.3 19.9664 -216.433
2150000 949.144 3107.21 1099.38 -5320.9 -2.39817 -249.399
2160000 997.721 3149.55 1214.81 -5582.58 -60.6771 -197.001
2170000 1027.64 3074.33 1309.45 -5872.62 55.7599 -195.421
2180000 964.386 3031.71 1099.09 -5729.74 -119.551 -35.5007
2190000 965.516 3121.73 1549.7 -6154.3 18.2197 -111.867
2200000 903.806 3126.18 1543.27 -6209.91 128.433 -175.529
2210000 922.237 3146.98 1244.75 -6343.66 62.7256 -278.413
2220000 780.531 3211.71 1489 -6516.38 29.7413 -406.543
2230000 1100.42 3018.34 1346.61 -6583.2 91.5496 -433.823
2240000 950.926 3067.49 1044.91 -6512.65 -2.62099 -166.504
2250000 646.388 3248.22 1644.98 -6478.67 -11.816 -166.562
2260000 1175.65 2978.84 1137.13 -6414.9 -96.6096 15.4666
2270000 924.926 3394.98 1115.08 -6459.42 -121.515 -86.7889
2280000 1035.37 3103.83 1214.97 -6659.94 33.1467 -188.239
2290000 992.417 3252.19 1142.56 -6328.9 -55.0842 -48.2417
2300000 891.021 3032.08 1343.84 -6197.15 -9.22708 -125.923
2310000 712.822 3309.69 1408.15 -6228.26 56.2325 -36.5485
2320000 889.738 3079.91 1475.08 -6027.96 232.787 -253.967
2330000 978.114 3194.22 1518.29 -5675.68 -55.594 -194.469
2340000 1035.43 3050.12 1314.3 -5620.59 -40.2261 -223.279
2350000 1045.36 3152.35 1042.32 -5251.02 69.3079 -224.272
2360000 970.338 2950.81 1211.23 -5092.69 105.852 -13.8838
2370000 1121.4 3192.81 1351.52 -4974.93 57.4003 -127.893
2380000 1008.82 3327.94 1243.82 -4555.03 252.616 -144.275
2390000 936.32 2994.78 1384.87 -4219.46 55.1738 -110.963
2400000 903.197 3059.06 1327.96 -3943.99 -105.917 -227.221
2410000 955.221 2987.67 1080.1 -3640.64 -84.1213 -302.075
2420000 1010.94 3285.42 1243.87 -3308.87 154.623 -446.799
2430000 550.215 3104.54 1303.85 -2893.33 277.81 -214.895
2440000 858.631 2915.91 1208.56 -2540.23 1.37169 -254.295
2450000 1052.89 3163.09 1009.39 -2223.69 -105.516 -243.305
2460000 883.548 3400.57 1282.29 -1959.74 -9.92067 -311.295
2470000 951.778 3284.2 1128.13 -1179.12 101.604 -148.486
2480000 949.888 3202.59 1034.72 -1029.14 43.0592 -187.34
2490000 922.586 3054.88 1049.2 -427.958 163.011 -405.134
2500000 817.679 3065.96 1164.07 119.823 43.6217 -149.528
2510000 961.594 3069.33 1139.98 582.847 27.4859 -351.951
2520000 770.028 3217.97 1317.34 684.005 -188.447 -477.546
2530000 795.479 3357.45 1298.22 1108.62 -190.446 -407.473
2540000 1092.91 3057.84 1012.93 1587.91 -84.5274 -350.607
2550000 1149.36 3080.41 1241.45 2104.75 28.8635 -176.974
2560000 860.711 3174.65 1029.24 2361.42 125.669 -260.703
2570000 808.384 3396.51 1276.31 2612.55 -41.2924 -365.106
2580000 991.099 3164.28 1157.9 3038.05 -147.456 -212.215
2590000 822.598 3241.83 1219.28 3324.19 -18.516 -445.454
2600000 991.751 3215.34 1078.71 3659.31 74.1974 -525.153
2610000 866.431 3307.46 1191.08 3976.3 -99.9722 -362.847
2620000 888.124 3374.57 1178.46 4527.09 216.272 -212.839
2630000 909.148 3292.12 1069.76 4461.81 -23.3024 -133.057
2640000 928.491 3256.99 1250.01 5093.88 119.541 -291.257
2650000 807.884 3396.15 1091.77 5151.51 107.461 -348.922
2660000 965.906 3632.6 1129.85 5333.83 -50.6899 -386.462
2670000 955.15 3489.9 914.296 5627.28 105.194 -508.28
2680000 1227.78 3573.32 954.903 5643.97 -33.6925 -363.341
2690000 1081.86 3325.66 1085.18 5732.66 -40.2477 -314.591
2700000 1183.24 3383.63 1260.49 5862.28 46.0011 -503.157
2710000 1232.79 3237.54 1358.34 5961.73 136.72 -580.612
2720000 1200.3 3395.25 1142.39 6246.22 -51.6009 -470.685
2730000 1316.62 3496.89 1304.67 6171.62 -69.0262 -224.469
2740000 1016.03 3156.4 1360.1 6271.03 33.8377 -307.67
2750000 1008.52 3520.09 998.988 6352.94 56.1648 -295.714
2760000 987.154 3434.32 1151.23 6172.84 -36.3982 -696.654
2770000 862.577 3575.9 1155.07 6171.15 -19.8942 -348.972
2780000 1203.54 3559.42 1266.58 6221.86 58.7164 -483.59
2790000 974.405 3198.94 1347.42 6083.66 142.309 -439.709
2800000 1013.93 3627.58 1155.81 5980.85 10.469 -265.051
2810000 948.252 3517.63 1063.62 6001.25 60.1863 -414.343
2820000 989.437 3511.07 1342.14 5721.36 -153.685 -496.447
2830000 969.248 3100.86 1159.03 5729.4 -15.8887 -393.694
2840000 972.394 3299.32 992.749 5378.21 192.2 -578.203
2850000 787.622 3561.22 1196.12 5230.94 232.161 -355.458
2860000 969.553 3644.69 1045.47 4949.9 -35.3474 -349.134
2870000 1016.19 3319.85 1259.94 4500.88 -88.3749 -351.224
2880000 955.93 3183.06 1329.93 4190.34 70.9258 -384.445
2890000 654.508 3445.64 974.499 3827.89 152.178 -481.489
2900000 784.088 3206.87 1070.21 3667.41 140.132 -140.746
2910000 921.689 3344.7 1127.27 3387.9 42.0666 -86.5232
2920000 883.51 3112.71 995.404 2949.34 -195.437 -294.843
2930000 930.717 3280.41 1143.8 2573.08 -130.599 -350.748
2940000 816.057 3396.5 1140.3 2296.88 -115.098 -359.524
2950000 1000.29 2968.44 1233.42 1893.1 -86.0666 -414.441
2960000 1337.22 2966.95 1029.58 1367.42 -132.198 -394.04
2970000 978.148 3193.6 1070.4 1053.54 -21.5934 -344.671
2980000 860.331 2966.41 1167.74 567.973 -9.47576 -227.777
2990000 610.05 3139.19 1304.18 183.089 110.041 -191.499
3000000 983.007 3027.77 1302.14 -230.304 40.9501 -304.056
3010000 680.952 3306.09 1137.44 -521.841 24.9371 -279.26
3020000 976.955 3237.38 1146.6 -810.914 -10.565 -191.073
3030000 1077.05 2994.05 1068.21 -1280.86 -58.5758 -358.855
3040000 1005.42 3189.08 1233.32 -1443.72 12.7283 -36.2183
3050000 1091.26 3161.23 1128.3 -2087.58 -130.849 -103.035
3060000 883.13 2848.04 1132.87 -2512.06 80.397 -108.417
3070000 1114.49 3207.46 998.582 -2831.08 -264.506 -243.371
3080000 680.505 2960.84 1165.33 -3183.5 142.794 -182.642
3090000 853.443 3093.86 1364.34 -3745.02 33.5981 -453.235
3100000 740.641 3105.14 1377.63 -3851.08 -19.9655 -121.903
3110000 868.373 3187.33 1429.5 -4187.35 30.9045 -206.559
3120000 1080.38 3196.04 1467.6 -4541.5 112.81 -82.827
3130000 1165.27 2992.08 948.579 -4777.16 145.701 -190.372
3140000 680.918 2955.08 1472.43 -5009.17 -193.75 -100.608
3150000 1128.77 3091.63 1357.29 -5354.01 -62.4289 -176.611
3160000 1237.24 3096.98 1362.78 -5704.17 12.7021 -191.799
3170000 929.432 2865.57 1079.93 -5843.55 -84.1737 -242.406
3180000 955.266 3317.91 1427.23 -6005.91 -52.9575 -11.8984
3190000 952.306 3183.66 1416.35 -6154.83 261.143 -309.203
3200000 948.662 3163.03 1552.51 -6260.27 -22.1742 -200.953
3210000 1054.74 3063.39 1240.85 -6262.41 99.291 -254.57
3220000 944.212 3225.05 981.845 -6568.63 -28.4947 -192.415
3230000 1106.39 3140.29 1400.27 -6322.51 130.876 -116.667
3240000 1429.87 3179.69 1377.05 -6651.38 210.619 -167.397
3250000 940.33 3201.21 1147.18 -6613.88 87.5515 -156.224
3260000 864.973 3212.04 1036.65 -6491.85 -84.2092 -86.8382
3270000 1162.91 3110.76 1208.49 -6578.08 11.6314 -30.6237
3280000 833.97 2958.41 1478.34 -6242.9 192.318 -178.036
3290000 1012.23 3148.84 1047.45 -6444.25 36.9882 -215.862
3300000 1189.72 3077.77 1297.97 -6245.84 -251.836 -311.637
3310000 586.434 2980.23 1451.9 -6034.04 18.4544 -58.5918
3320000 689.821 3351.11 1249.34 -5879.64 -126.532 -328.511
3330000 579.646 3071.63 1202.61 -5857.1 58.6662 -203.015
3340000 961.555 3449.66 1256.63 -5726.58 -0.581549 -219.976
3350000 924.137 3152.24 1071.26 -5369.17 50.1593 -284.499
3360000 834.188 3118.3 1459.78 -4994.54 74.2113 -87.3465
3370000 938.719 3180.18 1314.17 -4719.5 89.0877 -220.838
3380000 895.965 3015.17 1201.63 -4673.82 109.256 -1.37508
3390000 933.784 3019.41 1206.9 -4302.77 45.5418 2.04573
3400000 657.334 3190.35 1467.2 -3977.05 32.9844 3.022
3410000 981.775 3143.45 1003.58 -3728.41 -138.518 -323.53
3420000 1006.77 3163.7 1126.62 -3232.01 0.378664 -139.206
3430000 817.578 2997.72 1213.53 -2876.23 71.9091 -268.677
3440000 825.353 3091.57 1131.61 -2355.8 54.1693 -290.113
3450000 757.437 3055.26 1141.11 -2101.03 -273.362 -267.56
3460000 792.976 3153.67 1119.21 -1735.37 -197.055 -288.859
3470000 847.707 3169.08 1075.65 -1309.57 175.619 -340.712
3480000 1121.39 2976.61 929.025 -984.018 -114.504 -191.635
3490000 703.266 3079.66 1275.38 -489.148 60.6687 -133.06
3500000 1132.13 3285.77 918.523 -293.981 -84.1743 -416.961
3510000 815.775 3328.64 1071.07 449.373 98.8514 -174.075
3520000 989.159 3113.77 917.339 753.964 -108.177 -139.461
3530000 690.814 3243.23 1087.48 1296.17 40.2648 -97.1431
3540000 968.419 3087.3 1083.24 1405.31 10.7884 -267.34
3550000 815.491 3408.57 974.804 1792.97 -65.5419 -261.878
3560000 966.895 3422.3 1249.11 2346.06 -65.4079 -84.0498
3570000 826.156 2991.99 1297.14 2765.76 23.0499 -241.316
3580000 919.68 3186.81 1019.39 2916.65 58.5884 -190.158
3590000 811.647 3193.19 1359.96 3313.79 154.468 -397.39
3600000 707.753 3492.24 1213.2 3748.32 26.8866 -311.654
3610000 854.426 3346.39 1440.54 3811.86 -104.044 -313.975
3620000 765.063 3338.76 1036.93 4287.62 -214.84 -415.335
3630000 811.3 3470.86 1101.25 4595.31 69.9951 -480.642
3640000 1087.82 3236.5 1177.55 4925.83 -9.36923 -277.394
3650000 890.451 3344.77 1198.53 4977.07 -8.75872 -364.987
3660000 894.637 3272.94 1352.64 5373.34 -164.563 -357.588
3670000 953.751 3515.61 1253.8 5534.48 -50.7247 -512.639
3680000 915.971 3710.66 1047.53 5895.66 -186.789 -284.021
3690000 922.1 3404.08 1138.92 5869.26 -210.168 -449.224
3700000 680.483 3866.51 1495.56 5997.58 -27.3673 -427.483
3710000 969.604 3412.6 1151.59 5997.4 -46.3939 -492.596
3720000 1060.41 3356.16 1128.55 6300.14 7.32437 -248.553
3730000 949.195 3397.51 1154.75 6191.65 -116.253 -411.185
3740000 1074.27 3366.45 1060.3 6248.95 287.97 -448.264
3750000 978.203 3476.44 1280.94 6292.15 -31.1312 -533.831
3760000 1140.58 3319.2 1059.88 6131.77 -33.4957 -428.606
3770000 1086.04 3530.63 1155.56 6275.7 6.32713 -557.877
3780000 1009.46 3380.77 1113.17 6050.31 -150.637 -360.903
3790000 915.497 3640.25 1083.57 6118.95 5.36688 -395.476
3800000 846.319 3347.04 1277.05 6046.74 253.704 -500.777
3810000 1190 3220.91 1159.29 5753.89 -88.2918 -437.971
3820000 1100.2 3317.52 1317.55 5795.5 105.417 -414.291
3830000 1002.35 3486.36 1345.97 5454.18 78.7362 -257.943
3840000 1075.67 3204.77 1407.8 5353.31 14.2579 -251.396
3850000 744.931 3479.18 1454.51 5175.4 -72.0865 -365.467
3860000 1252.99 3215.14 1236.45 4877.36 -65.99 -257.349
3870000 778.438 3513.87 1302.64 4730.01 -120.65 -298.605
3880000 1122.49 3474.08 1040.83 4151.35 -60.4697 -374.963
3890000 1115.83 3134.28 1322.54 3986.07 86.2466 -236.833
3900000 923.679 3099.77 1166.69 3595.78 184.468 -404.983
3910000 834.449 3458.27 1103.51 3293.87 32.0169 -501.186
3920000 1058.23 3199.72 1184.47 3064.44 88.8247 -339.959
3930000 1050.12 3248.44 1291.64 2677.44 127.538 -444.774
3940000 789.895 3117.39 1450.22 2310.09 -2.41085 -94.5972
3950000 973.739 3232.46 1013.19 1882.03 12.8016 -222.091
3960000 985.864 3191.45 1026.71 1525.2 -105.212 -277.888
3970000 1110.86 3037.6 1302.7 1043.55 48.4422 -256.256
3980000 741.338 3464.06 1088.19 791.759 -102.013 -212.809
3990000 778.911 3042.28 1299.19 153.501 -67.2199 -166.735
4000000 694.338 3085.92 1200.77 113.524 -116.08 -206.396
4010000 958.278 3434.78 895.021 -507.955 190.891 -445.978
4020000 688.274 2995.33 1163.92 -782.059 -6.64053 -225.196
4030000 811.02 3014.88 1185.46 -1381.25 104.774 -240.991
4040000 818.462 3226.99 1080.12 -1778.59 -132.466 -101.904
4050000 807.939 3339.43 1062.53 -2051.98 -3.60936 -286.963
4060000 949.171 3126.13 1274.75 -2532.73 24.1092 -322.8
4070000 774.09 3159.86 1162.13 -2963.22 -35.6267 -298.475
4080000 985.268 3120.86 1294.04 -3269.96 -2.48987 -338.732
4090000 805.121 3161.17 1236.12 -3699.28 -137.648 25.7586
4100000 1014.81 2930.81 1067.43 -3746.47 -8.83973 -166.264
4110000 905.219 3179.85 1069.65 -4142.29 -115.831 -172.224
4120000 1094.87 3383.65 1154.15 -4672.44 41.5574 -253.367
4130000 922.502 3252.37 1272.03 -4881.1 84.7785 -436.301
4140000 765.017 3183.61 1471.29 -5265.83 53.1064 -184.796
4150000 761.675 3161 1267.84 -5294.69 -112.313 -14.7482
4160000 810.879 3259.35 1210.14 -5536.34 -90.0854 -233.93
4170000 1177.54 2992.37 1133.07 -5785.64 -4.74934 -0.315813
4180000 780.016 3121.38 1378.88 -5917.82 -42.4505 -242.386
4190000 1094.42 3073.38 1521.1 -5929.69 95.2053 -119.35
4200000 964.225 3050.19 1416.53 -6260.88 165.791 -185.896
4210000 871.364 3021.2 1564.11 -6329.44 0.714571 -9.55707
4220000 972.261 3251.66 937.234 -6627.47 58.5186 -35.3029
4230000 1068.66 3108.91 1490.03 -6345.74 16.8408 -124.38
4240000 1038.21 3104.41 1139.91 -6655.87 -190.687 -69.1594
4250000 920.608 3198.49 1053.17 -6540.74 15.8813 -245.68
4260000 941.099 3078.68 1435.37 -6448.64 91.817 -76.9185
4270000 877.701 3355.08 1146.04 -6556.35 -91.9203 -114.534
4280000 803.762 2918.6 1509.34 -6411.6 214.203 -125.219
4290000 855.216 3072.1 1344.04 -6413.6 -113.507 -192.482
4300000 1098.66 3099.92 1324.81 -6133.37 -51.262 -190.355
4310000 1032.14 2978.44 1411.46 -6178.76 -42.6919 -95.7355
4320000 1151.3 2973.07 1361.14 -6029.53 -21.123 -106.636
4330000 890.063 3093.37 1138.35 -5714.61 -109.58 -62.2031
4340000 769.14 3184.86 1250.84 -5472.06 114.201 -21.5337
4350000 819.722 2871.4 1447.93 -5191.41 23.4041 -138.083
4360000 920.031 3096.12 1197.27 -4986.58 258.094 -313.316
4370000 1283.28 2992.39 1149.24 -4717.28 68.2539 -348.538
4380000 1018.21 3057.2 1089.81 -4684.98 133.592 -51.9332
4390000 768.682 3224.39 1301.8 -4197.39 2.05425 -119.453
4400000 1231.93 3056.26 1014.64 -3926.7 -93.6128 -202.64
4410000 789.308 3398.72 1228.18 -3649.17 -32.6077 -260.967
4420000 939.661 3179.91 1422.99 -3178.86 -247.886 -87.6031
4430000 876.212 3245.82 981.769 -2925.77 95.5183 -296.374
4440000 1008.82 2944.23 1133.61 -2746 -120.2 -214.59
4450000 931.452 3286.99 1175.63 -2156.38 -58.565 -346.683
4460000 944.88 3437.77 1098.02 -1812.57 -29.6833 -167.143
4470000 1015.08 3242.84 1358.83 -1286.61 -190.038 -206.391
4480000 686.97 3222.19 893.77 -878.306 -109.21 -325.866
4490000 715.17 3142.59 1177.14 -551.659 238.881 -211.676
4500000 1026.96 3317.63 923.559 -145.239 87.4358 -314.03
4510000 775.489 3439.56 1121.14 334.587 -37.875 -332.961
4520000 869.843 3198.62 1111.97 638.052 -91.5316 -375.422
4530000 974.826 3298.15 1145.86 1096.26 -8.72914 -265.124
4540000 753.483 3091.86 1469.81 1693.41 -77.867 -484.717
4550000 869.293 3087.89 1254.48 2006.72 89.9591 -195.705
4560000 998.288 3139.32 1092.51 2185.98 4.13973 -149.901
4570000 1082.42 2995.56 944.845 2664.82 -67.8213 -201.769
4580000 917.06 3236.01 964.058 2922.88 192.044 -308.966
4590000 803.368 3126.5 1333.9 3490.6 19.595 -252.425
4600000 853.465 3234.73 1107.02 3719.11 -8.85884 -316.253
4610000 987.277 3185.09 1274.22 3920.77 177.205 -8.50895
4620000 1067.63 3217.83 1209.8 4226.82 36.1936 -435.868
4630000 1009.4 3433.24 953.047 4501.79 -89.694 -444.746
4640000 1160.09 3427.7 1021.53 4801.78 63.6704 -263.74
4650000 821.541 3456.91 1340.82 5180.59 -94.0922 -338.486
4660000 1180.99 3237.42 1287.73 5105.68 -9.37104 -379.116
4670000 875.85 3374.75 1119.9 5487.1 56.1169 -581.914
4680000 736.881 3559.9 1279.25 5748.81 159.681 -113.31
4690000 1039.43 3516.19 1198.09 5752.79 -141.025 -402.614
4700000 1002.48 3440.89 1099.52 5953.51 -49.9007 -364.969
4710000 952.134 3585.04 1265.16 6223.33 117.488 -348.701
4720000 692.528 3448.07 1373.2 6018.33 -25.3481 -257.57
4730000 1154 3522.62 1128.76 6219.29 85.5803 -441.593
4740000 1131.3 3282.16 1252.88 6229.47 -11.1525 -432.986
4750000 1275.36 3240.1 1031.32 6250.53 -57.1535 -227.031
4760000 918.785 3573.52 1055.74 6183.8 101.931 -368.193
4770000 1045.42 3266.19 1394.85 6284.77 74.1036 -387.074
4780000 765.82 3517.85 1040.12 6338.39 -11.0633 -391.801
4790000 994.458 3636.46 1050.34 5933.58 12.938 -425.681
4800000 935.545 3627.92 1098.91 5922.06 28.9448 -435.409
4810000 769.371 3529.79 1224.25 5790.03 -105.759 -289.877
4820000 1127.81 3278.79 1087.32 5596.87 102.904 -495.687
4830000 881.577 3388.69 1305.25 5474.73 186.859 -344.335
4840000 1057.54 3194.67 1124.64 5159.83 -100.997 -287.007
4850000 976.249 3300.96 1049.74 5130.64 13.7984 -237.412
4860000 1109.82 3300.55 1303.39 4855.21 -86.6203 -523.602
4870000 906.035 3121.98 1238.15 4320.79 -87.3642 -287.248
4880000 1173 3263.22 1178.77 4171.79 -6.96178 -385.721
4890000 847.958 3449.58 1273.37 3968.24 -186.942 -236.024
4900000 1058.89 3446.82 1259.06 3642.73 59.048 -343.445
4910000 971.094 3289.59 1143.77 3268.13 52.6623 -545.823
4920000 743.435 3450.42 1212.85 2846.87 27.5035 -402.238
4930000 960.461 3406.63 1004.84 2630.4 -181.042 -356.609
4940000 872.987 3197.88 1164.24 2254.19 111.617 -374.514
4950000 892.152 3391.66 1092.59 1758.68 79.7958 -255.721
4960000 842.845 3225.89 1033.63 1572.13 -16.4319 -395.776
4970000 448.893 3368.01 1488.59 1183.55 -232.06 -203.855
4980000 868.778 3368.95 1250.24 877.846 -35.1885 -244.78
4990000 1239.4 3190 933.925 460.146 -76.7627 -304.014
5000000 893.201 2961.86 1314.12 39.5058 84.981 -200.665
