# Time-averaged data for fix ps1
# TimeStep c_thermo_press[1] c_thermo_press[2] c_thermo_press[3] c_thermo_press[4] c_thermo_press[5] c_thermo_press[6]
0 366612 367199 0 -1490.09 0 0
100 371438 370138 0 707.108 0 0
200 371206 370617 0 1231.23 0 0
300 370635 367233 0 -758.445 0 0
400 368965 372129 0 -788.831 0 0
500 371830 370114 0 -4294.95 0 0
600 367978 369674 0 -1488.44 0 0
700 370479 369903 0 -923.676 0 0
800 369791 369482 0 -4567.42 0 0
900 369734 369444 0 -3885.35 0 0
1000 369003 366518 0 -1646.7 0 0
1100 371178 368353 0 -2913.4 0 0
1200 368507 371525 0 -1425.14 0 0
1300 368049 369444 0 -6297.38 0 0
1400 372410 368711 0 -4339.15 0 0
1500 372864 369945 0 -6361.72 0 0
1600 370625 367747 0 -5181.19 0 0
1700 369121 368871 0 -4211.55 0 0
1800 371368 369873 0 -10127.1 0 0
1900 367485 368380 0 -7080.05 0 0
2000 367925 370721 0 -3543.52 0 0
2100 374277 369696 0 -6959.75 0 0
2200 370500 371436 0 -6699.13 0 0
2300 369252 371058 0 -6404.97 0 0
2400 369818 371836 0 -6763.66 0 0
2500 373085 366588 0 -7611.76 0 0
2600 369075 370708 0 -5509.81 0 0
2700 370406 369335 0 -3842.27 0 0
2800 371497 370000 0 -6401.87 0 0
2900 369985 369344 0 -6142.15 0 0
3000 367936 370706 0 -7584.99 0 0
3100 377244 368291 0 -5251.83 0 0
3200 372150 367820 0 -8146.4 0 0
3300 371530 370123 0 -8461.38 0 0
3400 373340 365943 0 -7369.66 0 0
3500 370359 371394 0 -6108.08 0 0
3600 372235 368745 0 -5141.08 0 0
3700 371997 367284 0 -5639.39 0 0
3800 370473 371075 0 -6341.13 0 0
3900 371555 369792 0 -5470.56 0 0
4000 370338 369002 0 -2921.54 0 0
4100 370966 368178 0 -2668.03 0 0
4200 367335 373508 0 -1286.8 0 0
4300 371497 370437 0 607.873 0 0
4400 370677 368591 0 -3185.18 0 0
4500 371348 367661 0 -2367.72 0 0
4600 370127 369509 0 1330.99 0 0
4700 371864 366629 0 -377.345 0 0
4800 372720 370743 0 1680.28 0 0
4900 368223 369825 0 1137.89 0 0
5000 373433 369521 0 3628.98 0 0
5100 370288 368440 0 1769.89 0 0
5200 370101 370388 0 2187.95 0 0
5300 369521 370332 0 5129.92 0 0
5400 369136 369389 0 5317.16 0 0
5500 370676 370920 0 3701.13 0 0
5600 371187 368867 0 4927.36 0 0
5700 371472 369785 0 2693.68 0 0
5800 371667 369140 0 6258.16 0 0
5900 369842 372391 0 5576.56 0 0
6000 372528 368722 0 5661.09 0 0
6100 372918 366340 0 6814.61 0 0
6200 369969 372971 0 6238.26 0 0
6300 370694 369473 0 6520.48 0 0
6400 370491 368772 0 4709.78 0 0
6500 371222 366198 0 5421.12 0 0
6600 371172 372426 0 9444.15 0 0
6700 369237 368314 0 8190.62 0 0
6800 367661 369461 0 7955.11 0 0
6900 370574 370332 0 5163.68 0 0
7000 372845 366723 0 4160.59 0 0
7100 371833 367163 0 5986.86 0 0
7200 372175 368791 0 5226.87 0 0
7300 371929 369715 0 7056.85 0 0
7400 373617 369353 0 8647.76 0 0
7500 367817 369655 0 8575.15 0 0
7600 369914 367565 0 3326.53 0 0
7700 370915 369097 0 7713.77 0 0
7800 371817 368542 0 5959.64 0 0
7900 368908 369105 0 5168.62 0 0
8000 371077 366927 0 8456.79 0 0
8100 374627 368026 0 8608.88 0 0
8200 371761 367091 0 9604.87 0 0
8300 370265 371659 0 6431.19 0 0
8400 367612 369798 0 7129.27 0 0
8500 370443 368082 0 8152.47 0 0
8600 370745 367998 0 7768.14 0 0
8700 370689 370377 0 6265.61 0 0
8800 369714 371321 0 4176.68 0 0
8900 371327 369189 0 6788.31 0 0
9000 369077 369319 0 6603.75 0 0
9100 373546 372774 0 1716.92 0 0
9200 370200 369889 0 5549.31 0 0
9300 371651 369392 0 4657.72 0 0
9400 372936 368052 0 3276.62 0 0
9500 367625 370705 0 2047.56 0 0
9600 374063 368523 0 931.093 0 0
9700 369883 369617 0 416.381 0 0
9800 368394 373435 0 1309.47 0 0
9900 373924 368223 0 1343.17 0 0
10000 368816 370430 0 525.765 0 0
10100 370340 372568 0 -384.522 0 0
10200 368875 370665 0 3789.47 0 0
10300 371668 373233 0 -1581.08 0 0
10400 369601 369347 0 -621.974 0 0
10500 369017 370947 0 -2452.8 0 0
10600 367933 370769 0 -3013.12 0 0
10700 368355 369853 0 -1177.92 0 0
10800 371486 369058 0 -2842.47 0 0
10900 370330 372274 0 -4190.26 0 0
11000 371335 370238 0 -2275.9 0 0
11100 370428 368296 0 -2734.07 0 0
11200 370735 370693 0 -5797.1 0 0
11300 373751 367986 0 -4648.86 0 0
11400 370432 369094 0 -5132.99 0 0
11500 371441 371270 0 -6541.5 0 0
11600 369514 370078 0 -7737.22 0 0
11700 369010 370412 0 -6830.99 0 0
11800 369177 370237 0 -7126.46 0 0
11900 369892 371012 0 -8544.95 0 0
12000 370275 367718 0 -6877.03 0 0
12100 370264 370835 0 -5221.92 0 0
12200 371732 367847 0 -8044.05 0 0
12300 370841 369106 0 -6064.7 0 0
12400 375597 365043 0 -7868.62 0 0
12500 371244 370820 0 -6500.89 0 0
12600 370034 369384 0 -6181 0 0
12700 368473 368549 0 -4973 0 0
12800 370375 371069 0 -9386.68 0 0
12900 370570 368804 0 -6581.04 0 0
13000 368141 370517 0 -6093.49 0 0
13100 372000 367926 0 -7119.39 0 0
13200 370791 368885 0 -5423.23 0 0
13300 370511 368486 0 -9185.5 0 0
13400 370662 371429 0 -4153.33 0 0
13500 370154 367724 0 -7514.41 0 0
13600 368356 369748 0 -6759.61 0 0
13700 367618 373340 0 -5943.07 0 0
13800 371697 370109 0 -2799.69 0 0
13900 371036 368239 0 -2385 0 0
14000 369613 369973 0 -1977.59 0 0
14100 370763 369546 0 -3047.45 0 0
14200 371680 371464 0 -5373.92 0 0
14300 368221 370845 0 -1532.67 0 0
14400 371078 370413 0 -2853.84 0 0
14500 371782 370531 0 -2898.43 0 0
14600 370711 371361 0 -301.373 0 0
14700 370852 367776 0 -3002.98 0 0
14800 371221 369070 0 -892.165 0 0
14900 370635 369932 0 948.652 0 0
15000 372480 367924 0 886.229 0 0
15100 371298 370645 0 -1114.15 0 0
15200 372355 371311 0 984.089 0 0
15300 368718 373815 0 4162.26 0 0
15400 371385 369458 0 4904.58 0 0
15500 369389 370772 0 3854.18 0 0
15600 372240 367820 0 3203.99 0 0
15700 373888 367920 0 4938.47 0 0
15800 369377 368784 0 5636.36 0 0
15900 369061 372217 0 575.258 0 0
16000 368062 369895 0 4994.49 0 0
16100 370410 369934 0 6279.95 0 0
16200 368455 369771 0 5596.02 0 0
16300 367782 370004 0 4506.02 0 0
16400 371519 370371 0 5995.55 0 0
16500 371660 370436 0 7105.84 0 0
16600 370198 370576 0 4658.38 0 0
16700 370314 369692 0 4548.66 0 0
16800 375307 368110 0 5484.28 0 0
16900 369295 369561 0 7970.66 0 0
17000 371950 369396 0 7800.48 0 0
17100 371075 370857 0 6575.8 0 0
17200 370298 367438 0 5724.81 0 0
17300 370988 368418 0 7470.33 0 0
17400 370547 367397 0 5873.28 0 0
17500 368668 372071 0 6503.82 0 0
17600 370058 367106 0 11053 0 0
17700 369339 369207 0 4649.5 0 0
17800 372070 367884 0 10037.1 0 0
17900 371656 370297 0 5716.3 0 0
18000 371244 367613 0 6774.91 0 0
18100 369170 371202 0 7015.33 0 0
18200 370286 365606 0 8527.68 0 0
18300 371263 370821 0 5902.2 0 0
18400 372146 369903 0 8903.85 0 0
18500 367271 370956 0 8188.16 0 0
18600 371444 369947 0 3572.6 0 0
18700 368200 368937 0 6867.06 0 0
18800 368542 368624 0 7141.8 0 0
18900 371309 371918 0 3457.88 0 0
19000 371048 368411 0 3926.42 0 0
19100 370799 371144 0 3916.63 0 0
19200 367852 370618 0 5878.11 0 0
19300 367894 372899 0 4739.89 0 0
19400 370863 369773 0 5404.72 0 0
19500 367749 369249 0 482.636 0 0
19600 370399 370867 0 3663.54 0 0
19700 370910 370257 0 718.546 0 0
19800 369766 368727 0 3080.71 0 0
19900 368764 368997 0 1235.53 0 0
20000 370589 368874 0 -90.3463 0 0
20100 367425 372589 0 522.066 0 0
20200 371016 367773 0 -1272.76 0 0
20300 374202 370615 0 -3388.74 0 0
20400 372560 368826 0 -2300.36 0 0
20500 371930 370878 0 -361.46 0 0
20600 372953 369100 0 -3832.62 0 0
20700 370323 371953 0 -5049.19 0 0
20800 371217 371679 0 -5556.9 0 0
20900 371011 368395 0 -3935.28 0 0
21000 368872 369213 0 -3991.5 0 0
21100 369031 371558 0 -5543.71 0 0
21200 370063 368274 0 -3216.09 0 0
21300 372232 367723 0 -7106.83 0 0
21400 374408 367959 0 -7457.17 0 0
21500 372256 367224 0 -4795.81 0 0
21600 368034 369716 0 -6054.19 0 0
21700 372943 368138 0 -7288.24 0 0
21800 373258 369749 0 -4663.33 0 0
21900 368862 371381 0 -9444.23 0 0
22000 367615 368920 0 -5013.08 0 0
22100 371466 370608 0 -6867.06 0 0
22200 373236 368519 0 -8683.18 0 0
22300 371201 371566 0 -6349.83 0 0
22400 370877 372950 0 -6019.56 0 0
22500 375057 366420 0 -9528.19 0 0
22600 371163 372394 0 -8651.1 0 0
22700 371465 369319 0 -8829.28 0 0
22800 373230 370607 0 -6723.97 0 0
22900 372200 372241 0 -8382.86 0 0
23000 371704 371245 0 -4251.63 0 0
23100 370943 371607 0 -6154.41 0 0
23200 372316 370167 0 -4368.76 0 0
23300 371929 374046 0 -5774.77 0 0
23400 369568 370249 0 -5300.69 0 0
23500 372889 368096 0 -5278.12 0 0
23600 372336 369867 0 -3902.56 0 0
23700 371639 370821 0 -5745 0 0
23800 371050 370582 0 -4074.11 0 0
23900 373061 368105 0 -5087.03 0 0
24000 371190 368543 0 -1938.31 0 0
24100 369682 369621 0 -837.756 0 0
24200 371745 368831 0 -4278.71 0 0
24300 370972 371081 0 -3212.49 0 0
24400 372628 367498 0 -2228.12 0 0
24500 375103 368151 0 -1748.95 0 0
24600 373779 365825 0 -2856.72 0 0
24700 370477 368748 0 2277.02 0 0
24800 373504 368264 0 -849.113 0 0
24900 370874 368630 0 1935.69 0 0
25000 372996 365865 0 2220.07 0 0
25100 370252 369066 0 925.03 0 0
25200 368873 369715 0 3041.7 0 0
25300 373991 370117 0 2488.45 0 0
25400 370872 369969 0 6717.23 0 0
25500 374538 366961 0 2483.02 0 0
25600 372391 368122 0 2768.56 0 0
25700 369480 368933 0 3007.18 0 0
25800 369760 366794 0 4357.91 0 0
25900 373149 368857 0 4033.04 0 0
26000 370031 371782 0 5130.67 0 0
26100 372596 368113 0 6489.45 0 0
26200 371655 366477 0 7866.31 0 0
26300 370378 369628 0 5737.58 0 0
26400 372485 365248 0 6214.81 0 0
26500 373818 367122 0 5382.8 0 0
26600 371466 370271 0 7534.49 0 0
26700 369609 368558 0 7421.19 0 0
26800 370195 370167 0 6901.19 0 0
26900 371078 368884 0 7825.11 0 0
27000 374960 366645 0 8390.63 0 0
27100 374088 368708 0 8855.42 0 0
27200 370393 371346 0 9007.89 0 0
27300 370667 369319 0 3118.25 0 0
27400 373141 371107 0 8964.6 0 0
27500 370724 368838 0 3084.11 0 0
27600 371957 371332 0 8614.94 0 0
27700 370123 369365 0 7537.76 0 0
27800 373800 367618 0 8183.92 0 0
27900 372276 368827 0 9167.19 0 0
28000 373474 366657 0 6396.02 0 0
28100 373045 369218 0 5955.38 0 0
28200 369570 371809 0 5991.65 0 0
28300 370328 369332 0 7815.45 0 0
28400 373214 369853 0 8498.46 0 0
28500 374304 367008 0 8272 0 0
28600 374097 366462 0 8307.05 0 0
28700 375027 365566 0 7839.19 0 0
28800 368654 369270 0 4703.64 0 0
28900 372046 369726 0 5815.57 0 0
29000 373833 368241 0 6718.35 0 0
29100 371325 369778 0 2993.24 0 0
29200 371197 366675 0 5673.24 0 0
29300 372544 368808 0 1527.15 0 0
29400 368297 369375 0 5696.3 0 0
29500 369209 372471 0 2305.72 0 0
29600 370310 368898 0 4562.41 0 0
29700 372515 369044 0 519.264 0 0
29800 370348 367697 0 2087.79 0 0
29900 369870 369619 0 516.182 0 0
30000 370718 371448 0 1431.44 0 0
30100 370590 369391 0 2531.61 0 0
30200 369266 371554 0 -1285.48 0 0
30300 371818 366380 0 547.03 0 0
30400 370840 370613 0 -1117.98 0 0
30500 372767 368496 0 -2972.93 0 0
30600 369544 371472 0 -2766.72 0 0
30700 370260 371405 0 -257.256 0 0
30800 373227 366470 0 -2588.14 0 0
30900 373623 365420 0 -1723.24 0 0
31000 371819 367825 0 -4126.88 0 0
31100 374478 366601 0 -4843.58 0 0
31200 373147 369646 0 -6412.59 0 0
31300 369863 370448 0 -6318.33 0 0
31400 370348 371898 0 -5139.66 0 0
31500 372960 368430 0 -5930.76 0 0
31600 370984 367641 0 -5079.24 0 0
31700 372988 367160 0 -4454.36 0 0
31800 372916 369430 0 -6636.08 0 0
31900 369908 369376 0 -7085.97 0 0
32000 373857 365762 0 -4828.69 0 0
32100 369759 370746 0 -5418.1 0 0
32200 371141 368290 0 -7122.02 0 0
32300 371956 369713 0 -7474.98 0 0
32400 371232 370030 0 -5547.89 0 0
32500 370577 369716 0 -4279.57 0 0
32600 371724 368775 0 -8496.72 0 0
32700 371922 368056 0 -6233.43 0 0
32800 371695 369325 0 -5513.69 0 0
32900 368993 368691 0 -6302.58 0 0
33000 369866 371843 0 -3552.08 0 0
33100 370509 367954 0 -3125.63 0 0
33200 371521 370392 0 -563.151 0 0
33300 370762 366880 0 -3229.13 0 0
33400 371147 370028 0 -3453.35 0 0
33500 372161 374052 0 -5223.04 0 0
33600 370244 371740 0 -3218 0 0
33700 372783 368514 0 -842.991 0 0
33800 373651 367997 0 -3751.4 0 0
33900 371283 368527 0 -4359 0 0
34000 372443 370626 0 -3800.04 0 0
34100 373939 366555 0 -915.037 0 0
34200 373253 369136 0 -3637.12 0 0
34300 371450 369108 0 -248.52 0 0
34400 369456 369793 0 -224.151 0 0
34500 372799 368280 0 387.481 0 0
34600 372497 368355 0 -364.364 0 0
34700 370636 372559 0 -1509.53 0 0
34800 372896 365973 0 -620.911 0 0
34900 369950 369557 0 647.583 0 0
35000 373858 366846 0 3890.98 0 0
35100 370949 368029 0 1670.27 0 0
35200 370321 371004 0 4337.12 0 0
35300 370247 366721 0 5854.76 0 0
35400 372307 369583 0 6481.02 0 0
35500 372948 367352 0 4179.13 0 0
35600 372349 369883 0 2257.02 0 0
35700 374937 366468 0 4733.2 0 0
35800 374170 367925 0 6879.35 0 0
35900 369962 370764 0 5837.99 0 0
36000 370507 369375 0 5172.57 0 0
36100 369112 372002 0 4522.19 0 0
36200 369719 370646 0 5232.27 0 0
36300 367860 370352 0 6016.83 0 0
36400 370535 370788 0 8281.54 0 0
36500 374191 370487 0 9140.1 0 0
36600 371976 369768 0 6911.7 0 0
36700 371986 368276 0 9627.15 0 0
36800 371477 368175 0 10453.2 0 0
36900 373714 367484 0 8713.25 0 0
37000 368107 370618 0 9702.53 0 0
37100 369826 367831 0 7537.32 0 0
37200 371538 371744 0 8770.9 0 0
37300 370595 368792 0 8376.61 0 0
37400 372621 368469 0 10630.5 0 0
37500 367736 374008 0 11171.2 0 0
37600 370883 370306 0 9691.49 0 0
37700 372225 367636 0 9519.32 0 0
37800 368759 371420 0 7193.74 0 0
37900 369704 371713 0 9796.63 0 0
38000 372545 368681 0 7866.97 0 0
38100 372351 367807 0 8008.82 0 0
38200 369463 371359 0 7593.09 0 0
38300 367835 375435 0 6736.77 0 0
38400 369562 371354 0 7446.98 0 0
38500 370089 369410 0 5597.48 0 0
38600 375218 368498 0 8619.54 0 0
38700 372024 368530 0 9734.15 0 0
38800 372568 369285 0 7156.95 0 0
38900 369159 373309 0 6245.46 0 0
39000 373162 370090 0 5274.98 0 0
39100 373637 368977 0 6825.24 0 0
39200 373046 366498 0 4401.92 0 0
39300 372437 371113 0 3785.86 0 0
39400 372580 366761 0 3508.25 0 0
39500 372272 369536 0 3448.8 0 0
39600 371683 369324 0 1550.53 0 0
39700 370601 370655 0 1489.09 0 0
39800 368478 371021 0 2695.04 0 0
39900 371156 370540 0 3564.8 0 0
40000 371834 369685 0 -804.768 0 0
40100 370817 369478 0 1098.38 0 0
40200 370111 370010 0 2012.47 0 0
40300 369813 369476 0 1259.59 0 0
40400 370309 371157 0 -1535.76 0 0
40500 373397 367309 0 -1467.91 0 0
40600 370944 368857 0 -1293.07 0 0
40700 375683 366529 0 -1381.98 0 0
40800 372609 370006 0 1173.71 0 0
40900 370563 372729 0 -1443.78 0 0
41000 373124 366443 0 -3691.54 0 0
41100 371896 370822 0 -3583.42 0 0
41200 370336 370937 0 -3993.26 0 0
41300 375597 367521 0 -5185.93 0 0
41400 371273 370598 0 -4310.41 0 0
41500 374753 366492 0 -3343.23 0 0
41600 373312 370925 0 -7034.06 0 0
41700 371093 367704 0 -4156.05 0 0
41800 373384 370298 0 -7612.32 0 0
41900 371127 368565 0 -7632.21 0 0
42000 373013 368625 0 -1920.91 0 0
42100 371085 371633 0 -5126.41 0 0
42200 372011 367830 0 -3395.71 0 0
42300 370835 370082 0 -5346.62 0 0
42400 372811 370323 0 -6705.67 0 0
42500 371074 369420 0 -6250.9 0 0
42600 370965 366112 0 -4081.91 0 0
42700 372486 370670 0 -6306.26 0 0
42800 372325 367476 0 -5424.73 0 0
42900 372226 366497 0 -4575.26 0 0
43000 369751 370159 0 -5834.09 0 0
43100 372156 369518 0 -6934.24 0 0
43200 372626 369005 0 -3693.32 0 0
43300 370853 368729 0 -6635.6 0 0
43400 371212 369000 0 -5655.96 0 0
43500 371023 368758 0 -3077.51 0 0
43600 369883 373479 0 -2396.68 0 0
43700 371160 368792 0 -5383.63 0 0
43800 369493 369165 0 -5400.92 0 0
43900 368662 370464 0 -2707.29 0 0
44000 368412 373576 0 -1789.12 0 0
44100 373330 369557 0 -5564.39 0 0
44200 370167 373402 0 -1433.65 0 0
44300 372099 369330 0 -2843.11 0 0
44400 371144 366893 0 -3727.65 0 0
44500 371641 368401 0 -1338.71 0 0
44600 367622 371557 0 -2298.61 0 0
44700 372275 370201 0 -1130.63 0 0
44800 377128 366830 0 232.362 0 0
44900 367701 370643 0 -225.11 0 0
45000 373691 370847 0 3727 0 0
45100 370503 369934 0 3181.49 0 0
45200 372134 371602 0 -166.161 0 0
45300 372820 369690 0 2310.8 0 0
45400 371363 370126 0 1727.62 0 0
45500 371708 371910 0 3230.58 0 0
45600 373433 367611 0 4548.64 0 0
45700 370491 369511 0 1112.06 0 0
45800 371116 370314 0 4814.61 0 0
45900 373348 369992 0 7779.68 0 0
46000 368843 370386 0 5936.04 0 0
46100 372668 366811 0 6017.22 0 0
46200 370401 369389 0 7678.88 0 0
46300 369202 373596 0 6494.03 0 0
46400 369143 369742 0 6924.65 0 0
46500 368677 370453 0 6399.34 0 0
46600 371675 370435 0 6923.2 0 0
46700 371231 371106 0 5959 0 0
46800 374294 367668 0 8313.66 0 0
46900 370858 373664 0 6764.89 0 0
47000 370156 368612 0 7331.09 0 0
47100 371630 369988 0 9848.48 0 0
47200 373112 368525 0 6205.18 0 0
47300 370913 370228 0 8741.61 0 0
47400 374211 369569 0 13870.9 0 0
47500 371678 372384 0 7674.12 0 0
47600 369802 370297 0 8195.24 0 0
47700 374251 369737 0 8676.27 0 0
47800 372653 368345 0 10949.1 0 0
47900 371284 369818 0 6239.42 0 0
48000 373564 371136 0 9145.92 0 0
48100 368663 371338 0 6139.54 0 0
48200 372989 369153 0 7575.62 0 0
48300 371518 370189 0 5168.19 0 0
48400 367955 371833 0 5382.29 0 0
48500 371925 371192 0 5398.32 0 0
48600 371896 368492 0 6780.36 0 0
48700 369983 371888 0 5905.16 0 0
48800 366475 370508 0 4148.15 0 0
48900 371658 371877 0 4255.53 0 0
49000 372784 369662 0 4373.56 0 0
49100 371967 369163 0 1211.72 0 0
49200 370870 368716 0 3118.81 0 0
49300 371604 367191 0 4845.48 0 0
49400 372025 369991 0 5278.56 0 0
49500 371867 369650 0 4073.84 0 0
49600 372708 369667 0 2987.31 0 0
49700 371671 370091 0 1455.47 0 0
49800 371016 367011 0 2301.47 0 0
49900 373808 370083 0 2199.08 0 0
50000 369502 372134 0 5046.7 0 0
