# Time-averaged data for fix ps1
# TimeStep c_thermo_press[1] c_thermo_press[2] c_thermo_press[3] c_thermo_press[4] c_thermo_press[5] c_thermo_press[6]
0 374834 373550 0 2587.18 0 0
100 377969 381165 0 1950.55 0 0
200 377414 382044 0 735.501 0 0
300 382657 378680 0 -2015.95 0 0
400 378394 378631 0 2042.95 0 0
500 379999 380163 0 -3439.16 0 0
600 381252 376250 0 -1756.58 0 0
700 380250 375636 0 -424.585 0 0
800 380531 377004 0 -3258.13 0 0
900 379796 378924 0 -2400.18 0 0
1000 381742 379608 0 -2646.4 0 0
1100 382996 378557 0 -3982.41 0 0
1200 378850 378437 0 -312.491 0 0
1300 379731 380486 0 -2666.19 0 0
1400 380325 377268 0 -5681.95 0 0
1500 381304 378750 0 -4043.68 0 0
1600 379924 377027 0 -3441.09 0 0
1700 382973 376861 0 -4110.52 0 0
1800 380749 375631 0 -8212.75 0 0
1900 378181 378221 0 -4243.02 0 0
2000 377508 379354 0 -4878.21 0 0
2100 382405 377826 0 -4230.48 0 0
2200 378449 380228 0 -5800.19 0 0
2300 383074 377827 0 -7253.54 0 0
2400 379963 379034 0 -8514.7 0 0
2500 381553 379456 0 -2265.95 0 0
2600 378031 381659 0 -7887.55 0 0
2700 382951 377966 0 -6785.66 0 0
2800 383418 377593 0 -4105.9 0 0
2900 381034 376819 0 -5196.65 0 0
3000 380557 377036 0 -6906.25 0 0
3100 379609 381713 0 -3370.02 0 0
3200 379286 381198 0 -7897.24 0 0
3300 379560 379849 0 -4564.88 0 0
3400 379883 376473 0 -4803.62 0 0
3500 383137 377333 0 -2484.64 0 0
3600 380580 378260 0 -4220.83 0 0
3700 377772 377478 0 -2650.14 0 0
3800 382941 376296 0 -4338.15 0 0
3900 381360 378739 0 -2113.75 0 0
4000 380455 380720 0 -4242.56 0 0
4100 382281 376339 0 -6934.2 0 0
4200 380449 379140 0 -1511.61 0 0
4300 378001 379507 0 -1412.18 0 0
4400 380922 379149 0 -222.745 0 0
4500 382889 375306 0 -892.884 0 0
4600 382040 380922 0 -2169.3 0 0
4700 380852 377851 0 -2097.89 0 0
4800 384415 375733 0 1500.96 0 0
4900 379345 379786 0 -1022.43 0 0
5000 377755 380120 0 1957.75 0 0
5100 381138 376831 0 915.15 0 0
5200 379359 380703 0 772.281 0 0
5300 380836 379378 0 2701.68 0 0
5400 380302 376071 0 2981.36 0 0
5500 384804 376370 0 5146.12 0 0
5600 378027 379693 0 3472.07 0 0
5700 381126 378820 0 7501.61 0 0
5800 380876 378789 0 4226.61 0 0
5900 380953 379144 0 3235.19 0 0
6000 380963 380238 0 5749.78 0 0
6100 379926 381309 0 6448.92 0 0
6200 381254 376325 0 5609.89 0 0
6300 382567 380641 0 6084.07 0 0
6400 378802 378211 0 4149.51 0 0
6500 380183 378957 0 7152.31 0 0
6600 381159 379083 0 6849.17 0 0
6700 379106 380302 0 4451.2 0 0
6800 381401 380546 0 7217.39 0 0
6900 378156 378402 0 3813.77 0 0
7000 382277 378080 0 5723.72 0 0
7100 379938 380218 0 8645.56 0 0
7200 379737 376010 0 9189.6 0 0
7300 383803 376814 0 7055.68 0 0
7400 382174 373051 0 6558.98 0 0
7500 382188 376940 0 7592.94 0 0
7600 382985 378698 0 8372.55 0 0
7700 379916 375693 0 8615.91 0 0
7800 380669 380114 0 5446.84 0 0
7900 380555 377208 0 7268.4 0 0
8000 378858 377797 0 7985.47 0 0
8100 379279 379081 0 3389.24 0 0
8200 381720 379854 0 8709.66 0 0
8300 377394 384855 0 7592.63 0 0
8400 379153 378365 0 5044.13 0 0
8500 382346 379047 0 5424.55 0 0
8600 381905 378063 0 7609.13 0 0
8700 381942 378273 0 7528.47 0 0
8800 380246 379413 0 5738.69 0 0
8900 379219 377067 0 4521.28 0 0
9000 383449 374571 0 6186.12 0 0
9100 382531 375459 0 7309.31 0 0
9200 383098 377517 0 2744.64 0 0
9300 380109 376041 0 1587.88 0 0
9400 383025 381389 0 2411.56 0 0
9500 376781 380987 0 3154.65 0 0
9600 376818 376912 0 4999.74 0 0
9700 380190 380699 0 2354.6 0 0
9800 378776 378946 0 2759.12 0 0
9900 383196 375858 0 2520.77 0 0
10000 381861 379668 0 1046.06 0 0
10100 379899 379792 0 -3237.62 0 0
10200 380802 378173 0 1337.27 0 0
10300 380838 376504 0 396.137 0 0
10400 382315 374762 0 1467.62 0 0
10500 383675 376860 0 -3554.05 0 0
10600 382405 378775 0 -1155.13 0 0
10700 382357 378669 0 329.14 0 0
10800 377574 378954 0 -2007.93 0 0
10900 383076 375408 0 -3332.5 0 0
11000 384777 378189 0 -1693.36 0 0
11100 380702 377374 0 -4337.36 0 0
11200 380683 380396 0 -4263.87 0 0
11300 380452 378662 0 -3727.44 0 0
11400 382212 375624 0 -5807.77 0 0
11500 379879 379354 0 -6123.9 0 0
11600 382413 377604 0 -5460.47 0 0
11700 383475 377727 0 -5551.1 0 0
11800 381986 377225 0 -3926.04 0 0
11900 382960 378986 0 -4558.69 0 0
12000 381439 378398 0 -4841.81 0 0
12100 380163 375252 0 -7819.73 0 0
12200 378240 378359 0 -1475.98 0 0
12300 378919 379872 0 -3661.53 0 0
12400 381129 382159 0 -5431.91 0 0
12500 380208 376449 0 -6727.18 0 0
12600 382905 379241 0 -5654.78 0 0
12700 380285 377020 0 -5510.2 0 0
12800 380484 378944 0 -4503.75 0 0
12900 383362 375820 0 -4446.28 0 0
13000 380661 378642 0 -2319.31 0 0
13100 380494 378101 0 -6350.02 0 0
13200 381274 376552 0 -5239.72 0 0
13300 381196 377429 0 -4966.62 0 0
13400 383354 377431 0 -4595.89 0 0
13500 380420 381028 0 -5653.81 0 0
13600 377284 380984 0 -3442.73 0 0
13700 384104 377278 0 -1209.18 0 0
13800 380470 379897 0 -2667.67 0 0
13900 380055 375906 0 -1717.18 0 0
14000 383883 375968 0 -223.298 0 0
14100 384927 374985 0 -797.375 0 0
14200 381014 377414 0 -2577.96 0 0
14300 381031 377781 0 -2244.45 0 0
14400 381494 376950 0 -193.215 0 0
14500 379745 375485 0 216.89 0 0
14600 382757 377463 0 5071.95 0 0
14700 383422 374379 0 3051.41 0 0
14800 381760 379663 0 2350.06 0 0
14900 380685 377245 0 1873.24 0 0
15000 381399 373460 0 3169.73 0 0
15100 381152 380237 0 4082.13 0 0
15200 382766 375800 0 1045.45 0 0
15300 381578 378600 0 5186.34 0 0
15400 379744 378007 0 172.667 0 0
15500 383596 379325 0 4661.23 0 0
15600 379555 379428 0 1734.03 0 0
15700 385297 378723 0 5672.83 0 0
15800 383785 377562 0 3600.71 0 0
15900 379556 379777 0 4120.38 0 0
16000 384995 373520 0 4626.44 0 0
16100 381868 376006 0 6650.93 0 0
16200 384493 378484 0 5113.5 0 0
16300 383801 376958 0 3506.25 0 0
16400 379638 379921 0 4738.55 0 0
16500 381697 379078 0 6303.53 0 0
16600 384692 375622 0 6361.83 0 0
16700 380444 378370 0 5670.03 0 0
16800 384072 378752 0 6520.62 0 0
16900 381311 378149 0 4083.87 0 0
17000 382710 379195 0 5877.54 0 0
17100 380946 375855 0 7168.59 0 0
17200 383011 380094 0 3330.06 0 0
17300 380871 379244 0 6289.9 0 0
17400 381872 376645 0 5802.32 0 0
17500 385430 371183 0 6007.21 0 0
17600 381396 383018 0 5985.43 0 0
17700 384669 377051 0 6153.68 0 0
17800 382196 378194 0 7195.07 0 0
17900 383201 380117 0 4919.86 0 0
18000 379580 379137 0 4675.87 0 0
18100 384667 375642 0 6131.79 0 0
18200 382553 380174 0 6305.53 0 0
18300 387210 377012 0 6493.43 0 0
18400 384681 373950 0 4259.37 0 0
18500 384155 381031 0 5925.7 0 0
18600 383317 377590 0 5500.22 0 0
18700 381569 379324 0 3865.54 0 0
18800 379074 378819 0 5523.41 0 0
18900 381683 376310 0 5225.51 0 0
19000 382613 377863 0 2169.72 0 0
19100 384530 375418 0 548.947 0 0
19200 382489 378422 0 3458.96 0 0
19300 381896 376556 0 2614.74 0 0
19400 386253 376064 0 660.741 0 0
19500 380179 380205 0 1468.58 0 0
19600 383839 378453 0 -922.652 0 0
19700 383517 376951 0 -1766.8 0 0
19800 384823 381739 0 -650.672 0 0
19900 379112 378490 0 -2181.76 0 0
20000 381788 378635 0 -2029.22 0 0
20100 380606 376808 0 -3521.65 0 0
20200 381936 378831 0 -4086.26 0 0
20300 383464 378439 0 -2718.53 0 0
20400 381812 378854 0 -382.53 0 0
20500 385347 375840 0 -3358.71 0 0
20600 387114 375590 0 -2493.86 0 0
20700 381089 379495 0 -4646.8 0 0
20800 383855 376947 0 -3183.42 0 0
20900 383778 377167 0 -6140.81 0 0
21000 381450 377355 0 -5785.94 0 0
21100 379106 380056 0 -927.262 0 0
21200 383341 374877 0 -3779.93 0 0
21300 383655 377375 0 -10829.7 0 0
21400 381880 377499 0 -5801.61 0 0
21500 381606 378126 0 -10203.2 0 0
21600 383535 373612 0 -8995.44 0 0
21700 382891 377118 0 -7672.28 0 0
21800 382071 379180 0 -8064.1 0 0
21900 381433 375169 0 -5617.25 0 0
22000 383452 377849 0 -10287.8 0 0
22100 381643 378315 0 -6211.39 0 0
22200 381700 377359 0 -7439.44 0 0
22300 383743 378059 0 -6378.19 0 0
22400 377619 378633 0 -7698.8 0 0
22500 381651 376813 0 -6867.62 0 0
22600 379974 379108 0 -5546.57 0 0
22700 380050 376630 0 -3903.72 0 0
22800 380891 377996 0 -6049.42 0 0
22900 381334 378062 0 -6805.36 0 0
23000 380053 377786 0 -6202.89 0 0
23100 381015 381561 0 -7222.73 0 0
23200 382445 378576 0 -5158.29 0 0
23300 381389 380111 0 -5088.65 0 0
23400 382514 376953 0 -6705.69 0 0
23500 383401 380065 0 -6362.57 0 0
23600 382580 376139 0 -5095.4 0 0
23700 379725 379630 0 -4845.74 0 0
23800 379376 380315 0 -3402.86 0 0
23900 381791 380132 0 -1926.04 0 0
24000 382355 380540 0 -3140.59 0 0
24100 379605 378447 0 -246.283 0 0
24200 381430 383222 0 -4009.29 0 0
24300 380448 380800 0 414.284 0 0
24400 381028 378543 0 -1615.58 0 0
24500 385612 377908 0 -628.445 0 0
24600 385246 374380 0 -958.789 0 0
24700 381142 381959 0 3094.6 0 0
24800 383971 377094 0 -3402.24 0 0
24900 380536 376255 0 1691.03 0 0
25000 383165 375826 0 1187.66 0 0
25100 383802 379992 0 349.865 0 0
25200 385274 375010 0 838.834 0 0
25300 383323 375595 0 709.607 0 0
25400 382756 379108 0 3175.07 0 0
25500 380894 380478 0 3515.26 0 0
25600 384830 374794 0 706.391 0 0
25700 381214 380042 0 4521.06 0 0
25800 383028 377659 0 3679.93 0 0
25900 387545 377638 0 5494.23 0 0
26000 383583 377371 0 5923.03 0 0
26100 383552 377557 0 5559.14 0 0
26200 380609 380268 0 3101.27 0 0
26300 385772 375299 0 4580.33 0 0
26400 382035 380304 0 5488.62 0 0
26500 383991 374160 0 6325.98 0 0
26600 383202 378698 0 3022.73 0 0
26700 384913 374112 0 3616.07 0 0
26800 385500 374102 0 4356.31 0 0
26900 378258 378440 0 5587.37 0 0
27000 385258 377060 0 3981.41 0 0
27100 381709 378518 0 5607.95 0 0
27200 380739 379325 0 5180.38 0 0
27300 384302 377170 0 7123.68 0 0
27400 381490 378411 0 4337.02 0 0
27500 378307 379802 0 7149.46 0 0
27600 381255 381869 0 6433.7 0 0
27700 379583 379512 0 5028.33 0 0
27800 383687 379312 0 6909.34 0 0
27900 381668 380843 0 4962.24 0 0
28000 379828 379352 0 6543.9 0 0
28100 385725 378573 0 5342.93 0 0
28200 382010 377710 0 7067.73 0 0
28300 380992 377787 0 5550.79 0 0
28400 381299 379717 0 3030.41 0 0
28500 381545 378181 0 4393.13 0 0
28600 382033 376398 0 5640.63 0 0
28700 382317 379224 0 4428.94 0 0
28800 379594 376584 0 1906.15 0 0
28900 385632 375377 0 2187.67 0 0
29000 380737 380198 0 2799.89 0 0
29100 382975 375810 0 1978.82 0 0
29200 379361 378437 0 4101.82 0 0
29300 385885 377154 0 830.276 0 0
29400 382761 375673 0 1254.08 0 0
29500 380300 381987 0 708.829 0 0
29600 383673 372856 0 3019.18 0 0
29700 381260 376851 0 -102.158 0 0
29800 380556 380202 0 380.822 0 0
29900 383083 376856 0 -2262.45 0 0
30000 381250 378363 0 -1101.91 0 0
30100 380588 377806 0 -467.045 0 0
30200 382372 378151 0 -2217.12 0 0
30300 383958 374766 0 -1973.11 0 0
30400 381205 375857 0 -2876.33 0 0
30500 383213 377914 0 -3920.67 0 0
30600 382445 378044 0 -3661.13 0 0
30700 382181 378041 0 546.119 0 0
30800 381711 376444 0 -2397.45 0 0
30900 384746 376675 0 -1851.31 0 0
31000 385104 371904 0 -2998.62 0 0
31100 383359 374846 0 -3307.22 0 0
31200 380083 379231 0 -2541.78 0 0
31300 381479 378245 0 -7024.1 0 0
31400 378234 378461 0 -3635.73 0 0
31500 383857 378166 0 -6607.18 0 0
31600 383374 376590 0 -2754.79 0 0
31700 382909 374688 0 -3302.04 0 0
31800 382434 376937 0 -5444.17 0 0
31900 381841 377937 0 -7074.05 0 0
32000 382051 377433 0 -9334.39 0 0
32100 382511 374856 0 -8498.9 0 0
32200 383107 375860 0 -2767.37 0 0
32300 383652 378126 0 -1563.49 0 0
32400 380555 379677 0 -9388.15 0 0
32500 381066 378480 0 -7298.04 0 0
32600 383478 375309 0 -5804.46 0 0
32700 380868 377982 0 -6536.18 0 0
32800 383460 380775 0 -5215.79 0 0
32900 383703 376862 0 -4272.53 0 0
33000 380029 378509 0 -7140 0 0
33100 380888 376199 0 -7791.48 0 0
33200 383957 377357 0 -9317.24 0 0
33300 383765 377936 0 -7152.29 0 0
33400 386656 376212 0 -6971.5 0 0
33500 380905 377185 0 -4035.04 0 0
33600 381242 376445 0 -6924.14 0 0
33700 380761 376995 0 -6532.6 0 0
33800 385095 378040 0 -4057.92 0 0
33900 378993 377216 0 -5473.63 0 0
34000 385502 378153 0 -3423.98 0 0
34100 379584 375383 0 -349.262 0 0
34200 378856 381248 0 -7018.27 0 0
34300 379512 380271 0 -5814.28 0 0
34400 381242 378733 0 -1223.45 0 0
34500 377013 381986 0 -4205.95 0 0
34600 383481 380771 0 -5568.12 0 0
34700 380864 380642 0 -2857.55 0 0
34800 377647 381597 0 -1621.65 0 0
34900 378700 382844 0 -4218.36 0 0
35000 379698 378710 0 -835.978 0 0
35100 381440 376021 0 -1993.06 0 0
35200 379047 376519 0 -2731.22 0 0
35300 382017 381570 0 3284.98 0 0
35400 382388 377654 0 50.48 0 0
35500 377929 382444 0 -348.882 0 0
35600 382363 379804 0 1290.53 0 0
35700 382630 374904 0 5567.79 0 0
35800 382650 375825 0 1008.45 0 0
35900 385512 373572 0 3262.59 0 0
36000 386503 376864 0 1372.82 0 0
36100 383037 378513 0 3681.28 0 0
36200 382175 378093 0 5456.95 0 0
36300 380040 379131 0 5726.35 0 0
36400 381444 381429 0 3145.1 0 0
36500 383186 380558 0 1019.68 0 0
36600 380480 378627 0 4482.6 0 0
36700 382012 379311 0 4844.08 0 0
36800 381308 378668 0 3119.4 0 0
36900 380540 377737 0 6177.49 0 0
37000 383295 380167 0 5628.1 0 0
37100 376536 378134 0 5367.79 0 0
37200 378981 381949 0 7157.78 0 0
37300 380342 380112 0 9805.23 0 0
37400 379043 380282 0 9225.38 0 0
37500 381784 379125 0 8173.91 0 0
37600 378334 380814 0 3056.88 0 0
37700 385340 375323 0 2239.6 0 0
37800 380999 382310 0 5670.4 0 0
37900 379272 380212 0 5691.54 0 0
38000 374843 383195 0 3235.3 0 0
38100 379708 381305 0 5078.16 0 0
38200 381351 378289 0 4760.64 0 0
38300 379787 378102 0 7868.93 0 0
38400 381733 379236 0 2467.25 0 0
38500 378303 378330 0 5777.09 0 0
38600 377764 378883 0 3536.4 0 0
38700 384233 376222 0 4007.24 0 0
38800 382410 376932 0 6096.35 0 0
38900 380145 378252 0 3973.72 0 0
39000 379766 375623 0 3358.35 0 0
39100 381758 379270 0 2230.71 0 0
39200 380525 381076 0 2292.98 0 0
39300 378420 380712 0 449.703 0 0
39400 381601 379505 0 1489.73 0 0
39500 380211 377112 0 3868.37 0 0
39600 381190 376444 0 -1730.48 0 0
39700 380319 374393 0 -164.094 0 0
39800 379731 378219 0 134.001 0 0
39900 380777 379606 0 -1988.61 0 0
40000 379304 378749 0 -3834.61 0 0
40100 382447 377767 0 -3489.4 0 0
40200 380122 379305 0 -1523.88 0 0
40300 381232 377657 0 736.009 0 0
40400 381867 377515 0 -234.721 0 0
40500 382521 379816 0 -5742.37 0 0
40600 379640 379089 0 -3873.49 0 0
40700 383969 378667 0 -1514.24 0 0
40800 379119 381625 0 -4219.46 0 0
40900 379702 380481 0 -5671.75 0 0
41000 381332 377516 0 -5786.94 0 0
41100 381398 376341 0 -5123.39 0 0
41200 384809 377978 0 -3605.6 0 0
41300 385241 373880 0 -5649.78 0 0
41400 380884 379467 0 -3140.04 0 0
41500 382672 377495 0 -8864.67 0 0
41600 380557 375729 0 -6757.18 0 0
41700 381521 377278 0 -7865.14 0 0
41800 381407 378720 0 -5790.68 0 0
41900 378717 377840 0 -7147.71 0 0
42000 382792 378344 0 -9389.1 0 0
42100 379635 378567 0 -5533.71 0 0
42200 383412 378362 0 -4784.32 0 0
42300 382444 376191 0 -9798.7 0 0
42400 384120 376715 0 -7318.64 0 0
42500 380448 377611 0 -8208.32 0 0
42600 376758 381654 0 -6909.91 0 0
42700 381352 378366 0 -8021.67 0 0
42800 383562 375242 0 -9390.95 0 0
42900 381218 378904 0 -5925.22 0 0
43000 380813 377523 0 -6821.14 0 0
43100 378204 378982 0 -8152.76 0 0
43200 382818 375643 0 -5732.98 0 0
43300 382599 377704 0 -3387.98 0 0
43400 382132 375447 0 -3950.28 0 0
43500 382611 378139 0 -6251.8 0 0
43600 380187 377078 0 -5771.61 0 0
43700 381179 379343 0 -4329.28 0 0
43800 379352 376273 0 -6028.15 0 0
43900 380358 377921 0 -7222.7 0 0
44000 380819 377637 0 -4852.48 0 0
44100 378516 378628 0 -6592.8 0 0
44200 384733 377050 0 -3638.18 0 0
44300 377767 379223 0 -1307.36 0 0
44400 378123 382238 0 -2999.54 0 0
44500 379934 380280 0 48.632 0 0
44600 381016 381683 0 -1806.73 0 0
44700 378024 380159 0 -2273.83 0 0
44800 378387 378993 0 -126.116 0 0
44900 378630 379142 0 1675.48 0 0
45000 379706 380393 0 -3245.69 0 0
45100 380050 381093 0 563.846 0 0
45200 380225 379910 0 1091.38 0 0
45300 379152 378545 0 -877.917 0 0
45400 381911 379021 0 452.627 0 0
45500 380665 377750 0 -244.33 0 0
45600 378820 378441 0 3631.05 0 0
45700 379268 383090 0 146.62 0 0
45800 380547 381235 0 973.358 0 0
45900 380515 378631 0 2204.46 0 0
46000 380143 376941 0 2362.22 0 0
46100 377478 381721 0 1852.7 0 0
46200 378834 379427 0 4532.3 0 0
46300 378465 382502 0 5511.07 0 0
46400 376851 379864 0 3556.22 0 0
46500 378497 381393 0 5718.87 0 0
46600 381156 378392 0 4908.19 0 0
46700 379917 378170 0 2836.83 0 0
46800 377946 382569 0 3272.53 0 0
46900 379832 377966 0 4259.83 0 0
47000 380117 380190 0 2579.89 0 0
47100 378930 382799 0 3752.38 0 0
47200 382959 378954 0 1566.06 0 0
47300 382815 380324 0 5356.77 0 0
47400 380191 380729 0 6673.68 0 0
47500 382406 377746 0 5627.87 0 0
47600 381649 377638 0 5582.09 0 0
47700 377708 378791 0 3881.06 0 0
47800 375310 386416 0 2402.63 0 0
47900 379554 380040 0 3470.16 0 0
48000 378892 381610 0 5033.08 0 0
48100 376105 382473 0 6518.65 0 0
48200 379602 380619 0 5388.38 0 0
48300 377269 382005 0 6936.66 0 0
48400 381216 382107 0 4847.53 0 0
48500 376081 377952 0 2253.76 0 0
48600 380474 380305 0 1827.94 0 0
48700 376807 380469 0 412.584 0 0
48800 380013 380728 0 2541.77 0 0
48900 379394 379051 0 1882.06 0 0
49000 378882 380987 0 2081.61 0 0
49100 380026 380807 0 1060.01 0 0
49200 380459 378558 0 155.816 0 0
49300 381189 378459 0 2290.06 0 0
49400 382718 382200 0 -334.653 0 0
49500 378934 381647 0 793.334 0 0
49600 379527 378703 0 5601.06 0 0
49700 379421 379818 0 177.358 0 0
49800 385302 371853 0 -297.21 0 0
49900 384638 381121 0 -684.728 0 0
50000 380214 375637 0 -424.726 0 0
