# Time-averaged data for fix ps1
# TimeStep c_thermo_press[1] c_thermo_press[2] c_thermo_press[3] c_thermo_press[4] c_thermo_press[5] c_thermo_press[6]
0 388453 383321 0 -114.28 0 0
100 393712 390406 0 300.13 0 0
200 389104 388860 0 91.7674 0 0
300 393108 390471 0 -3430.07 0 0
400 391501 388804 0 -964.123 0 0
500 389180 392018 0 -2878.63 0 0
600 390201 390138 0 -5379.98 0 0
700 397510 387838 0 -3915.08 0 0
800 394870 389989 0 -3733.05 0 0
900 393966 390451 0 -5062.28 0 0
1000 398827 387113 0 -4200.32 0 0
1100 391819 392697 0 -3398.51 0 0
1200 392288 393713 0 -2924.22 0 0
1300 391214 391922 0 -2833.79 0 0
1400 393742 396431 0 -4348.2 0 0
1500 396480 387495 0 -5313.67 0 0
1600 393023 389446 0 -5729.15 0 0
1700 389253 393322 0 -7711.93 0 0
1800 392532 393125 0 -5910.12 0 0
1900 392115 390461 0 -3966.98 0 0
2000 394054 392856 0 -2807.74 0 0
2100 393772 388452 0 -5922.03 0 0
2200 395707 385824 0 -3342.92 0 0
2300 390639 392767 0 -1148.29 0 0
2400 395806 388746 0 -4479.99 0 0
2500 395313 389946 0 -6145.11 0 0
2600 394508 389657 0 -5074.41 0 0
2700 393171 390031 0 -3024.58 0 0
2800 394820 387306 0 -4825.46 0 0
2900 394326 388966 0 -1991.39 0 0
3000 392897 388376 0 -4019.16 0 0
3100 394670 386069 0 -3603.91 0 0
3200 396152 391170 0 -6296.72 0 0
3300 395370 387190 0 -1970.8 0 0
3400 396390 390882 0 272 0 0
3500 396618 383397 0 665.051 0 0
3600 392806 391876 0 -3182.04 0 0
3700 394160 392754 0 -4354.37 0 0
3800 396465 385207 0 1011.29 0 0
3900 391571 390068 0 -3573.64 0 0
4000 390866 394383 0 -962.732 0 0
4100 392174 389631 0 -3634.3 0 0
4200 396740 387793 0 -659.218 0 0
4300 398208 385846 0 -836.503 0 0
4400 395914 389750 0 972.158 0 0
4500 394205 389683 0 375.841 0 0
4600 394190 390370 0 2676.99 0 0
4700 398711 387329 0 6180.03 0 0
4800 393725 387820 0 2320.99 0 0
4900 395202 390984 0 2521.61 0 0
5000 389709 394290 0 -287.667 0 0
5100 393382 389514 0 2270.61 0 0
5200 400327 388661 0 1689.08 0 0
5300 393102 390417 0 327.89 0 0
5400 398339 385653 0 3134.92 0 0
5500 394271 389810 0 3154.63 0 0
5600 397226 386670 0 858.628 0 0
5700 394803 392995 0 5750.8 0 0
5800 393816 387538 0 3210.94 0 0
5900 393710 391632 0 3235.71 0 0
6000 392925 389442 0 3766.29 0 0
6100 395729 389783 0 7782.39 0 0
6200 397142 387527 0 3707.83 0 0
6300 396131 391912 0 6900.33 0 0
6400 396511 387440 0 6638.97 0 0
6500 391874 392656 0 4578.92 0 0
6600 394847 388846 0 3137.03 0 0
6700 394321 387188 0 5560.38 0 0
6800 394028 390786 0 3055.19 0 0
6900 390395 390629 0 4187.03 0 0
7000 393184 394411 0 2477.54 0 0
7100 392674 391566 0 3309.71 0 0
7200 394948 388320 0 3341.69 0 0
7300 397382 385610 0 3318.89 0 0
7400 394292 389899 0 4407.35 0 0
7500 393012 390499 0 4505.23 0 0
7600 397483 386556 0 2563.76 0 0
7700 396867 389893 0 2716.13 0 0
7800 394756 392333 0 6203.49 0 0
7900 394882 388740 0 5168.15 0 0
8000 396566 392840 0 1538.3 0 0
8100 397677 388094 0 3102.2 0 0
8200 393504 389945 0 1592.96 0 0
8300 394575 391802 0 2503.42 0 0
8400 395151 390529 0 5285.64 0 0
8500 394408 388711 0 5249.25 0 0
8600 395374 389608 0 4738.56 0 0
8700 393283 391175 0 1604.6 0 0
8800 395706 388869 0 3232.38 0 0
8900 394860 386017 0 676.418 0 0
9000 395398 390805 0 5729.21 0 0
9100 393737 387214 0 -1146.56 0 0
9200 394730 390284 0 2883.48 0 0
9300 394274 390983 0 4939.85 0 0
9400 394230 386411 0 1034.7 0 0
9500 393960 383494 0 2728.63 0 0
9600 395870 389988 0 2337.96 0 0
9700 393166 390875 0 -182.388 0 0
9800 394145 390489 0 -2539.93 0 0
9900 392466 392959 0 -1417.13 0 0
10000 395737 389556 0 1052.25 0 0
10100 392006 391291 0 -920.431 0 0
10200 398842 391786 0 622.429 0 0
10300 397194 389943 0 -1649.88 0 0
10400 391461 391074 0 -2241.33 0 0
10500 394503 392848 0 -3546.81 0 0
10600 394192 387735 0 -2965.29 0 0
10700 392687 391696 0 -2119.78 0 0
10800 390909 391966 0 -1289.39 0 0
10900 393627 391014 0 -3574.63 0 0
11000 395703 392948 0 -2653.72 0 0
11100 394190 390994 0 -5851.21 0 0
11200 399086 386700 0 1262.75 0 0
11300 393139 390465 0 -5147.04 0 0
11400 393010 391598 0 -1114.32 0 0
11500 395338 391541 0 -3059.58 0 0
11600 394172 390338 0 -5105.23 0 0
11700 389553 396713 0 -4867.75 0 0
11800 391301 392337 0 -4029.35 0 0
11900 393216 394748 0 -4982.07 0 0
12000 393299 392439 0 -4248.47 0 0
12100 395560 389422 0 -4263.91 0 0
12200 391593 392766 0 -3994.33 0 0
12300 390868 392411 0 -1974.67 0 0
12400 397020 388854 0 -213.081 0 0
12500 392443 391639 0 -6277.71 0 0
12600 393316 385116 0 -3105.2 0 0
12700 393677 388637 0 -3908.07 0 0
12800 390875 388606 0 -4906.81 0 0
12900 396501 388386 0 -2538.51 0 0
13000 396377 389050 0 -2725.24 0 0
13100 392190 392571 0 -5226.45 0 0
13200 393756 390580 0 -645.278 0 0
13300 393789 389744 0 -778.951 0 0
13400 393933 386945 0 -2422.27 0 0
13500 396369 388579 0 -1338.78 0 0
13600 394673 388898 0 1748.06 0 0
13700 393642 390734 0 589.075 0 0
13800 394661 390097 0 -2259.75 0 0
13900 394456 390654 0 142.294 0 0
14000 389869 391576 0 -1895.69 0 0
14100 394559 389261 0 -3349.76 0 0
14200 389712 395514 0 -1981.44 0 0
14300 392752 389650 0 -1504.17 0 0
14400 396228 390778 0 -2844.92 0 0
14500 391364 391152 0 -3463.28 0 0
14600 395297 386047 0 5167.68 0 0
14700 397139 392248 0 2306.15 0 0
14800 394197 388101 0 -385.291 0 0
14900 395626 388218 0 292.455 0 0
15000 395444 389608 0 823.331 0 0
15100 396922 387098 0 300.86 0 0
15200 391077 393175 0 989.327 0 0
15300 396850 389716 0 5589.33 0 0
15400 392372 390571 0 1740.92 0 0
15500 396664 388391 0 -1439.74 0 0
15600 394246 390282 0 3205.69 0 0
15700 393598 391735 0 1526.56 0 0
15800 392596 389144 0 1465.87 0 0
15900 393511 392393 0 5038.09 0 0
16000 397322 386423 0 1774.33 0 0
16100 394806 393134 0 5772.14 0 0
16200 394570 388941 0 2977.01 0 0
16300 399162 388725 0 2388.38 0 0
16400 396872 388869 0 2762.83 0 0
16500 391524 388730 0 9841.32 0 0
16600 390493 389391 0 4756.9 0 0
16700 394748 391046 0 6469.48 0 0
16800 392880 391830 0 5498.92 0 0
16900 391275 391033 0 6774.73 0 0
17000 393871 393052 0 5013.77 0 0
17100 394938 387252 0 729.074 0 0
17200 393383 394144 0 3017.58 0 0
17300 391587 390797 0 2673.85 0 0
17400 392442 392762 0 6240.53 0 0
17500 392388 390788 0 5362.97 0 0
17600 389012 395225 0 3269.8 0 0
17700 392345 394035 0 3946.76 0 0
17800 393218 391857 0 1404.63 0 0
17900 391546 391617 0 3125.11 0 0
18000 394902 391737 0 3067.77 0 0
18100 395067 390780 0 1741.03 0 0
18200 393998 389457 0 1414.02 0 0
18300 393554 388094 0 2294.65 0 0
18400 394174 390009 0 3479.8 0 0
18500 390611 391457 0 383.776 0 0
18600 388815 393897 0 1679.96 0 0
18700 392871 391011 0 -51.6982 0 0
18800 394989 389686 0 1732.19 0 0
18900 394197 390003 0 3268.27 0 0
19000 395493 389823 0 293.487 0 0
19100 391991 391022 0 2333.92 0 0
19200 400609 383051 0 5224.59 0 0
19300 392680 388370 0 2898.23 0 0
19400 395027 387084 0 -198.836 0 0
19500 394137 387557 0 -646.806 0 0
19600 395510 389368 0 -2.32622 0 0
19700 394298 389049 0 -684.304 0 0
19800 394648 386344 0 -3895.54 0 0
19900 395564 388192 0 -3302.11 0 0
20000 392433 387897 0 -5222.4 0 0
20100 395333 386906 0 -1511.39 0 0
20200 397274 386347 0 -2098.17 0 0
20300 395724 388093 0 -2172.82 0 0
20400 396339 387414 0 -4627 0 0
20500 396655 385889 0 -2055.41 0 0
20600 397357 386957 0 -2770.5 0 0
20700 395101 391344 0 -3305.24 0 0
20800 399289 389119 0 -3021.75 0 0
20900 398719 381658 0 -5003.02 0 0
21000 393884 389702 0 -4780.98 0 0
21100 395389 387131 0 -5489.02 0 0
21200 395456 387037 0 1516.92 0 0
21300 400669 383449 0 -4464.52 0 0
21400 395685 387708 0 -6123.04 0 0
21500 396328 390369 0 -2037.72 0 0
21600 396601 390581 0 -4850.67 0 0
21700 392409 390868 0 -4605.06 0 0
21800 393920 394216 0 -3463.87 0 0
21900 392049 394477 0 3425.23 0 0
22000 392954 393458 0 -4436.23 0 0
22100 392388 389548 0 -7323.05 0 0
22200 389802 394018 0 -7476.01 0 0
22300 394282 389138 0 -5869.2 0 0
22400 391954 391091 0 -5784 0 0
22500 391642 395878 0 -3480.76 0 0
22600 392294 395697 0 -4802.8 0 0
22700 395477 391418 0 -7708.64 0 0
22800 388565 393850 0 -5301.02 0 0
22900 390396 389456 0 -6297.75 0 0
23000 391314 391840 0 -2410.87 0 0
23100 393547 392035 0 -6631.8 0 0
23200 393840 387582 0 -7089.81 0 0
23300 393335 390228 0 -3172.43 0 0
23400 396260 389349 0 -3837.36 0 0
23500 398129 389469 0 -1794.99 0 0
23600 394253 390751 0 530.744 0 0
23700 395615 390278 0 184.017 0 0
23800 395935 388016 0 2131.98 0 0
23900 394388 391315 0 -3414.84 0 0
24000 392799 390809 0 -506.022 0 0
24100 393815 392104 0 -3189.78 0 0
24200 393044 393719 0 -1522.06 0 0
24300 390277 391241 0 -206.749 0 0
24400 397070 387699 0 218.52 0 0
24500 390166 390501 0 2690.81 0 0
24600 397602 388414 0 4643.7 0 0
24700 394185 391909 0 1910.39 0 0
24800 395013 388839 0 1057.31 0 0
24900 394699 392213 0 4000.6 0 0
25000 394724 388322 0 116.583 0 0
25100 398490 386237 0 3684.45 0 0
25200 393166 392804 0 3498.65 0 0
25300 392556 390869 0 -185.641 0 0
25400 396130 391861 0 1880.57 0 0
25500 394661 390484 0 2053.36 0 0
25600 392980 387612 0 3195.42 0 0
25700 394385 391597 0 4527.08 0 0
25800 392559 388256 0 2502.41 0 0
25900 394279 391978 0 2109.84 0 0
26000 394636 390720 0 1985.32 0 0
26100 392461 390830 0 1485.64 0 0
26200 394443 389045 0 911.764 0 0
26300 396434 392735 0 5494.68 0 0
26400 394337 389381 0 4027.69 0 0
26500 394543 389980 0 7970.73 0 0
26600 397622 388486 0 8206.8 0 0
26700 395753 387404 0 6772.27 0 0
26800 393830 389210 0 2426.3 0 0
26900 395258 392548 0 3854.14 0 0
27000 395487 387036 0 6465.43 0 0
27100 393941 393063 0 4502.42 0 0
27200 398023 389616 0 5450.25 0 0
27300 397342 387952 0 1892.48 0 0
27400 396472 389118 0 -176.67 0 0
27500 395940 387931 0 6226.4 0 0
27600 391398 390854 0 7831.45 0 0
27700 394525 392140 0 5929 0 0
27800 394989 390299 0 4753.64 0 0
27900 396948 390666 0 4326.81 0 0
28000 392500 390847 0 4999.35 0 0
28100 392725 390612 0 5637.37 0 0
28200 394280 389925 0 2569.22 0 0
28300 392176 391860 0 3550.29 0 0
28400 395058 393951 0 -173.454 0 0
28500 395752 388007 0 4224.41 0 0
28600 392190 390955 0 5442.32 0 0
28700 396247 387639 0 1056.21 0 0
28800 394180 390037 0 410.727 0 0
28900 392456 394794 0 1492.98 0 0
29000 393807 390539 0 -243.114 0 0
29100 391935 390449 0 2542.37 0 0
29200 392469 394657 0 -759.744 0 0
29300 390444 391809 0 411.18 0 0
29400 391495 390016 0 495.001 0 0
29500 394770 392361 0 1180.91 0 0
29600 391345 390370 0 -1285.7 0 0
29700 393159 393077 0 -3209.31 0 0
29800 394771 391949 0 -1766.38 0 0
29900 390738 393188 0 -1037.77 0 0
30000 390501 394794 0 -2182.26 0 0
30100 391986 391953 0 -85.7142 0 0
30200 390088 393752 0 -4198.23 0 0
30300 390653 392356 0 -2915.8 0 0
30400 392644 392098 0 -741.741 0 0
30500 391211 389055 0 -1203.14 0 0
30600 391839 398197 0 -930.367 0 0
30700 394827 391405 0 -6572.62 0 0
30800 395176 388356 0 -4702.99 0 0
30900 394697 392633 0 -2707.66 0 0
31000 394893 390123 0 -1129.67 0 0
31100 390383 393812 0 -7963.97 0 0
31200 393620 389440 0 -6226.96 0 0
31300 394080 391601 0 -3438.68 0 0
31400 390970 393148 0 -863.214 0 0
31500 394737 392241 0 -2823.32 0 0
31600 393860 387759 0 -3791.04 0 0
31700 392863 390079 0 -1926.45 0 0
31800 389680 391509 0 -4567.66 0 0
31900 390068 393137 0 -3863.44 0 0
32000 390886 388463 0 -4728.61 0 0
32100 393067 390566 0 -3611.74 0 0
32200 395066 388947 0 -4803.29 0 0
32300 395375 390129 0 -5222.94 0 0
32400 394889 389860 0 -3839.02 0 0
32500 391128 391552 0 -5634.79 0 0
32600 388400 392383 0 -5386.65 0 0
32700 395206 391075 0 -6908.9 0 0
32800 395100 388965 0 -6754.16 0 0
32900 391295 391760 0 -6373.18 0 0
33000 392027 388965 0 -1757.47 0 0
33100 393795 386141 0 -4453.38 0 0
33200 392406 390392 0 -5393.59 0 0
33300 393393 390141 0 -3081.11 0 0
33400 394846 390246 0 -4517.88 0 0
33500 391145 388519 0 -4693.32 0 0
33600 393910 392654 0 -1044.18 0 0
33700 392313 389908 0 -4009.14 0 0
33800 392328 391149 0 -3873.87 0 0
33900 389505 392801 0 -3689.13 0 0
34000 391060 391789 0 -3285.67 0 0
34100 390820 390550 0 -981.737 0 0
34200 392098 395942 0 1862.83 0 0
34300 390201 388838 0 -2065.71 0 0
34400 393602 390201 0 1120.75 0 0
34500 396361 387684 0 -2394.04 0 0
34600 392864 390047 0 1143.96 0 0
34700 391801 390908 0 632.363 0 0
34800 389203 391879 0 -1988.92 0 0
34900 390695 393127 0 4668.08 0 0
35000 396730 390633 0 2924.66 0 0
35100 391723 390710 0 4966.53 0 0
35200 392095 390392 0 4072.56 0 0
35300 392012 390581 0 1610.66 0 0
35400 391770 394886 0 3955.42 0 0
35500 393443 392958 0 7268.07 0 0
35600 397202 392102 0 2298.65 0 0
35700 387786 391899 0 4908.95 0 0
35800 394285 389392 0 4932.72 0 0
35900 394888 388135 0 4489.96 0 0
36000 392706 390010 0 5599.63 0 0
36100 396186 387783 0 6077.67 0 0
36200 395252 388730 0 8207.51 0 0
36300 395328 389053 0 3789.6 0 0
36400 395524 387713 0 5527.82 0 0
36500 394933 386567 0 6657.35 0 0
36600 395720 389777 0 6973.9 0 0
36700 398320 383071 0 3811.03 0 0
36800 395260 386256 0 7817.36 0 0
36900 393207 389739 0 8435.42 0 0
37000 396166 392468 0 6342.98 0 0
37100 392502 391388 0 4603.88 0 0
37200 390356 389541 0 10235.1 0 0
37300 394597 387396 0 5860.55 0 0
37400 392098 393550 0 4545.42 0 0
37500 394093 390948 0 6547.16 0 0
37600 394410 386414 0 5695.21 0 0
37700 398214 389088 0 7769.51 0 0
37800 395059 388749 0 8803.54 0 0
37900 396461 389659 0 4734.18 0 0
38000 393920 392869 0 5376.12 0 0
38100 390217 392767 0 3859.86 0 0
38200 396393 388599 0 1635.96 0 0
38300 394429 390478 0 3916.32 0 0
38400 394397 387123 0 2614.97 0 0
38500 395302 390489 0 1885.38 0 0
38600 395154 388508 0 3308.17 0 0
38700 395598 391213 0 3403.04 0 0
38800 394855 387929 0 4974.13 0 0
38900 395356 393957 0 3816.84 0 0
39000 394599 387271 0 1757.96 0 0
39100 395242 390059 0 -2143.91 0 0
39200 393227 396732 0 266.017 0 0
39300 394423 390026 0 -591.817 0 0
39400 390052 390034 0 551.779 0 0
39500 393903 390366 0 862.129 0 0
39600 396543 390336 0 -753.533 0 0
39700 395103 390219 0 287.569 0 0
39800 395366 388049 0 -431.123 0 0
39900 393947 389000 0 206.76 0 0
40000 393703 391389 0 -398.187 0 0
40100 394520 391230 0 -161.524 0 0
40200 394849 390981 0 -2204.22 0 0
40300 392028 391257 0 -4192.43 0 0
40400 393369 393328 0 -3930.83 0 0
40500 395912 389049 0 -4706.12 0 0
40600 391789 391648 0 -1619.45 0 0
40700 395848 392241 0 -6387.58 0 0
40800 396410 391338 0 -4775.85 0 0
40900 392256 391736 0 -6986.72 0 0
41000 395097 388139 0 -400.424 0 0
41100 395002 389823 0 -5376.6 0 0
41200 393073 389830 0 -5443.91 0 0
41300 392747 387907 0 -1095.73 0 0
41400 393040 390612 0 -4601.23 0 0
41500 396196 389718 0 -1278.07 0 0
41600 393252 388343 0 -2442.12 0 0
41700 395951 391167 0 -3499.62 0 0
41800 393120 393586 0 -5158.42 0 0
41900 391511 388443 0 -8023.78 0 0
42000 395285 388498 0 -2941.39 0 0
42100 392581 387906 0 -2264.5 0 0
42200 391688 391602 0 -328.29 0 0
42300 394285 391746 0 -3142.68 0 0
42400 393146 392156 0 -4857.73 0 0
42500 392700 386947 0 -2735.05 0 0
42600 388262 394960 0 -4475.79 0 0
42700 395174 389025 0 -4725.91 0 0
42800 389726 392156 0 -2561.22 0 0
42900 395972 389173 0 -2445.54 0 0
43000 390865 392631 0 -2111.7 0 0
43100 393403 391384 0 -3662.55 0 0
43200 392093 391445 0 -2170.47 0 0
43300 394174 390487 0 -2460.92 0 0
43400 388345 391953 0 -3726.25 0 0
43500 391890 389088 0 -2767.59 0 0
43600 392733 390468 0 -5403.4 0 0
43700 390063 393341 0 -3518.34 0 0
43800 388531 393649 0 -2215.43 0 0
43900 392735 388057 0 -3111.88 0 0
44000 392445 390612 0 170.465 0 0
44100 392140 390965 0 -4578.91 0 0
44200 392880 391139 0 161.444 0 0
44300 391386 392457 0 -1834.95 0 0
44400 388951 397185 0 786.736 0 0
44500 391986 393618 0 -495.539 0 0
44600 390409 390568 0 1838.68 0 0
44700 391316 394068 0 -3432.47 0 0
44800 391551 390862 0 -2443.22 0 0
44900 390660 391514 0 -339.942 0 0
45000 389788 395396 0 3425.06 0 0
45100 387992 392920 0 -3946.53 0 0
45200 390083 395957 0 -454.756 0 0
45300 394710 385605 0 -1472.58 0 0
45400 388641 392415 0 2048.7 0 0
45500 389071 391968 0 1728.45 0 0
45600 389614 390331 0 4862.22 0 0
45700 386991 392840 0 4621.75 0 0
45800 389771 393186 0 5227.72 0 0
45900 390526 390319 0 6171.65 0 0
46000 394121 390172 0 4223.93 0 0
46100 392318 394586 0 3063.73 0 0
46200 392093 390347 0 4184.96 0 0
46300 392754 391508 0 3319.77 0 0
46400 393325 390163 0 6280.03 0 0
46500 389870 395003 0 5798.01 0 0
46600 392052 393833 0 4550.53 0 0
46700 394152 388289 0 5713.13 0 0
46800 392667 389701 0 5373.3 0 0
46900 392084 391486 0 3884.09 0 0
47000 388029 395129 0 5106.43 0 0
47100 395381 388648 0 4213.3 0 0
47200 391476 394621 0 2673.47 0 0
47300 390826 391130 0 4795.33 0 0
47400 392670 392589 0 2267.42 0 0
47500 391228 393159 0 7080.69 0 0
47600 396476 389996 0 6364.12 0 0
47700 392931 392743 0 4595.95 0 0
47800 389692 391313 0 4300.04 0 0
47900 391991 389079 0 3040.14 0 0
48000 395104 387589 0 2503.6 0 0
48100 393522 390758 0 981.204 0 0
48200 389044 393097 0 1664.25 0 0
48300 389896 392039 0 2032.42 0 0
48400 388153 392307 0 3858.33 0 0
48500 393132 390819 0 3791.18 0 0
48600 392838 391838 0 3476.38 0 0
48700 396040 391127 0 2326.33 0 0
48800 393335 392818 0 323.734 0 0
48900 390790 393343 0 -1159.11 0 0
49000 395863 388695 0 -2986.85 0 0
49100 391889 391815 0 124.021 0 0
49200 389561 393769 0 -2580.03 0 0
49300 393682 387184 0 -3950.67 0 0
49400 390918 390872 0 845.38 0 0
49500 396117 388080 0 -2527.73 0 0
49600 395036 386969 0 -1041.56 0 0
49700 394191 388446 0 -3966.74 0 0
49800 391158 394073 0 -538.499 0 0
49900 391622 392625 0 -4855.34 0 0
50000 387370 390619 0 -3168.21 0 0
