# Time-averaged data for fix ps1
# TimeStep c_thermo_press[1] c_thermo_press[2] c_thermo_press[3] c_thermo_press[4] c_thermo_press[5] c_thermo_press[6]
0 386845 380353 0 -832.622 0 0
100 388196 386350 0 -3825.66 0 0
200 386092 385997 0 -913.348 0 0
300 390656 385082 0 -5584.32 0 0
400 389601 384033 0 -1470.94 0 0
500 387823 387526 0 -2950.47 0 0
600 387413 386094 0 -647.564 0 0
700 393146 386858 0 -8073.5 0 0
800 390375 385386 0 -5024.07 0 0
900 389871 386313 0 -4850.39 0 0
1000 389620 386701 0 -5251.45 0 0
1100 388865 388580 0 -4327.7 0 0
1200 386918 386135 0 -4391.53 0 0
1300 392398 383345 0 -6899.43 0 0
1400 389946 385415 0 -6613.16 0 0
1500 390332 387267 0 -4288.22 0 0
1600 387256 388126 0 -9793.23 0 0
1700 389001 389337 0 -6688.38 0 0
1800 384245 387188 0 -8139.93 0 0
1900 386617 389538 0 -8368.44 0 0
2000 390125 386868 0 -6324.84 0 0
2100 390671 386243 0 -7159.89 0 0
2200 391080 388706 0 -7779.77 0 0
2300 388026 389454 0 -9407.79 0 0
2400 389032 386534 0 -4604.28 0 0
2500 392485 386862 0 -7803.31 0 0
2600 387599 386444 0 -7720.68 0 0
2700 388344 389792 0 -4760.4 0 0
2800 390986 385762 0 -7851.23 0 0
2900 389650 384603 0 -9798.71 0 0
3000 388582 388997 0 -8462.77 0 0
3100 386825 385662 0 -5937.46 0 0
3200 387719 386701 0 -7635.93 0 0
3300 387640 384930 0 -4985.87 0 0
3400 387228 388297 0 -5542.36 0 0
3500 389935 386346 0 -2815.03 0 0
3600 389580 385393 0 -7350.18 0 0
3700 389072 386380 0 -7595.78 0 0
3800 385441 389943 0 -6373.91 0 0
3900 385610 384375 0 -1464.17 0 0
4000 391141 385316 0 -3941.01 0 0
4100 389000 382882 0 -1788.92 0 0
4200 386339 388764 0 -2710.01 0 0
4300 388762 382964 0 -2418.31 0 0
4400 389553 384943 0 -4258.27 0 0
4500 386090 385867 0 -2713.97 0 0
4600 390183 384625 0 -1171.49 0 0
4700 388551 389554 0 -510.915 0 0
4800 389130 385980 0 -2135.99 0 0
4900 388421 386993 0 -165.262 0 0
5000 389225 387834 0 1103.92 0 0
5100 390133 384489 0 -446.368 0 0
5200 391095 384011 0 -212.308 0 0
5300 387164 386214 0 227.59 0 0
5400 388685 385614 0 1794.92 0 0
5500 388236 387624 0 2829.87 0 0
5600 385976 385404 0 2547.02 0 0
5700 388660 387064 0 2474.86 0 0
5800 387309 387322 0 -21.2537 0 0
5900 387784 387415 0 3533.14 0 0
6000 389082 384023 0 2240.49 0 0
6100 385084 390575 0 4885.48 0 0
6200 390317 388272 0 3358.93 0 0
6300 386756 386114 0 1978.56 0 0
6400 388040 389565 0 2279.97 0 0
6500 384806 390070 0 3720.58 0 0
6600 388614 385349 0 3325.72 0 0
6700 387580 386313 0 3705.58 0 0
6800 389393 384762 0 3854.61 0 0
6900 384580 391566 0 4982.34 0 0
7000 386173 391096 0 7937.03 0 0
7100 387431 385370 0 6440.46 0 0
7200 388441 389628 0 5218.45 0 0
7300 386460 386952 0 3710.57 0 0
7400 385916 388075 0 5625.69 0 0
7500 387490 384974 0 5355.38 0 0
7600 383384 387257 0 7426.12 0 0
7700 389980 387216 0 5335.19 0 0
7800 387818 386999 0 4617.09 0 0
7900 387498 390829 0 7749.47 0 0
8000 384898 391959 0 3188.59 0 0
8100 386821 386587 0 4786.93 0 0
8200 387834 389564 0 1425.88 0 0
8300 386773 387706 0 4784.35 0 0
8400 387370 389159 0 2380.17 0 0
8500 387475 385663 0 3461.15 0 0
8600 386835 391166 0 2035.23 0 0
8700 388591 388816 0 853.545 0 0
8800 386842 389299 0 1394.72 0 0
8900 385861 384683 0 -44.1635 0 0
9000 388919 384813 0 -966.44 0 0
9100 389317 389758 0 -1785.36 0 0
9200 386930 390562 0 620.46 0 0
9300 388710 390111 0 -3059.14 0 0
9400 388819 387304 0 -2476.91 0 0
9500 391011 386049 0 -383.57 0 0
9600 386514 387283 0 -4028.54 0 0
9700 387628 388621 0 -2329.22 0 0
9800 389231 386927 0 -1983.32 0 0
9900 385310 388469 0 -5856.23 0 0
10000 390711 388145 0 -5613.35 0 0
10100 388395 384730 0 -2585.55 0 0
10200 393889 385227 0 -2364.25 0 0
10300 386717 386224 0 -5156.09 0 0
10400 387695 387432 0 -3219.91 0 0
10500 386245 389934 0 -7581.41 0 0
10600 388331 386415 0 -6782.85 0 0
10700 385024 388159 0 -2582.52 0 0
10800 391147 386887 0 -6960.49 0 0
10900 385905 391660 0 -5373.27 0 0
11000 388536 389230 0 -4533.94 0 0
11100 391281 387141 0 -4213.69 0 0
11200 388269 385507 0 -3728.57 0 0
11300 391328 389059 0 -6683.88 0 0
11400 392468 385649 0 -5264.72 0 0
11500 388544 385629 0 -7104.23 0 0
11600 388216 390705 0 -7361.77 0 0
11700 388806 387512 0 -6473.84 0 0
11800 387775 386306 0 -7249.78 0 0
11900 388335 386754 0 -6635.8 0 0
12000 389416 389914 0 -9787.34 0 0
12100 384314 389962 0 -5655.57 0 0
12200 390972 384922 0 -3437.64 0 0
12300 386769 390966 0 -7272.73 0 0
12400 385997 389968 0 -6622.94 0 0
12500 386385 386961 0 -4882.12 0 0
12600 390659 388859 0 -6781.59 0 0
12700 387442 389666 0 -6672.54 0 0
12800 386557 386620 0 -6377.46 0 0
12900 388562 387805 0 -6217.08 0 0
13000 384724 390646 0 -3794.06 0 0
13100 389620 387773 0 -6950.43 0 0
13200 387870 390774 0 -3725.07 0 0
13300 391767 384707 0 -6135.17 0 0
13400 390856 385989 0 -4453.11 0 0
13500 389530 384980 0 -6929.45 0 0
13600 390319 383672 0 -2849.79 0 0
13700 393007 383501 0 -6997.11 0 0
13800 391906 382817 0 -5832.88 0 0
13900 392437 388841 0 -5554.17 0 0
14000 392271 383570 0 -2851.93 0 0
14100 387858 388069 0 -6677.63 0 0
14200 390321 383852 0 -7151.53 0 0
14300 386643 388190 0 -3135.2 0 0
14400 392239 387494 0 -2571.73 0 0
14500 393134 381800 0 -3018.97 0 0
14600 387163 386684 0 -4213.6 0 0
14700 386076 391117 0 -4472.3 0 0
14800 389126 387274 0 -593.118 0 0
14900 390203 386244 0 130.904 0 0
15000 390687 384884 0 -507.231 0 0
15100 390129 389205 0 -211.725 0 0
15200 388246 389464 0 2642.04 0 0
15300 387375 388349 0 3218.38 0 0
15400 387455 385617 0 1371.14 0 0
15500 388376 389284 0 1375.95 0 0
15600 386727 389323 0 3650.82 0 0
15700 387251 389501 0 -496.92 0 0
15800 386644 387117 0 1643.89 0 0
15900 386062 387993 0 1558.92 0 0
16000 387797 389124 0 487.16 0 0
16100 388217 387135 0 598.997 0 0
16200 387455 390251 0 3572.98 0 0
16300 386530 387975 0 7237.96 0 0
16400 384273 390728 0 5435.28 0 0
16500 388052 389822 0 6262.81 0 0
16600 387376 389824 0 3042.2 0 0
16700 386386 393536 0 5292.09 0 0
16800 386817 389209 0 6562.7 0 0
16900 388154 391113 0 8730.54 0 0
17000 386347 389258 0 4854.56 0 0
17100 385809 390451 0 4685.88 0 0
17200 384675 387474 0 4199.75 0 0
17300 386285 390300 0 3998.08 0 0
17400 387854 387852 0 4122.53 0 0
17500 387087 387712 0 5843.28 0 0
17600 386779 387877 0 6048.82 0 0
17700 385699 389223 0 5103.86 0 0
17800 385013 389433 0 2140.14 0 0
17900 390423 387288 0 6525.35 0 0
18000 386838 387398 0 4123.87 0 0
18100 387860 388769 0 4011.58 0 0
18200 388103 388853 0 6118.97 0 0
18300 387968 387903 0 5801.08 0 0
18400 388604 386328 0 3790.67 0 0
18500 387888 386318 0 3619.51 0 0
18600 390036 388477 0 2037.56 0 0
18700 388421 386899 0 3507.13 0 0
18800 388864 391266 0 2439.75 0 0
18900 388107 387153 0 4558.82 0 0
19000 387850 388266 0 3080.47 0 0
19100 386985 388707 0 1522.94 0 0
19200 389955 388565 0 1075.31 0 0
19300 384628 386324 0 3004.26 0 0
19400 388091 390597 0 883.441 0 0
19500 387732 388426 0 -1700.19 0 0
19600 385731 391190 0 -1208.86 0 0
19700 384341 389906 0 -1428.1 0 0
19800 387827 388170 0 -2900.52 0 0
19900 388318 385549 0 -2428.68 0 0
20000 389713 388797 0 -1700.37 0 0
20100 381380 390858 0 -1390.87 0 0
20200 387786 388044 0 -4262.16 0 0
20300 386780 388416 0 -4611.45 0 0
20400 386015 388032 0 -4239.95 0 0
20500 384178 389781 0 -7681.48 0 0
20600 390902 389004 0 -8014.31 0 0
20700 386009 389475 0 -3804.62 0 0
20800 389154 386628 0 -5634.38 0 0
20900 385481 385443 0 -4793.89 0 0
21000 387053 388002 0 -5126.16 0 0
21100 392599 384669 0 -6287.34 0 0
21200 388294 386028 0 -5667.14 0 0
21300 390545 386222 0 -5913.19 0 0
21400 388414 387147 0 -8732.11 0 0
21500 389158 387478 0 -10458.9 0 0
21600 387758 387151 0 -6042.79 0 0
21700 391597 388402 0 -8975.68 0 0
21800 390253 388802 0 -6026.14 0 0
21900 389175 383426 0 -7878.04 0 0
22000 389029 388614 0 -8684.74 0 0
22100 388184 388347 0 -6518.88 0 0
22200 386218 389529 0 -6671.72 0 0
22300 388558 383721 0 -2373.55 0 0
22400 389561 387379 0 -8996.86 0 0
22500 390126 386720 0 -6849.36 0 0
22600 385948 392196 0 -4230.44 0 0
22700 388641 387824 0 -9796.46 0 0
22800 389323 388132 0 -7941.77 0 0
22900 390077 387111 0 -4974.34 0 0
23000 388576 388134 0 -9046.02 0 0
23100 387479 386035 0 -5238.43 0 0
23200 388111 390430 0 -6624.59 0 0
23300 384554 389657 0 -8066.62 0 0
23400 388491 389116 0 -7374.6 0 0
23500 391457 382755 0 -8551.9 0 0
23600 390493 385761 0 -7429.91 0 0
23700 388631 389239 0 -9755.35 0 0
23800 386194 389777 0 -5624.74 0 0
23900 388159 387123 0 -5332.58 0 0
24000 388488 388211 0 -6092.91 0 0
24100 392618 382558 0 -4084.33 0 0
24200 394557 384660 0 -5373.18 0 0
24300 386832 389454 0 -609.57 0 0
24400 386987 387356 0 -3069.7 0 0
24500 388655 386225 0 -3575.95 0 0
24600 389732 386886 0 -866.922 0 0
24700 387310 387751 0 -1656.51 0 0
24800 387992 385938 0 -4229.52 0 0
24900 390393 385461 0 -1148.11 0 0
25000 387612 388330 0 318.251 0 0
25100 389528 386409 0 -674.415 0 0
25200 390419 385716 0 1194.93 0 0
25300 391266 387598 0 1261.4 0 0
25400 389259 384737 0 147.023 0 0
25500 390394 388581 0 -3786.39 0 0
25600 388859 384282 0 1519.09 0 0
25700 386094 388950 0 1438.27 0 0
25800 388571 387033 0 2129.63 0 0
25900 392026 386099 0 2444.39 0 0
26000 388422 384145 0 2738.89 0 0
26100 388417 385754 0 4310.26 0 0
26200 388309 389970 0 3007.58 0 0
26300 385895 387007 0 3662.49 0 0
26400 389550 387169 0 4894.29 0 0
26500 387018 385696 0 4421.51 0 0
26600 388573 384980 0 4853.13 0 0
26700 388368 387868 0 2951.01 0 0
26800 388101 386788 0 4378.66 0 0
26900 387710 389403 0 4710.61 0 0
27000 384858 389336 0 7147.15 0 0
27100 385159 388698 0 6196.24 0 0
27200 388718 386334 0 3903.75 0 0
27300 387655 388453 0 7421.18 0 0
27400 391597 387531 0 5039.18 0 0
27500 388220 386319 0 6283.32 0 0
27600 386568 386788 0 5185.48 0 0
27700 388487 387492 0 6599.67 0 0
27800 387940 385242 0 3445.01 0 0
27900 388082 387219 0 4779.6 0 0
28000 386587 385586 0 5328.26 0 0
28100 385901 386747 0 6445.14 0 0
28200 392205 387494 0 6447.5 0 0
28300 387235 387545 0 5966.09 0 0
28400 388218 385772 0 5372.82 0 0
28500 385425 386030 0 6569.91 0 0
28600 383687 389416 0 1450.55 0 0
28700 388190 384773 0 2505.58 0 0
28800 386476 389174 0 1998.07 0 0
28900 387422 388370 0 3102.32 0 0
29000 389095 384948 0 12.0502 0 0
29100 388693 384824 0 349.888 0 0
29200 384191 388251 0 153.775 0 0
29300 386792 386907 0 -192.117 0 0
29400 387341 389246 0 -780.672 0 0
29500 383276 390879 0 1242.8 0 0
29600 385046 387534 0 -1873.13 0 0
29700 391890 385532 0 -2075.9 0 0
29800 385335 389348 0 1086.35 0 0
29900 384845 389770 0 -2439.4 0 0
30000 388656 386665 0 -1593.09 0 0
30100 383822 390074 0 -1005.21 0 0
30200 388946 387735 0 -3921.8 0 0
30300 390979 386638 0 -2910.36 0 0
30400 384850 389249 0 -187.039 0 0
30500 389054 389956 0 1431.94 0 0
30600 389669 386793 0 -1905.15 0 0
30700 387573 387292 0 -3181.03 0 0
30800 387596 385313 0 -5903.56 0 0
30900 386403 384727 0 -7035.87 0 0
31000 386774 387266 0 -3812.87 0 0
31100 387455 385500 0 -6743.21 0 0
31200 388752 386875 0 -4718.88 0 0
31300 386521 390802 0 -7884.21 0 0
31400 387936 388962 0 -7126.9 0 0
31500 387218 389180 0 -7187.16 0 0
31600 389589 388835 0 -4748.1 0 0
31700 385877 388935 0 -2640.39 0 0
31800 387013 386647 0 -4735.09 0 0
31900 391218 386788 0 -5850.3 0 0
32000 386247 389479 0 -6042.73 0 0
32100 385772 388538 0 -4505.47 0 0
32200 386069 387241 0 -5200.89 0 0
32300 388869 391047 0 -4136.97 0 0
32400 386950 388935 0 -4407.63 0 0
32500 388150 390175 0 -6846.96 0 0
32600 388081 388804 0 -4566.5 0 0
32700 385706 386400 0 -4744.09 0 0
32800 386513 390313 0 -8113.41 0 0
32900 389045 386306 0 -3339.49 0 0
33000 387323 389069 0 -3224.11 0 0
33100 386678 388366 0 -1255.82 0 0
33200 384995 389344 0 -3914.97 0 0
33300 389348 390647 0 83.2143 0 0
33400 389525 388119 0 -4007.62 0 0
33500 387191 390149 0 -6088.73 0 0
33600 385993 384634 0 -4735.11 0 0
33700 386969 391380 0 -2661.56 0 0
33800 387768 387459 0 -1860.54 0 0
33900 388590 387496 0 -1170.65 0 0
34000 390364 383536 0 -4717.37 0 0
34100 387136 389624 0 -982.493 0 0
34200 387464 388240 0 -3229.64 0 0
34300 390700 387160 0 381.843 0 0
34400 386416 388659 0 -1708.43 0 0
34500 391295 389939 0 -1653.04 0 0
34600 390535 384975 0 312.516 0 0
34700 390503 384787 0 -1627.89 0 0
34800 391096 388375 0 1112.6 0 0
34900 386654 388567 0 2135.4 0 0
35000 388953 388688 0 -601.995 0 0
35100 386584 389008 0 461.342 0 0
35200 390420 386881 0 1963.1 0 0
35300 388484 388083 0 1689.36 0 0
35400 385970 391070 0 -235.446 0 0
35500 386554 387785 0 460.648 0 0
35600 388995 385918 0 3117.98 0 0
35700 393919 383653 0 3381.67 0 0
35800 386303 389563 0 4182.55 0 0
35900 389465 387938 0 8539.85 0 0
36000 387211 389900 0 7537.41 0 0
36100 387756 388388 0 5469.66 0 0
36200 384068 391634 0 2508.46 0 0
36300 388082 387504 0 5480.62 0 0
36400 386716 388051 0 7216.03 0 0
36500 389760 385207 0 3555.56 0 0
36600 384975 388748 0 4249.49 0 0
36700 389488 388911 0 5071.92 0 0
36800 386205 388915 0 6077.03 0 0
36900 389218 387516 0 8297.23 0 0
37000 382531 389690 0 5279.31 0 0
37100 387329 390276 0 6346.03 0 0
37200 388183 388280 0 5167.83 0 0
37300 390626 387776 0 6795.08 0 0
37400 388435 385932 0 5118.49 0 0
37500 387929 388352 0 6840.22 0 0
37600 388387 389033 0 4209.97 0 0
37700 387852 388969 0 6712.25 0 0
37800 389234 386488 0 6644.01 0 0
37900 384726 385781 0 4019.78 0 0
38000 385914 389590 0 4946.11 0 0
38100 387409 389686 0 7123.47 0 0
38200 385386 389985 0 5207.62 0 0
38300 385147 390391 0 5681.19 0 0
38400 385928 391959 0 2223.22 0 0
38500 389581 388070 0 3207.85 0 0
38600 389248 390555 0 6918.45 0 0
38700 386417 390132 0 5268.84 0 0
38800 384912 389551 0 4936.3 0 0
38900 386690 387741 0 2183.21 0 0
39000 384624 390103 0 3286.49 0 0
39100 385887 389185 0 2717.76 0 0
39200 388265 386366 0 2106.36 0 0
39300 384876 389379 0 951.633 0 0
39400 388358 389482 0 1930.13 0 0
39500 388793 389509 0 3096.71 0 0
39600 384187 391768 0 3414.18 0 0
39700 387093 389359 0 4082.61 0 0
39800 382783 393406 0 2271.76 0 0
39900 387270 391070 0 2769.38 0 0
40000 384987 389295 0 -2000.82 0 0
40100 386455 392276 0 -831.236 0 0
40200 387349 389596 0 -130.409 0 0
40300 389301 386499 0 523.097 0 0
40400 386691 389331 0 -5352.32 0 0
40500 389320 388852 0 -3747.27 0 0
40600 387292 388401 0 -3163.96 0 0
40700 386335 387733 0 -1357.86 0 0
40800 387293 390691 0 -912.988 0 0
40900 385738 388518 0 693.225 0 0
41000 388028 390448 0 -1923.46 0 0
41100 386534 390157 0 -3226.73 0 0
41200 385574 389299 0 -6712.61 0 0
41300 383916 393350 0 -1846.72 0 0
41400 392039 387490 0 -5466.34 0 0
41500 389202 389408 0 -1666.19 0 0
41600 385675 390839 0 -690.113 0 0
41700 384866 390029 0 -4307.67 0 0
41800 386178 392681 0 -4641.35 0 0
41900 387325 390706 0 -4260 0 0
42000 384576 390923 0 -4383.52 0 0
42100 384798 391895 0 -5688.21 0 0
42200 385775 388760 0 -3239 0 0
42300 389867 389898 0 -4542.54 0 0
42400 387167 389906 0 -6654.03 0 0
42500 382383 394330 0 -5352.53 0 0
42600 382088 394122 0 -8699.63 0 0
42700 385819 387988 0 -7490.94 0 0
42800 387126 390806 0 -4567.03 0 0
42900 384614 390923 0 -2645.16 0 0
43000 385392 390346 0 -1845.82 0 0
43100 384197 391670 0 -1389.79 0 0
43200 386515 393288 0 -2772.43 0 0
43300 381726 392802 0 -3418.52 0 0
43400 384420 388260 0 -4794.61 0 0
43500 384873 389962 0 -4607.89 0 0
43600 385379 390360 0 -5188.99 0 0
43700 385969 390734 0 -2676.54 0 0
43800 384453 388711 0 -2606.13 0 0
43900 387931 388139 0 -2239.52 0 0
44000 386072 387035 0 -2460.55 0 0
44100 388294 392724 0 -3250.86 0 0
44200 385929 389391 0 -524.253 0 0
44300 387068 389896 0 -2219.77 0 0
44400 388087 387333 0 -5967.34 0 0
44500 391731 387263 0 -4553.72 0 0
44600 387000 387095 0 -3776.4 0 0
44700 384272 390317 0 332.273 0 0
44800 386179 387350 0 71.4272 0 0
44900 387700 389670 0 -819.286 0 0
45000 389511 387918 0 3733.31 0 0
45100 385663 385752 0 3660.42 0 0
45200 384537 392820 0 1029.44 0 0
45300 387341 387833 0 4791.21 0 0
45400 385849 386813 0 4282.75 0 0
45500 386055 389893 0 2373.33 0 0
45600 384859 388823 0 2213.76 0 0
45700 389354 387645 0 3769.74 0 0
45800 387366 388762 0 4329.68 0 0
45900 384967 391997 0 6519.9 0 0
46000 385923 387595 0 4438.13 0 0
46100 388396 388086 0 6289.55 0 0
46200 385283 388508 0 4636.81 0 0
46300 382482 389684 0 6650.16 0 0
46400 388735 387293 0 7579.21 0 0
46500 383230 387218 0 9755.13 0 0
46600 385967 390805 0 9389.85 0 0
46700 384243 389273 0 6683.28 0 0
46800 389394 388769 0 6237.61 0 0
46900 384972 389421 0 5248.2 0 0
47000 386013 386902 0 8984.33 0 0
47100 386548 388181 0 6963.42 0 0
47200 385207 385014 0 5693.93 0 0
47300 387577 390747 0 9920.83 0 0
47400 387712 392786 0 7331.65 0 0
47500 387027 386905 0 8919.57 0 0
47600 385270 389194 0 9955.6 0 0
47700 389159 387383 0 7288.99 0 0
47800 383818 391515 0 7536.52 0 0
47900 387892 388580 0 8784.04 0 0
48000 385893 388671 0 4128.67 0 0
48100 383277 391428 0 8723.31 0 0
48200 386131 386233 0 4244.04 0 0
48300 385344 389126 0 5120.81 0 0
48400 382019 390433 0 4947.8 0 0
48500 389432 391105 0 4798.26 0 0
48600 385297 389132 0 3327.02 0 0
48700 384900 391877 0 6933.63 0 0
48800 390478 387523 0 4907.27 0 0
48900 389414 386873 0 4278.43 0 0
49000 388449 386500 0 1381.03 0 0
49100 385258 388698 0 5872.04 0 0
49200 385956 387795 0 3582.17 0 0
49300 384362 390347 0 2446.81 0 0
49400 387752 388470 0 2937.66 0 0
49500 386136 388382 0 2608.9 0 0
49600 388342 389624 0 -61.3887 0 0
49700 386243 390451 0 3057.26 0 0
49800 383846 387257 0 1085.41 0 0
49900 386364 390090 0 -2538.7 0 0
50000 388004 386506 0 -1900.26 0 0
