# Time-averaged data for fix ps1
# TimeStep c_thermo_press[1] c_thermo_press[2] c_thermo_press[3] c_thermo_press[4] c_thermo_press[5] c_thermo_press[6]
10000 382201 374334 0 -2202.59 0 0
20000 380644 374837 0 -2418.02 0 0
30000 380146 377002 0 -1626.08 0 0
40000 382057 375271 0 -2712.75 0 0
50000 379003 378365 0 -3648.95 0 0
60000 379002 378668 0 -3757.42 0 0
70000 380583 377551 0 -4327.02 0 0
80000 380063 376989 0 -5495.36 0 0
90000 378801 379741 0 -4646.85 0 0
100000 380379 377966 0 -5447.24 0 0
110000 379923 378005 0 -4070.13 0 0
120000 379355 377794 0 -4018.87 0 0
130000 379832 378847 0 -5261.6 0 0
140000 379057 378977 0 -6853.99 0 0
150000 378657 378894 0 -4241.27 0 0
160000 379217 379247 0 -6160.71 0 0
170000 379324 378800 0 -5612.94 0 0
180000 378888 378794 0 -3640.24 0 0
190000 377253 379384 0 -3918.82 0 0
200000 376888 380048 0 -4721.46 0 0
210000 379332 378035 0 -4339.45 0 0
220000 379248 377075 0 -3186.25 0 0
230000 378695 378019 0 -4372.4 0 0
240000 378189 379514 0 -6734.84 0 0
250000 378187 379131 0 -5560.86 0 0
260000 378536 379716 0 -6266.93 0 0
270000 378188 378017 0 -4953.97 0 0
280000 376607 380659 0 -5086.72 0 0
290000 380167 377113 0 -4337.77 0 0
300000 378610 378664 0 -3981.13 0 0
310000 377241 379605 0 -4224.2 0 0
320000 378025 378313 0 -4483.05 0 0
330000 378427 378750 0 -4462.59 0 0
340000 377245 379966 0 -4866.49 0 0
350000 377640 378702 0 -3322.27 0 0
360000 377492 381205 0 -1721.39 0 0
370000 377030 380192 0 -3256.21 0 0
380000 378709 377561 0 -2608.99 0 0
390000 378466 378389 0 -858.433 0 0
400000 379517 376563 0 263.37 0 0
410000 379667 377816 0 930.067 0 0
420000 379554 377685 0 -1758.18 0 0
430000 380960 376380 0 1597.31 0 0
440000 380327 376804 0 2463.01 0 0
450000 379197 377452 0 876.998 0 0
460000 380033 376690 0 2181.49 0 0
470000 378650 378013 0 1163.74 0 0
480000 378584 377532 0 2151.78 0 0
490000 378778 379085 0 4059.51 0 0
500000 378759 377307 0 2735.81 0 0
510000 378324 379471 0 1406.24 0 0
520000 379120 379385 0 983.384 0 0
530000 379952 378729 0 953.182 0 0
540000 381033 377055 0 -1520.62 0 0
550000 380105 377517 0 -246.956 0 0
560000 382381 376310 0 3058.21 0 0
570000 380812 376941 0 3327.65 0 0
580000 380173 378147 0 1021.68 0 0
590000 382129 377146 0 2216.49 0 0
600000 382089 375275 0 2103.85 0 0
610000 379633 378169 0 6608.33 0 0
620000 381222 378337 0 1962.78 0 0
630000 380398 379717 0 3004.98 0 0
640000 381051 377304 0 2275.44 0 0
650000 380384 379679 0 2940.98 0 0
660000 378506 379373 0 2781.73 0 0
670000 376977 380883 0 3070.84 0 0
680000 376870 379783 0 1050.53 0 0
690000 379162 378806 0 3659.43 0 0
700000 378674 379139 0 4028.15 0 0
710000 378466 379689 0 2862.21 0 0
720000 379856 379655 0 4171.82 0 0
730000 380175 377230 0 4157.73 0 0
740000 380713 377349 0 2668.79 0 0
750000 377959 379825 0 2053.22 0 0
760000 378222 380267 0 3189.82 0 0
770000 378636 378003 0 3759.68 0 0
780000 378337 379371 0 3417.1 0 0
790000 378979 378232 0 1972.83 0 0
800000 377970 380583 0 3067.98 0 0
810000 378212 379833 0 3063.32 0 0
820000 376027 380677 0 922.125 0 0
830000 379169 379143 0 729.329 0 0
840000 377881 380518 0 1792.85 0 0
850000 376674 383782 0 1489.92 0 0
860000 377991 380893 0 749.842 0 0
870000 380257 380181 0 646.896 0 0
880000 381363 377906 0 1707.18 0 0
890000 378999 378360 0 1087 0 0
900000 378673 379428 0 273.371 0 0
910000 378424 381314 0 314.469 0 0
920000 378864 379219 0 661.816 0 0
930000 379296 378232 0 -63.5665 0 0
940000 377822 380669 0 15.9125 0 0
950000 377004 380634 0 -1048.77 0 0
960000 378074 378870 0 -640.87 0 0
970000 380121 378707 0 -2095.27 0 0
980000 379459 377521 0 -1141.75 0 0
990000 379939 378683 0 -2604.41 0 0
1000000 378863 379243 0 -1578.73 0 0
1010000 381227 376858 0 -1843.47 0 0
1020000 378449 380162 0 -1145.99 0 0
1030000 376468 379820 0 -2113.94 0 0
1040000 380225 376932 0 -2753.79 0 0
1050000 381614 376936 0 -3105.1 0 0
1060000 378150 379069 0 -1206.58 0 0
1070000 379707 377725 0 -2366.1 0 0
1080000 379694 377982 0 -3237.02 0 0
1090000 380650 377788 0 -5404.41 0 0
1100000 377697 380591 0 -5038.42 0 0
1110000 379491 378029 0 -4369.73 0 0
1120000 379548 378331 0 -4765.82 0 0
1130000 378156 379027 0 -4098.48 0 0
1140000 379644 378869 0 -2888.64 0 0
1150000 379422 379284 0 -3939.28 0 0
1160000 380745 378233 0 -5190 0 0
1170000 375996 380247 0 -4423.25 0 0
1180000 377419 380705 0 -2451.6 0 0
1190000 377042 380259 0 -2966.75 0 0
1200000 378011 380462 0 -3338.77 0 0
1210000 377740 380666 0 -3229.17 0 0
1220000 378767 378996 0 -2322.15 0 0
1230000 375094 383730 0 -2314.11 0 0
1240000 377014 381647 0 -1046.98 0 0
1250000 376533 381095 0 -3595.44 0 0
1260000 377305 379483 0 -4665.08 0 0
1270000 378104 379202 0 -1242.81 0 0
1280000 378174 379744 0 -1879.01 0 0
1290000 376440 380393 0 -1938.38 0 0
1300000 378352 378684 0 -1899.91 0 0
1310000 377219 378797 0 -1063.2 0 0
1320000 378124 379180 0 -1480.32 0 0
1330000 379073 378807 0 -1258.49 0 0
1340000 377339 379712 0 -2149.74 0 0
1350000 378839 377779 0 -1296.07 0 0
1360000 379045 378977 0 -1186.22 0 0
1370000 378441 378720 0 697.516 0 0
1380000 379129 376839 0 267.835 0 0
1390000 378934 377716 0 -529.467 0 0
1400000 380029 377820 0 -990.653 0 0
1410000 377504 379679 0 -39.0585 0 0
1420000 377900 379322 0 151.475 0 0
1430000 378418 378967 0 1246.51 0 0
1440000 378392 379308 0 1410.2 0 0
1450000 379945 378148 0 -277.1 0 0
1460000 378261 377787 0 1660.46 0 0
1470000 378485 376907 0 -1409.57 0 0
1480000 376793 379403 0 211.454 0 0
1490000 377869 380037 0 1824.22 0 0
1500000 378685 380860 0 1912.35 0 0
1510000 379821 377877 0 3242.73 0 0
1520000 376437 380391 0 1165.83 0 0
1530000 378727 377651 0 2199.49 0 0
1540000 377544 379765 0 3754.11 0 0
1550000 378619 378965 0 2069.92 0 0
1560000 376234 380416 0 2200.76 0 0
1570000 378824 379473 0 441.493 0 0
1580000 380038 377832 0 3018.08 0 0
1590000 379656 376733 0 2878.49 0 0
1600000 378379 378680 0 3027.24 0 0
1610000 379708 377136 0 2176.45 0 0
1620000 378979 378177 0 2066.73 0 0
1630000 377661 379408 0 2881.09 0 0
1640000 378559 377760 0 1777.33 0 0
1650000 380176 378052 0 3124.31 0 0
1660000 378004 378622 0 471.409 0 0
1670000 380208 376443 0 1113.83 0 0
1680000 382833 375127 0 -657.623 0 0
1690000 380346 376344 0 202.089 0 0
1700000 380769 376881 0 1789.99 0 0
1710000 382240 373809 0 -758.283 0 0
1720000 379732 378050 0 1206.11 0 0
1730000 379237 376733 0 1458.87 0 0
1740000 380115 377845 0 2286.6 0 0
1750000 380207 378170 0 857.421 0 0
1760000 381358 375433 0 1650.2 0 0
1770000 380916 376579 0 -1038.53 0 0
1780000 380370 376437 0 324.355 0 0
1790000 379499 377081 0 2317.23 0 0
1800000 380889 377274 0 1036.2 0 0
1810000 380481 378553 0 1808.79 0 0
1820000 381137 375384 0 283.678 0 0
1830000 379164 377458 0 956.837 0 0
1840000 381221 377586 0 -504.762 0 0
1850000 377940 378897 0 -740.099 0 0
1860000 379467 376628 0 1186.05 0 0
1870000 378951 378584 0 1439.51 0 0
1880000 382493 375331 0 -741.566 0 0
1890000 383218 375433 0 -897.834 0 0
1900000 379847 377005 0 -2043.48 0 0
1910000 380367 376080 0 -2320.58 0 0
1920000 380344 377555 0 -1624.29 0 0
1930000 380903 377996 0 -2078.31 0 0
1940000 378817 379542 0 -431.004 0 0
1950000 379603 377465 0 -2427.04 0 0
1960000 379760 379175 0 -2261.99 0 0
1970000 380967 377607 0 -2210.91 0 0
1980000 379634 378584 0 -69.484 0 0
1990000 380444 377390 0 -1584.41 0 0
2000000 380498 377718 0 -1720.49 0 0
2010000 378644 378906 0 -3290.28 0 0
2020000 380780 377235 0 -2859.55 0 0
2030000 379940 377966 0 -2160.92 0 0
2040000 380152 379120 0 -2557.83 0 0
2050000 379203 379149 0 -2909.3 0 0
2060000 375663 381466 0 -2491.66 0 0
2070000 380004 379241 0 -1493.55 0 0
2080000 380516 377565 0 -1647.68 0 0
2090000 378334 378879 0 -1972.29 0 0
2100000 378455 378761 0 -3821.45 0 0
2110000 377861 380404 0 -183.556 0 0
2120000 378279 379024 0 -3010.16 0 0
2130000 380373 377347 0 -2977.95 0 0
2140000 378806 379446 0 -3452.55 0 0
2150000 378643 380485 0 -3018.6 0 0
2160000 377993 380257 0 -2170.51 0 0
2170000 378690 378742 0 -3596.23 0 0
2180000 378526 378758 0 -3849.84 0 0
2190000 378298 378419 0 -2298.38 0 0
2200000 378455 379534 0 -4580.78 0 0
2210000 376188 382400 0 -3017.75 0 0
2220000 378808 379892 0 -3565.76 0 0
2230000 379206 378741 0 -2743.13 0 0
2240000 378712 379037 0 -3489.72 0 0
2250000 375490 381423 0 -785.041 0 0
2260000 378588 378844 0 -2093.96 0 0
2270000 375671 381602 0 -849.366 0 0
2280000 376682 380386 0 -473.856 0 0
2290000 378635 379387 0 -1607.48 0 0
2300000 378513 379537 0 -1409.15 0 0
2310000 379252 379245 0 -902.913 0 0
2320000 378337 379703 0 -1054.59 0 0
2330000 377184 379664 0 -2038.94 0 0
2340000 377683 380356 0 -538.086 0 0
2350000 377122 381089 0 -1947.64 0 0
2360000 375846 381040 0 480.831 0 0
2370000 373606 383540 0 1242.3 0 0
2380000 375729 381674 0 441.998 0 0
2390000 375186 382597 0 208.116 0 0
2400000 375067 382221 0 2331.69 0 0
2410000 374834 381284 0 1959.56 0 0
2420000 378402 380024 0 2881.78 0 0
2430000 377821 379798 0 2302.08 0 0
2440000 377939 379742 0 2624.37 0 0
2450000 377285 380173 0 2301.72 0 0
2460000 378216 379686 0 1244.75 0 0
2470000 376548 381393 0 490.982 0 0
2480000 379111 379230 0 2196.95 0 0
2490000 380827 378411 0 1724.21 0 0
2500000 378179 379500 0 -329.734 0 0
2510000 375513 382418 0 29.4486 0 0
2520000 379192 378084 0 779.361 0 0
2530000 377041 380771 0 735.236 0 0
2540000 378059 380184 0 -150.253 0 0
2550000 377685 380956 0 1141.23 0 0
2560000 376408 382207 0 -1311.17 0 0
2570000 379232 378269 0 388.76 0 0
2580000 378785 380214 0 1982.52 0 0
2590000 379638 380039 0 549.617 0 0
2600000 377996 379401 0 505.782 0 0
2610000 376035 379932 0 543.953 0 0
2620000 378074 379574 0 -2412.02 0 0
2630000 379945 377065 0 -241.003 0 0
2640000 376963 380534 0 -562.074 0 0
2650000 376629 380162 0 -95.7684 0 0
2660000 377280 379506 0 2295.43 0 0
2670000 377697 379638 0 158.026 0 0
2680000 377600 378868 0 28.6346 0 0
2690000 378648 378256 0 1249.37 0 0
2700000 379300 376980 0 2133.59 0 0
2710000 376995 379232 0 3253.6 0 0
2720000 377340 379541 0 4138.82 0 0
2730000 377808 380536 0 2132.65 0 0
2740000 373458 382827 0 3797.11 0 0
2750000 376174 381354 0 3384.35 0 0
2760000 376783 379739 0 3364.55 0 0
2770000 376142 379052 0 4048.99 0 0
2780000 375839 380671 0 1054.18 0 0
2790000 377569 380759 0 1720.43 0 0
2800000 377373 380538 0 1658.43 0 0
2810000 375455 380827 0 -993.803 0 0
2820000 376683 381898 0 -1371.29 0 0
2830000 377844 380603 0 6.09593 0 0
2840000 376486 381244 0 -1897.14 0 0
2850000 377463 380624 0 -3025.68 0 0
2860000 377390 380253 0 -2132.06 0 0
2870000 376543 380342 0 -5962.92 0 0
2880000 379258 378761 0 -6398.51 0 0
2890000 377723 379719 0 -2498.12 0 0
2900000 378150 378544 0 -3022.46 0 0
2910000 378066 378922 0 -3682.89 0 0
2920000 377574 379450 0 -2768.02 0 0
2930000 378743 378832 0 -2874.25 0 0
2940000 378802 378838 0 -3583.39 0 0
2950000 379344 377951 0 -3229.43 0 0
2960000 379496 377856 0 -267.637 0 0
2970000 380563 377492 0 -1683.02 0 0
2980000 378786 379445 0 -1637.65 0 0
2990000 379140 377952 0 -1324.15 0 0
3000000 380123 376997 0 -1341.49 0 0
3010000 380307 376009 0 -2354.23 0 0
3020000 378163 378170 0 -3308.26 0 0
3030000 379315 377401 0 -1432.48 0 0
3040000 379447 378732 0 604.712 0 0
3050000 378893 379007 0 -2709.4 0 0
3060000 379188 378618 0 -1670.05 0 0
3070000 378467 377618 0 -2861.91 0 0
3080000 380890 376275 0 -2668.08 0 0
3090000 378262 376773 0 -3081.96 0 0
3100000 379119 377341 0 -3107.88 0 0
3110000 377417 378649 0 -2570.29 0 0
3120000 379544 376261 0 -4053.27 0 0
3130000 379600 376576 0 -3563.65 0 0
3140000 379467 377176 0 -3607.46 0 0
3150000 378457 378841 0 -4435.11 0 0
3160000 379895 377659 0 -4146.04 0 0
3170000 379865 376857 0 -2777.23 0 0
3180000 380798 376270 0 -3415.16 0 0
3190000 378680 378296 0 -1556.36 0 0
3200000 378284 379368 0 -924.261 0 0
3210000 376820 380822 0 -386.745 0 0
3220000 379673 379063 0 -1692.12 0 0
3230000 379340 378073 0 -627.536 0 0
3240000 379129 378770 0 -4192.33 0 0
3250000 379896 377658 0 -1789.86 0 0
3260000 379982 377725 0 -2216.89 0 0
3270000 377890 379216 0 365.971 0 0
3280000 379761 378605 0 1247.23 0 0
3290000 379491 378336 0 -1573.31 0 0
3300000 377203 380057 0 -2089.5 0 0
3310000 379042 376954 0 -854.217 0 0
3320000 377527 379321 0 782.735 0 0
3330000 379564 377530 0 -446.106 0 0
3340000 379863 378150 0 -1804.21 0 0
3350000 378524 379980 0 -2730.52 0 0
3360000 379803 378656 0 -1800.2 0 0
3370000 378290 379676 0 -1672.9 0 0
3380000 378309 378233 0 -447.025 0 0
3390000 379420 377996 0 874.803 0 0
3400000 377923 378445 0 -475.088 0 0
3410000 380455 376765 0 270.741 0 0
3420000 378414 378493 0 -1423.18 0 0
3430000 379818 378054 0 22.9074 0 0
3440000 378494 379116 0 3519.06 0 0
3450000 379081 379241 0 1015.39 0 0
3460000 378501 378884 0 1320.22 0 0
3470000 377442 378826 0 -1867.17 0 0
3480000 380063 378716 0 2019.25 0 0
3490000 380671 377784 0 1725.84 0 0
3500000 378483 379322 0 2204.18 0 0
3510000 378008 380199 0 4682.07 0 0
3520000 376366 381961 0 2930.41 0 0
3530000 376690 381639 0 3509.71 0 0
3540000 379570 379930 0 2956.48 0 0
3550000 380210 378731 0 2784.52 0 0
3560000 379198 379515 0 3261.59 0 0
3570000 379013 378431 0 4180.41 0 0
3580000 379678 377455 0 2819.56 0 0
3590000 380546 377580 0 1940.41 0 0
3600000 380903 377313 0 2148.56 0 0
3610000 380382 378436 0 3033.02 0 0
3620000 380152 379224 0 2898.78 0 0
3630000 379177 378385 0 5269.49 0 0
3640000 380317 377973 0 5667.92 0 0
3650000 380521 376650 0 6646.29 0 0
3660000 379096 377792 0 5557.6 0 0
3670000 379309 377503 0 3880.38 0 0
3680000 380972 376201 0 1428.53 0 0
3690000 378775 378704 0 390.314 0 0
3700000 377701 379927 0 269.375 0 0
3710000 378988 378246 0 -1162.71 0 0
3720000 379352 377633 0 -1766.38 0 0
3730000 379310 378574 0 45.6898 0 0
3740000 377967 378534 0 524.132 0 0
3750000 379376 377802 0 3648.7 0 0
3760000 377731 378494 0 2457.05 0 0
3770000 377953 379211 0 1952.04 0 0
3780000 378845 377970 0 -619.198 0 0
3790000 379374 378944 0 2015.1 0 0
3800000 378147 378786 0 1137.33 0 0
3810000 379986 376802 0 244.809 0 0
3820000 379188 377180 0 -128.524 0 0
3830000 380021 376704 0 1076.53 0 0
3840000 379345 377245 0 835.026 0 0
3850000 379399 377497 0 -127.444 0 0
3860000 380214 376982 0 197.426 0 0
3870000 379569 375844 0 164.311 0 0
3880000 380670 374117 0 -150.026 0 0
3890000 380932 375958 0 -14.2331 0 0
3900000 379965 377103 0 -467.163 0 0
3910000 380287 377237 0 -1134.48 0 0
3920000 379454 376676 0 378.511 0 0
3930000 380063 376652 0 -477.116 0 0
3940000 378771 378559 0 1161.68 0 0
3950000 379469 375410 0 -114.785 0 0
3960000 380065 377602 0 -966.991 0 0
3970000 378871 378583 0 -2363.27 0 0
3980000 378117 378770 0 -952.101 0 0
3990000 379014 379258 0 -2441.41 0 0
4000000 377088 378755 0 -2254.05 0 0
4010000 380702 376985 0 -1254.01 0 0
4020000 379874 379132 0 -3529.63 0 0
4030000 381617 378642 0 -1399.91 0 0
4040000 381179 377650 0 -401.511 0 0
4050000 379277 378171 0 -767.881 0 0
4060000 378777 379693 0 -523.853 0 0
4070000 378855 378237 0 -12.1799 0 0
4080000 383167 376086 0 -1753.49 0 0
4090000 382785 374594 0 -1551.59 0 0
4100000 381936 375204 0 -1051.25 0 0
4110000 382301 375708 0 -2305.23 0 0
4120000 381322 376268 0 147.39 0 0
4130000 381564 377821 0 -2816.58 0 0
4140000 383989 374768 0 -2566.18 0 0
4150000 382067 374836 0 -1811.53 0 0
4160000 382758 375122 0 -1352.91 0 0
4170000 381546 376507 0 -1547.92 0 0
4180000 380212 376032 0 -1026.72 0 0
4190000 381555 375312 0 -1378.31 0 0
4200000 380572 377143 0 -1595.71 0 0
4210000 379936 377677 0 -2436.63 0 0
4220000 380364 377556 0 -3206.89 0 0
4230000 378242 378451 0 -2715.08 0 0
4240000 376691 382332 0 -2432.46 0 0
4250000 379595 378512 0 -2256.91 0 0
4260000 376862 381553 0 -2211.77 0 0
4270000 376903 380993 0 -3389.75 0 0
4280000 377261 380994 0 -4335.57 0 0
4290000 377441 379957 0 -3161.67 0 0
4300000 376964 379566 0 -2519.41 0 0
4310000 377193 380506 0 -1317.77 0 0
4320000 376944 379499 0 -1682.93 0 0
4330000 377590 378940 0 -750.134 0 0
4340000 376047 380180 0 -1781.95 0 0
4350000 374505 380423 0 230.996 0 0
4360000 377365 379492 0 -594.358 0 0
4370000 377168 380573 0 -534.676 0 0
4380000 376575 380758 0 85.3183 0 0
4390000 375100 382331 0 -1686.29 0 0
4400000 375815 380656 0 -1749.2 0 0
4410000 376681 380943 0 -519.276 0 0
4420000 375763 382400 0 524.465 0 0
4430000 375774 383037 0 -306.554 0 0
4440000 376820 381983 0 -398.55 0 0
4450000 374836 382764 0 1776.85 0 0
4460000 376118 381135 0 616.491 0 0
4470000 376739 380653 0 1494.5 0 0
4480000 378775 379386 0 1978.84 0 0
4490000 377713 380311 0 1004.19 0 0
4500000 378423 379435 0 2467.83 0 0
4510000 376487 381530 0 2005.97 0 0
4520000 376974 379704 0 1338.7 0 0
4530000 379042 379247 0 3557.9 0 0
4540000 377217 379714 0 3150.99 0 0
4550000 380411 377402 0 2400.17 0 0
4560000 378188 379224 0 2121.62 0 0
4570000 377192 380675 0 1051.52 0 0
4580000 376823 381538 0 1615.48 0 0
4590000 376510 379850 0 1602.97 0 0
4600000 375630 381866 0 979.854 0 0
4610000 377849 382049 0 3765.7 0 0
4620000 378553 379811 0 1659.7 0 0
4630000 378648 380219 0 2317.1 0 0
4640000 378024 379087 0 2812.64 0 0
4650000 380528 377566 0 3218.45 0 0
4660000 378445 378475 0 3136.94 0 0
4670000 379911 377229 0 3584.74 0 0
4680000 382175 375179 0 2043.8 0 0
4690000 380694 376217 0 1828.9 0 0
4700000 380113 378113 0 3293.55 0 0
4710000 379887 376748 0 1766 0 0
4720000 381522 376214 0 3856.97 0 0
4730000 379872 377722 0 4231.63 0 0
4740000 380111 377715 0 4684.19 0 0
4750000 380178 376626 0 3604.63 0 0
4760000 379923 377392 0 3738.23 0 0
4770000 380641 376426 0 3963.06 0 0
4780000 377990 379094 0 2433.81 0 0
4790000 380015 377988 0 1580.2 0 0
4800000 379003 379281 0 1424.18 0 0
4810000 378573 379930 0 2911.16 0 0
4820000 379592 378438 0 2305.6 0 0
4830000 379126 378924 0 1269.15 0 0
4840000 376670 380595 0 1361.93 0 0
4850000 378900 378410 0 2026.37 0 0
4860000 377264 379146 0 471.35 0 0
4870000 377769 379709 0 1196.15 0 0
4880000 378287 379841 0 221.834 0 0
4890000 380809 376803 0 385.435 0 0
4900000 379109 379840 0 -672.641 0 0
4910000 380023 378977 0 586.451 0 0
4920000 378761 379929 0 81.0727 0 0
4930000 379250 377828 0 -90.3794 0 0
4940000 378586 380403 0 581.562 0 0
4950000 378746 379098 0 -954.585 0 0
4960000 377225 378962 0 -2009.05 0 0
4970000 378352 380750 0 -1765.82 0 0
4980000 378856 379991 0 -1333.23 0 0
4990000 375598 380951 0 -175.257 0 0
5000000 377885 379318 0 -2852.9 0 0
