# Time-averaged data for fix ps1
# TimeStep c_thermo_press[1] c_thermo_press[2] c_thermo_press[3] c_thermo_press[4] c_thermo_press[5] c_thermo_press[6]
10000 340503 337460 0 -946.93 0 0
20000 340627 337239 0 -1128.24 0 0
30000 341184 336882 0 -2286.61 0 0
40000 340620 336717 0 -2144.32 0 0
50000 340430 337254 0 -2755 0 0
60000 340994 337237 0 -3740.61 0 0
70000 341187 337021 0 -3935.61 0 0
80000 340748 336958 0 -4611.14 0 0
90000 340363 337891 0 -4846.46 0 0
100000 341543 337051 0 -5699.62 0 0
110000 341025 337470 0 -6056.96 0 0
120000 341129 337482 0 -6435.72 0 0
130000 341141 337195 0 -6846.53 0 0
140000 340400 337678 0 -7016.01 0 0
150000 340218 338250 0 -6692.52 0 0
160000 340979 337512 0 -7584.34 0 0
170000 340680 337142 0 -8194.32 0 0
180000 341381 337039 0 -8458.01 0 0
190000 340756 337859 0 -8469.45 0 0
200000 339892 338206 0 -8651.65 0 0
210000 341138 337816 0 -8701.56 0 0
220000 340914 337590 0 -8943.22 0 0
230000 340981 337994 0 -8478.59 0 0
240000 341476 337243 0 -9477.67 0 0
250000 341160 337386 0 -9120.79 0 0
260000 340602 337393 0 -9117.71 0 0
270000 339992 337602 0 -8502.12 0 0
280000 341725 337374 0 -9779.01 0 0
290000 340192 337752 0 -9261.76 0 0
300000 339922 338694 0 -8819.15 0 0
310000 340628 337256 0 -8914.69 0 0
320000 340647 336975 0 -8621.56 0 0
330000 340865 337418 0 -8476.92 0 0
340000 341003 337058 0 -7495.24 0 0
350000 340887 338101 0 -8001.57 0 0
360000 340087 337695 0 -7598.47 0 0
370000 340628 337553 0 -6414.31 0 0
380000 340369 337937 0 -6619.93 0 0
390000 341341 337483 0 -6027.31 0 0
400000 339556 338066 0 -5298.2 0 0
410000 340771 337524 0 -5365.1 0 0
420000 340962 337077 0 -4600.76 0 0
430000 341077 337096 0 -4500.79 0 0
440000 340702 337313 0 -3338.32 0 0
450000 340593 337956 0 -3000.14 0 0
460000 340181 337489 0 -2832.98 0 0
470000 340628 337754 0 -1948.85 0 0
480000 340988 336729 0 -1263.05 0 0
490000 340227 337155 0 -1062.99 0 0
500000 340692 337879 0 -235.408 0 0
510000 340353 337845 0 477.715 0 0
520000 340917 337084 0 -71.6951 0 0
530000 340117 337651 0 1340.42 0 0
540000 340178 337827 0 2066.72 0 0
550000 340650 336917 0 2533.08 0 0
560000 341068 337129 0 2339.66 0 0
570000 340373 337366 0 3011.19 0 0
580000 341135 337315 0 3155.63 0 0
590000 340391 337990 0 3231.87 0 0
600000 340199 336981 0 5229.18 0 0
610000 340131 337379 0 5047.36 0 0
620000 341077 337095 0 6087.53 0 0
630000 340606 337533 0 5630.25 0 0
640000 339759 337538 0 5578.49 0 0
650000 340465 337460 0 6108.9 0 0
660000 340730 336590 0 6844.44 0 0
670000 341366 336933 0 7633.37 0 0
680000 341063 336687 0 7081.06 0 0
690000 341196 337099 0 7639.04 0 0
700000 340543 337449 0 8275.22 0 0
710000 341099 337590 0 7694.95 0 0
720000 340621 337125 0 7613.23 0 0
730000 340429 336883 0 8218.23 0 0
740000 340849 336374 0 8024.49 0 0
750000 340897 337281 0 8271.89 0 0
760000 340925 336955 0 7740.71 0 0
770000 340576 337053 0 7940.34 0 0
780000 340887 336550 0 8172.58 0 0
790000 341222 337204 0 7848.68 0 0
800000 341588 336574 0 7316.56 0 0
810000 340975 336653 0 8296.58 0 0
820000 340363 336911 0 7186.42 0 0
830000 340684 336680 0 7105.51 0 0
840000 340923 337120 0 7429.02 0 0
850000 341058 336871 0 6926.29 0 0
860000 340534 337346 0 5400.11 0 0
870000 341243 336951 0 6426.01 0 0
880000 341639 336763 0 5691.83 0 0
890000 340974 336853 0 4952.37 0 0
900000 340695 337004 0 4220.21 0 0
910000 340318 337063 0 5097.14 0 0
920000 340586 337402 0 3892.82 0 0
930000 341586 336656 0 3898.31 0 0
940000 340672 337333 0 3041.28 0 0
950000 340664 336898 0 2202.94 0 0
960000 340281 337523 0 1823.75 0 0
970000 340808 336984 0 1517.65 0 0
980000 341131 337039 0 1189.54 0 0
990000 341255 336999 0 238.772 0 0
1000000 341599 336773 0 -438.243 0 0
1010000 339951 337560 0 -505.331 0 0
1020000 340950 336966 0 -1026.37 0 0
1030000 340910 337653 0 -2114.61 0 0
1040000 340678 337436 0 -1836.41 0 0
1050000 340170 337757 0 -3413.58 0 0
1060000 341077 337259 0 -3824.3 0 0
1070000 341227 336954 0 -4573.39 0 0
1080000 340883 337316 0 -4870.65 0 0
1090000 340337 337890 0 -4667.93 0 0
1100000 340061 337891 0 -4861.46 0 0
1110000 340891 337229 0 -6007.06 0 0
1120000 340907 337076 0 -6481.47 0 0
1130000 339912 337568 0 -6752.54 0 0
1140000 340311 337909 0 -7287.36 0 0
1150000 340851 338109 0 -7026.02 0 0
1160000 340340 337516 0 -7361.49 0 0
1170000 340139 337903 0 -7872.5 0 0
1180000 341217 337451 0 -8021.33 0 0
1190000 339917 337986 0 -8560.04 0 0
1200000 340684 337630 0 -8744.89 0 0
1210000 340337 337768 0 -9809.85 0 0
1220000 340372 337574 0 -8225.8 0 0
1230000 339982 337622 0 -9521.55 0 0
1240000 340435 338282 0 -8886.35 0 0
1250000 340670 337544 0 -8655.39 0 0
1260000 340854 337398 0 -8929.49 0 0
1270000 341036 337371 0 -9661.41 0 0
1280000 340925 337077 0 -9758.32 0 0
1290000 340915 337814 0 -9179.93 0 0
1300000 340785 337091 0 -8547.17 0 0
1310000 340210 337233 0 -7863.3 0 0
1320000 341001 337561 0 -8382.95 0 0
1330000 340949 337601 0 -8012.25 0 0
1340000 340900 337122 0 -7511.13 0 0
1350000 340394 337428 0 -7399.05 0 0
1360000 341048 337446 0 -6948.2 0 0
1370000 340529 338059 0 -6471.7 0 0
1380000 340788 336693 0 -6127.57 0 0
1390000 340111 337798 0 -5550.11 0 0
1400000 340999 337326 0 -5081.95 0 0
1410000 340564 337922 0 -5508.85 0 0
1420000 340564 337875 0 -4807.76 0 0
1430000 340786 336996 0 -3810.28 0 0
1440000 340973 336974 0 -4038.27 0 0
1450000 340527 337123 0 -3405.4 0 0
1460000 341008 337322 0 -2224.25 0 0
1470000 340112 337550 0 -1586.32 0 0
1480000 340813 336813 0 -1151.19 0 0
1490000 341182 336214 0 -1360.46 0 0
1500000 340203 337637 0 -355.193 0 0
1510000 341121 337168 0 -367.839 0 0
1520000 341236 336991 0 -184.02 0 0
1530000 340828 336307 0 700.051 0 0
1540000 340320 337182 0 1995.81 0 0
1550000 341270 336796 0 1979.69 0 0
1560000 340393 336447 0 2952.59 0 0
1570000 340437 337417 0 2790.83 0 0
1580000 340609 337260 0 3681.51 0 0
1590000 340778 337887 0 4760.71 0 0
1600000 340570 336899 0 5162.75 0 0
1610000 340753 337371 0 5129.54 0 0
1620000 340979 336699 0 5272.49 0 0
1630000 340624 337972 0 6843.94 0 0
1640000 340722 337432 0 6319.71 0 0
1650000 340357 336758 0 6398.86 0 0
1660000 341531 336306 0 6964.14 0 0
1670000 340672 337449 0 6610.74 0 0
1680000 340282 337406 0 7009.09 0 0
1690000 340662 336665 0 7312.53 0 0
1700000 341123 336651 0 7881.35 0 0
1710000 340986 336721 0 7699.49 0 0
1720000 340652 337917 0 7186.24 0 0
1730000 340335 337728 0 7731.81 0 0
1740000 340605 336963 0 7966.81 0 0
1750000 341021 336685 0 8644.45 0 0
1760000 341071 336613 0 8145.63 0 0
1770000 340146 337299 0 8218.41 0 0
1780000 340565 336910 0 8257.13 0 0
1790000 341155 336986 0 7631.08 0 0
1800000 339934 337277 0 7652.23 0 0
1810000 340076 337146 0 7380.56 0 0
1820000 340786 336573 0 7379.23 0 0
1830000 340753 337368 0 7207.25 0 0
1840000 340421 336923 0 6224.53 0 0
1850000 341554 336711 0 6888.17 0 0
1860000 341130 337184 0 6387.81 0 0
1870000 340816 337157 0 6091.94 0 0
1880000 341354 336774 0 5957.98 0 0
1890000 340480 336733 0 5116.11 0 0
1900000 340662 337314 0 5177.17 0 0
1910000 341136 336860 0 3240.38 0 0
1920000 339837 337328 0 3617.2 0 0
1930000 340322 337498 0 2920.54 0 0
1940000 340710 336884 0 2727.27 0 0
1950000 340664 337227 0 1860.79 0 0
1960000 340715 336227 0 1647.27 0 0
1970000 340554 337643 0 1094.42 0 0
1980000 341098 337080 0 573.339 0 0
1990000 340640 337471 0 165.044 0 0
2000000 340462 337433 0 -848.681 0 0
2010000 340131 337604 0 -767.398 0 0
2020000 341112 336954 0 -1433.33 0 0
2030000 340990 337666 0 -2228.75 0 0
2040000 340753 336885 0 -3046.53 0 0
2050000 340846 337154 0 -3535.91 0 0
2060000 340276 336815 0 -3205.85 0 0
2070000 340448 337995 0 -3882.05 0 0
2080000 340967 337686 0 -4628.56 0 0
2090000 340736 337399 0 -5215.57 0 0
2100000 340682 336935 0 -6063.58 0 0
2110000 341000 337189 0 -6343.84 0 0
2120000 340199 337578 0 -6551.95 0 0
2130000 340220 337408 0 -6808.53 0 0
2140000 340924 337276 0 -7139.12 0 0
2150000 340237 338313 0 -7226.31 0 0
2160000 341573 336743 0 -7434.72 0 0
2170000 340724 337913 0 -8199.53 0 0
2180000 341057 337333 0 -8877.29 0 0
2190000 341167 336898 0 -8768.86 0 0
2200000 340650 337221 0 -9168.7 0 0
2210000 340875 337589 0 -8942.39 0 0
2220000 340756 337966 0 -9188.15 0 0
2230000 340150 338214 0 -8651.67 0 0
2240000 341361 336849 0 -8928.44 0 0
2250000 340539 338060 0 -9590.7 0 0
2260000 340686 337533 0 -9046.01 0 0
2270000 340775 337919 0 -9040.01 0 0
2280000 340371 337677 0 -9462.4 0 0
2290000 340624 338000 0 -9466.51 0 0
2300000 340882 337582 0 -9605.48 0 0
2310000 339679 338339 0 -8556.46 0 0
2320000 340506 337847 0 -8240.23 0 0
2330000 340335 337817 0 -8338.32 0 0
2340000 340555 337840 0 -7571.04 0 0
2350000 340340 338139 0 -6948.7 0 0
2360000 340751 338171 0 -7211.49 0 0
2370000 341031 337624 0 -7258.84 0 0
2380000 340500 337414 0 -5898.57 0 0
2390000 340620 337930 0 -6259.56 0 0
2400000 340506 337229 0 -5877.49 0 0
2410000 340421 337406 0 -5559.9 0 0
2420000 341488 336669 0 -4733.05 0 0
2430000 340545 338055 0 -4170.22 0 0
2440000 340516 337818 0 -3818.56 0 0
2450000 341217 337133 0 -3379.85 0 0
2460000 340496 337316 0 -2692.66 0 0
2470000 340472 337453 0 -1977.04 0 0
2480000 340370 337070 0 -1547.16 0 0
2490000 340699 336943 0 -1396.58 0 0
2500000 340601 337266 0 -679.653 0 0
2510000 340641 337074 0 -3.84453 0 0
2520000 340793 337423 0 358.424 0 0
2530000 340844 336984 0 1388.2 0 0
2540000 340762 336671 0 1850.67 0 0
2550000 341165 336602 0 2128.63 0 0
2560000 339956 337630 0 2533.45 0 0
2570000 340529 337226 0 2693.16 0 0
2580000 340465 337207 0 4243.73 0 0
2590000 340545 337694 0 4212.62 0 0
2600000 340189 336985 0 4408.16 0 0
2610000 340840 336106 0 5044.46 0 0
2620000 340339 337988 0 5660.9 0 0
2630000 339804 337053 0 5216.81 0 0
2640000 340913 336853 0 6444.62 0 0
2650000 340558 337452 0 6951.15 0 0
2660000 340632 337690 0 6903.59 0 0
2670000 340949 336969 0 7436.38 0 0
2680000 340963 336427 0 6909.84 0 0
2690000 340869 336539 0 7654.46 0 0
2700000 340821 336826 0 7911.3 0 0
2710000 340587 337620 0 7708.85 0 0
2720000 341115 336566 0 7236.94 0 0
2730000 340474 336484 0 8560.91 0 0
2740000 340427 337421 0 8201.93 0 0
2750000 340452 337829 0 7987.61 0 0
2760000 340626 337645 0 7611.7 0 0
2770000 340560 336702 0 7722.5 0 0
2780000 340950 337349 0 7770.36 0 0
2790000 339798 337888 0 8369.01 0 0
2800000 341286 336647 0 7858.67 0 0
2810000 340912 336607 0 7431.64 0 0
2820000 341003 336620 0 6656.83 0 0
2830000 340574 336816 0 6859.14 0 0
2840000 341112 336963 0 6967.07 0 0
2850000 341031 337550 0 5808.54 0 0
2860000 340172 337633 0 5489.26 0 0
2870000 340469 337662 0 4930.58 0 0
2880000 340263 336816 0 5454.42 0 0
2890000 340666 337248 0 5619.85 0 0
2900000 341220 337106 0 3978.97 0 0
2910000 340294 337855 0 4864.44 0 0
2920000 340711 336802 0 3622.92 0 0
2930000 341091 336876 0 3411.57 0 0
2940000 340814 337380 0 2695.33 0 0
2950000 341323 336874 0 1450.83 0 0
2960000 340821 337590 0 1740.05 0 0
2970000 340410 337464 0 948.132 0 0
2980000 340422 337797 0 727.699 0 0
2990000 340295 337407 0 -347.252 0 0
3000000 340864 337180 0 -573.973 0 0
3010000 341562 336544 0 -717.872 0 0
3020000 341399 336164 0 -2130.9 0 0
3030000 340895 337019 0 -2749.74 0 0
3040000 340741 337305 0 -2413.52 0 0
3050000 339471 337911 0 -2977.87 0 0
3060000 340261 337363 0 -3481.82 0 0
3070000 341027 337496 0 -4002.98 0 0
3080000 341303 337648 0 -4445.4 0 0
3090000 340229 337473 0 -4962.78 0 0
3100000 339614 338562 0 -5697.4 0 0
3110000 340122 337751 0 -5687.55 0 0
3120000 341083 336774 0 -6455.23 0 0
3130000 341443 337361 0 -7329.81 0 0
3140000 340933 337354 0 -7224.99 0 0
3150000 340458 337567 0 -6926.92 0 0
3160000 340841 337228 0 -7335.68 0 0
3170000 340772 338046 0 -8001.81 0 0
3180000 340877 337473 0 -8518.25 0 0
3190000 340097 337855 0 -8579.99 0 0
3200000 340238 337930 0 -8037.95 0 0
3210000 340753 337399 0 -8050.59 0 0
3220000 340766 337237 0 -9083.35 0 0
3230000 340455 338139 0 -8950.11 0 0
3240000 340555 337699 0 -8625.66 0 0
3250000 339997 337597 0 -8885.16 0 0
3260000 340262 338243 0 -9031.82 0 0
3270000 341455 337063 0 -8330.96 0 0
3280000 340605 337467 0 -8696.59 0 0
3290000 340864 337379 0 -7955.01 0 0
3300000 340472 338516 0 -8529.4 0 0
3310000 340558 338002 0 -8718.25 0 0
3320000 340161 337934 0 -8092.56 0 0
3330000 340915 337549 0 -7471.14 0 0
3340000 340585 337561 0 -8004.66 0 0
3350000 340994 337690 0 -7653.5 0 0
3360000 340604 337574 0 -7067.59 0 0
3370000 340433 337557 0 -7284.92 0 0
3380000 340250 338283 0 -5710.94 0 0
3390000 341008 337767 0 -5203.43 0 0
3400000 341102 337357 0 -5598.65 0 0
3410000 340617 337659 0 -4439.74 0 0
3420000 341096 336919 0 -4747.84 0 0
3430000 341294 336783 0 -4077.85 0 0
3440000 340226 337537 0 -3216.55 0 0
3450000 340803 337133 0 -3666.61 0 0
3460000 340702 337142 0 -2836.02 0 0
3470000 340560 337246 0 -1831.77 0 0
3480000 340914 336777 0 -1815.17 0 0
3490000 339738 337998 0 -1075.2 0 0
3500000 341645 336553 0 -494.762 0 0
3510000 341151 336923 0 90.8273 0 0
3520000 340299 337023 0 1347.9 0 0
3530000 340940 337947 0 495.327 0 0
3540000 340783 337275 0 1751.75 0 0
3550000 340121 337579 0 1887.91 0 0
3560000 340705 337262 0 2734.63 0 0
3570000 341153 336953 0 3604.81 0 0
3580000 340514 337800 0 3200.26 0 0
3590000 341200 336815 0 3944.69 0 0
3600000 340569 337492 0 5055 0 0
3610000 340595 336751 0 4890.08 0 0
3620000 340629 337082 0 4835.11 0 0
3630000 340510 337605 0 5992.87 0 0
3640000 340532 337155 0 5935.01 0 0
3650000 340855 336949 0 6385.45 0 0
3660000 340332 336848 0 6358.08 0 0
3670000 340611 337623 0 6881.17 0 0
3680000 340130 336955 0 7363.7 0 0
3690000 340929 337406 0 7003.99 0 0
3700000 340715 337479 0 7398.92 0 0
3710000 340875 336862 0 7662.42 0 0
3720000 340844 337435 0 7412.79 0 0
3730000 340636 337857 0 7903.04 0 0
3740000 340358 337700 0 7503.34 0 0
3750000 341075 337267 0 7884.54 0 0
3760000 340602 337630 0 8251.41 0 0
3770000 340549 337869 0 7634.98 0 0
3780000 340827 336960 0 7974.84 0 0
3790000 340872 336808 0 7950.88 0 0
3800000 340063 337186 0 7823.72 0 0
3810000 340501 337256 0 7185.78 0 0
3820000 340844 336788 0 7166.99 0 0
3830000 341034 337050 0 7420.81 0 0
3840000 340015 337842 0 6195.3 0 0
3850000 339544 337346 0 6930.58 0 0
3860000 340296 337393 0 6940.87 0 0
3870000 340320 337557 0 5420.47 0 0
3880000 340610 337660 0 4845.41 0 0
3890000 341024 336904 0 4653.19 0 0
3900000 340524 336880 0 4247.94 0 0
3910000 339861 337573 0 4036.28 0 0
3920000 340277 336907 0 3946.79 0 0
3930000 340924 337294 0 3677.12 0 0
3940000 340558 337485 0 3102.64 0 0
3950000 341197 337362 0 1973.88 0 0
3960000 340778 337235 0 1250.88 0 0
3970000 339519 337858 0 1962.64 0 0
3980000 340055 337165 0 771.526 0 0
3990000 341152 336634 0 17.0579 0 0
4000000 340055 337826 0 -413.99 0 0
4010000 340402 336796 0 -884.321 0 0
4020000 340385 337636 0 -1332.93 0 0
4030000 340950 337841 0 -1950.35 0 0
4040000 340707 336621 0 -2514.25 0 0
4050000 340434 336792 0 -3305.92 0 0
4060000 340762 336755 0 -3817.27 0 0
4070000 340465 337774 0 -4066.39 0 0
4080000 340873 337608 0 -4154.38 0 0
4090000 340495 337381 0 -5396.28 0 0
4100000 340603 337999 0 -5036.19 0 0
4110000 340304 337097 0 -6255.95 0 0
4120000 339918 337321 0 -6500.28 0 0
4130000 340926 337263 0 -6087.55 0 0
4140000 341114 337170 0 -6672.79 0 0
4150000 341128 337352 0 -7105.75 0 0
4160000 340533 337859 0 -8487.98 0 0
4170000 341064 337358 0 -8175.24 0 0
4180000 341049 336756 0 -8212.05 0 0
4190000 340064 337610 0 -8589.02 0 0
4200000 340696 337705 0 -8164.2 0 0
4210000 339944 338096 0 -9310.89 0 0
4220000 340668 336828 0 -8597.85 0 0
4230000 339908 337923 0 -8989.02 0 0
4240000 340550 338158 0 -9280.18 0 0
4250000 341005 337612 0 -9413.76 0 0
4260000 340902 337503 0 -8843.05 0 0
4270000 340574 338092 0 -9811.37 0 0
4280000 341522 337593 0 -9015.45 0 0
4290000 341021 337125 0 -8672.06 0 0
4300000 340853 337843 0 -8035.28 0 0
4310000 341607 337102 0 -8797.01 0 0
4320000 340365 338177 0 -8469.77 0 0
4330000 340777 337732 0 -7852.37 0 0
4340000 340607 337410 0 -8202.98 0 0
4350000 340482 338226 0 -7205.08 0 0
4360000 341567 337322 0 -6998.76 0 0
4370000 340024 338265 0 -6890.43 0 0
4380000 340276 337772 0 -5921.24 0 0
4390000 340758 337689 0 -5848.65 0 0
4400000 340873 337234 0 -5351.87 0 0
4410000 340703 337438 0 -4732.8 0 0
4420000 341211 337005 0 -3714.63 0 0
4430000 341330 337659 0 -4080.97 0 0
4440000 339378 338080 0 -3505.76 0 0
4450000 340542 337702 0 -3029.26 0 0
4460000 340507 337468 0 -2559.17 0 0
4470000 340808 337043 0 -1859.7 0 0
4480000 341149 337364 0 -1716.71 0 0
4490000 340584 337309 0 -832.163 0 0
4500000 341267 337302 0 -281.982 0 0
4510000 340930 336962 0 438.402 0 0
4520000 340637 337149 0 514.378 0 0
4530000 340382 337258 0 993.405 0 0
4540000 340033 337035 0 1683 0 0
4550000 340381 336958 0 2140.21 0 0
4560000 339647 337487 0 2523.33 0 0
4570000 340478 336821 0 3321.98 0 0
4580000 340774 337392 0 3612.51 0 0
4590000 341326 337196 0 4027.66 0 0
4600000 341524 336963 0 5099.94 0 0
4610000 340253 337441 0 4541.69 0 0
4620000 341123 337167 0 4935.76 0 0
4630000 340413 336883 0 5892.75 0 0
4640000 341071 336643 0 6040.32 0 0
4650000 340361 337424 0 6812.37 0 0
4660000 341352 336996 0 6863.23 0 0
4670000 340752 336434 0 7189.27 0 0
4680000 340895 337124 0 7061.22 0 0
4690000 340840 336771 0 8135.43 0 0
4700000 340814 336704 0 7286.92 0 0
4710000 339923 337385 0 8256.42 0 0
4720000 339652 337606 0 8652.74 0 0
4730000 340260 338554 0 8268.45 0 0
4740000 340622 337533 0 8181.21 0 0
4750000 339566 338068 0 7317.84 0 0
4760000 340596 337453 0 8172.43 0 0
4770000 340659 337241 0 8252.38 0 0
4780000 340416 337185 0 7948.72 0 0
4790000 340719 337381 0 7741.24 0 0
4800000 340201 337231 0 7918.29 0 0
4810000 340015 337463 0 7566.89 0 0
4820000 340218 337519 0 7048.17 0 0
4830000 340113 337824 0 7364.09 0 0
4840000 339763 337684 0 6847.68 0 0
4850000 340146 337403 0 6229.59 0 0
4860000 340204 336917 0 6396.37 0 0
4870000 340344 338125 0 5891.02 0 0
4880000 340775 337729 0 5445.14 0 0
4890000 340929 337655 0 4871.68 0 0
4900000 340009 337739 0 5016.52 0 0
4910000 340118 337785 0 3635.07 0 0
4920000 340038 337631 0 3446.06 0 0
4930000 340493 337196 0 3025.63 0 0
4940000 340714 337317 0 2718.16 0 0
4950000 340566 337687 0 2166.22 0 0
4960000 340216 337498 0 1441.85 0 0
4970000 340311 338168 0 1354 0 0
4980000 340204 337378 0 482.009 0 0
4990000 340117 337590 0 -306.965 0 0
5000000 340416 337844 0 -612.681 0 0
