# Time-averaged data for fix ps1
# TimeStep c_thermo_press[1] c_thermo_press[2] c_thermo_press[3] c_thermo_press[4] c_thermo_press[5] c_thermo_press[6]
10000 401299 396826 0 1097.43 0 0
20000 400013 398459 0 -581.417 0 0
30000 399066 399347 0 232.052 0 0
40000 396963 401831 0 -1030.78 0 0
50000 398431 402542 0 934.117 0 0
60000 397100 401549 0 278.222 0 0
70000 397849 402227 0 2121.2 0 0
80000 400502 397169 0 -169.087 0 0
90000 400283 398015 0 852.342 0 0
100000 397359 400051 0 1154.97 0 0
110000 400220 402304 0 -504.288 0 0
120000 401150 398140 0 283.889 0 0
130000 397723 400396 0 -1638.55 0 0
140000 399982 399604 0 1591.06 0 0
150000 398961 401219 0 1481.53 0 0
160000 399551 399819 0 -571.872 0 0
170000 402640 397432 0 552.547 0 0
180000 401441 398519 0 -1901.59 0 0
190000 397006 402278 0 1655.02 0 0
200000 399444 400563 0 685.796 0 0
210000 402693 397760 0 -472.555 0 0
220000 397450 401751 0 -213.617 0 0
230000 402609 399152 0 -549.18 0 0
240000 398478 401596 0 18.6371 0 0
250000 400397 399666 0 165.796 0 0
260000 400356 400424 0 -605.124 0 0
270000 399543 399137 0 -701.613 0 0
280000 405146 397567 0 -1375.09 0 0
290000 403019 398399 0 -1427.24 0 0
300000 402494 397356 0 484.022 0 0
310000 402155 399006 0 150.788 0 0
320000 402143 397396 0 -299.896 0 0
330000 397870 400635 0 -394.094 0 0
340000 401288 399759 0 -1681.39 0 0
350000 399166 401222 0 927.81 0 0
360000 404440 396505 0 -1212.41 0 0
370000 400674 401443 0 958.133 0 0
380000 397223 400904 0 1165.8 0 0
390000 396777 400028 0 -383.665 0 0
400000 398943 401367 0 685.275 0 0
410000 396890 402570 0 116.349 0 0
420000 399580 399789 0 -150.48 0 0
430000 399076 401259 0 -3435.06 0 0
440000 400350 398256 0 -373.585 0 0
450000 400801 399457 0 722.875 0 0
460000 398885 399764 0 2368.33 0 0
470000 400712 400048 0 1958.52 0 0
480000 400670 397019 0 -245.044 0 0
490000 399205 402177 0 341.853 0 0
500000 397969 401018 0 1045.96 0 0
510000 400593 396713 0 -1739.31 0 0
520000 400165 398909 0 2471.84 0 0
530000 398157 399859 0 2602.11 0 0
540000 400625 398378 0 -2104.55 0 0
550000 398921 399207 0 -266.427 0 0
560000 398548 401614 0 499.94 0 0
570000 401088 399936 0 -1335.92 0 0
580000 400621 398810 0 2338.19 0 0
590000 399900 400468 0 1169.51 0 0
600000 400620 398861 0 -1916.27 0 0
610000 397969 403289 0 2861.4 0 0
620000 399985 400588 0 4950.59 0 0
630000 395962 403107 0 1101.45 0 0
640000 402216 398441 0 -1176.86 0 0
650000 399322 399825 0 -381.344 0 0
660000 402831 397774 0 708.455 0 0
670000 398901 400133 0 78.039 0 0
680000 401196 398732 0 -1141.23 0 0
690000 400917 400847 0 2768.23 0 0
700000 401909 396339 0 -1517.84 0 0
710000 402514 397776 0 283.455 0 0
720000 400546 398982 0 -2763.35 0 0
730000 397588 401812 0 1316.36 0 0
740000 401267 398202 0 132.531 0 0
750000 397716 402154 0 -1669.37 0 0
760000 401323 399104 0 534.696 0 0
770000 400390 398151 0 611.939 0 0
780000 399315 399957 0 1935.31 0 0
790000 399617 398517 0 -1342.69 0 0
800000 401381 398144 0 -426.058 0 0
810000 401295 398738 0 1182.55 0 0
820000 399333 400921 0 1586.91 0 0
830000 401235 401723 0 3167.55 0 0
840000 399333 399925 0 3193.66 0 0
850000 399751 399537 0 2071.42 0 0
860000 402271 398587 0 -2244.56 0 0
870000 398821 404338 0 861.269 0 0
880000 402016 399739 0 3182.46 0 0
890000 401298 399601 0 -1125.37 0 0
900000 400493 402598 0 -270.711 0 0
910000 400580 400441 0 -2550.86 0 0
920000 399513 401237 0 -227.92 0 0
930000 400428 399147 0 -492.19 0 0
940000 405563 395679 0 548.398 0 0
950000 397934 402623 0 -3041.39 0 0
960000 400635 400264 0 1655.82 0 0
970000 399315 402298 0 -2415.3 0 0
980000 400083 400566 0 -1531.59 0 0
990000 401806 400585 0 158.693 0 0
1000000 400895 400219 0 2223.31 0 0
1010000 399153 399908 0 1115.45 0 0
1020000 397779 401695 0 -1284.4 0 0
1030000 400525 399370 0 -3156.18 0 0
1040000 398966 401653 0 1569.63 0 0
1050000 398251 404174 0 -763.486 0 0
1060000 400479 400020 0 -3355.16 0 0
1070000 402398 399001 0 -373.257 0 0
1080000 402142 397708 0 -2796.87 0 0
1090000 400706 399870 0 -2968.09 0 0
1100000 399898 399260 0 2227.16 0 0
1110000 397727 400246 0 -910.627 0 0
1120000 400346 400081 0 -1060.3 0 0
1130000 401868 397961 0 -1921.44 0 0
1140000 402908 395622 0 -255.497 0 0
1150000 400109 398308 0 -909.618 0 0
1160000 401823 397469 0 413.601 0 0
1170000 404699 395132 0 2300.2 0 0
1180000 397871 400973 0 -480.134 0 0
1190000 402874 397006 0 -1893.29 0 0
1200000 399646 399845 0 -426.966 0 0
1210000 395860 402819 0 -188.03 0 0
1220000 399538 399657 0 435.551 0 0
1230000 402361 397093 0 348.616 0 0
1240000 398751 399432 0 -154.168 0 0
1250000 401394 397942 0 489.888 0 0
1260000 399022 402155 0 438.918 0 0
1270000 397734 404425 0 3154.78 0 0
1280000 397489 400839 0 -1542.86 0 0
1290000 398840 401796 0 1378.62 0 0
1300000 401719 397058 0 -864.619 0 0
1310000 402288 397710 0 4056.87 0 0
1320000 399645 401570 0 2228.26 0 0
1330000 401815 397794 0 2061.47 0 0
1340000 401288 396293 0 1212.56 0 0
1350000 402491 395542 0 -279.505 0 0
1360000 401340 396662 0 -466.29 0 0
1370000 397136 400464 0 1388.81 0 0
1380000 398258 399357 0 -298.288 0 0
1390000 399609 400525 0 -2848.17 0 0
1400000 400429 399605 0 1961.64 0 0
1410000 400381 398070 0 -3360.68 0 0
1420000 399866 401930 0 39.7505 0 0
1430000 402943 396754 0 788.064 0 0
1440000 400974 399110 0 1303.06 0 0
1450000 399031 400588 0 -1730.73 0 0
1460000 399257 399309 0 -1103.02 0 0
1470000 401901 397413 0 -1157.6 0 0
1480000 399035 398842 0 -320.692 0 0
1490000 398047 400865 0 -88.5822 0 0
1500000 396076 400314 0 -2383.23 0 0
1510000 397120 400426 0 -1024.76 0 0
1520000 394484 401166 0 1693.37 0 0
1530000 400956 397635 0 -292.893 0 0
1540000 398438 399969 0 2140.78 0 0
1550000 397579 400173 0 -489.835 0 0
1560000 402713 394664 0 -601.377 0 0
1570000 400912 395930 0 148.038 0 0
1580000 400664 397847 0 -383.066 0 0
1590000 397858 398991 0 -722.419 0 0
1600000 398501 398592 0 -1276.35 0 0
1610000 398945 398664 0 3730.65 0 0
1620000 397008 400716 0 -204.001 0 0
1630000 399880 399978 0 887.459 0 0
1640000 399523 398950 0 -3052.65 0 0
1650000 399122 398520 0 1386.57 0 0
1660000 400492 400282 0 -7.69694 0 0
1670000 400465 397710 0 -2792.25 0 0
1680000 398630 399285 0 -2247.67 0 0
1690000 400873 400318 0 1464.73 0 0
1700000 399250 401280 0 -68.0775 0 0
1710000 398568 400109 0 229.668 0 0
1720000 401279 399759 0 1342.2 0 0
1730000 402536 397541 0 -521.012 0 0
1740000 399450 399153 0 -4657.55 0 0
1750000 399662 398978 0 -60.0379 0 0
1760000 400820 399665 0 -1782.58 0 0
1770000 396780 401935 0 -1480.45 0 0
1780000 397464 400670 0 -2501.96 0 0
1790000 397644 400851 0 525.624 0 0
1800000 401689 401007 0 -1122.35 0 0
1810000 401492 397422 0 -2280.06 0 0
1820000 397054 399996 0 891.879 0 0
1830000 399656 399510 0 1092 0 0
1840000 398353 398685 0 -121.55 0 0
1850000 398634 400948 0 482.524 0 0
1860000 397308 402244 0 -3455.13 0 0
1870000 395859 402111 0 201.539 0 0
1880000 398573 399194 0 -304.773 0 0
1890000 402135 399096 0 -1562.47 0 0
1900000 398371 399553 0 -1576.76 0 0
1910000 401415 398366 0 -1796.79 0 0
1920000 400772 395807 0 -1185.12 0 0
1930000 396548 402272 0 489.002 0 0
1940000 396933 401393 0 -1317.18 0 0
1950000 396058 402837 0 1040.42 0 0
1960000 399230 399658 0 726.234 0 0
1970000 401534 397741 0 -243.51 0 0
1980000 399842 401345 0 183.689 0 0
1990000 399944 397420 0 649.564 0 0
2000000 399917 399812 0 1239.66 0 0
2010000 400590 398775 0 881.276 0 0
2020000 402033 397483 0 1070.1 0 0
2030000 400401 398422 0 -1257.23 0 0
2040000 399870 398839 0 -715.7 0 0
2050000 397836 399134 0 317.99 0 0
2060000 399656 397207 0 3124.36 0 0
2070000 399990 397305 0 3019.08 0 0
2080000 398349 399195 0 3354.75 0 0
2090000 400013 397469 0 1954.19 0 0
2100000 402232 395915 0 -206.765 0 0
2110000 397639 399744 0 -1013.01 0 0
2120000 402094 394963 0 -1047.28 0 0
2130000 400411 399297 0 -2778.1 0 0
2140000 399967 399374 0 2604.36 0 0
2150000 400927 397572 0 1279.79 0 0
2160000 397280 402600 0 1227.93 0 0
2170000 399383 400142 0 -945.724 0 0
2180000 401160 397543 0 -216.536 0 0
2190000 400075 397399 0 1623.21 0 0
2200000 399706 397041 0 450.239 0 0
2210000 396904 400502 0 -1451.88 0 0
2220000 400504 398365 0 -649.44 0 0
2230000 402116 396656 0 562.791 0 0
2240000 399482 400643 0 -2223.34 0 0
2250000 398200 402193 0 1265.99 0 0
2260000 397374 402610 0 1265.46 0 0
2270000 396954 400076 0 -611.055 0 0
2280000 404030 396443 0 -2799.66 0 0
2290000 402328 398592 0 24.0634 0 0
2300000 399419 399209 0 105.492 0 0
2310000 398315 401620 0 3142.25 0 0
2320000 399971 400453 0 4476.25 0 0
2330000 400602 399590 0 3780.42 0 0
2340000 398479 401425 0 -1456.68 0 0
2350000 398975 400710 0 -922.499 0 0
2360000 397105 402429 0 3344.79 0 0
2370000 398421 402504 0 2127.22 0 0
2380000 399832 399561 0 -1138.83 0 0
2390000 399983 399560 0 1387.49 0 0
2400000 399840 399781 0 934.961 0 0
2410000 399827 400503 0 385.637 0 0
2420000 401764 396018 0 2019.23 0 0
2430000 400877 398176 0 1798.67 0 0
2440000 398530 400393 0 359.822 0 0
2450000 399895 401447 0 -1151.83 0 0
2460000 399006 401672 0 383.095 0 0
2470000 399942 402171 0 2951.93 0 0
2480000 400724 402922 0 1961.28 0 0
2490000 398913 401722 0 237.452 0 0
2500000 402810 400010 0 -2115.79 0 0
2510000 400561 400043 0 1164.62 0 0
2520000 401439 400941 0 1100.51 0 0
2530000 395608 403953 0 -1919.97 0 0
2540000 400666 400154 0 438.522 0 0
2550000 400857 400187 0 -580.164 0 0
2560000 400731 399667 0 -527.951 0 0
2570000 400945 399550 0 1728.39 0 0
2580000 401632 397678 0 -1011.41 0 0
2590000 400006 397963 0 -2224.88 0 0
2600000 402359 395987 0 589.081 0 0
2610000 399907 398601 0 1111.77 0 0
2620000 400237 398854 0 -1186.37 0 0
2630000 399153 400205 0 -783.929 0 0
2640000 396894 401598 0 -2592.76 0 0
2650000 397717 399566 0 -870.604 0 0
2660000 401297 397410 0 578.758 0 0
2670000 396923 398240 0 2238.06 0 0
2680000 396370 400622 0 -1350.33 0 0
2690000 401962 397464 0 2057.02 0 0
2700000 400241 398309 0 -698.278 0 0
2710000 400178 400668 0 1243.04 0 0
2720000 399628 399612 0 2436.29 0 0
2730000 397648 401935 0 1615.66 0 0
2740000 401043 398513 0 -1175.51 0 0
2750000 401360 396418 0 -2115 0 0
2760000 397538 401500 0 -1651.38 0 0
2770000 400563 399955 0 1054.14 0 0
2780000 400681 398707 0 1666.46 0 0
2790000 400380 398476 0 211.575 0 0
2800000 398773 400383 0 1152.77 0 0
2810000 397072 400461 0 -493.314 0 0
2820000 398901 399902 0 750.829 0 0
2830000 395890 403511 0 2665.08 0 0
2840000 400086 399040 0 1569.83 0 0
2850000 399133 401653 0 -1453.15 0 0
2860000 400747 399907 0 -483.446 0 0
2870000 400713 400297 0 1440.24 0 0
2880000 395556 403917 0 -1497.1 0 0
2890000 401398 397645 0 -1416.04 0 0
2900000 399243 399448 0 360.745 0 0
2910000 401641 400840 0 -894.445 0 0
2920000 402335 398470 0 -1535.44 0 0
2930000 399361 400803 0 -1922.05 0 0
2940000 401886 398669 0 -240.651 0 0
2950000 400062 401544 0 653.421 0 0
2960000 401083 400152 0 -1058.1 0 0
2970000 399018 400218 0 -2437.8 0 0
2980000 400317 401214 0 2111.29 0 0
2990000 399264 401029 0 -839.334 0 0
3000000 398577 400694 0 -105.347 0 0
3010000 402798 398415 0 -385.44 0 0
3020000 401953 399168 0 246.282 0 0
3030000 402048 398398 0 483.553 0 0
3040000 397981 402767 0 -604.167 0 0
3050000 398159 402790 0 -4117.58 0 0
3060000 399106 401942 0 63.0882 0 0
3070000 399219 400230 0 -1369.88 0 0
3080000 400872 397356 0 2466.55 0 0
3090000 399710 398684 0 -2369.24 0 0
3100000 400799 399775 0 -979.33 0 0
3110000 397303 402110 0 -648.528 0 0
3120000 399918 400481 0 -3885.83 0 0
3130000 399563 401646 0 -230.282 0 0
3140000 400670 398171 0 -1068.43 0 0
3150000 397480 403892 0 -3208.47 0 0
3160000 401005 399789 0 670.803 0 0
3170000 400281 399401 0 -1395.3 0 0
3180000 401822 399073 0 1117.76 0 0
3190000 401822 399476 0 -830.771 0 0
3200000 400021 400776 0 -2739.02 0 0
3210000 401154 399350 0 1170.6 0 0
3220000 402590 399628 0 -299.403 0 0
3230000 399017 402206 0 -2986.11 0 0
3240000 400446 401944 0 -373.104 0 0
3250000 401687 398679 0 482.3 0 0
3260000 402450 398676 0 2340.13 0 0
3270000 399807 401145 0 568.069 0 0
3280000 399153 402147 0 -582.141 0 0
3290000 399264 400316 0 975.163 0 0
3300000 401322 400133 0 1372.75 0 0
3310000 398717 401268 0 747.265 0 0
3320000 402735 399188 0 1356.43 0 0
3330000 401228 400387 0 1953.24 0 0
3340000 400844 399820 0 1454.01 0 0
3350000 398707 401695 0 2226.94 0 0
3360000 398744 401658 0 1560.68 0 0
3370000 397989 403081 0 57.7376 0 0
3380000 398292 401239 0 -1413.32 0 0
3390000 400551 399524 0 -683.588 0 0
3400000 400446 402689 0 2849.02 0 0
3410000 399697 402453 0 -2476.39 0 0
3420000 403162 400891 0 734.377 0 0
3430000 402787 397292 0 -1416.58 0 0
3440000 401614 401842 0 558.758 0 0
3450000 401448 400242 0 2163.57 0 0
3460000 402363 399479 0 -246.302 0 0
3470000 402074 401432 0 1294.09 0 0
3480000 403068 398413 0 394.525 0 0
3490000 400285 400077 0 1808.62 0 0
3500000 401222 399159 0 -1110.75 0 0
3510000 400211 398364 0 -1053.56 0 0
3520000 400945 399367 0 -878.343 0 0
3530000 400506 402632 0 239.049 0 0
3540000 397475 405242 0 -922.417 0 0
3550000 400672 399742 0 -1493.66 0 0
3560000 401664 399566 0 1513.85 0 0
3570000 400559 404395 0 -395.804 0 0
3580000 399218 402001 0 786.459 0 0
3590000 400507 401474 0 -654.246 0 0
3600000 403354 396823 0 -368.557 0 0
3610000 402873 400170 0 -1371.71 0 0
3620000 401711 399233 0 -1184.94 0 0
3630000 399598 400438 0 1335.35 0 0
3640000 399121 401091 0 593.196 0 0
3650000 397308 401565 0 922.983 0 0
3660000 402375 398033 0 102.954 0 0
3670000 400477 399014 0 3127.93 0 0
3680000 401052 399937 0 -711.513 0 0
3690000 399899 400369 0 -3503.16 0 0
3700000 402955 397807 0 -1507.37 0 0
3710000 402004 397381 0 -387.292 0 0
3720000 400731 400744 0 -882.956 0 0
3730000 399139 401385 0 328.883 0 0
3740000 400179 400405 0 -2284.39 0 0
3750000 400850 399916 0 -1466.38 0 0
3760000 402046 398726 0 550.676 0 0
3770000 397070 402511 0 886.41 0 0
3780000 399935 400312 0 2409.9 0 0
3790000 398500 400906 0 2132 0 0
3800000 402868 396617 0 -1734.31 0 0
3810000 399876 398441 0 -1769.27 0 0
3820000 399808 400953 0 -2606.31 0 0
3830000 398387 398614 0 -1977.12 0 0
3840000 400603 399912 0 434.543 0 0
3850000 402146 398321 0 2145.35 0 0
3860000 401240 403013 0 -638.908 0 0
3870000 400962 399870 0 -100.233 0 0
3880000 400630 400073 0 1584.4 0 0
3890000 398893 400064 0 1795.88 0 0
3900000 398294 402066 0 -1173.19 0 0
3910000 400831 400286 0 2151.24 0 0
3920000 401651 400636 0 489.183 0 0
3930000 398754 400713 0 -938.723 0 0
3940000 397886 400746 0 1957.87 0 0
3950000 399050 400650 0 1665.45 0 0
3960000 398749 401819 0 -630.109 0 0
3970000 396355 404125 0 -227.971 0 0
3980000 400126 398015 0 1413.8 0 0
3990000 400863 400084 0 1646.34 0 0
4000000 399385 397325 0 1351.52 0 0
4010000 399162 400790 0 -88.067 0 0
4020000 402454 396832 0 959.057 0 0
4030000 397429 403173 0 795.141 0 0
4040000 399777 401867 0 1877.09 0 0
4050000 401438 400535 0 -1699.24 0 0
4060000 401305 399089 0 -1001.71 0 0
4070000 402462 398824 0 917.521 0 0
4080000 400819 402071 0 -1055.45 0 0
4090000 400351 401088 0 -1651.05 0 0
4100000 397433 403038 0 540.662 0 0
4110000 399541 402314 0 251.594 0 0
4120000 399607 399019 0 -700.671 0 0
4130000 401808 399510 0 -2996.98 0 0
4140000 401813 397333 0 -1596.03 0 0
4150000 401154 398457 0 -1036.09 0 0
4160000 401440 401178 0 -467.034 0 0
4170000 401016 399159 0 496.779 0 0
4180000 395972 403949 0 958.194 0 0
4190000 398599 402962 0 1194.51 0 0
4200000 399866 399547 0 -2136.42 0 0
4210000 399535 400043 0 98.041 0 0
4220000 399387 398898 0 -527.706 0 0
4230000 401005 398867 0 -1264.18 0 0
4240000 396981 402045 0 -1513.41 0 0
4250000 400173 399767 0 -32.5728 0 0
4260000 399898 398831 0 -752.451 0 0
4270000 402234 396917 0 572.385 0 0
4280000 402348 397106 0 581.022 0 0
4290000 402551 399579 0 1705.31 0 0
4300000 401291 401040 0 -704.957 0 0
4310000 402638 398903 0 -1640.21 0 0
4320000 400569 399090 0 -1532.42 0 0
4330000 404572 393395 0 449.959 0 0
4340000 402878 397167 0 964.262 0 0
4350000 401369 401179 0 -1462.51 0 0
4360000 402913 401234 0 -936.249 0 0
4370000 397961 402827 0 3067.68 0 0
4380000 399735 400803 0 782.688 0 0
4390000 402588 399398 0 406.441 0 0
4400000 401011 401906 0 -2464.31 0 0
4410000 401754 399229 0 -1630.87 0 0
4420000 400055 399415 0 460.293 0 0
4430000 398712 401092 0 -940.119 0 0
4440000 398299 401839 0 2170.44 0 0
4450000 398821 401448 0 483.189 0 0
4460000 401068 399550 0 264.531 0 0
4470000 398636 401876 0 491.347 0 0
4480000 399457 400361 0 -198.052 0 0
4490000 398521 400606 0 467.155 0 0
4500000 402153 401305 0 440.61 0 0
4510000 404618 397824 0 -679.728 0 0
4520000 400895 399286 0 513.761 0 0
4530000 401711 401284 0 632.272 0 0
4540000 400781 400350 0 -648.36 0 0
4550000 403302 399036 0 -695.468 0 0
4560000 401783 398783 0 704.036 0 0
4570000 402493 400648 0 414.693 0 0
4580000 401149 401190 0 -289.121 0 0
4590000 401115 400116 0 -1095.38 0 0
4600000 402236 398383 0 2779.21 0 0
4610000 399538 402113 0 419.669 0 0
4620000 402617 400953 0 -2266.09 0 0
4630000 405030 396842 0 1871.29 0 0
4640000 400220 401525 0 -1286.75 0 0
4650000 401689 398622 0 -289.427 0 0
4660000 398729 399274 0 -1095.48 0 0
4670000 401188 400040 0 385.432 0 0
4680000 399912 400501 0 -2326.72 0 0
4690000 401467 398187 0 -1467.88 0 0
4700000 397840 402437 0 1556.55 0 0
4710000 401103 397515 0 547.661 0 0
4720000 401603 399105 0 -1572.83 0 0
4730000 400021 400891 0 43.8596 0 0
4740000 397481 401092 0 224.594 0 0
4750000 403618 398156 0 1504.4 0 0
4760000 401320 397711 0 -2553.39 0 0
4770000 399084 402378 0 398.514 0 0
4780000 403480 397445 0 183.11 0 0
4790000 403232 399696 0 -2331.17 0 0
4800000 402459 398321 0 -2860.66 0 0
4810000 401655 399176 0 926.189 0 0
4820000 400087 401055 0 -1543.62 0 0
4830000 399880 399432 0 -1890.5 0 0
4840000 401632 399914 0 -1172.75 0 0
4850000 400828 400908 0 -2180.45 0 0
4860000 402792 397383 0 -2499.54 0 0
4870000 401247 398984 0 -2639.74 0 0
4880000 400265 399809 0 4840.34 0 0
4890000 398877 402153 0 1726.52 0 0
4900000 403427 399743 0 15.9095 0 0
4910000 400698 401341 0 -176.473 0 0
4920000 399528 400562 0 2867.7 0 0
4930000 400113 399661 0 -3378.79 0 0
4940000 401079 400540 0 -366.777 0 0
4950000 402196 401420 0 130.001 0 0
4960000 400395 400735 0 -583.973 0 0
4970000 396073 405464 0 -1082.52 0 0
4980000 398788 404431 0 -1443.89 0 0
4990000 400234 399841 0 100.382 0 0
5000000 400509 399106 0 -2104.65 0 0
