# Time-averaged data for fix ps1
# TimeStep c_thermo_press[1] c_thermo_press[2] c_thermo_press[3] c_thermo_press[4] c_thermo_press[5] c_thermo_press[6]
0 1027.85 705.015 849.778 -450.696 143.39 -254.041
100000 967.088 1464.42 1190.46 -584.276 167.026 35.9042
200000 1127.91 962.345 1509.44 -701.791 -308.893 -299.04
300000 880.584 978.202 1473.74 -280.439 35.4163 -316.919
400000 943.424 1022.31 2055.18 -289.127 -322.848 108.768
500000 749.169 1209.65 1612.61 -188.579 -168.569 -206.283
600000 529.714 925.119 1700.67 208.468 -226.723 -194.309
700000 719.121 1920.62 2168.34 32.5737 -186.021 44.0612
800000 505.792 1470.07 2095.97 339.075 -138.241 -63.0458
900000 50.3475 1372.79 2342.69 -193.715 -242.591 -52.645
1000000 231.406 1643.07 1598.6 -280.802 -461.611 -49.1359
1100000 416.681 1762.12 1319.21 -215.705 -323.576 243
1200000 581.796 1551.94 1404.57 -46.7523 -180.447 -76.1863
1300000 675.662 1828.53 1273.43 34.6615 -324.497 -97.0722
1400000 346.097 1323.52 1534.71 7.65148 -185.441 -13.028
1500000 841.569 1686.35 1768.3 200.329 -100.512 -249.695
1600000 1115.67 1717.5 1292.4 210.493 13.9861 -218.413
1700000 566.308 1550.94 1468.77 167.128 -242.976 202.586
1800000 1092.75 1560.88 1592.31 12.7577 -380.543 -188.7
1900000 603.981 1785.53 1234.01 -243.059 110.33 -87.3642
2000000 1569.14 859.857 1168.25 -246.607 42.7099 -155.975
2100000 812.534 1835.35 96.3418 -113.877 347.446 177.454
2200000 1296.3 1002.16 1556.83 236.187 -48.7902 65.2121
2300000 1335.11 1107.99 1355.29 174.258 -87.4572 163.178
2400000 842.574 1132.7 1597.04 -247.042 -6.36664 446.08
2500000 1071.79 1319.93 1558.16 362.189 -134.133 500.571
2600000 1269.41 1283.85 1208.87 -42.2754 153.68 -141.567
2700000 1528.35 1026.46 971.494 -136.49 -78.7852 -277.617
2800000 974.347 568.184 1399.34 -26.1503 -147.42 115.682
2900000 1307.47 1275.51 846.838 296.557 -166.694 -62.0278
3000000 1066 1491.58 889.716 -52.6114 14.3287 183.724
3100000 1651.91 1408.7 560.554 -37.203 87.2845 -142.977
3200000 1944.66 1483 822.581 -45.5763 -623.972 165.006
3300000 1418.11 1307.2 561.313 -293.002 -484.874 -337.785
3400000 1789.19 915.623 170.862 -151.571 -498.214 -376.304
3500000 1754.24 1100.38 586.519 61.8675 -261.454 -36.6002
3600000 1174.94 1230.82 969.22 76.7782 -131.722 345.208
3700000 1580.66 1273.97 888.314 306.416 -217.538 494.667
3800000 1861.22 635.136 582.451 95.4357 62.6741 -666.043
3900000 1979.02 778.38 638.05 23.213 -67.9571 -363.178
4000000 1996.17 888.73 942.736 131.077 -108.646 70.2797
4100000 901.748 796.406 1210.23 -7.29507 64.7798 238.439
4200000 2105.47 435.715 1330.76 -642.361 -154.108 30.7891
4300000 1773.36 941.856 964.875 -281.913 486.335 214.61
4400000 1844.73 756.897 1150.09 103.021 3.15553 -122.381
4500000 1823.96 550.389 1128.33 250.452 -108.841 156.727
4600000 1684.98 934.158 1095.18 47.2338 -91.4606 322.877
4700000 1573.63 724.836 977.255 -89.6464 27.9239 243.679
4800000 2040.48 416.276 915.486 39.3626 -29.4727 180.355
4900000 2154.96 1110.24 942.757 -139.403 -28.0657 402.789
5000000 1954.45 681.485 680.377 -167.261 -270.751 -454.772
5100000 1871.27 1483.87 502.002 -38.6308 -98.7084 -603.099
5200000 2281.03 978.155 587.803 -395.973 592.003 -563.483
5300000 2366.95 795.246 383.278 7.69853 146.075 -70.719
5400000 2293.74 -157.027 590.068 203.533 94.2716 -111.318
5500000 2039.41 225.606 625.99 165.676 207.323 -128.328
5600000 2260.04 396.371 527.11 -222.289 -66.3954 -121.944
5700000 2556.36 529.114 704.376 220.575 -238.841 -225.46
5800000 2087.21 381.73 657.947 -292.772 -384.646 -150.187
5900000 2379.99 378.327 622.789 -93.6805 -235.83 -37.3496
6000000 2296.19 270.609 1494.3 -87.7257 68.1853 -288.702
6100000 2523.05 836.177 839.456 131.9 -387.517 -149.854
6200000 2642.56 532.084 397.47 -375.64 -156.886 105.544
6300000 1673.76 1108.21 796.829 273.322 -506.234 12.5959
6400000 1893.56 782.609 711.752 -85.8446 -339.635 -254.167
6500000 1655.6 595.007 845.38 682.833 50.4791 -442.476
6600000 1276.64 972.342 858.192 344.515 -57.2497 -25.4306
6700000 1968.85 600.797 1100.62 222.426 57.845 -18.433
6800000 1833.58 1014.33 712.466 101.137 11.7507 -679.715
6900000 2118.89 651.808 151.017 -19.6057 -82.8411 -434.066
7000000 1765.65 673.203 1191.54 -298.685 -224.015 -684.336
7100000 1532.4 879.955 1180.31 24.6368 103.052 -458.844
7200000 2127.77 1123.28 677.165 -21.9905 -255.205 -459.876
7300000 1678.04 1146.64 1164.06 -188.199 70.8382 -243.415
7400000 1427.12 564.856 1009.77 -301.6 174.417 -143.096
7500000 1589.14 866.073 1163.99 -310.539 -515.905 186.346
7600000 1574.06 884.394 820.15 -511.316 -298.946 110.53
7700000 1528.24 1116.85 916.511 -65.5222 -380.648 -319.047
7800000 1976.92 1196.31 732.689 -386.986 235.144 -380.682
7900000 1514.12 997.186 926.814 -291.161 183.569 -516.474
8000000 1290.92 2207.61 167.295 143.771 -155.694 -571.869
8100000 1285.07 1371.46 1284.67 229.684 -86.8079 -480.868
8200000 993.349 1678.83 1524.76 -67.3357 103.238 -502.455
8300000 1286.81 1335.9 1309.4 107.054 -5.51912 -215.126
8400000 1106.19 1902.51 845.889 91.7212 208.132 378.621
8500000 140.087 1618.21 1415.16 175.558 122.62 -194.371
8600000 762.578 1412.96 1450.81 197.669 -217.864 -313.341
8700000 1039.35 1055.8 1084.1 -86.2067 63.6146 79
8800000 894.592 1554.64 1236.93 119.271 45.7275 164.747
8900000 761.854 1786.5 1242.28 -78.1168 159.963 -67.044
9000000 808.677 1704.61 1237.5 -106.405 261.309 -286.277
9100000 827.201 1593.59 1438.8 196.448 259.724 82.9699
9200000 720.016 2012.38 1446.75 -91.7413 -8.82927 -328.443
9300000 906.092 1310.91 1688.83 -92.1841 355.172 -29.0935
9400000 695.21 1533.41 1063.7 -390.792 -199.895 -397.211
9500000 959.906 1751.85 1682.85 -332.177 -101.035 386.129
9600000 447.546 1779.95 1836.48 -111.564 149.528 12.9069
9700000 270.157 2160.44 1848 -115.884 -384.135 347.727
9800000 186.891 1606.49 2081.08 225.592 12.0291 392.791
9900000 348.783 1350.45 2185.64 74.2137 265.568 146.534
10000000 966.997 1710.9 1589.11 88.3821 459.912 654.252
10100000 103.555 1374.06 1868.23 -304.937 48.2527 445.889
10200000 319.239 1948.84 1819.19 -53.5616 -92.0342 62.0345
10300000 631.999 1993.28 1438.05 -210.286 -239.92 635.234
10400000 319.702 1930.45 1767.49 451.751 245.16 522.215
10500000 148.348 1562.79 1980.68 -58.9636 102.034 282.04
10600000 558.976 1688.83 1003.21 -314.553 -169.679 77.8154
10700000 149.199 1811.97 1151.46 -150.129 385.063 -298.79
10800000 767.892 880.419 1296.6 386.781 -69.7294 -165.868
10900000 241.916 1504.65 1576.87 282.047 351.289 -119.95
11000000 196.388 1321.46 1460.59 144.78 405.129 -253.962
11100000 476.488 1478.78 1541.55 205.278 -27.6417 -360.333
11200000 561.646 1503.82 1486.12 79.0055 -171.981 68.4321
11300000 210.57 1301.11 1491.46 122.767 10.2745 89.3065
11400000 562.486 1707.87 1314.25 -72.8867 51.2807 110.925
11500000 91.0611 2165.95 693.833 -106.893 267.007 104.983
11600000 250.19 1736.11 1172.4 -80.2387 249.946 89.1114
11700000 144.093 2014.51 697.764 -304.87 -3.58806 -52.0821
11800000 302.397 1476.04 821.557 -196.003 149.255 -302.888
11900000 942.39 1495.27 715.869 119.774 420.099 67.1672
12000000 921.133 1900.47 1576.62 113.968 266.636 -270.846
12100000 445.166 1380.32 1184.94 -347.602 380.118 -280.672
12200000 301.291 1601.78 1485.26 -311.95 -33.5355 16.0812
12300000 396.538 1034.19 1159.05 444.565 424.245 206.362
12400000 767.143 1255.68 923.725 21.6959 376.079 -69.745
12500000 930.872 969.075 606.885 334.666 -54.625 -570.641
12600000 1131.17 973.177 640.432 115.918 -31.0935 -35.1873
12700000 652.213 850.815 1414.44 593.314 303.037 -200.621
12800000 1234.37 909.544 1086.63 216.868 368.469 -23.2
12900000 816.277 981.422 751.697 -54.0762 230.969 -101.411
13000000 1023.77 1124.59 1101.52 371.688 -61.3247 -94.2559
13100000 665.062 1340.71 1484.78 23.0232 -107.838 -365.861
13200000 1351.18 1462.06 1052.15 -362.192 -106.327 103.091
13300000 662.743 1414.37 901.934 169.426 -105.032 272.68
13400000 1080.5 1028.74 799.063 338.457 -12.6984 188.349
13500000 1302.01 1431.18 802 490.58 -146.642 70.4637
13600000 1013.5 1279.67 910.786 113.447 267.894 -281.601
13700000 1251.17 1310.8 854.008 126.708 -133.35 49.075
13800000 1258.68 1357.88 -28.1635 -108.822 129.998 271.325
13900000 1717.48 951.252 649.736 585.062 323.283 279.347
14000000 1717.45 847.748 626.544 266.979 -89.8292 -16.6158
14100000 1650.25 164.079 1149.06 -277.631 352.022 -1.62279
14200000 1706.24 986.19 1010.18 -221.002 -307.58 -367.201
14300000 2040.44 253.678 504.093 247.074 -6.5213 20.5122
14400000 1633.58 90.7849 712.081 -237.993 -173.712 -166.692
14500000 2098.35 412.058 590.532 9.39467 73.291 313.593
14600000 1882.19 333.221 756.076 331.82 178.043 432.382
14700000 2289.68 667.282 994.314 54.4349 -16.8841 -194.175
14800000 1892.56 305.417 329.195 -84.2003 -19.0179 288.125
14900000 1714.06 589.805 556.199 -63.758 149.663 -81.9145
15000000 2237.95 1186.76 596.33 -94.8123 -170.91 265.628
15100000 1986.55 948.34 260.487 374.23 142.716 112.466
15200000 1797 469.398 16.2827 386.665 186.896 284.567
15300000 2075.72 793.517 55.6177 -146.387 91.269 -2.0314
15400000 2118.19 731.802 141.202 -19.3894 129.206 -132.873
15500000 1756.47 955.701 939.434 -309.576 -273.511 123.579
15600000 1955.15 705.394 431.739 234.161 -112.235 -41.4367
15700000 2029.3 304.344 53.8107 -526.409 105.691 -339.444
15800000 1808.16 1002.63 370.892 -224.673 -64.532 -304.516
15900000 1573.99 429.883 979.401 139.21 -158.467 -382.852
16000000 1724.46 630.336 817.205 -473.912 -186.996 -11.4539
16100000 1572.25 274.726 -149.011 325.767 57.457 -79.555
16200000 1608.38 587.336 281.54 343.685 -259.518 -227.331
16300000 1756.38 658.275 851.699 391.955 -60.7632 -347.569
16400000 1876.04 952.862 618.958 154.928 314.488 -53.5018
16500000 1301.96 1039.98 155.034 161.949 -62.202 39.858
16600000 1662.73 655.249 447.891 216.028 -70.5414 255.847
16700000 1733.47 1374.31 480.144 -739.955 241.406 146.565
16800000 1567.95 898.663 635.345 140.964 157.467 -479.929
16900000 1165.59 1373.34 1084.68 -265.684 347.705 116.809
17000000 1816.37 782.21 271.476 -379.469 -92.1904 -395.752
17100000 1885.7 770.589 1049.12 -385.483 -125.554 -97.885
17200000 1410.07 -57.3402 516.379 -296.376 274.567 -239.915
17300000 1946.23 429.227 640.512 -6.50705 -19.6759 3.5725
17400000 1444.4 615.422 641.955 30.1936 457.54 -101.757
17500000 1591.23 711.821 1177.59 -116.856 -67.4451 177.851
17600000 1206.17 1078.13 738.165 -20.7619 -44.6691 -331.682
17700000 874.989 884.406 894.886 -51.1469 108.996 -4.92224
17800000 1074.53 720.399 758.864 8.6518 47.6406 -378.707
17900000 982.958 628.288 926.46 -9.83237 119.383 -155.32
18000000 1532.46 1108.82 319.2 -197.681 144.864 -119.602
18100000 374.952 591.47 650.224 128.817 -58.66 -34.3161
18200000 1083.8 921.027 967.359 -97.968 43.2564 -229.021
18300000 697.155 719.518 544.38 -392.023 -137.179 -161.835
18400000 417.693 883.385 702.448 -56.9788 -250.376 164.18
18500000 -34.187 1167.51 1147.82 -121.552 38.2119 -105.781
18600000 381.351 1423.48 698.432 214.607 396.032 170.257
18700000 582.423 1023.92 760.965 98.5461 -260.846 14.3273
18800000 288.104 1086.91 778.774 291.36 -35.4114 280.559
18900000 223.172 1329.42 1206.25 -0.0279701 268.174 -41.2259
19000000 680.201 1295.02 826.267 158.786 21.5829 291.466
19100000 360.09 810.424 1441.85 88.3336 -23.3215 103.71
19200000 -177.579 1533.62 1766.33 -293.848 152.197 -15.1828
19300000 97.2365 948.914 1521.07 -348.336 217.317 72.3276
19400000 252.307 1667.36 1115.14 -11.3229 408.945 185.764
19500000 140.323 1831.68 1370.33 -126.527 86.2467 -165.791
19600000 -26.3227 2084.89 1154.05 -93.1018 256.105 201.01
19700000 -487.432 1598.68 1775.73 -128.693 14.5304 86.3915
19800000 -499.228 1670.5 1459.04 -196.963 49.5329 89.0287
19900000 616.927 1750.8 1245.37 114.865 -57.2275 -295.808
20000000 -222.967 1160.24 1131.48 -412.922 97.2429 14.3579
20100000 294.68 1355.01 1181.96 219.731 -529.025 -167.199
20200000 -94.7573 2011.19 808.515 288.439 -433.28 162.189
20300000 871.21 1543.48 1281.89 -221.806 -59.9881 31.2117
20400000 327.38 1257.71 2061.41 208.936 -8.65262 -322.191
20500000 -254.378 1560.84 1809.08 26.2862 -616.39 -617.022
20600000 346.313 797.458 1726.73 -250.126 -671.353 -162.777
20700000 8.20035 1723.86 1295.42 170.001 295.329 -462.251
20800000 290.166 1898.31 1293.53 450.628 -453.614 -533.663
20900000 273.195 1962.45 1098.74 -22.4609 -471.455 106.85
21000000 205.325 1932.5 1419.48 52.1751 -26.2105 -399.285
21100000 139.702 1242.6 744.167 -295.209 -78.8001 -4.28295
21200000 -11.7177 1238.14 1542.33 59.3483 -359.965 -119.132
21300000 130.398 1347.17 1275.31 85.6917 126.994 7.35734
21400000 626.374 1602.36 422.927 -135.092 80.5329 -470.43
21500000 404.333 1885.51 555.069 347.988 161.086 82.524
21600000 258.605 1452.6 898.793 -25.1189 -154.424 213.047
21700000 416.111 1424.31 1119.44 87.0125 33.508 439.098
21800000 152.947 1637.03 1629.99 -100.499 28.9219 -25.9361
21900000 745.262 1653.51 1018.45 -47.678 257.472 99.622
22000000 42.3008 2171.23 1441.04 -267.552 184.971 84.5534
22100000 -114.725 1671.31 1520.22 -110.493 43.297 -151.157
22200000 424.59 1703.58 1408.24 114.85 79.8069 246.469
22300000 228.367 1376.09 1232.93 146.145 193.309 74.3733
22400000 703.085 1602.21 1543.34 172.206 -111.102 102.483
22500000 1020.01 1436 600.774 21.401 235.23 -124.057
22600000 197.105 1630.42 974.074 477.867 -159.008 -129.089
22700000 983.71 1621.22 939.277 183.51 -243.311 244.596
22800000 688.466 1061.39 565.991 59.284 -62.9119 -254.626
22900000 1096 1862.26 140.114 228.982 402.491 72.6911
23000000 443.609 1898.46 1107.98 -2.55545 554.806 145.318
23100000 961.263 1189.71 1292.43 -15.5671 129.054 -166.183
23200000 1134.38 1378.75 1268.94 -243.051 -182.433 557.733
23300000 1206.26 755.35 1443.25 -135.626 -161.447 4.09731
23400000 1039.26 1477.32 460.475 -184.586 489.578 333.296
23500000 924.457 1459.91 595.908 82.4846 108.208 581.171
23600000 526.452 953.306 775.07 -280.87 408.7 375.289
23700000 1108.67 908.909 1368.8 2.18996 -390.774 300.766
23800000 1107.02 1598.31 908.884 45.4187 -149.03 -128.021
23900000 1524.24 1226.95 1082.71 305.784 460.113 -131.776
24000000 1098.66 791.393 780.751 152.192 -610.906 28.1684
24100000 1360.22 1209.61 804.139 -226.257 -39.0462 -70.3897
24200000 1647.63 631.486 979.101 -243.636 -252.505 -75.2112
24300000 1756.14 1349.23 406.309 -91.8688 -139.007 -187.378
24400000 1899.48 811.541 1013.46 356.472 -521.175 141.766
24500000 1704.36 806.575 760.962 283.049 -111.812 -149.456
24600000 1632.53 1094.39 586.721 -116.259 226.614 -198.988
24700000 2195.34 730.029 602.375 -193.033 -41.4303 -88.848
24800000 1306.72 638.06 -159.69 33.0004 -63.6706 -101.901
24900000 2446.15 258.889 1084.4 166.695 -362.639 -289.832
25000000 1401.16 156.12 796.738 -163.489 59.7842 73.0229
25100000 1899.58 387.161 876.85 -97.1505 -173.254 -39.3438
25200000 1539.52 299.092 414.336 -476.616 -728.886 -349.39
25300000 1804.38 152.712 90.4854 49.8739 -111.518 -148.564
25400000 2393 -240.605 741.813 -63.2363 -702.643 108.313
25500000 1568.7 539.606 75.3349 207.706 153.805 328.381
25600000 2538.17 460.072 116.61 140.681 -146.205 172.46
25700000 1802.48 707.319 406.194 -241.471 -125.483 -627.619
25800000 1370.52 644.378 97.3573 54.6732 42.014 10.1708
25900000 2714.03 117.382 383.153 177.136 34.1352 103.97
26000000 1934.64 -141.95 601.178 404.27 -133.202 33.5181
26100000 2205.48 -82.3159 796.921 88.347 75.9296 157.474
26200000 1822.34 638.812 584.68 -47.455 -316.022 479.238
26300000 2283.25 2.88919 895.345 -155.731 -14.7233 78.2491
26400000 1869.6 -14.1752 742.33 288.538 -427.333 -111.467
26500000 1506.41 611.154 200.532 121.126 -319.352 153.611
26600000 2250.06 79.8331 657.649 -224.691 -20.9022 155.838
26700000 2238.09 44.241 639.627 -208.209 97.1165 -349.711
26800000 1772.46 -103.797 430.684 173.402 92.363 233.773
26900000 1428.95 120.664 813.845 244.933 57.6013 -189.141
27000000 1934.43 -58.6209 549.347 142.161 -269.498 221.59
27100000 2314.81 427.654 362.17 387.371 38.4147 237.669
27200000 2378.61 99.4537 728.346 -323.009 -351.514 -70.1784
27300000 2096.87 137.753 375.523 254.06 271.512 171.608
27400000 1400.39 995.487 207.326 685.606 267.754 -62.7424
27500000 2020.78 111.431 510.005 -177.379 -218.704 521.218
27600000 1585.54 298.167 1510.17 152.925 -122.904 92.2815
27700000 1848.53 1073.45 1041.86 51.6205 -154.095 -268.131
27800000 1740.1 603.056 707.632 67.4522 -232.02 -30.3094
27900000 1141.07 701.957 222.969 312.657 -281.475 -758.613
28000000 1037.3 975.17 698.923 -213.74 164.142 -5.42588
28100000 1668.07 402.012 531.186 -348.336 -271.248 -48.4295
28200000 1101.63 1145.48 1037.93 -115.554 277.315 23.3861
28300000 1229.23 1009.35 445.582 -12.8037 -402.922 37.0823
28400000 648.183 1046.99 1659.61 309.857 -340.324 -167.184
28500000 802.442 668.835 918.605 193.088 74.6011 -283.554
28600000 958.37 1109.79 1077.8 -22.0894 -305.584 -320.196
28700000 912.183 1420.1 711.037 69.6634 191.71 -55.1614
28800000 804.84 1237.57 1556.32 -246.715 -69.3172 146.948
28900000 455.767 1813.23 1240.51 116.872 -323.62 -10.1027
29000000 570.826 702.881 1171.82 -15.9997 241.788 17.8314
29100000 -258.451 1060.96 1491.04 65.8242 -88.4131 -109.928
29200000 243.633 1739.23 1383.99 105.237 107.426 213.441
29300000 418.78 1352.78 1537.46 -68.5903 59.0107 113.236
29400000 -148.348 1523.44 1690.11 60.5435 -146.88 77.7027
29500000 -263.2 1145.76 1750.92 -214.353 39.5395 -29.6529
29600000 247.445 1244.26 1459.41 -262.494 -41.949 429.647
29700000 -259.877 1648.15 1186.84 -139.305 -392.792 277.707
29800000 -21.8336 1250.11 1290.29 174.592 -419.812 363.865
29900000 403.424 948.831 1782.27 278.848 -880.029 271.934
30000000 15.2877 1230.71 1681.9 340.446 -329.13 522.868
30100000 -221.78 989.222 1895.65 91.1203 -256.353 318.829
30200000 -164.932 1428.45 1491.67 -218.314 -77.797 -80.4545
30300000 -187.799 1326.32 1868.6 322.251 -104.287 245.809
30400000 -85.497 1571.3 1219.55 -570.401 131.792 -353.722
30500000 -371.045 710.011 2173.87 184.526 -399.391 521.817
30600000 -327.739 1388.05 2113.42 -246.958 -176.377 374.657
30700000 80.7477 1012.03 1787.25 12.8895 -59.2066 209.034
30800000 -365.79 1249.8 1795.54 -118.531 -71.8752 -160.855
30900000 -360.814 2244.4 1553.3 -223.062 -32.0035 -120.659
31000000 -97.9771 1591.38 1700.2 -228.942 -251.866 309.515
31100000 71.7378 1515.12 1824.51 113.853 170.781 -192.641
31200000 246.39 1452.07 1753.2 114.471 76.5726 77.479
31300000 -571.674 1385.02 2045.8 -520.641 95.4009 -142.524
31400000 -307.265 1312.6 1855.53 -333.18 -612.893 -90.2227
31500000 -608.68 1249.13 2108.57 -109.432 69.7097 161.637
31600000 -731.669 1783.99 1975.59 -566.912 -34.2002 218.005
31700000 -133.357 1174.33 2140.41 -168.354 -125.062 46.4884
31800000 46.0093 845.686 2046.21 374.1 62.6657 285.782
31900000 -424.243 1323.43 1873.79 -179.61 418.162 80.7671
32000000 -143.435 1075.8 1577.33 -179.386 -34.0588 511.568
32100000 245.215 1264.4 2057.87 -326.145 356.052 374.391
32200000 402.781 724.47 1561.78 -161.061 -172.986 262.991
32300000 756.815 935.196 1447.47 210.581 263.32 233.72
32400000 106.99 1763.6 1441.24 -92.1603 -108.982 -56.9048
32500000 232.525 1220.81 1678.49 -99.2717 -20.9594 -105.278
32600000 398.156 1621.84 1386.62 122.406 66.4344 -211.299
32700000 629.492 1425.94 1089.41 -13.2098 830.297 14.998
32800000 583.044 946.923 1998.99 -169.419 702.055 -278.069
32900000 430.638 898.055 1347.88 -429.594 108.426 -64.3147
33000000 1043.89 760.513 1526.23 -124.602 -102.976 -420.712
33100000 983.199 719.643 1423.41 314.349 406.77 239.208
33200000 403 923.155 1363.85 -136.175 281.602 305.694
33300000 306.949 930.535 1634.05 102.089 -16.4569 -130.732
33400000 431.802 1014.08 1302.77 -200.194 -18.4536 144.39
33500000 821.443 900.066 812.325 176.516 -290.603 -61.6373
33600000 968.238 1112.42 1413.08 49.9987 -333.437 115.701
33700000 914.724 488.852 1110.06 -368.624 287.066 -337.599
33800000 1610.04 420.827 798.594 105.871 187.41 5.84441
33900000 1455.77 428.752 1393.02 -156.644 595.668 -127.177
34000000 1660.66 574.594 566.879 -204.267 350.105 214.378
34100000 1834.22 371.51 962.118 -240.188 718.224 -137.75
34200000 1315.38 634.438 882.863 -339.061 94.2861 196.503
34300000 1655.28 402.163 778.331 153.656 100.207 61.7053
34400000 2131.16 305.885 670.108 -57.7918 119.865 -11.2139
34500000 1392.95 630.855 631.24 -175.679 132.315 108.74
34600000 1938.54 274.241 130.332 34.2315 -276.721 -8.0519
34700000 2241.96 61.6436 799.804 217.469 -46.2129 31.0174
34800000 2102.6 205.517 634.168 -21.209 144.738 -311.324
34900000 2041.07 235.977 -2.22792 -207.264 24.8374 -376.601
35000000 2404.85 225.112 470.094 3.79015 -27.2765 -181.342
35100000 1811.64 596.587 100.768 -295.093 33.2127 -406.072
35200000 2289.24 -214.076 96.0244 297.413 -317.154 -158.903
35300000 1933.06 291.846 885.559 -77.9533 -360.77 -674.983
35400000 1823.39 282.764 1092.24 36.9106 49.5574 -291.502
35500000 2398.87 168.921 622.072 500.04 166.129 -379.997
35600000 2083.45 365.62 378.364 -222.302 150.89 -268.579
35700000 2401.08 409.481 -203.032 -134.617 -281.874 -97.8056
35800000 2151.71 -16.7776 255.926 112.115 248.57 -39.618
35900000 1853.22 363.219 927.86 326.306 -161.898 -186.831
36000000 2211.01 497.313 748.495 181.428 260.094 -452.183
36100000 2119.5 366.959 763.795 253.866 -312.15 36.521
36200000 1917.34 261.66 783.694 -133.615 118.792 248.052
36300000 1668.03 277.073 320.612 6.66423 40.2055 177.96
36400000 1803.13 310.347 610.398 -244.315 -340.388 -464.551
36500000 1800.69 367.555 1177.52 -378.282 550.92 -358.302
36600000 1676.43 -471.5 456.276 103.694 41.5091 50.5482
36700000 1595.48 441.897 924.539 -65.916 216.451 223.268
36800000 1809.93 -182.225 1019.58 -45.2981 131.972 -338.311
36900000 1515.57 605.337 1064.62 132.103 191.517 138.259
37000000 1790.87 641.86 658.242 -4.28162 263.447 -331.554
37100000 1591.41 146.408 545.302 52.2069 343.186 -128.015
37200000 1402.48 843.672 112.274 142.045 25.3828 -168.473
37300000 2053.03 593.155 991.487 133.928 -141.93 479.736
37400000 1684.81 782.996 712.434 18.314 -37.7367 -161.937
37500000 1655.06 245.89 936.155 -286.184 -62.5278 -138.802
37600000 2008.23 519.312 457.709 -284.254 18.602 -170.759
37700000 1789.22 122.277 717.154 -144.741 -36.4403 -50.2358
37800000 1606.11 225.667 1126.2 -103.214 -425.921 -71.6398
37900000 798.97 849.424 1178.55 128.973 -20.2375 -109.677
38000000 1268.74 1083.11 639.618 315.424 139.656 -123.624
38100000 1223.81 733.347 1069.41 -29.1494 -144.082 -427.382
38200000 1157.3 1189.1 448.737 -13.9528 292.041 93.1741
38300000 724.735 298.926 1478.3 73.499 -404.26 168.651
38400000 1058.67 1321.55 1270.42 -312.888 -162.026 98.2466
38500000 1108.14 974.114 1547.36 77.6922 -117.164 -447.409
38600000 505.104 882.038 1408.55 300.442 -234.141 487.626
38700000 700.271 1205.79 1272.05 -297.363 -378.809 77.4813
38800000 194.261 1386.1 903.571 247.987 -50.6409 40.5317
38900000 399.363 1941.22 896.344 427.894 -261.709 215.894
39000000 783.927 1372.28 1514.59 173.218 -432.459 57.313
39100000 378.329 1556.11 1336.97 -43.7809 -54.8031 -90.0866
39200000 751.653 1199.59 2097.99 -250.727 -27.4288 -277.907
39300000 622.58 1335.2 1631.16 25.6729 -129.883 -335.632
39400000 710.675 1044.8 1341.5 -45.3719 91.4098 41.6886
39500000 742.479 1074.15 1364.97 134.859 107.646 345.132
39600000 303.193 756.858 2030.02 345.177 -414.09 68.365
39700000 576.57 600.097 1240.89 272.124 -129.587 -37.7027
39800000 897.608 1124.36 1174.34 97.2642 -70.482 -204.405
39900000 410.293 1495.86 1668.79 -271.383 391.685 -104.972
40000000 -61.0986 1986.01 877.362 -500.184 -118.392 -55.5293
40100000 602.143 1796.11 1373.14 -176.733 -132.479 -382.711
40200000 -247.564 1500.3 655.704 74.7351 -292.435 161.624
40300000 -227.926 1465.92 1277.72 -203.282 -26.9936 -322.491
40400000 -233.842 1671.83 1613.78 -80.5445 34.0023 -56.7681
40500000 525.322 1115.54 840.339 -142.728 -110.553 363.972
40600000 -35.8233 1312.59 1535.21 -451.332 -341.136 -121.465
40700000 164.553 1619.99 1125.73 1.2208 -321.352 -199.594
40800000 253.463 1192.53 1216.09 -559.202 139.701 -85.3748
40900000 126.919 1629.78 1679.44 -97.6053 -43.8573 -2.89979
41000000 400.373 1616.28 1306.95 -130.993 -247.186 -126.121
41100000 250.57 1439.6 1441.52 -347.117 118.013 -427.776
41200000 7.07774 1616.08 1825.65 -367.405 266.613 266.565
41300000 4.19323 1495.42 1116.31 74.4517 72.3696 31.0693
41400000 -337.876 609.31 1013.12 -29.6741 -143.71 206.976
41500000 -680.882 635.323 1598.93 -244.247 -185.329 -202.608
41600000 432.639 1163.71 935.405 -26.0361 349.293 -229.801
41700000 263.391 1362.5 1406.31 -153.05 -182.354 39.6089
41800000 -133.658 1243.9 1179.85 203.622 179.479 275.429
41900000 -28.614 1653.27 1239.34 -53.3606 -4.50627 -67.1298
42000000 3.63065 1709.13 1616.79 -215.852 -402.515 -25.4821
42100000 552.122 1688.72 964.826 -232.598 -124.668 -243.375
42200000 -198.403 1206.27 1203.22 -107.376 -253.23 -163.99
42300000 835.941 1422.97 902.38 180.145 -269.114 156.112
42400000 397.129 1319.08 864.774 -190.669 58.2148 -165.675
42500000 432.992 1769.21 721.862 -32.9413 245.676 -68.8307
42600000 725.001 1378.38 1532.97 39.6189 104.838 9.19274
42700000 564.122 1542.16 922.611 562.689 25.2325 48.0695
42800000 717.02 1240.08 861.638 204.92 -272.616 285.581
42900000 119.057 777.4 1122.17 87.093 -238.348 336.061
43000000 731.694 1441.18 86.652 -110.792 -506.886 322.794
43100000 884.862 1164.71 239.427 -119.502 -311.222 43.5815
43200000 1117.86 1367.32 845.766 -10.7907 -519.344 155.554
43300000 1015.45 883.189 804.172 -280.017 -16.5686 -117.163
43400000 1070.77 1142.44 1165.65 -194.033 63.0159 314.534
43500000 841.318 1052.46 963.365 87.9771 -366.987 -45.0084
43600000 1732.63 684.794 937.832 139.938 -320.473 152.14
43700000 1228.68 1007.65 450.369 338.071 281.263 -40.8915
43800000 1352.59 770.339 860.071 257.785 196.13 -71.1453
43900000 1647.71 551.254 856.04 420.808 40.3523 -45.8906
44000000 1567.34 620.412 982.063 601.446 -30.6116 -136.052
44100000 1694.36 489.18 1360.88 -18.2918 194.023 155.464
44200000 1145.69 664.542 949.973 204.33 -446.587 419.449
44300000 1550.03 409.11 701.924 -800.759 459.567 -186.273
44400000 1505.68 841.914 409.143 -450.969 -27.6827 301.489
44500000 1255.85 122.603 987.598 291.019 -59.8378 425.538
44600000 1320.34 621.477 826.379 127.011 90.5869 206.968
44700000 1327.68 1056.72 -6.46783 -42.2173 32.8288 228.749
44800000 1690.33 479.977 1062.5 267.35 140.586 13.6719
44900000 1286.35 739.196 597.915 55.6347 7.53113 129.508
45000000 1594.12 570.215 450.032 5.40581 -58.133 163.402
45100000 2219.59 597.832 620.732 66.4682 -267.378 160.339
45200000 1932.19 690.936 309.975 116.859 -166.38 177.723
45300000 1497.36 460.848 722.833 -36.4584 138.35 -12.3524
45400000 1985.24 1187.66 743.125 -318.512 -272.93 354.592
45500000 1339.77 1145.95 522.996 -170.235 -212.998 564.122
45600000 1440.23 719.835 651.917 158.501 -91.4128 356.353
45700000 1692.67 359.078 112.538 -352.593 -303.769 68.7409
45800000 2250.36 233.15 439.585 -35.1843 -551.165 -98.9737
45900000 2130.4 654.816 135.838 -192.391 -190.569 140.907
46000000 2036.44 457.686 448.883 80.9882 -578.728 -238.394
46100000 2068.27 1332.64 632.419 240.34 -362.402 405.048
46200000 1641.07 801.069 861.214 -212.624 -241.627 598.412
46300000 1513.76 972.576 595.115 253.941 78.9158 -109.531
46400000 2365.46 928.892 383.6 69.9012 -131.443 509.145
46500000 1903.52 551.558 329.727 -23.1346 -635.395 232.125
46600000 2104.22 528.73 905.022 105.12 -524.652 102.383
46700000 2346.53 378.493 479.838 197.048 248.302 -93.8118
46800000 1774.28 863.379 373.377 61.8112 -135.567 54.0079
46900000 1711.87 729.563 445.05 62.6102 -346.107 -113.395
47000000 1861.17 875.287 755.409 196.085 -239.406 432
47100000 2272.22 -0.255395 679.554 289.665 372.967 375.032
47200000 1558.31 778.741 947.936 -131.371 419.094 178.554
47300000 2132.74 558.474 691.103 287.61 266.606 186.512
47400000 2076.43 390.209 525.274 538.287 -135.482 -25.8217
47500000 1422.32 770.533 1132.95 136.014 91.4483 -136.938
47600000 1748.91 573.102 610.121 -155.304 -4.46919 -309.341
47700000 1138.27 983.961 1275.1 -133.428 -238.913 -22.3985
47800000 1674.57 602.031 1037.9 -47.1642 -295.015 -29.6012
47900000 837.579 859.754 829.726 300.966 -27.487 85.2102
48000000 1041.14 506.429 1112.59 -94.1465 -83.2054 87.9052
48100000 504.12 390.374 1310.84 -438.915 -431.541 71.1618
48200000 1201.36 1006.29 970.843 -444.752 -374.315 -108.215
48300000 317.413 1197.97 1282.27 138.056 -324.424 -89.6255
48400000 742.573 1125.32 1055.64 93.3399 -405.269 194.397
48500000 774.708 1279.56 1213.27 -90.5213 -254.325 375.488
48600000 1293.77 988.868 867.895 -53.9572 -314.288 290.198
48700000 1012.19 665.623 1038.66 -149.899 -208.753 276.921
48800000 1105.61 740.373 1476.6 2.52156 71.1478 35.042
48900000 1004.77 711.236 1033.93 105.66 0.510928 197.65
49000000 343.079 1254.1 1200.52 170.11 303.401 498.172
49100000 743.641 1241.56 998.381 169.631 121.023 471.818
49200000 229.902 1722.23 1318.25 -66.1279 -221.055 251.07
49300000 413.888 1339.97 1429.78 550.611 -252.645 -29.6549
49400000 -544.438 1660.41 1613.36 379.193 4.12961 -129.22
49500000 -73.4713 1200.05 1096.7 -315.368 101.212 298.479
49600000 260.824 1818.31 1630.91 -22.6909 -395.267 231.541
49700000 -62.4906 1096.93 1340.55 -178.514 -176.068 196.258
49800000 -453.935 1749.11 1649.11 122.16 -96.2222 80.162
49900000 -95.464 2095.55 1197.79 -201.804 51.041 -68.9641
50000000 126.612 1458.93 1809.44 -362.983 538.651 15.2409
50100000 -224.393 1440.55 1683.14 -183.521 90.8333 -253.662
50200000 -302.35 1830.09 1265.11 -336.853 52.4003 -123.46
50300000 -612.655 2349.22 1598.21 -104.35 -127.735 159.526
50400000 154.639 1583.33 1795.51 71.9606 360.55 -363.736
50500000 -229.762 1385.55 1347.11 26.765 155.589 133.209
50600000 -43.6596 977.986 1584.74 -496.587 215.292 -615.373
50700000 -357.141 1667.04 1499.74 -197.927 225.288 -283.482
50800000 304.687 1707.08 1523.06 -120.117 138.058 -215.028
50900000 322.881 1350.89 1878.51 -53.0394 -178.167 -305.549
51000000 7.38503 1486.24 1899.25 32.7248 236.527 -328.526
51100000 -135.467 1491.4 1405.14 -59.3774 40.4729 79.9748
51200000 418.694 1539.36 1710.85 -70.5571 -195.923 25.3677
51300000 322.138 1573.34 985.687 33.3988 87.2206 -162.092
51400000 -256.386 2088.86 1232.19 -174.205 -59.4675 -290.908
51500000 -136.518 1550.48 1802.96 45.9765 39.2375 -372.228
51600000 121.995 1537.72 1202.02 324.269 -255.602 -157.806
51700000 339.703 1444.64 1925.39 53.1894 234.284 168.876
51800000 383.994 1273.73 1430.14 124.474 -14.3782 -112.571
51900000 -273.194 1379.74 1278.15 -89.5687 104.634 -270.061
52000000 57.8105 1345.93 1787.23 150.04 425.627 -226.071
52100000 493.485 1388.21 1103.37 -143.41 -42.3431 -91.338
52200000 535.591 1973.6 1231.31 -178.034 281.271 109.836
52300000 -307.568 1986.38 1387.67 -3.22509 -105.289 -109.642
52400000 -35.2487 1443.29 1273.04 -482.706 -8.88353 -188.666
52500000 155.465 1190.01 672.468 123.948 177.009 383.852
52600000 289.384 1129.14 912.367 -206.291 380.729 -146.204
52700000 462.475 1289.83 1393.99 -117.856 164.11 -192.983
52800000 596.112 1659.76 881.678 -362.127 133.685 -255.672
52900000 923.951 1708.63 1261.78 -251.56 198.369 17.5591
53000000 359.262 1086.16 885.263 -404.568 564.396 -78.7704
53100000 524.666 1380.56 1511.47 -37.7802 272.368 -309.54
53200000 744.964 662.757 1514.03 -266.108 286.921 -72.4942
53300000 543.592 659.551 1388.92 -498.472 345.061 333.991
53400000 876.895 1389.58 1140.19 -449.864 -103.311 127.785
53500000 675.159 982.211 1398.72 -55.7805 240.679 86.0151
53600000 1502.47 728.072 1213.52 -71.8474 337.671 174.804
53700000 1249.38 1537.53 917.096 -110.03 73.7632 -29.2547
53800000 1723.48 1057.57 541.716 -107.35 -67.8304 22.8904
53900000 1000.92 1757.98 1294.18 292.014 25.6799 55.1919
54000000 1569.22 865.947 1153.48 140.186 275.028 212.57
54100000 1408.53 1238.39 1366.87 184.835 -31.0869 -99.6514
54200000 1506.82 1073.4 1017.55 9.91703 183.03 -94.6594
54300000 1659.64 980.055 666.294 195.973 66.6674 145.699
54400000 1520.47 1089.3 607.74 153.44 -303.29 -163.77
54500000 1436.57 1499.31 677.239 211.378 -309.433 4.99188
54600000 1704.81 751.286 552.387 92.0371 -490.127 167.172
54700000 1222.63 940.73 442.539 341.049 -257.837 156.138
54800000 2001.44 803.768 584.999 168.798 -438.123 -448.72
54900000 1816.95 1221.4 718.228 534.337 -8.35125 324.628
55000000 1310.51 1339.12 1163.4 75.6248 -279.363 90.7681
55100000 2418.24 1045.5 277.247 371.892 264.562 171.504
55200000 2031.38 434.513 972.325 30.3726 278.054 -138.705
55300000 2156.69 297.118 531.225 63.9804 128.566 389.077
55400000 2091.44 77.0575 963.285 -179.934 -29.6201 -168.929
55500000 2259.11 499.36 425.591 -305.1 324.777 -56.1599
55600000 1930.77 572.756 799.532 168.08 238.018 521.351
55700000 1868.54 263.83 473.368 87.9205 618.47 -199.821
55800000 1941.27 1037.37 476.888 130.912 376.443 151.408
55900000 1941.42 422.055 353.661 261.151 440.905 -149.202
56000000 1927.48 1045.67 329.099 -174.751 395.46 -208.769
56100000 1338.6 886.042 1290.71 249.139 -163.342 -33.4903
56200000 2327.82 472.545 1032.92 -168.15 -156.572 -349.642
56300000 2130.39 1044.09 728.808 8.8167 106.471 154.18
56400000 1451.54 1093.51 936.969 216.473 417.215 -84.1322
56500000 1956.6 719.132 193.929 -45.7569 153.473 -45.6712
56600000 2230.67 107.513 907.788 332.506 -226.231 275.51
56700000 2219.77 298.024 760.782 586.836 244.107 414.08
56800000 1294.88 356.347 1516.22 62.7371 15.7815 393.689
56900000 1812.67 844.901 1536.85 -161.069 -2.50201 51.0459
57000000 1274.23 885.249 806.859 -209.56 3.42859 -168.479
57100000 1443.61 770.41 1016.29 485.516 48.2175 -239.27
57200000 1698.78 934.958 905.554 38.8056 130.197 -76.6925
57300000 1445.16 763.842 753.982 406.611 218.339 184.705
57400000 1995.75 692.39 435.605 67.252 71.2978 47.8599
57500000 1869.29 768.723 513.402 124.768 140.147 -105.107
57600000 1006.49 846.602 645.224 443.86 -46.7674 279.326
57700000 1561.72 560.146 1311.26 -1.46141 209.549 -63.1668
57800000 1410.67 937.682 846.881 321.732 109.071 -280.674
57900000 1309.72 1343.21 523.801 -63.1945 -100.788 -492.067
58000000 1670.48 499.358 1015.49 -107.264 219.393 -94.6287
58100000 1444.35 767.191 982.129 -568.756 -0.445985 299.081
58200000 1056.88 1454.27 1071.78 -190.31 268.623 55.9164
58300000 850.585 1175.31 794.006 -236.044 157.162 -334.605
58400000 232.824 1212.17 851.503 -841.795 452.771 228.17
58500000 793.723 1112.51 1636.08 70.6598 37.2415 -259.869
58600000 523.863 1208.53 924.197 -609.381 -12.1599 -662.523
58700000 790.518 1394.14 1097.93 -216.261 -237.701 -153.673
58800000 333.634 1221.87 932.914 137.222 -174.486 89.1227
58900000 718.861 1019.05 929.664 -235.48 107.269 27.3435
59000000 124.591 1154.71 1070.22 65.7892 34.8498 -180.28
59100000 1035.71 706.282 2063.23 103.402 161.925 -151.822
59200000 600.332 1200.08 1098.93 19.7532 72.1229 266.067
59300000 261.11 1699.07 1713.99 -40.0126 414.008 -170.346
59400000 379.925 1764.21 1057.43 -280.919 -132.802 -52.2247
59500000 -261.507 1035.19 1576.13 -271.103 169.064 -230.486
59600000 -85.3564 1414.89 1424.22 -392.064 457.99 45.0996
59700000 219.901 1337.8 1492.9 -34.7663 420.157 -202.502
59800000 -223.307 851.958 1577.49 234.431 57.9513 -116.017
59900000 -353.261 1824.15 1710.2 8.63398 308.23 -120.294
60000000 431.021 1120.37 1624.12 64.9917 -85.3196 43.7645
60100000 75.1915 1941.17 1834.67 -308.259 229.555 -217.228
60200000 -265.585 1578.88 1972.64 -345.794 527.859 -40.1512
60300000 -154.733 1793.5 2122.3 48.5848 288.033 2.9987
60400000 325.876 1099.76 1089.41 220.632 94.3856 -403.069
60500000 290.047 1986.93 1262.91 -32.1377 82.242 -13.5096
60600000 262.47 1583.19 1343.95 30.4684 209.672 0.725259
60700000 -396.272 1269.5 1553.67 224.538 600.387 -165.509
60800000 101.701 1134.41 978.583 -238.884 450.855 -114.721
60900000 -155.258 1508.48 1224.87 206.271 379.753 134.7
61000000 191.002 1281.7 1858.24 472.593 48.0462 15.1143
61100000 -55.9501 1668.27 1797.38 382.376 232.942 337.685
61200000 -479.585 1739.7 1633.88 257.861 128.891 11.1152
61300000 846.509 1031.14 1177.21 -19.7669 107.649 66.7455
61400000 34.6897 1562.16 1575.48 77.4207 206.219 141.239
61500000 89.6579 1490.01 1459.1 203.559 220.782 -242.149
61600000 541.387 1220.76 1721.34 277.381 175.447 -155.953
61700000 -359.241 1808.29 1694.44 650.021 229.43 83.2098
61800000 -88.1765 1216.7 1683.3 281.593 214.718 95.2686
61900000 -71.0414 1383.05 1024.79 363.947 405.68 -80.3469
62000000 112.829 1570.94 1806.66 259.779 147.339 -28.776
62100000 382.755 1471.15 906.603 255.604 129.531 -64.8541
62200000 641.991 1541.18 659.245 25.6205 75.6187 -34.0257
62300000 490.999 1130.5 824.138 -154.646 -166.919 -156.254
62400000 232.691 1228.11 1309.99 214.772 -251.228 357.945
62500000 328.711 1393.16 1055.16 183.913 283.986 -68.9634
62600000 540.926 1112.01 986.809 190.136 401.117 -23.844
62700000 692.324 1428.72 1364.21 109.453 58.5421 95.0343
62800000 681.504 1375.76 743.261 -493.763 31.5612 -84.1821
62900000 999.822 1244.98 669.787 235.046 341.714 -32.5645
63000000 822.846 1214.29 717.979 -139.359 91.9721 -50.0873
63100000 1347.93 1324.35 551.823 409.397 -209.221 240.897
63200000 1011.07 1097.41 862.286 -114.258 116.456 -45.3258
63300000 1345.96 650.278 867.704 -196.961 96.7859 -195.704
63400000 727.084 1162.4 612.207 135.568 -247.885 79.7909
63500000 1006.71 490.324 445.703 46.7362 51.8712 -347.188
63600000 1309.3 539.394 708.575 48.9059 -130.494 -85.1786
63700000 1180.4 -39.83 733.871 83.6944 54.6324 35.1954
63800000 1627.44 369.047 705.214 311.528 -127.73 -344.706
63900000 1218.7 979.692 745.743 154.301 65.9221 139.897
64000000 1647.97 605.913 528.191 253.875 -315.413 254.102
64100000 1446 658.809 600.895 455.299 1.20203 112.572
64200000 1557.09 685.537 333.468 81.8171 -42.0683 -174.916
64300000 1456.88 874.674 -13.9007 77.2011 -562.062 44.3417
64400000 1653.03 561.176 666.217 -420.833 56.3949 -73.4884
64500000 1550.82 323.549 931.716 -315.177 -178.637 -166.248
64600000 1871.96 881.147 54.5385 56.4469 -167.205 -68.3695
64700000 1399.38 394.72 735.575 154.039 259.44 -41.9268
64800000 1726.7 697.25 1209.13 283.222 -86.8155 226.136
64900000 1961.94 201.418 737.433 14.0476 142.247 -227.454
65000000 1991 940.29 -346.324 -131.558 -283.942 21.371
65100000 2018.76 398.623 481.481 -229.827 -536.472 -196.364
65200000 2189.42 248.258 245.769 -158.541 3.5747 -513.202
65300000 1558.01 665.465 1043.97 -169.497 -37.8632 -280.909
65400000 2400.95 407.04 -14.7194 -317.882 -153.368 48.3296
65500000 1960.54 360.94 130.698 98.0309 -213.276 -52.0117
65600000 1851.08 -42.637 313.941 -459.433 -103.439 -535.037
65700000 1394.19 754.009 271.19 -36.3474 13.8158 -15.5486
65800000 2153.2 497.418 211.497 112.321 152.129 -169.714
65900000 1714.64 1116.21 497.772 -61.4434 127.793 -385.305
66000000 2120.41 528.668 490.605 -121.731 356.51 42.0954
66100000 1486.3 421.655 887.93 -133.429 196.545 51.9917
66200000 2005.95 655.381 462.33 122.542 55.8756 -61.2324
66300000 1402.13 563.507 688.833 -237.667 365.346 7.28439
66400000 1877.62 671.998 984.026 -217.919 286.449 -256.191
66500000 1197.55 787.597 378.007 450.141 537.721 -474.799
66600000 1685.95 338.759 940.425 -105.359 239.096 35.8678
66700000 1322.45 1373.04 328.117 233.604 395.679 -412.308
66800000 1726.66 596.411 899.412 323.046 177.293 -118.696
66900000 1446.91 664.162 1140.7 -61.9365 -234.87 -254.22
67000000 1466.29 852.608 1022.79 380.928 260.989 -219.436
67100000 1523.49 448.161 998.501 25.3489 88.8673 -64.175
67200000 1063.1 1395.69 604.403 -227.406 -129.859 46.3953
67300000 627.793 928.77 1050.43 159.477 357.665 -398.735
67400000 946.035 762.024 989.66 10.2588 121.773 -71.4168
67500000 1169.82 1196.55 449.794 20.9873 271.632 146.911
67600000 1836.43 737.245 499.521 106.487 400.436 -148.147
67700000 1466.93 1062.73 455.131 -149.111 680.058 575.331
67800000 814.606 773.35 493.355 28.3705 169.154 -212.477
67900000 1100.97 1331.51 371.849 85.9225 513.422 -152.624
68000000 518.164 1645.95 1468.94 41.9773 117.08 -209.711
68100000 924.643 912.233 1547.39 -15.5623 6.40612 27.6016
68200000 554.315 801.326 1410.15 263.679 39.3436 -424.981
68300000 1449.42 941.312 1092.57 -62.6869 -43.004 -6.47825
68400000 1272.96 1001.56 932.822 -204.121 -61.8708 27.6344
68500000 1082.82 1089.81 1574.26 -73.083 -67.6899 -71.1422
68600000 876.975 1145.32 1503.03 268.454 58.4119 160.801
68700000 1078.64 817.812 1357.67 263.491 21.325 27.4679
68800000 741.307 540.36 1682.15 -125.909 62.893 305.536
68900000 325.351 1432.82 1147.92 -48.7521 -375.437 68.7435
69000000 1159.03 1432.12 1073.38 -308.074 -125.926 -5.14226
69100000 378.393 943.599 1227.45 191.03 -238.266 -222.9
69200000 676.749 1446.14 1065.82 -110.213 -150.299 -184.109
69300000 324.898 1355.89 1263.66 30.9239 -189.374 343.795
69400000 236.201 1252.67 1218.18 255.131 -137.707 -220.387
69500000 -222.309 1218.54 1204.24 274.188 43.6328 48.6542
69600000 -233.97 1243.85 909.585 457.945 -58.5447 172.471
69700000 179.221 992.285 1324.03 -370.265 312.713 -137.017
69800000 76.9088 1883.69 1724.44 -163.305 -281.658 -62.4185
69900000 -13.8065 1270.31 984.837 -300.555 48.9037 264.61
70000000 -88.2491 1599.24 1066.9 14.8089 -41.4693 -36.1143
70100000 -813.595 1496.84 1625.13 -150.894 -71.0796 -4.80178
70200000 93.0756 1314.29 1456.09 171.427 4.44136 -218.651
70300000 -362.143 1592.9 1155.05 -76.8752 125.9 103.164
70400000 -374.447 1694.27 1546.87 -10.4414 -36.358 442.388
70500000 -84.1881 1028.14 953.331 158.838 -622.962 113.476
70600000 -424.067 1466.02 1352.05 -170.314 189.217 -236.65
70700000 265.318 1890.72 843.301 -414.15 114.623 283.034
70800000 -348.128 1658.72 790.805 216.463 -329.357 -235.371
70900000 -304.222 1867.09 1434.93 -77.1271 -135.053 376.905
71000000 29.8026 1698.92 870.179 34.5313 -129.259 127.802
71100000 521.53 1138.7 1421.08 -223.572 380.354 31.2107
71200000 -565.478 1492.13 1695.85 227.031 263.344 182.025
71300000 -695.727 1344.84 1088.32 60.2092 -124.062 53.4399
71400000 -263.614 1632.78 1122.4 409.83 -27.8318 -540.256
71500000 67.8697 1820.67 1339.31 -115.948 138.884 -19.2641
71600000 -131.478 1770.88 1695.92 244.104 -203.283 -267.382
71700000 -317.803 1389.84 1523.11 338.367 -354.372 -396.404
71800000 309.254 1304.49 1463.53 -182.358 -229.359 -423.642
71900000 355.435 1227.74 1629.33 15.5755 4.44013 -152.923
72000000 -133.951 1216.83 1060.14 -186.127 -29.8192 4.06325
72100000 158.285 1630.69 1532.08 85.5945 94.0746 -394.605
72200000 79.0143 1711.79 1117.05 -140.689 528.846 -156.61
72300000 300.203 1177.82 1225.77 -330.99 316.219 -363.014
72400000 615.376 1228.32 1459.7 464.384 357.201 -30.3039
72500000 1080.34 1065.8 1703.37 64.704 -89.6109 -343.068
72600000 1022.37 1217.61 1035.27 -282.354 14.2431 381.508
72700000 471.644 1552.58 966.476 -311.22 -109.237 -402.34
72800000 1253.37 1241.17 1176.49 368.314 81.6908 -315.485
72900000 685.01 672.278 1773.9 359.924 253.581 27.8398
73000000 315.507 1173.76 1422.96 344.557 -308.668 19.014
73100000 315.446 1217.5 1539.27 -115.714 -400.431 -261.765
73200000 774.279 1563.2 1151.95 -244.396 -212.119 -61.951
73300000 1209.56 1475.37 827.699 183.846 -342.171 -177.576
73400000 514.231 1406.4 852.339 60.9505 -131.909 222.793
73500000 1030.44 1208.83 905.694 209.022 -405.659 204.987
73600000 1457.75 889.745 570.73 53.8735 -322.797 317.333
73700000 1694.3 721.824 922.382 -94.4086 -321.087 -45.7945
73800000 1422.7 673.124 538.095 -415.448 -31.6963 -3.0626
73900000 1432.98 692.821 332.365 144.246 186.693 95.4147
74000000 1320.56 640.623 1205.1 -44.2482 -344.96 280.349
74100000 1919.29 955.379 567.151 148.833 162.117 369.211
74200000 1598.58 570.139 884.042 -78.5184 235.322 160.701
74300000 2117.48 527.127 1140.96 36.7739 221.217 437.362
74400000 1528.31 700.65 1305.86 -159.456 -253.226 -431.632
74500000 1384.71 1045.92 566.202 472.5 109.545 -208.718
74600000 1166.16 1222.96 887.645 307.847 224.646 55.6864
74700000 1572.26 905.971 431.836 -217.883 155.912 -279.03
74800000 1484.27 450.833 1233.2 -48.5029 -40.7421 139.704
74900000 1610.92 230.379 1103.91 151.815 -283.116 -76.7518
75000000 1525.26 520.378 263.596 -35.5548 111.102 -32.7997
75100000 1610.08 1013.68 853.969 12.9313 274.24 4.60279
75200000 1763.63 549.504 703.457 -211.142 76.4602 -313.999
75300000 1638.79 452.854 949.624 220.572 -114.923 -108.225
75400000 1593.39 468.155 681.062 57.5883 361.365 93.5196
75500000 2393.3 582.006 791.473 396.314 70.0125 -46.8393
75600000 1859.99 -3.06894 472.733 139.428 95.8375 324.866
75700000 1690.74 389.487 741.614 230.695 7.66368 541.586
75800000 1588.05 462.895 1072.37 50.6071 -123.166 151.422
75900000 1419.46 1043.05 525.067 -79.2012 -405.618 400.791
76000000 1975.71 707.19 482.485 -328.052 204.657 307.219
76100000 1779.6 9.90392 98.5035 137.012 -232.148 -116.3
76200000 2290.5 283.634 814.089 22.3085 -499.604 -279.913
76300000 1419.82 560.668 368.119 367.361 -218.694 150.53
76400000 1962.48 575.195 929.444 -311.706 48.6833 110.326
76500000 1556.97 977.192 407.051 -49.8863 -95.8122 608.015
76600000 1535.98 484.373 663.963 -36.1035 86.4922 115.623
76700000 1651.06 -77.66 714.751 348.664 -156.3 257.21
76800000 1495.39 30.3521 1026.47 -299.739 -57.2369 -307.521
76900000 1641 1321.97 845.383 195.615 208.38 358.134
77000000 1617.75 707.987 560.609 248.961 55.0124 99.492
77100000 1739.13 -198.841 518.951 38.4586 153.198 -118.434
77200000 1999.84 1005.98 586.415 96.6531 -26.7985 129.561
77300000 1426.01 67.4715 286.857 125.759 165.334 -415.055
77400000 887.119 465.547 655.898 -282.437 -367.04 -97.1117
77500000 1314.69 23.6295 751.052 -355.916 64.0583 271.759
77600000 1622.82 841.215 610.457 301.799 210.882 -57.0751
77700000 1621.92 584.118 709.762 -97.963 792.667 -237.697
77800000 1534.55 994.873 1012.5 -233.986 467.928 24.6523
77900000 1428.29 655.644 580.106 -37.0009 75.7942 -122.365
78000000 1457.5 732.525 197.173 490.894 46.5373 8.9769
78100000 1055.94 327.388 717.29 19.194 -41.4952 -203.333
78200000 476.483 1239.46 1266.63 -236.249 53.3134 129.751
78300000 1242.17 789.28 658.093 -158.566 -77.589 151.466
78400000 630.922 728.04 464.057 -194.932 6.59877 227.174
78500000 1045.01 742.841 1065.19 -30.1788 -130.292 51.3226
78600000 417.063 751.411 1075.83 -97.9576 69.0849 -380.947
78700000 601.555 1562.32 1569.07 264.293 435.945 213.686
78800000 724.97 1209.11 929.813 388.099 7.00389 -83.7094
78900000 1008.74 1104.42 1165.29 646.124 -85.1036 33.0985
79000000 942.88 1393.3 1380.09 231.14 52.8996 -212.84
79100000 400.826 1259.98 1268.88 144.267 -355.038 194.931
79200000 234.748 1526.84 1129.63 -240.955 -430.356 17.1232
79300000 647.511 1699.84 1026.14 94.1005 -217.505 48.6234
79400000 329.272 1332.87 849.724 279.963 -310.586 317.705
79500000 619.334 1628.44 1240.12 167.907 -84.9924 124.02
79600000 169.751 1294.31 1544.99 184.09 25.3015 -371.284
79700000 -223.288 1133.81 2201.99 134.239 -229.305 -135.999
79800000 -637.463 1059.25 1081.83 -10.1179 -186.537 -171.878
79900000 422.09 738.316 1953.13 276.202 -291.004 -359.726
80000000 -328.873 1887.77 1560.78 61.1802 -84.2485 -90.5492
80100000 -176.031 1209.66 1708.07 -169.179 -596.163 -104.716
80200000 -498.058 1108.86 1658.06 -45.1835 -437.161 289.511
80300000 -828.65 870.457 1808.21 98.3486 -27.9372 36.7992
80400000 -273.274 944.437 1267.53 46.3432 -51.9669 -105.348
80500000 -441.343 1043.15 1494.88 -85.1426 279.03 -328.368
80600000 -141.087 1396.96 1748.47 384.703 -6.28514 114.174
80700000 -402.889 1557.13 1336.65 -15.0554 -49.0698 248.877
80800000 -12.6887 1531.22 1155.55 -18.5465 28.1574 -421.625
80900000 -76.2427 1984.06 1180.75 -345.339 242.851 -72.4319
81000000 -156.191 1704.83 1159.99 477.612 11.9754 23.9673
81100000 19.2093 769.316 1226.05 -131.226 -359.076 -762.495
81200000 255.996 1729.56 1014.18 63.9146 331.81 -192.64
81300000 -73.1548 1430.54 847.818 289.965 90.9298 -90.5801
81400000 487.936 1699.03 1316.59 368.323 84.1576 35.638
81500000 400.692 255.962 1566.35 507.878 -283.632 -249.082
81600000 965.059 640.422 1491.85 -134.582 241.945 -160.1
81700000 174.601 1312.48 1301.69 328.258 -105.549 -62.4814
81800000 1018.79 749.956 1290.53 157.034 401.422 -8.97877
81900000 914.176 1055.33 845.819 694.134 -158.191 -77.2233
82000000 647.586 859.719 812.578 -205.206 629.14 -337.962
82100000 812.475 704.933 1390.66 33.9004 -429.053 182.843
82200000 700.559 711.567 1762.49 100.523 160.07 -104.763
82300000 590.35 750.516 1597.35 -8.29103 -194.193 418.436
82400000 807.183 862.45 1060.51 -268.071 350.691 5.03834
82500000 757.849 1327.46 1124.85 67.4486 -23.8219 -106.608
82600000 568.142 1234.59 1396.15 304.888 -151.069 -84.4019
82700000 770.656 1689.17 1156.08 -229.853 -220.029 -304.526
82800000 737.482 1174.43 1248.2 327.447 379.001 -33.889
82900000 912.319 562.748 1308.23 -296.097 307.521 27.7945
83000000 1472.67 1044.15 712.978 -140.539 -452.879 -120.56
83100000 1409.92 1029.54 603.504 -233.052 -149.675 -157.172
83200000 1576.32 770.281 537.527 -244.766 -63.8599 -413.546
83300000 1289.84 789.467 335.755 -125.721 -56.4233 -139.5
83400000 845.499 604.89 1020.95 -165.949 -59.7359 -124.098
83500000 1617.29 1057.58 768.507 -169.167 -165.567 41.0252
83600000 1366.92 361.018 1272.19 -52.2272 -28.6338 -35.7904
83700000 1059.74 837.989 1041.76 -113.063 -37.5282 204.548
83800000 1134.92 1370.78 334.577 -62.543 -257.161 -94.0008
83900000 1655.21 1114.92 26.701 -6.9006 -178.893 -210.905
84000000 1415.92 512.598 504.374 -243.483 38.483 -553.837
84100000 1227.71 509.402 516.569 -35.3198 272.445 220.375
84200000 1603.48 184.666 728.059 86.7589 307.804 -16.8952
84300000 1258.95 825.047 463.388 -278.961 59.4291 299.811
84400000 1610.15 733.112 1407.28 36.3445 -187.693 179.396
84500000 1735.63 1049.35 479.991 279.459 -140.457 91.2288
84600000 1358.86 541.606 772.907 -305.562 -365.269 -82.5544
84700000 1594.9 817.497 638.478 -14.9554 -428.057 136.545
84800000 1740.14 11.3056 687.426 325.428 -172.344 132.803
84900000 1620.72 889.185 656.688 24.5875 54.484 9.67359
85000000 1926.65 409.109 1346.96 -226.78 -148.761 240.446
85100000 1953.64 634.589 490.423 95.2019 -209.433 -383.057
85200000 1176.59 474.965 682.952 -585.542 -127.985 -582.025
85300000 1596.72 772.344 579.093 -369.262 -184.518 34.2439
85400000 1527.55 376.469 779.727 -551.623 -345.13 -157.072
85500000 1860.71 651.467 -333.534 -313.716 -179.137 7.89194
85600000 1820.13 495.277 199.753 -346.866 40.5619 207.079
85700000 1856.61 180.607 201.562 99.249 -86.9032 -111.894
85800000 1706.86 528.861 55.2295 -186.946 5.53431 -368.694
85900000 1697.58 84.6204 271.206 -464.901 -87.6128 35.6596
86000000 2024.25 77.366 340.975 -154.136 220.687 -547.038
86100000 1997.5 8.50316 326.481 -175.079 222.283 -137.285
86200000 1969.92 258.705 426.655 263.818 191.592 22.8918
86300000 1414.6 318.537 288.982 93.3159 44.765 189.643
86400000 1238.2 449.274 505.193 -159.356 244.59 186.412
86500000 1683.49 -173.613 564.169 -222.921 -47.7997 321.752
86600000 1659.27 -83.3369 383.501 -533.172 512.463 73.5948
86700000 1847.22 109.855 492.018 -518.233 336.067 226.943
86800000 1891.98 71.3158 502.421 -263.553 278.325 13.2087
86900000 1925.38 476.67 623.765 -498.935 240.086 -155.98
87000000 1553.56 279.903 637.937 -347.883 201.847 -39.4221
87100000 1471.52 668.956 851.91 -302.967 91.3054 93.6358
87200000 2239.94 563.89 357.372 -215.463 -16.3729 -334.621
87300000 2102.77 180.438 413.732 -701.543 59.4428 -129.47
87400000 2005.08 909.637 181.177 -389.207 -45.9888 288.109
87500000 1546.92 913.284 170.991 -114.664 244.481 -71.9321
87600000 1439.16 852.191 802.663 -285.196 -191.145 -12.8413
87700000 1434.96 691.963 954.54 -288.211 -213.554 87.8185
87800000 1423.98 931.533 -88.079 -202.448 391.301 -262.477
87900000 974.338 822.929 584.899 380.915 -145.219 -171.526
88000000 1070.89 1068.32 1097.7 -346.133 175.379 -237.096
88100000 860.453 655.089 1055.64 382.227 -124.673 -56.2002
88200000 683.732 982.473 1236.84 255.581 -226.781 -86.9961
88300000 817.992 1567.78 1083.9 -38.738 -257.704 -208.275
88400000 294.373 1201.31 1479.61 -450.631 -277.949 -34.5631
88500000 325.861 661.679 1651.48 181.982 -125.677 10.2668
88600000 775.921 1265.68 807.92 109.02 -171.61 -74.4765
88700000 806.57 824.331 398.409 -221.371 -152.502 216.601
88800000 319.7 660.546 1001.61 -145.712 306.249 126.378
88900000 232.972 830.467 1077.69 -299.327 327.599 644.431
89000000 911.209 1865.71 198.109 35.1087 191.352 369.195
89100000 818.928 1048.22 674.548 60.1044 114.703 -70.9903
89200000 216.05 1861.6 590.792 183.007 71.1259 -277.429
89300000 -68.3858 1210.28 637.764 -94.5167 386.193 -355.789
89400000 242.457 1450.02 520.313 -218.78 530.979 1.19823
89500000 149.266 1123.42 1183.27 60.7175 -168.106 -336.119
89600000 -39.1234 1096.84 1509.28 8.2866 -60.1898 -33.8955
89700000 -208.192 1139.51 1389.89 -128.965 11.7393 -52.5353
89800000 -422.901 1445.84 1408.46 382.53 131.856 115.883
89900000 357.477 1069.59 1597.8 -116.726 64.5495 -181.083
90000000 -7.36537 900.197 1543.27 231.351 -477.144 -361.405
90100000 -16.1426 1408.19 1707.95 21.6556 260.96 -412.327
90200000 -8.12735 1631.92 2236.76 -37.2618 -24.4848 286.856
90300000 -535.884 1157.57 1578.48 -123.978 213.478 127.259
90400000 -337.172 1506.83 977.277 38.2132 -250.493 80.1142
90500000 -238.98 1192.96 1379.99 -56.7856 95.028 -45.7164
90600000 -484.96 2148.36 1588.57 153.174 -300.537 427.025
90700000 -315.933 1049.05 1333.47 98.0013 -266.087 355.633
90800000 -425.747 1628.89 1061.14 -92.8603 395.836 -62.1553
90900000 -438.638 1927.36 1513.27 170.393 105.942 -225.25
91000000 -734.226 1405.4 1707.84 135.669 405.461 -187.686
91100000 -20.1874 1528.61 1991.43 -365.232 -136.919 -275.011
91200000 305.159 1514.11 1364 -65.2997 80.1587 68.5134
91300000 -205.445 1245.96 1677.66 382.368 390.833 155.421
91400000 -170.736 795.799 1859.31 75.3593 166.732 -71.1332
91500000 437.113 1115.59 1813.93 -70.5793 -413.162 349.139
91600000 -387.394 1438.14 1268.92 -182.112 -295.293 24.9921
91700000 192.229 644.08 1847.46 -355.501 23.2957 51.1688
91800000 160.919 671.676 1566.78 -36.8608 -553.065 449.148
91900000 304.831 647.709 1172.64 -503.328 -51.3809 -11.4577
92000000 396.807 1490.53 1564.98 179.514 57.9019 186.885
92100000 569.746 1822.45 954.017 -504.217 234.499 -150.901
92200000 372.24 1334.2 1290.57 -239.117 -184.613 366.648
92300000 32.1302 1112.44 1221.61 120.388 -448.496 -265.247
92400000 342.762 1105.92 1232.34 63.9661 355.733 -58.881
92500000 387.055 971.02 1293.56 617.016 -148.65 -111.675
92600000 430.735 904.915 746.332 333.905 -89.5377 -3.80691
92700000 916.726 814.937 848.943 -244.124 -341.884 165.151
92800000 -77.6173 967.121 1069.11 121.919 -4.93861 78.3761
92900000 649.553 579.207 880.628 -25.4022 184.91 69.4105
93000000 677.959 589.409 874.887 27.7532 174.748 304.213
93100000 664.932 1387.49 1190.41 -370.497 2.58998 452.906
93200000 334.437 784.4 939.451 -130.753 -45.9286 -7.1775
93300000 351.36 603.716 986.565 78.8013 61.9499 338.309
93400000 1113.99 444.361 702.464 -121.032 -256 454.347
93500000 745.832 962.953 923.342 41.8478 -172.145 -326.988
93600000 1165.57 307.606 595.501 8.63406 150.334 398.072
93700000 1468.37 748.067 328.906 -307.74 -138.902 -162.818
93800000 1198.16 181.448 764.998 -140.987 -165.063 116.987
93900000 2044.04 737.612 894.345 21.713 -185.865 74.7958
94000000 1045.18 1012.5 67.9267 -299.769 340.883 -203.905
94100000 1560.56 718.553 383.602 239.815 -18.5426 -748.434
94200000 1008.3 630.484 347.747 -173.95 -64.2462 -389.933
94300000 1319.85 658.865 357.929 138.253 -114.83 -25.6984
94400000 777.588 722.691 591.875 -40.8191 -59.1057 -179.446
94500000 1716.46 588.754 879.611 -66.7364 42.1141 166.778
94600000 1107.6 481.312 503.607 -402.774 217.286 -35.8346
94700000 1239.95 589.341 -92.1269 159.289 170.892 -285.809
94800000 1228.77 453.676 -227.021 86.3506 45.4597 47.223
94900000 1511.76 307.501 531.074 175.922 -276.027 305.992
95000000 2059.81 -163.319 -52.5746 587.93 -343.606 -141.372
95100000 1356.19 467.313 361.218 54.6911 -391.604 -50.782
95200000 1865.5 211.459 -72.9255 260.392 -205.332 -229.339
95300000 1492.71 -89.105 835.629 308.398 -310.014 -138.596
95400000 2067.7 -231.462 708.958 -189.972 80.4713 -259.406
95500000 2349.4 -0.401342 -200.53 236.32 -152.884 250.072
95600000 2393.66 423.141 30.6063 -67.2392 10.7496 107.941
95700000 2056.73 375.614 -423.817 -144.94 4.50429 66.7149
95800000 1886.01 140.388 317.884 10.0951 -310.901 -152.149
95900000 1955.15 -2.91671 207.826 -26.5707 86.1479 449.145
96000000 1889.68 494.237 -460.642 -75.3573 46.677 -12.2974
96100000 1842 232.915 100.247 176.954 324.999 -154.546
96200000 2586.73 398.064 -148.016 -116.673 10.9368 83.8182
96300000 2436.24 -422.093 182.182 -460.801 -187.349 99.9982
96400000 2320.77 901.525 -130.115 -304.186 -55.9556 -25.0558
96500000 2096.67 104.183 -181.163 -290.475 63.6528 408.331
96600000 1748.79 322.274 292.562 99.8429 283.973 18.7762
96700000 1387.48 92.0899 732.02 -37.7364 -349.033 -248.037
96800000 1951.63 4.97381 306.847 -78.9606 -110.53 -188.225
96900000 1809.19 -24.3656 772.182 224.684 -227.271 388.484
97000000 1681.5 511.232 724.645 -294.872 31.4328 -171.221
97100000 2015.17 292.613 634.313 114.714 14.4716 254.15
97200000 1848.49 -23.5361 542.269 158.826 145.557 -80.1409
97300000 1962.08 98.5058 903.97 -86.073 -581.05 -177.593
97400000 1475.96 365.105 742.678 -211.58 274.567 102.425
97500000 1912.77 469.822 524.867 274.395 139.996 -188.099
97600000 1630.34 54.7235 547.598 231.147 -135.311 -33.3054
97700000 1394.89 391.899 582.988 315.869 -584.483 -109.117
97800000 1324.58 617.622 274.692 183.34 -463.572 -143.514
97900000 1242.63 415.895 563.98 298.932 -7.73605 -114.844
98000000 1418.88 714.772 -148.082 23.9933 31.7373 198.226
98100000 1222.89 472.964 773.994 316.961 -163.838 13.7589
98200000 826.449 912.407 976.255 302.175 -99.5626 142.336
98300000 1376.78 322.74 978.463 406.77 -549.105 12.9034
98400000 1234.4 412.457 768.349 511.908 -190.648 -95.99
98500000 105.259 626.278 822.614 299.668 -49.4183 394.359
98600000 1250.39 1360.42 705.909 -33.9154 283.633 -267.45
98700000 840.212 435.005 1280.31 64.4406 94.0753 198.712
98800000 541.359 1572.57 288.837 -184.782 130.6 -127.356
98900000 1203.86 679.639 608.283 -72.3122 122.067 -207.677
99000000 632.268 1057.35 736.718 -317.742 -74.4684 -104.164
99100000 738.807 688.124 1017.61 -73.0944 208.461 169.883
99200000 551.295 465.778 1184.24 -225.858 468.394 94.0699
99300000 364.177 763.846 1559.07 -66.1981 125.634 71.6512
99400000 377.097 1354.96 1167.92 291.929 196.484 80.5633
99500000 485.022 827.528 826.907 -291.641 -28.8745 289.256
99600000 -119.633 1069.96 1304.58 -268.106 -218.743 279.833
99700000 -156.161 1044.17 1114.82 -328.295 50.2135 178.698
99800000 290.673 911.676 1146.45 -74.6266 -307.626 296.102
99900000 143.733 1235.03 1550.74 -292.737 -461.596 370.666
100000000 99.1054 1200.15 1348.73 -29.5345 -218.948 120.216
