# Time-averaged data for fix ps1
# TimeStep c_thermo_press[1] c_thermo_press[2] c_thermo_press[3] c_thermo_press[4] c_thermo_press[5] c_thermo_press[6]
0 -89.6991 413.153 -26.9962 -132.802 308.465 160.407
100000 204.253 449.379 1447.37 -283.678 111.408 -87.3531
200000 296.141 1353.69 1623.07 48.6386 96.8715 -334.735
300000 -46.2944 1037.93 1607.36 -278.275 -131.078 -246.434
400000 299.521 868.514 850.814 40.8887 -264.083 102.24
500000 70.1564 1066.61 989.329 -207.609 -78.5674 -159.644
600000 -918.714 1280.82 1834.99 -174.449 200.994 123.048
700000 -483.358 1197.06 1082.68 -206.588 372.034 -50.458
800000 -166.652 1347.16 1665.71 -268.476 378.771 -817.213
900000 -907.469 1494.5 1262.99 -190.086 -71.3615 -457.376
1000000 -386.489 1398.73 1256.44 -68.8898 195.609 -185.796
1100000 -734.332 1461.46 1813.17 -328.926 159.147 -368.486
1200000 -1020.14 2164.8 1669.61 -191.887 92.7325 -720.315
1300000 -1001.78 1815.69 1516.51 -84.9919 212.603 -373.302
1400000 -1334.05 2242.42 1799.81 139.067 354.493 -415.587
1500000 -1140.81 1523.81 1655.19 -221.345 342.505 -537.7
1600000 -1445.05 2090.75 2189.47 -52.788 -226.764 -143.292
1700000 -1336.75 2284.86 2103.79 -108.948 -81.1368 -138.449
1800000 -1450.15 2656.88 2100.94 -323.841 424.081 -130.79
1900000 -1054.69 1919.9 1885.19 -222.477 317.672 -215.416
2000000 -753.301 1965.02 2052.79 95.3515 353.371 -63.9227
2100000 -1378.78 1919.69 2523.94 48.5761 205.306 7.8558
2200000 -1334.53 1464.91 2124.18 -501.398 -2.86719 106.415
2300000 -1391.61 2048.16 2311.88 -272.464 217.127 0.051053
2400000 -1172.69 1821.07 1919.06 0.0984497 147.89 -168.836
2500000 -1165.21 1754.47 2089.09 -128.698 384.676 3.603
2600000 -1708.16 1619.55 2239.87 -259.99 543.479 227.399
2700000 -1486.78 1721.43 2034.39 131.193 298.819 75.847
2800000 -1510.59 1993.41 1900.19 94.5396 287.921 52.3247
2900000 -806.25 1689.75 1741.14 6.15762 161.084 -103.058
3000000 -1213.51 1579.8 1748.53 21.844 90.772 -148.855
3100000 -856.485 1657.03 1615.38 -40.1043 182.271 -421.752
3200000 -580.731 1594.51 1702.77 -76.5363 -63.3413 185.174
3300000 -453.275 1119.95 1373.22 104.017 -90.2503 152.157
3400000 -386.398 1204.08 1691.13 76.3126 -314.423 -51.2843
3500000 226.26 783.273 1297.46 -108.37 -191.182 -109.849
3600000 93.5381 831.606 1272.44 -54.9976 549.019 294.942
3700000 20.0519 922.748 1082.46 -184.841 -144.194 21.2013
3800000 252.468 1088.46 1317.49 -119.982 103.359 231.45
3900000 465.736 504.195 1569.39 -20.3173 174.308 -131.653
4000000 56.5672 662.874 988.669 -348 20.4323 279.378
4100000 504.546 914.93 909.866 -119.393 407.644 409.657
4200000 960.317 182.444 1155.11 -212.767 524.766 -116.088
4300000 1059.3 677.353 1101.8 -209.226 441.206 74.6937
4400000 823.546 184.301 930.167 -205.378 624.622 -277.892
4500000 1693.55 634.497 619.226 106.792 439.769 -333.212
4600000 1373.26 172.228 339.955 -47.6594 -10.3751 -387.699
4700000 1541.08 -362.057 485.312 -290.712 344.322 -99.0496
4800000 1619.5 364.089 315.767 -39.8879 341.68 -237.502
4900000 1665.05 -111.939 211.74 -216.17 314.138 -98.2043
5000000 2036.4 224.966 439.758 -225.318 442.048 44.0767
5100000 2186.85 301.213 -14.6524 -63.9801 211.94 216.926
5200000 2336.92 137.399 -55.7254 -88.7515 -138.72 179.457
5300000 2494.57 -544.414 -60.0474 148.936 201.87 346.548
5400000 2969.97 -533.741 -319.6 224.681 155.619 -275.123
5500000 2612.09 -467.915 28.9173 -102.246 251.19 44.8911
5600000 3043.13 -65.3201 242.278 -14.0578 335.215 -306.909
5700000 2578.62 -509.262 -545.738 -54.3996 313.81 -14.9598
5800000 3544.56 -584.872 -504.019 -431.736 494.641 239.256
5900000 2958.71 -889.892 -652.33 218.408 480.355 -321.745
6000000 3406.16 65.3226 -834.732 -354.599 229.262 -226.682
6100000 3846.51 -602.824 -588.54 -190.718 111.434 244.982
6200000 3549.35 -629.023 -537.344 29.7915 -2.2845 -211.59
6300000 3620.2 -361.164 -227.781 -315.959 236.177 -329.112
6400000 3757.65 -605.418 -114.784 -33.1911 154.228 -256.363
6500000 3501.59 -290.051 -857.253 -623.141 186.087 32.5775
6600000 3475.27 -618.238 -153.168 -438.49 -13.4306 -127.978
6700000 3412.64 -448.031 8.43651 -222.99 12.4047 74.8843
6800000 3187.17 -709.127 -412.661 -89.7016 -59.6609 -309.378
6900000 3891.11 -732.601 -81.066 -145.614 455.196 71.3401
7000000 3621.7 -1006.44 -706.092 -171.596 293.972 -291.939
7100000 3861.11 -449.51 -631.917 -372.035 -63.0691 -619.43
7200000 3832.23 -555.248 -559.077 -80.7349 248.855 -362.553
7300000 3632.95 -525.58 -276.691 -149.015 245.315 300.378
7400000 3739.52 -688.105 -801.165 -408.486 -158.991 -339.739
7500000 3251.15 -713.319 -455.603 -160.267 -166.947 -227.004
7600000 3796.88 -1179.22 -321.652 223.255 32.6452 -154.344
7700000 3493.43 -1043.55 -460.924 -47.8633 -62.2653 -129.252
7800000 3358.21 -619.948 -407.393 -54.595 85.4372 162.398
7900000 3312.49 -533.692 166.368 118.881 256.743 -28.289
8000000 3088.77 -519.148 -14.5068 -66.0252 144.086 156.325
8100000 3055.85 -463.061 -251.479 45.5993 -29.0744 96.7035
8200000 2633.38 -508.459 -317.121 130.982 416.91 -49.4212
8300000 2570.29 -554.559 224.451 10.9665 291.093 -227.013
8400000 2091.82 167.294 315.728 107.401 -361.028 -94.5026
8500000 2394.35 -594.598 395.114 97.6439 -68.9471 -21.6772
8600000 1809.11 -140.151 210.415 35.0624 88.3046 196.418
8700000 1971.64 196.377 303.69 606.828 128.394 216.687
8800000 1728.8 879.095 361.492 309.952 -285.087 -177.341
8900000 1715.87 611.667 664.565 101.308 -276.766 301.156
9000000 1403.13 304.681 365.072 45.347 -172.595 45.7969
9100000 1300.12 475.226 252.411 132.093 -186.534 200.29
9200000 1574.13 -136.669 272.227 -33.5805 43.0708 -58.0449
9300000 890.86 318.873 906.649 74.0461 -199.046 166.751
9400000 499.497 122.269 869.984 103.745 33.3682 -44.3206
9500000 74.0413 780.305 915.041 -134.271 185.682 -335.67
9600000 554.979 607.946 1466.4 -67.1422 53.7512 -155.553
9700000 -134.778 1013.83 1678.29 -499.276 -321.726 -415.812
9800000 204.55 1103.1 937.751 30.1067 -26.0829 56.4362
9900000 222.811 1266.81 1340.07 17.9024 -142.741 148.416
10000000 -243.521 1401.13 1462.88 315.906 -321.81 191.549
10100000 53.1447 1376.79 1098.92 191.292 -78.3084 6.09444
10200000 102.739 1039.52 1792.45 469.111 -131.822 177.81
10300000 -873.55 1624.2 1196.44 115.018 66.3926 186.083
10400000 -374.09 1551.7 1372.83 403.94 -14.415 35.2081
10500000 -434.382 1620.93 1548.74 298.875 -262.629 -83.9818
10600000 -462.473 1951.32 1223.79 137.757 -198.612 -90.9457
10700000 -824.945 1435.09 1390.14 74.4222 -333.421 -224.425
10800000 -583.076 1408.65 1346.76 113.229 175.488 149.335
10900000 -1302.46 1807.94 2169.66 160.291 -0.00910518 241.025
11000000 -1208.83 2181.02 1359.2 -13.223 194.303 -135.949
11100000 -1149.51 1606.85 1584.01 -422.963 -251.388 -107.4
11200000 -1372.03 1773.65 2095.6 375.871 194.372 85.7432
11300000 -1453.48 2229.43 1747.8 11.3125 -156.696 28.8605
11400000 -843.604 1846.95 1452.74 206.019 107.456 -285.589
11500000 -1417.65 1472.98 1677.79 114.671 -478.716 -195.457
11600000 -1141.65 2110.28 1543.67 -99.4811 -72.0881 151.482
11700000 -1490.49 2042.27 1700.36 130.02 -238.637 -208.379
11800000 -1275.45 1609.86 1640.4 221.529 43.8489 475.552
11900000 -1128.51 1577.22 1038.48 100.038 -25.606 -280.835
12000000 -1198.36 1633.45 1770.56 -377.102 -128.518 56.3086
12100000 -978.43 1637.07 1801.85 39.2126 192.52 -201.606
12200000 -812.9 1914.65 1785.12 -342.557 455.591 -81.5876
12300000 -507.424 1742.46 1621.84 -205.312 -379.232 -99.2828
12400000 -424.082 2013.4 1627.25 346.326 508.22 116.544
12500000 -1518.52 1986.83 2298.89 -110.836 473.795 -72.5138
12600000 -698.21 1458.5 1709.29 -3.03432 417.501 167.83
12700000 -595.676 1267.94 1992 253.03 394.948 -78.8701
12800000 -1065.46 1327.85 1594.82 -15.3003 126.13 216.806
12900000 -806.591 1321.29 1780.83 -262.884 26.4176 -24.2667
13000000 -474.2 1472.81 1524.31 -187.334 -66.0652 -22.5697
13100000 -707.21 1229.85 1792.53 69.9818 174.975 -253.505
13200000 -180.781 1078.73 1411.36 156.681 -2.98449 339.735
13300000 72.2306 1052.52 1668.83 -212.904 633.889 213.547
13400000 292.647 1057.29 1132.52 -359.056 252.555 123.564
13500000 -207.395 1251.24 1335.64 -71.31 300.864 62.2519
13600000 253.983 923.788 1264.78 332.411 -169.207 35.2061
13700000 397.038 1061.36 797.192 -77.0998 -318.667 116.538
13800000 864.491 869.121 1361.39 -174.531 49.4337 149.512
13900000 190.304 740.326 1298.64 -185.379 -103.496 66.526
14000000 1031.52 361.979 771.376 -243.888 130.969 97.9893
14100000 915.628 417.119 914.714 4.92875 168.476 -187.617
14200000 1379.11 405.461 419.624 -88.6338 46.7428 13.3055
14300000 1239.17 176.742 650.189 468.085 477.763 325.438
14400000 1857.39 -2.89304 440.013 -69.1818 128.015 374.76
14500000 2055.54 270.244 352.255 -119.225 -210.318 62.727
14600000 1567.73 69.4394 249.192 49.9601 311.355 82.2642
14700000 2137.87 -288.183 395.549 -205.258 -17.5659 -48.5858
14800000 2057.49 518.228 223.939 2.34629 101.154 -198.168
14900000 2033.08 303.755 446.261 -117.11 40.4157 -55.3904
15000000 2523.36 59.2883 647.849 26.9587 324.797 197.149
15100000 2678.88 -338.703 -93.709 -287.326 326.799 74.1113
15200000 3136.48 -455.622 40.0696 268.495 243.646 103.146
15300000 2893.75 -544.608 -278.114 102.16 338.14 -166.722
15400000 2740.76 -291.872 -339.913 -6.2527 653.903 164.352
15500000 2745.26 -279.201 -463.027 -85.3036 285.168 -35.7721
15600000 2559.65 -27.7781 475.954 118.837 138.098 -85.1
15700000 2856.89 -428.134 -494.196 -226.718 -311.807 -159.289
15800000 3041.69 -157.504 85.1822 -118.961 15.8342 -148.057
15900000 3115.6 -608.238 -245.693 -179.095 33.1925 210.339
16000000 3086.51 -612.28 -398.643 -314.47 -328.742 -213.577
16100000 3023.82 -438.764 19.7686 -108.383 -262.404 54.0143
16200000 3736.54 -174.192 -641.159 -186.513 230.214 345.923
16300000 3487.94 -778.771 -547.245 -223.37 72.9816 417.92
16400000 3181.25 88.9802 -483.419 -344.044 182.218 154.018
16500000 3275.38 -233.759 -142.439 134.119 212.33 275.45
16600000 3013.49 -7.73758 -547.355 -315.156 433.709 -214.458
16700000 3413.96 162.865 -478.629 -64.136 -60.1802 191.787
16800000 3408.21 -177.783 -655.284 34.9549 215.652 28.9691
16900000 3094.39 513.632 -440.162 356.525 -208.98 -239.058
17000000 3043.31 572.909 -759.043 19.1953 -141.356 -13.2541
17100000 3341.57 200.097 -703.826 172.262 169.463 81.1319
17200000 2736.07 -363.191 -343.341 -81.4585 -249.042 -450.912
17300000 2996.57 -375.192 -246.164 6.26919 -83.5918 356.181
17400000 2634.37 -84.5867 -567.826 -9.21324 -71.5369 -200.899
17500000 3135.83 -312.275 -768.051 -223.964 -280.512 -138.77
17600000 2529.53 -184.325 -365.817 14.7319 -196.783 -71.2809
17700000 2861.85 106.383 -499.727 -113.644 -396.757 233.541
17800000 3185.96 -80.6475 -346.311 350.793 31.4001 21.0974
17900000 2553.13 535.831 -148.617 517.808 70.284 -298.772
18000000 2626.07 206.769 165.097 104.8 3.92308 -465.042
18100000 1781.43 84.0461 115.702 593.327 33.2835 -193.495
18200000 2182.38 173.773 250.221 387.235 172.012 -177.885
18300000 1749.31 164.173 75.6216 508.491 243.218 -38.2188
18400000 1786.76 447.987 49.7571 467.527 357.548 31.8191
18500000 1607.1 277.972 413.609 525.87 75.6381 -253.056
18600000 1579.08 725.202 116.533 317.053 456.806 35.2332
18700000 1095.77 665.968 437.504 89.9045 352.044 -207.418
18800000 1443.18 515.49 875.127 166.695 -6.54838 -457.601
18900000 438.805 1095.35 479.444 266.069 -82.6205 68.7336
19000000 901.83 1265.05 752.615 461.093 105.441 -317.356
19100000 583.802 1203.91 637.285 103.773 -269.86 -227.907
19200000 258.067 1246.71 596.678 612.749 176.144 -733.953
19300000 -82.7805 964.925 562.371 407.857 -183.862 -414.997
19400000 -8.49568 866.568 1281.97 214.073 23.9212 -447.462
19500000 56.3831 1194.27 611.612 556.799 168.176 -198.273
19600000 122.977 1300.1 980.449 295.468 128.296 -276.313
19700000 125.505 1259.77 1179.02 -250.943 -21.8074 -173.09
19800000 -742.426 1741.29 1432.9 232.495 174.585 -331.447
19900000 -1002.53 1789.09 1678.66 61.1273 192.184 -78.4682
20000000 -246.882 1506.39 1277.49 328.656 -68.0714 -114.994
20100000 -688.871 1491.01 1570.63 -18.6477 493.649 -204.165
20200000 -853.384 1947.86 1366.86 123.581 487.782 -285.202
20300000 -1012.05 1707.48 1506.17 -143.162 362.413 72.4583
20400000 -1288.28 1677.02 1368.87 100.456 410.759 85.6556
20500000 -1130.98 1851.47 1513.77 39.9515 139.692 -318.365
20600000 -1535.75 1581.53 1590.04 -0.804494 198.3 206.472
20700000 -1707.94 2038.31 1944.61 -122.509 39.4631 21.0804
20800000 -1465.34 1632.24 1773.49 -84.1237 -170.572 -118.918
20900000 -1016.88 1993.31 1617.26 -235.108 302.164 -49.7013
21000000 -1727.25 2082.34 2202.31 1.86375 128.094 381.161
21100000 -1837.12 2231.66 1928.68 -205.01 335.045 -137.778
21200000 -1801.17 1734.34 1406.22 196.788 161.998 86.2053
21300000 -1145.84 1732.88 1935.33 165.207 26.5934 -604.883
21400000 -1406.71 1840.75 2168.22 -11.8429 -161.807 -26.1668
21500000 -1496.5 1579.28 1749.92 -369.225 135.469 -75.341
21600000 -1745.89 1878.82 1664.03 107.099 -129.087 -558.233
21700000 -1901.05 2185.01 1950.5 -288.141 346.226 -194.842
21800000 -1235.9 1917.05 2420.48 -59.5087 208.514 200.084
21900000 -2219.69 2037.98 1873.51 409.264 343.875 -146.389
22000000 -1337.07 1781.61 1780.07 21.5159 342.518 -228.875
22100000 -1366.99 2020.17 1496.97 -106.346 132.289 -471.967
22200000 -1981.11 1708.22 2210.7 320.538 -112.407 -428.162
22300000 -994.829 1611.95 2420.19 -68.3626 358.788 -142.324
22400000 -1223.17 1755.74 1713.1 -377.219 127.896 -238.647
22500000 -1768.38 1772.97 1828.4 23.0909 181.059 -174.627
22600000 -1780.06 2147.12 1624.83 -279.852 11.8004 -374.783
22700000 -1290.08 2274.59 1928.63 98.7131 -16.9338 59.62
22800000 -1216.32 1845 1741.83 -147.043 419.391 -169.024
22900000 -1343.87 1609.04 1698.12 80.6781 185.143 -502.509
23000000 -899.571 1567.53 915.443 -49.7483 -97.3884 204.419
23100000 -1391.04 1700.05 895.455 -91.2239 -339.001 -399.395
23200000 -1158.42 1547.04 1112.63 76.8887 -197.512 -199.603
23300000 -992.861 1851.53 1916.49 231.176 -362.594 -343.925
23400000 -661.377 1039.53 1441.49 -235.699 -403.047 265.364
23500000 -561.354 948.342 1334.03 349.667 -266.275 -127.308
23600000 -325.454 1527.27 1463.68 -120.075 103.905 159.659
23700000 -278.975 820.582 721.738 403.349 -190.383 197.136
23800000 163.527 538.405 992.518 181.038 30.6593 142.773
23900000 405.632 737.072 1102.99 470.884 -55.3617 90.9275
24000000 224.112 1265.47 896.114 476.211 -121.755 14.2847
24100000 147.823 943.647 909.104 282.784 410.915 -445.959
24200000 356.671 947.796 359.814 6.45452 -314.579 157.766
24300000 600.54 563.65 742.147 124.911 301.012 -159.103
24400000 1238.91 266.851 419.516 117.008 -263.382 -324.446
24500000 1244.29 445.139 496.009 221.898 -13.8201 -163.375
24600000 1013.58 274.649 629.466 -182.493 -361.196 -266.475
24700000 1851.1 101.243 349.489 265.029 138.397 -181.274
24800000 2485.05 -618.293 28.3252 57.9358 248.897 -270.741
24900000 2226.61 411.181 162.181 -177.51 -191.435 -632.081
25000000 2177.39 -513.608 261.093 174.409 11.8217 -165.61
25100000 2125.84 -245.532 478.671 -473.725 -65.6646 -71.965
25200000 2034.99 -128.787 233.605 -260.247 -11.0116 -428.897
25300000 2671.66 -377.665 94.6058 -467.042 -99.5168 -410.977
25400000 2665.25 -708.548 -106.069 -29.4124 -48.1438 -142.178
25500000 2629.47 -252.635 20.6668 -356.243 7.99509 -348.353
25600000 2900.5 -709.202 -80.9257 -126.797 28.2982 -389.657
25700000 3164.71 -240.637 -483.281 -64.859 166.212 -547.257
25800000 2501.97 -482.689 -502.832 134.918 -136.002 -297.084
25900000 2798.64 48.4618 -560.498 -99.5231 -557.004 -502.96
26000000 2940.79 -718.177 -498.506 -189.37 228.657 -327.042
26100000 2508.37 -146.987 -623.119 -360.853 447.262 -388.001
26200000 2734.38 -276.234 -225.555 -329.782 57.3373 -472.873
26300000 2866.42 -395.932 -331.124 -129.737 195.998 -44.312
26400000 3148.48 -144.987 -1027.57 -97.1047 -330.148 33.7863
26500000 3389.12 -326.142 -683.911 -54.6388 255.851 78.0421
26600000 3200.04 -808.448 -448.373 35.8857 -88.9891 -219.498
26700000 3167.25 -224.347 -430.328 412.749 -107.013 -100.49
26800000 3381.25 -571.806 -456.28 -89.667 -36.2416 -334.058
26900000 3467.89 -42.1105 -682.498 -144.891 374.841 -205.824
27000000 3052.53 -87.7935 -609.706 -501.174 -178.931 -461.465
27100000 3362.24 -611.48 -908.156 -105.814 460.751 -277.854
27200000 3120.99 -340.687 -876.174 -21.1145 -134.321 -251.705
27300000 3170.29 -160.228 -848.922 -215.624 -336.881 -82.7504
27400000 3023.09 -387.925 -614.229 -16.3953 59.6445 -304.921
27500000 3052.78 -503.169 -778.33 19.0528 -168.607 242.061
27600000 2939.36 -86.0084 -553.38 -223.273 -587.179 -65.8845
27700000 2856.31 -467.42 -928.851 -209.777 129.115 -133.413
27800000 2801.39 -62.6608 -245.663 -109.926 75.5803 -67.2861
27900000 2487.22 50.0237 -535.747 287.296 124.275 -199.329
28000000 2306.64 730.019 -543.072 -155.064 275.238 119.624
28100000 2971.05 -22.0623 -112.811 113.001 217.473 -60.1215
28200000 2095.12 171.808 -150.743 2.48055 210.285 -101.202
28300000 2033.04 207.986 42.2311 108.543 -59.6581 -346.622
28400000 1807.22 -299.149 92.2271 -5.36135 -123.086 106.626
28500000 2237.04 521.221 -295.551 -15.0885 227.436 -129.193
28600000 1216.37 721.177 145.763 100.057 402.567 -243.313
28700000 1283.58 415.246 228.004 532.928 165.726 -166.637
28800000 1280.91 664.581 479.248 252.37 209.347 155.932
28900000 1079.91 1095.27 348.991 226.161 136.286 53.7128
29000000 571.439 1321.97 469.494 76.3779 256.162 59.5058
29100000 362.113 1240.39 364.048 -100.342 190.254 -103.335
29200000 573.573 866.437 740.892 318.306 556.482 92.5696
29300000 274 1304.79 738.165 133.227 344.61 -31.6563
29400000 180.866 1067.93 1073.57 263.379 367.002 -247.427
29500000 -127.625 1607.05 936.619 58.2635 366.118 -166.56
29600000 -271.039 1151.77 1179.65 5.81371 276.844 187.116
29700000 371.326 1384.27 1273.04 -94.6964 107.297 22.4537
29800000 -326.74 1383.81 1313.26 44.538 376.939 205.528
29900000 -838.081 1825.52 1066.09 -193.844 181.598 -1.99554
30000000 -1108.94 1478.33 1580.81 149.952 334.572 99.6072
30100000 -731.534 1392.88 1469.83 287.261 -4.23358 -227.636
30200000 -1125.61 1697.46 1877.66 3.17763 40.4201 -42.2085
30300000 -1046.82 1679.99 1608.46 -169.226 55.4573 -522.017
30400000 -1665.88 1871.22 1602.53 98.67 240.239 -378.422
30500000 -1103.15 1851.24 1653.6 65.9387 343.833 -341.162
30600000 -1602.01 1885.56 1831.49 -144.837 454.6 -80.4791
30700000 -1758.42 2279.13 1861.04 144.677 -400.998 -273.124
30800000 -1796.99 1992.7 1840.14 -14.6772 250.033 -84.8998
30900000 -1869.82 2105.79 2192.01 -59.4072 148.28 28.5405
31000000 -1843.78 2916.65 1718.85 -65.1155 -191.732 -129.954
31100000 -2162.75 1991.84 2141.57 95.7155 -129.254 243.844
31200000 -2050.14 1854.39 2399.14 275.487 68.2298 46.7966
31300000 -2445.77 2011.52 2405.24 -24.9676 -34.5153 -97.189
31400000 -2316.56 2252.76 1978.96 -91.3532 -232.395 -100.871
31500000 -1956.81 1929.62 2579.79 146.882 294.818 -81.5566
31600000 -2227.76 1767.35 1884.58 292.945 11.1693 -34.5629
31700000 -1418.87 2228.39 2113.52 -30.1548 281.37 -96.2027
31800000 -1738.78 2175.06 1971.94 1.65901 81.0739 -284.568
31900000 -1136.68 2121.37 1367.06 -72.011 249.634 -43.3307
32000000 -1400.04 2365.92 1364.46 -6.65788 -161.927 -30.4534
32100000 -1698.67 1759.78 1871.58 -334.92 38.364 274.974
32200000 -1708.22 2069.65 2464.3 133.43 -3.61127 -276.814
32300000 -1973.76 1822.02 2093.79 78.0343 369.453 -261.577
32400000 -1918.85 1963.82 1893.55 138.696 501.001 -164.272
32500000 -1593.7 1968.96 1457.58 166.521 357.688 22.7012
32600000 -1376.05 1462.26 1853.12 -136.511 -39.8176 -6.22765
32700000 -1864.37 1840.69 1714.37 250.237 -50.386 -254.974
32800000 -1609.54 1338.28 1943.46 -3.49549 102.317 -292.216
32900000 -1322.82 1762.66 1248.86 242.848 55.1601 141.339
33000000 -944.61 1869.88 1383.72 38.1942 -78.347 16.3404
33100000 -800.828 1693.51 1418.46 127.216 -269.171 -248.014
33200000 -762.433 1725.4 1231.26 -120.332 -41.786 -176.266
33300000 -446.029 1596.26 1912.89 116.333 -8.16178 -260.534
33400000 -554.062 1115.41 1682.18 18.5876 -173.121 -210.335
33500000 -450.043 1351.55 1614.99 -79.6155 -131.125 -245.305
33600000 0.163917 1697.08 1376.86 -214.278 -46.9067 246.605
33700000 -325.855 1040.1 1336.73 230.071 -312.85 -253.428
33800000 -190.946 1015.81 1235.61 -282.383 -33.2198 -59.2396
33900000 -148.079 1426.76 1090.14 460.066 -447.835 -196.723
34000000 217.939 889.824 743.725 -184.073 -51.7399 -327.791
34100000 481.44 650.551 773.038 -253.089 -140.856 -38.4599
34200000 375.065 872.641 641.896 75.0516 -139.325 -271.959
34300000 590.248 1370.27 221.577 61.9965 19.7596 -11.817
34400000 1426.01 592.507 579.562 -312.041 -46.5917 -125.615
34500000 996.55 482.454 418 -68.3229 304.853 -193.447
34600000 1659.42 583.795 243.428 142.613 -11.8656 113.983
34700000 1548.67 879.506 -200.228 -189.51 -94.4898 -242.92
34800000 2129.01 560.879 17.5367 20.6922 -123.92 147.235
34900000 1546.99 661.073 397.532 98.9556 157.307 63.6318
35000000 1630.31 163.1 212.699 67.5854 191.674 -373.959
35100000 1964.53 431.418 -25.1887 67.6619 -31.4421 -126.464
35200000 1587.91 -414.189 93.0103 284.768 93.5737 -302.919
35300000 2231.2 7.194 -600.979 249.075 119.319 -164.382
35400000 2360.22 340.398 -269.355 199.724 -44.8766 87.8036
35500000 2793.53 -136.917 -291.885 260.303 344.24 12.3135
35600000 2372.34 188.236 -692.398 255.931 13.1413 -351.237
35700000 2956.84 -216.888 -285.335 187.265 64.0086 -136.572
35800000 3113.06 -17.9882 -718.681 51.9463 337.341 -383.61
35900000 2957.21 -309.156 -606.06 -105.853 492.156 -12.6229
36000000 2849.15 -484.374 -661.778 142.779 410.682 -329.423
36100000 3130.25 -440.135 -662.319 -132.637 362.234 -118.255
36200000 3978.58 -145.379 -479.848 305.565 64.2142 -585.585
36300000 3294.63 -87.4426 -824.143 467.889 20.0942 -285.553
36400000 3658.98 -814.808 -780.923 33.2832 -392.354 -177.996
36500000 3166.92 -45.6987 -980.202 -76.4907 184.546 -214.185
36600000 3679.89 -708.725 -684.306 211.932 283.87 -258.661
36700000 3957.8 -444.59 -584.287 -234.818 -101.524 14.7378
36800000 3800.62 21.8492 -686.74 -114.253 250.517 -30.9341
36900000 3495.47 -779.142 -641.389 23.018 34.3058 76.413
37000000 4046.75 -556.574 -932.302 458.223 435.445 -111.896
37100000 3659.29 -1045.28 -872.341 241.769 316.467 -113.225
37200000 3587.95 -622.562 -756.709 -215.93 20.8312 240.974
37300000 3767.36 -322.672 -460.81 -221.094 379.08 75.8629
37400000 3682.51 -291.737 -1131.75 78.0293 -68.1339 97.4234
37500000 3477.12 -209.994 -247.967 -274.6 -219.61 175.153
37600000 3551.59 106.998 -824.387 -303.7 -129.91 -251.569
37700000 3346.52 -273.39 -905.596 -190.689 -59.6787 -223.709
37800000 2913.64 -11.2595 -252.989 -249.423 210.009 257.092
37900000 3079.59 -250.781 -414.004 -426.186 27.6872 425.645
38000000 3064.56 175.074 -417.836 -184.892 -56.8856 -64.1909
38100000 2886.12 -3.84892 -332.736 -480.541 -328.948 25.3443
38200000 2561.55 -27.896 -631.723 -423.453 402.153 24.4275
38300000 2573.1 136.758 -688.602 -451.162 -15.6975 211.645
38400000 1605.25 -227.028 -205.336 -655.434 316.08 -110.546
38500000 2199.3 58.0447 186.233 -401.609 431.863 32.8136
38600000 1567.27 15.2355 260.778 152.144 286.057 59.1409
38700000 1561.04 262.913 123.526 -177.989 186.11 -132.675
38800000 1627.09 419.32 -211.477 -466.557 40.1215 -27.5899
38900000 977.419 464.268 349.129 -230.306 498.66 287.941
39000000 975.036 500.966 572.265 -447.769 41.0254 54.3061
39100000 939.653 915.208 763.122 -174.323 12.717 -201.487
39200000 1288.93 1098.44 942.553 -671.52 -420.668 -300.897
39300000 483.436 1050.24 683.447 -141.152 23.1674 -157.107
39400000 348.822 712.133 547.641 -90.2059 407.242 52.3441
39500000 164.579 533.246 1284.67 -439.897 -233.236 159.628
39600000 670.841 1136.13 1049.02 -286.167 108.076 37.1184
39700000 -394.416 1180.46 1420.13 -459.063 139.476 -88.9587
39800000 131.463 1206.58 1458.37 -577.952 197.691 275.02
39900000 -181.552 1310.46 1191.53 201.833 335.135 -372.865
40000000 -573.78 1479.89 1371.3 -286.061 -116.555 273.564
40100000 -855.348 1636.51 1393.09 -549.258 -11.7535 163.675
40200000 -1173.28 1339.95 1201.35 -415.711 -226.905 96.8239
40300000 -736.911 1839.7 1632.94 -683.636 162.201 -46.49
40400000 -726.074 1493.89 1898.75 -490.047 69.4445 288.771
40500000 -1089.86 1385.85 1240.06 -363.363 -300.993 112.008
40600000 -1689.62 1280.76 1795.11 -297.187 197.249 -214.264
40700000 -1822.08 1643.88 1646.35 -329.264 27.8383 -42.2804
40800000 -1277.91 2138.95 1965.78 12.0471 227.517 -342.156
40900000 -1311.31 1832.42 1343.13 -637.824 -165.652 -306.087
41000000 -2191.06 2354.82 1346.58 -42.9083 -206.254 -328.641
41100000 -2180.96 1926.77 2239.61 -414 -109.282 0.376774
41200000 -1820.37 2502.92 2042.82 -231.692 3.73465 -395.81
41300000 -2231.36 2293.4 1970.69 -501.964 80.2851 -1.1545
41400000 -1497.97 2510.85 1511.43 -192.793 1.10281 -109.209
41500000 -1645.22 2620.45 1538.3 -166.257 -15.5092 -76.4571
41600000 -1642.19 1796.31 2017.24 72.3928 13.0489 -84.3579
41700000 -1527.77 2095.85 2183.46 -154.12 83.4092 -452.368
41800000 -1963.45 2617.6 2630.03 -145.88 63.0491 77.2799
41900000 -1836.76 1771.38 1571.7 -611.416 6.77336 140.342
42000000 -1419.61 2194.83 1802.61 3.13942 48.0958 -151.549
42100000 -2013.87 2594.05 1974.4 99.9184 -197.329 31.7813
42200000 -1433.06 1980.95 1795.93 212.229 -199.816 -7.10773
42300000 -870.367 1616.82 2065.19 23.0913 -163.802 204.728
42400000 -1059.48 1951.27 2118.43 -220.93 144.793 316.361
42500000 -1825.21 1998.85 2228.47 -312.089 133.713 -239.908
42600000 -1347.61 2425.17 1772.7 200.64 132.331 253.06
42700000 -1670.46 2383.41 1757.33 366.916 89.4035 166.153
42800000 -1630.26 1954.99 2161.82 -362.846 -14.2954 21.7602
42900000 -1151.77 1910.12 1440.96 -225.569 -282.939 -162.346
43000000 -1492.58 2220.55 1593.39 -248.307 -172.631 202.119
43100000 -775.888 1812.52 1908.88 -363.284 -196.629 297.287
43200000 -1206.91 2041.91 947.582 -208.696 26.7608 207.101
43300000 -439.557 1512.21 715.352 -45.8337 19.1243 188.835
43400000 -392.771 1472.77 1129.45 -139.623 95.9059 213.237
43500000 -628.452 1308.37 1432.87 -441.732 38.0132 79.4539
43600000 -179.467 1457.84 876.399 -394.237 53.3064 179.428
43700000 -670.487 1343.61 568.239 -607.105 -112.417 118.311
43800000 37.712 870.124 1288.02 -239.127 316.127 167.29
43900000 50.0945 1330.45 860.1 -329.202 50.9766 318.77
44000000 336.778 1253.91 413.811 -498.811 246.437 440.421
44100000 740.227 600.247 635.962 -106.322 75 208.497
44200000 1427.52 214.906 131.421 -33.866 -96.6402 171.788
44300000 629.98 957.157 447.533 -306.761 313.647 -300.403
44400000 894.078 717.622 258.775 -41.7614 -75.832 59.8636
44500000 1206.56 534.154 -26.9054 -408.527 182.22 -33.3506
44600000 1242.92 299.619 639.082 -594.768 -7.3511 -93.9428
44700000 1167.19 63.7227 177.52 -198.316 57.0921 158.316
44800000 1652.47 -80.2776 369.534 -314.452 127.072 -239.373
44900000 1698.28 -0.606889 -89.1086 -89.6731 -20.763 66.6224
45000000 2010.7 509.998 112.834 -254.406 -93.0347 -212.579
45100000 2236.71 70.5397 -157.196 -376.546 113.775 38.621
45200000 2751.62 -146.922 -658.024 -763.097 322.484 257.564
45300000 2038.91 539.905 -360.966 -229.853 175.866 -94.6946
45400000 2500.82 346.875 -643.997 -365.669 -470.694 268.567
45500000 2637.53 212.591 -537.7 -230.707 68.2304 45.1006
45600000 2571.64 70.6928 -320.894 -243.764 494.827 -112.575
45700000 2700.67 177.45 -664.386 -379.646 288.413 325.986
45800000 2994.69 -536.995 -235.555 -216.563 -0.0887185 -34.3994
45900000 2404.2 7.933 -702.748 62.7859 349.282 264.812
46000000 3351.67 -111.719 -1039.5 -118.301 298.876 -254.239
46100000 3111.86 -300.808 -368.585 -57.4794 -102.5 446.75
46200000 3502.17 -52.3659 -1127.66 217.068 376.755 -258.241
46300000 2725.12 -349.755 -595.148 130.331 180.146 229.858
46400000 3536.81 -626.345 -1038.57 -134.993 -81.511 -22.01
46500000 3437.04 -963.134 -760.766 286.265 155.646 -307.307
46600000 3746.3 -389.152 -569.177 -3.02424 191.602 -331.226
46700000 3358.4 -364.408 -863.401 -217.666 78.7811 -450.745
46800000 3596.75 -277.508 -553.352 208.495 -451.378 -696.47
46900000 3355.12 -434.176 -1214.1 173.599 -79.1091 -394.476
47000000 4147.16 -710.42 -898.116 -255.821 308.768 -41.4668
47100000 3692.92 -751.089 -415.378 324.326 405.838 -841.51
47200000 3498.22 -653.843 -312.191 -141.949 -2.49905 -326.164
47300000 2731.55 -120.353 -291.409 -13.8507 86.3909 -359.85
47400000 3264.37 -752.161 -369.237 151.792 60.6266 -124.82
47500000 3024.74 -795.657 -423.685 -88.896 348.328 -57.8074
47600000 3418.88 -732.783 -603.155 -138.6 189.415 -621.146
47700000 3312.9 -162.332 273.758 158.485 81.8383 232.023
47800000 2811.47 -290.211 160.027 83.5708 185.887 364.013
47900000 2968.93 -275.002 -21.7848 -229.084 -223.551 -93.3009
48000000 3060.02 -165.912 -106.087 -308.333 -50.5834 278.753
48100000 2490.43 -86.6671 84.6777 75.2191 -8.9927 137.171
48200000 2587.7 -926.189 695.65 194.732 -12.3019 -114.745
48300000 2285.77 -1.41707 -148.671 -179.375 -227.593 -43.9483
48400000 1841.67 531.834 196.392 -159.698 9.84004 -5.37623
48500000 1802.6 287.843 -318.409 121.762 47.3516 -163.79
48600000 1762.44 812.769 -508.63 -41.859 -217.825 36.1444
48700000 1669.59 788.89 129.562 127.391 -247.549 157.795
48800000 1405.69 638.962 91.3757 -143.879 -261.979 -176.837
48900000 826.38 617.118 471.249 -426.359 -84.0099 -3.6784
49000000 942.3 705.397 -125.371 -120.342 48.3225 -72.4302
49100000 810.469 95.85 458.059 -255.566 357.386 -121.682
49200000 813.726 514.912 1366.48 -183.329 104.367 -211.824
49300000 610.949 860.157 611.095 51.4083 401.982 -175.155
49400000 531.374 919.659 1182.09 -107.702 191.821 -56.6848
49500000 391.694 799.265 951.754 88.058 26.9857 -16.1219
49600000 68.4609 710.931 1019.8 -118.543 254.339 92.0291
49700000 328.305 1296.58 675.32 -4.03024 127.231 -81.0298
49800000 -499.441 1350.84 731.58 -62.4096 221.472 40.0394
49900000 6.33751 1658.77 1361.77 205.375 -79.1612 109.174
50000000 -290.065 1038.23 987.243 29.2722 -33.9321 -76.9783
50100000 -848.582 1464.69 1868.88 114.408 11.5727 -80.1321
50200000 -992.117 1715.57 1701.44 93.7779 -184.843 -52.6112
50300000 -1006.06 1980.94 1006.24 417.428 52.0632 334.607
50400000 -1177.56 1501.22 1239.25 364.506 -1.29831 87.5663
50500000 -1649.06 1516.64 2055.79 10.3132 -202.215 -224.264
50600000 -1015.06 1917.65 2040.07 -217.536 51.7273 -191.964
50700000 -1535.63 1825.46 1341.15 80.4697 -185.553 -239.43
50800000 -2015.37 1728.68 2144.18 -91.8158 -361.219 -508.747
50900000 -1627.43 1735.04 1867.15 -419.989 -24.5719 7.93217
51000000 -2064.76 2239.58 1884.42 220.066 -54.9694 -13.2236
51100000 -1880.23 2033.47 2574.87 228.281 212.219 -122.216
51200000 -2841.63 2138.71 1638.38 -15.2777 220.252 -345.365
51300000 -1668.06 2006.16 1859.32 230.664 110.91 -193.538
51400000 -2346.19 2024.13 2023.26 159.661 -149.141 -218.686
51500000 -1859.93 2109.91 1613.19 -25.675 290.262 -193.866
51600000 -2062.19 2100.63 2466 14.5164 249.271 -245.171
51700000 -1993.84 2489.05 2006.79 -316.762 240.67 -157.265
51800000 -2451.55 2198.64 2003.38 -155.455 74.8995 -323.065
51900000 -1843.22 2635.36 1723.06 327.039 314.353 -143.576
52000000 -2011.29 1884.39 2067.32 -368.389 32.6786 -270.241
52100000 -1445.73 2576.09 2118.88 -286.141 342.58 -166.143
52200000 -2443.07 2140.34 2153.47 -197.204 9.39229 -454.067
52300000 -1876.26 2254.75 2188.39 79.467 -83.9079 -82.6447
52400000 -1974.49 2304.41 2134.21 -227.221 645.634 -200.618
52500000 -1501.67 2034.26 1851.79 -385.533 186.077 -581.42
52600000 -1826.22 2195.91 2278.5 -362.986 302.48 3.62546
52700000 -1312.74 2191.31 1710.98 277.585 140.246 -421.005
52800000 -1436.63 2483.53 2008.69 -356.792 -155.477 91.6822
52900000 -1655.4 1793.6 1406.89 -44.0451 429.529 20.6047
53000000 -1596.28 1786.92 1735.58 -201.255 441.958 -360.592
53100000 -1058.14 2161.74 1168.28 -155.88 -349.3 -548.658
53200000 -1340.01 1254.58 1288.43 -335.384 -211.069 -453.016
53300000 -790.854 1537.37 1322.88 -182.967 -5.7392 -215.368
53400000 -1009.91 1097.76 828.803 -18.6366 190.983 -170.06
53500000 -564.46 1175.67 912.236 -394.493 -57.3733 -467.227
53600000 -967.854 1530.19 1744.88 -132.674 -18.8455 -285.073
53700000 -252.68 1129.32 1169.76 70.8971 -167.584 -163.622
53800000 8.98941 1053.31 941.856 -422.35 -85.6364 249.755
53900000 240.01 789.33 815.711 -125.028 333.951 -124.409
54000000 475.085 855.525 1188.67 -62.4471 65.6189 -26.2316
54100000 605.759 507.397 722.202 -469.554 311.561 170.517
54200000 517.034 722.919 695.97 -287.069 44.5972 -79.3686
54300000 1122.95 40.6045 162.615 -146.272 118.49 -227.183
54400000 1043.18 130.056 755.986 -530.122 -229.916 -295.917
54500000 929.992 531.047 725.986 -189.21 99.6296 36.3749
54600000 1441.81 492.025 -14.5635 44.0653 72.0542 106.542
54700000 1827.84 259.698 -98.5349 -408.341 518.137 -300.313
54800000 1303.16 111.103 -126.631 -175.709 -13.8263 7.84887
54900000 1672.26 -373.922 -54.0784 -300.127 -94.3504 -156.818
55000000 1887.46 -254.386 -26.699 -430.487 -118.694 -160.235
55100000 1684.1 57.1851 -155.059 -207.228 -146.697 27.2789
55200000 1838.36 -346.045 -275.078 -811.19 -378.208 -340.895
55300000 2097.19 142.454 -804.698 -444.093 124.577 -129.829
55400000 2213.91 22.7808 -286.483 -106.174 4.44589 265.532
55500000 2376.75 -169.096 -185.541 -183.897 -210.137 333.021
55600000 2073.71 -496.601 -230.309 -203.528 187.244 481.455
55700000 2388.72 -341.143 -251.669 -285.411 65.725 23.3808
55800000 2575.16 -412.75 -156.243 -611.677 242.397 336.927
55900000 2868.87 -557.023 -997.643 -649.847 -359.149 26.646
56000000 3475.32 -654.781 -309.869 -216.348 818.396 172.435
56100000 3038.64 -677.962 -817.199 -344.318 287.463 236.157
56200000 2691.81 -632.807 -454.407 -73.9857 189.609 612.141
56300000 2934.62 -818.427 -732.32 -116.469 72.8645 10.7173
56400000 2487.22 -682.833 -294.206 -232.786 252.628 -119.568
56500000 3586.55 -440.527 -687.526 -240.111 188.707 -35.6223
56600000 3074.42 -592.831 -1169.77 25.6243 42.6793 -94.7067
56700000 3226.3 -276.547 -1062.27 -400.728 125.991 208.655
56800000 2920.03 -97.7578 -844.174 -146.136 -24.3565 49.9157
56900000 3167.77 -475.01 -479.251 -346.985 104.869 -93.1479
57000000 3008.33 -431.202 -402.392 -117.2 30.2426 -157.763
57100000 3499.85 -528.104 -1126.9 -9.32776 153.729 -33.2136
57200000 3159.52 -634.919 -593.677 -111.802 -249.522 34.6962
57300000 3199.96 -589.439 -228.087 -261.453 -195.872 110.24
57400000 2733.76 -96.9382 -350.488 -18.5002 -34.6771 48.1785
57500000 2586.92 -352.832 -465.873 -501.86 -120.172 -115.518
57600000 2612.26 -385.27 -865.493 -63.7115 100.181 -269.808
57700000 2993.82 -471.689 -1127.68 -129.764 -43.9799 -143.021
57800000 2670.73 -464.496 -619.208 79.8299 -119.578 -106.218
57900000 2602.71 -344.9 -470.869 34.913 9.11599 109.751
58000000 2480.53 -185.56 -220.338 -396.858 23.8956 89.4417
58100000 2273.74 -238.987 -55.8268 -342.377 -45.4465 -52.3442
58200000 2531.95 -453.945 -316.735 -248.289 -206.355 408.367
58300000 2306.95 -539.211 347.143 -334.274 193.391 87.0175
58400000 1982.44 -144.918 139.36 105.136 80.4049 228.672
58500000 1235.87 479.733 424.261 -387.523 148.972 437.225
58600000 1376.78 515.977 168.764 -246.825 374.914 78.795
58700000 1014.18 -3.10689 66.114 -142.739 111.472 296.177
58800000 1537.38 276.159 481.405 -388.628 107.562 305.71
58900000 807.641 56.6944 578.725 -464.945 -175.637 212.884
59000000 1139.88 244.625 433.447 -530.009 57.5659 447.274
59100000 912.976 -166.519 448.543 -167.376 -297.882 196.951
59200000 637.777 389.426 890.865 -462.208 -6.69085 249.771
59300000 243.657 556.025 478.136 -241.597 -110.687 346.094
59400000 145.426 688.957 830.575 -402.004 -106.304 239.533
59500000 -152.676 957.653 786.294 -435.654 -100.621 190.867
59600000 217.285 646.537 917.143 -402.902 56.4136 189.977
59700000 -931.409 1187.8 1080.32 -173.376 118.031 228.556
59800000 -615.713 1160.14 1085.13 -35.9079 280.97 516.401
59900000 -723.604 1096.92 1457.47 -66.7255 167.073 320.519
60000000 -972.403 767.157 1463.08 -331.395 416.823 72.2975
60100000 -1227.9 1404.46 1953.95 -450.446 453.955 331.342
60200000 -914.051 1243.37 1718.28 -749.728 210.069 124.806
60300000 -1241.78 969.346 1671 -257.556 248.31 288.073
60400000 -1361.64 1041.12 1059.46 -172.909 30.249 170.487
60500000 -1717.59 1809.28 1680.6 -309.86 392.826 267.445
60600000 -1618.03 1376.57 2063.91 -264.846 350.104 50.1106
60700000 -1914.14 1443.31 2130.08 -239.016 201.844 190.568
60800000 -1722.62 1529.76 2202.06 -400.198 256.543 96.388
60900000 -1586.63 1565.67 1851.89 -351.035 8.26288 183.769
61000000 -1817.55 1658.43 2008.63 -129.114 355.869 169.061
61100000 -1684.83 2349.02 1734.44 171.725 195.245 133.024
61200000 -1804.69 2153.26 1728.82 -86.6147 349.698 217.023
61300000 -1862.14 2005.45 1729.57 -323.533 231.982 135.847
61400000 -1434.85 1855.35 1627.07 -330.278 448.483 241.881
61500000 -2008.53 2211.05 2112.38 -175.306 -153.066 222.058
61600000 -1444.23 1943.73 1629.85 -545.021 304.185 36.4498
61700000 -1705.06 1945.55 1430.98 -18.0194 513.599 320.025
61800000 -1835.52 1486.65 1621.34 -456.354 348.255 -40.1304
61900000 -2078.01 1987.4 1260.93 -157.591 583.27 152.019
62000000 -1943.36 2002.04 2066.12 -71.1363 279.288 129.644
62100000 -1975.56 2135.62 1917.34 -7.35204 330.733 28.0008
62200000 -1906.99 2255.46 1570.25 -115.392 312.392 250.44
62300000 -1463.41 2224.46 1404.65 -9.16664 134.015 101.628
62400000 -2048.04 1870.47 2248.04 -47.1079 291.702 179.958
62500000 -1770.7 1662.22 2031.13 -220.306 0.452723 53.8673
62600000 -1644.85 2073.91 1854.48 -15.2144 144.734 359.04
62700000 -1357.9 1620.06 2106.33 55.4262 89.5093 253.792
62800000 -1214.47 1931.5 1697.32 -94.5993 230.154 330.827
62900000 -1391.19 2023.01 1314.36 -352.096 -128.079 -133.674
63000000 -1643.05 1816.5 1675.34 101.409 235.82 134.233
63100000 -1388.36 1972 1428.67 99.4309 167.509 454.65
63200000 -639.877 1624.44 1550.15 -269.182 414.63 82.8907
63300000 -1351.4 1928.9 1512.01 -76.02 478.905 63.4022
63400000 -887.627 1729.61 942.224 -320.006 102.509 297.516
63500000 -1084.63 1526.69 1135.15 -310.039 444.088 123.715
63600000 -462.962 1598.15 549.567 -321.278 69.168 223.301
63700000 -516.067 1357.79 1255.72 -371.015 218.435 290.191
63800000 -473.356 1505.28 597.306 -440.543 286.32 522.881
63900000 67.0792 1639.32 857.539 -480.906 217.312 12.5362
64000000 345.271 934.674 426.356 -223.155 -30.2119 487.452
64100000 436.913 618.087 390.616 -350.626 182.928 -87.5262
64200000 33.5114 831.841 415.81 -114.17 192.6 65.8388
64300000 329.851 595.288 381.387 -257.207 208.564 4.50092
64400000 436.499 325.981 542.675 -77.1836 182.983 -610.478
64500000 688.592 191.51 462.935 -23.4528 525.998 -299.998
64600000 1144.47 426.631 501.571 -35.8434 283.767 -135.47
64700000 968.213 610.912 546.557 184.466 758.707 -185.205
64800000 1195.75 244.832 800.329 -284.265 465.445 -123.2
64900000 943.714 713.394 387.005 -125.006 517.304 156.604
65000000 1303.43 382.627 77.025 126.716 189.047 -291.583
65100000 1449.77 769.444 89.2177 -238.267 264.233 203.796
65200000 1530.13 300.486 136.105 -224.58 380.211 -42.6521
65300000 1603.66 109.776 -410.242 74.1943 610.102 98.9092
65400000 1813.61 391.597 56.898 120.922 722.224 -39.965
65500000 2254.07 -345.468 -98.7049 238.756 664.37 -55.9212
65600000 2103.46 106.874 111.464 0.845105 317.845 -47.0357
65700000 2753.7 -404.572 -593.405 89.8438 207.524 46.2329
65800000 3029.67 -353.825 -314.528 -89.4855 220.956 50.9554
65900000 2887.66 -248.128 -350.617 -60.7744 384.805 33.6171
66000000 3134 -301.746 -422.516 299.303 297.79 170.391
66100000 3356.91 -583.093 -911.821 332.063 55.3346 -102.738
66200000 3343.97 -393.593 -934.163 85.3584 286.305 -295.487
66300000 3104.17 -824.424 -965.619 -78.2329 96.4617 121.522
66400000 3897.23 -272.708 -532.682 -94.6495 335.299 228.011
66500000 4241.11 -248.501 -1354.67 -123.796 -189.771 -111.654
66600000 3809.94 -561.577 -1292.41 83.5298 -5.99334 -265.736
66700000 4144.5 -738.254 -1195.94 -279.353 169.72 -195.346
66800000 3561.18 -631.884 -1294.36 -207.993 -25.6191 26.5308
66900000 4047.77 -131.782 -860.63 -235.07 373.658 -36.6702
67000000 3164.66 -473.851 -1134.59 -141.939 237.39 -197.563
67100000 3073.55 -426.369 -613.16 -176.481 299.533 218.584
67200000 3356.55 147.111 -474.709 -323.118 431.09 -211.747
67300000 3245.82 37.5566 -441.576 -194.192 278.524 6.88481
67400000 3201.14 201.726 -244.274 -199.717 366.852 -44.3551
67500000 3435.1 -167.562 -534.868 7.16985 355.521 348.479
67600000 3101.25 -140.472 -875.918 -146.801 210.305 -29.3843
67700000 3330.88 152.571 -604.898 -23.8939 473.218 -269.107
67800000 2908.35 23.3681 -482.49 -35.0439 226.891 15.825
67900000 3331.93 -345.261 -831.547 -278.13 464.065 16.248
68000000 2641.68 -152.73 -971.593 -133.983 68.9307 220.454
68100000 2411.85 160.691 -450.494 -57.2889 -38.1034 104.745
68200000 2381.1 828.204 -754.365 -185.134 109.759 87.0981
68300000 1874.34 476.92 -593.018 -211.624 -166.381 -121.367
68400000 1860.7 572.136 -246.569 -18.492 197.972 179.313
68500000 949.121 562.632 8.39531 -101.079 71.8849 54.3118
68600000 1564.77 924.911 -439.64 -102.047 209.507 -112.732
68700000 1359.97 977.313 -110.905 -234.634 228.933 447.382
68800000 1420.54 277.349 65.4858 -193.242 -23.3774 28.6161
68900000 1460.91 676.783 -154.694 -149.778 -56.3384 108.002
69000000 970.526 558.218 -85.5576 -76.7763 -88.8745 208.438
69100000 875.215 917.783 -110.931 -19.4964 -245.675 354.333
69200000 997.495 1271.01 437.856 116.111 -55.8283 -396.867
69300000 272.617 1259.18 421.394 -184.361 -438.567 -0.803778
69400000 959.879 1472.48 497.736 -205.864 -247.523 -205.538
69500000 428.097 1087.42 785.492 152.23 -270.427 -100.073
69600000 -197.101 1303.61 653.109 37.5309 -276.268 74.9494
69700000 -159.456 1543.91 796.48 -94.3399 -77.0437 -15.6528
69800000 -299.971 1280.36 925.523 101.582 39.1062 -52.6529
69900000 -462.317 2004.92 933.226 -172.186 17.097 25.4831
70000000 -396.025 1653.89 682.923 -54.5503 -127.958 154.749
70100000 -901.398 1582.24 910.125 -196.207 -12.4548 -179.391
70200000 -974.253 1786.24 1324.96 183.125 151.81 204.81
70300000 -1416.74 2299.4 1527.23 -45.719 8.28847 -77.1492
70400000 -1071.68 2619.6 1052.85 36.1298 70.2116 295.402
70500000 -1500.13 2707.12 1256.86 118.956 4.98201 88.2571
70600000 -1988.55 2002.81 1205.17 378.2 408.633 154.961
70700000 -2214.1 2204.23 1328.47 -181.871 216.053 454.454
70800000 -1900.74 2278.53 1492.69 246.202 89.9187 298.033
70900000 -1855.64 2301.4 1641.17 109.449 169.297 143.612
71000000 -2023.98 2564.28 1467.78 -97.7874 359.144 345.894
71100000 -2791.25 2393.44 1867.73 -340.656 136.959 419.27
71200000 -1911.43 2029.83 1878.05 -32.4577 -233.471 145.236
71300000 -2287.09 2437.62 1823.43 -190.252 11.1046 346.999
71400000 -1863.05 2257.87 1884.08 -131.349 -256.367 23.1383
71500000 -1980.6 2938.1 1879.08 50.3047 163.701 307.372
71600000 -1797.26 2264.7 1979.2 90.5416 -153.825 220.086
71700000 -2319.84 2456.17 1831.08 -147.052 3.06109 350.688
71800000 -2223.95 2211.51 2279 -160.393 -288.905 202.493
71900000 -2394.8 2716.59 1449.39 242.63 -203.362 491.968
72000000 -2044.87 2299.44 1970.07 -300.898 79.337 452.606
72100000 -1875.64 2215.16 2216.41 245.323 -320.036 470.567
72200000 -1971.98 1637.38 1451.4 -129.036 -317.582 105.867
72300000 -1848.54 2045.79 2208.41 -96.8261 -82.7747 -49.2065
72400000 -2339.83 2317.43 1831.48 -263.194 -139.745 224.569
72500000 -2433.64 2370.34 1957.66 -184.326 -232.528 141.549
72600000 -1172.4 2030.02 1958.59 34.5517 -164.548 285.308
72700000 -1711.82 1637.02 1787.44 112.558 -357.279 174.327
72800000 -1260.73 2299.04 1792.02 234.499 -449.607 324.149
72900000 -1342.21 1914.11 1765.36 -156.585 -665.29 152.417
73000000 -1679.9 1801.63 1833.61 -355.448 -437.069 544.705
73100000 -1234.98 1640.63 2077.36 237.912 -484.371 410.186
73200000 -973.433 1327.85 1046.92 193.003 -637.873 253.376
73300000 -806.475 1096.37 1505.07 119.018 -502.253 235.059
73400000 -891.214 1381.01 1302.04 -37.8314 -275.706 39.4081
73500000 -858.327 1418.4 1182.76 222.863 -453.261 -75.6432
73600000 -209.669 1063.84 703.172 -269.13 -85.7051 411.595
73700000 -207.547 634.5 1084.14 -158.066 -407.115 91.6865
73800000 -567.179 970.93 487.542 -89.1372 -662.181 639.585
73900000 85.5195 1306.25 599.402 404.766 -322.11 565.322
74000000 420.312 1041.8 1463.3 -28.14 -328.542 95.9059
74100000 619.63 1175.15 926.085 -0.519088 -369.201 24.4052
74200000 600.082 664.722 847.523 93.7144 -23.1803 255.823
74300000 628.945 465.747 340.536 259.652 -608.325 251.369
74400000 464.088 969.838 577.449 231.937 -573.72 155.239
74500000 912.607 553.357 169.027 188.854 -620.099 377.631
74600000 1541.38 603.093 317.834 164.097 -633.14 312.925
74700000 1389.79 292.345 267.788 283.547 -537.989 350.174
74800000 1733.77 210.777 176.591 224.158 -337.484 288.653
74900000 1705.05 255.226 -305.672 523.934 -475.633 46.4136
75000000 1847.86 366.173 -374.158 352.82 -435.601 304.73
75100000 2500.53 129.797 -125.049 167.409 -782.336 336.524
75200000 2679.29 111.922 -529.282 -183.867 -417.815 -18.6191
75300000 2348.03 -310.831 -455.58 101.481 -783.41 384.807
75400000 2109.6 257.104 -825.208 280.942 -206.899 57.3453
75500000 2652.47 -295.905 -389.142 -117.79 -434.322 313.122
75600000 2788.71 -32.0089 -425.161 238.613 -450.289 -1.30142
75700000 3091.74 159.432 -975.557 13.2833 -428.473 242.357
75800000 3080.75 -680.269 -864.271 327.208 -400.059 487.486
75900000 2826.92 -508.701 -795.768 49.9717 -283.972 520.661
76000000 3538.5 -186.983 -719.81 239.375 -378.848 532.541
76100000 3351.88 -1024.76 -840.654 -92.1432 -625.281 40.9645
76200000 3304.1 -632.352 -784.621 13.5705 -464.106 44.429
76300000 2708.21 -141.533 -1485.69 -7.80227 -246.889 1.76932
76400000 3684.51 -513.085 -1091.18 -203.062 -680.563 135.116
76500000 3117.03 -374.695 -1351.99 -151.8 -660.878 505.626
76600000 3460.58 -481.482 -1185.78 90.9005 -405.774 527.834
76700000 4090.24 -316.992 -1201.23 -73.0723 -175.956 393.088
76800000 3597.29 -204.974 -922.271 -62.3421 -74.5534 135.248
76900000 3113.89 -516.008 -492.799 43.8477 194.839 450.605
77000000 3237.74 -297.861 -1160.6 -106.293 -257.285 101.343
77100000 3600.49 287.187 -1382.93 -3.01767 -389.11 474.3
77200000 3932.2 -121.857 -1245.45 -49.1508 71.3337 487.803
77300000 2918.46 -394.982 -706.966 -86.8801 -459.948 399.242
77400000 3072.87 -159.627 -812.411 240.858 -470.189 276.412
77500000 3491.69 211.766 -675.214 27.1342 -227.272 458.513
77600000 3111.67 -43.3094 -609.697 1.0566 -9.83401 515.324
77700000 3232.17 -470.779 -893.952 406.559 -530.59 556.269
77800000 2914.34 -382.399 -643.272 -13.5283 -430.297 320.732
77900000 2884.79 -554.859 -641.211 411.777 -223.995 430.069
78000000 2918.64 -244.166 -345.883 182.191 -55.3044 461.101
78100000 3252.57 396.913 -265.28 -56.7284 79.7609 352.934
78200000 2227.83 256.266 -199.758 131.29 -203.335 710.335
78300000 2135.82 305.627 -108.983 -43.838 -265.65 363.688
78400000 2227.82 1.03956 -255.325 32.6364 -249.238 46.4182
78500000 1978.64 106.605 231.024 48.3946 127.138 132.59
78600000 1574.6 534.474 351.868 328.517 196.174 345.142
78700000 1043.97 435.309 161.918 -65.2579 83.9832 622.483
78800000 1727.58 335.239 109.723 -195.126 -82.5959 98.6784
78900000 1186.8 456.428 347.722 20.3949 -93.3928 259.603
79000000 1417.32 518.111 726.856 -331.038 -282.829 219.566
79100000 930.098 1062.61 423.794 -615.034 57.7731 22.9762
79200000 1159.06 898.643 305.023 -58.8652 -254.024 305.567
79300000 767.109 177.154 797.559 -27.59 7.04879 136.676
79400000 390.5 752.852 1006.9 -65.0661 145.595 559.66
79500000 469.455 820.079 499.974 192.424 -268.308 86.8261
79600000 265.016 1163.32 933.715 -154.129 -287.257 393.575
79700000 145.99 1007.63 727.735 -106.28 308.611 236.92
79800000 29.1574 609.202 1380.12 314.74 123.615 219.053
79900000 138.891 815.97 1222.72 97.7039 72.4154 -287.987
80000000 -239.603 638.78 1429.11 -641.751 -200.482 181.354
80100000 -702.588 1599.7 1643.89 -360.617 -515.819 118.585
80200000 -722.348 1493.59 1384.17 -295.2 288.131 243.392
80300000 -890.85 1538.76 1434.71 -173.536 -310.155 75.6612
80400000 -1598.13 1625.49 1644.11 -284.113 244.6 344.344
80500000 -1263.33 1601.89 1694.98 -187.467 84.2446 329.773
80600000 -1220.19 1779.43 1450.83 -158.302 245.618 186.381
80700000 -1011.2 1669.69 1596.14 -311.74 38.474 187.299
80800000 -1587.09 1977.44 1696.83 -121.479 -11.1477 -5.13985
80900000 -1927.46 1606.93 1345.05 -119.306 169.977 71.4226
81000000 -1480.71 1962.76 1706.37 -156.198 178.632 -7.39725
81100000 -1636.21 1910.65 1851.23 -324.44 162.995 367.566
81200000 -1507.09 2054.31 1790.11 -443.74 150.882 702.38
81300000 -1699.95 1807.07 1686.33 -154.228 250.625 -23.813
81400000 -1418.17 1626.74 1371.24 91.7976 294.422 21.1346
81500000 -1729.62 1823.47 1600.41 -276.569 -42.3658 215.396
81600000 -1387.49 2208.07 1548.88 -56.8748 422.142 366.519
81700000 -1861.97 1944.91 1796.98 -309.042 152.217 420.235
81800000 -1234.49 1809.13 1830.61 -67.7629 232.191 -356.322
81900000 -1692.84 2105.84 1692.2 -355.207 168.358 170.491
82000000 -1644.17 2132.39 1710.75 -309.507 289.047 -33.0397
82100000 -1687.89 2023.7 1908.77 -581.755 129.582 -285.34
82200000 -2021.72 2326.78 1953.44 46.1727 84.4219 445.196
82300000 -1289.09 1381.96 1911.67 112.516 0.415297 199.077
82400000 -1769.97 2050.96 1739.6 82.6937 6.88919 118.021
82500000 -1669.8 1988.84 1782.4 47.084 32.434 177.397
82600000 -1372.03 1761.43 1624.23 80.6896 290.187 339.877
82700000 -1100.63 1517.06 2057.15 -157.316 -123.223 220.272
82800000 -1234.05 1205.73 1653.94 -125.553 -30.5189 215.899
82900000 -1140.81 2173.69 1613.28 207.362 576.399 -15.1201
83000000 -329.713 1412.36 1765.5 93.857 167.63 172.302
83100000 -566.566 1538.2 1331.96 4.39422 251.266 -103.939
83200000 -545.961 1350.06 1118.39 116.47 241.799 22.4096
83300000 -639.357 951.343 1051.31 109.623 361.818 224.722
83400000 -431.947 1247.74 1092.78 337.265 -95.0344 98.3416
83500000 327.439 980.598 901.595 -150.861 -0.846532 -19.2909
83600000 -414.842 1232.22 1489.87 231.858 24.9056 96.2491
83700000 -681.948 1105.24 1316.87 -239.767 -343.96 173.812
83800000 -270.002 743.744 882.369 140.992 -238.211 -58.6646
83900000 500.954 800.005 451.421 257.836 -162.084 -136.835
84000000 405.687 459.278 796.293 551.645 41.0311 97.1208
84100000 731.975 86.8147 1037.14 166.111 -324.306 -71.7953
84200000 798.76 497.103 159.918 442.166 -140.396 105.293
84300000 639.065 629.457 304.934 448.6 319.292 26.5883
84400000 1041.85 352.081 499.978 270.264 -73.7031 82.3548
84500000 1194.16 -210.24 -265.522 2.17016 313.496 -151.111
84600000 1802.47 530.613 -206.918 -95.0272 36.4692 213.037
84700000 1412.33 560.239 1.91778 79.2263 -302.707 -302.799
84800000 1744.51 41.654 90.5086 184.471 -321.728 -321.873
84900000 1997.15 -138.503 -253.812 248.926 63.9015 -359.257
85000000 1806.91 -345.41 -265.064 27.3701 321.907 -147.95
85100000 2027.87 -311.688 -336.295 331.661 -55.0254 30.5961
85200000 2003.87 -265.072 -225.788 -59.9647 163.921 -457.884
85300000 2083.67 -573.19 23.0217 125.291 105.638 -166.706
85400000 2740.15 -4.92893 -250.433 468.369 65.5617 -68.1388
85500000 2774.27 -701.311 -463.122 -46.2979 80.8942 50.6906
85600000 2876.98 -340.429 -444.798 100.758 -179.27 -93.1548
85700000 3341.51 -282.325 -1000.09 93.0945 -99.247 -42.2616
85800000 2931.61 -700.631 -1039.88 78.9844 34.8887 111.211
85900000 2733.84 -269.391 -985.285 520.57 197.878 -28.3496
86000000 2867.49 -306.232 -349.013 -67.2158 472.618 -136.502
86100000 3027.15 -930.177 -644.901 558.929 244.742 -45.9036
86200000 3196.67 -261.089 -747.39 44.637 231.166 -5.52569
86300000 3238.46 -628.948 -963.908 -148.142 -129.57 95.9574
86400000 3022.66 -551.014 -783.556 -308.121 201.176 -282.201
86500000 3584.56 -510.488 -702.754 289.254 -144.721 -15.9004
86600000 2908.49 -767.898 -828.566 312.826 -38.9574 118.545
86700000 3613.16 -401.175 -33.533 105.217 242.915 34.6546
86800000 3573 -599.978 -549.848 183.748 35.4027 185.42
86900000 3314.35 -124.228 -495.827 445.207 76.1963 32.7722
87000000 3824.1 -24.1327 -944.104 549.309 -60.8496 -137.463
87100000 3335.93 -337 -244.578 99.1643 -87.9246 299.371
87200000 3484.95 -295.982 -686.81 -198.332 -361.188 -58.4846
87300000 3313.8 -486.651 -301.164 187.398 -416.509 -114.686
87400000 3051.76 -461.617 -309.563 117.817 -122.715 157.568
87500000 3179.02 -58.4297 -295.297 -103.801 -117.289 167.99
87600000 3085.3 -692.697 -183.484 174.329 -184.457 -181.805
87700000 2763.69 -493.228 54.1943 230.405 8.11307 17.1369
87800000 2614.77 183.651 -21.8885 -126.088 211.667 203.131
87900000 2886.42 -320.327 86.9562 2.21548 -3.56626 466.197
88000000 2536.07 -295.772 236.718 247.497 343.476 117.225
88100000 2128.59 -303.592 235.379 343.112 81.4417 315.826
88200000 2455.34 -185.78 295.74 170.872 -172.775 358.563
88300000 2528.99 -609.806 400.91 417.658 429.646 318.175
88400000 2106.32 -145.096 381.472 212.415 -195.079 293.718
88500000 1259.05 -126.171 389.57 86.7942 116.083 500.206
88600000 1534.79 -489.141 762.766 233.87 141.15 295.116
88700000 1234.37 -52.7969 748.352 57.4119 61.0672 -25.3692
88800000 1187.11 187.437 487.228 254.947 -34.2791 248.664
88900000 454.13 381.049 439.243 203.445 157.951 1.93553
89000000 362.28 449.087 816.208 -285.185 344.615 73.2055
89100000 552.155 663.438 749.22 330.554 -5.16493 -24.052
89200000 171.138 895.287 747.289 234.232 -6.16678 329.732
89300000 337.666 566.934 1123.65 -135.591 246.341 -60.8817
89400000 663.831 1274.2 1176.38 168.11 124.464 141.518
89500000 343.645 459.488 1375.81 -18.924 64.03 -130.963
89600000 -136.203 966.97 1214.66 373.931 -10.6357 175.843
89700000 -298.55 874.169 1308.31 33.4425 -160.524 287.941
89800000 -518.955 832.418 1338.08 212.109 -16.4604 -224.155
89900000 -356.868 635.115 1815.6 165.747 -80.117 -116.132
90000000 -518.432 932.895 1582.92 458.616 -73.9563 -51.7446
90100000 -771.018 1303.21 1966.94 -60.327 108.131 -139.226
90200000 -1017.54 1555.71 1849.04 141.558 370.008 110.879
90300000 -623.698 1469.51 1870.83 614.024 132.638 -37.569
90400000 -1316.77 1164.05 1717.61 51.4927 -47.5427 -89.8069
90500000 -812.526 1318.05 1950.36 425.181 29.4671 -217.954
90600000 -1466.38 1573.58 2079.16 108.074 -52.8532 -285.837
90700000 -1148.43 1665.78 1868.22 -67.7058 -108.978 -167.724
90800000 -1488.69 1226.19 2024.89 130.883 -96.1086 12.4422
90900000 -1363.05 1499.5 1989.8 130.969 -758.432 -129.88
91000000 -1345.57 1439.32 2370.97 23.8564 24.8402 172.712
91100000 -1422.05 1645.56 2404.32 12.2758 182.329 -216.726
91200000 -1997.49 1689.72 1966.92 -284.831 9.06247 -8.93717
91300000 -2411.75 1668.35 2570.93 203.978 235.007 -556.271
91400000 -1792.56 1643.4 1992.79 125.628 527.644 -411.283
91500000 -2389.59 1576.72 2526.38 -93.4799 362.017 13.0695
91600000 -2020.87 1300.4 2486.63 150.009 159.022 -609.962
91700000 -1981.91 1060.56 2210.71 135.445 -50.0143 -698.89
91800000 -2012.38 1486.13 2326.82 -13.3588 287.493 239.34
91900000 -1731.82 2045.67 2300.35 144.392 205.073 -305.925
92000000 -1475.71 1612.28 2125.53 -44.0242 -95.4817 -45.5421
92100000 -1654.28 1535.7 1958.1 117.876 -158.26 -235.595
92200000 -1873.2 1716.19 2380.23 42.309 231.551 -514.93
92300000 -1814.84 1327.08 2278.14 -225.651 -285.966 -156.685
92400000 -1679.26 1585.15 1541.56 55.4326 284.994 -45.1418
92500000 -1725.65 1415.79 2153.41 357.255 14.8376 346.233
92600000 -1776.78 1332.39 1768.72 127.604 344.324 33.2319
92700000 -1636.12 1078.04 1882.89 -140.63 329.915 161.182
92800000 -1266.93 1414.74 1814.95 -74.0107 -257.884 24.5543
92900000 -1644.43 1315.39 1955.64 154.27 127.306 -104.495
93000000 -1549.41 819.674 2545.91 105.956 430.278 -60.8941
93100000 -1542.73 1353.87 1836.88 2.00223 307.593 -116.517
93200000 -1259.29 899.611 1794.81 -24.4812 92.7943 -20.9105
93300000 -1010.98 615.472 1571.44 -55.4545 -285.042 -245.311
93400000 -908.561 1131.51 2077.42 -229.555 -501.326 163.774
93500000 -785.521 682.948 1632.41 -159.872 -166.604 168.441
93600000 -846 696.394 1485.2 191.784 -593.919 -328.11
93700000 -51.0835 938.991 1642.06 219.715 -251.922 -61.9412
93800000 -333.787 474.55 1300.49 34.6893 -161.27 133.867
93900000 -142.343 653.703 1848.97 -193.39 54.2237 6.69157
94000000 -470.561 1298.14 2003.68 -203.371 -243.356 -107.963
94100000 -88.5361 -287.498 1070.78 -273.037 -18.9126 -610.439
94200000 37.8302 222.635 1199.45 289.061 -209.359 -10.5728
94300000 200.967 568.043 1538.53 -277.944 157.952 -65.8852
94400000 443.705 502.144 1320.15 219.52 -268.127 -614.048
94500000 982.499 53.1428 953.835 -179.313 -154.409 71.386
94600000 1659.18 219.155 548.687 -128.492 -257.614 -415.742
94700000 1293.92 -206.037 276.168 99.3722 -28.2249 -95.8727
94800000 1480.73 -613.091 743.34 -20.5399 -40.3329 -146.187
94900000 1860.09 -941.027 687.696 -187.909 45.5468 -56.257
95000000 2276.5 -1082.06 118.816 180.348 -415.478 -289.172
95100000 2136 -582.057 -121.968 68.2536 140.913 -365.306
95200000 2227.62 -701.588 17.5627 -39.4171 125.864 -49.6904
95300000 2285.15 -536.761 127.169 23.8473 -369.487 -247.4
95400000 2612.08 -580.946 -294.491 -7.65138 -16.4528 -88.2367
95500000 2641.66 -938.029 17.2282 41.0239 -129.234 -262.657
95600000 3087.81 -770.517 -81.4613 -90.0219 -220.863 79.3572
95700000 3169.51 -1051.69 298.275 -40.2075 25.2001 -321.863
95800000 3054.19 -718.611 -76.713 39.1177 4.03167 169.688
95900000 3052.84 -624.075 -256.35 277.747 78.7194 181.257
96000000 3091.57 -1237.43 -276.757 -0.453359 -73.1016 -261.583
96100000 3186.08 -1092.15 -475.498 362.12 -225.701 -243.172
96200000 2950.13 -916.796 264.865 174.48 -109.723 -289.595
96300000 2980.82 -828.195 -70.9262 112.988 -196.99 -321.178
96400000 2477.95 -1176.51 168.316 309.487 -507.5 -153.4
96500000 3246.09 -543.439 66.6899 107.799 -123.634 -366.408
96600000 3733.18 -874.397 -242.189 -45.7888 -122.556 -443.383
96700000 3027.72 -1314.68 68.7518 -258.05 -117.642 -275.036
96800000 3320.91 -765.483 46.4502 249.448 57.0576 -151.842
96900000 3322.83 -806.134 201.482 -89.677 -430 -132.628
97000000 2916.4 -683.223 -465.038 -132.678 -458.178 -447.428
97100000 3481.52 -1006.39 -424.205 -176.784 -352.244 -27.6627
97200000 3059.76 -990.077 -481.312 -32.8486 -168.671 -19.9113
97300000 3096.07 -979.928 39.0448 82.8002 22.258 25.986
97400000 2272.59 -590.376 22.3608 -296.183 -65.0851 -395.343
97500000 2833.94 -616.318 -297.664 -278.655 -381.319 -287.211
97600000 3200.2 -1014.21 -119.869 -241.918 -171.169 -122.32
97700000 2698.23 -766.753 -193.83 -165.115 94.6784 74.0714
97800000 2368.74 -461.393 386.422 -405.623 -110.51 -214.446
97900000 3024.2 -568.602 -1.44584 -236.216 -448.216 -549.455
98000000 2811.62 -578.757 300.584 -272.429 -587.43 -208.447
98100000 2722.74 -567.465 -355.727 -131.403 -388.885 -340.563
98200000 1731.12 243.188 294.75 -382.875 -383.795 -213.714
98300000 1827.42 231.777 -484.206 -359.211 -140.994 -431.663
98400000 1449.04 38.3808 699.221 -304.672 -86.2718 -252.369
98500000 1774.73 -417.084 295.172 -385.862 100.395 -202.728
98600000 1245.81 32.6196 739.191 -372.949 -452.86 -495.568
98700000 911.273 214.861 185.287 -638.755 -118.747 -89.288
98800000 1284.53 262.721 562.2 -206.689 40.3409 -59.2727
98900000 811.443 31.6213 400.747 -71.0642 -366.843 -105.707
99000000 789.198 254.729 745.988 -61.8804 -142.105 -116.175
99100000 854.961 78.0242 593.508 35.0612 -44.1013 -112.819
99200000 821.08 980.516 781.459 -346.271 -143.714 -195.105
99300000 524.214 989.952 538.296 54.1483 29.625 -221.047
99400000 356.942 857.119 718.408 -190.743 -31.2144 -286.769
99500000 196.631 830.691 1493.4 -371.465 194.171 -485.011
99600000 -135.855 919.504 1610.55 -242.166 139.97 -614.705
99700000 65.7055 709.292 1243.47 -74.4723 251.816 -525.417
99800000 -404.945 876.97 905.343 131.356 449.184 -195.546
99900000 -395.987 699.973 1547.8 -220.71 -153.769 -376.629
100000000 -472.788 1225.49 1501.13 -258.422 14.6602 -187.745
