# Time-averaged data for fix ps1
# TimeStep c_thermo_press[1] c_thermo_press[2] c_thermo_press[3] c_thermo_press[4] c_thermo_press[5] c_thermo_press[6]
0 269.644 623.937 56.583 -11.1867 2.99461 4.88627
100000 253.55 839.599 389.778 11.1587 76.0627 187.134
200000 -333.731 1451.3 934.16 -159.211 37.7602 424.954
300000 -567.628 731.123 1036.4 -60.4844 -302.615 -293.162
400000 68.5149 1142 717.917 107.868 14.6053 1.73088
500000 84.0023 1310.76 874.182 -408.273 173.317 100.768
600000 -65.7442 864.583 1067.68 103.192 218.055 230.783
700000 2.24264 679.601 998.406 269.493 52.8894 80.4696
800000 -257.289 965.51 1495.72 -23.5136 -23.0998 -139.869
900000 -174.361 949.711 906.411 -205.239 -99.9374 46.1736
1000000 -595.797 1583.88 1250.9 -174.336 90.5614 163.531
1100000 -581.379 1362.43 599.607 71.4362 107.871 459.741
1200000 -977.855 1444.35 977.919 -160.518 60.109 28.1447
1300000 -247.114 1232.71 839.058 -146.246 -95.6606 -278.806
1400000 -589.548 1603.86 1230.6 254.988 -312.836 -84.7637
1500000 -672.282 1539.59 1221.16 207.749 106.031 -102.402
1600000 -568.846 1413.5 818.709 232.111 37.9206 163.176
1700000 -906.987 1906.52 793.517 -23.4519 -10.0573 -72.9195
1800000 -1359.85 1816.36 1268.04 326.792 117.361 351.503
1900000 -353.873 1433.05 584.314 295.809 -219.689 79.1639
2000000 -798.187 1544.21 1116.49 199.561 -186.627 -256.739
2100000 -528.566 1157.48 1416.93 428.385 -153.702 17.4245
2200000 -982.911 1686.25 1052.74 44.7743 45.8841 13.3352
2300000 -183.263 1017.86 1069.78 -11.5906 200.879 -100.895
2400000 399.818 1273.57 826.67 12.5515 360.081 420.04
2500000 -503.66 768.341 1054.09 -322.712 472.314 -63.324
2600000 -505.895 991.263 1211.29 169.994 473.623 20.8706
2700000 474.374 1283.88 521.647 -407.366 282.209 -94.2863
2800000 -189.528 568.211 869.846 241.241 18.586 221.506
2900000 -94.6731 816.882 955.011 -174.536 25.1601 152.831
3000000 57.7368 1118.23 1374.09 220.433 44.0639 157.955
3100000 2.04222 1096.08 947.46 -374.823 341.946 325.561
3200000 641.982 853.027 383.528 -254.452 362.166 243.83
3300000 901.141 756.055 608.872 131.591 132.008 274.4
3400000 480.101 860.622 847.516 107.145 246.69 195.949
3500000 385.734 -120.91 1074.15 -84.7652 66.5558 81.0937
3600000 881.006 457.906 1066.1 109.491 131.457 53.7797
3700000 303.675 275.178 672.43 143.561 -120.792 -134.859
3800000 936.355 816.663 698.276 267.837 469.191 -163.556
3900000 500.938 730.437 869.889 -137.675 256.606 206.554
4000000 1259.37 353.894 549.317 -595.125 312.659 -50.4484
4100000 788.691 569.366 328.966 -141.275 309.243 125.612
4200000 1235.82 453.126 186.36 -153.417 353.862 -160.851
4300000 1489.85 525.94 590.502 255.709 424.276 152.023
4400000 1606.36 -114.506 325.847 62.573 606.634 -168.02
4500000 1429 174.966 -325.063 -226.726 -73.4267 -399.002
4600000 1560.54 113.467 734.662 -116.377 -365.433 -319.716
4700000 1789.22 -136.331 -13.1563 -80.4922 90.995 50.1486
4800000 2044.57 345.742 -81.1314 -203.521 -252.175 -34.9474
4900000 2060.88 335.176 40.4307 -239.504 -170.863 -321.044
5000000 2502.22 223.875 23.876 297.29 159.541 -300.244
5100000 2512.77 -226.272 131.909 10.5394 102.078 -327.015
5200000 2429.41 210.321 -157.569 -254.067 127.381 -199.141
5300000 2006.37 16.1298 -146.799 -410.165 -45.9153 -145.551
5400000 1979.78 62.5876 96.5116 -280.436 -270.046 -118.79
5500000 2223.23 435.664 -117.523 454.544 16.6704 -97.5004
5600000 1645.4 184.335 -326.017 38.6623 -407.292 -381.878
5700000 2335.33 265.848 -262.641 15.6413 -40.8284 -443.016
5800000 1983.73 -298.521 163.461 -112.366 -146.251 245.955
5900000 2234.74 -453.246 -610.274 91.7457 28.7797 -239.803
6000000 2802.97 -759.652 -349.521 -340.244 121.038 -729.84
6100000 2287.3 -221.234 -39.0914 -56.4982 19.3638 -295.857
6200000 2438.41 -545.534 241.307 -83.0651 138.133 -121.206
6300000 2758.34 -574.142 81.9641 -97.0806 -167.076 -154.81
6400000 2703.55 154.768 -131.635 -560.199 -52.7004 -433.645
6500000 2369.52 -556.739 -91.1813 -301.565 -88.7315 52.7365
6600000 2375.89 -127.848 307.145 -219.249 -336.646 -99.3522
6700000 2496.71 -108.624 241.824 -326.273 171.729 128.539
6800000 2375.02 -461.067 247.57 -272.388 288.295 227.413
6900000 2017.88 107.95 118.227 -335.505 267.821 32.8801
7000000 1748.54 142.869 430.045 -99.8944 189.543 -348.044
7100000 1980.79 44.5615 5.66044 258.568 36.1009 50.0294
7200000 1741.82 550.709 69.4454 121.859 4.43853 -208.166
7300000 1581.2 47.874 742.503 -213.066 53.8248 -273.16
7400000 1786.16 141.755 496.872 78.983 314.637 -145.108
7500000 1642.05 311.89 72.7797 179.44 -244.788 -188.109
7600000 1758.3 312.085 236.409 28.3783 -57.5357 300.81
7700000 1704.27 91.2719 572.684 51.563 -133.126 -365.05
7800000 1277.65 -203.162 647.193 -202.849 -137.876 -113.852
7900000 1116.71 236.99 435.569 390.033 63.4081 -33.6742
8000000 1216.89 82.3854 763.142 236.635 74.2459 116.48
8100000 673.042 707.578 663.372 -26.1096 -105.803 113.911
8200000 1435.85 437.53 514.117 248.45 -333.777 104.408
8300000 1215.53 340.045 727.778 20.7954 184.322 -83.0035
8400000 1171.95 352.263 1440.21 98.4003 291.722 119.175
8500000 541.978 513.67 861.929 -307.853 227.234 185.729
8600000 1170.06 818.542 379.014 -166.922 4.35347 26.7997
8700000 907.39 964.022 910.698 -393.228 197.265 -348.362
8800000 487.594 857.969 1121.5 -56.5656 635.804 -68.6585
8900000 479.056 852.558 541.169 -452.78 495.827 -274.254
9000000 554.099 1028.31 662.152 -88.2808 444.301 205.553
9100000 1131.77 597.596 1491.7 -80.4768 -10.2735 40.7247
9200000 667.952 717.394 1229.92 -346.941 37.9838 -114.619
9300000 361.594 917.327 1173.3 -37.2456 526.761 -184.262
9400000 132.286 645.788 1703.86 -285.032 57.2871 -350.205
9500000 217.685 928.837 1687.84 -330.51 26.3006 179.516
9600000 152.197 1085.71 1438.61 -285.515 181.099 160.289
9700000 -604.843 1439.82 1347.73 -142.297 188.21 51.5862
9800000 59.8466 865.404 1242.52 -176.44 92.1501 50.7291
9900000 -107.228 1388.97 1353.25 212.123 132.999 3.65697
10000000 -411.187 851.51 1914.5 30.8652 448.128 -186.956
10100000 -256.742 1363.21 1749.01 179.992 234.576 138.16
10200000 -703.762 818.53 1682.19 -18.6956 191.181 -35.771
10300000 14.5909 1781.09 1725.02 91.2564 64.8587 128.682
10400000 -1118.83 854.748 1922.59 -305.531 -123.797 29.348
10500000 -472.995 1624.49 1548.56 -293.47 -57.8507 -119.201
10600000 -1013.22 1303.3 2095.79 -16.5588 285.509 -169.766
10700000 -1133.22 1240.85 1784.14 -550.657 204.301 337.58
10800000 -502.643 1806.93 1497.9 -275.794 269.758 -217.937
10900000 -1101.44 1468.86 1943.68 -76.3898 167.834 411.672
11000000 -675.505 885.625 1689.28 124.31 368.819 430.234
11100000 -330.448 1700.35 1471.03 -359.205 537.202 223.959
11200000 -258.932 1172.05 1269.87 12.8142 -113.268 146.661
11300000 -706.272 1199.54 1519.11 39.9646 167.695 -171.679
11400000 -988.315 1176.15 1252.17 -78.2 282.149 16.0424
11500000 -1032.28 1301.01 1207.49 -186.206 132.052 -125.358
11600000 -84.4667 1071.51 1275.21 -176.69 -108.994 263.244
11700000 -639.304 1172.32 1323.89 -418.224 140.736 -31.0678
11800000 -702.244 1495.13 1303.33 -66.3064 211.587 248.68
11900000 -830.419 1407.52 1645.43 3.67667 298.64 -94.5743
12000000 131.606 1766.51 1070.6 -38.1295 -388.441 194.032
12100000 -220.371 1349.85 1051.08 -414.247 -12.7807 -175.898
12200000 -108.076 1717.26 1276.13 19.211 -130.767 -267.953
12300000 -153.105 699.421 1478.92 199.553 115.034 -36.6889
12400000 341.33 1356.53 1514.9 470.05 114.995 54.7971
12500000 146.057 1209.29 1492.65 -206.267 42.5278 -176.615
12600000 233.001 1396.87 1325.91 -666.895 310.536 -62.44
12700000 306.64 1087.8 1403.44 222.626 403.472 122.121
12800000 -183.692 1615.11 1947.96 -509.036 138.694 91.6729
12900000 -76.975 1857.82 1393.61 4.15368 28.1495 76.6714
13000000 753.595 1378.11 825.489 -67.2729 111.854 112.476
13100000 -205.66 1513.43 1048.4 -229.504 93.2201 -327.139
13200000 162.222 1255.64 777.412 -430.641 25.621 -117.427
13300000 364.767 1075.4 1088.01 -531.482 322.087 39.203
13400000 632.641 1270.94 868.5 -76.7314 388.099 -222.238
13500000 1179.16 710.237 1051.32 157.102 328.966 162.795
13600000 736.229 451.017 829.22 46.7818 45.739 -178.386
13700000 487.811 724.886 917.468 253.43 -113.734 126.559
13800000 1123.87 278.994 580.841 -171.754 24.0343 123.469
13900000 1360.56 627.642 759.333 -198.173 -367.956 -199.333
14000000 1157.62 294.907 1051.88 -80.1476 -289.643 306.569
14100000 851.807 458.267 729.642 -58.6098 -273.584 -176.68
14200000 1869.55 435.985 -65.392 227.79 387.821 49.4501
14300000 1845.89 213.625 450.706 58.9044 199.885 202.388
14400000 1656.06 170.774 1164.56 73.6334 333.187 85.0179
14500000 1625.03 371.911 376.025 -337.758 51.2239 -23.1166
14600000 1262.43 -79.9548 -21.6243 269.557 -252.138 -55.4657
14700000 1489.27 45.242 -85.0545 -270.534 29.0879 -534.388
14800000 1653.25 163.637 77.1445 -165.409 -105.534 128.731
14900000 1988.98 431.986 -38.9093 42.4108 -234.607 33.0857
15000000 2175.14 -278.994 463.968 -78.5891 39.238 41.3523
15100000 2099.67 -238.465 -48.1155 -304.664 -211.478 -1.5661
15200000 2801.38 121.428 -419.087 -317.944 344.082 -45.5294
15300000 2556.31 167.851 -432.444 -238.663 150.131 -134.238
15400000 2478.74 13.492 -133.071 -49.4664 -30.1205 -226.244
15500000 2371.8 330.484 -253.74 -443.22 66.9144 -60.0063
15600000 2183.76 182.918 14.4265 101.222 -229.083 73.0569
15700000 1868.12 -41.4299 -155.798 -141.539 154.054 146.096
15800000 1862.58 58.433 114.146 109.289 174.226 178.97
15900000 2420.86 217.581 -112.984 153.826 -50.3777 84.3212
16000000 2614.91 -51.2035 -689.469 327.428 340.323 -31.0274
16100000 2611.64 290.272 -66.6696 287.519 132.58 -196.679
16200000 2285.35 -389.58 -201.866 567.967 -245.402 222.696
16300000 2368.19 -41.8407 -131.37 251.961 -247.703 314.874
16400000 2375.02 -407.487 -145.103 264.513 20.8675 45.889
16500000 2517.8 222.912 -378.728 12.0783 -286.868 -155.11
16600000 2678.28 -404.329 190.748 -143.14 -343.935 -289.601
16700000 2326.5 421.412 -279.18 -75.8865 33.1385 61.7339
16800000 2041.01 58.0648 -268.534 209.237 22.0229 104.77
16900000 2293.8 45.2714 -51.4022 713.28 -19.523 374.166
17000000 1864.53 33.4055 100.733 159.438 -0.206156 67.9388
17100000 2187.12 95.4799 240.514 -253.656 138.279 18.5556
17200000 2016.46 -369.307 464.868 -156.093 103.1 21.8552
17300000 2061.94 -196.87 -342.202 261.84 -33.074 240.57
17400000 1936.33 765.122 45.1979 741.892 222.455 -19.7197
17500000 1976.15 -61.1732 -84.1254 531.785 -233.227 122.397
17600000 1887.8 628.552 2.72698 -156.719 179.503 -204.586
17700000 1631.4 417.016 353.402 359.436 485.271 39.7489
17800000 1583.85 182.91 142.602 9.18128 358.882 173.392
17900000 1055.87 317.279 804.277 236.893 174.152 113.272
18000000 1515.01 92.3598 375.713 85.6998 118.656 -271.743
18100000 718.447 377.726 979.364 633.53 488.351 -289.485
18200000 757.558 -30.0529 350.687 -193.694 -157.412 167.488
18300000 731.785 1057.96 296.295 218.771 216.981 -51.8853
18400000 729.812 687.903 704.125 297.049 -26.7297 -73.0259
18500000 748.836 362.04 772.862 555.643 -51.6451 -198.202
18600000 238.677 1065.38 589.143 447.649 75.7231 -357.429
18700000 -157.724 1221.46 663.645 189.238 149.422 302.726
18800000 194.851 836.591 897.297 126.72 -169.942 63.9602
18900000 152.44 754.327 847.112 51.907 -186.961 174.51
19000000 362.651 776.004 1041.82 294.272 -476.362 -348.339
19100000 -110.883 837.502 1481.52 157.039 -189.48 50.6303
19200000 -630.117 1325.08 1328.88 -15.8629 -433.256 -29.1388
19300000 -736.029 1167.04 1334.09 -137.093 -348.913 -210.772
19400000 -147.672 1153.03 1318.35 398.534 -298.451 -328.231
19500000 -255.677 548.172 836.803 146.291 -323.106 -51.5144
19600000 -768.54 1474.72 1598.35 281.83 -311.625 403.923
19700000 -882.002 511.838 1442.04 -220.391 -393.618 98.5338
19800000 -539.145 828.196 1341.62 194.388 -335.678 -0.791834
19900000 -750.681 968.26 1009.72 305.712 -355.824 -207.468
20000000 -773.734 1900.42 1460.2 198.962 -527.02 85.2363
20100000 -670.858 1621.34 1040.63 269.616 -614.585 -222.083
20200000 -1301.09 1441.01 1279.85 533.41 142.453 136.227
20300000 -1063.4 1265.32 1237.04 599.726 -243.554 -255.29
20400000 -965.95 1673.89 1536.03 207.024 45.8048 -256.29
20500000 -1077.1 1223.09 1677.95 437.085 23.0782 -268.751
20600000 -782.831 1147.14 1943.28 240.913 222.988 24.8274
20700000 -829.197 1410.04 1723.44 -244.472 -519.739 15.6301
20800000 -1030.25 1709.8 1455.21 392.485 -67.1662 -288.426
20900000 -1597.72 1885.27 1234.43 455.903 150.395 -205.371
21000000 -1275.02 1951.89 1608.72 288.63 332.272 -489.529
21100000 -652.737 1787.12 1064.13 258.603 -59.149 -37.7022
21200000 -866.162 1514.12 2031.07 112.169 9.3343 92.6479
21300000 -1103.51 1487.27 1623.7 135.787 53.6388 -297.839
21400000 -740.132 1589.02 1107.04 -16.2327 -88.1529 -412.818
21500000 -518.361 1603.4 1967.38 383.038 -84.9351 -94.5154
21600000 -575.847 1947.39 1433.01 -83.3171 58.6445 -107.946
21700000 -710.617 926.576 1511.04 171.64 35.9564 -217.098
21800000 -423.459 1156.13 1603.53 189.542 -8.92757 -127.848
21900000 -629.962 1464.1 1606.88 -81.6737 167.236 -245.85
22000000 -792.474 1197.7 1213.61 -1.87522 -180.783 -177.508
22100000 -409.451 1012.98 1428.1 155.748 -66.7692 36.6368
22200000 114.574 1045.16 1307.33 283.498 58.0811 -58.5854
22300000 -150.17 774.212 1341.66 9.33708 233.862 -426.098
22400000 -518.093 1254.95 1008.54 244.911 -256.393 -190.208
22500000 205.677 242.557 1091.53 143.518 239.268 3.81539
22600000 -285.31 1037.39 970.903 -111.703 -27.9154 436.794
22700000 -163.895 226.142 1155.14 35.8833 198.254 82.5407
22800000 226.125 670.63 1394.95 12.783 141.759 0.329331
22900000 -193.747 1126.5 1224.66 -278.999 145.333 20.5857
23000000 289.875 632.803 940.025 409.498 8.52196 510.622
23100000 421.417 918.623 1044.43 262.891 9.44912 -141.743
23200000 459.062 931.48 807.163 -207.763 45.4331 437.239
23300000 812.816 1070.12 663.655 -344.262 -471.773 73.3544
23400000 345.652 1118.01 710.931 -367.365 9.95747 66.6063
23500000 683.016 729.309 694.283 -401.399 55.1344 42.7222
23600000 278.158 669.087 335.035 -273.958 70.5673 353.064
23700000 994.87 895.324 794.521 166.98 203.505 163.313
23800000 1030.74 538.669 -73.5948 -48.728 -44.9924 274.352
23900000 1036.39 488.002 903.708 201.725 159.568 -85.1477
24000000 843.916 901.407 -40.4685 -36.5589 155.674 2.02483
24100000 1118.48 738.958 403.622 -323.565 54.4574 -19.8381
24200000 1421.91 648.727 413.787 136.511 280.609 182.513
24300000 1583.15 -82.7847 256.445 -142.3 355.127 426.887
24400000 1493.48 601.268 344.594 -187.754 -1.80534 -292.894
24500000 1851.12 824.768 107.174 -50.7785 540.655 3.8825
24600000 1624.56 498.156 -121.152 87.827 165.142 235.288
24700000 2145.09 222.914 284.686 -131.694 -21.2278 181.783
24800000 1821.62 96.6225 -31.2248 -48.998 192.987 321.474
24900000 1339.26 165.563 -62.793 82.9657 -287.034 35.1186
25000000 2312.46 -277.515 185.082 -162.251 50.6356 -13.9684
25100000 1940.28 -42.2114 -159.728 -101.003 -81.6645 332.92
25200000 2069.38 -381.469 -164.82 -232.198 -2.5155 -16.1911
25300000 2110.01 96.7342 314.939 550.174 -41.9743 -94.9466
25400000 2321.54 433.396 -669.782 320.431 -309.281 403.288
25500000 1712.23 24.6789 110.657 284.359 -125.339 57.4656
25600000 2683.49 -569.492 -1011.79 -111.997 13.366 25.3354
25700000 2127.69 191.188 -152.506 370.885 132.779 17.7131
25800000 2283.3 140.356 176.661 -401.52 333.271 -343.452
25900000 1894.57 501.849 404.412 -762.122 -113.556 -92.3485
26000000 1793.03 196.002 137.458 -92.3798 -143.811 -100.024
26100000 2311.82 -216.416 -116.5 93.6248 -191.027 -9.35264
26200000 2238.98 109.682 280.108 -106.725 -177.299 -201.15
26300000 1675.19 -171.027 392.257 63.8587 110.469 -332.356
26400000 2201.7 -45.3556 -449.219 -176.311 44.7945 250.567
26500000 1873.82 -44.1009 389.476 -523.521 397.05 -38.3526
26600000 2155.76 16.8892 -123.319 -30.6796 -197.621 -100.744
26700000 2113.96 631.019 -562.478 10.2531 189.934 -72.298
26800000 1923.93 -204.628 -515.429 -197.791 -2.659 -96.3617
26900000 1543.16 154.073 -325.292 -511.034 -127.192 96.3887
27000000 1794.84 684.791 204.369 -158.778 96.2145 -127.168
27100000 1677.07 221.309 301.841 224.313 23.0144 88.0547
27200000 1230.65 -367.582 41.882 -1.03135 -261.999 -32.716
27300000 1621.32 190.825 -80.1043 -228.345 -169.253 191.904
27400000 1145.9 63.3427 63.7912 -67.3372 -92.698 -60.0866
27500000 1595.86 17.1644 891.279 -522.329 -77.3465 -242.786
27600000 1381.91 -21.0187 796.361 96.1643 334.256 -170.428
27700000 1319.51 525.306 602.39 -259.731 113.555 -13.2477
27800000 1541.99 10.0656 -298.667 -73.135 164.886 -226.953
27900000 1863.91 260.888 -2.85985 -414.716 8.85371 -230.908
28000000 1164.16 161.754 63.3426 -208.672 421.909 -101.942
28100000 1540.23 -137.327 322.507 -260.635 56.5801 -291.899
28200000 1230.88 546.514 665.035 -369.902 -416.657 16.1862
28300000 682.671 339.515 224.654 132.166 120.509 -57.3178
28400000 784.985 1025.94 -55.6051 206.823 272.5 319.452
28500000 1008.57 500.102 189.251 66.9098 203.899 -23.6085
28600000 779.331 659.195 314.918 0.432588 67.8815 231.098
28700000 524.257 898.548 -91.6126 -48.4284 -147.276 221.48
28800000 432.689 677.612 268.16 121.427 67.9804 -9.02913
28900000 381.92 1098.82 417.109 -105.364 156.221 89.5189
29000000 693.676 1570.32 162.775 311.203 26.3618 55.4819
29100000 514.19 603.242 360.007 -252.428 57.4732 329.272
29200000 -240.743 597.881 982.438 -285.356 -261.049 113.006
29300000 259.462 1234.42 581.151 -74.9709 -136.73 223.17
29400000 -96.6278 700.869 964.547 -445.459 -61.3813 117.832
29500000 -515.908 1341.82 664.576 -128.157 -133.591 -34.0507
29600000 -723.901 1352.11 1075.72 -104.916 10.3485 497.453
29700000 -932.923 1167.9 897.769 98.9915 231.596 343.927
29800000 -432.617 1160.15 1007.03 -541.527 7.02933 292.78
29900000 -778.074 828.206 833.25 -404.755 -153.975 101.667
30000000 -415.616 1545.4 893.81 -97.7693 -72.368 417.258
30100000 -441.473 1426.84 1135.19 -52.4111 195.266 299.701
30200000 -516.998 1082.15 1034.91 -318.512 -289.393 228.212
30300000 -688.803 1551.47 2131.11 -371.639 -80.5274 53.6141
30400000 -928.619 1829.11 904.94 -640.009 141.998 291.618
30500000 -1161.86 1826.4 1880.48 -258.554 180.119 91.0039
30600000 -1668.25 1436.35 1546.87 2.37952 310.182 -29.5825
30700000 -1541.85 1778.12 1694.91 -212.072 245.773 270.418
30800000 -941.272 2430.5 1374.23 -152.326 47.5911 29.8333
30900000 -852.986 1239.7 1778.6 -377.075 -40.1319 294.296
31000000 -1444.27 1790.15 1332.73 -268.629 579.954 17.6773
31100000 -933.577 1803.68 1397.02 -176.836 63.7032 163.41
31200000 -709.587 1959.01 560.789 -237.815 -265.949 192.345
31300000 -585.331 1505.85 920.668 -482.021 72.2226 -81.7856
31400000 -778.148 1298.3 1177.88 -33.7682 227.173 127.413
31500000 -829.627 1175.13 1587.36 -353.64 284.01 73.0989
31600000 -911.881 1809.96 1368.58 -226.629 217.644 153.63
31700000 -844.629 1091.25 1510.58 167.921 106.772 -211.785
31800000 -484.263 1099.46 1394.09 -314.792 61.8094 50.3771
31900000 -597.271 1352.37 1259.26 -269.226 307.691 48.3265
32000000 -620.066 1616.78 845.628 53.8288 -408.001 174.428
32100000 10.3391 1513.6 1290.1 178.643 120.769 -115.304
32200000 -1018.6 1808.77 1179.23 -206.091 -228.054 -21.3454
32300000 -932.045 1568.92 1300.73 146.815 -311.571 -451.032
32400000 114.767 1510.11 388.093 16.8703 41.8353 -107.749
32500000 -557.1 1162.49 1406.8 -35.979 -107.447 -13.8292
32600000 -88.8727 1083.31 1098.56 159.984 41.2754 48.3429
32700000 -242.047 687.42 717.913 -467.667 378.133 281.409
32800000 -235.789 860.082 1223.73 -94.1007 143.371 -236.249
32900000 -582.086 1776.95 1119.58 -175.65 327.642 127.787
33000000 -708.13 789.301 812.348 -231.681 384.136 428.01
33100000 -267.942 773.069 710.545 -116.089 72.9242 463.859
33200000 -50.1741 736.892 830.7 -189.751 81.7692 119.339
33300000 441.385 823.464 751.687 17.8014 469.477 86.797
33400000 385.612 723.756 975.048 -130.538 130.57 39.5226
33500000 562.223 696.336 703.817 -118.55 -43.9756 16.892
33600000 530.984 559.16 885.119 -177.329 174.917 224.093
33700000 273.31 354.845 631.443 -131.784 541.936 185.471
33800000 867.598 650.843 208.988 216.934 223.221 356.305
33900000 561.19 590.519 310.358 110.469 -72.3381 -183.309
34000000 1200.5 681.613 254.397 62.7392 -15.7512 565.381
34100000 1054.85 770.699 -63.1412 73.0549 56.3382 415.024
34200000 931.403 610.463 227.928 301.594 526.817 -53.7241
34300000 1309.87 -33.1721 195.954 160.322 194.569 322.021
34400000 1414.63 591.085 18.8646 -258.694 449.058 -225.274
34500000 1465.42 213.421 97.5315 -86.4937 132.182 -270.552
34600000 1066.82 4.23171 594.256 129.036 376.577 78.707
34700000 1253.57 47.7374 408.595 118.181 187.755 260.077
34800000 1781.43 -562.457 508.871 96.3019 182.105 -168.665
34900000 1836.81 -187.586 271.702 -8.83364 156.585 -13.3298
35000000 2630.22 -98.4477 296.913 293.991 307.34 -167.753
35100000 2307.64 -685.446 268.007 -32.8349 143.674 -156.296
35200000 1433.81 59.2363 -619.945 -140.93 -75.3289 55.5559
35300000 2421.78 -324.715 -607.744 -4.29863 75.5664 52.8423
35400000 2891.52 -247.84 -734.287 -461.039 -363.602 -272.511
35500000 1655.89 -467.873 -440.464 98.3354 -412.268 -112.048
35600000 2506.17 -293.601 -5.45893 -112.199 126.306 358.978
35700000 2475.82 -517.807 -664.537 198.618 503.693 510.957
35800000 2668.24 -402.373 -305.171 -353.573 492.928 14.6874
35900000 2594.71 -281.57 -757.376 -196.275 475.097 130.871
36000000 2855.05 -619.803 -825.903 98.561 398.902 -107.104
36100000 2528.43 -375.165 -818.764 -325.07 296.591 396.733
36200000 2772.79 -353.178 -181.036 -547.064 377.681 167.523
36300000 2635.35 -228.865 -434.372 -74.5633 178.899 178.515
36400000 2215.64 96.0912 -354.875 -361.414 466.307 98.725
36500000 2761.74 12.9026 -445.162 -78.8043 343.128 543.046
36600000 2698.13 76.8302 -669.667 -6.34874 359.707 109.303
36700000 2010.59 2.53856 -126.288 -208.859 446.386 -119.815
36800000 1975.92 40.4715 -329.87 -323.785 60.9478 422.506
36900000 2043.75 188.709 -1189.74 38.7132 763.936 41.061
37000000 1918.88 -303.182 -493.83 205.765 367.845 480.93
37100000 1848.78 356.406 -557.44 -141.023 361.701 -121.847
37200000 1976.66 119.59 -641.805 -109.076 17.071 157.456
37300000 2014.32 365.792 -479.146 89.5045 356.587 18.8525
37400000 1701.06 285.058 -566.013 -31.1624 -136.233 -91.6078
37500000 2318.41 122.552 -782.53 41.4058 159.079 174.823
37600000 2597.79 196.547 -692.945 -19.0672 -87.6635 20.0929
37700000 1968.99 94.7477 -179.358 -175.408 10.6904 72.0117
37800000 1220.02 55.6895 78.5037 242.643 355.566 59.8677
37900000 1976.21 207.515 -373.467 144.798 215.156 198.838
38000000 1880.37 544.323 3.94121 16.0252 393.664 -81.3155
38100000 1213.29 122.483 868.85 109.599 -16.7128 344.755
38200000 1167.57 523.661 120.152 -124.159 -271.949 -96.3638
38300000 932.755 562.506 907.128 41.5617 72.187 54.7982
38400000 1434.98 624.787 150.248 158.137 -27.8757 69.0418
38500000 1169.48 635.394 25.5506 -19.32 149.105 13.305
38600000 771.67 470.464 709.086 96.3515 53.4614 410.739
38700000 933.6 349.505 583.961 52.7687 58.3024 -36.5023
38800000 373.543 647.353 154.547 39.863 99.3575 -154.128
38900000 347.49 572.242 539.703 111.208 350.475 -40.5438
39000000 312.912 666.719 722.121 -63.985 415.535 -433.072
39100000 128.391 615.078 884.239 571.289 74.0533 -601.28
39200000 354.561 339.138 590.25 -280.191 394.495 -166.966
39300000 85.7656 63.0603 684.389 -195.784 -67.0768 -416.66
39400000 118.731 623.528 966.642 232.164 354.982 -163.398
39500000 297.958 654.598 629.635 -22.0807 34.4721 252.123
39600000 -213.597 839.875 707.154 -6.27565 251.546 -168.789
39700000 570.702 813.833 1102.01 -467.88 357.206 451.096
39800000 -93.0774 1422.08 1053.68 -340.331 360.977 267.018
39900000 -682.59 1050.72 1433.63 186.969 -21.1002 43.3499
40000000 -191.818 991.832 662.645 -6.85586 487.32 153.601
40100000 -574.46 1165.13 983.874 -124.562 431.494 80.1587
40200000 -703.125 1295.29 1161.43 21.0326 255.297 406.925
40300000 -918.468 1360.95 1445.91 71.0899 64.7091 -204.704
40400000 -467.143 1306.22 1337.07 -251.791 249.13 -238.281
40500000 -942.546 1781.99 1126.91 -240.042 -57.6201 -34.9883
40600000 -1075.45 1775.7 1873.87 114.238 107.428 232.299
40700000 -997.482 1334.75 1792.12 39.6202 2.21776 -299.313
40800000 -816.984 1361.13 1435.83 135.312 -274.29 -140.544
40900000 -718.102 1602.58 1246.85 -257.856 173.673 -322.684
41000000 -761.157 1251.23 1957.13 -107.354 79.5163 73.8777
41100000 -672.372 1260.35 1543.32 -301.765 203.68 24.9248
41200000 -922.475 1531.75 943.656 -280.781 172.981 -90.8752
41300000 -1623.01 1835.79 1315.63 -192.793 281.698 -154.595
41400000 -1122.36 1510.91 1141.77 -77.9851 275.5 -98.8017
41500000 -1351.3 1230.05 1630.32 -4.87422 326.984 56.2955
41600000 -804.985 1571.45 1622.62 -181.742 181.236 187.12
41700000 -630.75 1281.06 957.377 249.159 -141.252 -26.8583
41800000 -972.402 1926.11 1668.34 -43.9779 -155.697 98.4544
41900000 -722.983 1414.8 1228.46 49.9264 -108.979 111.476
42000000 -452.634 1630.41 1750.12 -266.545 -209.791 149.365
42100000 -385.581 1778.88 1202.88 -134.279 331.578 34.3866
42200000 -1000.95 1962.24 1320.24 -37.5471 95.2757 -31.3735
42300000 -581.933 1457.94 1390.11 -272.464 -56.0453 -25.5925
42400000 -440.271 1067.82 1016.13 -440.421 -161.803 12.2043
42500000 -340.085 1304.68 1049.04 -184.65 -39.2482 -19.0696
42600000 -785.014 1117.5 771.578 -86.9472 -355.861 339.637
42700000 -101.929 1386.6 777.853 281.852 -241.686 285.455
42800000 -204.678 851.911 1105.45 -366.726 -3.68255 306.897
42900000 -104.1 835.662 403.48 -134.651 -329.098 14.3889
43000000 573.537 1257.28 1187.7 -49.3572 -294.51 393.42
43100000 535.338 610.273 538.313 -34.1914 5.17755 182.246
43200000 548.5 571.108 763.231 30.7906 -210.035 272.223
43300000 696.985 950.355 99.5176 122.755 -419.611 111.377
43400000 1478.6 274.729 84.6021 -74.5381 -336.032 286.94
43500000 930.016 729.403 466.602 160.264 -284.88 572.889
43600000 854.814 757.867 184.644 84.8494 51.1045 237.787
43700000 1404.53 170.259 530.018 -45.3731 1.70088 -479.393
43800000 2061.3 593.037 -8.10328 -107.415 102.176 326.822
43900000 1588.77 678.264 205.306 237.852 -282.18 251.7
44000000 1232.68 22.6452 399.778 -373.373 -81.7806 273.709
44100000 1311.07 -318.857 76.0365 256.19 -415.293 301.564
44200000 1512.15 245.475 327.963 425.366 2.7047 139.848
44300000 1712.83 17.0343 53.6674 222.238 417.777 -23.6718
44400000 2088.33 -34.261 -334.229 68.562 -23.3447 316.344
44500000 1526.26 287.575 373.741 81.3052 -530.343 133.833
44600000 1490.47 692.598 -495.775 -102.562 -344.977 111.154
44700000 1546.73 186.732 113.396 126.497 -272.151 -338.208
44800000 1910.08 -35.3503 287.143 -88.2062 -331.43 91.1181
44900000 1738.27 687.84 -152.17 99.0067 -331.403 -193.698
45000000 1895.83 483.72 -95.8902 398.045 -320.235 195.513
45100000 1743.99 -71.4021 -398.929 146.769 128.482 -27.5289
45200000 1817.45 256.78 -112.869 -155.983 -216.212 -100.188
45300000 1954.61 -54.9816 -540.842 339.932 334.66 440.722
45400000 1852.71 5.18995 -338.485 177.317 -95.239 215.352
45500000 1495.29 265.523 -143.113 318.056 55.3729 -133.536
45600000 1934.54 -183.513 41.3796 266.564 -350.526 -103.506
45700000 2033.57 254.195 -354.495 205.994 37.8548 -428.244
45800000 1987.12 204.185 -448.731 329.268 -127.347 -197.404
45900000 2456.54 263.737 -678.143 -9.07708 -120.578 -23.1371
46000000 2485.39 -131.723 -548.076 230.706 -48.7838 -228.566
46100000 2701.3 -318.202 -490.422 -79.6249 -230.719 43.7301
46200000 2609.8 67.2588 -1050.69 259.398 111.696 245.624
46300000 2869.94 -200.79 -1152.29 486.801 -147.622 163.329
46400000 2499.03 -134.138 -642.641 852.586 -219.775 135.865
46500000 2489.3 27.9076 -516.779 83.928 -128.524 42.5804
46600000 2525.51 294.397 -850.5 201.578 -220.523 -200.847
46700000 2186.49 -328.319 -428.825 314.853 -267.403 20.9459
46800000 2321.89 330.119 -791.161 150.819 -274.399 138.144
46900000 2400.86 -17.7132 -928.771 310.175 -359.222 87.3244
47000000 2589.48 -312.141 -1149.18 -276.424 149.201 240.659
47100000 1614.38 -374.067 -443.496 79.5422 503.639 468.041
47200000 1601.95 -448.697 248.224 -196.489 -169.314 -84.3078
47300000 1852.99 274.189 -720.121 109.461 6.4505 180.811
47400000 1927.04 257.68 -402.835 286.43 1.68788 306.088
47500000 1637.36 -542.776 -5.30451 -9.32329 -274.701 574.94
47600000 1613.97 -292.944 430.9 18.2853 75.7145 86.3008
47700000 1816.23 7.02322 40.5696 156.654 -410.319 353.617
47800000 1133.62 287.669 -3.59341 125.773 -420.898 5.65032
47900000 1214.98 587.622 -647.124 -98.5135 -132.69 103.68
48000000 827.486 370.406 236.42 -120.205 -82.3986 247.132
48100000 1275.91 370.9 -352.533 -72.8145 -214.028 83.4584
48200000 906.574 315.883 -74.5073 -171.123 105.19 330.178
48300000 1239.32 -165.062 -361.91 271.735 92.3498 516.254
48400000 1047.57 63.6064 12.2408 87.8155 203.806 163.112
48500000 739.569 407.204 -113.821 -87.8226 438.402 456.754
48600000 869.458 740.158 -45.4966 381.041 59.5963 311.708
48700000 489.225 806.005 -139.364 206.869 522.177 210.134
48800000 236.897 931.813 53.8602 -133.612 25.223 218.159
48900000 165.055 1228.89 556.059 -381.686 -383.391 -281.247
49000000 330.967 707.528 691.787 -262.099 160.553 90.8836
49100000 -250.98 1021.54 480.661 238.998 317.591 -42.1465
49200000 -425.473 976.202 904.641 -453.313 -106.099 -47.8065
49300000 156.059 727.16 369.514 -220.805 110.846 -26.2949
49400000 -574.637 815.595 493.933 -349.151 161.944 -614.922
49500000 -443.1 1424.94 329.081 444.974 19.3617 -401.04
49600000 -579.168 1788.72 489.964 305.182 -68.9859 -176.301
49700000 -782.309 1130.85 1069.76 177.223 -59.5012 153.634
49800000 -1374.08 1579.5 1728.3 -31.8842 210.363 152.947
49900000 -1262.86 1053.6 738.581 109.424 -724.272 -356.404
50000000 -1035.43 1955.21 1245.76 58.1937 -127.258 479.439
50100000 -318.181 1287.48 1320.12 99.1458 -439.484 285.369
50200000 -802.828 1512.52 1326.78 -50.9655 -620.023 225.066
50300000 -533.608 1324.6 823.649 260.885 47.026 438.809
50400000 -1191.55 1254.17 1694.57 242.542 -34.4125 -36.5527
50500000 -1251.31 1925.3 923.574 8.03123 -475.528 276.707
50600000 -977.344 1272.97 769.911 171.648 -89.4082 3.03233
50700000 -1473.99 1501.31 1442.52 -189.406 -216.971 33.8182
50800000 -1615 1707.24 1241.69 -137.735 -296.743 442.751
50900000 -1140.26 1456.71 1538.56 24.4735 -145.34 -94.1754
51000000 -1156.59 1688.97 1285.71 183.558 40.7103 201.948
51100000 -1680.8 1091.14 1392.87 -136.588 -154.344 -138.615
51200000 -1316.11 1786.17 1761.37 -79.285 -116.481 -139.145
51300000 -1448.55 1336.68 1456.25 70.8284 -112.605 -84.1038
51400000 -1092.98 1529.29 1477.13 259.509 -360.618 -41.8689
51500000 -1557.75 1244.27 1352.84 123.458 -49.0958 263.13
51600000 -1202.34 1447.75 1296.21 83.3502 -126.385 89.1681
51700000 -1628.23 1976.87 1081.84 -25.1774 121.277 -534.624
51800000 -1683.66 1565.5 1847.05 200.988 -61.2595 37.6715
51900000 -1233.02 876.981 1809.79 -52.3545 -215.249 -114.537
52000000 -1101.23 973.697 1615.56 -94.1113 -98.0456 -381.388
52100000 -855.388 1027.84 887.219 -53.2178 127.465 -34.2408
52200000 -782.131 1189.52 683.08 -404.713 -139.53 -348.413
52300000 -620.992 1502.19 899.878 174.865 -74.2316 29.5394
52400000 -905.996 1227.99 837.529 219.685 121.848 293.193
52500000 -366.98 1362.46 772.086 80.2751 101.962 -441.345
52600000 -956.514 1334.26 1274.62 -308.74 -258.903 171.541
52700000 -1057.53 1117.44 742.598 -114.404 112.414 -368.894
52800000 -519.754 955.973 529.846 -378.539 90.1501 -13.7894
52900000 -711.677 860.227 1125.7 -67.1347 234.632 204.481
53000000 -909.933 1009.99 692.892 -237.172 -144.281 277.988
53100000 -794.714 565.566 559.297 -113.447 -195.688 47.8298
53200000 16.142 638.298 -273.711 -465.889 -150.843 -7.60202
53300000 -46.7149 825.216 700.622 -263.695 -288.547 265.488
53400000 -390.008 613.194 1097.28 91.3269 -553.805 -63.1449
53500000 45.4879 -67.8331 1125.76 -293.529 -29.0776 -52.1128
53600000 340.647 169.425 773.968 -115.017 -480.111 -12.7522
53700000 372.151 530.335 929.465 239.574 -148.761 -243.172
53800000 596.248 189.824 626.072 -447.134 -115.465 -107.401
53900000 980.616 342.026 -65.4809 -293.558 11.9646 167.134
54000000 1188.94 -45.1363 -148.189 111.329 -42.7051 -96.7822
54100000 961.626 803.432 -234.351 -136.548 -73.2423 -92.529
54200000 1108.35 364.25 66.0089 236.291 -158.798 272.309
54300000 1125.44 -69.9253 174.391 -325.127 31.9052 37.8568
54400000 1410.27 337.365 -278.874 -10.1888 -477.745 190.19
54500000 894.707 204.31 384.977 42.9468 -328.11 256.975
54600000 1374.94 -257.979 49.3094 3.32445 468.512 -136.056
54700000 863.808 -69.2005 -469.029 -120.108 289.279 244.525
54800000 1247.84 181.856 -193.345 -153.447 16.8414 -232.03
54900000 1850.74 -67.991 -337.856 59.2942 -289.854 -267.484
55000000 1762.25 -204.81 -56.3674 -31.8412 -260.028 -160.441
55100000 1915.06 -316.947 -105.029 -590.5 -281.303 30.4336
55200000 1703.2 -312.072 -401.217 -418.027 -23.2116 183.666
55300000 1659.64 -189.855 -425.486 -57.3712 -45.1545 102.936
55400000 1474.5 -29.9691 -531.135 210.781 -90.6285 120.998
55500000 2051.02 -595.765 -245.481 -94.5177 25.2936 -277.539
55600000 2106.77 -29.9327 -138.439 -354.39 286.784 0.702217
55700000 1776.4 -220.378 -189.185 -177.495 -234.276 99.0428
55800000 2357.75 -563.945 -200.999 -205.58 -81.7965 -107.318
55900000 1899.89 -433.272 243.584 70.6915 176.781 -446.601
56000000 1399.8 -277.191 -515.627 -245.33 -13.4858 -8.88376
56100000 2040.46 -347.969 -194.69 -309.586 197.786 -149.687
56200000 2484.71 -421.781 -609.049 -298.814 168.539 -26.1946
56300000 1967.48 -315.349 -613.791 -310.467 38.8315 225.188
56400000 1875.51 -163.543 -580.959 -54.5872 -173.571 -43.5064
56500000 1545.61 -33.2121 -224.586 331.861 -117.161 -394.823
56600000 2292.65 -498.281 -494.488 -143.836 -405.925 -359.354
56700000 2066.29 -617.338 -182.823 -438.467 -308.214 -189.205
56800000 1899.26 -508.65 236.983 -18.5282 414.099 164.403
56900000 1965.23 -261.482 -182.505 -57.7645 -33.9347 173.965
57000000 1885.32 19.7735 -225.153 -490.765 133.497 237.318
57100000 1488.21 -232.631 166.798 -390.713 -281.469 786.477
57200000 2082.4 -310.649 -250.078 24.9308 480.594 565.756
57300000 1960.93 -543.596 -118.541 -348.688 -257.762 176.885
57400000 1676.52 -426.15 -238.273 -109.379 153.66 276.014
57500000 1749.18 -132.998 8.20399 -165.043 -15.0831 250.762
57600000 1907.19 -601.411 77.7336 -374.382 -27.6578 -78.9215
57700000 1563.55 -87.422 -487.999 -315.971 145.441 -500.587
57800000 1368.4 -133.691 -21.7032 -872.953 141.064 457.384
57900000 1557.91 -61.1667 142.691 -262.641 171.795 284.365
58000000 1646.69 109.763 -255.72 -508.015 42.1318 382.751
58100000 1661.5 -105.892 13.5046 -306.008 82.9426 290.401
58200000 1535.65 92.7813 53.6569 -129.735 -8.23292 213.749
58300000 1492.84 -303.008 383.975 -385.496 99.8691 -141.919
58400000 1081.99 226.151 -5.69984 194.092 187.792 -64.7979
58500000 824.728 672.434 193.763 128.026 232.101 191.725
58600000 1372.88 353.186 643.208 -340.216 126.676 -57.9131
58700000 1094.26 272.837 491.791 -704.903 -257.932 339.24
58800000 797.092 755.334 765.147 -566.328 124.095 239.112
58900000 460.977 362.388 606.434 -13.1851 -106.201 53.0049
59000000 4.48186 495.066 1110.27 -104.08 36.2788 126.315
59100000 319.583 355.24 873.649 -146.368 71.3291 157.672
59200000 -74.7378 102.237 882.467 -83.0998 156.209 105.336
59300000 702.488 123.772 1274.51 153.864 404.654 148.958
59400000 -17.3621 673.472 1904.79 -418.896 329.663 295.243
59500000 -582.01 645.801 796.075 11.0367 275.065 582.637
59600000 -995.393 1107.42 1478.48 361.507 186.613 33.2628
59700000 -634.122 785.744 1079.5 204.924 -295.105 274.223
59800000 -989.68 952.462 1080.56 -77.5015 -299.831 366.481
59900000 -783.221 615.586 1254.12 134.606 -210.733 -153.238
60000000 -1033.53 927.769 1414.85 213.377 167.122 95.2835
60100000 -221.509 722.148 1334.31 -170.825 76.3393 140.324
60200000 -666.288 1010.58 1204.96 -12.0107 -376.419 -341.111
60300000 -132.979 919.973 1472.6 -171.532 76.477 -444.255
60400000 -963.332 1341.89 1182.22 -72.4358 40.9833 -343.86
60500000 -1413.6 940.856 1409.38 15.5393 187.609 -677.341
60600000 -1212.56 1711.22 1738.87 -362.885 -277.082 -129.963
60700000 -863.797 1690.06 1409.11 -28.7646 18.5433 168.223
60800000 -955.017 1192 1307.08 -446.101 -140.108 -385.406
60900000 -1047.45 1629.76 1222.44 -8.78643 105.772 -204.052
61000000 -1211.43 1360.8 1435.71 -349.507 282.957 -356.218
61100000 -1210.88 1625.41 1395.14 -159.818 259.606 185.462
61200000 -772.472 1236.14 1422.17 172.926 69.7632 -254.355
61300000 -489.282 1458.31 1514.93 -286.291 92.8101 -176.176
61400000 -1466.42 1627.72 1489.3 -241.134 -120.785 -123.439
61500000 -1734.29 2068.62 1006.5 -404.224 -112.991 21.9896
61600000 -1591.55 1543.57 1271.42 -428.846 8.95482 -10.6086
61700000 -452.091 1326.47 1013.78 -180.875 -216.624 383.809
61800000 -878.947 1759.33 525.249 -712.041 180.024 323.96
61900000 -851.823 1494.71 1398.81 -170.931 -18.5185 15.5645
62000000 -1432.09 1544.87 686.067 57.9672 185.82 -117.62
62100000 -1044.05 1496.65 1319.74 -372.351 -191.904 -408.174
62200000 -425.724 2093.53 1000.83 21.2449 95.2012 68.7268
62300000 -865.44 1603.38 902.115 -101.438 585.056 -69.7201
62400000 -608.764 997.553 1151.84 61.8541 494.977 -424.428
62500000 14.1551 1428.76 1156.41 -137.864 -154.165 190.958
62600000 -180.213 1239.59 1015.47 442.616 -103.349 -161.08
62700000 65.4733 665.428 748.339 -97.8757 193.357 40.0649
62800000 42.6643 795.806 1767.44 568.393 -84.5458 226.758
62900000 -357.975 1653.82 1104.7 -264.812 -10.4899 -211.169
63000000 -208.234 1142.68 745.811 -2.62916 -5.85085 182.051
63100000 115.38 1003.26 933.158 -71.4414 148.895 -324.113
63200000 -144.803 851.34 851.636 362.322 26.148 179.421
63300000 -5.54108 1273.87 1089.95 133.709 -188.138 40.381
63400000 345.174 570.26 272.012 134.725 -323.105 -33.7072
63500000 402.081 1073.77 520.481 -6.60282 18.4536 -11.9972
63600000 545.142 403.361 539.386 -38.8482 -89.3752 -435.88
63700000 772.245 210.521 555.278 260.44 91.9397 -254.366
63800000 1108.6 -187.379 160.665 720.225 -265.991 196.012
63900000 761.143 347.019 130.87 105.131 -169.271 -29.1722
64000000 401.754 205.551 673.079 442.207 103.56 -322.045
64100000 561.099 589.253 376.625 314.662 -64.405 45.9394
64200000 1489.52 315.47 107.672 269.2 233.936 -390.523
64300000 1445.66 319.671 220.79 601.639 184.185 -412.145
64400000 1765.72 -301.35 589.064 -209.511 -270.28 -368.075
64500000 1256.76 521.577 -108.837 -218.294 -439.822 -220.987
64600000 1735.29 -380.679 40.9413 -219.037 -184.332 -62.0631
64700000 1694.23 194.175 -268.912 78.938 70.4831 -67.9019
64800000 1953.5 201.007 14.6772 -166.698 -258.33 -619.787
64900000 1832.51 -256.639 -162.61 -101.286 -426.13 -168.573
65000000 1969.91 -467.427 -53.2326 126.742 -275.006 -57.7422
65100000 2197.87 -606.183 -237.163 -281.216 -324.468 -155.748
65200000 1758.2 -398.449 30.9038 -351.058 -525.6 -288.735
65300000 2243.36 -496.765 -271.921 -321.475 -228.156 -432.512
65400000 2206.14 -410.597 -35.6853 -447.75 281.505 -523.528
65500000 1452.15 -590.843 104.699 -437.052 -51.8819 31.7684
65600000 2090.09 -890.189 -375.651 -82.2424 -385.465 122.357
65700000 1990.56 -9.12409 -588.09 119.772 -175.85 -114.746
65800000 1978.87 -49.8726 -260.69 388.579 -92.1191 293.855
65900000 2281.71 -363.866 -20.512 209.452 -7.54552 345.972
66000000 1844.95 47.83 -595.187 719.562 -60.6339 245.709
66100000 1736.03 222.702 15.2828 -3.7279 163.404 17.8539
66200000 2296.94 133.338 -103.808 83.2914 139.881 -73.4681
66300000 2518.71 531.168 -340.941 -334.301 335.662 -81.1847
66400000 2213.73 -38.9028 -315.371 269.108 111.769 -137.882
66500000 2158.43 -515.418 -141.496 157.623 182.824 219.984
66600000 1982.84 -240.635 -242.965 153.835 -51.4516 36.2787
66700000 2059.39 -449.923 -268.714 -158.815 169.167 27.1343
66800000 1232.36 344.552 -331.24 -90.0871 116.457 -82.9469
66900000 1928.13 -569.364 -71.0511 -427.799 448.009 188.719
67000000 2193.85 166.866 -391.253 -43.3851 200.803 169.434
67100000 2195.62 -29.6553 82.8221 131.817 -166.964 527.43
67200000 2153.83 -93.5083 133.065 4.49599 -359.164 -32.8578
67300000 2523.19 254.515 -214.588 45.5924 204.72 44.8829
67400000 2455.92 -2.60107 -407.204 99.5388 214.165 182.892
67500000 1630.77 -19.1274 227.667 29.5065 406.359 -214.241
67600000 1944.09 423.326 354.958 281.526 -36.6949 -171.132
67700000 1266.66 201.905 -141.388 148.66 519.52 -203.219
67800000 1834.56 58.6183 330.291 57.7088 110.399 -306.171
67900000 1301.11 51.5068 -215.867 -225.974 261.203 -361.732
68000000 1146.49 80.6027 117.309 -49.6744 -137.45 -326.914
68100000 786.811 851.007 471.913 -36.7253 -138.54 -126.02
68200000 977.6 776.268 170.034 -114.746 109.995 -367.722
68300000 443.44 287.399 378.84 0.463429 458.048 75.4038
68400000 865.428 702.352 61.8171 92.8699 503.342 223.575
68500000 379.817 551.382 -86.2294 84.8847 -207.875 123.092
68600000 642.768 659.139 164.304 -19.5088 -509.831 1.85456
68700000 699.089 405.345 898.962 -259.965 -340.147 -133.412
68800000 30.0686 1001.33 496.421 -235.257 -231.996 162.628
68900000 -209.808 700.315 800.175 -47.8905 -140.757 149.461
69000000 -426.417 515.872 1152.4 595.633 -640.69 -263.16
69100000 -664.672 884.248 1092.82 -289.496 -696.114 329.814
69200000 -730.986 754.645 695.609 95.0013 -508.392 330.152
69300000 -676.763 1197.54 698.016 -49.3608 58.6745 277.572
69400000 -553.004 986.47 511.613 4.39315 -304.767 121.482
69500000 -683.278 942.491 1297.67 36.978 -394.91 6.21681
69600000 -239.956 1267.27 861.719 130.444 -311.68 -93.0738
69700000 -797.757 1224.76 551.972 -450.232 -392.413 104.984
69800000 -774.092 613.208 1416.45 -322.053 -11.3679 -597.614
69900000 -401.325 909.762 689.984 -268.038 -39.2455 -119.432
70000000 -420.387 675.983 1405.21 -261.325 -328.417 635.501
70100000 -1368.5 796.982 1264.98 -142.966 -336.315 5.32519
70200000 -765.003 1213.98 1218.66 -159.659 150.78 -224.539
70300000 -1468.98 1038.27 1155.75 -256.467 31.5427 -60.4908
70400000 -699.706 1296.53 947.824 -163.951 -94.089 -183.414
70500000 -1206.42 1367.67 985.399 -138.776 -104.059 -172.769
70600000 -772.318 1075.66 1285.67 420.757 -138.02 164.523
70700000 -1236.12 1382.88 954.695 275.004 -37.5016 -509.148
70800000 -1250.7 1187.45 1355.36 178.77 -231.477 -22.3797
70900000 -1114.88 1455.9 687.042 188.01 -61.6532 -442.592
71000000 -1072.46 1692.82 1379.67 274.062 178.171 68.1337
71100000 -1424.15 1401.22 1313.61 133.413 -88.2483 -148.389
71200000 -1543.89 1119.33 1276.79 -22.75 67.9418 -257.317
71300000 -1135.39 1192.35 1264.44 -94.1442 -36.7107 -300.822
71400000 -984.006 1446.85 1454.49 154.084 575.326 -89.2174
71500000 -1120.44 1407.12 1211.45 82.1019 182.372 -152.75
71600000 -1025.83 767.31 1507.17 -162.723 406.713 127.129
71700000 -1625.77 1002.26 1388.22 -38.8836 222.328 -221.15
71800000 -859.533 1438.56 1051.67 26.8089 201.577 209.117
71900000 -1655.29 1624 1308.02 -163.91 208.619 489.168
72000000 -1377.23 1162.2 902.561 76.5213 100.284 328.951
72100000 -1091.04 1262.48 834.621 -207.034 4.83527 170.273
72200000 -1576.82 1512.6 1022.97 -246.975 39.2015 -71.8527
72300000 -833.08 1288.93 1105.46 -60.898 213.394 -88.7716
72400000 -1053.2 1320.65 1374.41 57.4902 48.3507 -174.662
72500000 -1069.12 1370.86 1035.42 10.7675 155.177 362.861
72600000 -1073.65 939.066 1095.62 30.2974 13.5719 404.768
72700000 -954.638 1438.89 1452.94 -175.791 46.9958 404.581
72800000 -917.385 1195.83 948.654 184.046 51.8597 417.508
72900000 -947.046 1379.45 640.733 102.219 -97.4184 469.403
73000000 -771.13 1221.43 904.665 -8.83278 -151.5 7.56867
73100000 -378.412 1545.54 990.499 -219.879 -16.442 -32.6687
73200000 -449.299 520.361 953.694 -56.7014 -109.453 124.388
73300000 -593.777 1108.87 468.932 -226.721 290.074 337.674
73400000 -605.333 1190.96 498.865 -74.4088 -1.70906 410.273
73500000 186.216 399.131 125.112 -291.649 11.2757 20.8665
73600000 -8.52727 906.038 211.862 104.972 131.605 -28.0774
73700000 330.134 904.904 37.0812 -132.201 298.246 -106.106
73800000 -324.913 765.245 15.3643 -58.2929 -279.232 -140.089
73900000 684.144 370.898 288.983 -432.132 -62.9041 44.6026
74000000 810.654 411.237 41.1044 -168.327 -127.855 259.84
74100000 741.472 49.9576 612.261 -243.195 265.384 -33.3275
74200000 359.005 513.397 562.352 -152.108 -54.6875 -261.005
74300000 540.283 681.919 409.157 -304.325 -242.938 134.411
74400000 1144.29 -114.769 -902.52 -130.212 -69.6777 -523.071
74500000 1164.38 66.0732 -348.286 -146.338 -48.5888 -104.953
74600000 1206.7 361.94 -7.92493 -468.947 -414.501 -157.165
74700000 1898.63 464.592 -481.484 -465.533 150.083 -254.612
74800000 1112.44 166.68 -694.809 -76.9295 43.906 -458.082
74900000 1071.54 5.69641 -270.084 -240.521 37.9934 -304.856
75000000 1480.87 -348.996 38.5393 -23.9813 406.41 132.18
75100000 1329.96 -76.534 -197.288 82.3356 62.5499 282.554
75200000 1375.85 -294.703 -696.204 -321.296 -155.678 -300.052
75300000 1926.29 -178.506 -664.743 41.8042 392.922 122.362
75400000 2137.33 -558.715 -1208.59 -147.851 -147.775 -34.8991
75500000 1750.68 -662.387 -995.247 -142.838 51.9442 169.99
75600000 2113.2 -230.377 -914.307 193.183 538.798 160.04
75700000 1924.81 -450.968 -1265.28 322.564 542.671 29.4056
75800000 1863.08 5.96425 -463.658 -345.612 485.867 -419.701
75900000 2535.09 -745.007 -566.142 -240.451 -4.76394 209.539
76000000 2273.19 -500.579 -677.102 -332.161 -26.913 -392.18
76100000 2113.73 -283.272 -696.897 -163.43 155.808 -209.457
76200000 2586.48 -10.371 -850.35 -412.796 -78.8458 -174.036
76300000 2604.7 -145.554 -609.669 262.422 41.0991 -180.68
76400000 2408.17 -709.235 -901.863 -212.833 15.6671 -396.549
76500000 1883.99 -358.057 -737.097 -175.784 410.691 -196.818
76600000 2482.29 -123.036 -465.268 -317.398 103.059 -440.657
76700000 2463.07 -746.216 -172.536 -90.6981 314.499 -312.101
76800000 1917.27 104.963 -704.981 -493.145 -41.6374 -366.403
76900000 1642.44 -194.055 -245.071 -117.14 66.1956 -19.4681
77000000 1805.2 -646.6 -507.846 193.088 -191.594 -403.677
77100000 2159.13 -387.361 -107.83 -190.204 151.857 -189.303
77200000 2279.66 -270.08 -513.245 -125.855 11.5734 -266.679
77300000 1605.84 -235.074 -627.619 -68.1206 -238.123 24.3708
77400000 1624.01 -587.396 -319.123 -8.83098 435.732 -163.149
77500000 1418.17 -581.535 -396.605 -280.357 70.2115 -197.892
77600000 2223.52 -4.32117 -376.473 -227.417 -94.2269 -458.387
77700000 1827.78 -4.48486 -1071.45 163.985 144.978 -204.978
77800000 994.993 -193.69 -433.659 469.439 93.5195 -187.126
77900000 1392.12 -206.919 -303.899 157.398 146.727 -49.6425
78000000 1131.08 -355.719 -332.009 -142.342 -421.582 -445.503
78100000 1794.51 -252.961 -68.2748 -164.679 -73.4486 -435.971
78200000 1147.2 -304.751 -19.9365 -74.2558 324.487 -158.031
78300000 1290.16 -152.591 361.897 171.298 398.642 -174.863
78400000 658.831 -479.399 142.95 188.693 15.8724 198.842
78500000 1254.41 -162.323 284.475 -55.9569 378.968 -240.286
78600000 1084.39 -115.51 47.212 -10.5311 355.23 213.258
78700000 557.014 270.514 93.6516 -248.906 78.7182 81.9929
78800000 393.438 169.444 -126.083 -96.5621 -93.1059 19.6913
78900000 679.246 -229.273 333.949 -413.284 -293.411 -198.763
79000000 176.991 191.824 92.2342 123.659 -24.7165 -479.652
79100000 -238.882 861.587 194.117 -241.312 13.4932 -244.035
79200000 -271.754 650.096 363.338 -211.021 120.28 -165.078
79300000 4.55517 862.648 27.5528 -387.209 94.7624 -278.51
79400000 -589.724 694.75 504.914 -167.372 6.39998 -161.695
79500000 -542.047 355.889 711.26 -107.57 286.595 -365.305
79600000 -221.22 789.422 623.039 -95.8354 810.112 -47.9544
79700000 -201.412 652.92 1082.11 -107.282 86.3577 -35.8685
79800000 -920.678 802.527 1296.61 -98.7963 397.4 -93.6876
79900000 -830.067 992.067 1205.01 -96.5805 416.159 -305.913
80000000 -802.701 1695.08 1074.28 -266.464 -242.636 -721.967
80100000 -1223.71 1299.54 854.586 -720.534 -172.739 -408.532
80200000 -707.229 1585.71 958.042 -424.757 -90.152 -129.401
80300000 -1229.98 1147.88 1310.48 -98.6047 -94.37 -578.243
80400000 -816.815 863.206 1269.3 -120.619 -114.209 48.1759
80500000 -1295.86 1492.18 1429.88 -409.908 -11.2693 -185.285
80600000 -1199.53 1009.22 1379.5 -310.049 -128.53 137.483
80700000 -1142.59 1209.22 1082.76 86.7565 -223.889 -213.288
80800000 -1532.85 1113.13 999.216 -332.357 263.917 -20.3719
80900000 -1266.92 1085.44 1177.28 -689.913 -151.131 69.6882
81000000 -1506.56 1170.17 1314.09 -237.499 -45.7895 64.9493
81100000 -745.651 886.642 1768.04 -311.429 -20.3082 116.008
81200000 -1078.58 1315.32 1363.52 -517.059 -119.689 -429.884
81300000 -1156.77 1152.74 1103.55 -133.37 185.639 -108.123
81400000 -1336.32 1031.68 1405.77 -284.356 207.803 -202.849
81500000 -1593.74 1491.26 1093.47 -149.294 137.56 64.8435
81600000 -1297.32 732.046 1005.5 -2.41752 -72.3031 22.4655
81700000 -938.167 1378.39 808.976 -214.167 -481.457 -103.42
81800000 -1131.28 882.683 677.319 126.957 -352.602 330.244
81900000 -1218.02 1211.53 1205.48 190.879 -25.2 -50.8249
82000000 -1139.82 1199.5 1137.55 78.0145 -415.507 -309.434
82100000 -1247.99 1138.56 895.595 -165.405 -278.33 -248.225
82200000 -1209.47 1178.2 961.045 318.774 218.976 -158.564
82300000 -830.892 998.1 544.952 54.4726 -337.037 -228.073
82400000 -1157.8 522.728 1424.08 241.986 -48.3302 -202.995
82500000 -982.284 1121.34 1485.77 -490.089 -407.619 50.8762
82600000 -958.313 462.09 1187.46 -431.834 -249.703 -196.916
82700000 -561.915 1022.14 1075.71 -172.736 -180.277 93.7716
82800000 -609.35 480.627 801.47 73.5617 -363.689 -176.115
82900000 -880.614 833.329 963.3 139.036 -88.3966 -161.011
83000000 -533.959 934.56 608.92 60.9681 -400.831 342.275
83100000 -490.783 970.622 1176.45 31.5438 -161.767 131.136
83200000 -627.38 774.78 488.373 68.1775 -54.129 -153.995
83300000 -353.915 252.346 74.3844 -49.7982 -214.229 -586.715
83400000 -20.9309 289.561 225.427 173.025 -76.4418 -91.9678
83500000 81.9107 254.996 223.195 168.522 -451.863 -403.707
83600000 -165.518 -123.632 824.333 58.818 -371.03 -321.259
83700000 -197.171 69.4265 597.388 91.2051 58.4187 -94.0096
83800000 469.106 8.4948 871.387 -274.88 -83.2548 -106.496
83900000 300.984 0.405617 522.355 -211.504 279.827 -93.9775
84000000 -49.1541 -39.4904 665.261 64.886 -199.725 -62.1985
84100000 867.072 -364.741 943.421 -544.321 206.459 12.1167
84200000 589.821 172.463 338.763 76.1436 -67.0684 157.202
84300000 1097.58 -261.123 457.989 -322.326 11.0652 174.657
84400000 864.645 -220.586 586.689 -213.735 27.0631 39.154
84500000 1156.14 -41.2133 260.848 -251.757 94.1291 358.951
84600000 1697.53 -569.099 323.759 -296.467 93.9447 -126.388
84700000 1426.49 12.0421 52.7863 -338.958 -122.077 -212.449
84800000 1787.28 -64.4989 -11.1641 -157.334 -246.916 -243.685
84900000 1523.51 -319.264 -91.5729 21.8887 136.733 -373.782
85000000 2194.37 -249.935 173.946 -200.951 -77.0755 -227.714
85100000 2115.27 -595.779 67.3043 136.222 -102.838 -600.836
85200000 1964.17 -738.909 504.415 -262.218 -5.39677 78.9411
85300000 2235.58 -797.532 270.724 411.132 -62.5338 -0.749716
85400000 2085.38 -623.556 -165.025 219.71 207.154 -57.888
85500000 2130.36 -402.391 -598.46 27.9513 76.4714 -329.605
85600000 2965.34 -543.244 -477.138 122.712 -199.67 -89.3089
85700000 2013.48 -369.474 -444.699 579.51 -8.59437 -36.38
85800000 2247.97 -153.531 -407.01 271.013 -96.0512 -86.4665
85900000 1603.33 36.3715 -500.063 232.741 83.2187 -379.851
86000000 2239.14 434.104 7.39044 249.257 267.7 131.436
86100000 1466.09 -189.175 120.477 -0.555692 461.889 -115.451
86200000 1699.5 -216.761 437.496 -178.378 -55.1969 181.363
86300000 1793.9 81.4287 304.245 -200.483 146.827 57.0467
86400000 1796.75 175.949 329.452 -358.278 114.322 -468.884
86500000 2196.16 443.877 -467.496 -521.791 69.4006 -153.428
86600000 2093.75 -405.958 264.29 187.659 -320.541 -133.863
86700000 2034.48 -369.622 21.233 -92.4104 244.509 -61.3173
86800000 1870.36 -100.147 312.54 -466.038 28.0625 -170.675
86900000 2062.92 -236.654 221.864 114.579 -63.3188 -91.1672
87000000 2089.23 265.067 -94.9015 -123.048 -110.84 243.343
87100000 2267.28 134.908 103.942 -235.952 97.5728 121.291
87200000 1819 140.103 505.076 -295.362 72.0913 118.91
87300000 1980.6 -216.652 -69.7265 -291.071 81.6205 327.63
87400000 1630.99 84.6201 -163.68 -168.849 67.0332 -258.5
87500000 1901.94 226.304 113.497 -450.101 32.1174 -72.246
87600000 2013.55 452.054 -202.016 -546.439 -26.0579 189.844
87700000 1571.43 552.331 -106.762 -202.841 -55.5475 437.133
87800000 1088.9 329.281 -260.54 -29.8749 1.27003 -54.1108
87900000 880.319 677.518 61.9965 -100.481 212.253 212.36
88000000 1652.07 -164.337 835.065 -522.318 476.146 56.7857
88100000 908.249 222.248 70.9463 -520.316 -171.868 -10.5735
88200000 1068.72 441.162 242.187 -142.731 448.805 -427.058
88300000 846.548 29.1897 108.299 -226.151 -26.0003 -226.37
88400000 912.365 607.395 -490.349 -262.995 146.826 129.018
88500000 629.545 478.188 919.819 -329.071 603.093 373.733
88600000 27.8199 685.374 642.342 241.77 83.5704 6.1875
88700000 140.686 570.968 328.094 -176.473 -175.28 136.239
88800000 295.798 340.04 315.951 -382.267 542.614 -59.2247
88900000 79.5963 755.703 301.172 -306.605 -62.919 -7.00752
89000000 363.901 759.051 474.717 -81.3319 84.1659 40.3743
89100000 772.501 351.011 265.268 -71.7041 2.54403 290.893
89200000 -120.624 683.706 1005.79 -264.177 17.6763 -42.2563
89300000 385.6 818.76 854.504 -355.289 91.2305 285.489
89400000 275.525 767.102 417.144 -116.153 -379.929 607.411
89500000 -535.981 872.86 1229.35 -140.655 2.95676 612.844
89600000 -499.865 660.441 903.872 -300.626 -167.213 179.626
89700000 -530.404 1031.3 326.792 136.829 -589.679 574.339
89800000 -566.605 683.875 1028.51 1.44143 -514.361 501.302
89900000 -329.576 1087.61 779.869 -287.948 -355.992 938.491
90000000 -389.802 1607.35 1238.54 -217.144 -354.323 392.217
90100000 -807.481 1466.06 1033.73 -373.771 -148.585 378.34
90200000 -408.815 1185.32 1027.95 -303.054 32.2593 322.308
90300000 -706.126 1066.39 1308.41 123.393 27.1112 256.623
90400000 -761.547 1451.49 906.575 -6.59441 -463.543 377.207
90500000 -971.792 1522.26 989.853 -264.019 -27.1968 178.221
90600000 -1070.33 1280.69 1291.75 -67.8322 -137.742 356.914
90700000 -1478.78 1049.82 1358.3 -350.196 -2.15352 543.772
90800000 -824.61 992.189 1050.24 -398.576 -202.603 299.172
90900000 -489.236 1077.05 970.932 -105.666 -260.434 105.016
91000000 -615.065 956.098 573.05 -476.264 -337.617 292.134
91100000 -1161.91 1334.92 894.698 -334.513 -174.914 316.963
91200000 -1425.91 1943.74 840.513 13.0997 -118.103 193.941
91300000 -1133.41 1152.52 1243.4 -585.188 377.838 234.264
91400000 -1255.21 1195.57 1154.61 -218.798 25.3825 327.778
91500000 -1103.25 1448.72 1489.45 -300.27 -35.9971 421.164
91600000 -1168.99 1024.14 1164.61 -221.859 231.13 57.3338
91700000 -901.614 1259.84 1425.27 159.177 193.486 298.812
91800000 -1079.7 1186.13 1005.72 -383.028 -331.841 362.731
91900000 -940.951 736.831 817.687 -125.931 97.748 545.663
92000000 -734.361 1332.06 568.815 178.362 -329.985 326.501
92100000 -853.164 1897.33 1431.06 -172.997 76.8298 379.974
92200000 -484.933 1264.22 557.862 45.2787 -12.0416 397.157
92300000 -587.757 1054.35 1111.09 -358.572 67.294 177.774
92400000 -376.72 1240.25 1287.53 62.4718 321.98 476.684
92500000 -555.648 1248.67 800.978 12.0545 468.911 139.704
92600000 -825.908 751.155 695.911 -260.762 306.14 190.152
92700000 -534.166 306.422 839.92 260.765 537.403 470.189
92800000 -86.6414 1117.34 1000.33 63.5213 433.73 303.629
92900000 -750.752 659.811 802.438 72.3095 -46.4765 45.8167
93000000 62.1805 636.443 530.892 75.4033 230.198 32.755
93100000 -113.225 944.568 451.069 47.269 293.458 462.222
93200000 -98.5505 942.569 534.626 -117.174 374.424 50.205
93300000 -222.14 1356.87 618.253 -176.225 134.413 22.4176
93400000 -54.1239 650.754 525.103 -18.693 148.079 -82.253
93500000 735.945 1009.38 79.578 78.8224 153.772 61.0819
93600000 -73.4118 979.423 355.072 -267.436 -258.733 -305.949
93700000 103.349 443.046 566.683 -292.736 -116.855 -334.018
93800000 745.257 441.982 239.964 -250.564 -82.5478 -232.341
93900000 315.426 787.022 858.773 16.0607 -182.408 -285.935
94000000 548.104 394.22 363.821 240.38 360.729 -223.3
94100000 704.609 516.159 19.4704 -181.739 -97.761 -28.4432
94200000 1531.62 362.663 47.6033 399.508 -43.0239 -64.2205
94300000 794.002 564.928 271.732 253.89 408.132 316.327
94400000 1381.91 64.5409 740.077 113.563 -27.0066 64.421
94500000 1029.8 -3.45408 74.8601 -66.6975 125.876 -84.3692
94600000 1893.37 29.5467 26.6936 -282.917 151.503 -299.947
94700000 1564.21 -83.1669 497.624 -377.628 28.8554 58.86
94800000 1166.51 -61.4072 79.9292 -60.78 413.458 -2.9802
94900000 1987.07 -234.794 -219.558 -640.837 344.072 -271.229
95000000 1109.89 51.6277 488.817 -40.7904 -540.372 102.53
95100000 1788.26 331.711 149.907 -285.244 -41.1504 -147.006
95200000 1918.61 84.5752 56.1573 141.17 197.611 13.4781
95300000 1847.11 -148.699 -46.9577 9.77185 205.961 -188.711
95400000 2084.09 -48.0872 108.821 -165.313 -124.345 -216.227
95500000 2065.04 430.84 -118.682 -200.094 157.549 -47.1819
95600000 2121.36 -175.221 -470.723 -273.708 155.378 7.08083
95700000 2238.48 189.46 -752.959 -321.574 259.409 -15.9745
95800000 2024.86 119.904 82.1973 82.4976 -164.674 -527.959
95900000 1966.74 -338.091 249.174 39.9613 -2.87004 35.4582
96000000 2387.33 -111.883 -66.3535 -25.7149 511.925 -63.9682
96100000 1899.85 494.483 -102.026 -142.243 -218.743 -123.079
96200000 2031.49 539.881 -99.6351 180.038 -29.9053 -455.421
96300000 2156.6 212.055 150.134 63.142 363.335 15.3387
96400000 1614.25 45.1203 373.494 -510.012 195.761 -214.015
96500000 2469.19 -200.223 185.183 -59.3982 -109.538 -62.3205
96600000 2489.08 250.302 298.897 -329.03 -168.473 -34.1105
96700000 2043.34 -162.629 147.279 -296.268 -228.353 -260.681
96800000 2209.11 -58.6823 47.3829 41.0682 -469.616 -38.2365
96900000 2248.9 -66.0521 226.964 -384.643 -62.9472 -226.158
97000000 2373.37 -54.0162 175.033 -153.724 -62.0497 -135.028
97100000 1551.69 49.5856 177.285 -92.4462 -50.4532 133.833
97200000 2104.95 336.203 427.755 -18.8265 88.692 163.443
97300000 1836 119.445 36.1779 -442.546 231.169 -64.0025
97400000 1531.82 758.164 130.995 -468.732 -81.6531 304.716
97500000 1482.63 676.517 -28.394 -174.133 225.761 339.387
97600000 887.268 384.468 152.749 -24.397 218.027 33.8071
97700000 633.087 273.433 245.719 -265.099 -175.418 93.1257
97800000 1563.56 296.704 -98.6465 -15.0838 257.095 -370.571
97900000 1535.16 369.305 575.047 150.472 70.4354 -252.316
98000000 1090.88 251.208 -56.616 299.79 -227.208 -54.3574
98100000 1363.14 435.708 68.1055 18.6666 -39.4311 -273.055
98200000 1513.25 191.766 171.395 -130.821 -102.848 -94.566
98300000 1151.49 119.216 337.605 -147.933 -204.249 138.947
98400000 808.619 777.506 172.23 183.783 -346.355 -118.153
98500000 926.725 748.644 670.53 152.321 -215.238 -0.357886
98600000 358.525 1155.06 879.426 -39.0265 186.828 442.524
98700000 635.515 492.43 500.242 -109.812 -149.659 38.1095
98800000 254.132 1042.29 801.586 577.218 -188.121 -217.256
98900000 12.3765 810.391 128.473 -101.407 215.371 -517.305
99000000 366.683 920.059 673.478 102.855 -44.5674 -577.692
99100000 24.4086 1401.38 945.744 -300.64 -0.626347 -122.047
99200000 -273.284 951.706 1194.72 -294.511 -22.4933 102.904
99300000 -475.829 1256.51 695.245 21.3147 174.614 -108.243
99400000 -146.125 1097.43 1096.76 109.45 -31.094 215.932
99500000 -540.434 1136.24 1247.14 320.111 -20.1625 141.29
99600000 -738.349 731.312 1366.25 -97.3371 -164.024 -136.163
99700000 -73.5728 1036.61 991.49 -57.2408 -325.842 -508.271
99800000 -318.782 1106.06 1193.93 164.695 -130.208 -407.926
99900000 -534.316 1439.07 795.514 135.336 -335.208 -342.633
100000000 -489.103 885.006 808.311 -105.762 -505.22 -462.245
