# Time-averaged data for fix ps1
# TimeStep c_thermo_press[1] c_thermo_press[2] c_thermo_press[3] c_thermo_press[4] c_thermo_press[5] c_thermo_press[6]
1000 395090 394641 0 274.396 0 0
2000 394175 392994 0 -166.761 0 0
3000 395213 393210 0 -1685.3 0 0
4000 392775 395639 0 -3267.35 0 0
5000 394965 396034 0 -100.221 0 0
6000 392928 396264 0 -1616.97 0 0
7000 390906 400394 0 -502.987 0 0
8000 392371 400175 0 -4061.22 0 0
9000 393370 398086 0 -4444.53 0 0
10000 393714 397138 0 -1733.26 0 0
11000 393905 393370 0 -1803.51 0 0
12000 397553 396199 0 -1021.49 0 0
13000 396933 396192 0 -2623.94 0 0
14000 397150 395130 0 -1600.38 0 0
15000 399643 392537 0 -5461.85 0 0
16000 392666 394017 0 -3282.63 0 0
17000 392806 396486 0 -1780.75 0 0
18000 395202 394847 0 471.525 0 0
19000 394495 396058 0 919.659 0 0
20000 396718 396991 0 60.0307 0 0
21000 394120 399167 0 -444.506 0 0
22000 390851 401315 0 1064.19 0 0
23000 390148 398274 0 1589.33 0 0
24000 391017 398828 0 237.913 0 0
25000 392916 398970 0 -2721.73 0 0
26000 393304 394515 0 907.581 0 0
27000 394751 393909 0 -4873.87 0 0
28000 393220 395122 0 -764.009 0 0
29000 394763 397687 0 -2656.19 0 0
30000 393371 398224 0 -1298.19 0 0
31000 397833 396309 0 -3461.99 0 0
32000 395367 394618 0 480.745 0 0
33000 396471 396050 0 -3820.28 0 0
34000 396734 394307 0 1143.17 0 0
35000 399817 391507 0 -1875.61 0 0
36000 393604 396728 0 167.762 0 0
37000 396012 394713 0 1714.49 0 0
38000 395837 393160 0 228.211 0 0
39000 394821 394977 0 1227.35 0 0
40000 394456 395446 0 58.877 0 0
41000 394804 393056 0 2581.31 0 0
42000 394223 394487 0 -190.018 0 0
43000 395136 394282 0 -538.963 0 0
44000 393855 396554 0 -1477.57 0 0
45000 391280 397763 0 -2681.97 0 0
46000 393123 396999 0 -1454.32 0 0
47000 391885 397517 0 -503.306 0 0
48000 394277 392452 0 838.054 0 0
49000 394952 398057 0 244.883 0 0
50000 392438 398944 0 4838.46 0 0
51000 392077 397010 0 2578.09 0 0
52000 393258 395736 0 3424.98 0 0
53000 393763 401995 0 2315.88 0 0
54000 395819 395854 0 4006.6 0 0
55000 392528 394258 0 1898.74 0 0
56000 396884 391866 0 2565.85 0 0
57000 393961 393639 0 4655.17 0 0
58000 392701 396345 0 3414.38 0 0
59000 393404 395333 0 2434.2 0 0
60000 391704 398132 0 1171.7 0 0
61000 394247 399513 0 -371.723 0 0
62000 394140 395807 0 1320.66 0 0
63000 391370 400049 0 -3669.7 0 0
64000 397006 394562 0 1758.74 0 0
65000 394342 394450 0 1422.08 0 0
66000 398908 393338 0 -1595.28 0 0
67000 395951 392318 0 518.633 0 0
68000 393364 398467 0 -890.428 0 0
69000 394643 397792 0 316.12 0 0
70000 396007 395162 0 2061.29 0 0
71000 391959 394729 0 -3329.2 0 0
72000 395583 395513 0 -1391 0 0
73000 396434 394341 0 -1607.39 0 0
74000 396778 397726 0 -274.536 0 0
75000 395727 393214 0 -825.068 0 0
76000 396259 393179 0 -1317.91 0 0
77000 393420 394208 0 621.3 0 0
78000 393191 397156 0 -177.559 0 0
79000 393467 395593 0 1045.59 0 0
80000 396241 394960 0 1902.36 0 0
81000 395541 396245 0 2330.5 0 0
82000 388420 395751 0 -2178.1 0 0
83000 394368 394739 0 128.329 0 0
84000 396815 393168 0 -1671.25 0 0
85000 397412 392073 0 -1384.96 0 0
86000 394315 393529 0 -2233.66 0 0
87000 398567 396860 0 -827.676 0 0
88000 394181 394061 0 -1247.96 0 0
89000 393712 395789 0 -4443.31 0 0
90000 398388 394078 0 -687.407 0 0
91000 393476 393395 0 516.239 0 0
92000 398087 393285 0 -2852.02 0 0
93000 399309 391311 0 1584.66 0 0
94000 396028 394022 0 -2365.69 0 0
95000 396795 393499 0 -2924.83 0 0
96000 395861 392870 0 -2136.51 0 0
97000 396180 389428 0 979.426 0 0
98000 397031 392555 0 -2815.29 0 0
99000 389807 396174 0 -1995.97 0 0
100000 397361 390826 0 -4191.42 0 0
101000 398175 393794 0 -2664.85 0 0
102000 395818 394773 0 -614.016 0 0
103000 393199 395891 0 -373.985 0 0
104000 394349 393380 0 -3371.32 0 0
105000 394809 393424 0 -4232.62 0 0
106000 399441 392530 0 -1626.99 0 0
107000 397212 399359 0 -2358.9 0 0
108000 396745 390834 0 -1981.67 0 0
109000 398538 394497 0 -8585.19 0 0
110000 395826 395729 0 -1682.5 0 0
111000 393845 395617 0 -3928.15 0 0
112000 392969 394097 0 -1530.89 0 0
113000 397145 394093 0 -1007.42 0 0
114000 394176 395556 0 78.5401 0 0
115000 393361 390778 0 -296.204 0 0
116000 395899 397066 0 -569.37 0 0
117000 396280 396884 0 -933.197 0 0
118000 399550 393389 0 1599.34 0 0
119000 398044 394037 0 -2115.67 0 0
120000 393030 395273 0 -4689.13 0 0
121000 393865 394702 0 -549.878 0 0
122000 394459 398255 0 446.042 0 0
123000 398412 391891 0 -348.733 0 0
124000 397096 392510 0 -2932.35 0 0
125000 394333 392929 0 -940.877 0 0
126000 396311 393008 0 -4091.08 0 0
127000 395394 396950 0 -2062.4 0 0
128000 395631 392426 0 -983.953 0 0
129000 396130 397100 0 -2111.35 0 0
130000 396559 391677 0 -884.926 0 0
131000 396205 394205 0 -46.7331 0 0
132000 399302 391353 0 -3727.94 0 0
133000 398231 390233 0 -4425.68 0 0
134000 395953 393966 0 -3620.97 0 0
135000 397348 393853 0 -3479.4 0 0
136000 397947 392556 0 -4612.19 0 0
137000 399928 391487 0 -5510.26 0 0
138000 394513 394384 0 1688.02 0 0
139000 396229 392887 0 -2097.5 0 0
140000 395792 394113 0 -306.474 0 0
141000 397153 392954 0 -421.375 0 0
142000 393317 396528 0 2604.75 0 0
143000 397406 395331 0 1931.2 0 0
144000 397251 396517 0 -279.101 0 0
145000 393254 392595 0 525.193 0 0
146000 394964 397713 0 -681.242 0 0
147000 396116 394070 0 2322.81 0 0
148000 397458 391330 0 2345.23 0 0
149000 396594 393533 0 2576.71 0 0
150000 394076 395211 0 1856.58 0 0
151000 397896 397192 0 1633.76 0 0
152000 395875 396993 0 2140.41 0 0
153000 392919 396931 0 4904.57 0 0
154000 398159 392604 0 2238.49 0 0
155000 397127 395722 0 -15.0727 0 0
156000 394925 394696 0 264.344 0 0
157000 395210 394483 0 2730.99 0 0
158000 394877 393526 0 1221.26 0 0
159000 397304 393551 0 -418.557 0 0
160000 392484 397749 0 -1758.49 0 0
161000 390806 398728 0 -2151.91 0 0
162000 394452 392928 0 14.6807 0 0
163000 396091 393299 0 3702.87 0 0
164000 396674 392704 0 4372.93 0 0
165000 398258 394595 0 2474.84 0 0
166000 396842 393161 0 235.092 0 0
167000 395775 393566 0 521.817 0 0
168000 396476 394578 0 1953.15 0 0
169000 396003 392644 0 459.876 0 0
170000 395393 396087 0 1337.02 0 0
171000 395317 396896 0 2012.18 0 0
172000 398114 397779 0 473.392 0 0
173000 397154 391906 0 377.197 0 0
174000 396901 393278 0 63.1191 0 0
175000 397795 394551 0 706.075 0 0
176000 398456 393190 0 684.754 0 0
177000 402582 391212 0 -349.186 0 0
178000 398049 391416 0 -205.244 0 0
179000 396595 394645 0 2081.26 0 0
180000 398416 392720 0 -170.615 0 0
181000 393116 396564 0 1267.76 0 0
182000 398301 393698 0 2821.57 0 0
183000 394327 392984 0 74.3341 0 0
184000 398232 392820 0 2693.63 0 0
185000 395237 392958 0 341.604 0 0
186000 396637 394761 0 836.216 0 0
187000 396390 392589 0 -3126.59 0 0
188000 395689 394439 0 -821.615 0 0
189000 392050 399914 0 1971.85 0 0
190000 397466 396140 0 447.135 0 0
191000 394711 395841 0 -189.539 0 0
192000 396124 397497 0 -483.727 0 0
193000 396120 393166 0 -4692.16 0 0
194000 394938 393435 0 -1263.11 0 0
195000 394060 396767 0 134.232 0 0
196000 394993 401762 0 -417.659 0 0
197000 394316 397602 0 19.4302 0 0
198000 399224 394430 0 1294.44 0 0
199000 398041 395234 0 1256.41 0 0
200000 399199 393902 0 -1570.69 0 0
201000 399493 396399 0 -946.817 0 0
202000 399510 392505 0 -3310.34 0 0
203000 398336 392317 0 -4480.92 0 0
204000 398390 390525 0 -3133.9 0 0
205000 397728 395250 0 -4962.25 0 0
206000 400290 392058 0 -3683.01 0 0
207000 399595 393397 0 -4775.05 0 0
208000 395587 392638 0 -928.813 0 0
209000 394260 397932 0 -2520.53 0 0
210000 401815 397352 0 -1851.54 0 0
211000 396307 394590 0 279.409 0 0
212000 400281 393915 0 1754.03 0 0
213000 399194 396777 0 1024.33 0 0
214000 398490 394891 0 -2793.72 0 0
215000 398074 395583 0 -2051.62 0 0
216000 395617 394462 0 -172.081 0 0
217000 396582 396205 0 2849.83 0 0
218000 393762 399442 0 6052.03 0 0
219000 401421 390657 0 -1908.8 0 0
220000 395077 398805 0 -3507.16 0 0
221000 389833 398287 0 -3396.18 0 0
222000 394560 397518 0 -1224.8 0 0
223000 397691 394505 0 -740.454 0 0
224000 394192 397308 0 -2718.72 0 0
225000 392729 398869 0 -270.703 0 0
226000 392942 398887 0 1152.31 0 0
227000 392538 400638 0 507.178 0 0
228000 395677 397798 0 -4435.7 0 0
229000 394116 398097 0 -334.048 0 0
230000 392316 399099 0 -2889.48 0 0
231000 397286 397689 0 904.518 0 0
232000 397670 395792 0 -2595.07 0 0
233000 393296 396584 0 -2574 0 0
234000 399277 396314 0 1145.41 0 0
235000 394982 394933 0 -2959.47 0 0
236000 394171 395525 0 917.959 0 0
237000 397274 393943 0 137.897 0 0
238000 393361 396971 0 1070.18 0 0
239000 397535 394406 0 -2103.48 0 0
240000 395860 396252 0 742.31 0 0
241000 392594 395368 0 2685.21 0 0
242000 394713 397194 0 497.991 0 0
243000 397154 396037 0 1116.58 0 0
244000 396862 394521 0 1420.09 0 0
245000 392407 394050 0 342.107 0 0
246000 399686 392613 0 2256.2 0 0
247000 392046 393729 0 936.491 0 0
248000 391582 396705 0 670.002 0 0
249000 395528 394944 0 -1533.92 0 0
250000 399235 391918 0 1585.91 0 0
251000 394495 395593 0 -517.6 0 0
252000 393193 397315 0 -1386.35 0 0
253000 393541 399507 0 2262.09 0 0
254000 393046 400149 0 1225 0 0
255000 394348 398507 0 371.599 0 0
256000 392626 398715 0 -2171.49 0 0
257000 394618 395713 0 241.541 0 0
258000 397747 395734 0 1276.7 0 0
259000 394608 394973 0 1572.01 0 0
260000 394609 394460 0 4775.36 0 0
261000 391014 396981 0 3865.28 0 0
262000 396256 397963 0 -503.752 0 0
263000 395853 397721 0 822.356 0 0
264000 400094 396655 0 2149.93 0 0
265000 396838 393127 0 996.197 0 0
266000 398370 393241 0 3473.35 0 0
267000 398142 395476 0 1659.58 0 0
268000 401579 395519 0 4262.41 0 0
269000 397249 393127 0 4026.19 0 0
270000 395714 393613 0 1172.41 0 0
271000 399222 395408 0 4277.85 0 0
272000 398602 392983 0 1900.34 0 0
273000 394500 394687 0 1186.12 0 0
274000 396146 395790 0 -520.679 0 0
275000 395850 394491 0 -631.612 0 0
276000 393914 395271 0 400.067 0 0
277000 396908 393848 0 -1311.47 0 0
278000 394631 395109 0 -3615.02 0 0
279000 396428 393921 0 -3504.67 0 0
280000 396202 395976 0 -1423.14 0 0
281000 398253 394276 0 946.975 0 0
282000 397327 396078 0 -3030.29 0 0
283000 399048 394558 0 -337.605 0 0
284000 397197 395734 0 -4047.26 0 0
285000 397331 398397 0 -3154.54 0 0
286000 396789 394097 0 745.573 0 0
287000 396880 396292 0 -1619.21 0 0
288000 399272 394361 0 1721.59 0 0
289000 398764 395331 0 794.406 0 0
290000 393314 396615 0 -285.959 0 0
291000 395229 395405 0 -269.541 0 0
292000 396944 394525 0 236.163 0 0
293000 394616 395209 0 2708.3 0 0
294000 396396 395826 0 1635.2 0 0
295000 396725 395086 0 241.015 0 0
296000 400469 396606 0 -657.964 0 0
297000 398808 394579 0 800.252 0 0
298000 393959 397216 0 -2515.66 0 0
299000 398905 392531 0 -1910.9 0 0
300000 396268 393478 0 -1808.15 0 0
301000 397987 395769 0 -3314.12 0 0
302000 401538 392039 0 -1807.99 0 0
303000 398967 395345 0 -3971.81 0 0
304000 394786 394524 0 -4906.15 0 0
305000 395108 394481 0 -2527.16 0 0
306000 399230 396518 0 -769.134 0 0
307000 394391 397262 0 2431.76 0 0
308000 395815 395834 0 240.518 0 0
309000 401384 394637 0 -1300.19 0 0
310000 395368 397304 0 -1199.41 0 0
311000 396597 396589 0 955.926 0 0
312000 397666 394337 0 -2986.4 0 0
313000 397899 393129 0 -460.237 0 0
314000 394713 397880 0 1660.42 0 0
315000 396939 396077 0 -681.717 0 0
316000 397817 399356 0 224.531 0 0
317000 397583 394310 0 -752.088 0 0
318000 402307 389352 0 735.354 0 0
319000 396943 395333 0 491.572 0 0
320000 396647 395042 0 923.045 0 0
321000 395730 397124 0 -3062.09 0 0
322000 394104 395773 0 1528.52 0 0
323000 393306 398887 0 -2103.49 0 0
324000 396291 398373 0 -2118.18 0 0
325000 393113 400850 0 990.511 0 0
326000 396770 396025 0 3095.07 0 0
327000 394096 395745 0 364.667 0 0
328000 395896 400726 0 -2511.34 0 0
329000 396993 394999 0 -2669.88 0 0
330000 394536 395656 0 -454.642 0 0
331000 394197 397034 0 408.214 0 0
332000 394644 394156 0 -2161.62 0 0
333000 395850 396605 0 52.7848 0 0
334000 395646 397317 0 -97.6267 0 0
335000 393886 397936 0 -1294.76 0 0
336000 390898 399659 0 -2090.57 0 0
337000 393300 392774 0 -176.916 0 0
338000 394796 395758 0 289.133 0 0
339000 395602 397997 0 471.562 0 0
340000 394534 393249 0 88.5256 0 0
341000 393439 398821 0 446.225 0 0
342000 397129 395253 0 -71.0481 0 0
343000 400254 393089 0 1227.26 0 0
344000 394433 399585 0 -703.896 0 0
345000 395140 396709 0 -523.066 0 0
346000 396035 394402 0 1618.41 0 0
347000 395331 397951 0 2637.18 0 0
348000 391990 396549 0 267.481 0 0
349000 397553 397456 0 -1434.54 0 0
350000 394324 400677 0 -2809.08 0 0
351000 397752 396346 0 2018.19 0 0
352000 394338 397262 0 2197.54 0 0
353000 395180 395790 0 2130.82 0 0
354000 394347 392643 0 3244.46 0 0
355000 391895 397098 0 3445.16 0 0
356000 392493 397679 0 2252.36 0 0
357000 395704 398532 0 1562.07 0 0
358000 395639 397238 0 3616.96 0 0
359000 396491 397244 0 4143.02 0 0
360000 394008 397614 0 2163.53 0 0
361000 397011 394484 0 940.371 0 0
362000 392897 394093 0 3824.4 0 0
363000 395384 393032 0 2791.82 0 0
364000 396137 399273 0 3585.59 0 0
365000 396519 390596 0 4884.05 0 0
366000 395055 395821 0 4210.49 0 0
367000 394299 399167 0 892.438 0 0
368000 394179 395598 0 2316.36 0 0
369000 397816 398117 0 4002.85 0 0
370000 395428 393201 0 1373.29 0 0
371000 393222 396420 0 2110.17 0 0
372000 392081 397060 0 3581.03 0 0
373000 396544 394936 0 2577.58 0 0
374000 395858 393949 0 3059.75 0 0
375000 394496 395163 0 -992.269 0 0
376000 397337 393870 0 -363.733 0 0
377000 397720 394079 0 -1552.32 0 0
378000 396478 396785 0 -1220.58 0 0
379000 396141 396709 0 821.284 0 0
380000 395032 392760 0 -3667.43 0 0
381000 396345 394828 0 -485.233 0 0
382000 396323 394214 0 655.954 0 0
383000 391451 398916 0 1809.08 0 0
384000 394083 396791 0 3033.85 0 0
385000 396882 396384 0 2046.52 0 0
386000 392198 401832 0 37.3073 0 0
387000 396261 396846 0 1028.51 0 0
388000 397621 392861 0 -3057.74 0 0
389000 393106 397668 0 -3563.84 0 0
390000 396436 398512 0 -5423.59 0 0
391000 395814 394553 0 -6405.43 0 0
392000 389382 397780 0 -3614.54 0 0
393000 394914 397188 0 -3857.69 0 0
394000 396603 396122 0 -3093.73 0 0
395000 393892 395857 0 -737.01 0 0
396000 393586 396768 0 -3633.26 0 0
397000 396379 393523 0 -3394.75 0 0
398000 395124 392661 0 -3332.8 0 0
399000 394112 396503 0 -5925.04 0 0
400000 398984 395144 0 -4819.13 0 0
401000 395664 394864 0 12.5491 0 0
402000 394555 394784 0 -3740.81 0 0
403000 389844 398118 0 -3957.48 0 0
404000 389623 400457 0 -5912.19 0 0
405000 391075 397916 0 -1607.36 0 0
406000 394424 397545 0 -5469.98 0 0
407000 397370 396283 0 -2685.79 0 0
408000 394435 398740 0 -2511.23 0 0
409000 396117 396049 0 -3716.24 0 0
410000 395430 397468 0 -7466.68 0 0
411000 391320 396934 0 -6552.99 0 0
412000 397605 394039 0 -4931.96 0 0
413000 395621 396027 0 -3836.34 0 0
414000 392912 396631 0 -2619.66 0 0
415000 395057 394604 0 -3317.88 0 0
416000 395996 396001 0 -2867.79 0 0
417000 394983 392537 0 167.431 0 0
418000 395184 392445 0 -2653.06 0 0
419000 391398 397642 0 -2654.19 0 0
420000 393504 399371 0 -1010.4 0 0
421000 394888 395214 0 -510.334 0 0
422000 397029 393118 0 -707.512 0 0
423000 394933 398204 0 -505.693 0 0
424000 392148 397981 0 -248.113 0 0
425000 393664 398746 0 2239.89 0 0
426000 393517 399779 0 2048.99 0 0
427000 392874 394305 0 983.066 0 0
428000 394964 395434 0 1105.64 0 0
429000 394997 395378 0 -95.8517 0 0
430000 394190 397338 0 522.743 0 0
431000 393930 393549 0 -893.28 0 0
432000 394021 397087 0 81.2724 0 0
433000 394680 396828 0 5105.54 0 0
434000 392444 399297 0 1223.36 0 0
435000 392941 397925 0 5336.05 0 0
436000 395300 394206 0 4250.52 0 0
437000 399275 391558 0 69.5609 0 0
438000 396069 394126 0 1270.08 0 0
439000 388295 402242 0 2836.15 0 0
440000 393810 395982 0 869.779 0 0
441000 392469 397518 0 -895.121 0 0
442000 392600 398552 0 262.803 0 0
443000 395829 394555 0 528.296 0 0
444000 395468 397818 0 870.729 0 0
445000 399611 394168 0 4407.02 0 0
446000 394604 397078 0 -145.187 0 0
447000 397565 392839 0 819.021 0 0
448000 395727 397099 0 -643.129 0 0
449000 393960 395217 0 -613.292 0 0
450000 394071 393150 0 1690.05 0 0
451000 399219 393021 0 734.544 0 0
452000 398381 391621 0 1270.19 0 0
453000 397276 393619 0 4842.45 0 0
454000 398198 393049 0 970.137 0 0
455000 395137 393408 0 -448.513 0 0
456000 398070 395081 0 919.914 0 0
457000 395966 398201 0 2957.45 0 0
458000 391497 397295 0 -757.037 0 0
459000 398573 394642 0 -2391.99 0 0
460000 396137 395479 0 576.773 0 0
461000 391429 398706 0 -2739.6 0 0
462000 393087 398360 0 -1110.89 0 0
463000 395987 396074 0 2873.78 0 0
464000 394774 398405 0 1554.72 0 0
465000 396201 394158 0 755.275 0 0
466000 394857 396056 0 -1185.81 0 0
467000 395229 393985 0 10.1181 0 0
468000 396961 396219 0 -718.042 0 0
469000 395144 395191 0 1944.9 0 0
470000 395338 395743 0 -112.296 0 0
471000 395832 398516 0 446.808 0 0
472000 395394 394190 0 1772.06 0 0
473000 396926 395469 0 1624.75 0 0
474000 394610 396052 0 159.628 0 0
475000 394997 398353 0 1046.92 0 0
476000 398314 394562 0 2587.69 0 0
477000 392107 397219 0 1449.72 0 0
478000 392098 400353 0 5384.15 0 0
479000 393898 398007 0 -401.015 0 0
480000 394907 399632 0 2367.2 0 0
481000 391647 397176 0 107.989 0 0
482000 393060 396462 0 201.744 0 0
483000 393184 393831 0 1697.43 0 0
484000 393167 396287 0 1161.31 0 0
485000 392410 399428 0 -1741.88 0 0
486000 393265 396773 0 1375.22 0 0
487000 394497 397253 0 -1680.64 0 0
488000 389559 400819 0 -2968.42 0 0
489000 396637 397603 0 273.838 0 0
490000 395098 396951 0 -1984.41 0 0
491000 390645 401552 0 -3703.16 0 0
492000 393211 399550 0 -3346.24 0 0
493000 391277 399474 0 -2574.81 0 0
494000 392914 397758 0 -3386.81 0 0
495000 397443 394784 0 -3714.54 0 0
496000 397564 393684 0 -4589.13 0 0
497000 397047 395344 0 -1909.47 0 0
498000 395992 400359 0 -3383.83 0 0
499000 395881 394241 0 -3075.75 0 0
500000 398137 395330 0 -1741.94 0 0
