# Time-averaged data for fix ps1
# TimeStep c_thermo_press[1] c_thermo_press[2] c_thermo_press[3] c_thermo_press[4] c_thermo_press[5] c_thermo_press[6]
1000 321336 316883 0 -1179.93 0 0
2000 321208 316765 0 -2051.57 0 0
3000 320873 316142 0 -1664.43 0 0
4000 319985 317231 0 -2583.01 0 0
5000 320852 316806 0 -3110.92 0 0
6000 320696 316790 0 -3988.12 0 0
7000 321286 316469 0 -4571.57 0 0
8000 321434 316661 0 -4806.91 0 0
9000 320555 316835 0 -6116.98 0 0
10000 320692 317802 0 -5620.12 0 0
11000 320779 317721 0 -5207.52 0 0
12000 320345 316964 0 -5448.28 0 0
13000 320003 317846 0 -6999.56 0 0
14000 320280 317052 0 -6098.21 0 0
15000 320796 317296 0 -8360.52 0 0
16000 319564 317286 0 -7506.46 0 0
17000 319656 316945 0 -8286.58 0 0
18000 321296 317337 0 -9261.29 0 0
19000 320584 317066 0 -9837.08 0 0
20000 319155 317898 0 -6777.34 0 0
21000 320531 316788 0 -8835.09 0 0
22000 320093 317663 0 -9039.93 0 0
23000 321259 316124 0 -10223 0 0
24000 320687 318183 0 -9548.9 0 0
25000 320869 316348 0 -8810.86 0 0
26000 319946 317313 0 -10036.7 0 0
27000 321325 318417 0 -9520.84 0 0
28000 319872 318133 0 -8214.7 0 0
29000 319867 316411 0 -8822.62 0 0
30000 321089 316444 0 -7457.42 0 0
31000 319339 318099 0 -8422.16 0 0
32000 320658 316415 0 -8580.52 0 0
33000 320091 316512 0 -7210.69 0 0
34000 320431 316525 0 -9305.03 0 0
35000 320228 318242 0 -7389.5 0 0
36000 318972 318789 0 -6834.53 0 0
37000 320194 317260 0 -7068.8 0 0
38000 320204 316913 0 -6306.37 0 0
39000 321097 316272 0 -5027.24 0 0
40000 320112 317169 0 -5497.73 0 0
41000 320520 316960 0 -5586.19 0 0
42000 322087 317853 0 -4952.66 0 0
43000 320548 316516 0 -4610.36 0 0
44000 319973 317919 0 -4235.87 0 0
45000 321107 317175 0 -3781.24 0 0
46000 320987 316596 0 -2690.91 0 0
47000 321083 316707 0 -2582.95 0 0
48000 320973 316597 0 -1361.98 0 0
49000 320486 316366 0 -1770.74 0 0
50000 320205 317096 0 -416.822 0 0
51000 319391 315985 0 -455.071 0 0
52000 319859 317805 0 1716.12 0 0
53000 318766 317047 0 1707.8 0 0
54000 320803 316444 0 2566.8 0 0
55000 321038 316137 0 1818.62 0 0
56000 319599 317238 0 3100 0 0
57000 319824 317025 0 2539.23 0 0
58000 321302 315361 0 3516.57 0 0
59000 319930 317454 0 4156.1 0 0
60000 320600 317389 0 4295.11 0 0
61000 320431 317232 0 4693.49 0 0
62000 321106 316087 0 5892.84 0 0
63000 320130 317026 0 5890 0 0
64000 321210 316865 0 6236.72 0 0
65000 319415 317830 0 6075.63 0 0
66000 320279 316496 0 6936.1 0 0
67000 321395 316799 0 7208.27 0 0
68000 320216 316476 0 6834.42 0 0
69000 321251 315777 0 8202.45 0 0
70000 320512 315854 0 7928.18 0 0
71000 321819 315936 0 8040.2 0 0
72000 321592 316130 0 7893.8 0 0
73000 321678 316809 0 9210.53 0 0
74000 320456 316922 0 7556.7 0 0
75000 320925 317133 0 8898.34 0 0
76000 321976 314693 0 7069.61 0 0
77000 320331 316634 0 9244.11 0 0
78000 320079 317393 0 8207.98 0 0
79000 320860 317231 0 8502.17 0 0
80000 320365 316738 0 8218.61 0 0
81000 320711 317130 0 7602.89 0 0
82000 318905 316972 0 7224.99 0 0
83000 321756 315631 0 7155.65 0 0
84000 320167 316180 0 5917.06 0 0
85000 321225 317278 0 6865.66 0 0
86000 321509 315756 0 6290.33 0 0
87000 320775 316078 0 4787.55 0 0
88000 320899 317746 0 6060.79 0 0
89000 319277 317229 0 5592.28 0 0
90000 321083 315267 0 4611.16 0 0
91000 320740 316917 0 5869.54 0 0
92000 320960 316419 0 4145.18 0 0
93000 320842 316993 0 3614.28 0 0
94000 323196 315652 0 2441.38 0 0
95000 319615 316285 0 2317.12 0 0
96000 319943 316625 0 1581.91 0 0
97000 321055 316915 0 1384.34 0 0
98000 320033 316903 0 402.026 0 0
99000 319622 317776 0 535.744 0 0
100000 320317 316464 0 426.886 0 0
101000 320218 316350 0 841.982 0 0
102000 320621 317358 0 -1808.62 0 0
103000 320703 317355 0 -1516.38 0 0
104000 320150 316198 0 -3372.71 0 0
105000 321352 315306 0 -3239.72 0 0
106000 320862 317285 0 -3613.13 0 0
107000 321380 315965 0 -4254.42 0 0
108000 320875 317613 0 -4317.36 0 0
109000 320756 318430 0 -5039.7 0 0
110000 320837 316139 0 -6095.84 0 0
111000 320125 317510 0 -5826.91 0 0
112000 320487 318685 0 -7348.31 0 0
113000 321415 317667 0 -6952.01 0 0
114000 322184 316164 0 -8413.31 0 0
115000 321096 316843 0 -8005.97 0 0
116000 320182 317675 0 -8862.6 0 0
117000 321566 317084 0 -7646.39 0 0
118000 319449 318348 0 -8779.7 0 0
119000 320690 317881 0 -8687.2 0 0
120000 321515 316529 0 -9121.92 0 0
121000 320773 317818 0 -8506.95 0 0
122000 320814 316754 0 -9125.38 0 0
123000 320008 318003 0 -9545.48 0 0
124000 321378 316656 0 -9727.32 0 0
125000 320150 318776 0 -8547.06 0 0
126000 320290 317492 0 -9370.85 0 0
127000 320874 317369 0 -8162.96 0 0
128000 321049 316968 0 -10190.7 0 0
129000 320242 318210 0 -9361.4 0 0
130000 320745 317083 0 -9054.82 0 0
131000 320926 316931 0 -9019.12 0 0
132000 320974 317357 0 -8301.12 0 0
133000 320477 317344 0 -7662.69 0 0
134000 320093 318212 0 -8254.47 0 0
135000 321627 316956 0 -7331.3 0 0
136000 321639 316417 0 -6142.66 0 0
137000 319635 319104 0 -6297.49 0 0
138000 320322 316469 0 -6499.92 0 0
139000 321016 317095 0 -7528.57 0 0
140000 320505 316584 0 -5006.99 0 0
141000 320020 317965 0 -4895.23 0 0
142000 321077 315970 0 -5177.81 0 0
143000 320331 316920 0 -4134.9 0 0
144000 319212 316795 0 -3942.87 0 0
145000 320822 315652 0 -2487.49 0 0
146000 321381 317155 0 -2677.29 0 0
147000 320635 316305 0 -1179.8 0 0
148000 318960 317597 0 -1748.85 0 0
149000 321295 315639 0 -1213.99 0 0
150000 320312 317337 0 1120.11 0 0
151000 320207 317063 0 -716.465 0 0
152000 320809 317435 0 1600.66 0 0
153000 319429 316437 0 1216.07 0 0
154000 320410 315893 0 1548.32 0 0
155000 319801 317034 0 1874.65 0 0
156000 321138 315637 0 3105.06 0 0
157000 320785 317104 0 3775.62 0 0
158000 320368 317447 0 4490.49 0 0
159000 321111 316523 0 3669.7 0 0
160000 320950 316874 0 4396.22 0 0
161000 322053 316403 0 5116.36 0 0
162000 320377 316334 0 4994.26 0 0
163000 319031 317837 0 6410.84 0 0
164000 320845 315830 0 7190.35 0 0
165000 320282 317444 0 5863.42 0 0
166000 321162 315755 0 6515.39 0 0
167000 320478 317330 0 7193.87 0 0
168000 320944 316818 0 6785.16 0 0
169000 319856 317335 0 7171.99 0 0
170000 320579 317085 0 7552.88 0 0
171000 320214 316688 0 8859.72 0 0
172000 320954 316850 0 7922.34 0 0
173000 321513 315699 0 8732.81 0 0
174000 319442 317163 0 8789.37 0 0
175000 319414 316254 0 9852.18 0 0
176000 321416 316220 0 8172.77 0 0
177000 320547 316468 0 8441.39 0 0
178000 321061 317106 0 8689.91 0 0
179000 319870 317159 0 7975.37 0 0
180000 321584 316679 0 9125.69 0 0
181000 319709 318218 0 8524.37 0 0
182000 319535 317427 0 8907.82 0 0
183000 319686 317107 0 7428.62 0 0
184000 321734 316841 0 8564.45 0 0
185000 321286 317125 0 7005.72 0 0
186000 319908 317217 0 6718.08 0 0
187000 321144 316075 0 5789.03 0 0
188000 321607 316699 0 5184.82 0 0
189000 320900 315720 0 4984.03 0 0
190000 319004 318470 0 5127.63 0 0
191000 319432 316971 0 5270.94 0 0
192000 319302 317668 0 4544.15 0 0
193000 321509 316816 0 3254.47 0 0
194000 319712 317401 0 2588.56 0 0
195000 318870 318709 0 2633.04 0 0
196000 321091 316310 0 1979.75 0 0
197000 320090 317506 0 1525.81 0 0
198000 320325 317655 0 380.321 0 0
199000 320908 316339 0 1310.68 0 0
200000 320011 318093 0 -634.477 0 0
201000 320551 316122 0 -1885.98 0 0
202000 319398 317265 0 -2517.08 0 0
203000 320307 316701 0 -2149.29 0 0
204000 320770 317184 0 -2008.23 0 0
205000 320903 317757 0 -3419.08 0 0
206000 320364 317266 0 -2697.65 0 0
207000 320072 317797 0 -3475.59 0 0
208000 320391 318040 0 -4461.19 0 0
209000 321025 316070 0 -5632.57 0 0
210000 320385 316351 0 -5588.87 0 0
211000 320219 317377 0 -4589.25 0 0
212000 321651 316695 0 -6342.48 0 0
213000 321480 316585 0 -7063.3 0 0
214000 320431 318232 0 -6337.15 0 0
215000 320309 316759 0 -6859.68 0 0
216000 319894 318475 0 -8193.52 0 0
217000 320061 316889 0 -8227.16 0 0
218000 321896 316762 0 -9621.66 0 0
219000 320343 317568 0 -9361.73 0 0
220000 320759 316953 0 -8921.65 0 0
221000 320572 318022 0 -9169.43 0 0
222000 320727 317409 0 -10453.1 0 0
223000 320588 317645 0 -9435.44 0 0
224000 321052 317831 0 -8359.14 0 0
225000 321927 316323 0 -9347.91 0 0
226000 320262 318596 0 -9598.49 0 0
227000 320921 316785 0 -9529.78 0 0
228000 320140 317236 0 -9151.22 0 0
229000 321343 315963 0 -9340.21 0 0
230000 320540 316987 0 -9025.97 0 0
231000 321223 317012 0 -8020.62 0 0
232000 320222 318751 0 -8029.68 0 0
233000 320418 317597 0 -9090.35 0 0
234000 320281 317271 0 -6889.51 0 0
235000 320862 316310 0 -7208.69 0 0
236000 321048 316638 0 -8823.11 0 0
237000 321190 317973 0 -7692.93 0 0
238000 318807 316951 0 -6124.52 0 0
239000 320147 317033 0 -6724.92 0 0
240000 320273 316711 0 -6186.99 0 0
241000 319868 317574 0 -5745.05 0 0
242000 320172 317570 0 -4781.06 0 0
243000 319676 317135 0 -4142.51 0 0
244000 319901 318193 0 -3884.33 0 0
245000 320720 316574 0 -3636.31 0 0
246000 319620 317051 0 -3373.34 0 0
247000 320741 316720 0 -1132.69 0 0
248000 320873 315712 0 -584.68 0 0
249000 320802 316065 0 -157.802 0 0
250000 321778 316390 0 536.016 0 0
251000 320322 316736 0 287.727 0 0
252000 321036 317175 0 1365.76 0 0
253000 320236 315937 0 -78.8805 0 0
254000 319898 316818 0 1723.14 0 0
255000 320659 316400 0 2398.74 0 0
256000 321298 316461 0 3284.68 0 0
257000 320878 317662 0 3089.99 0 0
258000 320587 316579 0 3379.47 0 0
259000 320498 316089 0 4012.7 0 0
260000 321965 316449 0 5078.15 0 0
261000 320005 317585 0 5017.45 0 0
262000 320173 316800 0 5639.37 0 0
263000 321378 316359 0 5849.55 0 0
264000 322008 315330 0 6011.46 0 0
265000 321252 315980 0 6301.07 0 0
266000 320066 316734 0 6851.26 0 0
267000 320596 318133 0 7774.68 0 0
268000 319893 317224 0 7824.02 0 0
269000 320431 316182 0 7551.85 0 0
270000 320507 316854 0 8473.14 0 0
271000 319972 316204 0 7899.54 0 0
272000 320131 316765 0 8714.45 0 0
273000 319517 317714 0 8379.39 0 0
274000 319665 316962 0 7453.52 0 0
275000 321261 316663 0 8899.96 0 0
276000 321052 316628 0 8066.35 0 0
277000 320917 316762 0 8838.01 0 0
278000 320484 316825 0 8461.09 0 0
279000 320286 316120 0 8695.14 0 0
280000 321825 315877 0 7408.41 0 0
281000 320935 316656 0 8494.16 0 0
282000 320853 315486 0 7455.21 0 0
283000 320079 317137 0 6447.87 0 0
284000 319660 317731 0 5331.34 0 0
285000 319418 318817 0 5732.29 0 0
286000 319297 316642 0 5935.8 0 0
287000 319532 318192 0 6184.76 0 0
288000 320457 316910 0 5816.6 0 0
289000 320059 316214 0 4539.33 0 0
290000 319953 317574 0 3931.77 0 0
291000 320596 317456 0 3999.89 0 0
292000 320614 316841 0 3861.04 0 0
293000 320259 317759 0 4165.31 0 0
294000 319241 317627 0 1388.69 0 0
295000 319961 317413 0 1821.07 0 0
296000 319947 318409 0 1239.33 0 0
297000 319913 317474 0 1062.24 0 0
298000 320291 316885 0 732.299 0 0
299000 320056 317442 0 121.671 0 0
300000 319430 317946 0 -1392.91 0 0
301000 320341 316961 0 -907.732 0 0
302000 320705 316359 0 -1563.58 0 0
303000 320997 317598 0 -3279.45 0 0
304000 320216 317582 0 -1985.49 0 0
305000 320895 316840 0 -2723.19 0 0
306000 320050 316222 0 -3993.14 0 0
307000 320801 316729 0 -3580.35 0 0
308000 320857 316856 0 -4173.66 0 0
309000 320151 317746 0 -4793.05 0 0
310000 320146 317201 0 -5831.59 0 0
311000 321232 316581 0 -6004.63 0 0
312000 320304 317664 0 -6017.65 0 0
313000 320009 318174 0 -7112.17 0 0
314000 319842 318104 0 -7398.89 0 0
315000 319576 317623 0 -8022.58 0 0
316000 321079 317886 0 -7761.27 0 0
317000 319855 318049 0 -7912.04 0 0
318000 320366 317175 0 -8359.86 0 0
319000 321436 317929 0 -8960.03 0 0
320000 321066 318294 0 -8474.1 0 0
321000 320936 317654 0 -8850.62 0 0
322000 321074 316334 0 -8654.24 0 0
323000 320230 318069 0 -8865.02 0 0
324000 320336 317866 0 -8319.8 0 0
325000 320601 317486 0 -9826.94 0 0
326000 321211 317550 0 -8471.87 0 0
327000 320317 317071 0 -8824.53 0 0
328000 319224 318269 0 -9498.86 0 0
329000 320682 317108 0 -9376.97 0 0
330000 320946 316648 0 -9733.05 0 0
331000 320425 317192 0 -8576.72 0 0
332000 320610 317342 0 -8926.88 0 0
333000 320022 317063 0 -8929.56 0 0
334000 320890 316309 0 -6404.25 0 0
335000 321206 317019 0 -7805.3 0 0
336000 320547 317348 0 -7245.53 0 0
337000 321169 315922 0 -8154.45 0 0
338000 320839 317539 0 -7655.74 0 0
339000 319580 317850 0 -5776.83 0 0
340000 319766 317450 0 -6419.87 0 0
341000 321106 316115 0 -4553.12 0 0
342000 320048 316661 0 -4655.26 0 0
343000 320288 316801 0 -4024.71 0 0
344000 320568 316900 0 -3661.43 0 0
345000 320695 317180 0 -3114.52 0 0
346000 320883 316668 0 -2625.04 0 0
347000 319908 317597 0 -3240.24 0 0
348000 321161 317081 0 -2242.15 0 0
349000 321509 315581 0 -233.126 0 0
350000 320107 317607 0 173.462 0 0
351000 320652 316488 0 84.2704 0 0
352000 320919 317684 0 737.148 0 0
353000 319852 317947 0 1728.15 0 0
354000 320268 317041 0 1943.66 0 0
355000 320210 317707 0 1872.27 0 0
356000 319446 318155 0 2710.85 0 0
357000 320976 316564 0 2184.91 0 0
358000 320435 316323 0 4035.86 0 0
359000 320055 317769 0 3922.39 0 0
360000 320555 317361 0 4002.23 0 0
361000 321206 316083 0 5204.92 0 0
362000 320627 316399 0 6022.35 0 0
363000 320921 316264 0 6636.51 0 0
364000 320899 317862 0 6341.61 0 0
365000 320306 317695 0 7831.59 0 0
366000 320528 315932 0 7855.21 0 0
367000 321093 316280 0 7356.26 0 0
368000 320048 316495 0 7942.31 0 0
369000 321738 316333 0 8859.43 0 0
370000 319363 318698 0 8088.32 0 0
371000 321656 314690 0 9012.34 0 0
372000 320632 316861 0 7673.77 0 0
373000 321043 316863 0 9277.52 0 0
374000 321241 316330 0 8497.06 0 0
375000 319980 317374 0 8380.07 0 0
376000 320064 317086 0 8274.18 0 0
377000 321401 316771 0 7811.39 0 0
378000 319436 317866 0 7738.14 0 0
379000 320784 316607 0 8872.02 0 0
380000 319945 316588 0 7264.86 0 0
381000 320798 315853 0 8405.83 0 0
382000 319491 318012 0 8264.81 0 0
383000 320673 317919 0 6966.06 0 0
384000 321255 316104 0 6389.59 0 0
385000 320255 316198 0 5933.05 0 0
386000 319458 318784 0 6079.17 0 0
387000 319906 316652 0 6119.53 0 0
388000 320316 317012 0 5274.29 0 0
389000 321056 317128 0 5090.42 0 0
390000 319518 317344 0 5965.45 0 0
391000 320340 316474 0 2908.21 0 0
392000 320543 317856 0 4283.18 0 0
393000 318885 317339 0 3382.48 0 0
394000 321111 316376 0 2201.64 0 0
395000 321092 317339 0 2770.76 0 0
396000 321386 316153 0 2376.01 0 0
397000 320960 316585 0 1154.07 0 0
398000 321104 315757 0 226 0 0
399000 320593 318014 0 -92.0765 0 0
400000 320276 316948 0 -371.187 0 0
401000 321301 315863 0 -366.72 0 0
402000 320919 317918 0 -1218.9 0 0
403000 319682 317300 0 -1572.26 0 0
404000 319153 317354 0 -2427.65 0 0
405000 319587 317702 0 -2635.73 0 0
406000 320774 317169 0 -2789.33 0 0
407000 320674 317794 0 -4520.42 0 0
408000 320613 316834 0 -4219.24 0 0
409000 319770 318116 0 -4970.46 0 0
410000 320864 316514 0 -5446.39 0 0
411000 319760 317420 0 -6601.91 0 0
412000 320986 316537 0 -6551.09 0 0
413000 319530 315931 0 -6083.79 0 0
414000 320219 317702 0 -7983.51 0 0
415000 320518 317246 0 -6923.87 0 0
416000 319411 317638 0 -7342.22 0 0
417000 320907 316600 0 -8086.8 0 0
418000 321760 315462 0 -8523.46 0 0
419000 321073 317063 0 -8666.9 0 0
420000 320582 317837 0 -8894.08 0 0
421000 320418 316698 0 -8514.74 0 0
422000 321278 317048 0 -8343.73 0 0
423000 321626 317023 0 -8494.27 0 0
424000 320683 318461 0 -9363.26 0 0
425000 322012 317131 0 -10410 0 0
426000 319999 317965 0 -9628.16 0 0
427000 321278 317525 0 -8003.11 0 0
428000 321167 316472 0 -8854.95 0 0
429000 321108 316737 0 -8275.61 0 0
430000 320328 318345 0 -9326.4 0 0
431000 322354 316076 0 -8064.88 0 0
432000 320511 318195 0 -7433.88 0 0
433000 320050 318268 0 -8409.95 0 0
434000 320470 316932 0 -7841.55 0 0
435000 319236 317534 0 -7358.15 0 0
436000 321128 316786 0 -8224.28 0 0
437000 321566 315959 0 -5541.78 0 0
438000 321279 316346 0 -7647.82 0 0
439000 321511 316205 0 -6235.15 0 0
440000 321353 317460 0 -5287.55 0 0
441000 320225 317938 0 -3774.54 0 0
442000 320020 317326 0 -4640.97 0 0
443000 322404 316241 0 -4312.96 0 0
444000 321459 317115 0 -3825.64 0 0
445000 320864 316492 0 -2911.4 0 0
446000 320845 316371 0 -2877.06 0 0
447000 320284 316944 0 -3319.65 0 0
448000 320946 316446 0 -1017.48 0 0
449000 320155 317749 0 -1384.19 0 0
450000 320437 317958 0 -1279.11 0 0
451000 321659 316019 0 401.968 0 0
452000 319372 318629 0 1895.97 0 0
453000 320076 317589 0 1831.78 0 0
454000 321599 316959 0 1299.63 0 0
455000 322277 315519 0 2515.02 0 0
456000 319870 318002 0 2682.68 0 0
457000 321315 316209 0 3461.74 0 0
458000 320491 317421 0 3254.84 0 0
459000 320942 317688 0 3953.52 0 0
460000 319817 316930 0 4553.73 0 0
461000 320995 317327 0 5549.23 0 0
462000 319934 316372 0 5023 0 0
463000 320129 318069 0 4786.51 0 0
464000 321043 316241 0 6592.73 0 0
465000 319294 317412 0 6673.18 0 0
466000 320367 316819 0 6886.48 0 0
467000 318033 318587 0 7823.53 0 0
468000 318770 317791 0 7874.39 0 0
469000 320856 316409 0 8372.54 0 0
470000 321008 316662 0 7287.94 0 0
471000 320729 315719 0 7553.98 0 0
472000 321383 316437 0 7272.64 0 0
473000 320748 317183 0 8475.96 0 0
474000 322040 316112 0 8477.24 0 0
475000 321268 316193 0 8709.49 0 0
476000 320170 315296 0 8135.34 0 0
477000 320743 315791 0 9121.74 0 0
478000 321738 315402 0 8149.8 0 0
479000 321428 314812 0 9279 0 0
480000 319816 316458 0 8239.68 0 0
481000 320452 316066 0 7948.13 0 0
482000 320460 317893 0 7776.05 0 0
483000 320377 317526 0 9029.79 0 0
484000 320567 315313 0 5997.07 0 0
485000 320922 317858 0 7594.89 0 0
486000 319500 317722 0 5888.87 0 0
487000 320530 316401 0 5853.88 0 0
488000 320398 316634 0 5158.18 0 0
489000 319816 317955 0 4705.79 0 0
490000 321112 316979 0 4267.2 0 0
491000 322020 316550 0 3968.8 0 0
492000 319761 317292 0 3117.07 0 0
493000 320639 316739 0 3964.75 0 0
494000 320952 317079 0 2369.93 0 0
495000 318498 317655 0 2289.26 0 0
496000 320372 317416 0 2562.87 0 0
497000 320362 317897 0 1257.52 0 0
498000 320283 317648 0 784.572 0 0
499000 320103 317494 0 -784.076 0 0
500000 320527 316263 0 -446.624 0 0
