# Time-averaged data for fix ps1
# TimeStep c_thermo_press[1] c_thermo_press[2] c_thermo_press[3] c_thermo_press[4] c_thermo_press[5] c_thermo_press[6]
1000 329393 325784 0 -611.834 0 0
2000 331251 326060 0 -643.589 0 0
3000 330359 325968 0 -3437.11 0 0
4000 328905 326712 0 -2390.42 0 0
5000 328585 325494 0 -2236.74 0 0
6000 329907 326297 0 -3160.15 0 0
7000 328943 327299 0 -4611.19 0 0
8000 331010 325751 0 -3832.36 0 0
9000 329122 326495 0 -5327.09 0 0
10000 328923 326997 0 -6648.99 0 0
11000 330141 326798 0 -4769.57 0 0
12000 329217 327752 0 -5807.35 0 0
13000 329833 326021 0 -6913.44 0 0
14000 330611 326445 0 -6828.43 0 0
15000 328913 326305 0 -7148.9 0 0
16000 329985 324548 0 -7839.38 0 0
17000 327629 327055 0 -8431.49 0 0
18000 330777 324538 0 -8740.89 0 0
19000 329634 325894 0 -8555.91 0 0
20000 329842 325965 0 -10309.6 0 0
21000 329980 327026 0 -11128.7 0 0
22000 330357 325415 0 -9062.09 0 0
23000 329650 326652 0 -8315.83 0 0
24000 328916 326743 0 -10089.4 0 0
25000 328602 326651 0 -8210.65 0 0
26000 329238 326701 0 -8768.07 0 0
27000 329726 325654 0 -9296.55 0 0
28000 328343 327911 0 -9147.14 0 0
29000 328868 326396 0 -8104.59 0 0
30000 330890 325971 0 -9338.01 0 0
31000 329682 326832 0 -8377.78 0 0
32000 329871 325593 0 -9861.13 0 0
33000 328376 327611 0 -8235.87 0 0
34000 329884 326774 0 -6632.87 0 0
35000 328542 326499 0 -6974.57 0 0
36000 329408 324503 0 -7512.57 0 0
37000 329454 326202 0 -6273.2 0 0
38000 328452 327018 0 -7387.67 0 0
39000 329468 326271 0 -5645.04 0 0
40000 329475 326661 0 -4379.53 0 0
41000 329434 326086 0 -4999.94 0 0
42000 329334 326092 0 -4869.41 0 0
43000 330711 324386 0 -4420.18 0 0
44000 329882 324862 0 -3230.61 0 0
45000 330565 325805 0 -2974.01 0 0
46000 329933 325896 0 -2329.28 0 0
47000 329232 326807 0 -1069.37 0 0
48000 328161 327073 0 -2652.87 0 0
49000 330897 325191 0 -91.0978 0 0
50000 329682 326000 0 -119.559 0 0
51000 332533 324597 0 942.292 0 0
52000 329560 326240 0 -50.6647 0 0
53000 329304 326207 0 1982.51 0 0
54000 328666 326699 0 1607.11 0 0
55000 329904 325478 0 2426.04 0 0
56000 328982 327405 0 2644.45 0 0
57000 330116 326345 0 5599.26 0 0
58000 330186 326385 0 4544.71 0 0
59000 328668 326679 0 3601.45 0 0
60000 330160 326005 0 4460.75 0 0
61000 328068 326865 0 4145.98 0 0
62000 329485 326333 0 5686.24 0 0
63000 328568 327061 0 4489.52 0 0
64000 328572 326833 0 6226.57 0 0
65000 330338 324925 0 6166.73 0 0
66000 329170 326766 0 6405.92 0 0
67000 329819 325267 0 8335.85 0 0
68000 328783 326276 0 8812.66 0 0
69000 328731 328116 0 6807.51 0 0
70000 328775 326307 0 7217.18 0 0
71000 329568 327142 0 8219.12 0 0
72000 330761 324711 0 7524.57 0 0
73000 329724 325317 0 8969.65 0 0
74000 331001 325211 0 8992.55 0 0
75000 329126 326119 0 7663.69 0 0
76000 329498 326751 0 8492.25 0 0
77000 329240 324904 0 8647.14 0 0
78000 328268 325413 0 8833.94 0 0
79000 329923 325820 0 8476.33 0 0
80000 328374 325631 0 7312.48 0 0
81000 328799 324792 0 7672.01 0 0
82000 329104 326673 0 7632.41 0 0
83000 329649 326491 0 6647.21 0 0
84000 330098 325351 0 7252.01 0 0
85000 329098 326259 0 4462.89 0 0
86000 329247 326068 0 7951.89 0 0
87000 328166 326980 0 6625.37 0 0
88000 328706 326772 0 5437.18 0 0
89000 329716 325637 0 4669.47 0 0
90000 332471 323791 0 5311 0 0
91000 329166 326264 0 5430.66 0 0
92000 329677 326270 0 3604.85 0 0
93000 329542 326516 0 3774.3 0 0
94000 328901 326695 0 3360.53 0 0
95000 329057 326887 0 2548.26 0 0
96000 330541 325873 0 2572.92 0 0
97000 329861 326135 0 1621.38 0 0
98000 327773 326265 0 169.62 0 0
99000 329335 325201 0 167.892 0 0
100000 328016 326838 0 -366.562 0 0
101000 330058 326698 0 79.3461 0 0
102000 329953 326030 0 -1484.9 0 0
103000 329026 325459 0 -1856.34 0 0
104000 330583 324969 0 -2779.25 0 0
105000 329731 326784 0 -3122.24 0 0
106000 330165 324644 0 -3302.97 0 0
107000 330157 327036 0 -5691.07 0 0
108000 330428 325741 0 -6046.15 0 0
109000 329971 326164 0 -4541.04 0 0
110000 329229 326548 0 -5132.86 0 0
111000 328677 325584 0 -6011.47 0 0
112000 329456 327169 0 -7258.32 0 0
113000 331277 325665 0 -7693.45 0 0
114000 329812 325809 0 -7404.03 0 0
115000 329042 326889 0 -7412.09 0 0
116000 330329 325665 0 -7879.1 0 0
117000 328980 325718 0 -8775.97 0 0
118000 329475 326330 0 -8038.56 0 0
119000 329781 327212 0 -8660.27 0 0
120000 328815 326617 0 -9371.79 0 0
121000 330851 325572 0 -8567.35 0 0
122000 330433 327069 0 -9294.37 0 0
123000 329687 327036 0 -7823.03 0 0
124000 328544 327497 0 -9442.23 0 0
125000 330621 326669 0 -9271.89 0 0
126000 328646 326575 0 -9027.13 0 0
127000 329376 327259 0 -10126 0 0
128000 329513 326279 0 -9199.35 0 0
129000 330158 325285 0 -7328.81 0 0
130000 330507 326136 0 -9358.24 0 0
131000 330234 325949 0 -8374.23 0 0
132000 329821 327683 0 -7509.53 0 0
133000 329358 325988 0 -7406.75 0 0
134000 330083 325754 0 -9499.71 0 0
135000 329291 325935 0 -7856.17 0 0
136000 329077 326768 0 -7781.29 0 0
137000 330331 325467 0 -5872.53 0 0
138000 329145 326907 0 -6194.71 0 0
139000 330983 325896 0 -6336.82 0 0
140000 329303 326964 0 -5961.24 0 0
141000 329026 326552 0 -4799.67 0 0
142000 329553 326513 0 -4178.8 0 0
143000 329103 325088 0 -4725.67 0 0
144000 329273 326439 0 -3185.62 0 0
145000 329077 325567 0 -3089.88 0 0
146000 330570 325104 0 -3435.61 0 0
147000 328968 325451 0 -2740.1 0 0
148000 329585 327502 0 -1411.07 0 0
149000 329596 326854 0 645.492 0 0
150000 329250 326937 0 503.328 0 0
151000 329234 326692 0 856.399 0 0
152000 328337 326681 0 1463.49 0 0
153000 329171 325653 0 509.082 0 0
154000 330800 324906 0 1405.46 0 0
155000 330469 325949 0 3758.91 0 0
156000 328708 326034 0 1504.59 0 0
157000 330663 324928 0 4035.36 0 0
158000 329620 324858 0 3148.44 0 0
159000 329224 326140 0 4963.01 0 0
160000 328494 326153 0 4122.9 0 0
161000 330135 325628 0 5324.44 0 0
162000 329537 325467 0 6084.19 0 0
163000 329867 325885 0 5698.72 0 0
164000 329421 326568 0 7700.54 0 0
165000 329256 326279 0 5587.51 0 0
166000 329818 326666 0 6110.72 0 0
167000 331156 325114 0 7352.46 0 0
168000 328805 324952 0 5983.78 0 0
169000 331130 325191 0 8196.29 0 0
170000 328325 327491 0 9598.25 0 0
171000 330288 326105 0 7368.68 0 0
172000 329268 327476 0 8590.7 0 0
173000 330389 325792 0 8721.34 0 0
174000 328586 325900 0 8273.92 0 0
175000 330638 324147 0 8114.31 0 0
176000 329168 325170 0 8219.85 0 0
177000 329048 325688 0 8222.38 0 0
178000 329547 326939 0 10332 0 0
179000 330201 326517 0 8982.56 0 0
180000 329436 327316 0 7272.44 0 0
181000 329990 324279 0 6883.48 0 0
182000 328882 325993 0 7207.81 0 0
183000 330321 326565 0 6827.99 0 0
184000 328319 326151 0 7035.08 0 0
185000 329628 325843 0 5818.5 0 0
186000 329608 326908 0 6045.67 0 0
187000 329903 326242 0 4966.51 0 0
188000 330228 326339 0 5852.93 0 0
189000 328922 325754 0 4909.24 0 0
190000 329774 325961 0 4350.37 0 0
191000 330344 326043 0 3479.53 0 0
192000 331605 324652 0 3482.39 0 0
193000 329596 326500 0 2514.32 0 0
194000 330082 324158 0 2214.87 0 0
195000 328042 326316 0 2289.91 0 0
196000 329284 326584 0 1131.47 0 0
197000 329705 326026 0 207.949 0 0
198000 329646 327165 0 -12.3532 0 0
199000 329949 327197 0 165.375 0 0
200000 329428 327517 0 -524.424 0 0
201000 329219 326903 0 -1748.62 0 0
202000 329965 325675 0 -846.637 0 0
203000 329909 326365 0 -3278.12 0 0
204000 328696 326073 0 -1652.33 0 0
205000 327580 327465 0 -3711.88 0 0
206000 328807 325450 0 -5180.35 0 0
207000 328642 326638 0 -4455.18 0 0
208000 330887 324924 0 -5161.56 0 0
209000 331102 326128 0 -5722.14 0 0
210000 329765 327099 0 -5586.95 0 0
211000 329769 326745 0 -5841.05 0 0
212000 329595 325163 0 -6950.77 0 0
213000 328061 327361 0 -6067.89 0 0
214000 328909 327719 0 -6735.88 0 0
215000 331470 325371 0 -7522.58 0 0
216000 329132 326831 0 -8611.84 0 0
217000 329035 329120 0 -8000.65 0 0
218000 329320 327127 0 -9581.47 0 0
219000 329307 325822 0 -8154.83 0 0
220000 328603 326923 0 -9325.86 0 0
221000 329082 326834 0 -8244.62 0 0
222000 329691 326505 0 -8641.75 0 0
223000 328394 327194 0 -9316.32 0 0
224000 328905 326181 0 -8783.31 0 0
225000 328638 326500 0 -8197.01 0 0
226000 328340 327542 0 -10008.5 0 0
227000 328165 326014 0 -9231.61 0 0
228000 329179 325726 0 -8794.33 0 0
229000 330285 325309 0 -8408.41 0 0
230000 329198 325510 0 -8460.44 0 0
231000 329080 328095 0 -7458.39 0 0
232000 330131 326208 0 -7396.79 0 0
233000 331082 326082 0 -6997.88 0 0
234000 330430 323295 0 -8654.53 0 0
235000 330562 325993 0 -6806.71 0 0
236000 330415 324942 0 -7068.34 0 0
237000 330295 325014 0 -6953.78 0 0
238000 329929 324952 0 -5662.97 0 0
239000 329392 325670 0 -6098.75 0 0
240000 330517 326194 0 -6019.32 0 0
241000 330539 323487 0 -3712.64 0 0
242000 329980 326872 0 -4286.83 0 0
243000 329338 326741 0 -3792.52 0 0
244000 330462 326418 0 -2724.38 0 0
245000 328831 326243 0 -3428.58 0 0
246000 329726 325457 0 -3063.4 0 0
247000 329865 326047 0 -2155.34 0 0
248000 328155 326400 0 -1624.69 0 0
249000 328743 324696 0 -666.619 0 0
250000 330415 325982 0 547.057 0 0
251000 328147 327694 0 1285.06 0 0
252000 329094 327182 0 1065.79 0 0
253000 330322 324727 0 262.263 0 0
254000 329791 325319 0 3138.82 0 0
255000 329945 325116 0 2706.15 0 0
256000 330289 326099 0 2826.65 0 0
257000 330935 324944 0 3650.95 0 0
258000 329309 325731 0 3514.46 0 0
259000 330884 326130 0 4639.38 0 0
260000 329022 326637 0 3929.16 0 0
261000 330806 324706 0 4808.85 0 0
262000 328720 326414 0 5396.64 0 0
263000 330269 326162 0 5902.9 0 0
264000 328636 325738 0 6052.86 0 0
265000 330191 325483 0 8841.4 0 0
266000 329638 324953 0 7961.92 0 0
267000 329483 325047 0 8036.08 0 0
268000 329837 325965 0 7896.86 0 0
269000 330009 325520 0 8157.11 0 0
270000 329339 326059 0 8970.23 0 0
271000 328335 327301 0 8705.76 0 0
272000 330361 325583 0 9030.22 0 0
273000 329695 324588 0 8338.72 0 0
274000 330580 324733 0 8527.69 0 0
275000 329396 325909 0 7938.21 0 0
276000 329570 325924 0 7611.02 0 0
277000 330839 325247 0 8948.07 0 0
278000 328850 325717 0 8928.19 0 0
279000 328355 328147 0 7415.99 0 0
280000 328776 326851 0 7091.29 0 0
281000 329221 325922 0 6288.89 0 0
282000 329728 326880 0 7571.29 0 0
283000 330224 326450 0 7008.52 0 0
284000 328428 326211 0 6460.24 0 0
285000 329905 325604 0 5625.66 0 0
286000 329661 324892 0 5988.6 0 0
287000 328888 326762 0 5624.45 0 0
288000 328550 327398 0 6696.42 0 0
289000 329327 327075 0 4644.93 0 0
290000 330671 324603 0 4685.5 0 0
291000 328081 327565 0 4900.83 0 0
292000 329535 326022 0 2383.92 0 0
293000 330063 325967 0 3832.45 0 0
294000 329467 326359 0 2731.03 0 0
295000 329534 326835 0 2019.43 0 0
296000 328619 327512 0 1610 0 0
297000 330412 325658 0 2191.57 0 0
298000 328946 327212 0 -838.679 0 0
299000 330316 326595 0 -240.167 0 0
300000 329259 325245 0 -1468.61 0 0
301000 327930 328175 0 -1196.29 0 0
302000 329268 326105 0 -2204.49 0 0
303000 330003 325214 0 -2060.72 0 0
304000 328794 327627 0 -2776.24 0 0
305000 328788 325761 0 -2040.89 0 0
306000 329900 326502 0 -3650.52 0 0
307000 329506 325704 0 -4136.7 0 0
308000 327837 327254 0 -4473.28 0 0
309000 329570 326526 0 -4550.88 0 0
310000 329613 324812 0 -5544.54 0 0
311000 329523 325203 0 -7086.5 0 0
312000 330274 326739 0 -6066.11 0 0
313000 330500 326483 0 -6851.11 0 0
314000 329229 325764 0 -7966.56 0 0
315000 329185 327684 0 -5926.03 0 0
316000 330731 326358 0 -7665.42 0 0
317000 329017 327564 0 -8472.09 0 0
318000 330250 327281 0 -7213.98 0 0
319000 328045 327014 0 -9541.5 0 0
320000 327726 328076 0 -8537.93 0 0
321000 329383 326356 0 -8196.58 0 0
322000 329275 326811 0 -10282.9 0 0
323000 329481 328886 0 -7618.72 0 0
324000 331188 326182 0 -9899.65 0 0
325000 330463 326424 0 -8832.57 0 0
326000 330015 325923 0 -9138.74 0 0
327000 329040 327308 0 -10002.9 0 0
328000 329747 326277 0 -8343.55 0 0
329000 329432 326242 0 -9153.95 0 0
330000 330146 327094 0 -9139.11 0 0
331000 329694 325994 0 -8953.8 0 0
332000 329074 326343 0 -8946.04 0 0
333000 330637 326489 0 -8949.04 0 0
334000 329611 326042 0 -7627.07 0 0
335000 328645 326953 0 -8247.36 0 0
336000 328410 327766 0 -7086.78 0 0
337000 328316 326623 0 -6698 0 0
338000 329113 326210 0 -7456.22 0 0
339000 331196 325084 0 -6440.42 0 0
340000 329434 325420 0 -5475.11 0 0
341000 328840 326064 0 -5593.05 0 0
342000 329191 324807 0 -5470.93 0 0
343000 328329 327517 0 -4401.77 0 0
344000 329498 326128 0 -4178.25 0 0
345000 329440 327708 0 -3436.53 0 0
346000 328309 326097 0 -2353.52 0 0
347000 329555 325101 0 -2311.42 0 0
348000 330046 324493 0 -2216.62 0 0
349000 330393 324496 0 -1564.63 0 0
350000 329935 326677 0 1291.74 0 0
351000 328821 327330 0 1201.35 0 0
352000 330324 325520 0 579.005 0 0
353000 330105 324989 0 1196.75 0 0
354000 328954 326134 0 1644.97 0 0
355000 329577 325749 0 1364.8 0 0
356000 330182 327190 0 1967.05 0 0
357000 329889 325640 0 3300.03 0 0
358000 330422 326698 0 4432.77 0 0
359000 330492 325242 0 4508.91 0 0
360000 328171 326017 0 4804.39 0 0
361000 330166 324453 0 5432.93 0 0
362000 330253 325043 0 6871.82 0 0
363000 327805 326964 0 6257.61 0 0
364000 328940 326361 0 5542.4 0 0
365000 329518 325675 0 6504.11 0 0
366000 331015 325435 0 6602.46 0 0
367000 330628 324829 0 6713.65 0 0
368000 328484 326668 0 7002.18 0 0
369000 329554 326635 0 6308.82 0 0
370000 329974 326144 0 6647.01 0 0
371000 329323 325709 0 9233.98 0 0
372000 330110 325008 0 7994.19 0 0
373000 329244 325682 0 8419.9 0 0
374000 329808 325795 0 7726.03 0 0
375000 331023 325983 0 7773.44 0 0
376000 330014 324361 0 7718.93 0 0
377000 330478 325759 0 7695.34 0 0
378000 330587 325257 0 8702.8 0 0
379000 329946 325040 0 8326.68 0 0
380000 331192 326194 0 7503.42 0 0
381000 329608 324924 0 8028.02 0 0
382000 329639 326246 0 7760.6 0 0
383000 330805 325837 0 7439.31 0 0
384000 329606 325535 0 6568.9 0 0
385000 329845 324725 0 7740.67 0 0
386000 328239 326188 0 6320.33 0 0
387000 330400 324992 0 6200.33 0 0
388000 328920 324719 0 5438.7 0 0
389000 330863 324749 0 5158.14 0 0
390000 330898 326016 0 5510.82 0 0
391000 330542 326063 0 5027.22 0 0
392000 327887 326408 0 3688.13 0 0
393000 328708 325694 0 4626.23 0 0
394000 330586 325304 0 2318.02 0 0
395000 329980 327254 0 2833.81 0 0
396000 330411 326116 0 1446.51 0 0
397000 328624 325682 0 2578.76 0 0
398000 329377 325797 0 153.141 0 0
399000 329373 325787 0 286.063 0 0
400000 329834 327115 0 -696.299 0 0
401000 329888 326295 0 -325.902 0 0
402000 330810 324697 0 -823.53 0 0
403000 329546 326309 0 -1549.31 0 0
404000 330241 326153 0 -2908.41 0 0
405000 328925 327172 0 -4136.41 0 0
406000 330124 326373 0 -4163.01 0 0
407000 330064 326581 0 -4641.32 0 0
408000 330562 326444 0 -4353.57 0 0
409000 330009 326215 0 -4423.01 0 0
410000 331404 324730 0 -5553.8 0 0
411000 330531 327356 0 -6923.89 0 0
412000 329108 327438 0 -5381.17 0 0
413000 330506 324799 0 -6078.05 0 0
414000 329158 326794 0 -7231.77 0 0
415000 330374 325840 0 -6783.96 0 0
416000 328007 325636 0 -7854.56 0 0
417000 330778 325357 0 -8728.37 0 0
418000 331389 326054 0 -7117.77 0 0
419000 330338 326079 0 -8665.31 0 0
420000 330076 326603 0 -10680.6 0 0
421000 329788 326151 0 -9055.8 0 0
422000 330039 325672 0 -8306.81 0 0
423000 328563 327196 0 -9247.74 0 0
424000 328512 326443 0 -9818.54 0 0
425000 329735 325818 0 -8389.69 0 0
426000 330127 326264 0 -8609.54 0 0
427000 329263 326885 0 -8248.16 0 0
428000 328795 326583 0 -8237.99 0 0
429000 328939 327069 0 -8534.41 0 0
430000 330700 326199 0 -8663.94 0 0
431000 328989 326900 0 -9171.4 0 0
432000 330353 324708 0 -9464.4 0 0
433000 330373 326272 0 -7892.35 0 0
434000 330481 327352 0 -8505.59 0 0
435000 328475 327019 0 -8155.47 0 0
436000 329426 325206 0 -8738.03 0 0
437000 330373 326705 0 -6933.29 0 0
438000 329388 326079 0 -7094.47 0 0
439000 332086 325435 0 -6307.24 0 0
440000 330173 325393 0 -7423.4 0 0
441000 329714 325854 0 -4731.21 0 0
442000 329236 325433 0 -6343.38 0 0
443000 329442 326114 0 -4843.53 0 0
444000 327668 327282 0 -3049.43 0 0
445000 329031 326349 0 -3359.65 0 0
446000 330569 325350 0 -1475.45 0 0
447000 328952 327654 0 -2041.04 0 0
448000 328848 325951 0 -1161.38 0 0
449000 328838 326645 0 -1022.06 0 0
450000 329310 325628 0 -539.938 0 0
451000 330176 325866 0 1211.3 0 0
452000 330469 324887 0 2129.53 0 0
453000 330002 327931 0 1557.61 0 0
454000 329786 326413 0 1584.63 0 0
455000 330001 327569 0 1752.67 0 0
456000 329471 325260 0 3868.48 0 0
457000 329623 325192 0 4498.39 0 0
458000 330113 324294 0 1711.99 0 0
459000 328701 326997 0 4034.38 0 0
460000 329192 325308 0 4406.19 0 0
461000 329712 325127 0 4521.62 0 0
462000 332346 325178 0 5055.74 0 0
463000 328618 326864 0 5022.5 0 0
464000 329106 326153 0 6412.21 0 0
465000 331148 325481 0 7614.7 0 0
466000 329224 327545 0 6705.01 0 0
467000 329832 325968 0 7289.34 0 0
468000 331678 324910 0 9228.14 0 0
469000 330046 324856 0 8295.01 0 0
470000 330050 325941 0 7552.4 0 0
471000 328930 326747 0 5802.04 0 0
472000 328987 327325 0 8195.82 0 0
473000 328925 326599 0 9593.81 0 0
474000 328705 326719 0 7242.89 0 0
475000 331172 324493 0 8522.92 0 0
476000 329571 325824 0 6706.14 0 0
477000 330681 325551 0 8572.37 0 0
478000 328956 325712 0 7037.23 0 0
479000 328515 326539 0 7203.04 0 0
480000 330443 325785 0 7070.06 0 0
481000 329758 326456 0 8335.12 0 0
482000 329103 325247 0 8374.87 0 0
483000 329876 325364 0 7144.81 0 0
484000 329828 325935 0 7631.51 0 0
485000 327707 328286 0 6759.09 0 0
486000 329478 326911 0 6790.45 0 0
487000 331840 325966 0 4716.62 0 0
488000 329478 326411 0 5057.15 0 0
489000 328599 325678 0 6260.08 0 0
490000 330257 325477 0 4076.65 0 0
491000 329952 326385 0 2852.81 0 0
492000 329677 324403 0 3363.41 0 0
493000 328998 327100 0 3203.28 0 0
494000 328546 327184 0 3274.76 0 0
495000 327951 327253 0 2247.97 0 0
496000 329056 326380 0 1211.2 0 0
497000 330284 325021 0 1148.97 0 0
498000 329316 326318 0 297.386 0 0
499000 328513 326047 0 303.024 0 0
500000 327954 327425 0 -503.763 0 0
