# Time-averaged data for fix ps1
# TimeStep c_thermo_press[1] c_thermo_press[2] c_thermo_press[3] c_thermo_press[4] c_thermo_press[5] c_thermo_press[6]
1000 408717 399807 0 627.995 0 0
2000 408452 403138 0 1934.56 0 0
3000 405902 406728 0 209.85 0 0
4000 406054 400364 0 -3741.07 0 0
5000 402784 405335 0 -865.79 0 0
6000 405278 402602 0 1884.23 0 0
7000 409273 399772 0 -1369.23 0 0
8000 410325 403221 0 2750.57 0 0
9000 409976 402514 0 285.26 0 0
10000 407286 404678 0 1132.39 0 0
11000 405651 405676 0 -1019.89 0 0
12000 407143 406490 0 1578 0 0
13000 407933 403807 0 -313.785 0 0
14000 408382 406383 0 2770.42 0 0
15000 405650 407941 0 -4810.05 0 0
16000 405782 406978 0 227.422 0 0
17000 410244 406287 0 -799.384 0 0
18000 405621 400003 0 -63.7966 0 0
19000 405100 408505 0 285.393 0 0
20000 408772 401862 0 -2148.01 0 0
21000 406201 404073 0 1095.63 0 0
22000 409213 401530 0 -2318.02 0 0
23000 406359 405990 0 851.054 0 0
24000 405310 405565 0 -3788.23 0 0
25000 403473 410562 0 -1787.04 0 0
26000 405212 409485 0 -1646.42 0 0
27000 406538 403813 0 -1045.35 0 0
28000 406003 407210 0 4301.75 0 0
29000 411066 401996 0 -1130.66 0 0
30000 406852 406514 0 515.498 0 0
31000 406800 406472 0 2956.95 0 0
32000 407870 402263 0 57.166 0 0
33000 405725 409644 0 4135.18 0 0
34000 404300 409543 0 4473.28 0 0
35000 408887 405359 0 471.974 0 0
36000 403070 408772 0 -1124.89 0 0
37000 404124 409195 0 2851.01 0 0
38000 401976 408980 0 2308.18 0 0
39000 407381 403709 0 2152.27 0 0
40000 406634 407863 0 960.749 0 0
41000 406579 406856 0 -2295.47 0 0
42000 405952 407817 0 862.471 0 0
43000 402305 410324 0 -3501.9 0 0
44000 404075 403627 0 1392.76 0 0
45000 403855 409190 0 1809.67 0 0
46000 408884 404389 0 -1165.56 0 0
47000 404516 407440 0 1226.6 0 0
48000 406479 406107 0 -1220.85 0 0
49000 403386 411031 0 -1877.99 0 0
50000 407003 407876 0 -2239.9 0 0
51000 406259 406358 0 1000.57 0 0
52000 405016 409492 0 3568.5 0 0
53000 402512 405073 0 -3006.98 0 0
54000 406116 407573 0 2305.1 0 0
55000 401742 406425 0 1501.11 0 0
56000 404236 406442 0 1576.63 0 0
57000 409835 401288 0 -967.189 0 0
58000 405134 409028 0 -2399.65 0 0
59000 408029 406807 0 2536.65 0 0
60000 407254 404102 0 -1393.13 0 0
61000 407891 403095 0 -2832.28 0 0
62000 403653 405978 0 308.76 0 0
63000 407059 403227 0 1661.28 0 0
64000 404785 406740 0 -1581.03 0 0
65000 409187 406418 0 2369.6 0 0
66000 405741 403139 0 -3149.12 0 0
67000 408938 406325 0 -2440.63 0 0
68000 405370 407484 0 -2440.79 0 0
69000 403352 406484 0 593.545 0 0
70000 406801 405520 0 2685.98 0 0
71000 402132 408282 0 1479.56 0 0
72000 404267 407788 0 -1783.21 0 0
73000 410573 404002 0 -3335.55 0 0
74000 406271 407690 0 1571.36 0 0
75000 408198 407170 0 -183.258 0 0
76000 404216 407365 0 -2212.77 0 0
77000 407430 403844 0 -3333.77 0 0
78000 402610 406647 0 2673.06 0 0
79000 408544 404416 0 1330.51 0 0
80000 404700 408897 0 2124.94 0 0
81000 406243 410674 0 -479.539 0 0
82000 404931 411293 0 -1627.55 0 0
83000 404559 408211 0 -2453.19 0 0
84000 406139 405107 0 2650.39 0 0
85000 407542 403241 0 1580.58 0 0
86000 406487 404959 0 4436.56 0 0
87000 403266 410665 0 1065.11 0 0
88000 405240 408693 0 -681.581 0 0
89000 405333 410418 0 1605.18 0 0
90000 404192 408282 0 -2366.47 0 0
91000 407715 407263 0 2878.85 0 0
92000 411902 406480 0 -1478.58 0 0
93000 404403 406703 0 2021.26 0 0
94000 402704 407414 0 2226.36 0 0
95000 408050 407223 0 1069.11 0 0
96000 409530 409052 0 1643.23 0 0
97000 411509 405162 0 799.984 0 0
98000 406386 406860 0 3234.08 0 0
99000 406381 409327 0 -1473.48 0 0
100000 410806 407496 0 1125.67 0 0
101000 405510 412256 0 1670.81 0 0
102000 405277 407993 0 1384.08 0 0
103000 407121 407274 0 3069.95 0 0
104000 407632 408091 0 -1709.72 0 0
105000 403971 406838 0 -1235.32 0 0
106000 408874 404750 0 1752.2 0 0
107000 406909 409754 0 -533.108 0 0
108000 405118 406495 0 -1544.42 0 0
109000 408584 404084 0 1871.59 0 0
110000 408893 402331 0 1729.66 0 0
111000 408113 402718 0 1134.98 0 0
112000 406716 405114 0 553.59 0 0
113000 404477 410245 0 3430.16 0 0
114000 406943 407119 0 925.433 0 0
115000 409247 403965 0 100.361 0 0
116000 406303 407679 0 756.585 0 0
117000 407991 408190 0 285.181 0 0
118000 406595 405613 0 3112.04 0 0
119000 407314 403986 0 -3113.63 0 0
120000 406072 407414 0 -35.1172 0 0
121000 407568 409287 0 89.6025 0 0
122000 409289 405724 0 926.841 0 0
123000 406252 407718 0 -2029.67 0 0
124000 402382 406205 0 -1425.81 0 0
125000 404681 407787 0 918.493 0 0
126000 405376 408575 0 1370.43 0 0
127000 405871 410042 0 -41.0083 0 0
128000 406335 409064 0 1428.58 0 0
129000 411296 402245 0 -3124.93 0 0
130000 412853 401689 0 -3631.75 0 0
131000 408869 403912 0 -1086.7 0 0
132000 405967 406466 0 -1871.27 0 0
133000 406686 405931 0 -95.2373 0 0
134000 408297 407802 0 -3052.36 0 0
135000 406547 408124 0 1810.21 0 0
136000 407948 409183 0 -385.883 0 0
137000 408647 409387 0 310.75 0 0
138000 406012 405022 0 -2881.02 0 0
139000 409361 406284 0 -892.286 0 0
140000 405604 404329 0 771.647 0 0
141000 405796 403768 0 743.742 0 0
142000 406885 405754 0 652.479 0 0
143000 406582 406795 0 1830.86 0 0
144000 407913 406660 0 1948.41 0 0
145000 402848 405500 0 253.105 0 0
146000 408813 406267 0 2571.9 0 0
147000 407246 409304 0 1675.71 0 0
148000 406168 408056 0 -476.007 0 0
149000 406886 405238 0 -789 0 0
150000 412473 402516 0 -1320.37 0 0
151000 408168 406611 0 309.035 0 0
152000 404831 407827 0 -468.798 0 0
153000 407794 403131 0 -59.8141 0 0
154000 408780 406358 0 2061.17 0 0
155000 407183 407615 0 3.06836 0 0
156000 407110 400719 0 436.61 0 0
157000 407148 401697 0 -561.844 0 0
158000 407784 404262 0 3439.97 0 0
159000 405534 408053 0 -146.098 0 0
160000 404378 410443 0 1667.57 0 0
161000 408694 403134 0 -259.768 0 0
162000 408782 408124 0 206.766 0 0
163000 404357 408416 0 -1757.31 0 0
164000 406754 404848 0 1416.35 0 0
165000 406144 408452 0 -3335.31 0 0
166000 400470 412191 0 2581.26 0 0
167000 404728 404397 0 1424.12 0 0
168000 405704 407339 0 -686.986 0 0
169000 404480 409421 0 -308.708 0 0
170000 408879 405930 0 -409.485 0 0
171000 404515 407618 0 3191.75 0 0
172000 406801 403796 0 -803.04 0 0
173000 406647 405710 0 1009.46 0 0
174000 411506 401993 0 2404.76 0 0
175000 403398 404689 0 1409.15 0 0
176000 410794 404696 0 -3657 0 0
177000 408063 406352 0 749.105 0 0
178000 405091 404680 0 -3933.74 0 0
179000 406594 405242 0 226.568 0 0
180000 406528 409215 0 -3024.28 0 0
181000 407412 408364 0 3004.12 0 0
182000 407083 406070 0 -344.19 0 0
183000 407016 403629 0 1835.88 0 0
184000 404820 405353 0 3411.74 0 0
185000 406676 407672 0 -788.795 0 0
186000 408325 401757 0 -2335.17 0 0
187000 410473 403539 0 -380.828 0 0
188000 410741 404313 0 -1564.16 0 0
189000 405148 407372 0 -2894.86 0 0
190000 406230 406254 0 -2784.44 0 0
191000 407159 404754 0 3731.72 0 0
192000 402265 409577 0 -2555.71 0 0
193000 406250 405181 0 -411.703 0 0
194000 408409 405628 0 -2151.67 0 0
195000 410157 404601 0 -270.473 0 0
196000 405630 404702 0 -4592.3 0 0
197000 405518 402885 0 -6198.13 0 0
198000 404777 407973 0 -2628.47 0 0
199000 410393 407372 0 -239.417 0 0
200000 409075 402446 0 -1304.84 0 0
201000 409683 401779 0 -1059.38 0 0
202000 414185 403119 0 -706.064 0 0
203000 409451 403263 0 -808.561 0 0
204000 406163 403477 0 -711.594 0 0
205000 408145 403109 0 758.277 0 0
206000 403141 404766 0 465.05 0 0
207000 407556 405153 0 -802.034 0 0
208000 407906 403027 0 -553.156 0 0
209000 406072 403508 0 -4170.74 0 0
210000 406632 406494 0 -2461.75 0 0
211000 406179 406218 0 -5549.81 0 0
212000 408370 402975 0 -1550.77 0 0
213000 400576 409423 0 1676.5 0 0
214000 403639 410756 0 -376.373 0 0
215000 408116 407969 0 -1056.15 0 0
216000 405629 405850 0 -5165.4 0 0
217000 406632 403652 0 2330.01 0 0
218000 407940 405580 0 1178.28 0 0
219000 404276 405504 0 -2074.19 0 0
220000 405433 408606 0 -1723.29 0 0
221000 409119 404517 0 -2446.12 0 0
222000 408188 406218 0 -1972.21 0 0
223000 408352 408030 0 -3252.27 0 0
224000 405556 405214 0 -2038.56 0 0
225000 406341 406375 0 -620.486 0 0
226000 405146 405434 0 -1497.09 0 0
227000 406363 403596 0 3775.68 0 0
228000 406172 406288 0 -4025.04 0 0
229000 403730 410054 0 -1799.41 0 0
230000 406619 403802 0 -190.214 0 0
231000 405733 401980 0 2690.58 0 0
232000 404858 405775 0 -4382.74 0 0
233000 406391 407649 0 1181.63 0 0
234000 406565 407605 0 -1535.92 0 0
235000 401468 409978 0 -706.344 0 0
236000 407572 408131 0 -1896.7 0 0
237000 407557 405956 0 -2971.85 0 0
238000 406169 405823 0 -1139.03 0 0
239000 402570 409483 0 109.188 0 0
240000 408915 406338 0 -2903.98 0 0
241000 405075 408259 0 -4019.81 0 0
242000 408255 407498 0 -2739.13 0 0
243000 405053 404256 0 -1875.07 0 0
244000 406360 403627 0 -1529.38 0 0
245000 400188 408557 0 1568.38 0 0
246000 404661 409229 0 911.761 0 0
247000 405335 405190 0 -169.159 0 0
248000 405648 403694 0 2491.37 0 0
249000 405531 406036 0 1442.86 0 0
250000 406360 407115 0 2606.37 0 0
251000 403242 408845 0 1767.66 0 0
252000 405919 408754 0 -1454.85 0 0
253000 408909 406035 0 -963.738 0 0
254000 407515 405216 0 1368.89 0 0
255000 408306 405063 0 1951.37 0 0
256000 411369 404595 0 -1596.52 0 0
257000 407548 403754 0 503.067 0 0
258000 405880 403888 0 -2843.64 0 0
259000 404989 408427 0 -993.708 0 0
260000 405023 406690 0 -500.942 0 0
261000 405240 405482 0 -252.413 0 0
262000 404802 408539 0 -1654.08 0 0
263000 405837 407604 0 1650.92 0 0
264000 405563 409520 0 2187.44 0 0
265000 407344 405602 0 4925.85 0 0
266000 411179 406086 0 3562.92 0 0
267000 400776 409451 0 1299.65 0 0
268000 406010 408197 0 2535.15 0 0
269000 409318 403917 0 1281.33 0 0
270000 408849 407716 0 95.755 0 0
271000 406267 406632 0 -401.103 0 0
272000 407150 403074 0 1405.59 0 0
273000 406577 404901 0 -204.049 0 0
274000 402837 405894 0 845.284 0 0
275000 404731 407010 0 -4243.71 0 0
276000 405481 408396 0 -2013.12 0 0
277000 408017 405071 0 3056.15 0 0
278000 410017 404570 0 3551.64 0 0
279000 403622 412482 0 1895.41 0 0
280000 407293 406814 0 2503.55 0 0
281000 407629 406293 0 -1987.25 0 0
282000 410361 405232 0 926.779 0 0
283000 408781 406613 0 5574.37 0 0
284000 404026 406028 0 1819.86 0 0
285000 405980 407577 0 2348.43 0 0
286000 407382 408037 0 -2240.05 0 0
287000 405432 407388 0 -1051.84 0 0
288000 403089 406211 0 -2244.56 0 0
289000 406798 408110 0 415.057 0 0
290000 407598 404483 0 -1627.6 0 0
291000 410288 404096 0 -1687.29 0 0
292000 411714 405232 0 379.677 0 0
293000 407632 407951 0 -1822.56 0 0
294000 405471 406404 0 -5227.05 0 0
295000 403646 405848 0 1433.37 0 0
296000 401050 413468 0 -1304.99 0 0
297000 406441 406039 0 -3726.12 0 0
298000 410126 404925 0 -4186.31 0 0
299000 407619 406229 0 -536.952 0 0
300000 409937 407206 0 -2257.38 0 0
301000 404235 406086 0 508.575 0 0
302000 405888 406813 0 4655.51 0 0
303000 402973 408186 0 -1689.36 0 0
304000 405900 406773 0 44.9104 0 0
305000 403209 407237 0 2990.62 0 0
306000 407010 403839 0 -1338.8 0 0
307000 406138 407618 0 -5086.54 0 0
308000 406970 409831 0 -1412.38 0 0
309000 412930 404614 0 1655.89 0 0
310000 407921 404104 0 647.237 0 0
311000 413871 402731 0 -51.806 0 0
312000 406903 402308 0 872.093 0 0
313000 407835 406613 0 2396.74 0 0
314000 408094 404213 0 -2198.7 0 0
315000 408686 405995 0 -2605.92 0 0
316000 407475 403153 0 -2534.08 0 0
317000 409160 404177 0 649.193 0 0
318000 408900 402334 0 -2921.74 0 0
319000 410992 402566 0 4193.77 0 0
320000 408464 404673 0 -2122.95 0 0
321000 409924 405971 0 -2396.43 0 0
322000 406789 411705 0 -848.058 0 0
323000 404065 405743 0 2674.09 0 0
324000 407914 405366 0 -774.021 0 0
325000 409737 405694 0 1548.63 0 0
326000 406029 405899 0 -244.167 0 0
327000 409813 404032 0 -7.9503 0 0
328000 406482 405506 0 -557.72 0 0
329000 406086 403554 0 232.325 0 0
330000 410503 404436 0 2382.78 0 0
331000 410842 404596 0 5242.07 0 0
332000 409754 406232 0 504.399 0 0
333000 404784 409404 0 409.595 0 0
334000 405705 406623 0 3241.27 0 0
335000 408102 407995 0 3439.72 0 0
336000 407815 405676 0 1185.97 0 0
337000 411391 402925 0 172.272 0 0
338000 410163 405360 0 -1576.53 0 0
339000 406845 409311 0 -323.761 0 0
340000 408013 404402 0 -1364.82 0 0
341000 407588 406067 0 970.316 0 0
342000 405471 406629 0 -1290.23 0 0
343000 409101 406928 0 1855.8 0 0
344000 407080 403569 0 -2944.53 0 0
345000 405512 405258 0 2290.45 0 0
346000 407334 405622 0 -822.543 0 0
347000 407683 406581 0 1625.44 0 0
348000 406504 405504 0 -1075.82 0 0
349000 404505 405345 0 -3712.36 0 0
350000 408643 402975 0 -151.93 0 0
351000 409215 404985 0 2071.29 0 0
352000 404212 410315 0 -197.759 0 0
353000 404010 406921 0 3342.81 0 0
354000 403059 409124 0 3111.19 0 0
355000 407821 406132 0 -377.802 0 0
356000 409162 405294 0 2397.35 0 0
357000 406467 408951 0 4283.52 0 0
358000 409710 409135 0 2468.82 0 0
359000 404765 406233 0 -3799.6 0 0
360000 406731 411068 0 -3115.43 0 0
361000 402535 408619 0 -1150.71 0 0
362000 404255 406862 0 -896.182 0 0
363000 401302 405953 0 1667.44 0 0
364000 404071 404625 0 -1414.73 0 0
365000 404793 407759 0 -120.565 0 0
366000 405286 405341 0 997.334 0 0
367000 404624 409215 0 2636.04 0 0
368000 405827 406218 0 -29.4444 0 0
369000 405780 403222 0 1673.22 0 0
370000 407394 404560 0 559.794 0 0
371000 407020 406885 0 658.904 0 0
372000 407228 411302 0 -653.893 0 0
373000 404771 405902 0 -1074.58 0 0
374000 406060 408206 0 -153.026 0 0
375000 405795 409996 0 1978.19 0 0
376000 405881 407141 0 3017.86 0 0
377000 405736 408455 0 1199.98 0 0
378000 408616 406142 0 -1667.72 0 0
379000 406498 408185 0 -2297.85 0 0
380000 409064 399911 0 -4116.92 0 0
381000 409482 405053 0 661.749 0 0
382000 407304 403272 0 -1130.88 0 0
383000 407561 409582 0 -2009.2 0 0
384000 407580 406679 0 -3836.76 0 0
385000 410305 406147 0 2738.83 0 0
386000 408457 406391 0 -1417.54 0 0
387000 405848 408306 0 1071.37 0 0
388000 405402 404783 0 -336.065 0 0
389000 403832 410874 0 4819.66 0 0
390000 406759 405725 0 -1399.4 0 0
391000 404315 407754 0 -2678.66 0 0
392000 408865 404823 0 -530.16 0 0
393000 411231 404311 0 -2148.42 0 0
394000 403515 407680 0 -5541.98 0 0
395000 404038 409380 0 -909.965 0 0
396000 406229 408578 0 -4940.93 0 0
397000 411325 406831 0 -2830.19 0 0
398000 404183 411829 0 609.255 0 0
399000 407892 406077 0 -1268.58 0 0
400000 406794 408190 0 -2543.38 0 0
401000 405235 409874 0 -269.595 0 0
402000 411236 407533 0 3345.2 0 0
403000 402932 411060 0 225.795 0 0
404000 409645 404668 0 -943.045 0 0
405000 409980 406802 0 235.544 0 0
406000 407778 407404 0 -1029.67 0 0
407000 409020 404455 0 -1467.74 0 0
408000 410043 405565 0 275.471 0 0
409000 406485 408596 0 -1351.29 0 0
410000 406142 412370 0 204.154 0 0
411000 403114 410428 0 1486.51 0 0
412000 410122 406111 0 2979.57 0 0
413000 408370 405770 0 1741.11 0 0
414000 406748 409137 0 1943.74 0 0
415000 407026 407360 0 2521.85 0 0
416000 408949 406602 0 3281.87 0 0
417000 409550 406646 0 -202.67 0 0
418000 406711 407736 0 5237.5 0 0
419000 410811 403762 0 5071.65 0 0
420000 410106 407469 0 1396.41 0 0
421000 406415 411172 0 757.011 0 0
422000 403247 408769 0 2224.22 0 0
423000 407280 407248 0 3358.72 0 0
424000 403196 409122 0 -2234.64 0 0
425000 403610 408227 0 -2652.56 0 0
426000 403090 406621 0 936.068 0 0
427000 406072 409183 0 428.962 0 0
428000 406538 409698 0 3353.78 0 0
429000 404865 410283 0 1976.78 0 0
430000 405912 409885 0 1794.55 0 0
431000 408722 408163 0 -2089.19 0 0
432000 403810 409412 0 544.764 0 0
433000 404984 411477 0 1571.89 0 0
434000 403385 408414 0 2476.32 0 0
435000 404661 408323 0 646.845 0 0
436000 405400 407130 0 3862.79 0 0
437000 408102 408193 0 3335.16 0 0
438000 410138 404065 0 515.578 0 0
439000 410282 405708 0 960.484 0 0
440000 412094 406026 0 2301.06 0 0
441000 411134 405648 0 2616.25 0 0
442000 407543 409437 0 1372.15 0 0
443000 408057 409340 0 4884.56 0 0
444000 405059 408653 0 4561.91 0 0
445000 406368 407741 0 1763.98 0 0
446000 404517 405719 0 2423.23 0 0
447000 403367 409302 0 -1381.88 0 0
448000 403416 406503 0 428.049 0 0
449000 404090 406236 0 926.354 0 0
450000 406041 404122 0 393.267 0 0
451000 405963 411078 0 -2157.53 0 0
452000 406804 404438 0 -1903.58 0 0
453000 408901 404577 0 1856.29 0 0
454000 404210 410129 0 6503.29 0 0
455000 405064 408539 0 2339.73 0 0
456000 405750 410387 0 1401.44 0 0
457000 401968 408325 0 637.451 0 0
458000 405663 406521 0 5265.73 0 0
459000 408714 408958 0 211.107 0 0
460000 405912 409067 0 1413.07 0 0
461000 406146 404318 0 185.947 0 0
462000 406836 406666 0 -615.282 0 0
463000 408464 405682 0 -1472.95 0 0
464000 407801 404885 0 3548.9 0 0
465000 405773 407267 0 1003.7 0 0
466000 404862 403982 0 1959.72 0 0
467000 404680 405799 0 -36.0118 0 0
468000 405158 404236 0 -3531.21 0 0
469000 406270 405497 0 -603.827 0 0
470000 406121 405572 0 891.313 0 0
471000 403169 408361 0 663.872 0 0
472000 405517 406910 0 -2559.26 0 0
473000 402280 406664 0 2674.03 0 0
474000 406955 407308 0 2723.06 0 0
475000 411689 403812 0 1964.14 0 0
476000 410197 407359 0 1946.6 0 0
477000 413271 404863 0 4734.65 0 0
478000 408490 404814 0 1331.22 0 0
479000 405076 406124 0 2557.91 0 0
480000 404549 410310 0 2179.51 0 0
481000 403130 411578 0 378.67 0 0
482000 407640 407162 0 -3081.45 0 0
483000 410971 402545 0 -2724.86 0 0
484000 404243 408314 0 -3123.12 0 0
485000 405868 406887 0 2861.05 0 0
486000 407071 405679 0 -1583.65 0 0
487000 405844 408343 0 17.8814 0 0
488000 405022 403518 0 890.754 0 0
489000 405597 407069 0 1893.44 0 0
490000 406339 406810 0 -600.603 0 0
491000 409951 403179 0 2129.86 0 0
492000 407526 404102 0 619.096 0 0
493000 404488 409356 0 207.593 0 0
494000 403599 408684 0 -296.996 0 0
495000 405158 408202 0 150.394 0 0
496000 403120 410236 0 -1670.23 0 0
497000 406576 407670 0 -110.93 0 0
498000 404728 408809 0 -3290.12 0 0
499000 406018 404931 0 1037.08 0 0
500000 403893 410910 0 684.23 0 0
