# Time-averaged data for fix ps1
# TimeStep c_thermo_press[1] c_thermo_press[2] c_thermo_press[3] c_thermo_press[4] c_thermo_press[5] c_thermo_press[6]
1000 384978 384445 0 22.6067 0 0
2000 387526 382633 0 -215.726 0 0
3000 384925 380936 0 -1503.03 0 0
4000 383693 384252 0 -1024.41 0 0
5000 387000 381882 0 -1394.05 0 0
6000 383798 382359 0 -744.209 0 0
7000 385701 384215 0 -1708.12 0 0
8000 385618 380820 0 -2829.73 0 0
9000 385661 385936 0 -2337.53 0 0
10000 383604 385613 0 -3647.24 0 0
11000 385780 384131 0 -3270.3 0 0
12000 385500 383943 0 -953.296 0 0
13000 385518 385666 0 -2524.35 0 0
14000 383278 385041 0 -2991.27 0 0
15000 379723 386713 0 -2361.69 0 0
16000 384428 382623 0 -4427.33 0 0
17000 382277 384514 0 -3714.33 0 0
18000 385478 384510 0 -3537.8 0 0
19000 385848 382202 0 -3674.31 0 0
20000 387530 382087 0 -2271.69 0 0
21000 382642 382137 0 -2203.14 0 0
22000 387400 380480 0 1234.5 0 0
23000 385033 380657 0 -4679.26 0 0
24000 381820 385651 0 -1799.21 0 0
25000 387788 381231 0 -2926.74 0 0
26000 385148 383962 0 -4114.81 0 0
27000 382950 383580 0 -3221.13 0 0
28000 386427 382233 0 -2977.19 0 0
29000 386058 383144 0 -3572.04 0 0
30000 383987 387061 0 -3384.36 0 0
31000 389912 379324 0 -2911.17 0 0
32000 384883 380712 0 -37.7824 0 0
33000 382389 382404 0 -355.328 0 0
34000 387395 377988 0 -1170.23 0 0
35000 386692 380992 0 -1690.56 0 0
36000 385283 382305 0 -194.761 0 0
37000 387524 382857 0 -530.989 0 0
38000 387364 381117 0 -107.038 0 0
39000 383605 385675 0 -556.328 0 0
40000 385799 382583 0 1157.21 0 0
41000 382706 386312 0 702.453 0 0
42000 381059 386682 0 3394.27 0 0
43000 383166 383397 0 880.737 0 0
44000 383653 382954 0 2203 0 0
45000 384898 383015 0 -1595.95 0 0
46000 385508 382751 0 -546.372 0 0
47000 385033 381519 0 1403.93 0 0
48000 383704 382272 0 -44.2042 0 0
49000 386590 379511 0 49.3055 0 0
50000 383799 384569 0 2829.41 0 0
51000 385173 381170 0 2076.97 0 0
52000 383076 383300 0 -1315.68 0 0
53000 382369 382177 0 1478.19 0 0
54000 387131 384527 0 1643.78 0 0
55000 383930 384072 0 2248.7 0 0
56000 385022 382114 0 2568.75 0 0
57000 384033 386291 0 4413.96 0 0
58000 385474 379724 0 1419.34 0 0
59000 383432 382037 0 -1962.05 0 0
60000 384628 379201 0 837.47 0 0
61000 384074 382586 0 1830.94 0 0
62000 382924 382434 0 3418.59 0 0
63000 383352 384779 0 3735.51 0 0
64000 382607 384400 0 3832.73 0 0
65000 383615 386143 0 3672.87 0 0
66000 382963 383747 0 1641.33 0 0
67000 386450 384690 0 2066.04 0 0
68000 382522 380989 0 1517.83 0 0
69000 383582 380126 0 2119.31 0 0
70000 382617 384148 0 5828.16 0 0
71000 386391 383074 0 2504.09 0 0
72000 388016 381650 0 3890.49 0 0
73000 385550 381908 0 3801.28 0 0
74000 384413 383087 0 2993.93 0 0
75000 382526 386991 0 5371.52 0 0
76000 383994 384449 0 4411.34 0 0
77000 385629 384939 0 6096.55 0 0
78000 384859 381325 0 2447.78 0 0
79000 381986 384642 0 1631.06 0 0
80000 383815 383587 0 3551.27 0 0
81000 382617 385761 0 4756.38 0 0
82000 383879 383674 0 3822.85 0 0
83000 383769 383488 0 1418.65 0 0
84000 385506 386359 0 2009.54 0 0
85000 382124 385701 0 702.011 0 0
86000 383184 382753 0 1682.35 0 0
87000 387847 378772 0 1275.22 0 0
88000 387951 377340 0 666.108 0 0
89000 386286 381070 0 -349.708 0 0
90000 383885 385594 0 18.44 0 0
91000 383206 382311 0 -1882.04 0 0
92000 385674 383312 0 -927.443 0 0
93000 383050 384817 0 -1042.27 0 0
94000 382433 385266 0 -1227.21 0 0
95000 383738 383576 0 -1802.48 0 0
96000 383176 382499 0 -1607.15 0 0
97000 386211 381492 0 -3214.6 0 0
98000 383008 384921 0 -3625.25 0 0
99000 383125 383315 0 -3983.35 0 0
100000 382765 382803 0 -3601.79 0 0
101000 385080 381846 0 -1677.76 0 0
102000 380315 382002 0 -3965.81 0 0
103000 381882 384116 0 -4256.96 0 0
104000 384233 382500 0 -4035.76 0 0
105000 385848 381975 0 -5719.32 0 0
106000 386646 382165 0 -2614.54 0 0
107000 387009 383003 0 -6221.98 0 0
108000 383622 382945 0 -2832.27 0 0
109000 384864 381777 0 -5145 0 0
110000 385185 384771 0 -7152.13 0 0
111000 383692 385449 0 -3979.73 0 0
112000 383946 383893 0 -4700.92 0 0
113000 381687 386292 0 -3781.56 0 0
114000 384329 383396 0 -3212.14 0 0
115000 381788 386094 0 -2036.9 0 0
116000 381439 386718 0 -3242.88 0 0
117000 381999 383785 0 -4249.53 0 0
118000 384840 380515 0 -4251.07 0 0
119000 385851 381939 0 -3228.59 0 0
120000 385852 381945 0 -2943.37 0 0
121000 382764 384630 0 -4160.89 0 0
122000 384352 382439 0 -5265.53 0 0
123000 383327 384536 0 -5052.16 0 0
124000 380185 384634 0 -6766.06 0 0
125000 385630 380296 0 -3312.29 0 0
126000 381690 383141 0 -4660.45 0 0
127000 384529 385747 0 -4567.05 0 0
128000 382507 386999 0 -2037.94 0 0
129000 384260 384600 0 -779.995 0 0
130000 384892 383843 0 -3292.23 0 0
131000 383766 381477 0 -5562.72 0 0
132000 383351 383276 0 -3107.01 0 0
133000 383548 381259 0 -3966.07 0 0
134000 384454 381877 0 -1903.82 0 0
135000 385154 381851 0 -4032.15 0 0
136000 382218 382791 0 -1797.64 0 0
137000 383683 381831 0 -3081.51 0 0
138000 386366 380132 0 -758.782 0 0
139000 382631 384578 0 -1820.01 0 0
140000 386037 382150 0 -2603.44 0 0
141000 383482 384300 0 -554.209 0 0
142000 388198 381825 0 -1998.02 0 0
143000 384265 382019 0 -1109.06 0 0
144000 385010 380509 0 774.958 0 0
145000 379980 384098 0 -1660.9 0 0
146000 386336 379383 0 -947.769 0 0
147000 382698 383285 0 797.174 0 0
148000 383160 382243 0 1048.71 0 0
149000 384993 383483 0 1779.89 0 0
150000 386921 384420 0 -920.928 0 0
151000 384324 380521 0 2292 0 0
152000 382263 386981 0 3166.45 0 0
153000 382788 386477 0 2923.76 0 0
154000 386651 379262 0 4653.45 0 0
155000 384918 385537 0 6458.81 0 0
156000 384080 384239 0 4096.96 0 0
157000 383971 382867 0 4973.34 0 0
158000 383467 383919 0 3782.35 0 0
159000 386355 384528 0 2494.02 0 0
160000 384274 383626 0 5165.56 0 0
161000 383880 384770 0 3310.35 0 0
162000 383908 384404 0 4610.46 0 0
163000 386538 383826 0 6614.14 0 0
164000 386467 381680 0 7359.59 0 0
165000 381676 383324 0 8071.19 0 0
166000 382970 387385 0 4309.57 0 0
167000 385606 380578 0 4034.89 0 0
168000 383726 383815 0 6994.86 0 0
169000 383042 384698 0 7212.5 0 0
170000 381968 384298 0 5359.47 0 0
171000 380965 386197 0 4603.44 0 0
172000 384427 382513 0 6830.09 0 0
173000 384531 384417 0 3170.02 0 0
174000 382124 384304 0 3175.94 0 0
175000 383153 386636 0 7310.53 0 0
176000 378976 387038 0 7053.24 0 0
177000 385361 383255 0 3940.37 0 0
178000 381205 386997 0 4360.49 0 0
179000 384630 382606 0 2768.58 0 0
180000 387431 381325 0 4548.29 0 0
181000 387744 383595 0 5716.79 0 0
182000 383996 383797 0 5261.34 0 0
183000 383286 383435 0 5052.19 0 0
184000 384863 383463 0 2582.08 0 0
185000 385171 384721 0 1381.15 0 0
186000 384786 385404 0 2764.06 0 0
187000 381406 384860 0 6089.9 0 0
188000 387775 380633 0 1085.16 0 0
189000 384241 382282 0 2644.08 0 0
190000 382758 386593 0 3062.44 0 0
191000 384391 384817 0 386.525 0 0
192000 381939 384990 0 771.524 0 0
193000 384990 383265 0 -1497.55 0 0
194000 382173 381352 0 163.12 0 0
195000 384985 381448 0 -210.671 0 0
196000 380624 383918 0 1.26664 0 0
197000 388818 382709 0 -3031.76 0 0
198000 390084 383144 0 -265.747 0 0
199000 382676 385922 0 -1436.95 0 0
200000 385069 382985 0 -3376.49 0 0
201000 380447 384074 0 -2766.97 0 0
202000 380933 382964 0 -4062.49 0 0
203000 383320 387012 0 -4347.3 0 0
204000 384423 384174 0 -5991.16 0 0
205000 384361 383263 0 -4397.67 0 0
206000 383972 382234 0 -2523.43 0 0
207000 387510 381712 0 -5378.53 0 0
208000 384295 383262 0 -5159.88 0 0
209000 382171 384732 0 -4604.89 0 0
210000 384430 384207 0 -6248.74 0 0
211000 382242 385653 0 -4206.01 0 0
212000 381548 385824 0 -3814.93 0 0
213000 379711 385116 0 -8996.28 0 0
214000 380312 386524 0 -4956.83 0 0
215000 382705 387365 0 -8474.17 0 0
216000 384173 382129 0 -4544.92 0 0
217000 380667 385338 0 -7363.06 0 0
218000 384128 382463 0 -6320.61 0 0
219000 381731 388831 0 -5515.19 0 0
220000 384254 385190 0 -3891.36 0 0
221000 380513 385469 0 -7473.84 0 0
222000 384379 381140 0 -3341.63 0 0
223000 382018 386153 0 -3779.9 0 0
224000 383452 386632 0 -5678.82 0 0
225000 382929 381537 0 -6124.25 0 0
226000 384501 383119 0 -4566.21 0 0
227000 384717 380361 0 -2864.38 0 0
228000 383297 383751 0 -5301.38 0 0
229000 381489 386654 0 -3983.76 0 0
230000 383507 382671 0 -2582.57 0 0
231000 383080 386051 0 -2837.62 0 0
232000 383112 385951 0 -2424.15 0 0
233000 382761 383952 0 -1784.07 0 0
234000 383711 384465 0 -3571.97 0 0
235000 382531 385200 0 -988.096 0 0
236000 378359 389296 0 -4879.42 0 0
237000 381647 385614 0 -1787.73 0 0
238000 381602 386261 0 -858.112 0 0
239000 382016 384192 0 -796.322 0 0
240000 384402 384886 0 19.1855 0 0
241000 381803 384467 0 -448.828 0 0
242000 383668 387339 0 1844.25 0 0
243000 382304 383366 0 161.083 0 0
244000 383656 386093 0 -2878.17 0 0
245000 384750 381291 0 -1200.94 0 0
246000 385755 385412 0 1740.5 0 0
247000 380577 385498 0 674.701 0 0
248000 381561 385463 0 2034.68 0 0
249000 384183 384505 0 395.793 0 0
250000 381096 384057 0 2622.55 0 0
251000 384716 381240 0 -628.115 0 0
252000 383637 383280 0 559.207 0 0
253000 384533 383089 0 4208.82 0 0
254000 385206 382902 0 2074.1 0 0
255000 381666 386974 0 1295.5 0 0
256000 381450 387716 0 4375.71 0 0
257000 381571 385195 0 4842.5 0 0
258000 383935 386370 0 3415.39 0 0
259000 381959 385474 0 3158.61 0 0
260000 381539 387880 0 3833.92 0 0
261000 383338 384249 0 5417.26 0 0
262000 381410 384254 0 4105.84 0 0
263000 387301 383154 0 6804.94 0 0
264000 384302 383189 0 3871.33 0 0
265000 383870 384486 0 4350.14 0 0
266000 381215 385481 0 2078.55 0 0
267000 381587 383701 0 4468.84 0 0
268000 382841 387728 0 2181.25 0 0
269000 384051 383401 0 2819.48 0 0
270000 383649 385968 0 2377.88 0 0
271000 384671 382187 0 5187.93 0 0
272000 384711 385547 0 1981.62 0 0
273000 384277 385942 0 3144.01 0 0
274000 383792 382174 0 1940.03 0 0
275000 384152 382908 0 2999.6 0 0
276000 385623 381723 0 3408.94 0 0
277000 383115 384061 0 4362.07 0 0
278000 386298 385451 0 5311.53 0 0
279000 383030 383944 0 494.81 0 0
280000 386133 384395 0 4304.86 0 0
281000 386530 379351 0 1193.91 0 0
282000 385227 383366 0 3960.99 0 0
283000 382568 386802 0 3926.19 0 0
284000 381928 382689 0 2136.27 0 0
285000 383659 384803 0 1269.38 0 0
286000 382436 384185 0 1304.87 0 0
287000 382443 385592 0 -794.805 0 0
288000 382407 384010 0 1536.24 0 0
289000 383816 383049 0 1272.33 0 0
290000 384583 384365 0 -934.722 0 0
291000 384273 385129 0 2023.51 0 0
292000 380934 385773 0 -291.817 0 0
293000 385173 382022 0 -632.964 0 0
294000 382591 383061 0 1262.37 0 0
295000 383569 383340 0 1852.92 0 0
296000 381798 385387 0 -1187.65 0 0
297000 385614 382401 0 -2420.51 0 0
298000 383473 384788 0 -3321.75 0 0
299000 383257 383889 0 -2388.74 0 0
300000 382251 380978 0 724.78 0 0
301000 382448 384289 0 -3334.6 0 0
302000 384655 385020 0 -4663.97 0 0
303000 385329 382152 0 -3506.51 0 0
304000 383415 382625 0 -2024.86 0 0
305000 384098 381596 0 -6143.31 0 0
306000 385605 383639 0 -2335.88 0 0
307000 385399 381855 0 -1556.7 0 0
308000 388614 380354 0 -3018.05 0 0
309000 385425 382349 0 -4112.1 0 0
310000 385969 380744 0 -189.468 0 0
311000 388582 381075 0 -2243.85 0 0
312000 385857 381710 0 -583.048 0 0
313000 385848 383741 0 -443.615 0 0
314000 386719 381689 0 -3181.19 0 0
315000 382876 382568 0 -2034.74 0 0
316000 383248 380785 0 -2300.44 0 0
317000 383548 383228 0 -5911.88 0 0
318000 386637 380176 0 -4646.34 0 0
319000 382467 383829 0 -2182.64 0 0
320000 384290 383048 0 -3493.15 0 0
321000 384053 383259 0 -550.819 0 0
322000 385766 381015 0 -3844.73 0 0
323000 381148 382669 0 -3669.28 0 0
324000 381647 385759 0 -3400.13 0 0
325000 382493 384081 0 -3204.97 0 0
326000 383534 384072 0 -6223.34 0 0
327000 383015 381036 0 -3328.69 0 0
328000 382749 383143 0 -5656.71 0 0
329000 386534 383321 0 -4520.69 0 0
330000 385936 381791 0 503.892 0 0
331000 383950 384952 0 -3797.42 0 0
332000 384489 383754 0 -4144.3 0 0
333000 386642 381575 0 -6526.14 0 0
334000 383216 384714 0 -3272.65 0 0
335000 382975 384452 0 -2719.71 0 0
336000 383161 381041 0 -6062.29 0 0
337000 383460 382656 0 -2599.37 0 0
338000 385569 382928 0 -3430.12 0 0
339000 385887 383787 0 -2779.16 0 0
340000 388592 384534 0 178.412 0 0
341000 384586 385609 0 -625.404 0 0
342000 385231 385984 0 -313.343 0 0
343000 383576 385267 0 568.922 0 0
344000 382782 385969 0 3284.88 0 0
345000 384097 386305 0 -44.0683 0 0
346000 382695 383511 0 1764.3 0 0
347000 382301 386828 0 2464.1 0 0
348000 381104 386207 0 3490.47 0 0
349000 383523 386275 0 1457.78 0 0
350000 381190 383966 0 2409.08 0 0
351000 381300 385603 0 846.921 0 0
352000 381252 383964 0 1865.2 0 0
353000 386644 382818 0 1004.18 0 0
354000 385893 380551 0 4581.05 0 0
355000 384714 383212 0 5056.17 0 0
356000 383247 384221 0 3631.68 0 0
357000 385279 383561 0 1107.19 0 0
358000 382980 384997 0 4098.47 0 0
359000 381227 382377 0 6118.05 0 0
360000 385624 385127 0 3548.67 0 0
361000 382745 383830 0 1150.19 0 0
362000 381232 386252 0 3489.17 0 0
363000 383498 385112 0 2592.83 0 0
364000 384264 383550 0 1361.89 0 0
365000 383354 383067 0 1966.4 0 0
366000 379000 386318 0 1623.95 0 0
367000 383654 380657 0 2878.85 0 0
368000 384092 381703 0 2909.64 0 0
369000 382265 384357 0 -1116.93 0 0
370000 384430 384355 0 2971.43 0 0
371000 384093 383279 0 69.9448 0 0
372000 384651 381684 0 5544.13 0 0
373000 382983 382954 0 387.327 0 0
374000 386406 383448 0 3226.09 0 0
375000 385815 381023 0 1745.17 0 0
376000 386941 380301 0 2927.85 0 0
377000 386660 384045 0 3467.04 0 0
378000 383510 383595 0 3917.33 0 0
379000 386088 381789 0 3589.99 0 0
380000 386075 382964 0 4978.57 0 0
381000 385996 384048 0 -194.581 0 0
382000 386029 381218 0 3771.66 0 0
383000 386803 381950 0 2300.3 0 0
384000 388181 378231 0 2598.17 0 0
385000 384216 381534 0 707.212 0 0
386000 388312 379831 0 1605.16 0 0
387000 385293 380517 0 2432.46 0 0
388000 383166 384266 0 3120.68 0 0
389000 380843 386056 0 3032.84 0 0
390000 384293 385965 0 2652.45 0 0
391000 383377 383385 0 -1869.44 0 0
392000 383870 383374 0 -2101.25 0 0
393000 383307 383867 0 1933.81 0 0
394000 382720 383517 0 563.382 0 0
395000 381013 387052 0 907.829 0 0
396000 382984 386808 0 -1330.94 0 0
397000 386178 382788 0 -2336.69 0 0
398000 383558 383856 0 986.779 0 0
399000 385471 383808 0 -1907.12 0 0
400000 382356 383104 0 -966.738 0 0
401000 384798 383657 0 -671.127 0 0
402000 383534 384889 0 -1893.98 0 0
403000 385202 384794 0 -1886.55 0 0
404000 385243 380998 0 -3035.72 0 0
405000 383420 381037 0 -1143.79 0 0
406000 381716 384933 0 -5258.05 0 0
407000 379802 382287 0 -1488.5 0 0
408000 381610 386891 0 -3578.02 0 0
409000 383521 382638 0 -3695.53 0 0
410000 384694 382353 0 -685.955 0 0
411000 381612 384897 0 9.64812 0 0
412000 382327 386688 0 475.054 0 0
413000 383118 382707 0 -308.895 0 0
414000 382731 385138 0 -2050.91 0 0
415000 385162 385251 0 443.607 0 0
416000 383598 386110 0 -4422.04 0 0
417000 381437 385202 0 -6590.6 0 0
418000 382799 382514 0 -3114.59 0 0
419000 382506 384622 0 -4613.19 0 0
420000 382582 384821 0 -4283.26 0 0
421000 384109 382459 0 -6807.66 0 0
422000 383033 379908 0 -4021.6 0 0
423000 383278 382894 0 -873.989 0 0
424000 380583 386392 0 -5456.8 0 0
425000 379903 383980 0 -4513.25 0 0
426000 383817 379230 0 -3350.16 0 0
427000 379888 384358 0 -6887.94 0 0
428000 384430 385216 0 -6793.01 0 0
429000 385078 385487 0 -2309.62 0 0
430000 386068 382294 0 -3371.32 0 0
431000 381350 382891 0 -6798.5 0 0
432000 383155 384754 0 -4675.82 0 0
433000 383094 380699 0 -2198.28 0 0
434000 386113 379776 0 -4628.73 0 0
435000 379762 383037 0 -3809.35 0 0
436000 382995 383795 0 -3045.37 0 0
437000 385578 383008 0 -4596.41 0 0
438000 384253 381362 0 -2073.34 0 0
439000 381253 383443 0 -4656.28 0 0
440000 382812 385085 0 -4686.74 0 0
441000 383904 385599 0 -1388.77 0 0
442000 381446 385212 0 -1142.2 0 0
443000 381246 386324 0 -1809.21 0 0
444000 381577 387179 0 -2216.41 0 0
445000 384215 385076 0 -498.061 0 0
446000 383458 384008 0 1014.92 0 0
447000 383410 382130 0 55.653 0 0
448000 383686 385385 0 683.942 0 0
449000 386302 381128 0 842.665 0 0
450000 381914 382605 0 2292.67 0 0
451000 382511 384771 0 -3905.08 0 0
452000 381058 382373 0 1938.84 0 0
453000 382645 383445 0 -204.61 0 0
454000 381240 382262 0 2182.85 0 0
455000 383217 381545 0 1219.42 0 0
456000 382758 384808 0 3428.26 0 0
457000 380897 384835 0 5009.92 0 0
458000 382016 385254 0 2943.36 0 0
459000 380773 384065 0 2290.61 0 0
460000 382091 386048 0 6670.54 0 0
461000 382861 382841 0 6664.68 0 0
462000 381693 386389 0 2570.72 0 0
463000 379788 387244 0 6447.61 0 0
464000 382783 385287 0 3703.45 0 0
465000 386656 383563 0 3635.06 0 0
466000 382784 385402 0 1845.83 0 0
467000 381811 385929 0 3267.24 0 0
468000 381682 385125 0 2051.68 0 0
469000 380066 386023 0 1502.11 0 0
470000 381266 386831 0 2366.02 0 0
471000 382030 384636 0 2031.84 0 0
472000 383164 381944 0 1156.31 0 0
473000 385845 382968 0 1661.04 0 0
474000 382468 382763 0 2877.46 0 0
475000 381942 384680 0 557.739 0 0
476000 381571 382572 0 4067.42 0 0
477000 385078 382479 0 2501.07 0 0
478000 383908 383033 0 3217.71 0 0
479000 384772 383252 0 5368.25 0 0
480000 380029 386162 0 2417.09 0 0
481000 383262 382605 0 1883.76 0 0
482000 383996 384861 0 4153.82 0 0
483000 381494 385126 0 1814.75 0 0
484000 382583 384766 0 2995.58 0 0
485000 380407 382781 0 667.014 0 0
486000 382689 383932 0 3554.87 0 0
487000 381150 387382 0 151.146 0 0
488000 381774 384693 0 2806.56 0 0
489000 387194 384230 0 1414.38 0 0
490000 383816 385451 0 -649.684 0 0
491000 377934 387125 0 1929.47 0 0
492000 382716 387710 0 1410.73 0 0
493000 382619 385463 0 23.2259 0 0
494000 384349 383510 0 1633.09 0 0
495000 385552 384218 0 592.015 0 0
496000 381727 384650 0 -2649.38 0 0
497000 384612 383732 0 -1076.43 0 0
498000 383918 385001 0 1021.68 0 0
499000 383264 381110 0 2522.38 0 0
500000 383262 384653 0 -1547.86 0 0
