# Time-averaged data for fix ps1
# TimeStep c_thermo_press[1] c_thermo_press[2] c_thermo_press[3] c_thermo_press[4] c_thermo_press[5] c_thermo_press[6]
1000 383837 376923 0 1945.74 0 0
2000 380379 378294 0 -1319.88 0 0
3000 380471 377508 0 -3299.88 0 0
4000 380634 376864 0 -2973.91 0 0
5000 382835 378570 0 -3614.94 0 0
6000 381615 377422 0 -3886.19 0 0
7000 378961 377473 0 -839.311 0 0
8000 380920 378046 0 -2211.8 0 0
9000 380436 379017 0 -3712.46 0 0
10000 383350 376824 0 -4665.57 0 0
11000 379584 380345 0 -3639.5 0 0
12000 382849 376576 0 -5084.1 0 0
13000 377193 381419 0 -7715.8 0 0
14000 378082 380311 0 -3930.86 0 0
15000 378315 379489 0 -7099.98 0 0
16000 382528 377867 0 -4633.94 0 0
17000 379371 381266 0 -3954.2 0 0
18000 379550 381559 0 -5870.42 0 0
19000 377914 380134 0 -4445.91 0 0
20000 377731 380523 0 -3237.58 0 0
21000 380017 379303 0 -5506.75 0 0
22000 380432 379038 0 -6120.33 0 0
23000 380519 379687 0 -5268.21 0 0
24000 378778 378886 0 -5699.44 0 0
25000 379082 380715 0 -4171.5 0 0
26000 381046 378552 0 -2818.85 0 0
27000 380597 378929 0 -5097.32 0 0
28000 381687 377521 0 -5932.22 0 0
29000 377030 380246 0 -6083.75 0 0
30000 377530 381418 0 -5416.88 0 0
31000 378067 381420 0 -3660.06 0 0
32000 379793 379994 0 -5395.83 0 0
33000 378093 380625 0 -4975.15 0 0
34000 381075 380132 0 -2422.78 0 0
35000 377606 380165 0 -3870.31 0 0
36000 378235 380680 0 -3763.28 0 0
37000 380455 382203 0 -1317.06 0 0
38000 379082 379580 0 -1130.21 0 0
39000 380328 378641 0 -1633.06 0 0
40000 379413 377869 0 -443.357 0 0
41000 379034 380649 0 -3151.81 0 0
42000 380915 380607 0 -947.829 0 0
43000 378937 379526 0 -3785.21 0 0
44000 379265 380986 0 196.361 0 0
45000 376738 383023 0 -1445.85 0 0
46000 381339 379365 0 -1190.83 0 0
47000 380448 381427 0 -1320.17 0 0
48000 380261 381046 0 671.595 0 0
49000 378563 380205 0 66.268 0 0
50000 377802 383918 0 1188.02 0 0
51000 378054 378227 0 3307.8 0 0
52000 378558 380866 0 3226.59 0 0
53000 379153 383013 0 4132.94 0 0
54000 378835 380624 0 3456.86 0 0
55000 382677 375717 0 1035.31 0 0
56000 377008 381688 0 4892.84 0 0
57000 379146 381410 0 3668.68 0 0
58000 381950 377409 0 4164.89 0 0
59000 380423 380140 0 6594.03 0 0
60000 379696 379948 0 4914.62 0 0
61000 380723 378771 0 2151.39 0 0
62000 380522 380195 0 4491.76 0 0
63000 378562 378908 0 5669.5 0 0
64000 379208 377888 0 5926 0 0
65000 378280 380569 0 7209.01 0 0
66000 380673 376853 0 6161.77 0 0
67000 377944 379228 0 8639.19 0 0
68000 379652 377646 0 7956.4 0 0
69000 379197 379222 0 6609.45 0 0
70000 380072 380094 0 4782.07 0 0
71000 379010 379743 0 1826.44 0 0
72000 378935 375373 0 5188.33 0 0
73000 380762 378837 0 3182.87 0 0
74000 379347 380151 0 7014.27 0 0
75000 380693 383613 0 4163.53 0 0
76000 378661 382637 0 5222.93 0 0
77000 381581 381031 0 4548.73 0 0
78000 380814 379969 0 4149.27 0 0
79000 377762 379177 0 6242.82 0 0
80000 379643 380314 0 4898.76 0 0
81000 382693 377606 0 3613.02 0 0
82000 381907 379151 0 6342.51 0 0
83000 381092 377858 0 5835.22 0 0
84000 378796 381242 0 5418.21 0 0
85000 383307 376407 0 3100.36 0 0
86000 381763 375607 0 4324.4 0 0
87000 383086 376867 0 108.857 0 0
88000 380333 379548 0 -13.6632 0 0
89000 380808 379224 0 1128.66 0 0
90000 383360 379167 0 2386.62 0 0
91000 381884 374752 0 3426.38 0 0
92000 382602 377103 0 2893.14 0 0
93000 384007 374551 0 2020.21 0 0
94000 380050 376480 0 -525.149 0 0
95000 382840 377447 0 1875.78 0 0
96000 383178 375326 0 -38.6455 0 0
97000 381572 377800 0 1668.68 0 0
98000 379608 375471 0 1284.05 0 0
99000 378275 378919 0 1092.12 0 0
100000 381665 377880 0 -21.7797 0 0
101000 379002 381361 0 -2242.23 0 0
102000 378849 377613 0 -3938.49 0 0
103000 377582 380806 0 -3820.51 0 0
104000 378077 381961 0 -6279.27 0 0
105000 378728 383025 0 -5989.37 0 0
106000 378489 382608 0 -4233.8 0 0
107000 381239 379778 0 -6188.89 0 0
108000 377366 378564 0 -6190.29 0 0
109000 380412 379732 0 -7500.71 0 0
110000 379063 381441 0 -3525.13 0 0
111000 379765 381142 0 -4481.99 0 0
112000 380725 377698 0 -3893.2 0 0
113000 380382 381132 0 -9068.87 0 0
114000 380964 377032 0 -5280.92 0 0
115000 379259 381109 0 -6588.08 0 0
116000 378164 377990 0 -5425.09 0 0
117000 380535 381109 0 -4548.57 0 0
118000 378505 379901 0 -7005.51 0 0
119000 382683 379149 0 -6018.91 0 0
120000 379843 378137 0 -8159.96 0 0
121000 378740 380860 0 -7565.58 0 0
122000 382692 379800 0 -9742.14 0 0
123000 381046 381440 0 -8363.39 0 0
124000 377547 378344 0 -4286.88 0 0
125000 384010 378804 0 -9028.7 0 0
126000 377902 381829 0 -8189.64 0 0
127000 379012 380338 0 -9416.17 0 0
128000 382336 377729 0 -7858.4 0 0
129000 383482 376290 0 -6717.8 0 0
130000 381935 374354 0 -8167.09 0 0
131000 381347 379147 0 -5011.93 0 0
132000 379685 377793 0 -8113.63 0 0
133000 381211 378388 0 -5319.87 0 0
134000 380604 379981 0 -7525.85 0 0
135000 379569 380527 0 -6057.33 0 0
136000 379783 379403 0 -3838.1 0 0
137000 377483 377207 0 -3314.98 0 0
138000 383590 377971 0 -5942.71 0 0
139000 381799 380298 0 -4492.71 0 0
140000 380532 381063 0 -2785.16 0 0
141000 377421 378912 0 -1841.77 0 0
142000 375765 383468 0 -2546.42 0 0
143000 380769 379386 0 -5680.15 0 0
144000 381220 380268 0 -4512.42 0 0
145000 377334 379753 0 -962.916 0 0
146000 381032 378973 0 -3561.85 0 0
147000 380592 381413 0 968.405 0 0
148000 376738 382290 0 -956.406 0 0
149000 377814 382394 0 -2159.75 0 0
150000 378567 381115 0 553.612 0 0
151000 379560 379951 0 463.397 0 0
152000 380736 379249 0 1016.53 0 0
153000 378755 381228 0 -461.543 0 0
154000 378847 380418 0 -157.258 0 0
155000 378063 380244 0 3303.65 0 0
156000 376185 380811 0 2103.36 0 0
157000 377547 383270 0 1258.18 0 0
158000 381598 378709 0 367.004 0 0
159000 376627 381990 0 2500.13 0 0
160000 381224 379252 0 3833.92 0 0
161000 378120 382569 0 3497.37 0 0
162000 377902 383767 0 4931.17 0 0
163000 379656 381162 0 6089.92 0 0
164000 375801 383791 0 5068.31 0 0
165000 383216 380357 0 7168.2 0 0
166000 380725 380781 0 4961.68 0 0
167000 376715 382870 0 4045.5 0 0
168000 379515 381170 0 4086.29 0 0
169000 380460 379422 0 1645.79 0 0
170000 381958 379990 0 2749.13 0 0
171000 380782 380978 0 2545.35 0 0
172000 381198 381753 0 6144.74 0 0
173000 380396 379052 0 3614.63 0 0
174000 382328 379180 0 4256.48 0 0
175000 382356 379541 0 5622.71 0 0
176000 376966 382045 0 2913.4 0 0
177000 380381 378828 0 4319.19 0 0
178000 377309 383209 0 3637.51 0 0
179000 380123 381836 0 3522.12 0 0
180000 380164 380190 0 3680.21 0 0
181000 382088 378061 0 4209 0 0
182000 379083 379242 0 1572.08 0 0
183000 379536 378340 0 2387.14 0 0
184000 377637 378802 0 1809.45 0 0
185000 380704 379253 0 -256.631 0 0
186000 379640 380342 0 1567.25 0 0
187000 384584 378264 0 1158.67 0 0
188000 381574 380030 0 228.564 0 0
189000 381285 379805 0 3927.57 0 0
190000 378316 379624 0 1529.11 0 0
191000 379372 381468 0 1046.66 0 0
192000 381224 379478 0 1463.41 0 0
193000 380419 376707 0 1205.62 0 0
194000 379886 378763 0 886.329 0 0
195000 384210 377130 0 -698.741 0 0
196000 382156 379325 0 158.864 0 0
197000 380635 377023 0 -180.562 0 0
198000 381895 379528 0 -100.939 0 0
199000 381748 379431 0 -2207.26 0 0
200000 381316 379239 0 -4353.89 0 0
201000 382117 379453 0 286.773 0 0
202000 382234 376205 0 -5502.47 0 0
203000 384816 376542 0 -3164.12 0 0
204000 380111 378485 0 -4539.7 0 0
205000 382519 378508 0 -2727.74 0 0
206000 380989 378440 0 -5628.47 0 0
207000 381363 377304 0 -4609.75 0 0
208000 382687 377467 0 -3701.21 0 0
209000 382124 375861 0 -6572.47 0 0
210000 381146 379311 0 -3247.53 0 0
211000 382415 379297 0 -4453.1 0 0
212000 381023 375797 0 -3534.31 0 0
213000 379465 378045 0 -5314.26 0 0
214000 381700 379379 0 -5333 0 0
215000 383335 375979 0 -7313.63 0 0
216000 380464 379396 0 -6128.66 0 0
217000 379669 379709 0 -3890.51 0 0
218000 380702 380311 0 -1919.41 0 0
219000 381472 381668 0 -1966.49 0 0
220000 384184 381061 0 -2908.85 0 0
221000 385074 376765 0 -6475.36 0 0
222000 379613 379497 0 -5059.25 0 0
223000 383334 378563 0 -6517.17 0 0
224000 382410 378373 0 -5983.9 0 0
225000 380541 382991 0 -4959.94 0 0
226000 380869 378986 0 -5423.93 0 0
227000 382593 377087 0 -9741.78 0 0
228000 383051 376161 0 -6340.11 0 0
229000 379709 379375 0 -3713.06 0 0
230000 380728 377966 0 -3171.8 0 0
231000 382383 379369 0 -4870.54 0 0
232000 382809 379205 0 -4876.81 0 0
233000 379109 378064 0 -3705.17 0 0
234000 384422 379253 0 -2435.1 0 0
235000 381116 376110 0 -3451.52 0 0
236000 383569 380106 0 -1787.53 0 0
237000 382510 378140 0 -448.05 0 0
238000 383542 376922 0 871.614 0 0
239000 383624 378566 0 892.021 0 0
240000 383127 374260 0 -471.235 0 0
241000 381102 375927 0 -1483.47 0 0
242000 384698 377214 0 -339.481 0 0
243000 382029 376425 0 -1841.54 0 0
244000 382237 378219 0 -438.915 0 0
245000 381970 378209 0 -1279.22 0 0
246000 384729 373516 0 699.541 0 0
247000 384131 377791 0 1071.74 0 0
248000 381381 376764 0 369.494 0 0
249000 381894 376766 0 -1548.47 0 0
250000 383136 377885 0 2569.74 0 0
251000 383681 378096 0 712.019 0 0
252000 381272 378802 0 4712.34 0 0
253000 377181 378489 0 168.789 0 0
254000 380842 380511 0 3051.47 0 0
255000 379293 379478 0 4704.73 0 0
256000 381139 377733 0 3559.85 0 0
257000 380519 380717 0 1784.77 0 0
258000 379292 380012 0 4407.05 0 0
259000 383677 377093 0 4762.97 0 0
260000 382733 379842 0 3464.98 0 0
261000 378434 380303 0 3177.52 0 0
262000 382092 378540 0 5040.56 0 0
263000 381235 376835 0 4394.13 0 0
264000 380600 379226 0 3099.8 0 0
265000 377690 381553 0 4175.2 0 0
266000 380902 379073 0 3748.93 0 0
267000 378213 382328 0 5455.71 0 0
268000 382711 379372 0 7473.97 0 0
269000 384132 376223 0 6064.56 0 0
270000 381998 378751 0 6069.73 0 0
271000 382168 379663 0 6871.97 0 0
272000 384423 374852 0 5782.49 0 0
273000 384360 375286 0 6940.57 0 0
274000 379920 380685 0 4528.4 0 0
275000 384657 377306 0 5593.57 0 0
276000 384182 373972 0 5700.75 0 0
277000 384531 377099 0 3699.28 0 0
278000 384278 376299 0 3456.07 0 0
279000 382534 378778 0 3516.66 0 0
280000 382184 377143 0 1959.59 0 0
281000 379661 376609 0 3700.1 0 0
282000 381222 380617 0 6065.13 0 0
283000 382409 377390 0 6778.07 0 0
284000 382102 379888 0 3559.48 0 0
285000 384836 376431 0 2822.48 0 0
286000 384315 373901 0 2208.99 0 0
287000 384253 377903 0 842.501 0 0
288000 382952 378046 0 2073.1 0 0
289000 380221 376695 0 1144.99 0 0
290000 383542 375488 0 630.498 0 0
291000 383076 379286 0 -970.772 0 0
292000 380960 378454 0 3546.4 0 0
293000 383521 379083 0 -978.919 0 0
294000 382208 377358 0 -570.549 0 0
295000 378615 374777 0 -2069.31 0 0
296000 384713 375751 0 -1530.05 0 0
297000 381686 379377 0 470.899 0 0
298000 381935 376207 0 -3267.59 0 0
299000 378853 375705 0 -2701.15 0 0
300000 382642 374884 0 -2995.77 0 0
301000 379420 376656 0 -2359.84 0 0
302000 380844 381642 0 -5408.93 0 0
303000 380058 378212 0 -1860.26 0 0
304000 378969 378477 0 -3722.05 0 0
305000 383156 380241 0 -6920.83 0 0
306000 382460 379738 0 -8109.82 0 0
307000 380515 380353 0 -4684.21 0 0
308000 380211 381690 0 -4426.15 0 0
309000 381370 380247 0 -5749.86 0 0
310000 379276 379497 0 -8483.91 0 0
311000 379057 380998 0 -7847.41 0 0
312000 381713 379352 0 -9736.29 0 0
313000 383970 377737 0 -10178.8 0 0
314000 378987 379732 0 -8200.03 0 0
315000 383115 379297 0 -8132.57 0 0
316000 382973 377563 0 -7635.46 0 0
317000 384906 380449 0 -8733.07 0 0
318000 384208 376051 0 -5594.21 0 0
319000 381531 378282 0 -7425.02 0 0
320000 380162 381127 0 -6721.55 0 0
321000 380133 378986 0 -6780.76 0 0
322000 383178 380532 0 -9407.6 0 0
323000 379862 379394 0 -5572.56 0 0
324000 381013 381192 0 -3417.02 0 0
325000 380645 380704 0 -6827.31 0 0
326000 380956 377415 0 -4524.29 0 0
327000 381769 380847 0 -7591.14 0 0
328000 380958 381130 0 -3157.68 0 0
329000 378863 377786 0 -5808.38 0 0
330000 379496 381192 0 -5376.58 0 0
331000 378550 382916 0 -6539.71 0 0
332000 377595 381418 0 -6854.14 0 0
333000 379960 381264 0 -4256.85 0 0
334000 380533 382719 0 -3104.66 0 0
335000 376184 383778 0 -4678.94 0 0
336000 376950 382649 0 -3787.96 0 0
337000 379044 382237 0 -1882.46 0 0
338000 376716 381777 0 -2506.57 0 0
339000 381036 380828 0 -6126.64 0 0
340000 381139 379924 0 -5281.93 0 0
341000 381863 379568 0 -730.372 0 0
342000 379616 380879 0 -397.238 0 0
343000 376848 382824 0 -457.404 0 0
344000 377851 381198 0 495.921 0 0
345000 380234 382129 0 2118.37 0 0
346000 376918 383243 0 1048.3 0 0
347000 379771 380040 0 -1174.92 0 0
348000 378833 379860 0 2189.38 0 0
349000 379729 378747 0 3545.48 0 0
350000 384419 377117 0 32.6438 0 0
351000 383468 378817 0 2807.01 0 0
352000 381015 379854 0 2053.34 0 0
353000 381410 378403 0 1414.78 0 0
354000 383393 379047 0 793.007 0 0
355000 379947 380416 0 3237.65 0 0
356000 382111 377180 0 4124.1 0 0
357000 382751 376864 0 2833.41 0 0
358000 379636 379350 0 2838.58 0 0
359000 382251 376662 0 1790.58 0 0
360000 377026 381716 0 4658.79 0 0
361000 379374 379205 0 6968.45 0 0
362000 381037 378919 0 6034.03 0 0
363000 382379 379378 0 4642.5 0 0
364000 379797 380698 0 9121.31 0 0
365000 383220 377768 0 4689.59 0 0
366000 380658 380266 0 4684.33 0 0
367000 382212 379727 0 8150.42 0 0
368000 379906 381436 0 6657.78 0 0
369000 380555 382037 0 4250.38 0 0
370000 380013 379648 0 6923.41 0 0
371000 379078 377657 0 6847.12 0 0
372000 380015 378141 0 5782.53 0 0
373000 380019 378774 0 7794.39 0 0
374000 381429 381195 0 6736.09 0 0
375000 378884 379232 0 4464.96 0 0
376000 378833 378582 0 4329.83 0 0
377000 381803 379358 0 3197.36 0 0
378000 378913 379592 0 4704.28 0 0
379000 382405 380402 0 144.098 0 0
380000 378042 379287 0 2270.55 0 0
381000 381551 379377 0 4982.26 0 0
382000 380786 378977 0 4807.5 0 0
383000 379187 380521 0 2917.14 0 0
384000 380493 378593 0 1897.4 0 0
385000 379620 380692 0 1299.34 0 0
386000 381367 377485 0 1292.07 0 0
387000 383421 374963 0 768.457 0 0
388000 380798 378352 0 3097.51 0 0
389000 382539 377030 0 1871.89 0 0
390000 381599 377663 0 1657.9 0 0
391000 377734 380220 0 1553.43 0 0
392000 378239 379434 0 -1003.38 0 0
393000 383778 375918 0 1052.65 0 0
394000 381659 375829 0 -653.536 0 0
395000 379102 378486 0 -890.773 0 0
396000 379151 378022 0 1656.73 0 0
397000 380172 381899 0 1818.42 0 0
398000 381220 378468 0 295.427 0 0
399000 381149 377721 0 -721.778 0 0
400000 379030 378087 0 -364.076 0 0
401000 380985 380254 0 1126.67 0 0
402000 382999 378582 0 -176.508 0 0
403000 379154 381713 0 -3076.58 0 0
404000 378025 381832 0 -4153.27 0 0
405000 379050 381679 0 -1131.8 0 0
406000 379320 381896 0 -479.094 0 0
407000 381847 378535 0 -3814.29 0 0
408000 383249 378113 0 -3899.01 0 0
409000 380661 380594 0 -4072.9 0 0
410000 382022 379284 0 -3352.34 0 0
411000 381708 378976 0 -5841.78 0 0
412000 382089 378704 0 -4244.39 0 0
413000 383342 374698 0 -7698.65 0 0
414000 383669 378741 0 -2312.37 0 0
415000 381727 378358 0 -5590.63 0 0
416000 378194 379350 0 -3413.29 0 0
417000 378280 380454 0 -7614.5 0 0
418000 380471 379224 0 -4963.28 0 0
419000 382162 377411 0 -5228.5 0 0
420000 381783 377028 0 -2359.32 0 0
421000 381977 378414 0 -2847.17 0 0
422000 381108 377849 0 -3911.16 0 0
423000 383255 376844 0 -3289.43 0 0
424000 378645 381538 0 -4220.57 0 0
425000 380230 377230 0 -3535.45 0 0
426000 380660 377076 0 -5677.91 0 0
427000 382864 378478 0 -2692.17 0 0
428000 381657 375267 0 -1525.73 0 0
429000 386594 376486 0 -2998.05 0 0
430000 382222 378134 0 -2804.96 0 0
431000 384116 374900 0 -4419.37 0 0
432000 382150 378240 0 -5189.3 0 0
433000 383023 381901 0 -3083.58 0 0
434000 381460 376221 0 -2227.61 0 0
435000 379578 379753 0 -5018.38 0 0
436000 379525 377207 0 -2893.03 0 0
437000 381356 380561 0 -4433.14 0 0
438000 377172 380780 0 -3279.99 0 0
439000 380698 379653 0 -1957.91 0 0
440000 383669 377629 0 -180.934 0 0
441000 381280 376959 0 -774.112 0 0
442000 381681 377994 0 -383.248 0 0
443000 380408 378699 0 -491.253 0 0
444000 380339 379206 0 1670.63 0 0
445000 382489 378270 0 1543.81 0 0
446000 378454 379731 0 1739.04 0 0
447000 381644 380104 0 823.022 0 0
448000 381097 380547 0 1255.83 0 0
449000 381188 378340 0 -94.6464 0 0
450000 382004 378761 0 -471.009 0 0
451000 381962 376581 0 2539.03 0 0
452000 383337 380347 0 1438.81 0 0
453000 382103 376563 0 2707.55 0 0
454000 381466 377412 0 1041.59 0 0
455000 381273 379866 0 1844.84 0 0
456000 380191 380926 0 2597.96 0 0
457000 379483 378196 0 3969.97 0 0
458000 379588 381114 0 3204.07 0 0
459000 378982 379315 0 2672.82 0 0
460000 377550 379709 0 5762.32 0 0
461000 378986 379317 0 4203.5 0 0
462000 382763 379236 0 4419.92 0 0
463000 381078 381092 0 3235.93 0 0
464000 381025 379856 0 6370.97 0 0
465000 378028 379479 0 6107.73 0 0
466000 382720 376430 0 7286.65 0 0
467000 382347 376427 0 6368.6 0 0
468000 378655 381646 0 8026.12 0 0
469000 385289 376097 0 8408.08 0 0
470000 382121 382746 0 7824.02 0 0
471000 378741 380011 0 6155.81 0 0
472000 382002 380343 0 5125.53 0 0
473000 381810 379750 0 7386.8 0 0
474000 378777 381741 0 8634.62 0 0
475000 380946 378160 0 6038.71 0 0
476000 382523 380896 0 8439.49 0 0
477000 383101 374705 0 6880.34 0 0
478000 382707 380093 0 4092.53 0 0
479000 379489 376213 0 4377.21 0 0
480000 377912 380613 0 4572.36 0 0
481000 379809 377696 0 4222.05 0 0
482000 380519 377525 0 3317.97 0 0
483000 382313 379150 0 2435.29 0 0
484000 383050 379135 0 1568.88 0 0
485000 382751 376591 0 3592.02 0 0
486000 382887 378269 0 4424.58 0 0
487000 382838 377398 0 4057.56 0 0
488000 383191 378833 0 2973.16 0 0
489000 382047 378397 0 4295.56 0 0
490000 382157 377045 0 3159.11 0 0
491000 381751 378550 0 3177.95 0 0
492000 378655 378024 0 4961.74 0 0
493000 379022 381781 0 1617.86 0 0
494000 380555 382524 0 2989.76 0 0
495000 380839 379330 0 939.919 0 0
496000 385201 377694 0 1966.39 0 0
497000 382810 377458 0 -1760.34 0 0
498000 380337 378949 0 -505.2 0 0
499000 382512 376822 0 -850.384 0 0
500000 380206 380925 0 -2283.76 0 0
