# Time-averaged data for fix ps1
# TimeStep c_thermo_press[1] c_thermo_press[2] c_thermo_press[3] c_thermo_press[4] c_thermo_press[5] c_thermo_press[6]
1000 363093 366217 0 -610.63 0 0
2000 365892 362640 0 -2383.11 0 0
3000 364790 363651 0 -1305.74 0 0
4000 362058 363589 0 -5153.92 0 0
5000 362073 363688 0 -4710.39 0 0
6000 363319 364156 0 -2265.9 0 0
7000 363413 362126 0 -2978.56 0 0
8000 364451 363756 0 -2256.2 0 0
9000 363302 365024 0 -6419.69 0 0
10000 365603 364760 0 -4795.08 0 0
11000 363724 363651 0 -4184.18 0 0
12000 365419 365602 0 -8889.92 0 0
13000 366172 362111 0 -7952.15 0 0
14000 363172 365087 0 -6516.97 0 0
15000 361649 364294 0 -6023.8 0 0
16000 363763 363763 0 -8382.75 0 0
17000 363698 362156 0 -6066.98 0 0
18000 363398 361538 0 -8918.02 0 0
19000 363792 362241 0 -7654.66 0 0
20000 364548 362849 0 -7030.63 0 0
21000 361583 366605 0 -4760.03 0 0
22000 363492 367030 0 -9062.32 0 0
23000 363294 363704 0 -7999.91 0 0
24000 364380 364573 0 -8372.5 0 0
25000 365352 364023 0 -6577.01 0 0
26000 362836 365629 0 -8327.27 0 0
27000 363661 365475 0 -7911.03 0 0
28000 362369 361824 0 -9699.53 0 0
29000 364003 361305 0 -8526.27 0 0
30000 363679 365331 0 -7475.51 0 0
31000 364451 364722 0 -7242.21 0 0
32000 365935 362483 0 -6476.67 0 0
33000 363375 364406 0 -6485.09 0 0
34000 363390 364553 0 -7284.46 0 0
35000 362027 364551 0 -8124.54 0 0
36000 364012 363653 0 -5933.59 0 0
37000 364409 364939 0 -7299.51 0 0
38000 362238 361325 0 -5668.49 0 0
39000 362051 365217 0 -5417.53 0 0
40000 361493 365701 0 -3208.61 0 0
41000 364523 363136 0 -4451.41 0 0
42000 365151 361887 0 -4447.9 0 0
43000 362876 362878 0 -1127.46 0 0
44000 363621 368388 0 -2675.8 0 0
45000 364503 362073 0 -3171.4 0 0
46000 361612 366742 0 1146.72 0 0
47000 362022 365351 0 42.9872 0 0
48000 365355 363640 0 -756.431 0 0
49000 362430 365962 0 -228.034 0 0
50000 362021 365311 0 -530.378 0 0
51000 363450 365025 0 1351.66 0 0
52000 362023 366499 0 3611.96 0 0
53000 361822 365291 0 429.585 0 0
54000 361932 366346 0 2175.36 0 0
55000 362948 366348 0 2532.6 0 0
56000 364077 364313 0 -352.326 0 0
57000 363558 364348 0 1587.68 0 0
58000 363583 366411 0 2123.29 0 0
59000 362528 362670 0 2516.93 0 0
60000 365325 363728 0 4000.33 0 0
61000 362169 362310 0 1900.67 0 0
62000 363028 361554 0 4137.01 0 0
63000 362857 362427 0 4791.02 0 0
64000 361883 364870 0 6808.88 0 0
65000 361401 363350 0 6929.55 0 0
66000 365033 363851 0 5552.27 0 0
67000 362717 364191 0 4571.25 0 0
68000 366255 363259 0 5370.46 0 0
69000 362640 365639 0 5894.16 0 0
70000 361929 365122 0 7333.26 0 0
71000 363201 364434 0 7053.53 0 0
72000 360573 364585 0 7400.81 0 0
73000 364777 363673 0 5290.86 0 0
74000 363863 363310 0 8212.25 0 0
75000 365423 364621 0 5972.52 0 0
76000 362578 363882 0 7271.85 0 0
77000 364297 364514 0 6956.96 0 0
78000 364646 363294 0 8280.51 0 0
79000 363318 364535 0 5223.61 0 0
80000 366000 364637 0 4909.56 0 0
81000 361799 365618 0 6261.76 0 0
82000 365280 364140 0 5681.09 0 0
83000 361837 365465 0 6867.57 0 0
84000 363424 363900 0 3962.09 0 0
85000 363385 363123 0 3059.38 0 0
86000 363694 363231 0 5115.3 0 0
87000 362425 363493 0 3601.71 0 0
88000 364696 362793 0 1915.84 0 0
89000 361389 364052 0 4527.97 0 0
90000 363279 364205 0 3079.21 0 0
91000 361743 365136 0 4581.56 0 0
92000 362047 365368 0 1654.71 0 0
93000 365153 363434 0 2781.32 0 0
94000 362385 365007 0 -203.863 0 0
95000 364089 363604 0 1283.26 0 0
96000 364023 362582 0 884.46 0 0
97000 363094 362672 0 212.775 0 0
98000 363893 362729 0 -638.509 0 0
99000 362124 364447 0 -1750.43 0 0
100000 364441 363074 0 1000.06 0 0
101000 361708 362431 0 54.4014 0 0
102000 362339 365095 0 -1925.62 0 0
103000 362535 364602 0 -3747.8 0 0
104000 365357 363939 0 -2334.89 0 0
105000 361895 366505 0 -5261.33 0 0
106000 364240 364003 0 -2644.2 0 0
107000 363048 366543 0 -3546.88 0 0
108000 363515 364907 0 -3384.45 0 0
109000 362655 363835 0 -6193.29 0 0
110000 362692 364233 0 -4295.87 0 0
111000 363391 364066 0 -7943.76 0 0
112000 362296 367583 0 -7469.55 0 0
113000 364333 363424 0 -6325.69 0 0
114000 360120 366373 0 -8666.53 0 0
115000 362271 364546 0 -6713.42 0 0
116000 361590 366680 0 -7744.46 0 0
117000 361891 369355 0 -7110.1 0 0
118000 362242 366909 0 -8008.58 0 0
119000 362082 362723 0 -7628.8 0 0
120000 362286 363002 0 -9054.75 0 0
121000 361672 366176 0 -6921.96 0 0
122000 364433 366457 0 -8471.72 0 0
123000 366095 366617 0 -8621.71 0 0
124000 363082 363629 0 -7922.04 0 0
125000 364095 364267 0 -6844.44 0 0
126000 363280 364950 0 -9569.12 0 0
127000 364313 361028 0 -6236.18 0 0
128000 363838 366778 0 -8705.45 0 0
129000 362768 362329 0 -8805.32 0 0
130000 361578 366062 0 -6068.25 0 0
131000 364654 364094 0 -8357.05 0 0
132000 363509 366446 0 -6551.78 0 0
133000 364289 364822 0 -5313.89 0 0
134000 363557 362321 0 -5901.51 0 0
135000 362610 363562 0 -6396.61 0 0
136000 362900 365651 0 -4930.31 0 0
137000 362372 365081 0 -4124.68 0 0
138000 362805 363993 0 -5255.13 0 0
139000 363971 363172 0 -7810.91 0 0
140000 363535 365394 0 -4104.27 0 0
141000 365692 365362 0 -5465.67 0 0
142000 363880 363327 0 -5467.11 0 0
143000 363087 364938 0 -4917.19 0 0
144000 363802 365562 0 -3584.73 0 0
145000 364800 363655 0 -3189.53 0 0
146000 365918 361684 0 -3059.71 0 0
147000 365325 363052 0 -1737.26 0 0
148000 363695 363886 0 -2449.02 0 0
149000 364251 364141 0 -1416.21 0 0
150000 364809 365146 0 671.23 0 0
151000 361468 367457 0 -1775.69 0 0
152000 363437 363618 0 -1118.34 0 0
153000 363789 364410 0 959.992 0 0
154000 363360 363802 0 210.944 0 0
155000 363468 365868 0 1503.11 0 0
156000 362271 365200 0 2857.85 0 0
157000 363903 366433 0 1366.71 0 0
158000 366404 361121 0 764.211 0 0
159000 362739 362603 0 398.839 0 0
160000 364493 361838 0 2410.27 0 0
161000 362654 366581 0 3298.71 0 0
162000 362470 364620 0 3279.42 0 0
163000 364798 362068 0 2522.01 0 0
164000 362510 363102 0 5270.82 0 0
165000 364927 362085 0 2285.84 0 0
166000 364086 364272 0 2981.61 0 0
167000 364851 366134 0 3948.81 0 0
168000 363069 364969 0 6583.64 0 0
169000 364471 363377 0 5447.5 0 0
170000 362918 365329 0 3605.24 0 0
171000 365804 361913 0 6041.76 0 0
172000 363312 365715 0 6601.37 0 0
173000 363133 364711 0 5194.04 0 0
174000 365708 362022 0 6718.72 0 0
175000 366924 363669 0 5498.99 0 0
176000 362183 365024 0 5358.56 0 0
177000 366597 361367 0 5652.61 0 0
178000 365782 362743 0 5984.63 0 0
179000 364942 362285 0 7561.01 0 0
180000 363850 362196 0 6095.77 0 0
181000 363244 364136 0 6220.94 0 0
182000 365828 362426 0 5931.45 0 0
183000 364688 365420 0 4545.4 0 0
184000 363892 366519 0 4729.45 0 0
185000 362790 363996 0 4915.52 0 0
186000 364418 363417 0 5062.3 0 0
187000 363146 367463 0 2630.7 0 0
188000 362471 365646 0 2399.88 0 0
189000 363858 362654 0 2757.87 0 0
190000 360807 367466 0 4530.77 0 0
191000 365637 361165 0 2692.12 0 0
192000 363233 364913 0 1087.02 0 0
193000 361997 368044 0 1018.36 0 0
194000 364785 361272 0 170.934 0 0
195000 366717 362821 0 1768.69 0 0
196000 363941 365282 0 2382.92 0 0
197000 363486 364407 0 1439.37 0 0
198000 364106 362721 0 -1469.02 0 0
199000 364403 363509 0 -1428.4 0 0
200000 363242 363535 0 -1268.31 0 0
201000 363306 363227 0 -1663.92 0 0
202000 365654 365208 0 -2888.09 0 0
203000 363655 366051 0 -2052.84 0 0
204000 362269 365477 0 -2818.5 0 0
205000 366034 363533 0 -5420.81 0 0
206000 363593 364725 0 -3345.11 0 0
207000 363324 362405 0 -4318.34 0 0
208000 365144 362803 0 -4376.43 0 0
209000 363888 364542 0 -6523.37 0 0
210000 362677 365999 0 -5903.09 0 0
211000 362643 364044 0 -5186.7 0 0
212000 363228 363337 0 -3922.96 0 0
213000 367335 361982 0 -7573.6 0 0
214000 362280 365549 0 -5901.48 0 0
215000 362412 365603 0 -6728.47 0 0
216000 366084 364262 0 -8451.13 0 0
217000 365803 362717 0 -7283.55 0 0
218000 361174 365941 0 -9589.51 0 0
219000 363075 366010 0 -8799.73 0 0
220000 366362 364506 0 -9312.76 0 0
221000 363014 367510 0 -9590.6 0 0
222000 365118 364430 0 -10738.2 0 0
223000 363208 364650 0 -9032.81 0 0
224000 363190 364904 0 -6062.53 0 0
225000 366112 363775 0 -8662.16 0 0
226000 364651 365590 0 -6391.81 0 0
227000 362608 365209 0 -8381.13 0 0
228000 363796 364479 0 -8508.58 0 0
229000 364523 366455 0 -9535.53 0 0
230000 363105 365105 0 -8065.87 0 0
231000 364673 364374 0 -7130.98 0 0
232000 362361 364139 0 -7779.89 0 0
233000 363658 361719 0 -7355 0 0
234000 362422 362591 0 -8357.77 0 0
235000 366512 366483 0 -5881.18 0 0
236000 365845 364349 0 -5999.91 0 0
237000 365616 364503 0 -5673.96 0 0
238000 364098 363754 0 -7205.89 0 0
239000 364134 364265 0 -6779.2 0 0
240000 364086 365414 0 -5132.66 0 0
241000 362993 362158 0 -5045.19 0 0
242000 363720 365015 0 -5183.2 0 0
243000 364503 362826 0 -3133.27 0 0
244000 362572 364554 0 -3340.47 0 0
245000 363971 364329 0 -2059.62 0 0
246000 361308 362945 0 -1475.22 0 0
247000 364407 365122 0 -2259.43 0 0
248000 366031 363476 0 -2786.67 0 0
249000 363221 365295 0 -207.44 0 0
250000 363242 363353 0 -1338.28 0 0
251000 364900 363665 0 -312.821 0 0
252000 362934 366027 0 -878.443 0 0
253000 363046 362941 0 159.504 0 0
254000 365187 362143 0 2133.44 0 0
255000 361250 367311 0 1323.28 0 0
256000 361923 363987 0 2557.7 0 0
257000 366036 363233 0 2824.2 0 0
258000 362607 364550 0 3215.56 0 0
259000 364343 359583 0 3434.24 0 0
260000 363095 362683 0 3451.66 0 0
261000 362878 363722 0 4200.45 0 0
262000 362618 364596 0 3009.73 0 0
263000 361936 367407 0 2598.45 0 0
264000 364487 365425 0 2401.57 0 0
265000 362797 366436 0 3334.95 0 0
266000 361074 366920 0 3453.6 0 0
267000 362692 363761 0 4023.43 0 0
268000 362609 366064 0 6084.48 0 0
269000 362470 363665 0 5856.98 0 0
270000 363240 363333 0 6356.83 0 0
271000 363989 365139 0 4452.96 0 0
272000 362875 365729 0 5165.95 0 0
273000 358994 366578 0 5530.29 0 0
274000 362388 366179 0 5883.01 0 0
275000 361546 367864 0 6064.18 0 0
276000 363560 365064 0 7263.38 0 0
277000 364508 364519 0 5008.3 0 0
278000 363731 366607 0 7572.79 0 0
279000 362680 364137 0 4401.37 0 0
280000 362526 365210 0 6293.6 0 0
281000 363186 364570 0 4337.51 0 0
282000 361825 364105 0 5213.01 0 0
283000 362012 364486 0 3680.39 0 0
284000 364171 362886 0 5051.18 0 0
285000 362319 365791 0 4307.7 0 0
286000 363801 363302 0 3328.44 0 0
287000 360684 367212 0 3705.1 0 0
288000 365383 364222 0 4695.52 0 0
289000 362376 364927 0 3068.33 0 0
290000 362788 364766 0 399.305 0 0
291000 362473 365623 0 943.054 0 0
292000 362334 367212 0 2056.82 0 0
293000 362708 366406 0 1486.71 0 0
294000 364936 364282 0 2596.69 0 0
295000 361758 366421 0 -1656.02 0 0
296000 363808 363047 0 -333.081 0 0
297000 360713 365999 0 -1100.95 0 0
298000 363953 365601 0 -241.528 0 0
299000 362403 364909 0 -1850.7 0 0
300000 359860 367599 0 -5796 0 0
301000 365213 363358 0 -3541.73 0 0
302000 361623 365464 0 -3201.28 0 0
303000 365913 363080 0 -3729.07 0 0
304000 361579 365535 0 -2600.28 0 0
305000 363835 364484 0 -4579.92 0 0
306000 362430 364860 0 -5085.57 0 0
307000 364525 363278 0 -3409.08 0 0
308000 361341 366857 0 -6738.76 0 0
309000 363455 364759 0 -6387.87 0 0
310000 361871 363164 0 -8161.78 0 0
311000 361635 367292 0 -7467.98 0 0
312000 360896 367029 0 -5842.2 0 0
313000 363439 364896 0 -6373.04 0 0
314000 361464 366622 0 -7940.8 0 0
315000 362480 364300 0 -6602.7 0 0
316000 360897 364074 0 -6473.5 0 0
317000 362965 363373 0 -5966.82 0 0
318000 363207 363955 0 -9472.04 0 0
319000 363581 365099 0 -7238.8 0 0
320000 362699 363676 0 -8805.24 0 0
321000 362008 363811 0 -10080.2 0 0
322000 366151 361952 0 -7928.57 0 0
323000 362925 365005 0 -9961.27 0 0
324000 363725 365408 0 -8241.07 0 0
325000 361785 367909 0 -6656.06 0 0
326000 362539 361837 0 -8951.84 0 0
327000 364456 363571 0 -8261.05 0 0
328000 364070 364448 0 -10238.1 0 0
329000 364426 363363 0 -8632.31 0 0
330000 364505 363523 0 -8532.18 0 0
331000 363392 364132 0 -5989.06 0 0
332000 362884 366096 0 -7490.46 0 0
333000 360675 366628 0 -9061.05 0 0
334000 359907 367022 0 -6671.09 0 0
335000 363677 364901 0 -7423.81 0 0
336000 362830 363104 0 -7074.39 0 0
337000 364669 363927 0 -7511.84 0 0
338000 368009 363944 0 -8562.64 0 0
339000 364496 365926 0 -5651.99 0 0
340000 363022 364269 0 -7134.95 0 0
341000 361862 363482 0 -5451.86 0 0
342000 362196 365380 0 -3392.93 0 0
343000 360779 366832 0 -2901.96 0 0
344000 364396 365143 0 -2420.46 0 0
345000 364112 361578 0 -38.1767 0 0
346000 364698 364605 0 -1660.1 0 0
347000 364540 364710 0 -2438.87 0 0
348000 363433 363021 0 -2426.68 0 0
349000 363122 365188 0 -939.815 0 0
350000 362745 364065 0 -1135.19 0 0
351000 363536 365295 0 771.664 0 0
352000 361977 365543 0 634.179 0 0
353000 362275 365052 0 1004.73 0 0
354000 363237 365163 0 3080.4 0 0
355000 361024 367892 0 2436.73 0 0
356000 361803 366598 0 2947.26 0 0
357000 362382 364875 0 2094.66 0 0
358000 361687 365533 0 4904.52 0 0
359000 362769 364991 0 2974.99 0 0
360000 362870 364296 0 4665.36 0 0
361000 361533 367007 0 3013.56 0 0
362000 364296 365001 0 3816.24 0 0
363000 364599 363555 0 3621.24 0 0
364000 364871 363112 0 6801.26 0 0
365000 364246 366361 0 5203.54 0 0
366000 362427 366555 0 5077.85 0 0
367000 363092 365667 0 6871.68 0 0
368000 362566 365325 0 4055.76 0 0
369000 363970 364171 0 4102.71 0 0
370000 361404 365337 0 2675.93 0 0
371000 361512 367126 0 4341.42 0 0
372000 363071 363896 0 6046.59 0 0
373000 362429 363733 0 6732.95 0 0
374000 362264 364432 0 7135.12 0 0
375000 363390 362799 0 5704.62 0 0
376000 361775 364165 0 5807.83 0 0
377000 363028 364202 0 5590.14 0 0
378000 361929 364870 0 5727.99 0 0
379000 364309 364815 0 6125.98 0 0
380000 362801 364304 0 5685.66 0 0
381000 366253 364084 0 5240.73 0 0
382000 362795 364569 0 5593.65 0 0
383000 362411 365163 0 4716.34 0 0
384000 364539 364172 0 5109.81 0 0
385000 363101 364890 0 4016.18 0 0
386000 362788 362683 0 2658.3 0 0
387000 362861 366475 0 5270.92 0 0
388000 361893 365322 0 2851.25 0 0
389000 362806 364673 0 1374.35 0 0
390000 364144 363632 0 3891.51 0 0
391000 363119 364439 0 -473.796 0 0
392000 361806 364425 0 1229.56 0 0
393000 364603 362876 0 1151.98 0 0
394000 362073 364257 0 2022.44 0 0
395000 364367 363962 0 -1225.85 0 0
396000 362071 363042 0 -1978.81 0 0
397000 363163 364999 0 -192.107 0 0
398000 363862 362643 0 -3031.78 0 0
399000 362625 363230 0 -3436.59 0 0
400000 362723 365182 0 -2841.22 0 0
401000 363642 365105 0 -679.579 0 0
402000 364153 365123 0 -2112.24 0 0
403000 362203 366766 0 -2969.69 0 0
404000 364025 363883 0 -4246.21 0 0
405000 361571 363478 0 -3204.7 0 0
406000 364513 363009 0 -5774.02 0 0
407000 362701 364750 0 -5313.34 0 0
408000 364507 365250 0 -4809.05 0 0
409000 359159 366328 0 -5507.9 0 0
410000 362205 365482 0 -7583.92 0 0
411000 361858 367328 0 -7715.31 0 0
412000 364049 361606 0 -7163.35 0 0
413000 363729 363056 0 -7724.6 0 0
414000 363604 364313 0 -8510.93 0 0
415000 360590 366337 0 -9607.78 0 0
416000 362019 364484 0 -11904.8 0 0
417000 360432 365636 0 -10248.7 0 0
418000 363776 363222 0 -8725.16 0 0
419000 362538 365522 0 -9563.92 0 0
420000 363424 363925 0 -11318.9 0 0
421000 363770 365637 0 -8138.86 0 0
422000 363269 365655 0 -7380.51 0 0
423000 365291 362182 0 -9567.22 0 0
424000 364359 362961 0 -8043.85 0 0
425000 364819 362305 0 -8298.82 0 0
426000 363256 364622 0 -6888 0 0
427000 365157 363269 0 -8566.81 0 0
428000 364555 361113 0 -7414.83 0 0
429000 363318 362714 0 -8848.95 0 0
430000 363579 363018 0 -7943.41 0 0
431000 364293 365670 0 -8795.9 0 0
432000 364235 362999 0 -6831.33 0 0
433000 364746 360666 0 -6178.56 0 0
434000 361620 365361 0 -9843.58 0 0
435000 365880 364654 0 -7536.41 0 0
436000 362933 364482 0 -6620.83 0 0
437000 366464 363071 0 -6185.7 0 0
438000 363121 365745 0 -7458.9 0 0
439000 363294 365300 0 -6307.54 0 0
440000 365471 362391 0 -7773.68 0 0
441000 364345 363624 0 -3794.58 0 0
442000 362026 363887 0 -5285.13 0 0
443000 363694 365489 0 -4171.47 0 0
444000 362712 362577 0 -5254.35 0 0
445000 363696 364530 0 -5566.98 0 0
446000 364298 361263 0 -4622.3 0 0
447000 362986 364881 0 -2802.79 0 0
448000 360755 368010 0 -3665.78 0 0
449000 363734 360697 0 -1982.1 0 0
450000 363956 364298 0 -2858.93 0 0
451000 361902 366035 0 -1442.29 0 0
452000 361424 363213 0 -2100.08 0 0
453000 363554 365652 0 -2506.9 0 0
454000 362200 366040 0 -1093.44 0 0
455000 363546 362274 0 -2080.16 0 0
456000 365976 361654 0 1022.95 0 0
457000 361957 364119 0 1537.95 0 0
458000 363985 364003 0 1471.4 0 0
459000 362545 367420 0 622.918 0 0
460000 362229 364567 0 3192.52 0 0
461000 361862 365992 0 1104.22 0 0
462000 360235 365291 0 3279.74 0 0
463000 361057 364200 0 1856.59 0 0
464000 359486 366506 0 3782.38 0 0
465000 363914 362604 0 2948.4 0 0
466000 362456 366239 0 5132.3 0 0
467000 359470 364622 0 5133.64 0 0
468000 363442 364675 0 2558.79 0 0
469000 359846 366412 0 3317.14 0 0
470000 360764 365016 0 5189.85 0 0
471000 361804 363914 0 4111.32 0 0
472000 359787 367837 0 6916.12 0 0
473000 359448 365727 0 4559.07 0 0
474000 361175 364865 0 3875.31 0 0
475000 361361 364611 0 4064.93 0 0
476000 361159 365175 0 5048.18 0 0
477000 358780 366729 0 6643.14 0 0
478000 361404 365468 0 5838.62 0 0
479000 360990 362941 0 6732.84 0 0
480000 361167 366223 0 6958.4 0 0
481000 362200 367217 0 4456.13 0 0
482000 361672 364922 0 1959.15 0 0
483000 362130 364292 0 4502.47 0 0
484000 362019 365070 0 4372.45 0 0
485000 361381 365053 0 4526.01 0 0
486000 360960 364199 0 4427.73 0 0
487000 361925 365407 0 5539.44 0 0
488000 363546 361743 0 1045.73 0 0
489000 360687 365888 0 3571.86 0 0
490000 360921 365051 0 2576.49 0 0
491000 360914 364962 0 2111.37 0 0
492000 361401 365748 0 747.364 0 0
493000 360651 364936 0 855.484 0 0
494000 361675 365413 0 -1308.43 0 0
495000 363798 362943 0 -1903.12 0 0
496000 361267 364409 0 63.406 0 0
497000 363330 365245 0 -636.064 0 0
498000 361823 365574 0 -582.692 0 0
499000 363441 361493 0 -1427.47 0 0
500000 361560 363989 0 -1280.53 0 0
