# Time-averaged data for fix ps1
# TimeStep c_thermo_press[1] c_thermo_press[2] c_thermo_press[3] c_thermo_press[4] c_thermo_press[5] c_thermo_press[6]
1000 359836 355004 0 -2320.05 0 0
2000 357187 356553 0 -1648.02 0 0
3000 358910 352644 0 -3563.85 0 0
4000 360210 354687 0 -3945.01 0 0
5000 358255 355589 0 -3547.41 0 0
6000 361147 354120 0 -4443.44 0 0
7000 360741 353565 0 -2545.29 0 0
8000 358522 356068 0 -6303.7 0 0
9000 360063 356646 0 -6412.86 0 0
10000 360502 355128 0 -4812.56 0 0
11000 360557 351045 0 -7202.82 0 0
12000 361175 353809 0 -6252.56 0 0
13000 361446 352188 0 -6627.53 0 0
14000 359583 355010 0 -6342.98 0 0
15000 361154 354734 0 -8156.32 0 0
16000 356995 355613 0 -7787.9 0 0
17000 360639 355783 0 -8490.57 0 0
18000 357701 355361 0 -6167.84 0 0
19000 357730 357153 0 -10960.2 0 0
20000 359251 357092 0 -9000.32 0 0
21000 357841 355460 0 -8173.3 0 0
22000 359446 356999 0 -8641.28 0 0
23000 360204 354463 0 -10795.6 0 0
24000 358438 357092 0 -9724.68 0 0
25000 357662 355653 0 -10295.9 0 0
26000 358583 356521 0 -9378.53 0 0
27000 359986 353172 0 -9412.59 0 0
28000 359305 353881 0 -8514.74 0 0
29000 358055 354323 0 -9236.07 0 0
30000 358336 355112 0 -10560.1 0 0
31000 357352 356401 0 -9029.31 0 0
32000 358267 357019 0 -8790.5 0 0
33000 358610 356449 0 -8045.77 0 0
34000 358925 357238 0 -8055.92 0 0
35000 358973 355092 0 -4813.23 0 0
36000 361145 355222 0 -5909.26 0 0
37000 360252 356443 0 -6122.47 0 0
38000 357094 356027 0 -8487.55 0 0
39000 356887 354770 0 -7086.85 0 0
40000 359554 355657 0 -4531.69 0 0
41000 359151 356719 0 -7397 0 0
42000 357087 355549 0 -4058.23 0 0
43000 360147 355016 0 -6992.01 0 0
44000 358875 355947 0 -3539.92 0 0
45000 358154 356817 0 -2392.86 0 0
46000 361900 352740 0 -1953.78 0 0
47000 358663 355516 0 -1809.79 0 0
48000 359157 353880 0 -3288.36 0 0
49000 359872 355151 0 -614.292 0 0
50000 359637 354779 0 -582.167 0 0
51000 358467 356415 0 565.481 0 0
52000 360649 354182 0 2841.14 0 0
53000 358890 354488 0 868.861 0 0
54000 357365 355234 0 1238.68 0 0
55000 358952 353944 0 3171.67 0 0
56000 359822 353892 0 2500.6 0 0
57000 358789 354930 0 1700.35 0 0
58000 359111 354165 0 3386.12 0 0
59000 359308 353538 0 3738.2 0 0
60000 359597 356256 0 3163.32 0 0
61000 358052 355664 0 4168.68 0 0
62000 359552 355154 0 2485.47 0 0
63000 357682 355638 0 5806.31 0 0
64000 360280 357109 0 5002.25 0 0
65000 360002 355671 0 6607.2 0 0
66000 360188 353978 0 5803.93 0 0
67000 361581 352577 0 6213.06 0 0
68000 359458 354428 0 6039.39 0 0
69000 358374 353905 0 4351.76 0 0
70000 360168 354574 0 5898.99 0 0
71000 360071 353847 0 7091.4 0 0
72000 358806 357459 0 4847.52 0 0
73000 358588 354765 0 6561.21 0 0
74000 360270 353044 0 6305.74 0 0
75000 359139 355899 0 4730.51 0 0
76000 358894 354617 0 6091.09 0 0
77000 358168 355657 0 6667.24 0 0
78000 360752 354224 0 5334.21 0 0
79000 357962 356018 0 7588.61 0 0
80000 359453 354242 0 5017.75 0 0
81000 359811 354866 0 7091.97 0 0
82000 358276 355488 0 6091.67 0 0
83000 359362 356299 0 3978.81 0 0
84000 358437 355341 0 4417.73 0 0
85000 358931 356506 0 3524.21 0 0
86000 360055 354196 0 5558.01 0 0
87000 359258 354829 0 3791.59 0 0
88000 358209 355286 0 3951.06 0 0
89000 359844 354415 0 2143.53 0 0
90000 359322 355163 0 2150.13 0 0
91000 358048 355788 0 2939.82 0 0
92000 362083 352156 0 2335.64 0 0
93000 360304 354605 0 921.443 0 0
94000 359825 357412 0 673.318 0 0
95000 359375 355765 0 3261.4 0 0
96000 360682 356050 0 1738.34 0 0
97000 360536 354307 0 782.309 0 0
98000 361867 353654 0 -1947.83 0 0
99000 360714 356371 0 -2388.59 0 0
100000 358786 354088 0 -3858.33 0 0
101000 360967 354049 0 -3229.63 0 0
102000 361363 353389 0 -4449.7 0 0
103000 362338 354708 0 -1482.09 0 0
104000 359117 354528 0 -4618.44 0 0
105000 359230 352777 0 -3976.59 0 0
106000 359855 354955 0 -5673.11 0 0
107000 359131 359195 0 -3703.14 0 0
108000 360503 354432 0 -5733.01 0 0
109000 360923 354788 0 -6629.15 0 0
110000 359923 355096 0 -4215.72 0 0
111000 358815 355985 0 -4947.97 0 0
112000 360951 354197 0 -7776.33 0 0
113000 360762 354073 0 -8256.79 0 0
114000 357971 355764 0 -8859.01 0 0
115000 358419 354663 0 -9893.63 0 0
116000 362074 354531 0 -9004.28 0 0
117000 358968 356127 0 -9395.33 0 0
118000 358535 353794 0 -7963.48 0 0
119000 359416 355945 0 -9424.06 0 0
120000 357983 357160 0 -9639.08 0 0
121000 360781 353252 0 -10315.8 0 0
122000 360232 354843 0 -11678.3 0 0
123000 362089 353547 0 -9156.83 0 0
124000 361973 354860 0 -9638.77 0 0
125000 359927 353673 0 -10167.3 0 0
126000 359832 356258 0 -9914.08 0 0
127000 359398 356199 0 -11333.6 0 0
128000 359806 354760 0 -10371.7 0 0
129000 360065 355841 0 -10403.6 0 0
130000 361591 354406 0 -10096.6 0 0
131000 361771 356278 0 -8438.83 0 0
132000 358730 354963 0 -10202.2 0 0
133000 358361 354549 0 -7798.5 0 0
134000 358310 353643 0 -9579.4 0 0
135000 362509 353916 0 -8847.74 0 0
136000 358678 356812 0 -7478.3 0 0
137000 357061 353466 0 -9479.22 0 0
138000 358591 354779 0 -8549.72 0 0
139000 360069 356869 0 -8644.18 0 0
140000 360360 353608 0 -6917.42 0 0
141000 360344 353092 0 -6822.32 0 0
142000 360856 354400 0 -6463.6 0 0
143000 360488 353946 0 -4137.42 0 0
144000 360654 355401 0 -3696.05 0 0
145000 358801 355971 0 -5547.8 0 0
146000 361089 354091 0 -3073.89 0 0
147000 360997 353899 0 -4020.18 0 0
148000 359034 356359 0 -2084.29 0 0
149000 362440 353684 0 -2384.36 0 0
150000 359998 356249 0 -1609.45 0 0
151000 360483 355038 0 -1486.19 0 0
152000 358753 357896 0 -1354.54 0 0
153000 360785 355080 0 -295.64 0 0
154000 359157 354400 0 -1526.39 0 0
155000 359096 354197 0 -839.048 0 0
156000 359007 355909 0 2063.45 0 0
157000 359228 355307 0 2169.72 0 0
158000 360064 353826 0 2889.73 0 0
159000 357613 355667 0 2900.65 0 0
160000 359706 352572 0 2239.86 0 0
161000 359479 354502 0 2759.34 0 0
162000 359260 355944 0 4086.18 0 0
163000 359573 355074 0 3701.43 0 0
164000 358391 357596 0 4825.55 0 0
165000 359934 353768 0 3508.78 0 0
166000 359236 353645 0 5916.05 0 0
167000 361491 353362 0 5376.72 0 0
168000 360297 355427 0 4704 0 0
169000 359205 352572 0 5771.26 0 0
170000 359642 352618 0 5107.76 0 0
171000 361183 355163 0 6148.61 0 0
172000 361462 352780 0 7292.69 0 0
173000 360113 353520 0 5698.44 0 0
174000 358873 356785 0 7741.37 0 0
175000 360277 356150 0 6557.93 0 0
176000 359034 355605 0 7790.28 0 0
177000 359283 355434 0 4741.44 0 0
178000 358614 353649 0 6446.16 0 0
179000 361946 352329 0 3778.64 0 0
180000 359550 355671 0 5794.16 0 0
181000 358731 355542 0 5043.96 0 0
182000 360709 354389 0 6674.78 0 0
183000 357876 355680 0 3847 0 0
184000 359181 355184 0 4561.95 0 0
185000 357647 354386 0 3971.37 0 0
186000 358377 354974 0 4596.03 0 0
187000 360630 352974 0 3990.49 0 0
188000 360022 353661 0 3001.14 0 0
189000 360568 353107 0 3782.97 0 0
190000 360160 352698 0 3394.49 0 0
191000 358451 354722 0 1579.29 0 0
192000 359960 355963 0 277.204 0 0
193000 357414 355287 0 1361.11 0 0
194000 361304 352577 0 2279.39 0 0
195000 361852 353636 0 -535.194 0 0
196000 360730 354280 0 1085.47 0 0
197000 359343 353445 0 -1922.46 0 0
198000 360057 355465 0 -1581.09 0 0
199000 360797 353469 0 -617.852 0 0
200000 358303 354748 0 -115.999 0 0
201000 359899 356638 0 -1108.73 0 0
202000 360792 354507 0 -2275 0 0
203000 358390 356137 0 -2192.62 0 0
204000 360813 355750 0 -4206.01 0 0
205000 359293 352456 0 -5247.97 0 0
206000 360075 353729 0 -5976.43 0 0
207000 359561 354665 0 -6343.46 0 0
208000 360131 356119 0 -5103.74 0 0
209000 359721 356636 0 -5109.39 0 0
210000 359070 355141 0 -7874.63 0 0
211000 358741 357387 0 -6601.46 0 0
212000 360809 354860 0 -8274.96 0 0
213000 360444 354265 0 -9071.87 0 0
214000 361368 354388 0 -6897.36 0 0
215000 359123 358358 0 -7472.71 0 0
216000 359745 355478 0 -8521.64 0 0
217000 360873 355732 0 -10268.4 0 0
218000 360686 353575 0 -11192 0 0
219000 359847 355969 0 -10724.7 0 0
220000 360623 354289 0 -8625.73 0 0
221000 361446 353251 0 -9889.75 0 0
222000 359984 352978 0 -8783.07 0 0
223000 359456 357560 0 -9396.18 0 0
224000 360219 355942 0 -9609.39 0 0
225000 358838 354956 0 -9130.81 0 0
226000 362553 355038 0 -10161.6 0 0
227000 359979 354585 0 -10210.2 0 0
228000 360094 353175 0 -10925 0 0
229000 360000 355309 0 -9121.01 0 0
230000 360162 356010 0 -9930.76 0 0
231000 361551 352770 0 -10443.7 0 0
232000 361390 354746 0 -9552.46 0 0
233000 358785 354876 0 -9891.52 0 0
234000 358555 355549 0 -5628 0 0
235000 361565 355866 0 -8977.22 0 0
236000 359424 354835 0 -7276.63 0 0
237000 358283 356435 0 -6502.35 0 0
238000 359719 355639 0 -7430.44 0 0
239000 362423 354461 0 -5898.13 0 0
240000 359179 355863 0 -5757.07 0 0
241000 359978 353805 0 -5251.99 0 0
242000 360375 354198 0 -5554.17 0 0
243000 359803 356338 0 -6045.03 0 0
244000 361559 352441 0 -5912.85 0 0
245000 359480 353273 0 -6004.53 0 0
246000 358479 355502 0 -5874.63 0 0
247000 358304 356140 0 -2205.3 0 0
248000 359235 357075 0 -2044.28 0 0
249000 359828 354844 0 -1803.29 0 0
250000 359345 355807 0 -1479.83 0 0
251000 358552 354781 0 -2227.93 0 0
252000 359500 355235 0 1046.28 0 0
253000 359719 354596 0 -295.806 0 0
254000 359136 355372 0 -76.0009 0 0
255000 359079 357746 0 2329.21 0 0
256000 360316 352561 0 1298.19 0 0
257000 359804 353929 0 1398.24 0 0
258000 358623 353543 0 1904.75 0 0
259000 363134 353831 0 3079.86 0 0
260000 357804 356294 0 3903.13 0 0
261000 357266 356507 0 3796.78 0 0
262000 359298 354836 0 5758.18 0 0
263000 360464 352861 0 3755.46 0 0
264000 358719 358179 0 4991.18 0 0
265000 357995 354715 0 4912.54 0 0
266000 360272 355415 0 6521.1 0 0
267000 358166 355531 0 5187.79 0 0
268000 358664 355002 0 4525.24 0 0
269000 358060 355932 0 6321.56 0 0
270000 360186 355331 0 5061.97 0 0
271000 360384 352260 0 7434.35 0 0
272000 360996 355747 0 5550.25 0 0
273000 359056 353579 0 6841.72 0 0
274000 359307 355412 0 7451.28 0 0
275000 357463 356551 0 7462.13 0 0
276000 359373 357148 0 6034.14 0 0
277000 359656 353054 0 4174.61 0 0
278000 357861 356610 0 6123.73 0 0
279000 361622 352218 0 6323.07 0 0
280000 360047 352987 0 6407.56 0 0
281000 362652 355925 0 5839.73 0 0
282000 358852 354750 0 5969.3 0 0
283000 360673 354555 0 5436.79 0 0
284000 360046 354562 0 4963.19 0 0
285000 358467 356447 0 5094.36 0 0
286000 359379 355252 0 4233.92 0 0
287000 360974 355006 0 5268.62 0 0
288000 361167 353596 0 3525.59 0 0
289000 360330 355447 0 2638.48 0 0
290000 358972 356169 0 2923.85 0 0
291000 359536 353712 0 3164.03 0 0
292000 358013 354729 0 1017.89 0 0
293000 359537 353771 0 2511.18 0 0
294000 362093 353722 0 -219.186 0 0
295000 359987 356367 0 2286.96 0 0
296000 360360 354487 0 -14.9913 0 0
297000 360570 354701 0 -258.714 0 0
298000 358962 352595 0 -1454.36 0 0
299000 358693 356221 0 -899.474 0 0
300000 360186 353376 0 -2587.93 0 0
301000 356064 357960 0 -2771.92 0 0
302000 360463 353474 0 -1617.4 0 0
303000 356325 358642 0 -3046.68 0 0
304000 359567 356804 0 -4541.47 0 0
305000 358272 355897 0 -4673.57 0 0
306000 359975 354315 0 -5587.37 0 0
307000 359686 354960 0 -7153.81 0 0
308000 358152 355773 0 -7345.12 0 0
309000 358620 355345 0 -6141.25 0 0
310000 357523 355003 0 -6014.32 0 0
311000 358205 354290 0 -8227 0 0
312000 359096 356483 0 -7641.77 0 0
313000 359203 355607 0 -6134.03 0 0
314000 356265 354856 0 -7927.45 0 0
315000 361360 354936 0 -9978.9 0 0
316000 359682 354856 0 -8379.69 0 0
317000 358763 356868 0 -7990.53 0 0
318000 361248 355409 0 -9873.63 0 0
319000 359073 355577 0 -8629.05 0 0
320000 360453 354676 0 -10930.6 0 0
321000 360166 352959 0 -10136.5 0 0
322000 358655 357719 0 -10827.2 0 0
323000 361331 356470 0 -10761.3 0 0
324000 360665 354901 0 -9561.05 0 0
325000 360274 357163 0 -10922.1 0 0
326000 359416 355250 0 -10026.5 0 0
327000 358532 354568 0 -8780.79 0 0
328000 356724 356922 0 -10567 0 0
329000 360552 355987 0 -10042.6 0 0
330000 360137 357065 0 -11277.5 0 0
331000 357309 354641 0 -10757.3 0 0
332000 359963 355952 0 -8152.06 0 0
333000 359041 354199 0 -9692.78 0 0
334000 359000 357281 0 -10681.9 0 0
335000 360106 356282 0 -7801.23 0 0
336000 359032 354678 0 -6919.61 0 0
337000 358245 356363 0 -7324.91 0 0
338000 358502 355319 0 -9087.61 0 0
339000 359977 358502 0 -8423.77 0 0
340000 361474 356213 0 -8680.63 0 0
341000 358134 355607 0 -6245.19 0 0
342000 359350 356157 0 -5653.66 0 0
343000 360173 354873 0 -3023.86 0 0
344000 362272 353949 0 -4252.2 0 0
345000 357945 358771 0 -5602.17 0 0
346000 359136 355583 0 -3085.13 0 0
347000 359439 355905 0 -4566.34 0 0
348000 359596 354346 0 -3104.91 0 0
349000 359455 355658 0 -3894.93 0 0
350000 361217 354302 0 -1458.49 0 0
351000 360562 354508 0 -875.725 0 0
352000 357834 356778 0 -1510.65 0 0
353000 357616 355971 0 -713.641 0 0
354000 361121 352858 0 -1492.21 0 0
355000 359438 357155 0 1459.26 0 0
356000 359257 354302 0 585.108 0 0
357000 358822 356677 0 615.484 0 0
358000 358450 355506 0 3672.77 0 0
359000 357523 356264 0 1111.09 0 0
360000 357046 354060 0 3192.35 0 0
361000 358168 355604 0 4290.22 0 0
362000 359445 355112 0 4340.24 0 0
363000 359724 355268 0 2407.54 0 0
364000 358818 355687 0 4536.79 0 0
365000 359360 357126 0 6562.9 0 0
366000 358748 356704 0 5204.5 0 0
367000 357745 355368 0 4010.07 0 0
368000 361117 354197 0 5216.06 0 0
369000 358470 355776 0 4428.03 0 0
370000 357883 355448 0 5479.23 0 0
371000 359145 355687 0 6673.49 0 0
372000 360571 355063 0 3490.97 0 0
373000 357440 357839 0 6082.91 0 0
374000 357663 353469 0 6195.52 0 0
375000 358401 358208 0 5858.42 0 0
376000 359333 354070 0 6397.23 0 0
377000 359521 356985 0 7688.52 0 0
378000 359940 356253 0 6688.22 0 0
379000 357616 355579 0 6117.26 0 0
380000 358537 355218 0 4722.47 0 0
381000 359856 354134 0 5476.34 0 0
382000 358619 353004 0 4284.82 0 0
383000 359279 354754 0 5829.08 0 0
384000 358173 354888 0 3726.75 0 0
385000 359969 355950 0 5953.35 0 0
386000 359552 355979 0 4504.43 0 0
387000 358186 354709 0 5580.78 0 0
388000 360223 352365 0 5129.06 0 0
389000 358073 355141 0 3609.31 0 0
390000 359641 356327 0 1994.08 0 0
391000 359844 355266 0 4277.64 0 0
392000 359234 358071 0 1257.36 0 0
393000 359754 354632 0 2569.28 0 0
394000 358755 355177 0 2997.44 0 0
395000 361130 354987 0 1356.63 0 0
396000 359269 357598 0 3037.9 0 0
397000 358431 356294 0 1073.92 0 0
398000 356934 355713 0 -91.4633 0 0
399000 361431 354436 0 -1108.89 0 0
400000 360425 357195 0 -2946.94 0 0
401000 359800 356067 0 -3487.9 0 0
402000 358296 354937 0 -2363.03 0 0
403000 359117 354633 0 -4500.36 0 0
404000 359148 355002 0 -4301.76 0 0
405000 356998 357239 0 -5526.43 0 0
406000 359138 355874 0 -5400.37 0 0
407000 360445 355631 0 -4831.29 0 0
408000 362519 355358 0 -5255.99 0 0
409000 359187 356386 0 -6040.72 0 0
410000 359775 354796 0 -6328.08 0 0
411000 358602 356315 0 -6882.84 0 0
412000 360380 353553 0 -6731.99 0 0
413000 360449 356531 0 -8125.63 0 0
414000 357817 356174 0 -8319.39 0 0
415000 356977 356635 0 -7930.12 0 0
416000 360367 354380 0 -10045.2 0 0
417000 359406 354966 0 -10691.3 0 0
418000 359199 354987 0 -10137.8 0 0
419000 358744 355833 0 -7766.25 0 0
420000 359284 355470 0 -10601.5 0 0
421000 361194 355681 0 -9040.47 0 0
422000 359502 354299 0 -7504.58 0 0
423000 359073 355444 0 -11019.7 0 0
424000 358327 354790 0 -10050 0 0
425000 360359 356133 0 -11399.5 0 0
426000 360515 355664 0 -12035.3 0 0
427000 358320 355550 0 -9348.82 0 0
428000 361593 353186 0 -9933.67 0 0
429000 359162 355996 0 -10356.9 0 0
430000 360753 355123 0 -10216 0 0
431000 360416 355550 0 -9364.92 0 0
432000 360898 355405 0 -9211.36 0 0
433000 360560 353384 0 -8783.98 0 0
434000 359488 355502 0 -8325.36 0 0
435000 360791 355178 0 -8944.17 0 0
436000 359094 357734 0 -8110.69 0 0
437000 363425 355104 0 -9731.52 0 0
438000 361279 355340 0 -6799.59 0 0
439000 361218 355308 0 -7188.05 0 0
440000 358759 353595 0 -7356.18 0 0
441000 358977 357032 0 -5419.18 0 0
442000 359612 356979 0 -6063.94 0 0
443000 358190 355496 0 -6716.09 0 0
444000 360338 354114 0 -6109.65 0 0
445000 360522 354242 0 -2741.23 0 0
446000 359630 355695 0 -3362.75 0 0
447000 358532 355101 0 -2422.18 0 0
448000 358026 355131 0 -1315.99 0 0
449000 356745 356930 0 -1983.42 0 0
450000 360351 356432 0 -804.055 0 0
451000 355981 357388 0 -1310.35 0 0
452000 358363 354205 0 -2471.98 0 0
453000 359781 355322 0 1157.24 0 0
454000 361245 353963 0 379.372 0 0
455000 359949 353830 0 -157.004 0 0
456000 359446 355739 0 1583.92 0 0
457000 357776 357843 0 1673.2 0 0
458000 359259 355938 0 1670.94 0 0
459000 358952 355250 0 1709.77 0 0
460000 359241 355340 0 4086.71 0 0
461000 356620 355828 0 3688.74 0 0
462000 358852 355961 0 1023.15 0 0
463000 358931 353210 0 4401.51 0 0
464000 361340 355100 0 3616.28 0 0
465000 358023 355471 0 5258.46 0 0
466000 358774 355647 0 5043.54 0 0
467000 360058 355545 0 8589.6 0 0
468000 359068 354261 0 6203.33 0 0
469000 358371 357883 0 4681.77 0 0
470000 358600 356669 0 5319.64 0 0
471000 359617 354697 0 7737.05 0 0
472000 359499 355560 0 7548.55 0 0
473000 358757 355364 0 6072.67 0 0
474000 358770 357581 0 6371.79 0 0
475000 356798 355422 0 6925.45 0 0
476000 361970 356801 0 4822.32 0 0
477000 358466 354731 0 6098.73 0 0
478000 359562 356293 0 5842 0 0
479000 359489 354397 0 6489.99 0 0
480000 359040 354871 0 6092.96 0 0
481000 357881 355166 0 6628.29 0 0
482000 359178 355519 0 5580.33 0 0
483000 359180 354126 0 4169.02 0 0
484000 359022 354879 0 5537.78 0 0
485000 359411 353953 0 5816.34 0 0
486000 361001 355240 0 4385.63 0 0
487000 359136 355382 0 5408.6 0 0
488000 358891 355853 0 5090.91 0 0
489000 359283 354505 0 1927.12 0 0
490000 358301 356993 0 1912.29 0 0
491000 360496 353408 0 2723.44 0 0
492000 361228 355134 0 2633.64 0 0
493000 362084 355451 0 -510.909 0 0
494000 360181 355634 0 1643.81 0 0
495000 359737 355667 0 1516.39 0 0
496000 358803 355670 0 -558.44 0 0
497000 359308 354440 0 -197.004 0 0
498000 359536 355854 0 -584.214 0 0
499000 360014 355247 0 -1927.53 0 0
500000 358084 353909 0 -2143.47 0 0
