# Time-averaged data for fix ps1
# TimeStep c_thermo_press[1] c_thermo_press[2] c_thermo_press[3] c_thermo_press[4] c_thermo_press[5] c_thermo_press[6]
1000 405389 402001 0 2701.7 0 0
2000 406421 402034 0 3492.27 0 0
3000 402232 404192 0 3544.99 0 0
4000 403898 403496 0 2535.82 0 0
5000 404049 404688 0 998.299 0 0
6000 400298 407792 0 2199.83 0 0
7000 402824 407710 0 -1955.99 0 0
8000 407722 404759 0 158.844 0 0
9000 409297 400057 0 1075.23 0 0
10000 401817 407181 0 -2852.61 0 0
11000 401776 405980 0 -3898.51 0 0
12000 402331 408313 0 1780.89 0 0
13000 401386 405119 0 -1232.63 0 0
14000 404575 404597 0 380.789 0 0
15000 404366 404306 0 2188.04 0 0
16000 401776 407667 0 603.094 0 0
17000 404024 404585 0 -1272.24 0 0
18000 404152 404981 0 -651.485 0 0
19000 402046 408526 0 -2793.03 0 0
20000 398128 407958 0 -785.291 0 0
21000 404127 404821 0 3226.1 0 0
22000 398918 407216 0 -967.67 0 0
23000 400854 407364 0 1184.81 0 0
24000 400630 408201 0 114.25 0 0
25000 405308 406605 0 967.509 0 0
26000 400380 408002 0 858.246 0 0
27000 402672 405022 0 4058.46 0 0
28000 404151 404273 0 3217.56 0 0
29000 401186 405190 0 1640.89 0 0
30000 400723 407270 0 2535.11 0 0
31000 403149 404862 0 2597.31 0 0
32000 401992 405841 0 1604.45 0 0
33000 402946 405319 0 1845.37 0 0
34000 399171 404558 0 3556.06 0 0
35000 402234 405680 0 1217.82 0 0
36000 407358 401746 0 692.525 0 0
37000 408835 402922 0 345.634 0 0
38000 404533 401057 0 2699.94 0 0
39000 407713 403385 0 1386.5 0 0
40000 402888 401271 0 3672.81 0 0
41000 410310 400046 0 52.7287 0 0
42000 407215 400677 0 917.714 0 0
43000 405615 403617 0 1504 0 0
44000 404705 405249 0 -1314.12 0 0
45000 402245 406462 0 -961.682 0 0
46000 403066 403284 0 685.08 0 0
47000 405216 401669 0 -4132.72 0 0
48000 401327 407949 0 403.592 0 0
49000 404998 403607 0 -332.043 0 0
50000 404964 405479 0 -2783.72 0 0
51000 405797 403552 0 -1273.49 0 0
52000 406048 405679 0 2903.16 0 0
53000 406137 406647 0 1429.24 0 0
54000 405117 405672 0 489.299 0 0
55000 405183 406046 0 -2602.5 0 0
56000 402248 401787 0 -1507.59 0 0
57000 406131 402650 0 410.828 0 0
58000 403589 404649 0 2312.78 0 0
59000 405527 407021 0 1263.45 0 0
60000 408166 404058 0 931.164 0 0
61000 407055 401687 0 1952.43 0 0
62000 403440 405019 0 -3356.95 0 0
63000 406191 401223 0 781.303 0 0
64000 403296 405973 0 -474.057 0 0
65000 406191 404988 0 2200.6 0 0
66000 403532 403617 0 -3858.23 0 0
67000 403483 406787 0 -1791.85 0 0
68000 405405 403760 0 -2628.34 0 0
69000 399526 409383 0 1609.93 0 0
70000 406510 402809 0 -1202 0 0
71000 405490 406354 0 304.523 0 0
72000 404696 405877 0 1448.28 0 0
73000 407348 401856 0 -1149.98 0 0
74000 408453 399956 0 2474.81 0 0
75000 402416 405060 0 1502.32 0 0
76000 403162 406538 0 -2213.47 0 0
77000 405776 402768 0 -1271.2 0 0
78000 403777 402755 0 -1053.47 0 0
79000 405521 405374 0 -366.067 0 0
80000 402513 402820 0 972.581 0 0
81000 403898 405181 0 -1602.01 0 0
82000 403157 409497 0 -1798.12 0 0
83000 406067 403829 0 4700.15 0 0
84000 406948 405743 0 -23.1805 0 0
85000 406355 402867 0 -566.977 0 0
86000 403926 402967 0 916.558 0 0
87000 405025 404290 0 1370.92 0 0
88000 404919 403655 0 4711.6 0 0
89000 401714 407834 0 2615.73 0 0
90000 406059 403489 0 -1648.86 0 0
91000 411270 399117 0 -2339.07 0 0
92000 406931 399193 0 -1311.98 0 0
93000 409052 402512 0 -2687.87 0 0
94000 404280 402396 0 -1690.56 0 0
95000 407136 402137 0 -1948.86 0 0
96000 407403 402395 0 -2446.1 0 0
97000 406730 404166 0 219.235 0 0
98000 406141 402442 0 3021.16 0 0
99000 405876 403880 0 713.847 0 0
100000 407017 400992 0 -4853.21 0 0
101000 408291 401106 0 -1705.14 0 0
102000 403653 405945 0 818.787 0 0
103000 405930 405476 0 197.536 0 0
104000 402651 408320 0 908.826 0 0
105000 403941 409125 0 413.588 0 0
106000 410615 402301 0 895.608 0 0
107000 407517 401672 0 -2108.89 0 0
108000 407539 403058 0 -1355.21 0 0
109000 406946 403617 0 -3313.58 0 0
110000 405288 404837 0 -2325.49 0 0
111000 405745 403830 0 -3498.51 0 0
112000 403743 408206 0 3174.28 0 0
113000 403917 406903 0 -1278.26 0 0
114000 406746 402793 0 3050.77 0 0
115000 403727 406149 0 2496.98 0 0
116000 403056 406281 0 -640.057 0 0
117000 406148 405811 0 -287.821 0 0
118000 404498 403462 0 -1796.52 0 0
119000 404496 403500 0 1953.4 0 0
120000 407813 405306 0 3828.99 0 0
121000 401089 407204 0 2376.11 0 0
122000 407968 401669 0 4966.91 0 0
123000 405169 410264 0 2525.97 0 0
124000 406240 402078 0 -809.875 0 0
125000 404405 402424 0 -1316.05 0 0
126000 403195 406765 0 -2506.51 0 0
127000 404490 403536 0 -445.454 0 0
128000 402038 401579 0 -944.703 0 0
129000 408388 402776 0 1754.18 0 0
130000 406094 405228 0 191.716 0 0
131000 407740 407233 0 902.386 0 0
132000 411351 401985 0 -91.81 0 0
133000 405061 403361 0 -1805.63 0 0
134000 407954 399672 0 1296.77 0 0
135000 405399 402118 0 1478.64 0 0
136000 402564 409877 0 -254.925 0 0
137000 407466 404058 0 -1213.64 0 0
138000 398737 407491 0 3006.92 0 0
139000 405585 407307 0 7632.92 0 0
140000 403479 406193 0 4033.77 0 0
141000 404113 404404 0 -278.552 0 0
142000 403186 406195 0 717.763 0 0
143000 404016 403566 0 714.184 0 0
144000 401490 401293 0 4898.05 0 0
145000 402877 403621 0 847.238 0 0
146000 398268 406919 0 972.602 0 0
147000 403823 403331 0 2241.84 0 0
148000 403204 404188 0 166.963 0 0
149000 402665 406126 0 1104.98 0 0
150000 400669 401957 0 334.851 0 0
151000 405529 404000 0 1030.17 0 0
152000 407162 403532 0 -513.671 0 0
153000 406663 405186 0 2592.63 0 0
154000 406596 401448 0 1665.16 0 0
155000 405095 403258 0 -191.767 0 0
156000 404782 403690 0 3574.74 0 0
157000 405944 407265 0 5327.39 0 0
158000 404541 404586 0 5460.1 0 0
159000 404834 404797 0 418.453 0 0
160000 406795 403286 0 2542.61 0 0
161000 405329 402430 0 -848.566 0 0
162000 404719 404457 0 212.684 0 0
163000 408321 401028 0 -450.205 0 0
164000 405504 404280 0 555.097 0 0
165000 406659 400225 0 1343.91 0 0
166000 404634 405684 0 660.797 0 0
167000 405758 406281 0 1060.34 0 0
168000 402726 408097 0 458.244 0 0
169000 403861 405761 0 -2569.23 0 0
170000 404122 403326 0 974.502 0 0
171000 405739 402851 0 43.6039 0 0
172000 407962 402545 0 1114.69 0 0
173000 406467 407428 0 2162.95 0 0
174000 403027 406462 0 281.275 0 0
175000 406796 404690 0 101.206 0 0
176000 404987 401798 0 2018.09 0 0
177000 405186 404706 0 2872 0 0
178000 408458 403128 0 392.047 0 0
179000 404072 403545 0 -2124.29 0 0
180000 405207 403200 0 951.726 0 0
181000 404220 410271 0 611.615 0 0
182000 405169 405989 0 4138.36 0 0
183000 407553 400969 0 -1148.1 0 0
184000 402308 406473 0 593.558 0 0
185000 403138 407505 0 -716.094 0 0
186000 405778 406498 0 -1072.88 0 0
187000 402646 406254 0 308.612 0 0
188000 404401 408861 0 -2549.44 0 0
189000 400530 405805 0 -1005.63 0 0
190000 404036 404153 0 -2046.44 0 0
191000 402421 406763 0 -1423.36 0 0
192000 404971 405185 0 -1902.62 0 0
193000 403188 409242 0 -1787.93 0 0
194000 411172 402022 0 -2663.21 0 0
195000 404148 405836 0 -1762.27 0 0
196000 402408 409628 0 -2222.36 0 0
197000 405775 401793 0 -2179.39 0 0
198000 402116 403709 0 -243.852 0 0
199000 405181 406257 0 -3431.47 0 0
200000 404020 406657 0 -2044.84 0 0
201000 407531 405837 0 -261.046 0 0
202000 406267 402006 0 -2956.24 0 0
203000 407333 402926 0 1819.83 0 0
204000 405282 408339 0 411.399 0 0
205000 404396 407427 0 -1155.88 0 0
206000 404609 410409 0 580.955 0 0
207000 405356 402493 0 -2763.6 0 0
208000 408634 398664 0 -3498.23 0 0
209000 404529 400213 0 -827.788 0 0
210000 407736 403240 0 -1857.53 0 0
211000 406082 406199 0 1345.7 0 0
212000 405146 406297 0 -609.517 0 0
213000 404977 407202 0 -1708.42 0 0
214000 406109 400959 0 -409.025 0 0
215000 407471 403950 0 4463.37 0 0
216000 406897 405018 0 21.0484 0 0
217000 404031 404805 0 954.089 0 0
218000 407159 402951 0 -2189.15 0 0
219000 402937 409571 0 580.56 0 0
220000 402668 406870 0 3761.16 0 0
221000 402986 406247 0 -1440.28 0 0
222000 404628 404515 0 -3730.36 0 0
223000 404403 401656 0 364.635 0 0
224000 410950 402008 0 -358.365 0 0
225000 405887 405041 0 -2053.46 0 0
226000 405419 404722 0 -1069.98 0 0
227000 402804 405374 0 -3639.3 0 0
228000 407461 402094 0 534.309 0 0
229000 404789 405128 0 -1255.33 0 0
230000 408213 401060 0 -5154.86 0 0
231000 401619 406066 0 39.4452 0 0
232000 408185 404250 0 426.502 0 0
233000 403845 403775 0 -3240 0 0
234000 404289 403153 0 -3877.51 0 0
235000 402916 408498 0 -721.514 0 0
236000 402120 407975 0 -139.376 0 0
237000 404570 405502 0 1048.84 0 0
238000 399151 408654 0 880.856 0 0
239000 404542 407125 0 -558.896 0 0
240000 407791 400705 0 -1851.25 0 0
241000 402208 406515 0 -1716.77 0 0
242000 404674 401851 0 -4356.77 0 0
243000 404596 402607 0 -1960.43 0 0
244000 405378 405030 0 -360.751 0 0
245000 405216 406707 0 1054.71 0 0
246000 402534 403750 0 -44.8256 0 0
247000 406836 407032 0 -2000.71 0 0
248000 407064 402458 0 -1093.44 0 0
249000 404395 406494 0 -1759.87 0 0
250000 402801 406286 0 -508.802 0 0
251000 408547 407635 0 901.755 0 0
252000 398973 411002 0 1535.48 0 0
253000 406183 402631 0 5364.4 0 0
254000 405708 405916 0 -1959.86 0 0
255000 406260 402765 0 769.471 0 0
256000 404171 403508 0 3440.45 0 0
257000 405263 403930 0 5346.24 0 0
258000 403797 407405 0 2193.01 0 0
259000 403332 405495 0 2845.17 0 0
260000 406505 401285 0 6419.33 0 0
261000 405529 401834 0 -818.101 0 0
262000 399327 406695 0 2053.39 0 0
263000 404917 402869 0 -3257.76 0 0
264000 404302 402676 0 29.0758 0 0
265000 406809 400074 0 234.563 0 0
266000 405763 401717 0 5946.34 0 0
267000 407878 401153 0 3579.36 0 0
268000 405886 405224 0 1770.41 0 0
269000 405465 403071 0 3552.27 0 0
270000 405368 406507 0 1232.98 0 0
271000 404610 406932 0 2358.63 0 0
272000 405937 405074 0 -4308.42 0 0
273000 406208 402931 0 -474.144 0 0
274000 402744 407062 0 -785.002 0 0
275000 404058 405963 0 1082.53 0 0
276000 406088 402622 0 876.275 0 0
277000 408782 402987 0 2069.1 0 0
278000 406986 402285 0 -1531.88 0 0
279000 406155 403395 0 1186.1 0 0
280000 405200 404283 0 -1556.67 0 0
281000 403174 408417 0 -983.272 0 0
282000 403431 404502 0 -348.972 0 0
283000 401138 406854 0 -1533.92 0 0
284000 403271 408186 0 217.395 0 0
285000 400392 406137 0 2071.5 0 0
286000 400481 406679 0 511.849 0 0
287000 405079 405690 0 414.904 0 0
288000 406973 402743 0 -1658.44 0 0
289000 406243 403056 0 -1726.34 0 0
290000 400913 407204 0 -2810 0 0
291000 403560 404894 0 -3874.3 0 0
292000 401638 406903 0 -4785.03 0 0
293000 401920 406602 0 224.857 0 0
294000 406728 403447 0 -1371.48 0 0
295000 403925 405227 0 -4399.82 0 0
296000 404091 404188 0 -2020.09 0 0
297000 401838 404020 0 -3899.36 0 0
298000 404028 406685 0 -2407.73 0 0
299000 405660 405329 0 -1294.37 0 0
300000 406209 408719 0 -3433.7 0 0
301000 404226 407362 0 -1049.12 0 0
302000 404795 406409 0 -3901.64 0 0
303000 406063 407372 0 -57.7132 0 0
304000 405666 407019 0 -1351.37 0 0
305000 406110 408523 0 1038.66 0 0
306000 407769 405124 0 -3677.33 0 0
307000 405507 405240 0 -862.933 0 0
308000 402742 407443 0 -1114.04 0 0
309000 404898 402308 0 -5334.83 0 0
310000 404836 403434 0 -75.2948 0 0
311000 405542 402366 0 107.762 0 0
312000 402576 405065 0 -997.455 0 0
313000 405704 402958 0 919.11 0 0
314000 403176 408167 0 -97.2836 0 0
315000 407224 406968 0 -1660.91 0 0
316000 406790 407029 0 42.0559 0 0
317000 402520 403914 0 -891.703 0 0
318000 402220 407167 0 -1628.69 0 0
319000 404292 404753 0 -558.815 0 0
320000 402727 405621 0 -112.132 0 0
321000 402053 404861 0 -237.629 0 0
322000 403500 408758 0 1050.55 0 0
323000 405116 403503 0 1971.91 0 0
324000 406846 404009 0 433.753 0 0
325000 403126 404862 0 1445.44 0 0
326000 403253 400343 0 4548.22 0 0
327000 400751 407374 0 2846.97 0 0
328000 402662 405241 0 -589.223 0 0
329000 400815 407926 0 2480.82 0 0
330000 405792 401504 0 1668.61 0 0
331000 405441 404014 0 725.071 0 0
332000 399920 405974 0 1032.64 0 0
333000 406105 402791 0 2281.73 0 0
334000 404897 402913 0 -1711.39 0 0
335000 401782 407854 0 1048.32 0 0
336000 401887 405592 0 -630.879 0 0
337000 400434 407445 0 1895.74 0 0
338000 405501 402175 0 3177.39 0 0
339000 407869 400237 0 -1393.46 0 0
340000 403914 404138 0 -751.733 0 0
341000 404275 404466 0 2777.82 0 0
342000 406667 401915 0 -244.683 0 0
343000 401689 402303 0 -4228.84 0 0
344000 402901 408129 0 2889.72 0 0
345000 399959 406674 0 5936.06 0 0
346000 404997 402041 0 -493.506 0 0
347000 402774 403183 0 148.464 0 0
348000 403169 406609 0 2526.47 0 0
349000 403691 410126 0 -1246.73 0 0
350000 399835 403955 0 -1587.11 0 0
351000 401950 407452 0 -1472.41 0 0
352000 404446 402821 0 -203.12 0 0
353000 398640 408922 0 -551.655 0 0
354000 403144 408185 0 2335.03 0 0
355000 400575 405316 0 2556.22 0 0
356000 401226 404115 0 961.886 0 0
357000 400932 407461 0 -1026.8 0 0
358000 402789 405329 0 -523.541 0 0
359000 406344 407367 0 3359.61 0 0
360000 403872 403516 0 1382.48 0 0
361000 404659 402062 0 -2199.72 0 0
362000 405817 404503 0 -2030.9 0 0
363000 403393 405251 0 -1002.32 0 0
364000 403350 406044 0 1546.56 0 0
365000 402646 405346 0 -2581.76 0 0
366000 406179 405043 0 221.065 0 0
367000 401836 405716 0 -966.564 0 0
368000 401274 405446 0 364.526 0 0
369000 405500 405422 0 3507.43 0 0
370000 402454 403986 0 2551.48 0 0
371000 404042 406043 0 3527.79 0 0
372000 403062 402611 0 3091.8 0 0
373000 403477 404154 0 3293.02 0 0
374000 405499 402069 0 3183.51 0 0
375000 402524 405290 0 4971.96 0 0
376000 403787 405373 0 1798.69 0 0
377000 404609 403067 0 1541.49 0 0
378000 402064 402802 0 935.691 0 0
379000 406870 407267 0 -37.9715 0 0
380000 404476 408090 0 -2259.52 0 0
381000 406117 404796 0 338.664 0 0
382000 402293 404350 0 -462.535 0 0
383000 405054 402426 0 -1265.22 0 0
384000 404909 406327 0 -3548.43 0 0
385000 402422 405252 0 1605.94 0 0
386000 404182 404015 0 -1750.02 0 0
387000 403993 404798 0 -895.251 0 0
388000 405235 401463 0 -1692.46 0 0
389000 406915 403835 0 -4406.55 0 0
390000 404751 403190 0 -1325.46 0 0
391000 402309 404774 0 -4044.7 0 0
392000 403530 407273 0 -288.13 0 0
393000 404788 405627 0 -4909.12 0 0
394000 403546 407086 0 -3450.37 0 0
395000 405179 402856 0 510.317 0 0
396000 407791 405569 0 692.86 0 0
397000 402987 405731 0 -168 0 0
398000 402270 405525 0 1603.88 0 0
399000 399441 410987 0 -418.195 0 0
400000 402363 405472 0 2655.38 0 0
401000 402762 404264 0 -1474.71 0 0
402000 406275 402597 0 3992.19 0 0
403000 406059 402612 0 1183.95 0 0
404000 404949 402830 0 -137.219 0 0
405000 403591 402926 0 -2755.9 0 0
406000 404566 401231 0 -833.369 0 0
407000 406669 406162 0 -2827.64 0 0
408000 406590 405085 0 -1249.34 0 0
409000 407623 403291 0 -2342.89 0 0
410000 405431 405364 0 -579.111 0 0
411000 407246 402633 0 -1658.36 0 0
412000 405933 403866 0 791.355 0 0
413000 406803 401826 0 -2270.72 0 0
414000 404550 402389 0 -910.383 0 0
415000 403706 403439 0 257.71 0 0
416000 403873 402349 0 -2450.1 0 0
417000 403179 403810 0 -2709.47 0 0
418000 402589 409707 0 -1162.29 0 0
419000 401184 409395 0 -3824.71 0 0
420000 407513 401150 0 -333.381 0 0
421000 407633 403567 0 -936.576 0 0
422000 401700 406161 0 -180.334 0 0
423000 399664 405808 0 -3792.32 0 0
424000 399368 409973 0 747.361 0 0
425000 403866 403402 0 -2324.26 0 0
426000 403032 407603 0 1132.6 0 0
427000 408326 404355 0 532.345 0 0
428000 400643 408085 0 1469.38 0 0
429000 405264 404440 0 3772.79 0 0
430000 408338 400952 0 -2445.44 0 0
431000 402631 405982 0 769.188 0 0
432000 404838 405181 0 1075.02 0 0
433000 402113 407464 0 -610.355 0 0
434000 407278 404320 0 2302.92 0 0
435000 406684 401120 0 26.3706 0 0
436000 403425 400743 0 -511.194 0 0
437000 404895 402934 0 -388.644 0 0
438000 403563 402496 0 -1004.19 0 0
439000 407639 401542 0 -204.709 0 0
440000 406273 401105 0 -1987.39 0 0
441000 403096 405478 0 -4877.26 0 0
442000 405720 405650 0 2432.82 0 0
443000 407463 402747 0 2423.48 0 0
444000 403679 405736 0 -836.482 0 0
445000 402782 406240 0 -170.785 0 0
446000 404183 406693 0 1595.96 0 0
447000 403143 407035 0 2634.85 0 0
448000 405003 401019 0 1100.79 0 0
449000 403918 404351 0 -3122.74 0 0
450000 401827 408943 0 -1082.85 0 0
451000 406110 404656 0 1268.79 0 0
452000 405002 406052 0 -2253.51 0 0
453000 411857 402541 0 -1629.61 0 0
454000 404349 405175 0 4206.09 0 0
455000 405395 402841 0 63.8466 0 0
456000 406443 401695 0 2377.69 0 0
457000 406262 406978 0 1269.43 0 0
458000 402039 404596 0 1886.57 0 0
459000 410614 398970 0 307.907 0 0
460000 406466 402668 0 -432.631 0 0
461000 402945 402984 0 484.496 0 0
462000 405484 406612 0 305.996 0 0
463000 407476 403416 0 3416.7 0 0
464000 404660 404667 0 242.84 0 0
465000 404958 403649 0 -1608.54 0 0
466000 406435 404523 0 -465.145 0 0
467000 404795 405841 0 2983.21 0 0
468000 409318 404515 0 355.495 0 0
469000 403489 405428 0 -866.438 0 0
470000 404191 403532 0 -1.69571 0 0
471000 403146 404903 0 -1930.16 0 0
472000 401172 407878 0 -1520.51 0 0
473000 404579 406219 0 -2446.77 0 0
474000 404587 403036 0 68.697 0 0
475000 407501 404184 0 1893.89 0 0
476000 408071 399483 0 1668.75 0 0
477000 405768 405447 0 -1218.7 0 0
478000 405826 402022 0 3140.07 0 0
479000 404048 403479 0 -2086.76 0 0
480000 406877 403460 0 -1095.36 0 0
481000 401968 404999 0 801.947 0 0
482000 407276 404847 0 -114.229 0 0
483000 400718 404338 0 -850.373 0 0
484000 404556 404443 0 102.39 0 0
485000 401272 407825 0 -1192.98 0 0
486000 404165 404223 0 -4177.54 0 0
487000 405021 403465 0 -3133.11 0 0
488000 409026 402280 0 -3112.27 0 0
489000 402249 408450 0 -1533.25 0 0
490000 403552 402752 0 -987.346 0 0
491000 403862 403692 0 -236.146 0 0
492000 402294 407900 0 -1798.13 0 0
493000 406531 407177 0 1669.46 0 0
494000 404759 405787 0 -421.442 0 0
495000 401826 404828 0 -2940.24 0 0
496000 403605 402212 0 2506.94 0 0
497000 403606 405374 0 632.599 0 0
498000 400672 408696 0 1892.99 0 0
499000 402196 406086 0 1632.26 0 0
500000 402790 404794 0 -1355.94 0 0
