# Time-averaged data for fix ps1
# TimeStep c_thermo_press[1] c_thermo_press[2] c_thermo_press[3] c_thermo_press[4] c_thermo_press[5] c_thermo_press[6]
1000 351928 351749 0 -1532.57 0 0
2000 350471 350757 0 -2312.14 0 0
3000 351038 350102 0 -3034.23 0 0
4000 353054 349795 0 -2592.09 0 0
5000 352946 349623 0 -3707.42 0 0
6000 351217 350192 0 -3192.97 0 0
7000 353241 348632 0 -2904.35 0 0
8000 353038 348796 0 -4680.31 0 0
9000 352817 350368 0 -6389.87 0 0
10000 352229 349980 0 -7682.45 0 0
11000 353428 349747 0 -5476.54 0 0
12000 351076 350341 0 -6687.45 0 0
13000 354930 348149 0 -8086.7 0 0
14000 354008 349517 0 -6120.59 0 0
15000 351754 350718 0 -7580.23 0 0
16000 351457 350282 0 -7836.95 0 0
17000 353790 350251 0 -8388.44 0 0
18000 353142 350726 0 -8854.32 0 0
19000 351335 350255 0 -8908.13 0 0
20000 352378 350507 0 -9662.06 0 0
21000 352124 350956 0 -8627.02 0 0
22000 352956 349437 0 -10213.4 0 0
23000 353220 349790 0 -10233.7 0 0
24000 350143 352234 0 -9864.54 0 0
25000 354585 348016 0 -11301.7 0 0
26000 352860 349621 0 -8795.28 0 0
27000 353116 350161 0 -9257.22 0 0
28000 353292 350075 0 -9848.65 0 0
29000 352215 352575 0 -8491.77 0 0
30000 352157 351081 0 -7409.85 0 0
31000 353604 350814 0 -8457.72 0 0
32000 349757 350496 0 -9028.02 0 0
33000 352682 350114 0 -9077.71 0 0
34000 354086 348882 0 -7623.36 0 0
35000 353748 349270 0 -8186.05 0 0
36000 352399 349911 0 -9386.37 0 0
37000 352039 349877 0 -8642.66 0 0
38000 353564 350114 0 -5873.49 0 0
39000 352064 351497 0 -6535.74 0 0
40000 353951 348715 0 -6013.28 0 0
41000 351462 350566 0 -5215.96 0 0
42000 352282 350456 0 -4700.17 0 0
43000 353174 350747 0 -4767.4 0 0
44000 352359 349512 0 -3925.6 0 0
45000 353739 349996 0 -3894.08 0 0
46000 352987 351496 0 -3482.11 0 0
47000 354243 348556 0 -3375.77 0 0
48000 350569 348509 0 -745.614 0 0
49000 351854 350574 0 187.828 0 0
50000 351499 350027 0 -606.038 0 0
51000 351686 349552 0 -544.138 0 0
52000 353019 350472 0 2116.46 0 0
53000 355052 347596 0 842.169 0 0
54000 349448 351258 0 2815.95 0 0
55000 350785 349315 0 1023.64 0 0
56000 353742 349242 0 2696.71 0 0
57000 352544 348899 0 2434.8 0 0
58000 351961 349942 0 3253.69 0 0
59000 351960 350990 0 3261.73 0 0
60000 351551 350505 0 4289.86 0 0
61000 354204 350404 0 1466.65 0 0
62000 354200 348583 0 4302.98 0 0
63000 353616 350995 0 5400.16 0 0
64000 350467 351257 0 3023.58 0 0
65000 353670 349610 0 4032.4 0 0
66000 352338 350366 0 6764.07 0 0
67000 351673 349114 0 6159.07 0 0
68000 351373 349660 0 5955.71 0 0
69000 352048 348053 0 7015.56 0 0
70000 352445 351166 0 7421.8 0 0
71000 355577 348617 0 8309.97 0 0
72000 351996 350778 0 6701.32 0 0
73000 354616 349107 0 8004.83 0 0
74000 350599 349276 0 7079.64 0 0
75000 351487 348140 0 7233 0 0
76000 353846 349692 0 6007.27 0 0
77000 352302 348330 0 7092.67 0 0
78000 352087 351011 0 7452.53 0 0
79000 351755 349075 0 8139.22 0 0
80000 351039 351021 0 7622.28 0 0
81000 351626 349235 0 4849.16 0 0
82000 353642 350889 0 7506.19 0 0
83000 353393 349321 0 5521.07 0 0
84000 352368 349519 0 4787.14 0 0
85000 352194 350510 0 4656.15 0 0
86000 352286 349320 0 3432.41 0 0
87000 351287 349819 0 4492.72 0 0
88000 352665 347914 0 5124.33 0 0
89000 352377 350068 0 3875.39 0 0
90000 351728 349094 0 2547.99 0 0
91000 351577 349725 0 3130.49 0 0
92000 351126 349416 0 2437.24 0 0
93000 351880 352038 0 1457.38 0 0
94000 354008 349792 0 1219.77 0 0
95000 353057 350678 0 352.959 0 0
96000 352257 348766 0 1058.51 0 0
97000 354789 347569 0 192.174 0 0
98000 351323 350051 0 -1170.72 0 0
99000 353360 347943 0 -606.276 0 0
100000 352613 349478 0 -259.939 0 0
101000 351773 350028 0 -2092.18 0 0
102000 353756 349433 0 -2563.79 0 0
103000 353158 350236 0 -1587.44 0 0
104000 352529 349363 0 -3631.18 0 0
105000 354362 348950 0 -1794.17 0 0
106000 351320 349234 0 -3596.82 0 0
107000 351880 351842 0 -3416 0 0
108000 352294 351441 0 -4894.27 0 0
109000 351800 349686 0 -4605.88 0 0
110000 352732 350192 0 -7061.56 0 0
111000 352158 351669 0 -7314.77 0 0
112000 353106 351339 0 -6933.03 0 0
113000 352274 350104 0 -5802.66 0 0
114000 351619 352287 0 -8668.07 0 0
115000 353132 352786 0 -7308.27 0 0
116000 351844 352049 0 -9068.3 0 0
117000 353068 348495 0 -7936.86 0 0
118000 352353 350669 0 -9191.35 0 0
119000 352885 350408 0 -9316.05 0 0
120000 351914 351042 0 -7386.49 0 0
121000 351469 350994 0 -8667.86 0 0
122000 351546 349934 0 -7605.93 0 0
123000 353071 350792 0 -9503.59 0 0
124000 351814 351631 0 -9347.69 0 0
125000 353001 350649 0 -9964.47 0 0
126000 352601 350706 0 -10925.7 0 0
127000 351811 351823 0 -9200.32 0 0
128000 352546 350751 0 -7534.43 0 0
129000 353385 349450 0 -8924.02 0 0
130000 353564 349360 0 -9349.48 0 0
131000 353955 351170 0 -7767.91 0 0
132000 351936 351906 0 -8964.09 0 0
133000 353407 349016 0 -8211.61 0 0
134000 351626 350822 0 -7686.81 0 0
135000 353064 351820 0 -8127.17 0 0
136000 354306 348910 0 -7471.14 0 0
137000 352083 351336 0 -8157.9 0 0
138000 352789 350957 0 -6573.02 0 0
139000 350583 352434 0 -6600.08 0 0
140000 350666 350947 0 -5825.4 0 0
141000 351293 352998 0 -4744.53 0 0
142000 350447 351516 0 -4944.83 0 0
143000 352711 349894 0 -4215.26 0 0
144000 352431 349444 0 -3929.84 0 0
145000 353899 349975 0 -3775.2 0 0
146000 352281 350336 0 -3284.77 0 0
147000 350819 350139 0 -1992.8 0 0
148000 350873 351337 0 -2642.29 0 0
149000 353401 351048 0 -277.801 0 0
150000 352070 349445 0 -1709.05 0 0
151000 354560 346623 0 1123.76 0 0
152000 350424 349681 0 -1028.91 0 0
153000 352540 350018 0 531.161 0 0
154000 353909 349863 0 -144.656 0 0
155000 352609 349419 0 1511.4 0 0
156000 352191 351135 0 4272.31 0 0
157000 350339 350680 0 2938.21 0 0
158000 349098 353019 0 3019.48 0 0
159000 350806 352679 0 3440.47 0 0
160000 354349 347303 0 4352.94 0 0
161000 349918 350999 0 4199.53 0 0
162000 351423 349984 0 7111.68 0 0
163000 350747 350739 0 5686.89 0 0
164000 353675 349132 0 6493.42 0 0
165000 354627 348778 0 6201.62 0 0
166000 351416 350320 0 6730.78 0 0
167000 350111 352257 0 6758.95 0 0
168000 351531 349159 0 7191.94 0 0
169000 353549 349610 0 6362 0 0
170000 352554 348472 0 9245.11 0 0
171000 352100 352391 0 7549.07 0 0
172000 352483 350771 0 8359.17 0 0
173000 351356 349423 0 7169.82 0 0
174000 354700 348047 0 8037.18 0 0
175000 353074 348716 0 8432.86 0 0
176000 351415 351746 0 7569.46 0 0
177000 353039 350522 0 7165.22 0 0
178000 353870 348756 0 6304.36 0 0
179000 354738 347904 0 8292.99 0 0
180000 349667 351425 0 7210.4 0 0
181000 354237 349136 0 6359.8 0 0
182000 352270 348694 0 6117.23 0 0
183000 352695 348560 0 6199.6 0 0
184000 351537 350506 0 4968.05 0 0
185000 352962 350128 0 4893.83 0 0
186000 353566 348599 0 4739.66 0 0
187000 353373 348257 0 5465.12 0 0
188000 351577 349938 0 4753.51 0 0
189000 352903 348787 0 3917.12 0 0
190000 352577 349086 0 3296.43 0 0
191000 352059 348867 0 3706.39 0 0
192000 353654 349319 0 2502.47 0 0
193000 351899 348989 0 1186.6 0 0
194000 352417 347729 0 1062.08 0 0
195000 353378 350383 0 1397.49 0 0
196000 350195 348842 0 2038.19 0 0
197000 350388 351888 0 286.765 0 0
198000 349380 352201 0 376.323 0 0
199000 353168 348328 0 -1662.27 0 0
200000 351226 350758 0 -1222.22 0 0
201000 350898 352515 0 -1846.61 0 0
202000 350969 349068 0 -2126.3 0 0
203000 352746 350318 0 -3040.89 0 0
204000 350237 352295 0 -3562.42 0 0
205000 353210 348959 0 -4127.49 0 0
206000 351245 350227 0 -3018.78 0 0
207000 350249 351046 0 -4847.88 0 0
208000 353330 350147 0 -5103.2 0 0
209000 352058 351623 0 -5819.15 0 0
210000 353610 350477 0 -6682.78 0 0
211000 352076 350074 0 -5025.59 0 0
212000 350806 351153 0 -5541.88 0 0
213000 349604 350717 0 -7647.92 0 0
214000 351694 349500 0 -7009.09 0 0
215000 352699 349821 0 -7035.62 0 0
216000 352044 352238 0 -8624.11 0 0
217000 352919 348860 0 -7724.54 0 0
218000 351499 351804 0 -7750.1 0 0
219000 352592 350663 0 -9642 0 0
220000 353811 349707 0 -9314.69 0 0
221000 353575 350662 0 -9948.94 0 0
222000 351019 351951 0 -8813.01 0 0
223000 351541 353175 0 -8104.03 0 0
224000 352175 351283 0 -10165.6 0 0
225000 352153 349526 0 -9529.74 0 0
226000 351644 350315 0 -9379.4 0 0
227000 354129 348608 0 -10651.6 0 0
228000 351700 350873 0 -6994.69 0 0
229000 352401 350297 0 -7618.21 0 0
230000 353597 350759 0 -7439.73 0 0
231000 353303 349612 0 -8622.92 0 0
232000 351913 351162 0 -8639.73 0 0
233000 352292 349409 0 -8553.86 0 0
234000 352218 351163 0 -7494.71 0 0
235000 351832 350048 0 -8737.86 0 0
236000 351835 349607 0 -7913.97 0 0
237000 354047 349012 0 -5438.33 0 0
238000 353289 350060 0 -7021.93 0 0
239000 352530 350382 0 -5254.51 0 0
240000 351739 350590 0 -5151.92 0 0
241000 351435 349979 0 -4656.88 0 0
242000 353760 349792 0 -3537.93 0 0
243000 352965 352064 0 -2838.58 0 0
244000 351455 350228 0 -2944.53 0 0
245000 353479 350590 0 -3863.03 0 0
246000 352360 349749 0 -1766.46 0 0
247000 351688 350672 0 -404.641 0 0
248000 352504 348028 0 -2795.21 0 0
249000 354049 348748 0 -1812.89 0 0
250000 352900 351668 0 -1662.15 0 0
251000 350883 350108 0 -829.855 0 0
252000 351967 350574 0 299.646 0 0
253000 352918 348592 0 -457.384 0 0
254000 352155 351432 0 150.956 0 0
255000 351423 350534 0 3175.44 0 0
256000 352340 349572 0 2857.47 0 0
257000 350431 350486 0 3322.04 0 0
258000 350381 352833 0 2130.96 0 0
259000 353133 350893 0 3105.92 0 0
260000 352368 347936 0 3817.74 0 0
261000 354065 347380 0 3968.24 0 0
262000 354017 350276 0 4202.22 0 0
263000 351917 351488 0 5388.12 0 0
264000 351142 349213 0 4918.82 0 0
265000 350019 349758 0 7166.92 0 0
266000 352137 350155 0 4474.74 0 0
267000 353789 349054 0 7130.86 0 0
268000 354112 349983 0 4520.34 0 0
269000 351210 350711 0 6815.86 0 0
270000 354006 348426 0 8492.83 0 0
271000 351350 351710 0 8149.55 0 0
272000 351439 350335 0 8145.9 0 0
273000 351295 349529 0 7463.93 0 0
274000 351777 349952 0 6619.33 0 0
275000 352810 349153 0 9122.85 0 0
276000 352330 351855 0 9120.64 0 0
277000 352336 350486 0 7841.85 0 0
278000 352398 349367 0 6526.93 0 0
279000 352108 350755 0 7999.5 0 0
280000 350934 351243 0 7732.51 0 0
281000 351625 351073 0 7711.61 0 0
282000 352226 350515 0 5243.14 0 0
283000 351013 351015 0 3623.8 0 0
284000 353570 349765 0 5391.88 0 0
285000 350522 351708 0 6693.17 0 0
286000 353898 347069 0 5029.82 0 0
287000 351251 352005 0 3683.46 0 0
288000 354029 348977 0 5302.36 0 0
289000 353954 349978 0 5487.89 0 0
290000 353212 349903 0 3540.42 0 0
291000 352750 346779 0 3775.78 0 0
292000 353875 349183 0 3783.63 0 0
293000 352539 348671 0 2900.88 0 0
294000 349839 353138 0 2210.87 0 0
295000 352237 349742 0 1724.1 0 0
296000 349206 350410 0 1363.66 0 0
297000 351653 349560 0 1453.55 0 0
298000 351267 350402 0 593.928 0 0
299000 351950 350738 0 -1385.66 0 0
300000 352513 350898 0 -843.725 0 0
301000 351696 350711 0 -1477.64 0 0
302000 350904 349813 0 -2556.24 0 0
303000 350551 349749 0 -3122.51 0 0
304000 351843 350818 0 -2933.03 0 0
305000 351943 349445 0 -3663.37 0 0
306000 352689 351117 0 -3085.21 0 0
307000 352542 348973 0 -5177.33 0 0
308000 352707 350264 0 -4618.51 0 0
309000 350910 352194 0 -5176.26 0 0
310000 350313 350276 0 -5426.17 0 0
311000 354066 348067 0 -6529.19 0 0
312000 352040 350454 0 -7213.66 0 0
313000 351857 349632 0 -6628.14 0 0
314000 352221 348147 0 -9131.86 0 0
315000 350487 350192 0 -8702.32 0 0
316000 353364 350657 0 -7156.64 0 0
317000 353390 350457 0 -7585.85 0 0
318000 351115 349330 0 -9499.72 0 0
319000 351426 351854 0 -10494.9 0 0
320000 351222 350569 0 -7637.59 0 0
321000 353071 351356 0 -8165.32 0 0
322000 351824 351234 0 -7826.83 0 0
323000 350072 350982 0 -9676.44 0 0
324000 351634 352317 0 -9314.01 0 0
325000 351500 350546 0 -8962.39 0 0
326000 353479 348619 0 -9086.56 0 0
327000 353452 350974 0 -9769.82 0 0
328000 352415 349507 0 -10353.2 0 0
329000 352896 350728 0 -9422.72 0 0
330000 352103 351493 0 -7700.5 0 0
331000 352977 348687 0 -9389.66 0 0
332000 353368 350269 0 -10083.5 0 0
333000 352050 349795 0 -8716.68 0 0
334000 352695 348044 0 -6882.24 0 0
335000 350984 351532 0 -6279.44 0 0
336000 351995 351066 0 -8456.69 0 0
337000 351916 351706 0 -5363.88 0 0
338000 352248 349938 0 -6525.07 0 0
339000 353363 351094 0 -6827.91 0 0
340000 352941 349318 0 -5325.06 0 0
341000 350862 351843 0 -6987.38 0 0
342000 351193 348797 0 -4514.56 0 0
343000 351838 349982 0 -3088.94 0 0
344000 352210 348822 0 -3966.15 0 0
345000 353505 349643 0 -5325.44 0 0
346000 352428 348313 0 -3499.26 0 0
347000 351174 351153 0 388.714 0 0
348000 352111 350301 0 -2052.82 0 0
349000 353769 349457 0 -1185.57 0 0
350000 350806 349794 0 -2254.92 0 0
351000 350388 350708 0 -385.028 0 0
352000 354377 349996 0 536.986 0 0
353000 352556 351769 0 -540.41 0 0
354000 352867 349806 0 2172.16 0 0
355000 350890 349484 0 1845.79 0 0
356000 353764 349174 0 1714.22 0 0
357000 352996 351180 0 1691.6 0 0
358000 351784 349740 0 3902.91 0 0
359000 352555 349799 0 3150.11 0 0
360000 351975 350721 0 3521.84 0 0
361000 351238 351070 0 5243.82 0 0
362000 352878 349322 0 5442.83 0 0
363000 353595 350092 0 4855.59 0 0
364000 350376 352047 0 6682.06 0 0
365000 351171 349489 0 4736.29 0 0
366000 352914 350430 0 7189.73 0 0
367000 351808 349912 0 5407.52 0 0
368000 351555 348647 0 5800.69 0 0
369000 351969 349988 0 5922.29 0 0
370000 352582 349615 0 7763.08 0 0
371000 352851 350654 0 7332.87 0 0
372000 349442 350614 0 8219.11 0 0
373000 351554 348293 0 7252.02 0 0
374000 350305 351044 0 7781.65 0 0
375000 351629 350330 0 7080.36 0 0
376000 354747 350045 0 6542.3 0 0
377000 351112 349300 0 8869.74 0 0
378000 351833 349526 0 7632.82 0 0
379000 352272 350726 0 6885.53 0 0
380000 350911 349294 0 6957.61 0 0
381000 351871 351109 0 6057.63 0 0
382000 350907 349383 0 7487.14 0 0
383000 351777 348125 0 9867.7 0 0
384000 352803 348484 0 7067.26 0 0
385000 352010 350388 0 4744.97 0 0
386000 350477 350392 0 5227.38 0 0
387000 351398 350763 0 5302.65 0 0
388000 351259 352206 0 5298.87 0 0
389000 350345 351587 0 4544.88 0 0
390000 352846 347989 0 4563.32 0 0
391000 353795 350630 0 4988.79 0 0
392000 353353 351042 0 3114.21 0 0
393000 353174 349228 0 3060.49 0 0
394000 355192 349575 0 2786.36 0 0
395000 354181 349280 0 1862.08 0 0
396000 351413 348854 0 1067.88 0 0
397000 352870 347516 0 2400.35 0 0
398000 352638 349644 0 1302.69 0 0
399000 352879 350204 0 555.818 0 0
400000 351454 349858 0 -114.33 0 0
401000 354056 350740 0 -2877.88 0 0
402000 354167 350257 0 -399.507 0 0
403000 352844 350397 0 -1367.68 0 0
404000 351788 350863 0 -2551.3 0 0
405000 352092 350379 0 -3945.41 0 0
406000 351889 350160 0 -4355.21 0 0
407000 351159 350276 0 -2974.45 0 0
408000 353090 350400 0 -4658.08 0 0
409000 350712 351271 0 -5643.55 0 0
410000 350492 350672 0 -6356.71 0 0
411000 353922 348233 0 -5730.51 0 0
412000 352810 349737 0 -6884.56 0 0
413000 351631 351360 0 -7546.23 0 0
414000 353359 349269 0 -7397.11 0 0
415000 350615 352263 0 -8211.03 0 0
416000 352055 350308 0 -8692.46 0 0
417000 351592 348563 0 -6580.33 0 0
418000 353928 350633 0 -9107.4 0 0
419000 351064 350927 0 -9851.86 0 0
420000 351404 352038 0 -9072.55 0 0
421000 352845 350196 0 -8523.84 0 0
422000 353637 352682 0 -9950.29 0 0
423000 350428 349875 0 -9250.11 0 0
424000 351159 350523 0 -9932.58 0 0
425000 350042 352053 0 -6904.43 0 0
426000 353694 349466 0 -9365.53 0 0
427000 351482 350731 0 -9647.44 0 0
428000 352136 352568 0 -9933.79 0 0
429000 352544 349983 0 -8312.5 0 0
430000 349846 350285 0 -10469.7 0 0
431000 352351 351954 0 -9261.96 0 0
432000 352022 352301 0 -8964.84 0 0
433000 352221 351253 0 -8622.42 0 0
434000 351079 350838 0 -6975.17 0 0
435000 352889 352055 0 -8157.63 0 0
436000 353687 350927 0 -6986.55 0 0
437000 354315 347630 0 -7255.19 0 0
438000 352023 350620 0 -6739 0 0
439000 352461 351309 0 -7915.16 0 0
440000 349909 349700 0 -4833.23 0 0
441000 351708 349849 0 -6442.54 0 0
442000 353721 348414 0 -4424.37 0 0
443000 351430 349559 0 -5333.7 0 0
444000 350374 350534 0 -3244.01 0 0
445000 354986 348662 0 -2276.31 0 0
446000 349339 350544 0 -3513.67 0 0
447000 352808 351423 0 -2365.73 0 0
448000 351126 352305 0 -1153.46 0 0
449000 350796 350134 0 -2043.82 0 0
450000 349033 351302 0 -745.872 0 0
451000 351347 350161 0 -473.608 0 0
452000 350797 349906 0 -442.194 0 0
453000 352865 349680 0 2019.04 0 0
454000 353658 350704 0 1529.5 0 0
455000 352719 348716 0 2648.97 0 0
456000 351946 352496 0 3683.95 0 0
457000 354263 349590 0 3224.87 0 0
458000 354031 351148 0 2158.85 0 0
459000 351683 350427 0 3303.97 0 0
460000 353013 348963 0 1736.76 0 0
461000 353267 349233 0 4504.16 0 0
462000 353110 348418 0 4159.23 0 0
463000 354135 351386 0 3851.5 0 0
464000 349388 350142 0 4621.6 0 0
465000 350230 351990 0 5151 0 0
466000 352515 351060 0 5564.66 0 0
467000 353544 350945 0 7275.67 0 0
468000 351370 351132 0 6533.15 0 0
469000 350818 351291 0 7542.27 0 0
470000 350548 349731 0 5902.52 0 0
471000 352311 348392 0 6945.19 0 0
472000 353316 349704 0 7005.66 0 0
473000 352333 350638 0 7248.86 0 0
474000 353326 349731 0 7265.11 0 0
475000 353825 348066 0 5922.88 0 0
476000 353561 348935 0 6894.23 0 0
477000 352054 348296 0 6567.45 0 0
478000 352463 347715 0 5701.63 0 0
479000 352613 350529 0 5517.03 0 0
480000 353659 348687 0 5796.05 0 0
481000 353603 350770 0 6502.61 0 0
482000 352050 349577 0 6711.22 0 0
483000 351831 350480 0 6427.01 0 0
484000 351876 348854 0 4899.2 0 0
485000 353196 348881 0 5761.29 0 0
486000 352513 348908 0 5522.81 0 0
487000 352605 349906 0 3746.06 0 0
488000 351826 350645 0 4467.38 0 0
489000 351157 349458 0 4241.49 0 0
490000 352224 350949 0 3231.18 0 0
491000 353510 349914 0 1800.91 0 0
492000 352494 350456 0 4437.02 0 0
493000 352188 350850 0 2079.59 0 0
494000 352301 349213 0 1144.38 0 0
495000 353040 348920 0 831.203 0 0
496000 352837 349460 0 1751.03 0 0
497000 351003 350558 0 -1128.9 0 0
498000 352491 350133 0 -491.751 0 0
499000 353144 349530 0 -855.601 0 0
500000 352747 350730 0 -1478.38 0 0
