# Time-averaged data for fix ps1
# TimeStep c_thermo_press[1] c_thermo_press[2] c_thermo_press[3] c_thermo_press[4] c_thermo_press[5] c_thermo_press[6]
0 -3932.46 -4061.55 -3674.45 80.6584 274.842 34.4155
300 272.746 73.2918 362.435 299.467 537.108 -53.5345
600 -36.7467 -76.461 283.843 -83.6229 282.63 -153.833
900 -498.21 129.532 349.917 67.8026 495.969 -13.7
1200 209.988 246.238 586.423 62.4766 256.264 -130.104
1500 -67.2905 164.907 609.317 216.345 399.151 -239.375
1800 -731.367 222.992 914.276 -114.085 157.649 -128.238
2100 -384.03 293.433 936.291 -159.649 405.97 -205.271
2400 -610.267 636.051 718.967 5.94873 136.295 257.74
2700 -992.271 805.546 906.68 -30.2495 150.659 -48.5925
3000 -875.677 517.84 1130.01 146.092 261.271 13.9859
3300 -1082.61 626.001 967.703 -14.6197 268.861 -461.443
3600 -1015.36 426.568 1002.37 249.588 384.183 -167.641
3900 -819.764 538.204 831.732 136.488 414.685 -185.254
4200 -931.849 780.089 1220.25 166.588 359.935 -135.787
4500 -1317.5 716.101 1178.16 -184.522 101.029 -30.1851
4800 -1358.19 497.456 920.448 97.6869 287.812 -179.222
5100 -1095.47 668.529 1387.68 303.058 521.538 -85.8629
5400 -1274.31 540.576 1155.64 147.902 802.685 -97.1809
5700 -1734.16 691.283 1242.23 33.4623 230.989 -357.161
6000 -1344.34 616.304 845.613 167.941 464.573 -253.671
6300 -1814.61 579.088 1304.67 -2.60277 255.922 -106.43
6600 -1615.01 794.163 1578.33 199.34 144.934 -161.938
6900 -1285.65 505.36 1413.62 84.2075 551.602 46.2941
7200 -1227.7 555.116 1450.93 52.7008 393.15 113.612
7500 -1300.45 867.961 1295.22 231.968 163.511 -334.826
7800 -1274.55 730.25 1125.24 -10.7634 272.043 57.4558
8100 -1474.7 566.336 1118.63 -18.0572 282.229 -176.032
8400 -1346.71 425.409 957.449 -92.5244 432.888 -428.594
8700 -1600.19 684.762 1287.3 167.195 357.7 -246.778
9000 -1463.89 865.383 1353.93 290.231 524.435 -175.473
9300 -1535.1 565.089 1421.79 272.97 417.948 -142.465
9600 -1098.16 833.455 1239.9 301.109 374.972 -113.72
9900 -1208.03 734.908 1394.18 112.249 330.38 -53.2778
10200 -814.148 624.261 913.842 120.872 176.689 -82.3893
10500 -1038.92 347.012 1387.01 188.014 103.985 -113.641
10800 -1113.77 615.752 1198.68 322.705 321.996 -3.07656
11100 -699.154 130.909 1019.97 223.515 431.311 24.1704
11400 -480.528 464.105 977.313 115.943 344.971 99.9237
11700 -681.181 150.686 692.574 104.136 316.195 -24.4372
12000 -752.841 127.71 909.517 64.2673 254.99 -108.395
12300 -198.776 355.187 425.372 72.2846 228.565 -136.672
12600 -618.062 350.22 879.639 -1.41479 157.57 -168.785
12900 -221.026 -42.4685 933.976 -70.1587 434.067 -188.211
13200 -497.627 52.9862 542.311 149.199 534.81 -339.153
13500 -436.528 -525.129 546.785 297.543 454.719 -198.3
13800 -3.50413 296.717 492.605 282.724 300.778 -85.2812
14100 176.935 -91.4117 805.255 418.716 425.326 -242.24
14400 548.937 11.19 412.607 174.4 668.514 -83.6246
14700 374.051 40.0663 178.106 176.59 184.186 147.332
15000 647.032 -28.1757 365.494 -39.6327 304.775 -248.768
15300 469.124 -232.983 165.949 -96.6418 263.49 28.8302
15600 763.536 -251.239 513.183 194.303 213.099 -214.504
15900 628.578 -530.734 122.991 -13.0548 106.505 -66.2416
16200 871.362 -611.605 10.9693 -55.9616 517.567 -130.971
16500 846.417 -525.238 477.949 -57.9777 414.681 -92.68
16800 970.237 -519.33 34.8969 -48.719 421.467 -50.8058
17100 1119.38 -910.945 27.6321 -187.744 512.837 -234.332
17400 1281.16 -834.711 -110.609 239.631 264.757 -128.769
17700 1148.81 -711.824 -277.03 271.257 425.855 37.6896
18000 1627.97 -751.842 -167.922 136.804 457.343 -49.2226
18300 1776.29 -589.934 -304.55 275.957 549.385 -199.592
18600 1774.2 -971.326 -160.255 64.9271 360.844 -248.783
18900 1947.18 -728.407 -104.671 153.024 518.917 81.1474
19200 1780.39 -834.979 -337.359 317.445 226.322 -245.221
19500 1919.99 -995.317 -397.334 232.452 519.215 -103.858
19800 2077.23 -1131.6 -235.519 -42.5436 339.734 -318.645
20100 2104.13 -982.691 -478.821 279.438 481.56 -142.943
20400 2048.25 -1450.26 -507.062 156.942 330.766 -246.459
20700 2336.99 -1172.45 -397.572 53.0479 323.921 -172.837
21000 2360.17 -1336.49 -347.234 98.2393 406.814 -94.8328
21300 2150.32 -1061.23 -753.252 127.944 443.848 -73.6902
21600 2400.95 -989.099 -762.043 130.786 497.447 -143.152
21900 2343.17 -1107.53 -658.054 128.187 198.221 -143.241
22200 2305.2 -1348.3 -806.505 231.495 540.486 -228.202
22500 2599.43 -1126.8 -488.738 103.295 293.134 -140.819
22800 2255.56 -1209.75 -437.576 114.331 404.802 -122.231
23100 2454.38 -1096.45 -1002.62 257.91 293.625 96.0112
23400 2397.34 -1268.6 -667.605 -85.1546 478.498 -12.1117
23700 2220.97 -1372.35 -505.378 27.0156 448.018 21.2354
24000 2284.46 -1227.82 -312.675 -8.35515 687.18 -133.521
24300 2102.33 -903.166 -525.137 -16.6409 273.392 12.1391
24600 2196.69 -899.831 -410.167 -92.4135 410.951 -130.483
24900 2107.68 -1125.64 -431.596 -31.869 21.1516 -115.708
25200 2025.55 -801.513 -557.042 155.289 353.715 -103.352
25500 1745.99 -923.028 -687.344 477.334 388.309 35.1859
25800 1815.09 -1258.56 -444.363 100.074 257.021 7.89262
26100 1543.68 -1130.01 -374.97 241.877 334.246 -11.9553
26400 1711.03 -746.068 -154.73 -1.23441 425.965 271.152
26700 1405.95 -882.354 -246.227 212.619 175.429 -218.481
27000 1515.82 -884.197 -4.03453 73.7886 154.715 89.3278
27300 1451.47 -747.886 496.095 83.9948 400.282 -108.192
27600 1218.52 -603.672 -372.79 29.8719 337.928 14.4409
27900 1421.54 -359.028 -238.71 174.993 233.08 -37.8187
28200 835.199 -630.693 157.714 218.422 345.939 -81.7065
28500 1038.51 -990.373 -26.054 142.458 585.563 -336.188
28800 578.846 -632.969 190.793 73.8292 258.475 -29.2586
29100 669.188 -398.658 167.66 201.98 507.732 14.3649
29400 496.189 -46.5459 -107.658 109.084 331.571 -83.38
29700 411.702 -453.293 430.817 350.056 189.788 89.8363
30000 23.7185 11.1565 121.048 63.8328 315.956 65.0333
30300 276.192 -49.5481 503.932 5.70042 181.983 167.317
30600 284.46 -194.834 462.822 144.57 367.412 -149.514
30900 -249.131 -11.0832 355.323 161.842 191.087 141.143
31200 -314.138 245.264 705.967 -124.673 554.933 17.5437
31500 -242.139 372.608 806.414 29.7097 295.814 -351.894
31800 -245.343 -81.9561 612.368 171.017 267.215 -252.575
32100 -279.111 350.591 621.819 185.578 181.528 -25.2987
32400 -378.878 329.288 632.152 -55.5296 236.215 4.27986
32700 -814.834 523.365 1326.52 -99.3202 131.595 -220.022
33000 -596.124 225.699 879.131 301.973 403.174 -58.738
33300 -922.248 516.961 1426.47 519.235 454.603 61.0025
33600 -1198.82 378.539 1129.63 93.9785 314.281 -170.437
33900 -901.047 518.607 1220.01 148.476 425.147 138.324
34200 -1229.21 421.641 914.796 72.8455 180.418 -77.8109
34500 -823.301 845.075 1265.91 16.9216 331.476 147.347
34800 -1154.44 700.983 983.489 54.6096 317.888 48.2856
35100 -1388.31 521.518 1667.15 366.869 221.185 -0.691832
35400 -1566.31 846.779 1334.05 394.897 430.301 -302.83
35700 -1789.33 966.842 1330.46 229.884 340.255 95.707
36000 -1587.31 762.023 1335.09 28.6448 466.079 -129.526
36300 -1756.69 892.621 1453.24 275.532 49.3014 -32.1202
36600 -1473.81 727.267 1216.88 85.6048 140.383 -60.417
36900 -1178.77 965.422 1166.29 -21.2015 141.354 -58.8656
37200 -1556.63 609.8 1422.8 -11.4489 242.131 -226.031
37500 -1360.39 1144.33 1470.23 -125.016 252.859 -203.093
37800 -1727.69 608.659 1314.8 74.0832 326.813 0.973364
38100 -1514.93 748.907 1414.71 -166.711 308.146 50.6953
38400 -1617.51 936.184 1438.67 -8.32857 511.517 -171.008
38700 -1535.44 972.529 1187.76 156.511 83.1139 -130.341
39000 -1214.26 906.262 1068.51 206.423 351.743 -302.962
39300 -1052.45 890.728 1039.33 -44.3589 527.902 -383.628
39600 -1164.99 820.285 1419.17 84.1338 478.901 -190.584
39900 -1448.91 786.548 811.481 150.682 361.163 -325.803
40200 -1165.72 565.12 1328.82 10.5143 336.887 59.2619
40500 -1025.81 669.022 1353.51 214.373 320.946 -98.2856
40800 -1187.12 745.757 1107.6 6.09977 262.969 -141.248
41100 -1139.35 813.055 623.781 117.032 497.852 12.2483
41400 -878.568 464.495 1112.41 146.447 284.851 -104.465
41700 -965.471 235.004 1069.24 52.9334 675.936 65.0467
42000 -872.682 531.051 1327.98 71.98 400.292 -70.4884
42300 -796.852 -63.4588 1143.81 184.346 403.652 -78.7588
42600 -327.659 202.673 965.471 -11.7201 466.39 -136.657
42900 -156.377 411.948 637.475 73.5945 275.091 -36.1352
43200 -305.496 370.001 795.575 208.854 309.389 40.4444
43500 -80.2718 -59.8931 366.446 138.159 418.147 -100.161
43800 -105.833 -231.617 758.466 230.099 318.2 -211.38
44100 290.189 116.358 842.641 211.708 373.595 -176.229
44400 297.963 -153.394 199.218 294.745 436.454 33.748
44700 209.98 -59.1449 241.542 105.037 348.22 321.763
45000 670.135 -340.191 480.998 93.4737 503.594 -149.677
45300 745.498 -307.694 -159.511 52.7313 337.709 39.9054
45600 969.23 -158.613 199.174 162.827 510 36.5942
45900 565.722 -262.682 -143.646 -87.8252 498.019 221.178
46200 1283.26 -173.655 -196.622 203.71 432.371 -146.659
46500 1062.9 -462.348 -328.745 153.256 525.765 173.955
46800 1295.24 -501.763 -10.315 133.333 226.526 -156.89
47100 1310.87 -791.009 -54.9698 105.482 108.08 -137.021
47400 1387.32 -343.278 -230.609 331.289 -3.32631 -90.9399
47700 1397.12 -593.486 -243.117 65.8615 192.764 -129.316
48000 1389.35 -420.305 -313.983 293.725 530.203 -60.7764
48300 1911.92 -876.472 -365.905 59.5157 335.007 116.425
48600 1695.87 -912.036 -582.648 159.404 34.9513 41.2374
48900 1915.15 -827.759 -341.34 277.191 196.252 -208.867
49200 2045.31 -1080.28 -161.349 161.536 246.522 -40.6608
49500 2032.77 -1256.35 -566.794 9.88413 305.553 -102.069
49800 2274.14 -862.573 -399.128 159.512 331.38 -199.186
50100 2138.87 -1053.68 -620.098 156.279 393.837 114.598
50400 2188.26 -1272.22 -321.654 105.676 504.649 -163.954
50700 2110.27 -834.591 -696.504 162.267 235.774 132.716
51000 2284.55 -960.202 -416.272 237.681 391.16 -157.781
51300 2325.4 -912.413 -587.279 132.065 517.083 -134.751
51600 2266.69 -1140.18 -940.981 161.884 355.507 71.6436
51900 2431.77 -1184.49 -947.427 67.719 507.254 -184.594
52200 2310.7 -1200.13 -420.549 179.236 358.211 -48.3339
52500 2421.61 -1102.6 -317.136 93.3028 427.307 -22.0157
52800 2162.66 -1217.37 -724.154 178.894 152.173 -13.9073
53100 2218.34 -954.582 -776.155 173.563 444.882 -46.9328
53400 2532.31 -983.017 -616.328 87.2532 378.145 -119.433
53700 2366.27 -962.197 -1057.26 -16.4238 250.39 20.4653
54000 2361.97 -1063.84 -853.2 246.681 341.186 93.3856
54300 1979.48 -1005.4 -617.623 -89.2766 454.344 23.4707
54600 2203.24 -807.843 -617.341 -13.1735 522.88 -31.4456
54900 2111.79 -867.405 -340.288 121.688 368.999 -126.666
55200 2503.57 -743.913 -617.587 69.7096 152.513 123.068
55500 1893.65 -887.484 -257.778 -20.4185 346.306 -64.9501
55800 1540.98 -782.314 -413.45 16.0196 357.464 -184.161
56100 1958.22 -827.135 -286.513 86.5782 98.0108 -268.835
56400 1657.68 -791.147 -448.864 20.3831 182.105 -91.3764
56700 1518.61 -638.915 -394.884 44.4894 161.231 79.015
57000 1587.39 -513.231 -318.268 234.714 190.765 -27.3392
57300 1534.35 -317.377 -201.53 190.141 282.633 -267.489
57600 1362.29 -604.076 0.186527 -32.3199 332.87 -130.442
57900 1156.59 -686.891 -236.267 124.763 257.913 -214.542
58200 1024.11 -512.444 -69.1012 278.082 411.687 -90.4432
58500 980.784 -581.539 75.7732 259.702 621.293 5.3205
58800 840.108 -526.416 160.959 130.437 325.951 -86.3457
59100 1123.31 -257.84 208.392 183.227 202.881 -48.8006
59400 448.784 -28.1654 117.096 136.284 373.239 -238.98
59700 326.207 -326.56 323.483 130.678 266.573 -124.12
60000 444.433 -144.805 586.745 159.13 302.069 -180.667
60300 -127.022 -40.203 392.012 59.9637 358.952 -40.1073
60600 118.578 31.2833 650.124 -11.3324 556.838 42.437
60900 -96.1495 55.8478 754.227 146.031 443.449 -70.0178
61200 2.80809 -160.347 789.451 300.323 214.715 -276.843
61500 -227.836 -188.104 549.279 -75.9094 486.066 -80.0129
61800 -343.177 414.83 657.992 319.851 403.997 -27.0501
62100 -215.151 266.964 967.671 171.625 414.699 29.9287
62400 -699.233 458.938 352.569 305.942 42.0472 -370.289
62700 -740.879 489.854 1216.62 174.37 251.418 -97.5115
63000 -780.781 424.841 1213.27 168.69 333.382 -124.785
63300 -943.753 577.596 1139.89 168.17 506.272 -266.984
63600 -928.075 571.594 906.394 74.1913 363.097 -44.2787
63900 -1124.79 267.288 1078.99 115.559 212.274 -145.049
64200 -1155.04 466.705 1440.26 105.742 315.779 94.9479
64500 -1668.04 973.869 1120.82 154.013 464.424 -125.583
64800 -1272.65 916.041 1571.35 197.126 375.637 -256.876
65100 -1145.79 824.281 1150.87 133.604 154.488 -100.344
65400 -1647.72 1009.45 1075.95 31.3896 393.379 -173.313
65700 -1072.79 628.099 1351.78 188.238 497.516 -234.944
66000 -1273.4 1149.36 1502.7 142.071 114.179 -148.281
66300 -1111.52 877.123 1319.78 -75.5565 548.976 -115.813
66600 -1930.23 721.786 1320.48 -47.6568 395.007 -94.8284
66900 -1449.66 703.152 1147.25 485.584 304.272 -146.939
67200 -1676.61 903.608 1446.26 -55.0353 476.765 -7.05909
67500 -1790.55 948.593 1710.92 -101.251 210.924 -149.341
67800 -1577.49 674.337 1236.96 87.9018 363.477 -91.8242
68100 -1488.83 1215.83 1603.88 -26.5089 83.4558 -237.553
68400 -1670.65 629.46 1429.04 136.366 335.728 27.0588
68700 -1400.8 1117.35 1187.18 94.7291 587.89 -362.563
69000 -1703.45 625.016 1113.37 74.7617 347.651 -259.413
69300 -1437.22 803.112 1451.05 -50.7991 441.628 -65.7808
69600 -1271.75 890.208 960.942 159.996 323.198 -41.7017
69900 -1555.37 600.892 1183.5 184.327 240.949 -116.655
70200 -964.237 451.405 1118.56 35.1945 144.674 -101.729
70500 -657.518 476.684 1186.64 34.4741 324.962 -227.265
70800 -1226.95 520.926 967.704 140.643 301.238 -152.71
71100 -913.35 496.284 1408.72 110.442 219.039 -198.238
71400 -1431.46 691.143 1239.89 -137.756 180.314 -178.181
71700 -888.095 563.696 1100.35 -95.2969 384.689 -165.217
72000 -1123.54 340.537 621.112 122.384 288.461 67.6394
72300 -430.442 553.21 856.633 42.3067 335.232 -105.766
72600 -646.969 561.306 650.365 -99.6068 378.959 -154.711
72900 -116.324 305.464 913.808 76.9244 292.106 85.3164
73200 15.4766 291.427 572.349 301.53 365.416 -211.807
73500 -120.948 278.359 853.121 -127.502 366.654 -191.866
73800 -166.466 -4.38634 977.627 177.437 496.948 230.397
74100 74.6339 291.901 433.289 -52.9746 430.522 -44.4372
74400 -198.458 317.619 388.787 246.686 473.835 -135.277
74700 316.639 -96.3582 414.102 64.3687 342.847 -47.8939
75000 493.954 -144.563 313.197 90.4126 305.961 32.7942
75300 911.898 -25.9034 267.808 229.771 209.49 -56.7547
75600 744.775 -395.446 -40.6747 -33.0658 509.03 31.7299
75900 939.194 -372.006 74.6716 102.267 415.517 -75.5754
76200 966.432 -645.78 -30.5972 -50.8288 288.571 -7.45362
76500 824.333 -408.914 -14.312 202.555 466.191 85.5039
76800 1189.57 -680.815 -372.386 126.694 364.449 98.9429
77100 1301.53 -374.466 -118.375 20.2069 260.955 -28.1435
77400 1281.58 -1067.75 -28.9265 172.53 156.154 120.062
77700 1295.84 -565.044 -17.5617 237.471 426.472 89.0421
78000 1607.91 -634.087 -328.618 -22.1102 251.144 -105.143
78300 1661.16 -1119.03 -329.675 110.019 279.389 -125.78
78600 1682.18 -1174.32 -105.019 104.034 447.967 -26.3152
78900 1815.99 -983.217 -71.3563 200.21 398.836 -210.36
79200 1879.75 -1104.29 -541.139 102.573 214.236 -292.956
79500 2364.63 -857.65 -696.112 115.241 519.737 -139.708
79800 2282.91 -1046.49 -363.929 111.076 230.826 -64.0316
80100 1579.31 -1098.96 -574.252 98.6664 389.478 -176.081
80400 2459.91 -698.316 -799.612 305.131 299.85 -41.3846
80700 2008.91 -973.13 -402.552 107.522 198.054 22.0415
81000 2295.54 -864.312 -153.533 26.5781 225.502 86.5336
81300 2041.95 -1160.4 -690.673 -7.5694 489.491 -83.5524
81600 2369.42 -1148.21 -235.732 194.136 609.383 -200.769
81900 2161.05 -804.239 -492.981 -12.8454 383.055 21.9294
82200 2066.61 -1440.62 -694.566 394.076 349.111 -60.5767
82500 2307.52 -1244.52 -801.598 96.0052 485.988 -57.5535
82800 1935.84 -950.552 -791.473 288.525 460.277 192.026
83100 2473.18 -896.945 -750.875 105.907 521.879 -96.5389
83400 2258.28 -951.4 -716.633 78.4988 350.379 126.189
83700 2138.79 -964.603 -871.057 15.9051 248.042 -164.953
84000 2255.94 -1187.2 -193.156 201.328 407.114 9.24418
84300 1930.65 -1022.18 -342.755 23.7402 536.808 197.06
84600 2453.23 -1247.68 -494.068 351.046 145.488 5.91485
84900 2424.72 -1061.56 -625.341 320.717 532.713 -46.2353
85200 1941.36 -757.73 -376.5 251.078 444.159 176.791
85500 1485.61 -1239.73 -640.578 -120.204 299.478 -88.7026
85800 1959.1 -1202.22 -160.888 168.667 486.969 107.058
86100 1536.25 -652.327 -106.597 300.162 475.489 -88.3526
86400 1654.12 -772.681 128.688 220.964 419.753 -166.855
86700 1401.91 -738.402 -355.391 256.335 487.848 -302.99
87000 1255.62 -516.297 -42.0062 -117.553 344.116 -223.971
87300 1553.79 -750.482 -392.076 232.159 412.079 -49.0715
87600 1155.64 -492.813 -20.5459 199.385 577.687 152.818
87900 1218.05 -689.532 -257.61 11.1366 307.953 -126.611
88200 588.065 -473.742 270.051 294.848 384.768 -260.892
88500 815.851 -283.581 -18.7786 123.924 161.076 119.865
88800 748.737 -350.324 53.5387 319.762 466.629 4.95953
89100 801.97 -602.605 53.5744 23.2632 190.553 90.564
89400 564.328 -328.255 135.958 71.4667 287.967 11.7143
89700 567.578 -32.2785 30.687 94.0393 514.009 59.5557
90000 229.027 -145.952 516.844 226.344 330.541 -110.324
90300 272.515 77.1006 725.568 117.321 271.088 -49.3748
90600 -134.096 339.459 625.419 154.005 237.209 -144.95
90900 -172.196 139.599 689.47 132.33 307.99 143.612
91200 -307.207 -105.994 709.245 18.6245 243.695 -59.9409
91500 -437.17 450.942 1132.63 -48.301 435.779 -35.3906
91800 -570.265 101.251 854.027 -57.9492 320.914 -121.505
92100 -623.704 244.809 987.954 52.9623 423.28 -13.2245
92400 -987.88 396.449 1108.97 201.556 437.238 -126.592
92700 -1000.72 285.653 1008.42 -235.956 391.401 -188.382
93000 -748.014 448.44 964.27 214.377 527.548 140.235
93300 -861.661 806.233 715.34 7.91978 374.987 20.3392
93600 -1007.13 844.882 1151.46 -92.4105 713.271 44.0093
93900 -1027.67 751.183 901.275 -28.1694 337.161 -94.982
94200 -1615.84 657.444 1111.13 147.116 375.244 -217.391
94500 -1268.89 644.819 1316.03 63.212 198.753 -33.5871
94800 -1321.99 498.902 1213.51 81.4582 593.257 -24.2071
95100 -1494.88 975.854 1258.77 -108.429 356.194 -309.568
95400 -1313.17 955.912 1151.24 -16.8503 656.759 -165.286
95700 -1482.22 767.731 1401.8 -11.2715 553.264 -166.402
96000 -1577.37 671.414 1147.45 -150.844 -29.0644 -6.37623
96300 -1787.13 829.25 1380.5 16.3414 330.896 211.591
96600 -1863.04 1275.82 1633.76 153.719 234.664 -121.609
96900 -1426.74 1405.41 1380.22 -33.4377 206.416 -152.738
97200 -1688.6 937.728 1696.04 14.3553 328.694 -130.414
97500 -1551.49 811.915 1668.38 136.617 230.297 -177.391
97800 -1391.38 942.619 1012.96 -41.9134 299.526 -40.8108
98100 -1499.76 1015.18 1514.15 78.6017 173.266 -389.642
98400 -1598.48 1026.02 1220.36 107.398 487.935 -79.139
98700 -1535.2 1113.35 1034.04 -174.946 358.45 55.9075
99000 -1089.86 564.897 1399.9 -139.292 440.724 -173.895
99300 -1631.37 493.855 1314.21 191.71 352.239 -172.543
99600 -1366.15 475.484 1222.14 195.27 329.637 87.2146
99900 -1094.33 885.293 1266.56 35.3935 414.266 -84.9178
100200 -1420.37 520.51 1379.87 151.313 505.598 -26.4093
100500 -1377.05 615.789 1016.07 262.525 406.626 40.9909
100800 -1073.9 798.232 1140.45 98.1153 461.568 -92.9248
101100 -1314.53 567.741 1085.15 -218.752 428.332 -120.595
101400 -987.637 806.471 1001.42 65.3108 311.787 31.0465
101700 -646.114 428.154 823.942 -44.7959 393.24 -241.628
102000 -691.496 442.453 852.135 73.1837 364.048 -12.9555
102300 -706.653 641.109 1126.37 102.362 516.933 -93.0563
102600 -292.465 247.327 866.668 -92.0207 349.159 -16.3122
102900 -134.806 243.453 908.916 -45.7222 412.006 -48.0082
103200 -265.996 -1.71839 633.972 61.4749 448.118 -21.7579
103500 -422.177 86.054 674.3 -141.35 425.724 -108.124
103800 -108.727 154.471 681.451 -47.8189 383.593 -192.308
104100 108.964 40.0543 544.909 103.458 513.348 -15.3668
104400 266.901 -100.252 511.815 66.9336 134.72 -34.0379
104700 -80.8159 -320.086 90.0106 79.2605 584.723 -173.229
105000 212.652 -272.407 422.872 87.5012 345.4 -30.9851
105300 405.511 -364.549 439.434 167.662 443.676 28.3966
105600 861.041 -337.633 24.0922 99.1404 313.449 -151.151
105900 655.832 -110.674 75.3842 -58.6361 483.096 -67.8528
106200 1441.8 -446.513 -226.195 -20.2091 234.246 -71.2988
106500 1339.83 -590.529 -170.632 331.69 370.152 14.2555
106800 1043.79 -661.388 -1.561 226.786 568.848 -14.6132
107100 1312.67 -845.953 185.921 138.764 281.805 -48.6562
107400 1386 -469.84 -255.322 120.907 493.71 -74.5693
107700 1429.98 -753.899 -366.806 257.287 588.857 -466.469
108000 1344.61 -453.399 -323.805 300.53 443.275 -90.0925
108300 1241.8 -739.47 -396.677 303.108 409.121 -10.0761
108600 1758.15 -619.38 -420.506 -43.3256 488.698 -108.231
108900 1843.35 -447.892 -624.866 85.5914 496.074 -64.4169
109200 1978.16 -1042.7 -219.638 114.811 305.746 -200.159
109500 1670.55 -1021.22 -491.193 170.025 244.317 38.819
109800 2219.44 -872.491 -181.106 97.6038 207.255 -33.2194
110100 1826.99 -906.691 -411.572 -90.7448 456.803 76.4568
110400 2000.43 -974.997 -367.441 42.4335 714.059 166.557
110700 2088.8 -1208.13 -514.963 57.1856 485.063 -104.702
111000 2277.39 -1137.32 -514.994 1.60413 290.063 133.598
111300 2052.97 -1374.16 -251.284 121.19 460.654 -81.1989
111600 2255.51 -1187.36 -605.039 50.1226 497.87 234.673
111900 2487.22 -1393.4 -655.113 20.8471 297.695 204.862
112200 2187.91 -841.64 -493.22 -66.8388 367.988 -87.4964
112500 2601.66 -1210.32 -480.384 10.5427 446.398 -73.1521
112800 2436.03 -1439.98 -507.541 -104.796 407.145 -52.4245
113100 2435.84 -1290.77 -707.482 -166.318 372.058 -83.6271
113400 2210.97 -1007.29 -616.717 55.1451 432.787 -206.871
113700 2363.5 -1134.94 -528.155 -135.81 364.54 -80.7988
114000 2225.27 -1195.48 -515.884 15.0745 513.557 12.7448
114300 2589.44 -895.364 -113.895 25.4287 182.731 -129.561
114600 2213.31 -1170.5 -384.614 -52.3753 489.526 182.002
114900 2100.98 -928.148 -402.263 19.2333 279.101 59.5629
115200 2268.85 -838.08 -520.387 25.1584 223.855 -111.175
115500 2149.7 -1206.58 -124.66 -7.87409 291.367 -187.398
115800 1925.98 -856.968 -410.391 -80.6778 526.23 -39.0869
116100 2019.24 -340.153 -342.075 -197.331 442.39 -145.112
116400 1496.07 -894.517 -51.7557 183.593 215.386 -67.5189
116700 1555.33 -695.212 -32.052 -88.6153 247.585 -91.6431
117000 1502.59 -625.597 -48.6693 54.1186 476.696 -20.6294
117300 1145.18 -774.597 110.99 -9.8882 494.877 38.1365
117600 1027.77 -907.034 -159.209 -101.418 437.493 -33.7295
117900 872.739 -983.012 160.75 39.5812 526.008 100.833
118200 1137.12 -572.906 -281.131 -10.6111 465.445 97.7368
118500 1048.95 -225.791 -377.126 -142.488 442.388 -152.141
118800 857.221 -108.421 -129.7 -211.738 306.558 208.78
119100 787.419 -191.815 167.219 94.2953 324.56 -53.4248
119400 627.073 -5.64232 398.126 -92.6952 347.493 179.174
119700 288.444 10.0296 283.439 42.6097 78.8934 62.756
120000 6.99175 69.1328 250.433 161.839 134.963 160.659
120300 -31.0607 143.427 804.281 174.407 282.446 161.735
120600 -199.396 -107.741 468.551 -182.647 218.387 -85.0524
120900 41.2697 72.316 643.546 302.622 105.842 -92.5035
121200 -450.918 33.4512 851.786 -18.9887 -80.2309 88.9427
121500 -247.313 113.599 637.578 53.0163 490.276 47.9356
121800 -639.14 487.359 941.04 -112.212 406.115 39.9687
122100 -566.403 501.607 744.7 -97.0053 491.714 50.4744
122400 -700.064 405.043 696.371 131.797 323.196 -179.765
122700 -780.952 515.59 815.848 -25.945 381.768 81.6574
123000 -1035.62 258.969 1362.97 203.276 435.9 262.523
123300 -1115.2 884.359 749.612 -4.11375 513.508 -26.1314
123600 -1264.53 464.575 951.513 76.5314 459.891 -55.6142
123900 -1482.36 683.696 1180.83 20.8191 390.254 199.131
124200 -1047.06 404.469 1066.12 -31.2079 333.487 -98.3164
124500 -1205.75 412.077 1452.59 23.0553 350.908 -4.39121
124800 -1303.31 787.621 1325.22 27.7533 404.075 -81.9244
125100 -1371.86 870.608 1115.85 56.481 560.011 -29.0949
125400 -1176.31 862.595 1194.71 24.9542 574.208 -84.5949
125700 -1460.21 585.58 1559.42 -52.3345 457.963 -86.9575
126000 -1448.36 1158.99 1286.74 155.058 302.289 -118.489
126300 -1571.24 948.381 1163.27 24.4558 386.088 -2.18375
126600 -1456.03 1161.22 1245.43 -20.723 379.601 -223.457
126900 -1566.55 796.242 1620.04 116.257 484.731 141.776
127200 -1496.53 846.858 1240.69 84.6279 153.623 7.66094
127500 -1858.61 825.05 1470.51 5.93123 294.404 -297.095
127800 -1746.37 754.871 1579.5 171.039 377.036 59.1541
128100 -1867.42 737.963 1401.11 -52.9051 615.681 -97.9673
128400 -1421.6 930.605 1471.91 3.51857 186.06 -112.54
128700 -1720.77 681.578 1376.94 2.97127 266.579 -295.968
129000 -1501.81 770.009 1536.58 -54.7544 490.32 77.9816
129300 -1656.03 668.785 1441.67 -64.982 441.935 -157.506
129600 -1104.54 831.465 1383.27 78.2028 509.34 -183.471
129900 -1223.79 471.258 1354.24 -22.0669 298.476 -131.092
130200 -1159.81 833.319 1468.64 189.778 239.425 -113.122
130500 -1297.86 670.584 1251.65 45.2508 493.263 -96.8621
130800 -1121.36 268.584 1078.01 221.033 359.97 -30.1583
131100 -1041.59 590.646 977.055 -263.957 318.857 -167.123
131400 -1183.38 176.369 649.34 -65.2045 289.231 -134.306
131700 -461.888 455.237 1031.35 87.391 420.021 12.5178
132000 -860.424 347.005 1086.74 44.6997 226.922 -83.1862
132300 -885.212 290.098 847.878 46.5372 394.455 -115.847
132600 -833.034 -79.4997 869.353 79.5845 478.789 149.504
132900 -454.394 302.559 713.371 -83.7122 475.111 206.547
133200 -365.508 118.142 665.524 -199.634 498.922 -29.0577
133500 295.75 556.882 552.387 110.362 628.463 -44.5018
133800 -173.619 -27.549 552.728 -184.019 258.792 201.098
134100 -53.0429 23.4146 764.018 138.537 230.578 -34.1012
134400 150.039 -63.9484 666.702 -116.973 330.777 -128.648
134700 183.794 8.76097 383.051 -288.285 102.769 -247.464
135000 265.86 -250.157 553.038 56.9188 429.937 162.142
135300 541.936 -109.044 -67.4111 67.9243 326.69 -139.089
135600 817.396 -315.747 428.195 116.662 331.282 -70.9346
135900 896.658 -612.615 338.95 194.223 129.251 -46.7831
136200 370.719 -318.024 403.899 -133.174 324.635 15.8823
136500 1054.75 -459.169 79.1298 367.57 211.399 -135.687
136800 933.262 -470.376 247.2 215.582 298.425 -161.245
137100 1402.81 -475.722 -128.737 137.979 172.302 -92.7018
137400 1225.39 -784.114 43.8111 30.492 238.099 -19.9296
137700 1562.56 -642.605 23.9058 -129.377 418.37 -57.454
138000 1155.79 -979.71 -25.7412 -110.479 351.817 -167.989
138300 1542.52 -982.927 -455.309 280.862 499.449 -54.6076
138600 1672.99 -734.865 -412.271 2.89869 493.13 -56.1847
138900 1940.71 -940.714 -423.148 93.6197 114.528 -96.5672
139200 2011.93 -1267.83 -194.858 75.8996 209.474 19.6636
139500 2028.33 -865.553 -184.964 82.9031 199.479 -52.4704
139800 1944.13 -963.792 -400.098 161.82 622.005 -102.749
140100 2177.75 -833.208 -608.011 187.722 475.212 -17.2577
140400 2028.41 -1080.78 -577.868 138.493 360.946 -180.566
140700 2410.54 -1195.93 -226.102 56.9274 313.462 -128.526
141000 2257.12 -1008.22 -522.722 -80.9439 348.132 -196.147
141300 2419.38 -845.158 -446.922 -74.668 550.595 17.5141
141600 1963.03 -1085.3 -315.483 -32.4146 397.764 116.901
141900 2604.76 -891.937 -847.615 289.521 400.552 108.47
142200 2431.64 -1189.49 -682.885 24.9847 221.725 -80.3968
142500 2173.52 -949.388 -664.296 215.21 261.263 143.314
142800 2307.86 -706.761 -740.539 141.952 339.963 -158.327
143100 2089.23 -838.437 -625.062 46.1593 289.87 67.4551
143400 2567.01 -1005.82 -629.639 140.543 354.712 -76.6113
143700 2278.15 -837.279 -597.097 195.727 0.119119 -55.3844
144000 1967.37 -777.187 -724.894 -20.2366 540.497 -43.4874
144300 2240.81 -1285.31 -466.903 -91.3873 237.539 142.963
144600 2311.91 -703.835 -307.908 14.9491 226.581 181.433
144900 2224.2 -1098.68 -518.975 280.804 454.133 -151.591
145200 1723.16 -1001 -678.589 221.424 292.642 -86.8997
145500 1944.45 -1328.65 -371.195 208.297 276.424 -178.194
145800 2159.29 -959.022 -260.345 161.132 338.227 -96.4783
146100 1609.51 -971.168 -155.058 -57.6623 699.689 85.3145
146400 1523.6 -665.247 -25.3585 28.1336 300.767 -205.102
146700 1680.97 -476.26 -62.062 -83.7937 295.149 -136.295
147000 1581.07 -575.522 -171.309 235.34 372.721 -143.595
147300 1505.54 -369.919 48.1551 128.509 455.588 -214.588
147600 1196.07 -772.295 -77.2041 -152.208 437.641 -101.613
147900 820.128 -489.896 -133.921 50.0729 662.573 -8.42487
148200 1042.85 -793.92 171.423 -2.65033 277.849 76.6279
148500 917.219 -357.564 365.903 119.344 373.563 -64.1358
148800 783.456 -421.349 37.8883 239.237 456.833 173.371
149100 775.676 -352.608 428.684 197.975 407.483 229.571
149400 429.38 -322.341 436.44 207.282 462.728 76.2287
149700 31.6643 -322.424 486.077 -70.459 308.663 -160.15
150000 696.234 -206.347 551.224 163.636 442.721 -97.4987
150300 136.18 -124.426 306.583 150.344 376.834 -88.7099
150600 -140.193 28.0221 511.6 74.2958 495.364 304.52
150900 -101.198 32.1223 446.57 175.773 357.888 -114.252
151200 -227.191 92.9022 952.451 26.1893 642.377 144.752
151500 -412.18 348.594 479.572 5.0882 375.552 -95.1586
151800 -285.022 247.635 795.557 -115.63 269.892 -39.828
152100 -438.644 281.488 590.035 -113.621 61.4807 76.5391
152400 -375.635 476.966 702.162 -111.337 378.287 -76.3572
152700 -682.005 434.176 1079.56 250.058 552.146 186.669
153000 -901.667 507.78 1045.71 351.786 236.822 -30.3547
153300 -1066.82 384.742 933.59 150.898 169.477 -21.1889
153600 -1141.65 576.388 1036.96 208.71 174.096 12.836
153900 -914.2 465.698 1013.98 102.325 319.187 149.031
154200 -1182.5 599.139 1163.85 139.267 273.898 73.8823
154500 -1445.89 796.595 1053.13 -62.4196 187.696 231.83
154800 -1281.45 760.882 1184.57 120.965 309.122 -152.567
155100 -1350.36 600.708 1415.26 -79.8332 492.204 -215.613
155400 -1361.41 971.746 1381.74 251.523 344.655 -8.05576
155700 -1472.09 358.274 1960.23 141.121 209.599 -189.404
156000 -1463.75 781.389 1388.47 247.741 211.372 -128.396
156300 -1710.89 466.744 1286.56 -2.14814 489.627 -109.354
156600 -1293.84 626.771 1661.42 52.9144 371.992 -149.746
156900 -1598.05 674.257 1108.11 92.7488 394.899 -218.523
157200 -1410.56 767.416 1119.56 125.507 468.976 151.867
157500 -1676.38 978.12 1210.36 301.242 383.839 11.0661
157800 -1755.33 729.84 1409.94 260.389 423.25 -6.36374
158100 -1745.83 652.698 1524.73 184.316 203.279 -25.921
158400 -1876.73 612.132 1475.37 16.3274 392.188 201.736
158700 -1409.71 1190.39 1207.83 282.553 371.344 -112.957
159000 -1688.95 883.075 1293.29 128.716 213.727 -3.02887
159300 -1430.87 852.068 1234.47 105.594 373.701 31.7437
159600 -1245.16 691.29 1385.18 79.0967 422.461 -251.587
159900 -1458.15 1035.9 1254.92 23.9753 395.354 -17.5312
160200 -1308.24 322.216 1376.94 67.692 440.713 122.864
160500 -1260.04 964.683 1223.7 5.28112 289.915 -120.2
160800 -1162.01 421.929 1321.5 -40.8091 266.632 -236.175
161100 -1002.97 664.886 1099.91 284.84 85.9671 -319.526
161400 -993.352 437.95 712.21 -88.1837 -33.89 4.51993
161700 -664.785 651.098 880.645 -59.3914 278.354 -259.636
162000 -823.663 517.729 942.342 150.441 595.392 -312.215
162300 -828.07 348.924 829.141 308.563 286.435 -130.351
162600 -475.308 311.89 788.638 137.943 352.892 -359.74
162900 -332.503 624.67 363.353 193.788 518.774 -100.472
163200 -464.191 467.225 754.154 79.0476 324.856 -87.789
163500 -78.455 330.649 611.442 120.059 468.738 -170.868
163800 -109.857 270.609 620.778 255.683 325.555 31.8107
164100 151.739 229.459 700.894 75.58 424.028 124.682
164400 -110.295 -40.0686 215.07 87.8025 480.359 -19.2144
164700 150.919 -13.3857 326.309 334.744 204.216 -47.4947
165000 407.66 -10.062 187.828 157.833 234.514 -287.403
165300 357.023 1.15081 212.591 226.027 284.141 -79.2783
165600 687.158 -273.897 -56.8013 282.864 446.891 -90.9266
165900 748.773 -129.5 307.648 4.01736 302.028 75.866
166200 916.881 -150.077 231.012 214.225 318.459 -186.973
166500 1035.81 -486.154 -105.918 372.861 212.602 202.391
166800 1203.18 -555.605 -76.1039 178.442 506.883 74.0268
167100 1301.13 -857.733 -85.0099 245.434 358.181 -25.2247
167400 1616.63 -904.094 -268.537 105.6 501.044 204.925
167700 1483.69 -424.528 -150.947 126.788 258.579 -23.4511
168000 1086.3 -656.416 -635.652 134.949 551.596 178.166
168300 1498.27 -354.721 -600.779 109.462 213.654 -475.068
168600 1895.09 -1142.53 -474.974 102.212 883.981 214.996
168900 1773.14 -1188.68 -546.476 173.639 72.8223 -102.676
169200 1909.85 -989.445 -349.212 37.5921 293.441 300.899
169500 2006.82 -993.332 -369.523 75.7762 320.975 -150.148
169800 1909.08 -896.019 -326.338 112.915 671.215 238.979
170100 2214.49 -939.013 -804.581 -9.1014 -39.6535 -178.151
170400 2125.53 -942.568 -495.95 -1.95268 486.467 -146.575
170700 2174.06 -1341.76 -345.492 210.538 363.07 165.369
171000 2350.89 -1276.3 -735.73 -6.18868 319.602 -77.0887
171300 2442.22 -1233.07 -381.655 184.14 558.099 -31.0621
171600 2407.27 -1173.92 -731.31 300.841 439.852 -12.1655
171900 2482.79 -1001.72 -874.469 -5.40312 817.688 47.6522
172200 2264.35 -998.367 -372.604 103.678 458.393 -71.696
172500 2318.6 -1149.1 -787.875 -11.971 441.292 -151.177
172800 1937.09 -1077.34 -818.622 120.295 393.081 -363.531
173100 2043.55 -1331.28 -815.984 41.3282 397.597 -135.411
173400 2284.78 -871.442 -476.657 -30.8857 309.479 -132.419
173700 2393.44 -1287.22 -548.626 209.687 590.94 38.4053
174000 2309.29 -1063.4 -709.18 181.624 414.965 78.6747
174300 2286.13 -995.739 -586.773 138.295 318.725 -97.8363
174600 1941.13 -793.797 -815.378 72.7087 392.096 -128.656
174900 2148.53 -1127.7 -632.436 139.835 300.028 -64.0313
175200 2035.77 -1165.34 -456.929 35.6441 583.353 -121.529
175500 1596.38 -613.721 -583.734 -81.2236 363.011 -18.0925
175800 1962.86 -1086.38 -190.408 59.4362 494.838 -49.1191
176100 1994.89 -617.091 -423.816 -80.4907 719.097 -124.473
176400 1643.79 -648.737 -143.102 35.6762 567.63 -194.108
176700 1549.21 -595.548 -358.009 53.5564 289.685 -89.5252
177000 1275.31 -465.044 136.601 301.573 295.6 -183.585
177300 1310.26 -580.407 -353.387 279.07 301.309 159.35
177600 1297.45 -759.719 107.651 -10.1988 457.999 -83.3287
177900 1160.35 -704.11 -18.8598 185.358 535.756 100.061
178200 1141.75 -617.961 -146.905 185.757 262.775 296.022
178500 1368.86 -269.151 58.9899 76.1926 563.473 136
178800 578.074 -291.045 -45.5642 164.15 264.304 -108.882
179100 582.62 -391.112 113.665 248.469 176.643 -16.1164
179400 348.159 -109.75 689.814 -78.2057 602.019 87.9565
179700 485.605 -99.8474 543.705 164.64 245.48 -214.801
180000 387.769 286.332 378.655 278.384 526.588 -91.8414
180300 105.823 -28.1644 393.349 183.141 411.656 -349.569
180600 -175.916 81.3781 505.546 158.738 381.966 -60.0904
180900 -266.143 -18.9629 604.277 7.02659 263.764 -65.086
181200 -287.675 364.607 766.142 79.4762 441.076 -142.817
181500 -514.162 6.7263 623.109 -29.7364 365.613 -157.522
181800 -429.287 588.129 1067.83 -40.3873 366.56 -11.1619
182100 -569.285 152.738 871.684 46.6838 337.879 -209.553
182400 -863.784 452.889 911.287 285.459 574.017 187.35
182700 -739.116 600.479 936.576 51.9671 296.27 -45.9157
183000 -690.587 287.363 691.274 251.604 486.759 -241.032
183300 -947.332 771.93 802.796 -163.707 436.2 43.5526
183600 -753.465 439.831 962.762 8.28527 359.909 -166.886
183900 -934.483 695.4 1118.67 218.197 356.444 -104.932
184200 -1385.92 627.918 1388.28 114.606 665.728 -136.486
184500 -1340.04 468.255 1403.52 444.222 524.014 -291.712
184800 -1454.78 644.655 1062.98 328.749 212.056 2.19558
185100 -1309.82 802.876 1187.95 87.1537 548.942 104.445
185400 -1248.37 991.005 1347.44 103.677 363.134 207.404
185700 -1753.88 1205.84 1521.51 211.157 51.6293 127.196
186000 -1087.92 1042.14 1382.07 5.91498 455.395 -105.05
186300 -1263.75 1030.5 1520.25 -17.7485 240.374 -401.648
186600 -1621.43 1309.92 1293.32 64.3245 423.339 -63.2225
186900 -1693.53 860.412 1162.84 -129.337 445.889 -131.529
187200 -1140.11 1133.83 1224.76 99.9822 274.776 -124.416
187500 -1594.19 742.34 1280.19 59.809 523.99 20.4933
187800 -1450.91 741.905 1432.41 4.60002 367.593 67.7518
188100 -1566.39 847.775 1273.29 -27.6934 411.529 50.7955
188400 -1469.02 794.766 1071.4 25.1261 384.456 -4.65758
188700 -1324.39 982.61 1107.96 40.4664 443.923 -129.598
189000 -1610.45 634.781 1734.23 -53.4285 214.802 60.3276
189300 -1247.91 804.571 1010.03 375.943 464.605 -234.787
189600 -1777.6 809.253 1296.38 63.7567 191.496 -38.338
189900 -1513.03 851.229 1123.73 168.886 672.944 -114.344
190200 -1393.36 781.086 1276.64 128.364 181.29 -106.04
190500 -1026.08 822.609 1254.5 -115.997 648.212 15.2851
190800 -1261.38 792.218 823.88 104.395 460.447 -61.6527
191100 -922.94 686.327 1371.47 322.505 125.468 -99.9387
191400 -1089.96 536.91 957.145 176.091 280.427 -10.1281
191700 -916.735 430.777 1213.58 18.1633 459.349 141.549
192000 -627.98 497.2 827.534 93.5482 268.006 -126.794
192300 -487.198 409.403 959.185 103.114 259.625 -302.172
192600 -676.982 -5.90869 951.43 234.854 262.461 -116.732
192900 -443.139 75.4494 815.93 169.873 250.95 114.582
193200 -336.016 -32.9401 882.09 365.481 171.602 21.8101
193500 -471.283 -119.822 175.285 191.404 458.956 -217.131
193800 -192.96 -83.0371 433.51 347.924 594.071 -69.7913
194100 -530.184 -20.1611 274.304 303.738 491.383 -0.366954
194400 125.359 156.867 384.764 271.679 412.175 -353.508
194700 69.4364 45.0865 665.295 91.6974 307.588 -320.662
195000 251.466 -76.8455 104.654 425.004 209.286 -55.4831
195300 147.243 -209.169 241.463 177.462 439.5 -176.232
195600 497.372 -325.432 406.448 472.613 337.866 252.981
195900 1151.38 -299.704 111.293 261.393 372.278 61.2214
196200 1120.38 -643.432 -166.619 195.468 213.522 -40.3153
196500 768.165 -547.072 -89.528 325.489 541.808 -189.433
196800 1119.09 -280.047 -139.414 36.5625 340.389 -236.204
197100 1072.86 -643.804 -91.0982 110.182 454.073 -223.699
197400 1258.53 -652.19 -123.692 -257.558 462.41 -45.0968
197700 1210.76 -741.704 -448.586 107.999 406.986 -88.1756
198000 1401.72 -583.846 -256.16 175.265 158.549 -287.546
198300 1412.21 -863.979 -355.761 69.4987 337.228 -51.0113
198600 1714.67 -581.571 -395.323 -14.1016 334.683 -9.99231
198900 1933.68 -680.49 -479.127 206.639 84.292 -181.734
199200 2042.72 -640.742 -711.505 94.0532 275.275 -120.006
199500 1945.67 -949.699 -507.896 108.245 298.784 -274.686
199800 1935.88 -1113.91 -705.868 29.2048 355.54 -224.788
200100 1938.6 -1179.5 -253.134 -288.339 379.652 -99.1455
200400 2261.67 -1410.48 -393.632 182.762 363.073 -9.62118
200700 2050.16 -961.455 -688.468 72.4907 713.723 -396.216
201000 2291.23 -1200.32 -430.682 -138.246 434.18 -134.031
201300 1884.46 -1142.72 -610.463 258.073 286.749 127.236
201600 2445.39 -1052.97 -727.138 -62.0888 260.276 -14.7187
201900 2433.25 -1017.69 -797.638 -1.22432 131.669 -251.611
202200 2495.56 -1340.11 -828.834 22.3187 169.367 -141.771
202500 2507.66 -1258.68 -487.444 164.861 317.217 -104.303
202800 2239.66 -1058.9 -516.96 212.278 227.986 -107.292
203100 2338.97 -877.397 -560.344 -179.827 276.523 -136.332
203400 2296.59 -1412.28 -719.812 230.162 505.941 -326.386
203700 2276.75 -1029.87 -612.636 -133.563 291.115 -127.891
204000 2325.25 -1146.61 -697.706 21.0652 292.18 -6.34282
204300 2230.09 -821.442 -611.165 41.8034 476.999 -105.287
204600 2142.13 -964.452 -953.574 -58.9328 400.646 -271.288
204900 2030.08 -1119.35 -487.031 68.3444 515.744 -56.8294
205200 1999.46 -656.796 -390.884 95.2924 330.428 -146.925
205500 1814.9 -971.665 -195.537 12.6042 409.936 -171.33
205800 1688.37 -1283.03 -497.782 167.83 549.502 -235.05
206100 2060.34 -592.278 -394.975 199.437 314.848 -46.6086
206400 1418.82 -892.167 -184.58 42.5671 265.219 -25.5389
206700 1800.13 -861.155 -144.614 146.824 21.5915 -229.529
207000 1590.04 -816.73 111.52 275.379 111.531 -144.592
207300 1288.52 -701.146 173.543 331.203 540.59 -114.82
207600 1262.52 -514.763 94.795 70.4835 429.961 -159.405
207900 1133.97 -387.941 -157.641 205.811 250.303 47.0438
208200 924.605 -260.435 10.1988 249.393 548.726 -175.022
208500 929.071 -407.19 101.264 91.4668 195.339 -51.1261
208800 966.799 -555.19 3.23322 62.5433 190.641 -244.433
209100 667.154 -465.263 195.174 135.046 256.267 -140.508
209400 463.513 -65.5369 239.584 266.547 440.886 -67.2804
209700 623.093 -370.973 479.082 -54.419 314.839 -304.306
210000 -35.4251 -48.6418 120.339 197.851 326.278 134.8
210300 342.187 -140.169 178.331 258.511 382.608 -147.408
210600 179.852 217.472 98.9871 10.1647 325.894 -232.334
210900 21.6806 167.802 1120.78 212.641 141.72 28.7556
211200 104.494 197.027 553.748 23.3638 399.579 -105.042
211500 -358.408 82.7487 856.167 -31.4343 329.322 -18.9749
211800 37.9992 479.12 616.403 -62.8216 282.004 -327.703
212100 -340.713 63.2377 1131.45 -108.82 378.897 -111.726
212400 -824.015 322.771 984.067 109.289 302.407 -26.0388
212700 -579.089 361.365 628.673 -95.089 296.729 -96.942
213000 -897.116 698.54 534.083 -26.2874 302.656 164.663
213300 -1025.24 667.269 833.494 247.097 263.632 -6.35861
213600 -1117.98 637.76 891.486 106.096 509.624 -232.635
213900 -1275.55 543.65 1006.58 196.182 27.6079 -238.794
214200 -1177.65 573.202 1298.83 208.727 284.925 -63.7763
214500 -1085.8 764.337 1008.29 26.3362 242.396 -16.6353
214800 -1421.61 609.824 1011.64 -56.7546 519.09 -104.956
215100 -1077.26 769.578 1239.4 -156.944 437.523 -251.295
215400 -1494.83 622.979 841.828 -48.779 418.553 50.1781
215700 -1276.91 633.228 1311.29 -31.4166 222.621 -14.5108
216000 -1464.71 804.935 691.44 5.23663 278.567 -167.415
216300 -1698.56 698.09 1153.44 151.676 334.982 26.7425
216600 -1797.21 986.15 1320.14 -33.2476 89.3719 -293.731
216900 -1679.34 751.643 1337.8 167.674 183.256 -269.869
217200 -1571.08 1061.11 1249.48 13.8646 143.07 38.583
217500 -1390.42 567.177 1610.53 93.9966 338.788 31.5394
217800 -1332.81 631.244 1440.74 32.1781 359.637 7.173
218100 -1428.7 938.958 1189.79 162.475 373.293 -71.8195
218400 -1230.03 498.809 1273.38 -66.4012 146.587 113.546
218700 -1243 653.436 1490.37 196.306 203.714 -156.56
219000 -1351.95 627.609 1258.28 -74.9707 648.689 -19.118
219300 -1456.45 883.022 1070.52 223.935 224.84 -79.1131
219600 -1440.51 708.617 1267.63 219.715 355.786 -242.511
219900 -1280.4 536.684 941.586 39.1432 239.904 9.28157
220200 -1213.77 728.616 1393.56 369.586 277.691 -230.609
220500 -1312.12 334.447 1268.47 9.44679 255.938 23.2462
220800 -824.767 685.265 1175.37 -50.6929 -37.5228 -73.133
221100 -1043.45 523.148 979.414 150.214 438.508 -333.734
221400 -933.117 528.322 1033.23 -27.8183 519.68 -60.3478
221700 -689.488 584.257 674.463 248.6 588.574 -360.245
222000 -827.195 474.415 865.561 234.035 397.861 23.6757
222300 -757.518 235.999 985.279 102.281 408.291 162.147
222600 -373.915 164.277 730.125 198.356 290.04 -54.1696
222900 -378.327 212.507 976.505 42.6152 489.652 -55.6664
223200 -264.979 91.1407 399.447 55.5368 305.474 -355.99
223500 82.485 121.277 865.701 48.5024 438.633 -137.027
223800 33.2508 -123.414 611.284 52.3739 97.7258 -221.633
224100 -419.286 -385.496 390.723 -116.071 432.634 -62.5925
224400 118.123 49.1739 579.713 -28.4917 309.971 -194.269
224700 53.8385 -119.279 372.924 308.615 305.865 -94.5634
225000 513.342 -270.907 417.585 146.566 271.605 -237.327
225300 687.673 -254.169 309.071 298.743 179.897 -323.638
225600 249.362 -170.136 -23.6524 -110.043 283.757 -125.022
225900 755.28 -639.769 252.808 80.59 379.422 108.734
226200 1006.98 -667.848 -36.692 -59.5054 210.054 -40.7326
226500 761.953 -237.165 -212.432 -2.38446 517.288 -337.845
226800 1076.01 -519.118 -140.06 273.689 457.351 -96.0356
227100 1245.54 -485.165 163.996 -2.34363 515.18 -362.781
227400 1205.96 -604.537 -379.146 20.0135 132.152 -264.664
227700 1184.04 -584.504 -193.426 28.766 310.271 -144.801
228000 1285.13 -1026.17 -69.4194 24.2881 494.041 -134.566
228300 1661.03 -786.548 -8.9137 -31.7644 341.408 -42.8766
228600 1877.42 -530.335 -137.61 -68.7039 475.466 -81.577
228900 2044.51 -709.573 -216.44 78.1062 232.776 2.12462
229200 2203.24 -954.59 -403.543 86.1343 412.113 -306.84
229500 2016.09 -1407.11 -355.52 -2.15434 492.611 -175.867
229800 1991.33 -1287.23 -423.168 -195.827 361.765 -46.2989
230100 1950.41 -809.963 -135.644 -13.9622 338.414 -155.224
230400 2245.11 -1242.96 -444.192 4.56815 270.417 -322.896
230700 2079.56 -847.667 -911.295 179.588 298.605 -22.1345
231000 2211.18 -680.792 -620.764 -140.983 261.905 -90.2796
231300 2482.7 -1302.9 -455.928 5.25854 500.242 -195.463
231600 2389.56 -1052.69 -518.199 6.53993 217.888 -42.1369
231900 2519.63 -1151.82 -638.745 127.836 187.07 -315.844
232200 2477.83 -1254.89 -700.549 172.349 285.843 102.955
232500 2469.91 -1260.42 -768.68 -62.2497 402.734 -19.1281
232800 2687.09 -1244.39 -859.05 9.35034 489.109 43.6047
233100 2274.26 -1252.2 -817.708 105.387 313.147 -53.4333
233400 2373.62 -879.44 -544.479 35.5289 597.734 -187.025
233700 2250.29 -1274.5 -680.433 -65.797 159.264 -556.786
234000 2406.09 -1260.11 -537.85 72.1725 451.343 -32.4206
234300 2059.1 -718.423 -238.429 7.52474 152.806 -39.4536
234600 2254.74 -723.045 -546.209 39.6107 398.641 -44.6343
234900 2147.02 -988.044 -702.367 -124.233 238.391 22.6069
235200 1638.4 -1022.61 -376.508 11.147 374.058 -170.541
235500 2111.28 -1181.21 -217.79 -57.8597 188.094 -102.475
235800 1875.06 -872.226 -542.033 -150.427 467.704 -107.354
236100 1820.57 -770.453 -466.515 43.0294 348.99 -219.434
236400 1652.11 -781.185 -680.296 79.3469 247.003 -73.3135
236700 1692.12 -780.262 -489.483 63.0727 524.833 -201.064
237000 1661.42 -706.03 -254.572 122.877 489.698 -189.676
237300 1488.75 -885.577 -232.013 33.2051 288.337 -217.191
237600 1242.63 -828.951 -435.658 -13.0216 302.352 -69.3855
237900 1092.21 -731.375 -93.3641 40.9969 347.631 -523.835
238200 1069.48 -720.973 71.3846 58.197 447.232 -46.5887
238500 1140.11 -111.662 75.6234 -59.7714 317.182 -229.439
238800 625.437 -256.572 -196.6 -9.5262 278.022 -232.606
239100 738.038 -324.451 282.667 131.877 60.2532 -23.4211
239400 906.813 -334.846 -53.8419 336.091 423.431 -108.012
239700 580.246 -187.365 191.812 516.169 310.391 -89.913
240000 88.3945 -237.533 156.981 -140.698 315.83 -134.098
240300 472.585 -132.997 374.438 70.3687 166.573 -225.86
240600 481.44 -33.1685 748.001 532.776 306.514 -180.389
240900 83.3634 510.202 570.672 -5.11466 488.665 0.337255
241200 -241.062 128.171 600.811 14.7985 408.284 -242.804
241500 82.6081 244.918 774.457 147.434 -134.069 -168.813
241800 -292.465 359.352 627.818 63.4988 228.536 -220.307
242100 -631.992 47.699 529.233 51.8936 110.431 -290.019
242400 -632.938 -102.338 854.373 105.454 226.243 28.8654
242700 -704.863 435.216 841.168 -34.9247 282.466 -179.223
243000 -1045.92 674.38 888.754 111.539 282.605 -155.779
243300 -802.429 503.658 1031.57 -110.79 100.441 -119.069
243600 -891.66 554.708 1139.54 -77.5129 379.858 -174.272
243900 -1255.15 851.562 840.912 121.159 302.445 -325.923
244200 -939.226 607.309 1188.58 -55.4372 501.42 -184.222
244500 -1484.29 548.904 1040.39 110.913 267.239 2.38913
244800 -1349.29 898.019 1038.5 -80.8995 480.167 -76.4209
245100 -1466.95 1112.04 1302.28 85.6258 170.524 -181.491
245400 -1270.36 921.964 1354.48 186.439 252.672 -222.299
245700 -1571.15 1097.24 1115.49 221.446 354.93 -9.03456
246000 -1223.23 746.598 1036.38 216.856 467.839 -159.995
246300 -1429.26 863.886 1119.6 169.193 418.012 -69.8411
246600 -1254.77 770.505 1137.98 -25.7508 254.376 -88.0158
246900 -1375.78 908.219 1221 79.0954 304.404 -337.536
247200 -1334.24 906.466 1494.22 156.604 76.0147 138.575
247500 -1558.31 1020.33 1368.49 -20.219 320.435 -234.851
247800 -1396.31 808.348 1396.42 -40.1095 375.895 -283.578
248100 -1395.87 736.166 1229.1 215.603 465.435 -289.248
248400 -1342.71 823.897 1418.53 -73.4357 177.987 -450.458
248700 -1611.52 706.101 1237.62 247.767 304.969 -200.399
249000 -1438.98 1037.33 1402.9 163.94 363.237 -304.959
249300 -1383.41 792.055 1126.56 279.305 350.743 -171.27
249600 -1616.23 904.685 997.369 159.046 142.215 -70.318
249900 -1445.95 854.569 942.395 -70.3209 253.013 -113.469
250200 -1376.04 380.701 1074.63 -40.2872 167.044 26.8258
250500 -1090.57 586.128 1043.83 98.7042 223.793 -170.3
250800 -791.534 513.739 1205.42 67.2692 571.079 -98.4306
251100 -889.837 897.429 1210.96 206.786 415.723 -445.245
251400 -923.671 208.218 703.08 424.312 357.03 -146.134
251700 -771.229 497.519 1042.9 123.498 237.522 30.8381
252000 -983.711 299.54 967.431 292.302 254.186 -68.7769
252300 -561.926 387.647 515.513 199.191 316.038 40.5295
252600 -492.716 641.363 668.177 211.829 447.404 93.2395
252900 -293.668 174.387 790.805 -22.9051 37.7612 -66.0506
253200 -265.916 89.1964 498.389 109.665 98.6387 -198.812
253500 1.12162 -58.4271 614.819 95.0757 513.439 41.8509
253800 -175.497 130.13 650.63 124.04 491.333 -439.437
254100 194.46 246.277 75.3337 112.351 186.178 -164.958
254400 559.441 -210.516 565.021 -55.4376 325.611 79.0891
254700 437.239 -63.1846 588.085 85.8547 120.5 -174.681
255000 871.556 -169.257 254.416 -95.8119 270.829 -638.148
255300 592.058 -478.169 -203.253 -111.716 446.885 -395.631
255600 936.361 -189.838 348.214 50.9469 322.58 40.2068
255900 774.48 -668.398 184.207 47.0965 491.768 -95.5246
256200 1126.56 -358.122 93.1745 -4.10004 270.961 199.291
256500 1209.8 -376.503 -39.4989 -54.7746 336.658 -103.698
256800 1223.74 -368.053 64.676 -159.718 12.7637 -41.6495
257100 1031.34 -491.036 -304.563 284.35 372.682 247.895
257400 1413.5 -528.107 -150.379 67.7602 453.607 -195.013
257700 1740.86 -759.621 -381.943 195.382 307.433 2.03437
258000 1588.38 -933.476 -369.766 324.906 199.405 3.76333
258300 1739.41 -600.271 -547.709 272.103 264.874 -321.595
258600 1628.4 -630.815 -419.435 -138.099 227.89 -274.193
258900 1778.82 -919.304 -168.304 150.08 135.057 -35.4182
259200 1801.57 -857.3 -568.45 -3.33753 305.31 -295.747
259500 2037.83 -1025.78 -725.92 -18.1088 342.495 -40.2274
259800 2118.92 -794.182 -766.131 147.752 331.113 28.7337
260100 2097.89 -1107.23 -504.339 -145.172 222.362 244.679
260400 2363.55 -737.804 -635.661 -15.6294 428.168 -81.107
260700 2706.62 -975.134 -692.287 -43.2699 236.851 179.305
261000 2458.89 -947.444 -643.9 215.232 340.779 165.096
261300 2522.32 -1273.34 -778.588 75.3534 554.021 -103.553
261600 2351.92 -828.003 -239.002 171.134 281.913 -118.161
261900 2184.71 -1082 -164.173 50.5189 445.582 -67.7958
262200 2260.05 -1026.72 -755.544 21.6502 450.681 -82.2003
262500 2532.19 -930.418 -1113.01 126.024 18.6604 38.3841
262800 2413 -982.546 -481.48 94.2403 387.854 78.1171
263100 2718.92 -1228.9 -575.938 146.768 334.105 107.142
263400 2655.53 -903.155 -733.232 175.157 412.303 -181.14
263700 2211.74 -875.498 -622.905 -66.4755 201.259 -86.0579
264000 2159.41 -782.833 -821.598 55.0952 434.462 -88.833
264300 2316.87 -909.565 -615.419 80.137 380.92 -221.586
264600 2314.18 -1133.99 -789.953 7.53708 369.606 -0.725795
264900 2370.95 -841.069 -593.393 -18.7413 344.323 3.44095
265200 2108.26 -780.981 -478.571 33.0255 454.368 -75.2215
265500 2212.34 -712.053 -450.109 46.0788 489.39 -28.1059
265800 1989.97 -832.179 -536.177 -8.19615 686.986 -174.172
266100 1874.05 -732.076 -508.378 84.6207 322.019 -357.671
266400 1653.09 -658.261 -540.386 -0.501638 374.885 -18.9824
266700 1754.83 -828.69 -432.945 93.3217 276.343 109.074
267000 1489.46 -782.054 21.0808 26.2711 262.688 -103.05
267300 1666.5 -654.04 -115.176 178.778 406.777 70.1807
267600 1189.6 -391.295 -104.219 -187 456.515 69.808
267900 1195.01 -713.919 100.992 156.023 516.198 96.451
268200 945.746 -112.843 479.257 232.501 351.307 37.0681
268500 1155.27 -413.909 -112.444 105.109 407.699 -305.396
268800 1055.39 -408.406 48.6891 278.397 385.741 65.4013
269100 763.232 -348.847 0.374668 108.7 544.415 -107.338
269400 537.106 -169.062 243.448 56.0948 294.468 59.4434
269700 54.7939 316.545 343.002 -133.11 168.447 60.6335
270000 69.531 -88.9979 32.2788 -67.6626 260.129 -6.72148
270300 221.961 -19.415 101.602 128.38 531.549 -101.24
270600 252.906 -90.702 958.69 -187.179 336.063 -30.1296
270900 -31.4669 109.546 584.4 76.9454 244.153 -390.573
271200 -313.486 17.6082 821.37 -155.388 444.317 92.3115
271500 -426.376 447.99 690.436 -62.5179 202.036 -96.3745
271800 -278.603 605.392 646.66 147.17 165.173 -123.468
272100 -270.561 250.202 570.726 -44.7661 253.44 -40.705
272400 -525.283 424.232 597.322 254.738 237.251 -143.799
272700 -775.875 408.551 554.635 -109.434 207.612 -122.351
273000 -489.574 427.929 990.8 -61.9381 592.699 -180.918
273300 -871.136 510.16 1443.65 -10.0616 252.07 39.9263
273600 -908.33 508.314 782.558 117.65 275.606 -247.418
273900 -1042.49 515.844 883.478 -201.327 424.558 -182.099
274200 -1409.12 612.424 1008.57 63.6974 308.201 -134.244
274500 -911.226 332.088 1053.42 194.339 327.152 -396.325
274800 -1096.73 766.731 1492.05 -49.7385 469.837 -336.07
275100 -1175.05 934.406 1318.79 -86.7053 244.097 25.0954
275400 -1622.24 661.057 1407.09 167.343 289.664 -211.688
275700 -1400.77 715.32 1078.37 -45.926 452.149 -299.925
276000 -1329.26 632.366 1255.42 75.6774 572.807 -26.161
276300 -1587.62 1052.74 1189.51 123.476 612.44 -192.618
276600 -1527.29 962.168 1383.19 22.0499 559.534 -255.406
276900 -1572.77 728.789 1247.15 -111.933 470.325 -127.838
277200 -1236.04 808.229 1231.32 -0.919897 368.996 199.514
277500 -1881.03 859.398 1544.67 260.816 413.888 -118.136
277800 -1042.19 998.932 1206.38 0.424309 596.445 -61.4086
278100 -1613.63 870.345 1251.59 -140.431 373.493 -198.379
278400 -1515.51 865.896 1398.03 319.934 503.865 -443.24
278700 -1267.22 580.541 1238.6 121.523 397.892 -397.809
279000 -1265.78 663.173 1197.09 174.621 696.323 -142.642
279300 -1168.32 991.957 1172.45 97.638 333.229 -117.638
279600 -1291.52 777.57 1142.77 177.504 707.123 -6.8292
279900 -1218.07 791.411 676.481 102.643 315.903 -321.196
280200 -949.532 928.169 857.868 102.604 523.723 -68.9802
280500 -948.67 734.037 743.475 33.2342 384.933 -15.5264
280800 -1134.24 546.824 738.208 51.3882 344.074 -177.537
281100 -1280.43 323.447 884.399 23.3048 297.019 -210.009
281400 -723.109 99.1947 1003.84 -52.3091 503.01 -250.487
281700 -929.906 627.191 901.468 162.879 502.804 -325.141
282000 -906.837 313.766 580.183 246.938 319.675 -344.584
282300 -801.208 783.578 972.248 151.45 371.972 -12.624
282600 -793.529 255.859 622.389 -13.1236 391.091 -25.9935
282900 -480.208 680.698 576.178 -14.6423 458.612 -338.032
283200 -191.54 108.48 453.396 -131.165 555.463 -21.9976
283500 -81.0854 608.536 635.977 276.051 524.964 -115.71
283800 148.03 525.376 400.597 9.18312 313.093 68.2443
284100 -180.382 365.094 246.887 305.628 337.939 -143.361
284400 -250.553 136.612 374.001 -146.054 64.2183 -37.4676
284700 178.584 -387.993 303.883 -6.60946 380.738 -173.706
285000 500.356 -195.567 797.661 -65.9573 448.373 -187.514
285300 215.452 21.3311 271.898 -35.2219 418.385 12.2639
285600 494.99 -53.5721 352.37 42.0567 195.839 58.2772
285900 725.529 -512.376 80.5168 75.648 386.174 -225.151
286200 628.467 -623.598 23.7372 322.864 318.864 -248.587
286500 1130.88 -147.599 94.8471 80.5972 252.587 -24.4408
286800 941.419 -477.944 -128.088 -215.922 633.179 -116.1
287100 1218.06 -836.284 -121.043 57.3148 297.197 47.4845
287400 1252.84 -440.35 -396.972 468.934 398.91 -89.6508
287700 1707.4 -825.568 -572.905 86.9049 323.681 -117.224
288000 1224.62 -1003.38 -106.157 50.877 433.532 -103.659
288300 1859.64 -845.846 -442.65 61.8215 377.744 5.32057
288600 1908.78 -850.981 -450.484 -373.745 442.592 -3.34536
288900 1804.32 -1048.54 -506.844 -23.2047 410.144 -167.404
289200 2293.63 -666.945 -626.37 -240.526 395.758 -258.369
289500 2015.63 -1107.44 -541.113 -113.596 459.243 127.799
289800 2313.18 -853.052 -590.44 65.1908 227.09 -155.555
290100 2231.68 -1101.3 -560.445 116.864 405.808 -189.435
290400 2400.33 -1169.03 -624.646 67.094 474.209 -136.469
290700 2506.39 -1092.52 -333.459 204.208 295.625 -29.3505
291000 2400.04 -948.365 -693.807 256.488 605.263 -117.079
291300 2548.69 -1193.28 -517.796 69.0659 335.519 -42.9474
291600 2932.68 -1154.94 -825.025 -24.6768 386.918 -46.4198
291900 2353.31 -1300.65 -745.236 147.326 632.917 -204.952
292200 2442.27 -1275.18 -823.121 -21.2495 579.826 -2.08665
292500 2397.85 -1079.66 -607.886 30.5204 663.002 -198.027
292800 2184.87 -1220.76 -933.554 -89.6471 498.097 -167.533
293100 2350.67 -1028.21 -753.41 -147.497 494.52 -283.46
293400 2423.69 -980.182 -731.668 7.51236 416.605 10.1872
293700 2484.33 -805.188 -800.385 80.3118 189.441 -22.8569
294000 2615.98 -1130.23 -636.307 20.7752 323.462 19.2171
294300 2582.48 -983.251 -921.076 -293.75 468.828 -17.5044
294600 2203.65 -1095.87 -814.396 122.987 349.137 -115.851
294900 2283.58 -1254.64 -961.218 208.103 311.791 -200.184
295200 2288.52 -649 -616.049 -233.967 158.47 -94.2551
295500 2091.46 -1106.9 -671.882 74.3814 383.373 -270.408
295800 2325.26 -781.643 -343.807 -194.157 409.014 -44.0106
296100 1753.91 -706.112 -667.4 -125.941 343.655 -129.173
296400 1934.74 -618.805 -612.165 110.714 285.563 37.2636
296700 1675.27 -648.031 -429.187 -180.185 613.878 -174.876
297000 1810.04 -471.171 -262.933 42.8989 285.549 82.1221
297300 1341.37 -695.736 20.1654 -107.125 403.306 -208.038
297600 1180.47 -469.55 -50.6527 316.601 489.01 -82.8168
297900 1173.8 -574.736 -137.792 -38.1723 534.703 8.79831
298200 1037.47 -376.639 -143.871 55.3239 314.755 -135.424
298500 911.443 -824.206 263.543 -101.566 541.44 -283.124
298800 1257.29 -75.6649 0.277795 -134.873 514.929 -84.8752
299100 750.819 -257.654 191.853 134.407 365.974 -252.221
299400 650.54 -154.696 76.3056 179.153 278.818 -359.72
299700 280.747 -74.0835 397.301 -291.165 402.67 -101.71
300000 366.958 -347.89 14.0928 274.8 490.073 8.74421
