# Time-averaged data for fix ps1
# TimeStep c_thermo_press[1] c_thermo_press[2] c_thermo_press[3] c_thermo_press[4] c_thermo_press[5] c_thermo_press[6]
0 1274.21 -61.5381 117.833 266.466 31.5461 -109.211
300 1430.72 163.945 759.945 213.502 -205.327 -188.446
600 1300.48 580.445 811.53 411.468 25.8885 152.253
900 1175.99 1166.03 592.616 29.6068 12.6014 -388.659
1200 1006.88 956.054 1268.91 384.948 -11.6261 -216.761
1500 783.924 1156.84 1359.81 -110.021 -84.2876 58.7914
1800 678.438 968.473 1118.67 280.812 -45.2133 -262.862
2100 256.765 1398.63 1405.06 575.122 -126.229 -163.159
2400 1038.38 1012.6 1428.27 307.334 37.7979 -264.774
2700 785.577 1246.44 1462.22 113.063 177.477 -453.168
3000 430.226 1141.12 1508.01 171.8 228.026 -325.295
3300 177.832 1590.25 1107.64 108.099 212.547 -49.5265
3600 -19.8821 1783.66 1321.98 -31.9439 -98.665 -445.026
3900 424.734 1205.44 1105.63 -46.9993 -17.9359 -108.982
4200 -33.3059 1257.52 1561.17 -142.402 325.828 -235.411
4500 669.94 1581.09 1819.38 504.839 -192.631 -231.372
4800 134.872 1838.02 1466.39 231.323 -35.4611 -189.747
5100 58.6828 1845.63 1685.11 -215.051 -5.04477 -254.716
5400 -47.9784 1459.96 1184.47 290.26 183.138 -265.82
5700 -169.056 1700.21 1973.54 323.933 -35.405 -343.855
6000 -48.5191 1762.05 1537.61 271.729 147.987 -306.018
6300 -173.588 1811.55 1362.45 -141.346 171.869 -193.887
6600 -131.58 1991.28 1392.31 205.812 -258.944 -391.751
6900 -275.694 1779.35 1411.49 275.585 -53.5887 19.2498
7200 -216.223 2003.34 1511.16 131.715 127.731 -507.711
7500 154.654 1585.4 1463.18 1.54803 -73.9174 -447.111
7800 173.086 1685.45 1702.31 42.8263 -56.6489 -3.31086
8100 18.2412 1575.72 1491.65 239.872 -47.5647 -348.721
8400 35.7438 2139.82 1496.52 -16.217 37.5794 -320.159
8700 -59.3943 1968.4 1941.49 191.069 -252.969 -144.18
9000 147.304 2061.4 1498.65 22.3077 -66.0605 -107.592
9300 -349.23 1765.79 1433.43 110.522 -21.3229 -306.263
9600 133.896 1260.42 1475.71 -108.469 41.636 -253.114
9900 -125.641 1439.42 1512.41 -64.4153 18.4447 -163.806
10200 478.318 1637.88 1811.88 81.8229 -413.977 -116.938
10500 429.888 1213.94 1023.89 248.35 -293.234 34.1837
10800 871.12 1593.85 1601.31 68.0985 258.041 -486.846
11100 504.25 1386.35 1567.35 421.388 72.4143 -217.139
11400 184.256 1261.69 1570.52 264.694 138.221 -432.645
11700 201.59 1226.47 2110.82 315.082 -47.2899 -520.837
12000 565.11 1095.9 1141.37 243.966 -187.442 -231.113
12300 889.875 1408.87 1539.65 380.503 -32.9376 -202.444
12600 1165.24 1059.01 943.712 112.872 46.8748 24.2378
12900 1235.51 1185.73 1048.41 54.7456 -114.297 -203.471
13200 893.226 1202.04 995.479 332.905 -42.6107 -221.98
13500 1264.28 1133.85 1165.48 397.68 -179.673 -260.625
13800 1050.41 1189.32 724.252 306.238 63.3993 -59.3951
14100 1288.75 612.061 549.735 169.657 -179.56 69.7326
14400 1257.58 1118.72 1063.2 176.638 -44.2488 -11.1985
14700 1103.83 916.627 670.464 3.43727 -171.622 103.081
15000 1567.45 623.767 886.014 105.385 -112.526 -538.424
15300 1891.62 951.233 1099.71 165.796 60.3045 -280.354
15600 1989.65 676.217 827.519 32.2531 -5.30799 -145.652
15900 2173.14 1040.1 913.276 405.741 -74.4255 -447.703
16200 1643.14 686.09 645.71 129.948 67.625 -333.542
16500 2144.27 162.946 746.492 -38.488 166.8 -176.027
16800 2390.52 497.212 870.801 197.38 76.6865 -143.556
17100 2507.47 294.361 249.121 220.463 -99.8682 -115.284
17400 2369.89 277.615 561.282 204.411 -135.649 -402.337
17700 2651.39 -15.5724 193.209 266.408 -134.69 -233.7
18000 2480.67 467.751 456.198 -100.325 -168.457 -219.347
18300 2764.33 278.67 376.205 199.617 -69.5985 -236.421
18600 2851 -24.6821 280.881 383.816 -627.549 -425.507
18900 2568.85 80.2389 125.52 259.142 -344.077 -201.199
19200 2834.42 468.124 -61.1381 29.1163 36.602 -311.196
19500 2916.03 272.58 148.106 234.514 48.2163 -34.2543
19800 2859.5 -257.258 504.185 421.285 -43.7177 -393.358
20100 2920.94 264.359 264.441 38.2051 -132.386 -117.756
20400 3000.07 -131.932 17.9649 -76.7883 -8.25853 -144.286
20700 3411.17 -35.4114 -180.556 -152.518 193.56 -83.0266
21000 2897.87 333.854 234.507 51.085 71.6119 -264.129
21300 3077.13 420.44 501.14 213.813 82.129 -239.969
21600 3095.92 90.433 84.4562 299.503 -121.386 -294.627
21900 2871.12 -83.4689 79.8052 239.217 74.2736 -3.03314
22200 3262.28 140.937 350.069 -4.49558 -216.872 69.7819
22500 2668.49 -235.347 328.116 114.433 61.1922 -208.321
22800 2868.99 205.894 -287.82 129.8 -117.396 -278.851
23100 3158.99 -26.901 343.556 -324.101 149.102 -56.8272
23400 3229.04 150.494 -77.1321 192.527 3.58837 -125.165
23700 2995.67 -52.6362 0.446636 -36.777 143.186 -402.911
24000 2902.73 563.413 395.467 77.8929 -140.405 -250.062
24300 2646.4 481.27 592.795 86.6223 -397.59 -306.754
24600 2836.32 -205.117 418.782 61.3329 -63.1358 -155.862
24900 2575.94 211.187 94.3808 55.0229 -16.6223 -74.5892
25200 2706.61 166.05 587.987 252.341 260.84 -239.964
25500 2427.06 229.186 813.457 304.361 50.4128 -361.481
25800 2541.59 479.275 778.962 155.827 -183.577 -163.284
26100 3016.19 359.654 521.028 254.216 -105.363 -332.868
26400 2348.17 -53.7833 544.508 268.912 -113.541 -149.726
26700 2229.16 739.585 324.473 264.271 -368.353 -258.153
27000 2310.25 521.8 970.001 197.864 68.9894 122.75
27300 1886.14 344.73 763.781 79.8475 82.1383 -196.624
27600 2262.06 338.851 734.354 -22.8163 -107.192 -144.808
27900 2388.07 388.372 525.389 208.871 107.194 21.4576
28200 1969.41 388.155 706.329 219.734 -130.318 -86.4479
28500 1805.02 567.411 570.03 239.218 200.466 -171.133
28800 2014.72 236.758 579.321 399.325 -297.201 -132.286
29100 1996.97 606.796 950.548 88.8349 132.606 -240.06
29400 1582.19 768.062 820.82 337.59 153.103 -564.636
29700 1146.59 768.172 1007.13 288.704 -193.329 -286.68
30000 1299.94 1024.93 646.197 432.534 -118.305 -210.155
30300 1005.02 778.728 1306.38 34.5392 243.975 -360.771
30600 672.198 1083.87 1046.02 171.893 72.7408 -121.037
30900 1284.48 923.711 1036.04 9.03728 339.72 33.9314
31200 907.139 1144.3 1525.75 161.14 66.5305 -103.582
31500 659.672 1317.86 1375.92 -193.687 26.0426 -391.009
31800 568.867 691.815 1442.74 87.9635 133.358 -184.234
32100 988.575 1434.46 1704.74 -48.4479 -232.244 -25.8138
32400 563.416 1094.01 1844.31 69.7958 143.628 -135.144
32700 381.793 1234.65 1373.16 202.04 56.3767 -165.512
33000 374.682 1389.08 1385.54 -107.309 408.915 -88.6787
33300 510.688 1109.82 1616.42 56.4433 164.482 -485.839
33600 283.03 1270.21 1749.94 -68.8555 15.4068 -287.302
33900 89.9037 1480.92 1479.22 185.768 214.979 14.1207
34200 130.142 1703.06 1414.92 493.898 201.916 -168.611
34500 1.46568 1737.69 2011.27 54.8202 291.33 -143.022
34800 164.647 1270.97 1439.24 404.751 -26.3256 -92.7983
35100 -175.972 1811.88 1516.47 263.534 -260.514 -258.688
35400 234.265 1892.58 1325.4 4.48505 -140.334 -105.329
35700 -99.0194 1435.77 1805.71 374.076 27.5777 -242.05
36000 -522.166 1596.02 1405.69 425.637 0.991752 -316.813
36300 -399.803 1628.57 1645.96 -147.664 259.431 -66.7435
36600 -331.916 1929.63 1130.86 255.267 -121.889 -362.359
36900 -384.533 1576.85 1486.32 -98.4912 82.1304 -118.841
37200 -334.445 1747.45 1823.86 -79.7192 120.668 -264.08
37500 -598.404 1745.07 2034.73 223.762 169.012 -428.446
37800 -470.559 1521.21 1694.58 302.282 -154.295 35.3211
38100 -48.5207 1444.39 1881.13 207.08 -108.697 39.1009
38400 -166.029 1260.69 1852.29 -212.067 -256.844 0.178533
38700 349.933 1801.38 1601.34 128.942 -59.8216 -372.374
39000 -190.408 1347.28 1508.44 249.219 135.52 -317.785
39300 -285.384 1855.64 1688.85 -204.622 514.816 -165.973
39600 -95.7214 1646.49 1552.31 -208.898 278.394 -133.348
39900 161.597 1572.72 1461.61 -91.8757 142.329 -334.489
40200 -72.4669 1496.55 1953.92 -21.9197 23.2313 -528.335
40500 72.6226 1100.88 1232.33 250.475 46.9221 -609.215
40800 174.278 1077.56 1394.89 111.104 69.228 -243.848
41100 1032.47 1332.33 1170.21 -124.919 48.6628 -574.716
41400 265.07 1345.88 1200.77 116.206 -118.097 -169.611
41700 149.152 1061.56 1261.94 -74.2114 44.8281 -256.017
42000 844.806 1405.15 1039.63 271.694 182.14 -416.833
42300 818.636 1069.08 1274.87 479.462 122.203 -430.386
42600 1082.2 790.169 1507.1 -23.4762 -136.954 -13.9362
42900 1055.54 1328.51 1583.54 2.90984 73.5904 20.8406
43200 1027.32 994.003 1083.21 67.5068 137.402 -204.674
43500 1227.1 1291.52 1291.82 331.825 -334.834 -251.227
43800 1017.67 582.797 1051.88 -16.6773 -192.572 -149.825
44100 1461.22 998.246 802.494 452.669 -365.383 -248.451
44400 1403.36 773.32 1011.29 429.333 -491.585 -78.3434
44700 1166.05 934.024 636.452 12.2914 -156.147 -448.516
45000 1648.24 500.11 1147.09 314.244 -185.575 -136.43
45300 1806.3 651.225 1214.13 371.921 -246.479 -229.718
45600 1813.81 702.643 1083.3 -3.68379 -64.5326 -60.9743
45900 1525 288.913 1234.87 67.3866 -111.654 -267.978
46200 2101.22 415.581 676.778 108.188 86.5867 -190.843
46500 1800.39 935.338 689.291 157.754 -25.952 -76.0606
46800 2162.23 773.283 619.001 185.634 -318.36 -104.522
47100 2637.42 292.123 588.729 132.06 -1.06978 -545.21
47400 2028.13 376.711 597.318 2.54737 30.8502 -218.614
47700 2556.33 63.0398 428.183 345.995 61.7377 -420.249
48000 2456.01 340.967 352.626 192.546 67.489 -459.352
48300 2347.28 487.068 710.166 247.018 251.031 -115.174
48600 2513.61 280.387 312.646 128.379 -134.565 4.83037
48900 2309.81 37.7527 -17.4097 362.286 451.249 -317.52
49200 2942.2 -208.601 485.723 318.224 70.6972 -357.299
49500 2571.34 -1.23591 209.61 7.30323 -103.31 -63.5599
49800 2783.41 44.284 238.958 160.146 -136.641 -261.059
50100 3432.22 -48.4348 551.255 296.718 134.729 -310.893
50400 2897.16 190.654 571.898 179.329 130.919 -243.069
50700 3361.54 533.604 153.98 4.22816 207.913 -338.13
51000 3171.12 466.625 516.191 89.9738 164.689 -229.836
51300 3181.92 -86.5546 -62.9049 125.022 263.491 -182.833
51600 3434.3 -101.561 191.782 -12.8383 -154.199 -185.395
51900 3190.19 -338.738 -20.6974 222.743 80.344 -225.742
52200 3354.95 -120.477 709.988 1.26785 96.0154 -382.307
52500 3143.15 26.5697 183.89 195.304 74.7669 -385.628
52800 3000.78 -254.135 -87.5097 -33.5841 -35.1786 -42.0118
53100 3029.87 -114.098 263.808 179.717 -147.007 76.9064
53400 3347.36 -212.491 373.817 -18.4956 32.9725 40.2501
53700 3114.05 349.047 159.119 288.688 -319.059 -240.99
54000 3019.45 -128.86 227.044 199.128 -157.867 -384.922
54300 2881.56 -73.9601 436.627 97.9706 -54.6815 -241.564
54600 2933.57 -304.402 622.417 7.42003 -243.985 -364.366
54900 2428.89 276.17 397.494 177.548 92.7812 -184.639
55200 2854.02 827.379 1.20491 317.873 -285.569 -462.406
55500 2819.21 346.53 407.376 45.7786 141.41 -518.196
55800 2267.13 158.542 551.554 170.749 27.2626 -350.569
56100 2672.93 87.9618 164.039 -74.0519 34.9782 -360.828
56400 2514.78 264.737 665.273 416.07 -80.9798 -387.681
56700 2104.31 585.956 645.998 94.9107 24.141 -503.924
57000 2413.28 482.18 643.609 431.253 166.624 -503.499
57300 1978.42 303.124 1000.36 -39.743 -37.0133 -357.728
57600 2327.97 636.534 242.264 79.7186 194.44 -531.023
57900 1782.32 784.714 726.165 213.676 -295.713 -393.84
58200 2018.36 877.61 830.492 173.2 80.0866 -419.99
58500 2058.16 1005.59 510.345 217.571 114.635 -172.218
58800 2161.97 699.704 505.001 71.0563 58.2098 -312.304
59100 1743.47 877.782 501.997 124.282 -35.4355 -90.9362
59400 2009.45 631.949 430.841 209.64 -156.738 -319.446
59700 1632.64 1176.27 840.743 -34.0385 154.051 -446.509
60000 1072.64 807.364 986.084 221.19 -4.28011 -281.291
60300 1356.24 1032.86 659.215 96.9903 -179.909 -370.926
60600 1463.72 420.662 1532.81 28.9366 114.234 -242.033
60900 1267.39 806.887 1034.32 62.3434 -41.9667 -53.8545
61200 1100.33 600.865 1254.51 75.4662 166.416 -241.361
61500 821.528 1108.78 1037.02 114.153 -5.20037 -239.367
61800 1055.08 1370.95 1088.21 186.68 64.9381 -127.527
62100 625.468 1263.35 980.151 264.312 144.662 -412.739
62400 848.503 1080.64 977.707 251.267 55.8823 89.4181
62700 523.184 1121.03 1251.96 313.31 -170.062 -372.648
63000 760.872 1283.53 1662.3 -124.319 180.236 -243.659
63300 107.36 1407.8 1318.85 -22.521 -63.7143 -208.23
63600 196.838 1286.92 1527.24 -97.2829 -260.525 -44.971
63900 324.869 1466.98 1222.49 466.524 -56.1004 -629.359
64200 -117.95 1649.71 1178.59 -42.9466 -147.787 -171.738
64500 -0.763637 1386.24 1691.42 146.88 73.4983 124.265
64800 252.971 1794.23 1704.65 96.4316 304.395 -86.942
65100 -201.969 1435.68 1425.87 -69.9274 140.969 -61.9217
65400 207.357 1479.77 1431.04 78.3806 101.738 38.4375
65700 37.8001 1773.86 1693.97 122.215 336.233 -279.623
66000 -174.888 1352.07 1721.83 214.091 101.004 -610.476
66300 -387.345 1539.85 1749.03 208.332 76.9657 55.6579
66600 -150.557 1477.5 1530.2 -77.9287 42.7526 -420.741
66900 134.017 1497.93 1499.61 74.2793 -199.824 6.23612
67200 -265.62 1733.01 1830.81 331.658 -100.72 -60.942
67500 -75.0849 1596.07 1602.46 238.212 14.1042 -284.722
67800 -381.563 1524.63 1373.15 212.437 42.108 -332.914
68100 -584.925 1631.42 1821.76 233.897 166.839 -574.694
68400 95.6816 1576.21 1619.76 348.924 336.585 -105.658
68700 458.973 1654 1320.69 -7.63805 2.74372 -141.633
69000 -84.0841 1762.69 1379.65 186.818 -62.0843 -209.526
69300 -136.095 1902.76 1306.19 343.495 -268.542 -196.423
69600 -418.049 1393.18 1519.35 140.608 -93.4902 -473.195
69900 -92.0478 1768.27 1871.86 336.941 -97.9793 -254.716
70200 216.716 1545.96 1798.15 -72.9385 99.2509 -180.878
70500 412.767 1657.38 1455.18 310.211 -268.185 -364.836
70800 326.967 1361.69 1558.75 244.071 116.098 -229.043
71100 192.548 1296.48 1247.36 76.7641 -248.885 -189.757
71400 790.732 1293.17 1683.52 52.7878 -84.9804 -419.327
71700 456.973 1192.78 1298.7 -7.2681 -79.4536 -189.64
72000 862.866 1233.21 1406.98 69.5235 118.918 -128.37
72300 694.074 1371.04 1945.07 33.5343 -401.46 -271.297
72600 405.748 1398.63 1452.41 78.8911 97.0016 -86.5879
72900 844.951 1095.25 1143.22 359.333 236.665 -293.79
73200 1126.21 572.872 1215.81 219.197 109.531 -354.836
73500 1054.96 379.425 1270.44 251.293 100.062 -209.761
73800 1288.81 1046.15 1197.03 -119.407 273.661 125.099
74100 938.09 806.966 1256.6 106.94 -212.344 -223.115
74400 1310.32 305.158 1149.01 442.628 223.876 -406.72
74700 911.298 347.162 1021.1 88.3567 -165.245 -295.352
75000 1603.57 832.135 1119.61 186.856 271.42 -278.487
75300 1435.16 688.361 922.493 269.74 -105.541 -185.417
75600 1552.52 634.671 387.364 19.4462 233.003 -115.453
75900 1514.21 993.304 787.725 106.321 13.7746 -144.554
76200 1824.58 416.54 835.866 -150.8 117.038 34.7453
76500 2233.74 245.18 875.415 -202.742 56.6331 -236.009
76800 2084.43 20.316 412.146 -123.13 156.495 -98.4088
77100 2486.83 -19.5699 304.813 121.272 126.538 -366.469
77400 1971.14 410.21 855.947 -141.978 210.289 -226.302
77700 2438.92 461.481 578.503 106.746 -52.8171 -175.82
78000 2436.25 -58.6403 555.047 -65.3804 -45.1296 -283.236
78300 2829.25 1.52276 417.396 248.068 -3.58639 -53.581
78600 2378.83 512.663 516.54 81.5468 -92.4924 -228.793
78900 2817.46 278.071 265.991 -63.8606 -89.8264 -236.979
79200 2702.07 -159.891 407.992 44.7898 -190.43 -218.241
79500 2577.49 429.134 405.525 -271.659 -194.388 -232.942
79800 2802.23 247.338 273.878 32.4465 65.1458 -163.35
80100 3259.45 815.309 128.979 169.879 48.4447 -118.911
80400 2730.4 308.793 192.156 89.7888 -297.363 -123.583
80700 3370.74 148.147 -76.8558 262.461 59.111 -467.578
81000 2972.47 269.683 33.9281 1.31541 143.642 -299.521
81300 3502.25 113.423 177.399 -144.861 65.868 -87.6628
81600 3126.59 573.528 267.547 -291.668 -202.209 -21.217
81900 3103.75 669.78 -181.654 397.047 96.1923 -121.913
82200 2679 -176.239 342.822 -8.15526 36.8371 27.218
82500 2965.57 -49.0178 445.23 113.498 -195.507 -126.844
82800 3164.93 240.092 422.925 303.367 -306.185 49.4764
83100 2877.61 53.6939 179.398 334.752 -5.14147 -148.748
83400 2703.26 217.896 467.407 -55.3675 -231.761 -58.5824
83700 2873.68 93.7651 167.767 195.018 82.7207 -34.2186
84000 3278.32 74.3683 134.529 196.034 -202.143 -179.552
84300 2706.35 355.593 391.73 -206.264 -122.49 -145.047
84600 2840.69 588.16 305.976 129.681 41.9991 -240.993
84900 2523.13 530.321 260.885 212.691 -96.1545 -559.804
85200 2533.16 495.706 689.71 285.655 -439.652 -321.907
85500 2983.94 862.249 477.836 85.5497 39.9756 -104.253
85800 2606.25 530.718 234.738 324.238 167.411 -250.107
86100 2417.41 587.854 486.697 256.437 -326.687 22.1113
86400 2580.47 158.665 103.719 79.6859 -73.1353 205.795
86700 2753.76 537.58 276.351 -78.8366 31.8457 -167.773
87000 2426.62 425.873 815.796 -94.4659 190.87 -294.328
87300 1951.76 195.247 387.572 -70.7582 133.368 -225.396
87600 1949.5 650.321 478.743 -124.337 96.491 -260.979
87900 2015.5 832.633 571.57 416.822 -217.984 -433.178
88200 1828.36 813.235 349.088 -144.557 -64.5534 -127.56
88500 2305.59 412.503 612.994 40.3133 -314.621 -417.491
88800 1883.19 838.892 1186.66 174.186 -43.5829 101.783
89100 1848.15 877.95 541.877 -16.2644 173.956 -366.934
89400 1424.77 1068.35 1037.32 206.17 11.4508 -64.2042
89700 1508.44 974.583 1181.5 -167.695 -22.5053 -288.137
90000 983.976 567.985 992.611 233.543 -277.922 -256.069
90300 1074.02 854.666 999.199 197.722 -113.496 44.1278
90600 1407.37 1105.39 888.09 256.004 -349.929 65.515
90900 1141.41 1140.34 802.744 340.232 235.933 295.729
91200 476.782 979.452 1245.58 377.884 -49.6659 49.6628
91500 1154.89 957.952 1395.72 138.025 36.6255 -135.499
91800 1017.6 875.512 1439.25 -20.9234 223.676 -135.785
92100 851.593 1372.43 1772.72 7.33264 114.067 -63.1096
92400 524.956 941.284 975.045 348.969 18.669 -409.2
92700 558.86 1798.31 1706.62 109.602 -210.795 -253.127
93000 387.76 1257.58 1514.64 245.891 -397.543 -73.8315
93300 422.537 1227.14 1608.07 216.628 -271.676 109.741
93600 293.206 1947.44 1870.45 460.058 -101.564 55.143
93900 -110.9 1357.39 2069.92 258.919 -23.3274 -25.0991
94200 29.7764 1169.71 1542.85 455.01 60.3348 -122.653
94500 -55.6971 1370.58 1533.43 47.9058 -303.185 16.329
94800 22.9393 1457.28 1733.62 182.359 -125.133 -369.899
95100 129.241 1414.55 1536.76 193.841 -12.4829 -364.914
95400 127.56 1379.64 2236.93 276.404 -44.4721 -278.409
95700 -30.9712 1565.9 2049.89 263.222 -126.287 -96.0579
96000 232.261 1657.98 1438.61 297.445 -32.1288 -282.677
96300 340.512 1982.67 1464.05 19.2914 -241.903 -275.997
96600 -121.047 1580.33 1860.64 13.8065 -217.511 202.181
96900 199.599 1685.77 2205.24 252.682 -94.5169 59.0531
97200 -282.954 1695.65 1582.91 279.064 -285.537 -130.671
97500 -217.665 1500.4 1857.22 435.771 -283.746 -200.796
97800 -134.432 1301.74 1758.21 126.986 -67.0131 -231.689
98100 -168.517 1599.37 1669.39 99.2781 -47.0317 126.047
98400 -357.82 1431.31 1881.67 62.8491 -243.173 -92.2429
98700 -109.093 1810.64 2104.14 172.166 74.6351 -359.081
99000 -121.242 1569.93 1834.11 325.975 -158.796 -471.63
99300 -93.9136 1684.72 1421.65 200.162 -155.887 -50.2299
99600 224.718 1774.79 1996.45 95.6992 -129.679 -338.152
99900 53.597 1773.75 1813.6 248.425 -94.2628 -603.486
100200 -115.549 1888.47 1624.49 61.9778 -40.1278 119.383
100500 1.37321 1351.53 1744.77 162.665 -5.93484 -258.962
100800 -128.154 1402.72 1467 118.4 -166.066 -522.145
101100 574.267 1311.34 1781.9 -106.157 -360.426 -418.206
101400 399.296 1227.2 1274.66 33.6301 -525.077 -438.735
101700 624.34 1517.15 1087.49 165.508 -236.841 -283.738
102000 298.053 1419.37 1776.47 -26.8737 157.589 -57.1511
102300 830.457 985.611 1371.93 -12.6166 -125.44 -275.587
102600 963.788 1285.07 1048.16 142.88 98.4116 113.154
102900 752.857 1000.9 1068.55 255.884 -175.643 -262.846
103200 916.79 659.402 978.577 297.883 46.0921 -439.104
103500 1232.51 985.094 1221.96 29.4714 -264.511 -183.656
103800 882.153 1059.47 877.156 415.316 -20.4271 -13.8597
104100 1216.52 1193.2 1014.78 211.803 195.016 -168.097
104400 1182.54 793.166 1072.84 448.382 -388.371 -143.349
104700 1755.03 974.78 480.413 -20.9694 83.2086 -130.436
105000 1360.41 615.717 845.94 187.661 -46.9062 -53.4043
105300 1812.73 678.742 1146.45 47.7433 210.513 -396.766
105600 1738.64 142.232 574.067 337.886 -71.9044 103.188
105900 1626.92 411.655 711.117 395.682 62.7127 -91.5729
106200 1893.8 443.344 803.627 365.243 56.4449 -88.8323
106500 2132.16 806.39 832.037 63.2257 67.8334 -227.165
106800 2077.16 659.231 738.412 49.0742 -63.1554 -173.004
107100 2375.49 540.348 12.0345 102.323 272.181 -72.5836
107400 2418.46 331.46 503.534 337.683 -49.1576 -149.885
107700 2107.76 631.905 665.057 243.144 -10.0665 -463.844
108000 2512.89 507.526 393.539 158.771 237.223 -126.257
108300 2480.51 543.566 353.827 90.7413 -193.469 -549.484
108600 2721.7 95.929 542.969 -134.396 111.877 -182.108
108900 2681.05 -236.809 521.595 394.361 33.9466 -162.939
109200 2741.55 213.826 625.526 171.942 289.493 -36.6943
109500 3070.9 38.7986 466.401 -179.314 -101.894 414.197
109800 2759.46 46.9251 957.519 186.778 -26.5682 -33.9877
110100 2704.44 268.222 385.308 334.264 -113.458 -122.185
110400 2331.01 327.525 570.808 110.554 -114.02 -151.01
110700 2582.45 91.5878 593.304 124.876 -64.1097 125.214
111000 2571.17 -212.197 654.733 305.054 -198.087 -296.285
111300 2703.67 -251.987 261.408 -50.9594 -45.9626 -223.418
111600 2726.19 293.719 180.991 152.057 -191.983 -347.382
111900 2974.82 107.014 -60.8756 80.5403 -76.8601 -290.359
112200 3281.31 149.044 -35.2552 50.0828 -441.121 -55.6066
112500 3084.45 242.097 -111.482 313.09 -209.14 90.1187
112800 3229.23 295.681 328.521 72.8808 -5.1236 -134.925
113100 2899.4 511.708 627.535 249.557 126.499 -8.23651
113400 2679.03 128.413 715.952 39.2944 -198.718 -80.685
113700 2860.14 177.523 41.9029 12.8116 256.598 1.14005
114000 2746.56 354.767 442.859 25.0044 -280.067 63.3292
114300 2705.57 45.3665 47.8184 275.452 158.228 -31.9386
114600 2852.5 716.838 342.993 124.72 -186.827 -42.2322
114900 2888.18 803.625 -7.06709 175.957 -186.073 -171.555
115200 2120.35 153.274 821.31 481.311 21.352 -121.533
115500 2400.83 -119.308 423.677 160.658 -112.683 -78.6657
115800 2724.28 111.33 307.129 -129.628 -59.7478 -265.823
116100 2653.36 878.864 915.74 275.4 13.3848 -83.6043
116400 2386.4 551.869 503.133 382.497 -340.415 46.3973
116700 2496.61 174.038 603.789 417.034 -30.6813 -236.619
117000 2187.15 651.639 745.54 25.429 -193.748 30.2854
117300 2131.7 307.897 761.131 165.009 -120.879 -90.0359
117600 2736.07 782.709 550.495 348.977 -360.984 -88.6387
117900 1699.86 240.772 532.08 271.383 142.337 -104.478
118200 1733.76 1114.35 992.334 348.122 172.768 -215.945
118500 1998.62 771.718 737.286 122.959 -348.746 -208.296
118800 1994.98 636.397 937.034 83.4752 -48.8022 -202.023
119100 1788.36 759.794 781.659 189.452 -277.575 -90.6472
119400 1422.78 696.884 1105.33 314.635 -4.11633 65.548
119700 1636.28 922.877 1023.75 95.8366 -159.916 -214.689
120000 1198.8 488.675 905.373 408.091 -5.47623 -88.7522
120300 1321.42 684.825 830.249 -88.9451 78.2918 -130.926
120600 895.097 1208.88 1161.17 -38.9275 76.0558 -43.3207
120900 1484.67 1178.91 1361.8 153.427 -25.0299 -119.098
121200 780.626 1518.41 1348.44 61.3041 -134.83 27.4894
121500 932.095 1486.61 940.482 153.563 97.3077 -75.0711
121800 917.867 1240.35 1228.2 102.162 -253.797 -327.216
122100 1214.28 1258.85 1452.73 116.988 -329.155 -69.7614
122400 1014.18 1265.67 1727.67 497.895 -296.69 -17.2779
122700 595.214 1047.74 1227.8 39.1545 -282.59 -346.141
123000 711.625 1345.37 1140.26 211.627 -5.36158 -34.1232
123300 554.844 1059.08 1640.64 145.639 -230.64 54.9384
123600 1023.23 1120.18 1287.02 -0.977341 -96.8233 -194.828
123900 282.159 1303.98 1916.45 190.492 89.0747 169.306
124200 280.802 1535.86 1623.63 159.575 -326.636 72.0126
124500 255.853 1756.58 1376.23 282.853 372.135 -200.703
124800 265.952 1372.96 1919.74 54.509 -30.5462 -155.463
125100 -98.1923 1298.55 1783.65 95.1904 -0.686702 -179.924
125400 304.726 1235.16 1915.83 0.168522 -143.762 40.7512
125700 -291.3 1167.18 1760.8 229.021 -56.5756 -417.223
126000 -101.949 1870.51 1648.92 260.175 -115.573 336.084
126300 -362.516 1446.45 1780.26 -9.56978 266.802 94.1402
126600 140.521 1059.35 1867.65 -140.536 -149.902 30.3759
126900 157.437 1726.45 1843.33 218.394 202.639 -198.547
127200 375.555 1580.91 1999.07 328.551 -123.371 18.6265
127500 48.7682 1260.7 2138.55 170.7 55.2868 59.574
127800 -268.078 1862.73 1479.72 421.771 -206.322 -122.178
128100 214.637 1557.25 1409.36 313.142 -213.066 48.7106
128400 224.918 1555.02 2069.79 103.38 -146.128 -10.771
128700 275.529 1809.23 1772.17 338.593 -196.739 -0.298774
129000 124.352 1979.65 1535.22 89.5645 -204.304 -154.063
129300 323.714 1179.13 1475.5 260.592 221.26 75.3143
129600 447.96 1362.42 1454.9 -156.144 -435.813 -341.212
129900 -189.129 1363.68 1729.98 377.781 -279.073 -149.337
130200 -30.5873 1908.86 1416.44 -14.07 -146.14 -169.848
130500 189.282 1867.66 1504.72 29.1216 -90.1317 -146
130800 565.695 1267.99 1319.69 279.304 24.4988 193.46
131100 556.034 1177.9 1650.58 270.069 -70.5358 -124.276
131400 581.996 1255.35 1434.98 447.595 80.8843 -386.186
131700 378.54 1417.27 1234.61 159.013 71.1882 -43.8913
132000 569.682 1476.33 918.629 16.2479 -151.615 -155.701
132300 696.268 628.211 1243.57 103.398 15.8434 166.854
132600 939.291 1219.91 908.054 180.437 48.2555 -134.984
132900 869.788 1021.28 1114.75 148.714 -361.42 -346.24
133200 1065.32 1214.04 992.437 307.187 -54.293 -83.6192
133500 1420.3 1218.59 1038.17 123.059 -136.766 -119.707
133800 1339.68 847.64 746.478 86.6589 -348.686 -84.9322
134100 1229.69 963.79 1139.8 153.805 -150.493 -178.469
134400 1045.41 835.67 793.766 124.065 -51.9322 -52.402
134700 1520.03 1037.78 884.233 330.84 -297.35 -93.3144
135000 1316.38 713.523 999.287 248.856 -66.3513 -259.924
135300 1759.02 722.636 732.399 425.075 -94.5051 198.009
135600 1427.64 681.737 485.565 99.9605 287.64 -197.204
135900 1908.8 646.688 987.411 50.5726 -39.3138 -152.583
136200 1473.91 852.844 297.307 432.057 -304.235 -272.471
136500 2350.34 527.104 820.061 272.867 39.1226 -21.8321
136800 2287.68 392.035 695.807 80.2738 -363.368 -257.061
137100 2145.02 316.39 99.6307 209.561 -84.3391 -15.5431
137400 2231.86 224.65 479.99 284.248 -61.1114 223.664
137700 2289.84 513.428 864.084 205.283 -216.828 17.9579
138000 2301.24 138.428 104.058 88.7903 10.0833 -142.292
138300 2900.19 542.743 681.659 99.6206 175.222 -10.507
138600 2812.34 -113.012 362.575 -67.8369 -101.096 -139.492
138900 2632.3 198.239 630.377 92.3301 23.9165 -119.7
139200 2995.75 547.72 529.978 240.082 -141.171 14.3727
139500 3324.1 430.958 -38.0792 62.0806 -59.4008 91.1514
139800 2796.41 -56.2188 488.959 -27.24 -142.557 58.7361
140100 2992.87 329.015 351.519 8.17331 -288.969 -56.2217
140400 2940.16 -115.652 488.507 262.79 -223.95 -105.24
140700 3268.36 221.653 498.638 196.9 -104.153 108.519
141000 2759.32 324.448 83.7499 384.912 251.952 -141.658
141300 3228.46 -164.911 370.541 159.071 107.057 -183.588
141600 2923.79 279.734 266.296 504.99 241.993 -230.742
141900 3119.91 43.8447 133.377 217.084 27.4921 64.6061
142200 2522.81 79.9834 182.123 397.689 -71.5455 59.8687
142500 3086.74 82.9394 338.31 97.4595 378.319 -22.8069
142800 3267 568.96 160.92 360.487 -4.86794 -130.661
143100 2975.48 -247.625 162.076 330.95 46.4422 -164.652
143400 3028.17 364.973 368.678 409.852 75.8367 -217.728
143700 3307.13 -66.622 -8.49268 220.957 -18.4146 44.9541
144000 3056.4 235.271 -140.74 417.55 32.9226 -140.315
144300 3251.87 618.796 625.87 335.928 -384.378 -90.9089
144600 3006.4 226.293 374.756 126.478 19.2717 32.8036
144900 2451.14 -51.6405 736.418 153.152 8.16338 -259.838
145200 2395.82 537.193 827.359 97.3209 0.68115 -289.516
145500 2759.59 152.192 531.634 -110.492 159.569 146.643
145800 2855.89 236.024 601.768 209.839 -15.2863 274.958
146100 2866.89 19.4001 658.383 152.729 -5.89015 106.291
146400 2808.81 428.313 1052.38 310.408 -240.384 -80.338
146700 2492.28 552.7 291.024 164.41 -309.748 266.484
147000 2481.1 628.285 908.515 102.26 -131.187 -7.19525
147300 1973.41 628.804 563.931 68.2505 -159.937 -50.227
147600 2122.81 695.694 680.08 87.3125 74.4499 202.955
147900 1875.54 712.185 384.095 91.2093 111.042 -137.822
148200 2046.22 541.035 599.991 -51.9375 220.234 -467.109
148500 2324.26 441.661 849.457 204.36 176.479 0.850498
148800 2287.22 773.19 1226.43 34.0771 21.5134 -68.0881
149100 1870.47 677.503 1068.5 203.602 4.67812 -356.92
149400 1905.82 1073.92 1349.98 -8.75142 -4.77186 -101.067
149700 1763.86 840.627 922.949 379.173 -60.2313 -84.4937
150000 1522.64 812.05 942.314 -57.4809 21.9907 27.4278
150300 1387.13 741.326 816.078 163.641 323.882 -81.2553
150600 1489.45 850.952 1164.95 -212.477 47.2903 -258.154
150900 1303.57 1286.87 1238.99 285.932 68.3606 -1.05242
151200 1029.86 1154.98 1078.95 38.3558 75.4214 229.992
151500 1505.88 1461.05 1085.61 292.474 -329.543 -108.494
151800 801.902 1038.47 1046.58 183.589 -224.077 -136.226
152100 854.866 939.665 1550.94 117.686 21.695 -60.4565
152400 360.795 1012.11 1742.39 88.9682 -197.501 -288.378
152700 526.347 1361.78 1891.51 -12.7653 -5.20476 -322.759
153000 446.527 1453.75 1499.28 84.653 -106.645 -57.3835
153300 445.257 1516.99 1507.05 316.182 101.211 116.483
153600 508.443 1857.67 1904.39 353.537 -35.1554 12.492
153900 10.3112 1306.7 1524.94 153.865 -28.3743 -118.203
154200 12.2306 1218.18 1482.54 23.1028 -110.166 -267.566
154500 143.028 1584.52 1815.23 -257.092 -56.3277 -6.49235
154800 198.739 1820.54 1339.93 -43.1524 -0.113751 97.8529
155100 16.376 1408.7 1687.45 142.251 -104.645 -141.184
155400 -321.6 1424.44 1471.71 212.458 -41.018 -138.807
155700 -202.024 1797.96 1872.99 377.046 133.121 -124.168
156000 -387.977 1549.56 1709.7 265.483 54.0276 -231.225
156300 -271.718 1742.08 1578.61 400.634 239.709 -159.797
156600 387.323 1493.59 1615.43 -12.1503 96.9963 -180.963
156900 -228.378 1641.09 1613.71 230.606 -90.7879 -366.545
157200 378.537 1563.28 1869.19 319.596 86.951 -219.966
157500 -272.287 1576.79 1609.08 263.851 65.7477 -304.556
157800 -43.6738 1985.9 1843.07 161.443 182.335 277.836
158100 -34.432 1950.37 1865.36 214.314 -296.83 -151.49
158400 326.009 1528.55 1504.24 395.451 -32.3022 87.8494
158700 303.465 1518.54 1758.46 45.5513 -260.169 -268.154
159000 132.991 1144.82 1630.47 29.7008 -75.1308 30.2042
159300 104.559 1362.06 1746.51 -48.1807 11.987 -81.0713
159600 148.278 1591.82 1512.37 -21.7588 -170.912 -159.652
159900 89.291 1334.02 1763.45 429.841 -51.4785 -142.551
160200 437.391 1721.16 1839.4 122.534 -142.258 -191.135
160500 474.802 1407.9 1636.86 -9.5781 -386.168 -13.5022
160800 343.089 1752.87 1723.43 -56.0622 -284.164 -123.588
161100 335.425 1191.49 1540.87 19.9848 158.614 -68.3427
161400 259.984 1368.69 1472.28 209.963 -88.1989 8.34907
161700 765.58 1166.46 1857.12 258.213 -267.097 -102.121
162000 635.765 1271.33 1379.67 59.8664 57.9924 -282.131
162300 633.991 912.289 1526.69 121.45 -143.352 -115.953
162600 1209.77 1394.51 1249.11 428.791 -238.853 -515.985
162900 756.286 1009.07 1504.9 336.814 -265.803 -129.762
163200 1410.49 1227.86 1414.95 254.078 65.3698 18.9581
163500 812.308 1108.7 1134.6 145.221 73.9177 -90.2966
163800 1015.05 943.525 1138.12 -115.606 -400.795 -174.927
164100 1081.73 662.215 1116.67 54.2734 -444.031 -132.012
164400 1227.69 704.318 803.286 -176.151 4.9862 30.8748
164700 1306.82 919.021 663.984 334.152 -404.198 -171.375
165000 1896.29 868.186 838.658 -9.26752 -71.2385 -376.177
165300 1776.52 838.181 1021.34 -90.2474 -131.162 -92.1331
165600 1827.59 535.398 1236.97 56.0329 -235.149 78.7346
165900 1821.91 429.403 574.344 -66.2023 115.624 -295.387
166200 2120.37 790.029 853.909 225.157 -209.441 26.187
166500 1778.64 742.373 1120.24 390.647 -189.604 -102.475
166800 1975.47 644.304 424.776 15.0678 -240.814 -125.197
167100 2319.22 240.474 661.199 377.794 -351.526 -410.155
167400 2783.56 181.212 492.675 118.644 -325.096 -248.67
167700 2103.32 396.79 252.849 319.886 -140.519 -197.159
168000 2687.84 649.949 368.586 -144.086 -156.622 -110.997
168300 2603.18 -90.7066 652 174.159 -184.864 119.083
168600 3319.63 480.161 446.68 306.317 13.9381 -80.8193
168900 2885.24 542.79 303.445 172.627 -278.7 4.41085
169200 2465.01 269.462 817.332 142.347 -234.002 -128.939
169500 3055.78 -0.0814601 331.152 -37.219 -256.301 41.8622
169800 2627.31 101.562 181.637 212.054 -235.974 -266.853
170100 2638.36 514.487 333.081 -154.901 35.4354 113.874
170400 2983.2 267.095 530.056 109.97 -410.27 -328.585
170700 3034.67 -96.8898 411.702 -239.434 -277.561 -77.7117
171000 3412.31 -68.9375 124.93 -351.613 -162.161 -78.7742
171300 2928.01 -62.9576 313.706 49.8081 -59.6786 -154.744
171600 2829.41 77.3023 532.201 287.618 -296.48 -127.22
171900 2946.62 144.399 466.2 176.747 -11.3759 55.732
172200 3006.9 16.636 270.118 -160.68 -490.437 100.912
172500 3351.95 27.7599 373.282 -32.7087 -306.735 -228.173
172800 3051.34 -371.788 367.451 45.6375 -517.37 -21.2426
173100 3322.22 385.268 320.666 85.0155 -202.13 -8.4376
173400 2856.41 231.451 759.293 202.089 32.4703 134.231
173700 3006.23 543.94 235.083 60.8954 -230.195 -21.2138
174000 3506.1 138.488 398.335 421.712 -299.137 -78.5684
174300 2708.17 -2.91749 314.766 173.19 -208.883 212.895
174600 2747.11 -233.429 339.679 -13.548 -323.613 -257.005
174900 2525.06 171.325 565.261 -101.163 -330.356 -581.396
175200 2969.29 45.3068 630.491 166.878 -109.387 -183.781
175500 2530.63 689.796 392.945 164.965 -251.126 -213.517
175800 2587.32 633.476 298.074 20.5606 -40.9934 -85.3182
176100 3157.65 162.113 274.527 271.501 -178.519 253.347
176400 2896.14 510.03 -23.9355 454.524 63.3518 -195.871
176700 2130.36 54.9789 880.611 -29.6255 -50.7145 -45.8313
177000 2269.93 453.95 426.786 129.213 -10.1699 -190.25
177300 2152.35 525.016 619.554 81.0111 -280.086 -155.897
177600 2113.85 77.9253 915.54 145.709 -72.7859 -89.2221
177900 2174.45 742.468 615.015 122.854 -230.816 -239.675
178200 2282.67 451.057 825.483 138.592 62.9424 -60.3605
178500 1975.66 366.99 569.793 416.047 -143.93 -14.7222
178800 1970.99 241.761 697.88 558.105 -23.4702 -252.342
179100 2038 584.405 462.882 376.477 -66.4427 -94.2962
179400 1785.56 1231.42 773.795 -165.246 9.83194 -14.7573
179700 1509.78 611.99 926.783 275.188 -321.157 -40.2068
180000 1309.13 813.849 851.062 198.649 -326.055 35.3609
180300 1014.54 778.259 948.834 13.9143 -138.313 -340.402
180600 743.74 293.917 1231.24 129.547 -120.989 168.454
180900 1264.84 892.721 1158.74 447.942 -122.586 -274.876
181200 955.887 790.661 869.291 393.046 253.703 -404.063
181500 573.06 1187.99 1045.17 212.56 -252.721 -137.554
181800 954.071 697.493 1311.04 475.232 151.02 34.8905
182100 891.572 965.743 1729.49 299.232 -257.465 -120.435
182400 916.323 993.313 1432.32 304.664 144.521 171.962
182700 703.873 1057.29 1363.02 66.2247 -192.4 -43.6727
183000 726.778 1190.29 1735.5 199.754 -39.2152 134.646
183300 735.725 1279.11 1205.17 401.108 163.071 97.114
183600 493.399 1389.55 1698.46 26.5828 16.5508 35.3106
183900 -181.483 1512.83 1273.86 594.375 173.675 -169.789
184200 359.181 1036.57 1557.43 134.692 -72.9443 -144.588
184500 254.608 1749.29 1655.26 325.935 -48.313 -14.9328
184800 12.9931 1846.97 1707.31 562.87 60.8418 -71.0093
185100 48.6416 1931.76 1937.01 161.815 -236.588 -176.232
185400 -290.386 1712.51 1564.82 177.089 -103.867 40.0725
185700 286.12 1747.54 1514.49 274.432 -248.383 108.067
186000 184.629 1447.7 1551.11 142.144 44.0513 -12.6993
186300 228.328 1411.76 2216.98 92.6447 -91.2984 -191.357
186600 440.227 1340.56 1998.99 -39.6955 -293.066 -174.94
186900 500.179 1835.24 2066.25 271.463 -409.458 -216.431
187200 -318.686 1768.35 1547.02 521.076 -85.1956 -55.9872
187500 74.5516 1835.95 1460.2 235.369 -74.5191 -130.856
187800 -26.561 1702.28 1595.73 -36.3129 -228.502 114.862
188100 -349.565 1340.32 1752.72 379.979 -5.35413 -163.124
188400 -107.337 1755.83 2001.84 165.039 147.876 -119.598
188700 -40.3817 1743.31 1791.68 257.785 -172.637 -55.4773
189000 -156.421 1134.95 1844.61 416.682 -562.236 18.3909
189300 215.4 1687.45 1295.83 359.615 -201.891 -231.114
189600 556.739 1669.71 1736.37 132.186 -161.715 40.5454
189900 323.977 1424.24 1296.78 521.117 -156.187 -53.3652
190200 16.7287 1725.34 1884.21 212.498 -386.827 -369.227
190500 335.758 1560.35 1719.74 487.618 -235.604 142.932
190800 404.233 1497.23 1850.14 -99.2736 -193.677 86.7048
191100 423.708 1826.39 1642.07 101.693 -332.656 304.716
191400 587.954 1212.68 1621.04 262.212 -44.4186 11.6029
191700 342.404 1317.98 1727.65 335.366 -136.01 -123.523
192000 417.165 1908.48 1292.97 -23.1066 -34.7091 -282.954
192300 1023.8 1010.19 1538.27 364.546 59.4947 -359.353
192600 1057.04 1254.38 1444.78 314.857 -31.4847 -288.833
192900 813.855 773.534 1096.33 332.402 -159.408 -137.313
193200 1539.24 791.59 989.457 88.3547 -269.607 138.959
193500 1018.79 996.128 965.4 180.719 -123.103 -113.539
193800 1075.47 761.453 1481.92 91.0846 105.769 169.74
194100 1554.98 747.212 1264.38 34.3726 -305.594 -69.3467
194400 1069.47 673.288 788.513 269.063 -108.551 134.871
194700 1702.83 1061 641.84 154.985 -262.402 -275.275
195000 1919.17 776.028 616.092 225.275 -18.3431 -256.435
195300 2094.14 625.423 1180.7 401.17 -170.864 -118.259
195600 1733.9 783.338 1092.53 332.819 -14.0623 -175.001
195900 1837.94 443.126 553.62 293.379 -30.9521 296.717
196200 1275.46 370.941 705.785 290.31 -140.708 -49.5699
196500 2299.44 522.273 687.28 -41.4114 -141.907 -242.267
196800 1958.98 617.775 823.589 179.237 -232.943 -455.025
197100 2566.33 741.669 881.143 103.051 75.7053 -44.594
197400 2549.6 232.961 496.448 114.352 128.225 -408.598
197700 2816.76 333.853 741.634 -16.9024 -141.127 -310.418
198000 2684.71 361.827 1085.05 33.95 -185.64 -255.568
198300 2554.49 219.966 474.207 -50.6283 -54.1477 -197.236
198600 2557.27 408.789 747.045 164.892 183.882 -151.233
198900 3127.69 -64.9595 30.6065 -88.0654 -65.3043 -277.446
199200 2543.5 579.21 30.9921 -103.046 133.007 -245.446
199500 2713.81 -168.369 293.903 116.466 106.968 -285.368
199800 3326.41 126.228 -154.364 213.509 133.134 -64.5503
200100 2979.04 313.256 447.449 278.69 18.6437 -485.761
200400 2931.42 -21.0556 292.616 383.117 7.9094 -336.62
200700 3011.24 13.2609 246.791 125.095 165.683 50.0846
201000 3070.54 233.96 549.064 97.1708 -182.427 -225.01
201300 2800.1 198.716 633.509 -98.0325 -55.0268 -288.404
201600 3081.79 -179.277 576.044 145.386 11.6354 -280.507
201900 2898.39 221.636 314.378 -180.201 -292.715 -546.567
202200 3040.03 234.448 -114.043 152.146 -166.895 -606.888
202500 3198.44 77.8714 330.493 -214.209 100.384 -386.344
202800 3252.6 263.347 -66.17 470.87 -80.0673 -350.11
203100 3520.39 -57.5155 7.00477 -40.9086 48.6104 -231.851
203400 3244.59 -220.344 168.802 71.7099 40.4165 -453.324
203700 2790.35 93.6726 -74.1776 72.1115 -170.994 -523.5
204000 2947.63 -187.806 436.407 345.074 20.616 -288.568
204300 2993.88 241.518 155.009 160.263 -358.268 -396.776
204600 3008.46 55.3712 -38.5337 131.31 -45.8194 -278.256
204900 2853.81 490.416 646.864 223.467 -198.991 -156.443
205200 2573.05 132.131 148.942 131.553 68.8963 -341.166
205500 2796.41 217.943 342.613 -110.808 -241.831 -273.896
205800 2948.6 64.4191 255.783 291.567 -269.76 -223.661
206100 2631.2 270.074 503.602 222.639 18.5478 -259.887
206400 2939.8 112.616 667.146 -4.64045 -389.498 -260.795
206700 2609.81 427.689 610.813 -18.4992 -132.86 -321.755
207000 2232.09 344.734 598.552 -6.9151 -141.02 -366.282
207300 2573.5 735.977 550.962 242.881 114.706 -46.2412
207600 2259.28 194.106 521.416 142.791 -400.73 -106.66
207900 2176.91 -146.756 651.181 245.701 -163.482 -164.798
208200 2180.18 682.415 976.811 53.3606 -68.5556 -256.832
208500 2207.79 573.949 1013.17 124.326 -155.623 -142.329
208800 1589.41 494.525 1327.24 -65.349 85.2963 -54.1829
209100 1286.38 704.481 648.33 320.051 -371.145 -226.049
209400 1486.56 529.637 954.19 -45.4458 -23.0011 183.996
209700 1852.07 1112.07 735.235 334.153 263.48 -395.261
210000 1279.7 989.421 1325.09 331.46 -293.532 -361.802
210300 1108.38 694.678 1101.77 310.966 -274.58 -378.442
210600 1617.96 1065.99 1359.63 357.697 -100.558 -58.9997
210900 941.816 975.907 1386.64 60.4035 -59.781 -282.376
211200 1603.71 722.317 1307.94 32.5912 -175.765 71.3401
211500 1017.62 1192.14 1001.26 89.6055 -75.8776 -228.087
211800 1032.41 756.408 1007.85 -10.1482 122.547 -110.913
212100 696.371 1111.56 1700.97 -92.4778 -101.82 -67.5154
212400 1014.42 1189.79 1186.44 41.8264 252.079 104.656
212700 391.628 820.641 1330.41 174.001 -267.3 55.7284
213000 842.178 1443.14 1783.04 -74.4307 261.914 30.8166
213300 893.759 1291.87 1308.51 213.926 68.8141 -334.422
213600 836.467 1591.62 1976.11 108.919 -195.047 110.623
213900 267.371 1071.63 1338.73 -122.149 190.33 -453.989
214200 448.139 958.183 1395.46 174.691 53.9439 -46.7232
214500 462.992 1368.55 1428.5 158.834 -91.8718 -434.515
214800 -108.088 1123.97 1601.39 285.671 -143.299 -129.567
215100 250.76 1189.73 1610.96 300.953 21.9842 -292.686
215400 237.131 1451.36 1762.92 -91.1398 -200.163 -438.143
215700 388.052 1830.93 1362.28 -176.666 1.27173 -161.943
216000 177.6 1645.14 2158.89 79.2474 177.372 110.485
216300 156.763 1715.07 2003.54 -14.4046 -25.8184 -167.798
216600 46.5477 1283.43 2132.8 116.627 -193.621 -274.829
216900 16.1132 1590.81 1885.58 302.851 -257.616 65.5616
217200 370.167 1681.32 1955.61 233.36 -28.4365 -184.788
217500 84.0733 1852.13 1938.42 -14.5604 -416.186 -312.315
217800 285.087 1714.54 1947.61 88.2113 54.4018 -308.519
218100 288.699 1425.97 1721.44 212.656 -438.524 -65.7849
218400 -524.542 1714.94 1539.83 -14.31 -104.819 -241.098
218700 -261.391 1687.96 2187 161.576 192.029 -68.2609
219000 152.729 1618.07 1757.48 59.2238 -57.3779 -229.542
219300 257.776 1590.45 1599.49 283.227 235.055 -71.3792
219600 98.4318 1314.52 1481.5 145.678 -21.642 -143
219900 -168.545 1876.91 1609.07 58.3625 -298.575 130.151
220200 168.308 1588.6 1771.2 -312.92 -238.704 -200.875
220500 729.917 1424.31 1672.74 -205.325 -32.0043 -227.571
220800 -47.4689 1846.2 2066.95 166.43 -23.592 131.619
221100 599.137 1372.02 1344.18 -22.9482 106.342 -172.484
221400 451.403 1594.07 1605.24 68.1302 -105.908 -510.815
221700 566.76 1298.09 1679.84 287.008 -163.638 -104.008
222000 791.811 1530.68 1291.72 266.722 -57.6787 -292.22
222300 362.294 1081.92 1638.97 -108.701 -67.872 -265.601
222600 682.08 1088.24 1026.06 -315.572 237.529 -183.675
222900 700.695 1294.44 1119.75 -131.768 -204.855 -340.687
223200 1052.57 1055.83 1448.25 387.623 -82.5586 -422.849
223500 1314.72 974.925 1210.29 -39.8995 122.949 -295.876
223800 1077.65 959.201 1445.22 216.099 -148.721 -325.816
224100 1067.02 601.367 912.616 246.433 67.9181 -197.779
224400 1294.56 877.495 1000.68 67.2864 -51.2619 -37.6476
224700 1577.93 682.16 1168.32 248.414 -244.869 -14.738
225000 1573.25 622.092 858.865 -188.883 15.9942 -6.12426
225300 1895.47 1023.66 420.952 84.5401 56.99 -341.098
225600 2044.66 1101.74 608.766 93.6901 140.252 -227.204
225900 2094.83 580.501 769.669 42.0737 -88.9651 236.361
226200 2221.43 599.969 611.881 140.114 -203.047 -185.047
226500 2170.29 963.391 816.132 147.048 -307.711 -333.202
226800 2083.3 432.041 64.1977 -20.8662 15.2259 33.4209
227100 2534.12 377.528 637.266 213.257 0.0908625 -110.491
227400 2460.55 491.608 217.449 319.201 63.3951 -295.614
227700 2673.07 417.133 672.464 251.056 98.259 -156.426
228000 2420.5 -35.7455 263.956 124.418 74.3573 -469.54
228300 2910.62 456.984 -73.5565 -22.2299 -28.2881 -155.782
228600 2819.31 193.88 462.327 -121.681 -69.594 -513.647
228900 2988.85 138.794 41.4152 145.046 -208.128 -61.0439
229200 2608.08 235.019 216.938 171.78 -83.2086 -483.999
229500 3311.7 244.975 165.005 185.698 -324.9 -148.882
229800 3134.4 435.569 133.379 -47.3231 -98.4575 -186.523
230100 3101.32 259.841 -42.7997 278.427 312.369 -394.263
230400 2827.01 -41.8206 196.514 -41.6889 -111.6 271.37
230700 2856.54 -266.42 67.8903 26.5121 230.831 -97.0692
231000 3274.18 36.8172 -28.0142 280.224 -48.9799 -201.575
231300 3362.5 409.194 -22.9832 -352.043 -185.789 -173.1
231600 3178.85 172.013 -273.05 -48.421 -49.7668 246.301
231900 3119.85 -9.84615 -77.1378 -19.563 91.7925 -75.834
232200 2906.12 -105.821 157.624 293.094 122.633 -470.374
232500 3289.18 169.752 244.938 260.064 224.017 -107.211
232800 2882.44 237.185 248.799 198.09 1.04636 -112.287
233100 3637.15 524.977 263.673 -55.8266 -20.3439 -95.8566
233400 3470.09 -203.082 488.273 151.509 -10.9859 101.244
233700 3129.68 -107.152 206.395 249.025 127.727 -46.5421
234000 2854.04 389.12 376.136 -39.1133 40.4617 -64.5239
234300 3257.98 -384.176 324.64 14.1123 -150.009 -91.7991
234600 3178.95 401.066 -92.9745 87.9291 83.2278 -262.203
234900 2817.58 -19.8972 474.019 93.2774 -52.9625 -243.116
235200 2779.3 -247.01 65.5745 132.996 -42.4725 -355.065
235500 2826.57 464.315 -116.185 41.6358 -103.957 -163.277
235800 2689.92 334.089 452.501 356.223 -90.0954 -11.0339
236100 2655.51 343.545 196.786 195.553 -64.1312 -131.472
236400 2313.17 167.883 66.8884 156.281 214.563 73.8534
236700 2555.2 375.839 402.046 210.507 65.8534 -257.132
237000 2255.43 219.231 486.259 162.992 201.495 -502.541
237300 2510.78 467.549 492.667 265.465 -149.71 -112.329
237600 2458.98 841.437 96.284 22.7834 132.971 53.089
237900 2063.59 577.814 586.153 111.775 -44.9315 -224.806
238200 2356.82 634.167 679.642 114.416 71.0165 -82.0942
238500 1502.4 738.019 759.931 187.869 134.113 22.1624
238800 1778.83 621.645 911.743 392.378 -89.8284 -17.2664
239100 1750.77 549.225 1074.52 187.698 137.005 17.4292
239400 1776.22 604.4 962.697 100.662 25.6077 -52.7708
239700 1636.56 462.817 764.69 90.4312 98.0896 -192.061
240000 1733.24 723.179 833.003 220.7 -48.2718 -41.8899
240300 1565.78 876.021 839.98 167.627 -53.3396 -309.183
240600 1387.75 703.411 1034.49 -50.163 97.0686 -178.706
240900 1258.16 1205.83 1043.46 332.29 157.108 145.421
241200 1153.1 1307.7 1148.79 117.05 -113.882 -101.319
241500 1079.26 1086.34 1276.67 256.881 -41.7367 -54.1829
241800 990.645 1139.04 1052.41 142.891 -84.2243 -353.268
242100 868.051 1063.03 991.049 348.319 -91.5071 -70.0999
242400 821.872 1405.03 1572.78 99.0914 98.413 -143.93
242700 504.117 1387.61 1310.23 361.137 45.365 -115.128
243000 917.986 1431.99 1416.08 202.323 -154.038 -142.332
243300 557.653 1426.95 1635.71 341.202 -264.243 -409.376
243600 744.071 1585.83 1466.81 235.049 -35.6521 -267.95
243900 207.876 1534.54 1467.19 36.8953 -182.496 41.079
244200 209.254 1588.01 1485.29 46.5632 16.2757 -255.489
244500 -94.0335 1477.75 1625.31 132.833 -261.532 15.4407
244800 51.9983 1405.59 1518.48 262.964 -40.7999 22.0776
245100 59.21 1447.7 1946.28 126.057 -240.588 -297.591
245400 289.584 1731.1 1635.18 -34.8833 -166.694 -265.158
245700 -44.258 1927.38 1661.93 166.264 -110.084 -346.87
246000 755.058 1860.76 1595.55 49.154 -345.252 -60.3981
246300 226.212 1441.97 1442.23 -3.05114 -60.2099 15.4936
246600 424.412 1691.42 1846.9 -89.5453 -183.381 -178.703
246900 106.396 1581.92 1526.37 97.1795 99.8694 -350.507
247200 -255.567 1456.64 1881.68 -164.763 -280.532 -257.748
247500 363.72 1431.69 1825.3 219.872 -233.959 -223.059
247800 -301.392 1475.69 1291.16 561.083 -59.5498 -110.215
248100 61.2811 1692.92 1645.39 283.287 -233.393 -9.59556
248400 33.9074 1318.99 1792.74 247.33 97.3934 -76.8994
248700 -83.7484 1388.36 1208.29 175.706 -316.426 -34.9205
249000 94.3808 1521.18 1963.49 29.4797 -145.817 -278.329
249300 306.385 1385.79 1503.46 42.1802 -65.5774 0.787237
249600 388.965 1499.08 1954.5 20.9857 -165.282 99.9778
249900 493.328 1432.04 1021.41 -3.16309 -97.3438 -139.467
250200 557.571 1344.6 1426.6 252.672 -467.059 77.935
250500 437.843 1612.94 1385.93 250.113 -326.632 13.9336
250800 623.86 1249.01 1189.9 236.406 -91.4014 -293.506
251100 295.784 1555.12 953.892 14.8141 -119.067 -235.449
251400 465.339 1151.32 1666.89 232.465 -111.528 120.501
251700 554.005 1645.89 1163.72 484.605 -334.406 -46.7647
252000 567.699 1628.72 1464.57 7.46709 -157.087 -208.574
252300 1295.35 1674.06 1657.31 266.321 -86.9881 -41.2762
252600 676.569 1273.14 1554.08 322.488 -114.043 -266.712
252900 958.993 949.902 1200.05 173.39 -412.421 -390.747
253200 1327.05 1046.51 1049.74 229.858 -149.049 -392.628
253500 1105.12 1019.76 1138.91 342.089 -14.7208 -44.1672
253800 877.928 1059.82 891.849 35.8093 -130.526 -120.824
254100 1288.92 886.708 1030.32 355.585 -344.625 172.324
254400 1453.74 987.053 1024.5 208.477 -86.3333 -141.922
254700 1646.33 1008.9 902.582 240.267 -392.707 -137.068
255000 1927.94 500.541 882.048 -94.575 -512.11 95.6719
255300 1670.37 911.616 814.067 414.455 -312.842 -247.373
255600 2040.37 765.533 793.901 132.355 -745.503 -123.256
255900 1583.44 625.591 566.417 200.665 -291.21 -40.7702
256200 2192.33 754.527 443.297 293.447 -205.286 -218.455
256500 2466.56 419.024 443.275 469.414 -203.548 -313.227
256800 2106.04 565.567 460.202 238.341 -104.73 109.784
257100 2220.95 1144.9 389.913 358.479 54.5245 -149.523
257400 2386.29 334.63 486.657 127.973 -58.7955 -60.0021
257700 2642.93 583.16 225.556 -191.255 -501.323 -166.555
258000 2579.65 481.105 596.04 79.5853 -316.806 -49.7517
258300 2457.96 220.817 361.937 230.705 -117.76 -92.266
258600 2577.73 -33.9921 81.2047 -121.14 -86.9749 -110.958
258900 3149.26 534.472 249.663 258.923 -424.47 111.544
259200 2635.35 338.745 361.133 278.82 -515.309 -126.146
259500 2848.51 435.378 245.826 252.434 -60.3433 -181.037
259800 2318.68 142.088 71.5297 31.9279 -270.879 -364.441
260100 2691.52 114.355 197.131 96.6304 -248.247 -142.878
260400 2904.48 -12.7803 547.52 80.5364 -161.793 118.62
260700 2754.09 119.506 718.121 150.55 -16.2366 -76.5187
261000 3153.41 -394.808 157.117 73.6554 -390.532 -181.18
261300 3033.98 692.19 174.5 -82.2834 23.363 -55.0791
261600 2765.77 98.1431 266.136 161.287 -305.153 -43.4979
261900 2781.95 124.484 223.418 -107.653 -371.118 -45.2321
262200 3428.49 -78.9926 222.999 52.4414 -402.477 -170.124
262500 3337.21 -383.142 -115.162 194.516 -294.356 -19.3812
262800 2845.12 645.187 246.372 166.007 38.609 -248.18
263100 3370.65 -190.473 213.106 260.902 -318.403 -192.196
263400 3250.94 -162.296 239.294 103.985 -354.77 -22.2133
263700 3554.88 -225.543 73.1756 389.044 -254.137 -242.266
264000 2900.08 -365.233 292.467 58.2683 -79.1291 -149.042
264300 2930.13 113.991 127.582 -156.585 69.053 -172.568
264600 2970.39 -6.73031 -5.92892 -8.31032 -158.882 -132.093
264900 2474.95 97.2403 408.374 -64.4048 -111.256 -203.276
265200 2890.08 226.357 -238.252 266.407 -23.0977 -26.7376
265500 2711.25 540.694 685.112 -146.722 -433.462 -17.7577
265800 2415.69 242.397 507.226 136.099 -412.162 -313.523
266100 2719.56 233.96 237.942 -97.871 -148.612 -158.513
266400 2482.93 506.275 422.861 55.4688 42.5863 -38.415
266700 2066.62 166.101 349.462 14.6327 -174.044 -119.083
267000 2328.57 458.649 920.129 149.253 -206.578 -62.4952
267300 2133.51 583.037 676.193 46.2365 -99.5684 10.1987
267600 2295.04 144.315 340.036 -158.755 -278.182 -214.091
267900 2191.48 152.857 947.526 -0.691691 -187.418 -208.741
268200 1983.82 424.93 755.215 104.475 75.7893 -25.5545
268500 1693.81 794.318 829.946 88.8103 333.574 -183.92
268800 1919.15 618.286 1327.59 88.418 -134.034 -132.727
269100 1894.97 374.444 838.163 -67.1395 -64.1887 79.3865
269400 1485.9 836.621 999.864 109.761 100.49 -100.917
269700 1507.73 571.736 1462.13 90.4625 390.45 -201.53
270000 1675.68 400.167 1102.77 214.698 -161.234 -61.6114
270300 1514.21 829.379 1293.85 30.6668 -136.397 -209.743
270600 1506.9 924.792 1082.12 65.8022 -79.3783 -201.53
270900 1254.89 794.478 1310.37 52.2896 -334.106 -203.033
271200 1002.47 1170.76 1408.41 103.493 10.7956 -174.847
271500 1108.39 1189.45 1250.09 64.1919 -135.795 -166.517
271800 1146.09 1483.67 917.279 11.8952 51.852 -384.599
272100 641.018 1372.94 953.858 490.437 -338.557 -397.395
272400 750.84 1318.92 1521.78 116.177 -204.363 -396.605
272700 441.393 1765.89 916.926 117.672 -19.9526 -180.009
273000 877.357 1495.98 1483.8 170.387 -18.5466 -401.286
273300 741.012 1130.06 1704.16 157.409 -138.639 -278.984
273600 240.042 1726.8 1078.47 -80.8176 4.73195 -302.146
273900 339.873 1425.39 1370.04 26.6563 148.214 -424.766
274200 468.509 1505.2 1353.84 -23.1141 144.552 138.265
274500 371.237 1071.79 1648.9 107.722 -149.278 -347.846
274800 -22.0381 1490.59 1477.76 -81.8392 -314.439 79.625
275100 56.6015 1417.38 2120.4 194.437 -151.66 -282.797
275400 -348.02 1269.42 1766.1 287.588 80.3055 -384.967
275700 127.454 1620.08 1789.93 96.1964 63.327 -286.277
276000 -350.477 1134.09 1660.71 -23.6115 234.493 -541.685
276300 -134.132 1330.38 1419.51 544.851 78.008 17.2029
276600 -355.188 1740 1491.76 257.552 -56.2103 -205.077
276900 -412.016 1830.89 1736.04 129.097 -147.113 121.183
277200 27.7424 1602.25 1681.04 236.368 -401.952 -254.601
277500 -88.5218 1870.75 1643.65 73.5329 333.875 -317.656
277800 -122.404 2080.53 1467.52 -182.682 -166.106 -233.331
278100 42.8438 1527.14 1999.53 313.43 43.6117 -148.07
278400 -34.2086 1385.76 1444.64 228.555 18.4303 -135.503
278700 157.029 2076.27 1465.84 -28.607 -270.971 -54.1817
279000 140.72 1541.81 1681.04 421.516 -134.691 114.002
279300 300.418 1383.41 1668.11 -36.6188 24.5093 -536.238
279600 563.164 1558.34 1557.28 124.919 -251.179 -335.54
279900 -35.3699 1283.27 1120.88 176.424 135.991 -160.839
280200 282.072 1440.42 1412.47 -10.5077 -81.1364 -238.435
280500 893.812 1767.29 1403.68 -107.829 -224.665 -30.1467
280800 243.275 1333.9 723.525 -23.219 -213.447 -215.456
281100 751.133 1332.05 1081.25 178.973 -311.063 -362.188
281400 373.104 1062.33 1542.3 108.842 -393.393 -29.9929
281700 684.995 1157.65 1204.49 218.213 -339.67 -78.0127
282000 928.686 1229.16 1021.77 81.3187 -205.261 -333.073
282300 970.151 1510.85 987.615 14.0482 6.71133 -2.10535
282600 557.539 1165.22 1242.38 503.161 -258.679 -485.803
282900 526.08 1072.52 965.899 91.2272 -19.3744 -248.119
283200 1233.7 729.639 1151.26 237.617 -23.7937 -25.8221
283500 993.36 882.661 1064.49 196.314 -345.007 -319.629
283800 928.419 1502.24 1081.05 -614.825 -92.9346 -93.9088
284100 1308.61 979.022 678.34 82.1739 198.27 -249.372
284400 1892.96 1025.87 1130.97 -29.7984 103.951 -68.0482
284700 1429.54 437.367 1353.68 55.9189 -112.479 -249.038
285000 1644.86 686.478 993.173 62.3402 -91.9797 -133.151
285300 2111.33 354.729 509.52 460.714 -70.6768 -312.023
285600 1702.92 400.559 601.091 -193.556 -85.9632 -396.159
285900 2266.99 609.794 872.172 141.22 -178.182 -324.813
286200 2099.74 706.675 743.589 -10.7971 16.9891 -150.283
286500 2136.02 382.573 660.167 226.581 -260.125 -355.987
286800 2022.78 574.918 548.03 -65.1837 -58.5428 52.9201
287100 2413.93 509.781 809.758 -234.946 160.89 -379.392
287400 2560.98 288.129 715.949 43.2418 129.824 -199.749
287700 2846.66 343.504 -173.858 179.393 6.42116 -111.563
288000 2917.72 552.373 352.908 -118.079 -262.586 -230.63
288300 2622.51 137.355 341.963 281.677 -263.713 -381.996
288600 2801.55 -92.6625 146.53 107.625 227.629 -544.225
288900 3438.07 577.401 533.228 59.9841 -403.46 -55.4475
289200 2899.1 -138.876 311.716 -228.364 98.8563 -535.867
289500 3116.04 743.24 81.8574 -64.674 163.579 -383.465
289800 2834.74 81.0676 330.176 10.1549 -173.542 -353.461
290100 3080.42 -14.2878 63.626 -68.6814 -63.0714 -571.085
290400 2704.48 105.468 -78.4069 -20.009 -299.577 -53.8412
290700 3118.4 -94.4044 479.669 134.269 -350.01 -177.88
291000 3218.26 441.749 71.2233 -7.80721 -59.7528 -244.888
291300 3414.87 300.948 267.347 -48.2894 -263.384 221.312
291600 3382.67 -22.342 310.899 -137.676 -150.476 -312.728
291900 3328.9 93.4994 162.285 351.439 -74.5086 32.1492
292200 3296.54 546.769 132.396 228.7 -128.122 -302.483
292500 3444.71 -118.288 30.0267 201.544 119.358 -228.842
292800 3274.64 16.2585 -53.4966 220.087 -178.79 -362.821
293100 3162.98 207.086 195.361 47.4307 -0.220474 -39.4778
293400 3188.31 -164.684 -21.0041 52.562 -170.947 -123.837
293700 3138.87 161.559 -66.4562 203.174 -289.733 -104.946
294000 3059.45 324.082 94.484 185.975 -322.082 51.6391
294300 3108.96 237.977 263.989 6.65082 -202.16 -262.869
294600 3374.63 -102.417 47.1706 31.5097 -209.165 -530.801
294900 2820.09 -150.263 204.311 -19.738 -188.756 -281.247
295200 2898.95 -58.9776 120.185 196.33 -24.8897 -357.17
295500 2834.09 350.469 600.416 169.867 -220.684 -207.456
295800 3271.33 52.3785 507.015 286.423 -57.1766 -302.168
296100 3091.13 620.766 573.771 166.462 -50.5661 -185.055
296400 2811.36 784.151 692.51 -283.539 -276.694 -269.346
296700 2547.54 532.769 234.706 -206.845 -331.835 -201.255
297000 3176.21 -80.3072 681.939 75.8733 12.357 -340.717
297300 2630.4 534.556 896.062 3.36903 -277.44 110.477
297600 2403.29 881.943 613.159 245.941 102.123 -173.066
297900 2088.46 96.7486 754.117 -121.932 -330.41 -180.31
298200 2600.15 930.858 784.968 -28.9318 -274.79 -274.302
298500 2305.29 559.389 567.34 90.1579 -271.52 -208.762
298800 1806.39 669.521 711.567 -244.511 -137.621 35.7402
299100 1638.64 1120.32 969.212 -60.7361 1.93113 -311.499
299400 1443.51 665.192 1009.08 231.399 -295.177 -292.355
299700 1504.07 1329.63 877.089 60.9176 -188.977 135.172
300000 1062.92 941.035 842.654 158.119 -57.2033 -271.19
