# Time-averaged data for fix ps1
# TimeStep c_thermo_press[1] c_thermo_press[2] c_thermo_press[3] c_thermo_press[4] c_thermo_press[5] c_thermo_press[6]
10000 -12661.2 -10468.4 0 1954.57 0 0
20000 -12662.5 -10309.6 0 2630.11 0 0
30000 -12494 -10767.9 0 325.35 0 0
40000 -11418.1 -10484 0 -849.674 0 0
50000 -13241.1 -8904.02 0 -1529.84 0 0
60000 -9548.69 -13024.7 0 33.9649 0 0
70000 -8903.08 -10127.2 0 -162.229 0 0
80000 -9209.79 -11032.3 0 -1507.66 0 0
90000 -9278.78 -11968.9 0 -3982.12 0 0
100000 -8579.9 -10157.4 0 25.623 0 0
110000 -10798.5 -9848.07 0 93.9757 0 0
120000 -12166.5 -9492.59 0 -960.58 0 0
130000 -11100.1 -12293.6 0 -1130.1 0 0
140000 -10914.1 -10471.4 0 -2327.75 0 0
150000 -11816.6 -11411.7 0 640.461 0 0
160000 -12526.1 -9930.1 0 -1826.94 0 0
170000 -12517.1 -10518.7 0 -963.307 0 0
180000 -11225.5 -9209.53 0 1868.36 0 0
190000 -12008.9 -9964.49 0 2211.88 0 0
200000 -11421.2 -12358.2 0 1733.68 0 0
210000 -11457.9 -10811.7 0 -391.987 0 0
220000 -10398.5 -10373.1 0 838.055 0 0
230000 -12809.3 -9379.37 0 154.458 0 0
240000 -12329.8 -9872.65 0 -1542.33 0 0
250000 -10761.5 -10412 0 794.907 0 0
260000 -9837.4 -11389.5 0 315.829 0 0
270000 -11628.7 -10012.2 0 -69.6385 0 0
280000 -11510.2 -10250.7 0 -597.1 0 0
290000 -8556.77 -9533.45 0 964.328 0 0
300000 -11135.4 -9178.92 0 -366.925 0 0
310000 -10230.6 -10347.8 0 532.303 0 0
320000 -9340.53 -9346.72 0 -1284.42 0 0
330000 -11992.7 -8227.43 0 1296.39 0 0
340000 -10566.9 -8316.75 0 -161.371 0 0
350000 -9842.07 -8392.79 0 368.985 0 0
360000 -8810.23 -12458.4 0 553.523 0 0
370000 -10205.5 -10988.8 0 657.064 0 0
380000 -11990.8 -9333.44 0 1204.14 0 0
390000 -12061.3 -10925.6 0 1344.66 0 0
400000 -10697.9 -12759.8 0 -535.704 0 0
410000 -10206.1 -12671.5 0 1793.69 0 0
420000 -11969 -9222.94 0 999.63 0 0
430000 -10766.1 -13819.3 0 624.739 0 0
440000 -12225.3 -9849.7 0 1187.03 0 0
450000 -11076.8 -9282.55 0 1099.59 0 0
460000 -10252.1 -11784.3 0 503.203 0 0
470000 -10924.6 -10618.1 0 -363.47 0 0
480000 -10154.3 -11880.7 0 1263.27 0 0
490000 -11704.7 -9799.47 0 76.6152 0 0
500000 -13776.1 -8662.44 0 325.623 0 0
510000 -10993.1 -10372.8 0 -968.975 0 0
520000 -10911.4 -11626.5 0 -1328.34 0 0
530000 -10130.2 -12174 0 265.328 0 0
540000 -10542.4 -10152.5 0 1565.19 0 0
550000 -10106.5 -9947.7 0 915.385 0 0
560000 -10265.7 -11171.7 0 1459.81 0 0
570000 -13856.8 -10880.8 0 3276.6 0 0
580000 -11599.8 -9490.44 0 616.439 0 0
590000 -11653.8 -10223.2 0 -323.491 0 0
600000 -11732.6 -11424.2 0 546.996 0 0
610000 -8539.58 -10253.1 0 -1041.77 0 0
620000 -12647.4 -11104.3 0 1967.51 0 0
630000 -10263.9 -11994 0 -299.273 0 0
640000 -8837.53 -11678.3 0 1306.03 0 0
650000 -11046 -11313.1 0 -171.642 0 0
660000 -10778.2 -11251.2 0 -357.48 0 0
670000 -11372.2 -11330.6 0 663.586 0 0
680000 -11384.9 -11376.3 0 367.785 0 0
690000 -7718.85 -13915.8 0 -1033.56 0 0
700000 -9857.93 -10325.2 0 -1449.04 0 0
710000 -10337.1 -9632.66 0 472.635 0 0
720000 -10170.1 -11968.2 0 895.438 0 0
730000 -10350.9 -8745.66 0 3246.57 0 0
740000 -10996.5 -9567.48 0 1060.57 0 0
750000 -10815.5 -10289.5 0 -280.334 0 0
760000 -11262.8 -9678 0 -1285.88 0 0
770000 -11344.5 -9220.61 0 -1635.86 0 0
780000 -10727.2 -9414.23 0 -1667.65 0 0
790000 -7585.48 -11536.7 0 1523.07 0 0
800000 -9594.82 -11679.4 0 -514.216 0 0
810000 -9142.32 -9561.6 0 956.001 0 0
820000 -9919.88 -10696.3 0 -39.3843 0 0
830000 -8594.21 -11004.6 0 2132.92 0 0
840000 -7557.51 -13349.3 0 -1597.68 0 0
850000 -6745.94 -12657.4 0 -1043.37 0 0
860000 -8495.5 -8945.18 0 15.378 0 0
870000 -8941.68 -11066.1 0 -1071.78 0 0
880000 -9392.23 -9179.39 0 747.906 0 0
890000 -9319.6 -10113.9 0 854.904 0 0
900000 -9944.46 -11285.1 0 -1631.85 0 0
910000 -12776.2 -7234.68 0 -2197.14 0 0
920000 -8652.07 -11379.8 0 -1354.24 0 0
930000 -10247.4 -12535.3 0 -1395.65 0 0
940000 -11735.9 -11001 0 1475.62 0 0
950000 -11650.6 -12432.7 0 -804.923 0 0
960000 -9940.32 -12781 0 -44.6094 0 0
970000 -11033.6 -12422.8 0 -1537.36 0 0
980000 -11889.7 -11386.8 0 -717.846 0 0
990000 -12165.6 -8975.5 0 2028.51 0 0
1000000 -13850.7 -9763.75 0 1583 0 0
1010000 -10400.6 -10664.4 0 -334.692 0 0
1020000 -10292.8 -11369 0 -434.664 0 0
1030000 -12096.2 -11510.4 0 -753.262 0 0
1040000 -10256.9 -11842.6 0 -741.502 0 0
1050000 -10228.5 -13429.2 0 -56.7085 0 0
1060000 -11744.1 -12120.5 0 963.031 0 0
1070000 -9824.09 -9235.74 0 140.626 0 0
1080000 -11372.1 -10348.8 0 -409.128 0 0
1090000 -7820.9 -11558.4 0 2636.84 0 0
1100000 -9837.45 -12105 0 1247.64 0 0
1110000 -8522 -8882.28 0 -411.236 0 0
1120000 -9569.89 -9696.77 0 -2818.11 0 0
1130000 -8682.75 -8002.29 0 40.8243 0 0
1140000 -8758.71 -7852.9 0 -2194.72 0 0
1150000 -9661.73 -8523.77 0 510.593 0 0
1160000 -9644.13 -7718.29 0 -669.054 0 0
1170000 -10596.2 -8444.67 0 860.457 0 0
1180000 -7931.69 -10324.1 0 123.37 0 0
1190000 -8212.93 -7421.24 0 650.88 0 0
1200000 -7618.14 -10661.9 0 1566.14 0 0
1210000 -8159.67 -9841.6 0 -1005.07 0 0
1220000 -10447 -8149.98 0 409.302 0 0
1230000 -9966.45 -8272.56 0 -363.589 0 0
1240000 -8649.57 -10313.6 0 -472.387 0 0
1250000 -10135.8 -10140.8 0 600.038 0 0
1260000 -9719 -12942.8 0 99.5868 0 0
1270000 -11178.2 -10756.2 0 113.44 0 0
1280000 -13356.5 -6724.32 0 765.193 0 0
1290000 -12576.2 -10064.5 0 1212.91 0 0
1300000 -11409.8 -12043.1 0 367.338 0 0
1310000 -11581.9 -10848 0 99.7171 0 0
1320000 -12152.9 -10376.2 0 1872.03 0 0
1330000 -10017.4 -11142.4 0 391.241 0 0
1340000 -10964.6 -8869.51 0 -1383.69 0 0
1350000 -8941.42 -11436.7 0 165.944 0 0
1360000 -8891.73 -11763.7 0 -318.833 0 0
1370000 -11542.9 -9638.05 0 -1627.56 0 0
1380000 -12204.5 -9957.42 0 1951.97 0 0
1390000 -10020.7 -8689.28 0 557.287 0 0
1400000 -10363.1 -9639.14 0 -622.233 0 0
1410000 -13010.8 -8631.55 0 310.811 0 0
1420000 -8833.29 -12775.2 0 -464.785 0 0
1430000 -12654.4 -11299 0 -1241.03 0 0
1440000 -12397.8 -10911 0 -1083.6 0 0
1450000 -11272.8 -11975.4 0 -1026.81 0 0
1460000 -9888.79 -10585.2 0 -2669.18 0 0
1470000 -11096.2 -12391 0 -50.1353 0 0
1480000 -12293 -12968.9 0 205.557 0 0
1490000 -11846.5 -11769.8 0 66.6551 0 0
1500000 -12258.8 -9517.52 0 627.032 0 0
1510000 -13818.2 -8913.63 0 999.819 0 0
1520000 -11770.7 -11101.3 0 455.049 0 0
1530000 -12922.1 -11043.3 0 -1652.69 0 0
1540000 -11646.5 -11073.9 0 -260.254 0 0
1550000 -9145.43 -12405.6 0 824.878 0 0
1560000 -11522.7 -11817.9 0 -637.125 0 0
1570000 -10018.6 -12289.6 0 -591.385 0 0
1580000 -8607.62 -11492 0 -1979.37 0 0
1590000 -12164.4 -12232 0 684.519 0 0
1600000 -10699.2 -11459.9 0 -1597.21 0 0
1610000 -11904.6 -11290.8 0 135.94 0 0
1620000 -9574.72 -12122.7 0 303.111 0 0
1630000 -10019.3 -14101.6 0 -36.4676 0 0
1640000 -11477.7 -10294.1 0 1247.59 0 0
1650000 -11528 -9877.37 0 1166.05 0 0
1660000 -8733.98 -10159.9 0 -404.152 0 0
1670000 -9507.83 -10181 0 -299.195 0 0
1680000 -10348.5 -11495.5 0 -1633.75 0 0
1690000 -11175.6 -8339.87 0 -740.253 0 0
1700000 -11393.8 -8172.21 0 -1415.62 0 0
1710000 -10279 -8935.35 0 92.9758 0 0
1720000 -13350.8 -10634 0 91.4085 0 0
1730000 -10043.6 -9184.4 0 -1203.89 0 0
1740000 -9841.22 -10825.5 0 937.935 0 0
1750000 -12109.2 -8679.69 0 685.726 0 0
1760000 -12108.9 -8980.57 0 -620.024 0 0
1770000 -9143.46 -8581.7 0 2771.23 0 0
1780000 -12244.8 -8670.5 0 1732.05 0 0
1790000 -10290.3 -12002.7 0 659.187 0 0
1800000 -8118.34 -11560.9 0 -123.062 0 0
1810000 -9995.87 -10779.6 0 -2058.75 0 0
1820000 -8917.12 -12828.9 0 -297.356 0 0
1830000 -8925.38 -11063.8 0 -972.007 0 0
1840000 -10028.2 -11448.7 0 -238.713 0 0
1850000 -10973.3 -8292.58 0 -675.209 0 0
1860000 -10460.8 -9517.45 0 1382.66 0 0
1870000 -11043.6 -9201.66 0 -817.503 0 0
1880000 -9736.39 -10870.8 0 -1050.24 0 0
1890000 -11418.8 -10481.8 0 191.41 0 0
1900000 -11144.4 -8080.85 0 -2273.87 0 0
1910000 -11063 -8660.6 0 262.269 0 0
1920000 -10189.3 -9173.6 0 -834.837 0 0
1930000 -11225.3 -11444.4 0 -1697.77 0 0
1940000 -11183.3 -12666.8 0 1192.5 0 0
1950000 -11538.9 -11115.8 0 -316.322 0 0
1960000 -12570.4 -9839.24 0 -1779.9 0 0
1970000 -10862.4 -11047.5 0 398.779 0 0
1980000 -11636.1 -11020.8 0 -630.37 0 0
1990000 -10069.8 -11868 0 487.701 0 0
2000000 -10799 -12069.5 0 -826.858 0 0
2010000 -11126.2 -11749.6 0 -508.26 0 0
2020000 -10978 -11162 0 -403.271 0 0
2030000 -11076.7 -12413.7 0 1424.95 0 0
2040000 -9358.61 -11708.2 0 1544.91 0 0
2050000 -12947.4 -10464.8 0 971.383 0 0
2060000 -13025.8 -9887.98 0 115.153 0 0
2070000 -9367.6 -10898.6 0 786.81 0 0
2080000 -10541.4 -10972.3 0 -453.408 0 0
2090000 -9573.15 -14545.9 0 -2862.79 0 0
2100000 -11665 -10476.5 0 118.299 0 0
2110000 -13390.1 -10502.8 0 -1729.33 0 0
2120000 -13332.7 -8368.72 0 -2362.3 0 0
2130000 -12552.4 -11551.8 0 -1868.38 0 0
2140000 -13637.3 -9702.88 0 -1881.21 0 0
2150000 -11025 -10683.5 0 -1040.87 0 0
2160000 -10310.5 -11900 0 -1614.28 0 0
2170000 -11034.2 -11451.4 0 -1376.84 0 0
2180000 -13671.5 -9292.92 0 643.923 0 0
2190000 -10745.6 -10977.3 0 -465.759 0 0
2200000 -9789.28 -10991 0 -1931.82 0 0
2210000 -13902.2 -8246.65 0 -1408.35 0 0
2220000 -11140.6 -10084.7 0 141.368 0 0
2230000 -12921.4 -9811.11 0 -488.015 0 0
2240000 -13000.2 -10024.9 0 -1404.26 0 0
2250000 -13732.4 -10178.1 0 -412.415 0 0
2260000 -11919.6 -11090.2 0 -429.371 0 0
2270000 -11908.1 -12835.6 0 -688.117 0 0
2280000 -13682.5 -12603.1 0 282.573 0 0
2290000 -14568.3 -12956.1 0 563.185 0 0
2300000 -11792.4 -13460.3 0 155.223 0 0
2310000 -11752.4 -13087.9 0 1928.96 0 0
2320000 -11251.8 -15987.1 0 2217.96 0 0
2330000 -9372 -13001.6 0 -1186.65 0 0
2340000 -11510.9 -12694.4 0 -2595.02 0 0
2350000 -11819.5 -13874.9 0 -1242.83 0 0
2360000 -12626.4 -12787 0 148.459 0 0
2370000 -13912.7 -12859.3 0 424.458 0 0
2380000 -12157.4 -14982.7 0 196.057 0 0
2390000 -13187 -12144.2 0 -981.094 0 0
2400000 -15352.5 -10782.6 0 -1058.46 0 0
2410000 -12142.2 -12696.9 0 82.0889 0 0
2420000 -11159.4 -12369.4 0 1472.58 0 0
2430000 -12698.5 -13179 0 28.5965 0 0
2440000 -13448.9 -11594.2 0 2084.17 0 0
2450000 -13534.6 -14571.7 0 1197.21 0 0
2460000 -12362.5 -12386.8 0 -1338.38 0 0
2470000 -12043 -12836.4 0 -463.076 0 0
2480000 -12730.8 -13646.4 0 -87.7654 0 0
2490000 -13099.1 -12435.6 0 -564.677 0 0
2500000 -13538 -12043.7 0 1053.82 0 0
2510000 -15836.3 -10603.8 0 150.548 0 0
2520000 -14051.5 -12410.7 0 -1744.43 0 0
2530000 -14976.3 -13857 0 68.7042 0 0
2540000 -14299.6 -15539.6 0 856.874 0 0
2550000 -13006.8 -14615.2 0 259.175 0 0
2560000 -18627.7 -10779.1 0 -13.2465 0 0
2570000 -15846.7 -11289.6 0 -423.188 0 0
2580000 -13266.7 -12289.1 0 490.869 0 0
2590000 -13576 -12894 0 -2489.48 0 0
2600000 -12912.6 -14781.9 0 -9.41307 0 0
2610000 -12769.3 -14526.4 0 2227.77 0 0
2620000 -14687.1 -12059.5 0 601.021 0 0
2630000 -12511 -12216.2 0 -2606.28 0 0
2640000 -10434.4 -13628.1 0 2307.59 0 0
2650000 -11291.7 -13591.9 0 -641.595 0 0
2660000 -13700.3 -11774.8 0 -1012.18 0 0
2670000 -12475.9 -12440.4 0 2857.58 0 0
2680000 -11123.7 -15125.4 0 1517.55 0 0
2690000 -11271.1 -14698.4 0 463.877 0 0
2700000 -16492.2 -11426.5 0 -536.863 0 0
2710000 -15165.6 -11100 0 958.75 0 0
2720000 -14852.2 -10654.6 0 482.105 0 0
2730000 -12332.1 -12049.1 0 -216.149 0 0
2740000 -15023.5 -12251.3 0 1185.86 0 0
2750000 -12007.9 -12225.2 0 603.001 0 0
2760000 -13421.5 -10919 0 -275.847 0 0
2770000 -13156.3 -14145.7 0 -1070.07 0 0
2780000 -12846.1 -14203.7 0 242.238 0 0
2790000 -11957.6 -14411.9 0 -827.672 0 0
2800000 -12810.9 -13070.9 0 -1514.63 0 0
2810000 -13230.4 -13727 0 1780.93 0 0
2820000 -12074.7 -14022.6 0 -1205.18 0 0
2830000 -14733.1 -12569.9 0 -253.18 0 0
2840000 -13565.5 -11077 0 -779.414 0 0
2850000 -13008.9 -11548 0 278.995 0 0
2860000 -13229 -10799.7 0 -1056.86 0 0
2870000 -12488.2 -14048.2 0 -1078.66 0 0
2880000 -9946.19 -11436.7 0 -825.999 0 0
2890000 -10517.4 -13988.7 0 -775.533 0 0
2900000 -10732.5 -13341.5 0 -246.046 0 0
2910000 -11570.4 -11941.4 0 -675.269 0 0
2920000 -12784.7 -11207.4 0 -1351.26 0 0
2930000 -13156.6 -12616.8 0 1021.35 0 0
2940000 -11897.9 -12591.9 0 471.94 0 0
2950000 -11888.3 -12362 0 251.318 0 0
2960000 -10690.4 -12612.9 0 -92.1618 0 0
2970000 -13148.4 -10627.2 0 -1574.5 0 0
2980000 -9059 -13522.6 0 -872.174 0 0
2990000 -12503.3 -11263.2 0 -958.773 0 0
3000000 -11442.1 -11913.9 0 -709.802 0 0
3010000 -11769.6 -10566 0 -294.905 0 0
3020000 -9257.52 -13482.8 0 500.737 0 0
3030000 -11939.4 -10732 0 -2056.85 0 0
3040000 -12814.5 -10029.1 0 119.993 0 0
3050000 -11295.1 -11545.7 0 -246.946 0 0
3060000 -11140.8 -11455.4 0 626 0 0
3070000 -10357.9 -10876.7 0 -544.252 0 0
3080000 -10470.1 -11899 0 1990.68 0 0
3090000 -10904.1 -12397.9 0 -1106.72 0 0
3100000 -10789.3 -11712.8 0 -1839.94 0 0
3110000 -11052.7 -13083.1 0 -1393.46 0 0
3120000 -12279.7 -13014.4 0 -184.685 0 0
3130000 -13734.8 -13935.3 0 -2938.46 0 0
3140000 -13728.6 -12294.8 0 -1269.76 0 0
3150000 -15481.7 -8653.32 0 340.279 0 0
3160000 -11919.6 -14933.1 0 -227.854 0 0
3170000 -13161.4 -12074.9 0 1259.44 0 0
3180000 -15304 -13022 0 1088.38 0 0
3190000 -11480.4 -14759.5 0 66.8379 0 0
3200000 -11903.2 -13041.4 0 746.342 0 0
3210000 -12176.9 -13965.7 0 -1156.5 0 0
3220000 -12754.7 -11572.7 0 600.534 0 0
3230000 -11864.7 -13517.4 0 -1427.96 0 0
3240000 -11578.8 -13749.5 0 -2286.88 0 0
3250000 -11623.2 -12827.7 0 229.517 0 0
3260000 -13394.1 -9140.61 0 126.69 0 0
3270000 -13166.6 -12103.8 0 -196.037 0 0
3280000 -12445.6 -10780.6 0 -145.849 0 0
3290000 -11208 -10526.5 0 -2297.31 0 0
3300000 -12271.5 -12005.1 0 -1108.75 0 0
3310000 -11440.9 -11213 0 -565.463 0 0
3320000 -10149.4 -11900.1 0 -615.044 0 0
3330000 -14020.4 -10542.8 0 -1457.38 0 0
3340000 -12822.7 -11407 0 -1697.15 0 0
3350000 -10591.3 -9964.89 0 -1699.29 0 0
3360000 -10877.7 -11096.6 0 111.212 0 0
3370000 -12744 -10655.8 0 1.12408 0 0
3380000 -10638.5 -10592.5 0 -581.992 0 0
3390000 -12615.4 -11663.9 0 -578.27 0 0
3400000 -12444.2 -10892.6 0 -2005.84 0 0
3410000 -10752.9 -12563.3 0 498.934 0 0
3420000 -14582.8 -13814.5 0 403.61 0 0
3430000 -14449.1 -11658.4 0 -321.069 0 0
3440000 -11003.9 -11372.7 0 -1601.81 0 0
3450000 -13211.3 -13012 0 -272.524 0 0
3460000 -12771.1 -12490.8 0 -539.753 0 0
3470000 -12014 -10501.9 0 -1658.68 0 0
3480000 -12344.6 -12504.9 0 804.092 0 0
3490000 -12690.6 -11676.6 0 -1204.9 0 0
3500000 -12471.2 -13960.1 0 -243.686 0 0
3510000 -13308.4 -12708.6 0 1243.23 0 0
3520000 -13823.9 -11575.3 0 -1486.55 0 0
3530000 -13035.9 -14588.2 0 1728.7 0 0
3540000 -14628.5 -12936.7 0 -827.31 0 0
3550000 -12314.3 -13432.2 0 2525.03 0 0
3560000 -12585.3 -13872.8 0 2276.2 0 0
3570000 -12961.1 -13199 0 1714.75 0 0
3580000 -14211.6 -11006.3 0 329.594 0 0
3590000 -10588.9 -14498.1 0 907.663 0 0
3600000 -15366.5 -12330.1 0 3.98469 0 0
3610000 -12934.2 -13467.6 0 -119.954 0 0
3620000 -11685.7 -16195.6 0 517.135 0 0
3630000 -12768 -12552.7 0 -1327.42 0 0
3640000 -13058.8 -12807.5 0 1154.7 0 0
3650000 -12879.4 -12557.1 0 2691.84 0 0
3660000 -10750.9 -14405.7 0 -101.231 0 0
3670000 -12759.8 -11713.2 0 700.281 0 0
3680000 -15417.4 -8714.7 0 -684.669 0 0
3690000 -11011.2 -12679.9 0 -1302.04 0 0
3700000 -10519.6 -14784.5 0 1399.4 0 0
3710000 -12754.5 -11181.7 0 1213.43 0 0
3720000 -9301.12 -13591.3 0 848.995 0 0
3730000 -11153.3 -11811.9 0 -935.927 0 0
3740000 -10587.9 -11803 0 439.995 0 0
3750000 -11157.9 -11683.5 0 -812.213 0 0
3760000 -14353.7 -13492.4 0 387.375 0 0
3770000 -12053.5 -13287.6 0 -1112.02 0 0
3780000 -8690.71 -14039.6 0 224.121 0 0
3790000 -13805 -12965.4 0 716.87 0 0
3800000 -14361.7 -13801.4 0 -424.943 0 0
3810000 -11358 -11995 0 -256.664 0 0
3820000 -10947.1 -12709.4 0 -1925.94 0 0
3830000 -11666.9 -11679.5 0 579.982 0 0
3840000 -12171.8 -12936.2 0 -1584.64 0 0
3850000 -11447.1 -11327.5 0 -2168.52 0 0
3860000 -12831.3 -8744.85 0 1116.28 0 0
3870000 -10445.4 -11860.4 0 -476.459 0 0
3880000 -12472.3 -10924.4 0 318.709 0 0
3890000 -12210 -13428.9 0 980.902 0 0
3900000 -13638.9 -10768 0 -1830.3 0 0
3910000 -12530.8 -10336 0 -111.135 0 0
3920000 -12876.1 -13019.4 0 577.513 0 0
3930000 -11966.9 -12643.3 0 -1442.54 0 0
3940000 -15467 -10542.8 0 -1767.6 0 0
3950000 -13709.8 -12700.5 0 -1524.06 0 0
3960000 -12675.9 -12867.8 0 -391.51 0 0
3970000 -12801.3 -13236 0 1202.52 0 0
3980000 -12075 -12854.9 0 1366.77 0 0
3990000 -14409.2 -10465.6 0 -798.113 0 0
4000000 -10360 -13709.4 0 -1205.91 0 0
4010000 -14201 -10164.2 0 -136.538 0 0
4020000 -11707.9 -11108 0 -643.693 0 0
4030000 -14114.3 -9231.99 0 -2011.4 0 0
4040000 -11577.8 -11996.3 0 95.8938 0 0
4050000 -14083.2 -11823.4 0 -145.778 0 0
4060000 -12460.1 -10681.5 0 -3425.54 0 0
4070000 -12767.9 -11226.4 0 -2952.11 0 0
4080000 -11579.1 -10831.9 0 388.486 0 0
4090000 -12208.8 -11491.6 0 97.625 0 0
4100000 -12384.4 -9087.44 0 853.247 0 0
4110000 -9362.35 -11550.6 0 2053.73 0 0
4120000 -7650.29 -13603 0 -1003.95 0 0
4130000 -11069.3 -11009.8 0 981.712 0 0
4140000 -11492 -11209.2 0 -442.881 0 0
4150000 -10980.5 -12128.1 0 685.784 0 0
4160000 -7582.87 -12962.8 0 -278.483 0 0
4170000 -9748.87 -9308.18 0 141.189 0 0
4180000 -11644.2 -10467.6 0 796.159 0 0
4190000 -10192.2 -11792.9 0 -55.3988 0 0
4200000 -8736.13 -12835.3 0 -2152.46 0 0
4210000 -10919.2 -12763.5 0 -77.0172 0 0
4220000 -8845.01 -13372.8 0 2142.3 0 0
4230000 -9951.04 -13192.9 0 607.816 0 0
4240000 -10392.7 -9749.08 0 967.071 0 0
4250000 -9589.44 -10159.8 0 927.937 0 0
4260000 -9645.33 -9581.32 0 -245.641 0 0
4270000 -7885.66 -8669.78 0 -1319.14 0 0
4280000 -8248.36 -11000.2 0 -41.9771 0 0
4290000 -9074.54 -8581.09 0 154.463 0 0
4300000 -9921.62 -8131.8 0 -1072.64 0 0
4310000 -8064 -11810.3 0 2331.36 0 0
4320000 -12425.1 -9238.63 0 -1207.09 0 0
4330000 -11388 -9727.17 0 256.396 0 0
4340000 -10023.6 -10032.2 0 -717.557 0 0
4350000 -7810.42 -10318.1 0 168.785 0 0
4360000 -9371.63 -8942.14 0 1007.89 0 0
4370000 -11078 -9226.98 0 -593.28 0 0
4380000 -10679.5 -10040.3 0 1715.86 0 0
4390000 -8719.61 -9782.63 0 1608.64 0 0
4400000 -10938.7 -7977 0 2009.53 0 0
4410000 -8478.58 -9614.39 0 -1940.43 0 0
4420000 -10915.7 -8873.16 0 -1595.75 0 0
4430000 -11599.5 -9449.76 0 573.241 0 0
4440000 -11605 -10562.9 0 89.1126 0 0
4450000 -11576.6 -8429.27 0 -776.631 0 0
4460000 -12208 -12374.6 0 852.567 0 0
4470000 -11832.8 -9716.43 0 129.059 0 0
4480000 -11499.5 -10878.6 0 883.648 0 0
4490000 -12018.4 -12441.7 0 2212.18 0 0
4500000 -11956.5 -12444 0 -1700.19 0 0
4510000 -10028.6 -13056.1 0 46.772 0 0
4520000 -11689 -10458.1 0 97.3747 0 0
4530000 -8829.97 -13586.9 0 1304.3 0 0
4540000 -10070.7 -12474.4 0 -93.2742 0 0
4550000 -11795.1 -12802.2 0 944.022 0 0
4560000 -11609.5 -11015.3 0 1271.38 0 0
4570000 -12721.5 -10399.2 0 1786.58 0 0
4580000 -11401.7 -10180.7 0 989.054 0 0
4590000 -10253.1 -10343.4 0 1566.1 0 0
4600000 -12336.7 -9617.81 0 209.037 0 0
4610000 -10557.5 -12634.2 0 -727.493 0 0
4620000 -10896.9 -13423.9 0 515.078 0 0
4630000 -14967.7 -8259.69 0 27.9 0 0
4640000 -11066.6 -9810.35 0 -118.664 0 0
4650000 -13455 -9376.13 0 -761.04 0 0
4660000 -10430.2 -12023.9 0 -82.5213 0 0
4670000 -11545.4 -11269.2 0 -0.673497 0 0
4680000 -10642.3 -11752.5 0 -2700.31 0 0
4690000 -11740.5 -7245.6 0 2065 0 0
4700000 -9915.58 -10644.1 0 1704.65 0 0
4710000 -9332.6 -11568.8 0 2198.43 0 0
4720000 -11858.8 -10780.6 0 1937.02 0 0
4730000 -9303.4 -9915 0 -199.646 0 0
4740000 -13333.7 -10966.2 0 -1664.77 0 0
4750000 -12519.2 -10428 0 -709.026 0 0
4760000 -12096.3 -8679.38 0 -877.16 0 0
4770000 -9189.54 -12367.1 0 148.37 0 0
4780000 -10020.6 -12239.5 0 1465.83 0 0
4790000 -9910.54 -12460.3 0 577.156 0 0
4800000 -12201.2 -11202.9 0 -360.334 0 0
4810000 -8082.91 -13444 0 -1182.68 0 0
4820000 -11169 -13827.8 0 -378.535 0 0
4830000 -13529.8 -10018.9 0 545.298 0 0
4840000 -12045.2 -11948.6 0 -383.277 0 0
4850000 -12212.8 -12906.3 0 2032.86 0 0
4860000 -14210.1 -11450 0 -246.488 0 0
4870000 -13457.3 -11515.6 0 2173.36 0 0
4880000 -12699.2 -9792.11 0 -955.211 0 0
4890000 -10241.8 -13811.4 0 1800.36 0 0
4900000 -12733.4 -9444.28 0 -1120.18 0 0
4910000 -8299.95 -12560.9 0 30.2283 0 0
4920000 -12202.8 -11075.2 0 -2127.39 0 0
4930000 -11500 -11134.9 0 1978.14 0 0
4940000 -10295.6 -14200.1 0 794.631 0 0
4950000 -10639.1 -12040.6 0 694.436 0 0
4960000 -9276.12 -11336.4 0 -1104.31 0 0
4970000 -10322.5 -11264.5 0 1190.51 0 0
4980000 -10096.7 -11711.6 0 -217.962 0 0
4990000 -10162.9 -13605 0 -2461.83 0 0
5000000 -11662.3 -13493.8 0 59.3292 0 0
