# Time-averaged data for fix ps1
# TimeStep c_thermo_press[1] c_thermo_press[2] c_thermo_press[3] c_thermo_press[4] c_thermo_press[5] c_thermo_press[6]
10000 -54367.8 -55618.2 0 -101.554 0 0
20000 -54024.3 -55200.9 0 -975.97 0 0
30000 -53936.6 -55511.9 0 -699.97 0 0
40000 -54414.2 -55191.9 0 -1942.37 0 0
50000 -53790 -54517.8 0 -2057.95 0 0
60000 -53914.9 -54751.2 0 -1674.41 0 0
70000 -53774.3 -54827.6 0 -2765.51 0 0
80000 -53687.7 -55125.4 0 -3190.03 0 0
90000 -53725.3 -53739.6 0 -3454.27 0 0
100000 -53384.9 -55663.5 0 -3093.72 0 0
110000 -54109.6 -54691.3 0 -3619.04 0 0
120000 -53294.2 -54830.8 0 -4090.52 0 0
130000 -54950.7 -54356.8 0 -4507.93 0 0
140000 -53923.9 -55426.2 0 -4651.88 0 0
150000 -53493.1 -54825.2 0 -5267.41 0 0
160000 -53828.3 -54697.8 0 -5733.43 0 0
170000 -53439.2 -55057.3 0 -4768.56 0 0
180000 -52912.2 -55554.3 0 -5542.51 0 0
190000 -53906.8 -54943.2 0 -5784.11 0 0
200000 -53794.2 -54423.4 0 -5417.15 0 0
210000 -53335.4 -54750.5 0 -5574.12 0 0
220000 -53602.4 -54773.1 0 -6023.84 0 0
230000 -54042.5 -54614 0 -6007.02 0 0
240000 -53126.3 -54235.7 0 -6268.96 0 0
250000 -54402.2 -54743.1 0 -6035.1 0 0
260000 -53871.2 -54525.9 0 -6597.89 0 0
270000 -54449.6 -54142.1 0 -5694.38 0 0
280000 -52853.6 -54842.8 0 -5998.2 0 0
290000 -53226.3 -55058.3 0 -5357.8 0 0
300000 -53893.6 -54974.5 0 -6051.4 0 0
310000 -53313.4 -54375 0 -5885.03 0 0
320000 -53091.8 -54856.9 0 -5649.27 0 0
330000 -53169.4 -54592.3 0 -5726.06 0 0
340000 -52896.5 -55443.3 0 -4434.97 0 0
350000 -53835.6 -54395.7 0 -4841.56 0 0
360000 -53069.7 -55021.9 0 -3996.47 0 0
370000 -54295.4 -55108.8 0 -4297.31 0 0
380000 -54025.7 -55244.9 0 -4069.77 0 0
390000 -53712.4 -55426.5 0 -4393.29 0 0
400000 -52509.8 -55232.5 0 -3471.97 0 0
410000 -54043.6 -54579 0 -2792.47 0 0
420000 -54057.1 -54811.8 0 -3008.82 0 0
430000 -53538.7 -54763.9 0 -2665.13 0 0
440000 -54231.9 -54259.2 0 -2148.9 0 0
450000 -53776.9 -54546.8 0 -1843.82 0 0
460000 -54017.3 -55255.3 0 -944.976 0 0
470000 -54320.9 -54417.2 0 -1801.52 0 0
480000 -53741.9 -54226.8 0 -375.882 0 0
490000 -53410.7 -54545.9 0 -659.716 0 0
500000 -53443.9 -54656.9 0 342.929 0 0
510000 -53900.2 -55192.4 0 121.387 0 0
520000 -53082.6 -55605.2 0 988.005 0 0
530000 -53885.7 -54667.6 0 1301.59 0 0
540000 -54913.2 -53851.7 0 1287.37 0 0
550000 -53700.1 -54939.8 0 1698.87 0 0
560000 -54020.4 -54397.4 0 1888.82 0 0
570000 -55030 -54450.5 0 2356.65 0 0
580000 -53423.8 -54985.2 0 2898.41 0 0
590000 -53880.2 -54323.3 0 2559.88 0 0
600000 -53550.2 -55991 0 3359.74 0 0
610000 -53070 -54992.9 0 4652.97 0 0
620000 -54670.8 -54759.6 0 4352.79 0 0
630000 -54430.7 -54259.9 0 4657.2 0 0
640000 -53921.9 -55400.3 0 4264.88 0 0
650000 -54715.2 -55245.6 0 4964.24 0 0
660000 -54413.5 -54847.3 0 5254.1 0 0
670000 -53379.2 -55845.6 0 5444.57 0 0
680000 -53914.2 -53982.4 0 5870.33 0 0
690000 -54245.4 -54798.7 0 5388.17 0 0
700000 -53928.7 -54941.3 0 5891.95 0 0
710000 -54413.5 -55442.3 0 6056.97 0 0
720000 -53868.4 -55321 0 6396.91 0 0
730000 -53348.3 -54582.5 0 5974.43 0 0
740000 -53374.5 -54450 0 6398.35 0 0
750000 -53605.8 -55521.1 0 5935.84 0 0
760000 -54701.9 -55062.3 0 6198.35 0 0
770000 -53589.9 -55593.2 0 6337.52 0 0
780000 -53803.5 -54927.6 0 5592.36 0 0
790000 -54197.6 -54548.1 0 4919.39 0 0
800000 -53234.3 -55018.3 0 6187.15 0 0
810000 -53379.7 -55133.7 0 5797.86 0 0
820000 -53237.6 -54725.8 0 4461.59 0 0
830000 -54670.4 -54791.8 0 5124.71 0 0
840000 -53801.7 -54312.9 0 4020.7 0 0
850000 -54358.5 -54631.4 0 4908.59 0 0
860000 -52905.7 -55063.7 0 3934.55 0 0
870000 -53850.2 -54874.6 0 4281.62 0 0
880000 -54176 -54789.1 0 4500.77 0 0
890000 -54158.6 -55045.8 0 3792.95 0 0
900000 -53752 -55260.6 0 4353.06 0 0
910000 -53599.8 -55490.1 0 3171.14 0 0
920000 -53829.9 -54761.7 0 2829.15 0 0
930000 -53992.2 -55324.9 0 2438.47 0 0
940000 -54110.5 -55187.4 0 2006.63 0 0
950000 -54637.6 -54653.4 0 1756.89 0 0
960000 -53494.4 -55010.5 0 1380.47 0 0
970000 -54136.8 -54494.9 0 -345.576 0 0
980000 -54369.8 -54213.2 0 -189.957 0 0
990000 -54280.1 -55241.6 0 253.079 0 0
1000000 -52729.1 -54422.5 0 50.4737 0 0
1010000 -53108.5 -54558.5 0 -278.734 0 0
1020000 -54521.4 -54598.9 0 -1270.83 0 0
1030000 -54368.4 -55417.5 0 -1131.19 0 0
1040000 -52952.6 -55930 0 -912.705 0 0
1050000 -53215 -56262 0 -1783.51 0 0
1060000 -54147.2 -54462.1 0 -2757.29 0 0
1070000 -53523.5 -55203.4 0 -3295.38 0 0
1080000 -54368.3 -54829 0 -2635.25 0 0
1090000 -54035.2 -55124.9 0 -3299.82 0 0
1100000 -53049.7 -55346.1 0 -3521.48 0 0
1110000 -53465.2 -54945.8 0 -3934.22 0 0
1120000 -54194.4 -54670.5 0 -4552.42 0 0
1130000 -53362.7 -54335 0 -4931.92 0 0
1140000 -53842.5 -55127.2 0 -3937.84 0 0
1150000 -53389 -55332 0 -4489.37 0 0
1160000 -52983.1 -54539.2 0 -5312.74 0 0
1170000 -53195.6 -55084.8 0 -5859.65 0 0
1180000 -54814.8 -54012.4 0 -6271.53 0 0
1190000 -52481.5 -55023.7 0 -6160.05 0 0
1200000 -53373.4 -54908 0 -5716.52 0 0
1210000 -53396.6 -54734.9 0 -5801.97 0 0
1220000 -54095.6 -56098.2 0 -6735.36 0 0
1230000 -54046.8 -54908.7 0 -6515.77 0 0
1240000 -53211.4 -55286.8 0 -6145.73 0 0
1250000 -53613.8 -55137 0 -6874.27 0 0
1260000 -54110.3 -54999.3 0 -5987.07 0 0
1270000 -53265.4 -55383.4 0 -6694.17 0 0
1280000 -53392.2 -55609.9 0 -5591.74 0 0
1290000 -53937.6 -54533.2 0 -6488.75 0 0
1300000 -53899.5 -55268.7 0 -5876.34 0 0
1310000 -53014.8 -54641.9 0 -5547.97 0 0
1320000 -53779.9 -54744.7 0 -4785.12 0 0
1330000 -53846.8 -54575.5 0 -4139.38 0 0
1340000 -54214.7 -55526.9 0 -4347.36 0 0
1350000 -55087.4 -54017 0 -3735.15 0 0
1360000 -53942 -55023.5 0 -3846.47 0 0
1370000 -53138.4 -54971.8 0 -3907.75 0 0
1380000 -54179.9 -54626.2 0 -3084.69 0 0
1390000 -53810.3 -55265.1 0 -3708.18 0 0
1400000 -54117.3 -54662.4 0 -3788.64 0 0
1410000 -53368.2 -55330.9 0 -3158.33 0 0
1420000 -54055.5 -54011.7 0 -2596.77 0 0
1430000 -53279.8 -54739.7 0 -2424.62 0 0
1440000 -53968.2 -54123.8 0 -2642.53 0 0
1450000 -53463 -54004.4 0 -1808.21 0 0
1460000 -53861.3 -54378.3 0 -1543.65 0 0
1470000 -54113.5 -54263.2 0 -749.086 0 0
1480000 -53782.1 -54754.7 0 -692.813 0 0
1490000 -53701.6 -54864.2 0 619.536 0 0
1500000 -53779.7 -54824.8 0 358.968 0 0
1510000 -54472.9 -53591.1 0 287.032 0 0
1520000 -53703.1 -55775.4 0 1563.34 0 0
1530000 -54504.6 -54748.9 0 1080.61 0 0
1540000 -54199.3 -54709.5 0 1581.54 0 0
1550000 -54980 -54359.8 0 1733.22 0 0
1560000 -53995.7 -55181.7 0 2592.27 0 0
1570000 -54400.3 -54171 0 2885.74 0 0
1580000 -54207.6 -55021.2 0 2812.09 0 0
1590000 -54808.7 -53778.9 0 3447.64 0 0
1600000 -53895.1 -55187.2 0 3599.51 0 0
1610000 -53932.5 -54624.7 0 4137.81 0 0
1620000 -53700.7 -54629.1 0 4457.44 0 0
1630000 -53833.8 -54500.3 0 4780.3 0 0
1640000 -53737.5 -54527.2 0 4828.41 0 0
1650000 -54555 -54796 0 4669.79 0 0
1660000 -53202.5 -55069.2 0 5376.21 0 0
1670000 -53781.9 -54223.7 0 5008.92 0 0
1680000 -53857.3 -55271.7 0 5728.06 0 0
1690000 -54850.6 -54756.5 0 6188 0 0
1700000 -54277.8 -53990.3 0 5761.09 0 0
1710000 -54282.1 -54652.2 0 5659.21 0 0
1720000 -54387 -54152.2 0 6123.05 0 0
1730000 -53317.2 -55194.7 0 6643.78 0 0
1740000 -54136.9 -55216.7 0 5875.47 0 0
1750000 -53927.6 -54463.7 0 6180.7 0 0
1760000 -54348.5 -54519.7 0 5645.17 0 0
1770000 -54908.1 -53762 0 5325.75 0 0
1780000 -54737.1 -54754.1 0 5794.21 0 0
1790000 -53640.5 -55256.7 0 6003.12 0 0
1800000 -54013.8 -55172.5 0 5145.84 0 0
1810000 -54391.7 -55071.5 0 4840.75 0 0
1820000 -53941.5 -54469 0 4179.07 0 0
1830000 -54226.6 -54816.2 0 4632.56 0 0
1840000 -54369.6 -54014.8 0 4501.5 0 0
1850000 -54737.2 -54577.4 0 3575.44 0 0
1860000 -54631 -53904.9 0 3519.08 0 0
1870000 -53837.7 -54627.9 0 3697.26 0 0
1880000 -54542.8 -54126 0 4737.67 0 0
1890000 -54565.4 -54974 0 4274.37 0 0
1900000 -54254.6 -54925.1 0 3661.11 0 0
1910000 -54552.5 -53622.2 0 2620.28 0 0
1920000 -54089.4 -54695.3 0 2929.47 0 0
1930000 -54344.5 -54734.2 0 2030.66 0 0
1940000 -54856.7 -54554.7 0 2795.78 0 0
1950000 -55544.3 -53894.1 0 1993.07 0 0
1960000 -54774.6 -54940.5 0 1418.66 0 0
1970000 -53700.8 -55241.7 0 1040.74 0 0
1980000 -54786.9 -55131.3 0 -162.697 0 0
1990000 -54107.4 -54845.9 0 545.226 0 0
2000000 -54165.4 -53803.3 0 56.6849 0 0
2010000 -54519.4 -53808.9 0 -950.333 0 0
2020000 -53507.7 -54483.7 0 -1879.34 0 0
2030000 -54624.8 -54230.6 0 -1529.21 0 0
2040000 -53743.8 -54501.3 0 -1477.59 0 0
2050000 -53804.6 -54603.1 0 -1633.54 0 0
2060000 -54452.6 -54835.8 0 -2157.99 0 0
2070000 -53781.4 -55011.7 0 -2802.47 0 0
2080000 -54831 -54313.9 0 -3502.22 0 0
2090000 -53930.5 -54731.2 0 -2629.46 0 0
2100000 -53958.9 -54767.1 0 -3492.5 0 0
2110000 -53892.2 -55421.4 0 -4191.94 0 0
2120000 -53656.1 -54524.5 0 -4992.26 0 0
2130000 -54065.6 -54741.1 0 -4624.58 0 0
2140000 -54676.6 -54416.1 0 -3599.18 0 0
2150000 -53776.5 -55038 0 -4541.51 0 0
2160000 -53210.5 -55680.1 0 -4611.52 0 0
2170000 -53508.9 -55280.5 0 -4881.24 0 0
2180000 -53926.7 -53867.4 0 -4822.98 0 0
2190000 -53837.2 -54211 0 -5230.83 0 0
2200000 -53708.5 -55177.3 0 -5453.87 0 0
2210000 -54139.3 -54343.9 0 -6153.64 0 0
2220000 -53341.3 -54674.4 0 -6748.69 0 0
2230000 -53011.1 -54582.1 0 -4920.56 0 0
2240000 -54473.4 -54144 0 -5900.28 0 0
2250000 -53036.5 -55189.9 0 -5329.77 0 0
2260000 -53865.1 -54747.9 0 -6178.36 0 0
2270000 -54092.5 -55164.5 0 -5538.07 0 0
2280000 -53299.8 -54991.8 0 -5277.07 0 0
2290000 -53375.9 -54134.2 0 -5482.01 0 0
2300000 -54305.7 -54876.1 0 -5580 0 0
2310000 -53637.2 -54399.7 0 -5292.04 0 0
2320000 -54023.2 -54668.8 0 -4970.01 0 0
2330000 -53620.2 -55484.3 0 -5136.01 0 0
2340000 -53294.7 -55398.8 0 -5425.48 0 0
2350000 -52759.7 -55811 0 -5219.32 0 0
2360000 -53624.8 -54938.1 0 -4501.01 0 0
2370000 -54163.5 -54288 0 -4269.13 0 0
2380000 -54940.4 -54442.3 0 -4317.68 0 0
2390000 -53683.2 -53600.4 0 -3059.55 0 0
2400000 -54069.5 -55512.2 0 -3181.57 0 0
2410000 -54278.2 -54056.4 0 -3046.24 0 0
2420000 -54865.9 -55400.3 0 -2769.48 0 0
2430000 -54159.2 -54584.9 0 -2820.96 0 0
2440000 -53993.3 -54254.6 0 -2000.87 0 0
2450000 -54334.1 -54851.6 0 -1473.32 0 0
2460000 -54368.6 -54917.8 0 -1400.87 0 0
2470000 -54101.9 -54434.4 0 -1107.86 0 0
2480000 -54457.7 -53788.9 0 -917.56 0 0
2490000 -53764.4 -54086.2 0 -521.214 0 0
2500000 -54898.3 -54944.6 0 -590.14 0 0
2510000 -54029 -54410.2 0 86.8628 0 0
2520000 -54050.4 -54105.6 0 859.854 0 0
2530000 -54320.5 -55169 0 1437.16 0 0
2540000 -54316.8 -54647.4 0 1918.84 0 0
2550000 -53611.3 -54467.8 0 2802.34 0 0
2560000 -53494.3 -54908.3 0 2382.26 0 0
2570000 -54403 -54368.3 0 2063.43 0 0
2580000 -54574.5 -54625.8 0 3395.32 0 0
2590000 -54033.2 -54476 0 3453.17 0 0
2600000 -54624.7 -53715.1 0 3280.05 0 0
2610000 -54249.4 -54160.5 0 3547.59 0 0
2620000 -55168.7 -53952.6 0 4498.72 0 0
2630000 -52836.7 -55741 0 3753.38 0 0
2640000 -53593.9 -53874.6 0 3840.16 0 0
2650000 -54531.5 -54367.3 0 4945.77 0 0
2660000 -54369.2 -53942.1 0 4948.29 0 0
2670000 -53275.3 -54369.4 0 5630.45 0 0
2680000 -53710.2 -54548.8 0 4536.18 0 0
2690000 -54521 -54693.7 0 5873.6 0 0
2700000 -54024 -55321.7 0 6267.34 0 0
2710000 -53602.9 -54898.8 0 5928.22 0 0
2720000 -54259.4 -54944.4 0 5392.49 0 0
2730000 -54661 -54393.7 0 6680.46 0 0
2740000 -54104 -54706.4 0 6023.85 0 0
2750000 -54652.3 -54384.6 0 6034.08 0 0
2760000 -54067.8 -54479.4 0 5597.96 0 0
2770000 -53647.6 -54200.8 0 5447.42 0 0
2780000 -53792.8 -54517.3 0 5557.27 0 0
2790000 -53193.2 -54238.2 0 5685.87 0 0
2800000 -54136.6 -54094.9 0 5111.91 0 0
2810000 -54811.7 -53485.2 0 4620.97 0 0
2820000 -53634.1 -55158.2 0 4853.94 0 0
2830000 -53775.4 -54297.3 0 5029.29 0 0
2840000 -54660.7 -54116.7 0 4860.54 0 0
2850000 -54082.6 -54987.2 0 4555.69 0 0
2860000 -53752 -54754.8 0 3817.79 0 0
2870000 -54300.3 -53880.6 0 4210.89 0 0
2880000 -54242.3 -54657.4 0 4309.34 0 0
2890000 -53997.5 -54192 0 3200.94 0 0
2900000 -53899.5 -54617.9 0 3065.92 0 0
2910000 -54539.6 -54896.2 0 2668.43 0 0
2920000 -54176.1 -54911.2 0 3246.94 0 0
2930000 -54358.9 -54777.7 0 2989.79 0 0
2940000 -54136.9 -55687.5 0 1893.78 0 0
2950000 -54235.2 -54813.8 0 1243.49 0 0
2960000 -54253.4 -54187.2 0 1897.3 0 0
2970000 -54175.7 -55070.1 0 1286.43 0 0
2980000 -53515.9 -55779 0 1392.03 0 0
2990000 -54417 -55098.6 0 447.177 0 0
3000000 -54312.8 -55764.7 0 -550.895 0 0
3010000 -53935.8 -55280.7 0 194.652 0 0
3020000 -53848.9 -54925.8 0 -195.714 0 0
3030000 -53878.9 -54043 0 -1260.2 0 0
3040000 -53113.3 -54973.1 0 -992.165 0 0
3050000 -53578.8 -54827 0 -1888.34 0 0
3060000 -53660.3 -54788 0 -2598.42 0 0
3070000 -53843.2 -54943.9 0 -2553.59 0 0
3080000 -54323.7 -54516.8 0 -2403.83 0 0
3090000 -54363.1 -55164.6 0 -3046.95 0 0
3100000 -52813.3 -55031.4 0 -3301.18 0 0
3110000 -54026.5 -54478.8 0 -4163.9 0 0
3120000 -53289 -55090.8 0 -3393.2 0 0
3130000 -53139.3 -55586 0 -4986.59 0 0
3140000 -53716.4 -55045.3 0 -4343.83 0 0
3150000 -54024.6 -54276.9 0 -4176.85 0 0
3160000 -53561.4 -55316.4 0 -4873.08 0 0
3170000 -53733 -55942.4 0 -4957.33 0 0
3180000 -53394.2 -54478.8 0 -5449.53 0 0
3190000 -53642.2 -55611.5 0 -5435.45 0 0
3200000 -53562.2 -55059.6 0 -5682.86 0 0
3210000 -53333.2 -55654.6 0 -4694.2 0 0
3220000 -53359.1 -54762.3 0 -5931.16 0 0
3230000 -53239.6 -55178.5 0 -4954.95 0 0
3240000 -53874.8 -55087.1 0 -5279.47 0 0
3250000 -53604.3 -55378 0 -5953.03 0 0
3260000 -53225.1 -54922.5 0 -4836.71 0 0
3270000 -53381.6 -55442 0 -5864.91 0 0
3280000 -53380.4 -54743.1 0 -4556.6 0 0
3290000 -53507.6 -55044.5 0 -4929.16 0 0
3300000 -53737.8 -55446.8 0 -5367.24 0 0
3310000 -53628.8 -53935.1 0 -5470.48 0 0
3320000 -52913.8 -55572.5 0 -5600.89 0 0
3330000 -54711.2 -54471.5 0 -4785.12 0 0
3340000 -53807.9 -54372.6 0 -4292.03 0 0
3350000 -53410.4 -54590.6 0 -3539.33 0 0
3360000 -53828.8 -54538.7 0 -4885.55 0 0
3370000 -54090.2 -54712.6 0 -4136.98 0 0
3380000 -54652.2 -54335.1 0 -3662.75 0 0
3390000 -54188.3 -54769.1 0 -3114.71 0 0
3400000 -54692.6 -54855.4 0 -3727.98 0 0
3410000 -54090.9 -54910.6 0 -3213.02 0 0
3420000 -54002.2 -54652.8 0 -3820.37 0 0
3430000 -52971.3 -54939.8 0 -3237.98 0 0
3440000 -54580.9 -53939.4 0 -2760.12 0 0
3450000 -53687.6 -54660.6 0 -2104.04 0 0
3460000 -54218 -54362.8 0 -1248.37 0 0
3470000 -54063.6 -54596.2 0 -1021.61 0 0
3480000 -54745.8 -55129.3 0 -10.1224 0 0
3490000 -54551.8 -54524.8 0 -356.352 0 0
3500000 -53742.5 -55257.3 0 519.761 0 0
3510000 -53464.5 -55434.6 0 203.261 0 0
3520000 -54635 -54906.8 0 840.993 0 0
3530000 -54129.2 -54554.1 0 1466.54 0 0
3540000 -54151.7 -55111.2 0 1156.4 0 0
3550000 -54284.6 -54444 0 2195.45 0 0
3560000 -54609.4 -54624.3 0 2207.03 0 0
3570000 -54626.2 -55180.2 0 2482.24 0 0
3580000 -54724 -55269.1 0 3030.12 0 0
3590000 -55210.9 -54646.4 0 2866.98 0 0
3600000 -54778.1 -54970.9 0 2902.52 0 0
3610000 -54093.5 -54882.8 0 3357.13 0 0
3620000 -54628.2 -54762.2 0 3267.9 0 0
3630000 -55134.8 -53953.1 0 3199.2 0 0
3640000 -54936.1 -53377.4 0 3787.27 0 0
3650000 -54633.3 -54341.8 0 3921.08 0 0
3660000 -54692.5 -54575.4 0 3781.56 0 0
3670000 -53999 -54201 0 4365.48 0 0
3680000 -55085 -53717.8 0 5124.79 0 0
3690000 -54748.4 -54273.6 0 5375.02 0 0
3700000 -54881.3 -55179.1 0 5151.27 0 0
3710000 -54312.8 -55177.3 0 5363.58 0 0
3720000 -54394.8 -54695.3 0 4966.45 0 0
3730000 -54316.3 -55370.8 0 4659.02 0 0
3740000 -53998.2 -54352.3 0 5766.68 0 0
3750000 -54537.3 -55453.3 0 4946.75 0 0
3760000 -54461.8 -54648.7 0 5542.75 0 0
3770000 -53833.3 -54129.1 0 4385.07 0 0
3780000 -55133.1 -54155.1 0 4828.46 0 0
3790000 -54247.4 -55212.7 0 5525.75 0 0
3800000 -54355.9 -55270.8 0 5543.65 0 0
3810000 -54091.2 -54133.6 0 4855.89 0 0
3820000 -54695.8 -54555.1 0 5518.87 0 0
3830000 -53485.8 -55103 0 4817.89 0 0
3840000 -54295.6 -54509.1 0 3978.36 0 0
3850000 -53537 -55726.1 0 4621.72 0 0
3860000 -53946 -54785.2 0 3416.42 0 0
3870000 -53511.9 -54882 0 3101.55 0 0
3880000 -54191.4 -53953.5 0 3581.31 0 0
3890000 -54233.8 -53766.4 0 2504.72 0 0
3900000 -53549 -54453.3 0 2646.66 0 0
3910000 -54428.6 -53929.1 0 1258.11 0 0
3920000 -54452.1 -54478.5 0 2500.41 0 0
3930000 -53751.9 -54647.6 0 1924.67 0 0
3940000 -55306.4 -54261.2 0 1628.56 0 0
3950000 -54931.6 -54118.8 0 1228.21 0 0
3960000 -54351.4 -54704.1 0 887.731 0 0
3970000 -53142.5 -54855.6 0 426.133 0 0
3980000 -54642.4 -54441.1 0 388.191 0 0
3990000 -54667.6 -54668.2 0 -687.641 0 0
4000000 -53082.5 -55095 0 -989.667 0 0
4010000 -54637.3 -54550.3 0 -1559.94 0 0
4020000 -54330.9 -54222.8 0 -1404.45 0 0
4030000 -54779.7 -54890.4 0 -1417.04 0 0
4040000 -54008.9 -54806.6 0 -1856.79 0 0
4050000 -54152.6 -54765.6 0 -2754.85 0 0
4060000 -54809.2 -53603.9 0 -3200.32 0 0
4070000 -53811.4 -54319.3 0 -3810.78 0 0
4080000 -54432.3 -54315.6 0 -4022.42 0 0
4090000 -53495.8 -55436.3 0 -3465.46 0 0
4100000 -54096.4 -54915.4 0 -4100.31 0 0
4110000 -53610.7 -54223.5 0 -4494.99 0 0
4120000 -53518.3 -55480.6 0 -4732.45 0 0
4130000 -54739.6 -54574.4 0 -4685.92 0 0
4140000 -53683.9 -54787.1 0 -5091.7 0 0
4150000 -53501.3 -54594.6 0 -5316.56 0 0
4160000 -53365.8 -53966.6 0 -5775.05 0 0
4170000 -54115.5 -55706.4 0 -5145.3 0 0
4180000 -53528.3 -54733.4 0 -4496.39 0 0
4190000 -53593 -54372.9 0 -5270.62 0 0
4200000 -52863.1 -54595 0 -5068.43 0 0
4210000 -54253.9 -54860.6 0 -6469.37 0 0
4220000 -54055 -54523.4 0 -5066.91 0 0
4230000 -53682.2 -54883.1 0 -5741.97 0 0
4240000 -53979.1 -54428.3 0 -6768.8 0 0
4250000 -54306.8 -54998.5 0 -5588.36 0 0
4260000 -53944.2 -55510.5 0 -6221.35 0 0
4270000 -53533.1 -54819.5 0 -5748.03 0 0
4280000 -53013.2 -55166.7 0 -6084.48 0 0
4290000 -54059 -54517.9 0 -6149.31 0 0
4300000 -54631 -53768.8 0 -6732.93 0 0
4310000 -53323 -55419.5 0 -5617.78 0 0
4320000 -53748.7 -54064 0 -5492.98 0 0
4330000 -54045.8 -53669.8 0 -5197.59 0 0
4340000 -54883.7 -54049.2 0 -4944.1 0 0
4350000 -53676.3 -53940.5 0 -5276.65 0 0
4360000 -54477.7 -54300.9 0 -5237.87 0 0
4370000 -54331.7 -54406.5 0 -4137.46 0 0
4380000 -53510.3 -54787.2 0 -3866.45 0 0
4390000 -54309 -54818 0 -3738.29 0 0
4400000 -53452.5 -54416.4 0 -3635.73 0 0
4410000 -53485.3 -53767 0 -3262.94 0 0
4420000 -53274.3 -54494.6 0 -3054.46 0 0
4430000 -53992.7 -54602 0 -2963.77 0 0
4440000 -53570.5 -55638.8 0 -2793.1 0 0
4450000 -52985.1 -54701.1 0 -1993.97 0 0
4460000 -53403.2 -55293.8 0 -847.476 0 0
4470000 -54685 -53735.3 0 -1231.29 0 0
4480000 -53754.7 -54694.4 0 -1416.5 0 0
4490000 -53558.5 -55829.5 0 -337.87 0 0
4500000 -53693.1 -54746.9 0 -41.3247 0 0
4510000 -53950.6 -54423 0 -123.872 0 0
4520000 -54343.8 -53760.2 0 379.585 0 0
4530000 -54471.1 -54387.9 0 910.705 0 0
4540000 -54608.8 -54408.5 0 1438.1 0 0
4550000 -54458.3 -54523.7 0 1586.3 0 0
4560000 -54222.1 -54923.3 0 2022.33 0 0
4570000 -53506.2 -55895 0 2280.43 0 0
4580000 -53781.3 -54086.6 0 2892.25 0 0
4590000 -54232 -54368.7 0 3055.17 0 0
4600000 -54679.8 -55159 0 3612.72 0 0
4610000 -53048.7 -55451.8 0 3355.01 0 0
4620000 -52539.6 -54652.2 0 4289.76 0 0
4630000 -53719.4 -54157.3 0 3704.61 0 0
4640000 -53958.6 -55626.3 0 5225.12 0 0
4650000 -54164.2 -54702.6 0 4529.61 0 0
4660000 -53945.4 -55135.6 0 4863.29 0 0
4670000 -53779.3 -54508.8 0 5066.1 0 0
4680000 -53640.7 -54556.2 0 4200.21 0 0
4690000 -53916.4 -55346.8 0 5767.9 0 0
4700000 -53392.5 -54447.3 0 4929.96 0 0
4710000 -53788.3 -54274.5 0 4696.35 0 0
4720000 -53948 -54172.4 0 5353.2 0 0
4730000 -54119.8 -54132.1 0 5484.97 0 0
4740000 -53818.7 -54162.3 0 5723.53 0 0
4750000 -54803.5 -54421.9 0 5772.33 0 0
4760000 -53394.6 -54577.9 0 5201.44 0 0
4770000 -54966.4 -54373.3 0 5170.44 0 0
4780000 -53929.4 -53843.9 0 5975.59 0 0
4790000 -54894.5 -54910.2 0 4813.59 0 0
4800000 -53477.5 -54212.2 0 4962.73 0 0
4810000 -54775.7 -54486.6 0 5184.72 0 0
4820000 -54369.8 -54660 0 4542.95 0 0
4830000 -53698.4 -54469.6 0 4836.4 0 0
4840000 -54471.4 -54297.5 0 4001.06 0 0
4850000 -53986.7 -54645.3 0 5328.24 0 0
4860000 -54110.8 -54311.9 0 3916.61 0 0
4870000 -53802.5 -54012.2 0 3066.39 0 0
4880000 -54033.5 -54855.4 0 3216.44 0 0
4890000 -54236.8 -54283.2 0 3229.48 0 0
4900000 -54686.9 -54749.9 0 2827.44 0 0
4910000 -54412 -54384.1 0 2599.65 0 0
4920000 -53632.3 -55083.6 0 2184.47 0 0
4930000 -54000 -54575.9 0 2405.47 0 0
4940000 -53731.6 -54555 0 1592.07 0 0
4950000 -54113.9 -54750.4 0 1808.28 0 0
4960000 -54234.8 -53992.3 0 199.253 0 0
4970000 -54144.5 -54380.4 0 650.905 0 0
4980000 -54271.1 -53148.8 0 -345.06 0 0
4990000 -53916.3 -55349.4 0 335.63 0 0
5000000 -54262.1 -54539.5 0 115.019 0 0
