# Time-averaged data for fix ps1
# TimeStep c_thermo_press[1] c_thermo_press[2] c_thermo_press[3] c_thermo_press[4] c_thermo_press[5] c_thermo_press[6]
10000 -58006 -59457.5 0 42.5482 0 0
20000 -59373.3 -59706.8 0 -688.344 0 0
30000 -59723.8 -59324.4 0 -670.003 0 0
40000 -59270.5 -58605.9 0 -1567.28 0 0
50000 -59527.8 -59050.6 0 -1752.93 0 0
60000 -59681.8 -59106.9 0 -2410.7 0 0
70000 -58737.1 -60545 0 -2218.51 0 0
80000 -59371.2 -59173.8 0 -3190.75 0 0
90000 -59072.4 -59551.8 0 -3802.9 0 0
100000 -59335.2 -59088.6 0 -3995.82 0 0
110000 -59658.8 -59160.9 0 -4038.19 0 0
120000 -59056.3 -59694.8 0 -4410.89 0 0
130000 -59221.9 -58524.9 0 -5136.85 0 0
140000 -59695.4 -59582.1 0 -4785.89 0 0
150000 -58325.5 -59245.9 0 -5203.57 0 0
160000 -58497.7 -58312.5 0 -5406.32 0 0
170000 -59496.6 -59051.4 0 -5741.75 0 0
180000 -58753.7 -59121.3 0 -5700.63 0 0
190000 -59057.7 -59166.6 0 -5809.7 0 0
200000 -59036.3 -58770.4 0 -5975.97 0 0
210000 -59016.6 -59581.4 0 -5748.85 0 0
220000 -58830 -59387 0 -6247.81 0 0
230000 -58554.9 -59430.4 0 -6637.22 0 0
240000 -59070.9 -59498.6 0 -6203.11 0 0
250000 -58281.4 -59384.2 0 -5884.42 0 0
260000 -57741.9 -59846.4 0 -6087.33 0 0
270000 -58773.1 -59526.4 0 -6280.1 0 0
280000 -58554.6 -59772.4 0 -6435.49 0 0
290000 -58767.8 -58810 0 -5750.31 0 0
300000 -58585.8 -59023.8 0 -5315.55 0 0
310000 -59040.5 -59331.4 0 -4821.65 0 0
320000 -58183.9 -59384.7 0 -5594.93 0 0
330000 -58663.8 -59004.2 0 -4909.98 0 0
340000 -58313.8 -59739.2 0 -5151.03 0 0
350000 -57879.2 -59645.8 0 -4640.78 0 0
360000 -57811.6 -59848.6 0 -3466.68 0 0
370000 -58272.6 -59557.3 0 -3179.44 0 0
380000 -59700.3 -59020.3 0 -3874.98 0 0
390000 -58687 -58934.5 0 -2679.97 0 0
400000 -58234.2 -58859.6 0 -3408.44 0 0
410000 -59036.9 -58979.9 0 -3765.99 0 0
420000 -58949.7 -59727.8 0 -3149.56 0 0
430000 -58489.3 -59880 0 -2570.79 0 0
440000 -58122.1 -59532.9 0 -2088.15 0 0
450000 -58985.2 -59291.2 0 -1082.55 0 0
460000 -58592.4 -59944.4 0 -1110.17 0 0
470000 -58855.3 -59327.5 0 -962.387 0 0
480000 -58529.9 -59548 0 -605.408 0 0
490000 -58564.7 -60012.7 0 -177.587 0 0
500000 -58564.9 -60489.3 0 433.113 0 0
510000 -59066.9 -59500 0 405.595 0 0
520000 -58124.5 -59346.5 0 418.143 0 0
530000 -58519.2 -60123.4 0 1356.65 0 0
540000 -59748.7 -59333.1 0 1555.91 0 0
550000 -58916.3 -58373.7 0 2287.15 0 0
560000 -58706.2 -59442.8 0 2423.03 0 0
570000 -59956 -59612.9 0 3293.75 0 0
580000 -58701.2 -59177.6 0 3103.92 0 0
590000 -59251.1 -59300.1 0 3519.83 0 0
600000 -59406.7 -59270.9 0 3531.38 0 0
610000 -59345.5 -59637.3 0 4093.89 0 0
620000 -58724 -59693.3 0 4408.28 0 0
630000 -58979.9 -59745.4 0 4906.94 0 0
640000 -59468.8 -59087.2 0 4898.95 0 0
650000 -59191.7 -59100.7 0 5714.84 0 0
660000 -58740.4 -59302.4 0 5485.11 0 0
670000 -58702.3 -59665.6 0 5463.5 0 0
680000 -59397 -59657.7 0 6404.94 0 0
690000 -58714 -59703.2 0 6480.72 0 0
700000 -59809.4 -59024.7 0 6020.02 0 0
710000 -58327.2 -60138.9 0 5990.86 0 0
720000 -58666 -60344.5 0 7123.67 0 0
730000 -58431.9 -60517 0 6068.68 0 0
740000 -58527.1 -60146.3 0 6752.72 0 0
750000 -59056.3 -60182.2 0 5667.11 0 0
760000 -58690 -59069.8 0 6414.48 0 0
770000 -59111.2 -59040.1 0 5764.08 0 0
780000 -59010.8 -59921.8 0 6314.79 0 0
790000 -59051.5 -59553.9 0 6089.78 0 0
800000 -58764.7 -60060.1 0 6510.56 0 0
810000 -59309.3 -59126.2 0 5711.57 0 0
820000 -58753.9 -59536.4 0 6349.94 0 0
830000 -58897.2 -59680.2 0 5254.78 0 0
840000 -59231.3 -59032.3 0 6073.57 0 0
850000 -59247.6 -59116.1 0 5298.71 0 0
860000 -58589.3 -60354.7 0 4974.96 0 0
870000 -59161 -59574.7 0 4828.98 0 0
880000 -59358.7 -59454.8 0 4065.76 0 0
890000 -59304.8 -59325.9 0 3735.52 0 0
900000 -59081.6 -59926 0 3455.39 0 0
910000 -58437.8 -59434.4 0 3371.66 0 0
920000 -58441.1 -59405.5 0 3111.41 0 0
930000 -59485.7 -59995.6 0 3322.36 0 0
940000 -58106 -61268.5 0 2408.47 0 0
950000 -58450.8 -59418.1 0 1966.85 0 0
960000 -58506 -59830.9 0 1601.51 0 0
970000 -59059.1 -59649.1 0 1040.32 0 0
980000 -58494.8 -59702.7 0 881.834 0 0
990000 -59410.4 -59798.7 0 254.32 0 0
1000000 -59190 -59489.8 0 -51.8921 0 0
1010000 -58788.4 -60301 0 -391.85 0 0
1020000 -59352.3 -60358.6 0 -870.588 0 0
1030000 -58872.5 -59600.9 0 -1385.94 0 0
1040000 -58965.7 -60242.4 0 -1808.02 0 0
1050000 -58332 -59677.5 0 -1867.24 0 0
1060000 -58869.9 -59531.2 0 -2250.81 0 0
1070000 -59179.4 -59077.7 0 -2687.5 0 0
1080000 -59089.7 -59679.3 0 -2538.21 0 0
1090000 -57933.3 -59560 0 -3633.26 0 0
1100000 -59059.4 -59445.2 0 -3652.96 0 0
1110000 -58165.2 -59520.4 0 -4433.08 0 0
1120000 -58824 -58540.5 0 -4338.68 0 0
1130000 -58403.2 -59394.3 0 -5271.82 0 0
1140000 -58835.5 -59700.1 0 -4730.33 0 0
1150000 -59228 -59580.9 0 -4524.86 0 0
1160000 -58238.5 -59703.4 0 -5345.06 0 0
1170000 -59285.1 -60145.8 0 -5618.48 0 0
1180000 -59423.5 -59275.5 0 -5815.85 0 0
1190000 -58527.4 -60051.7 0 -5873.63 0 0
1200000 -58769.7 -59176.4 0 -4702.62 0 0
1210000 -58438.7 -59836.3 0 -5875.97 0 0
1220000 -57880.9 -60778.4 0 -6450.16 0 0
1230000 -59379.8 -59544.6 0 -6214.3 0 0
1240000 -58856.9 -59395.2 0 -6558.93 0 0
1250000 -59000.1 -58934.8 0 -6515.95 0 0
1260000 -58579.1 -59563.1 0 -5777.89 0 0
1270000 -58867 -59016.2 0 -6024.29 0 0
1280000 -58461.4 -59807.6 0 -6251.97 0 0
1290000 -59122.7 -58925.7 0 -7080.98 0 0
1300000 -59513.4 -59573 0 -5815.75 0 0
1310000 -59018 -59650.7 0 -5788.79 0 0
1320000 -59310.2 -58710.1 0 -5383.42 0 0
1330000 -58508.5 -59995.8 0 -5082.71 0 0
1340000 -57535.9 -59962.5 0 -4790.61 0 0
1350000 -58711.7 -60146.6 0 -4481.09 0 0
1360000 -57778.2 -59199 0 -4405.77 0 0
1370000 -58697.1 -59727.9 0 -4609.68 0 0
1380000 -58561.7 -59793.7 0 -4021.07 0 0
1390000 -58417.4 -59731.7 0 -4069.29 0 0
1400000 -58991.2 -59874.7 0 -3530.77 0 0
1410000 -58538.2 -60104 0 -3030.37 0 0
1420000 -58367.2 -60011.6 0 -2631.68 0 0
1430000 -57699.1 -60086.1 0 -1807.36 0 0
1440000 -59068.1 -59947.4 0 -2282.49 0 0
1450000 -58276.1 -60173.8 0 -1710.17 0 0
1460000 -58642.7 -59860.3 0 -1033.56 0 0
1470000 -58837.9 -60443.2 0 -1419.62 0 0
1480000 -58666.4 -60266.8 0 -613.871 0 0
1490000 -57889.2 -59441.8 0 884.413 0 0
1500000 -58925 -59455.2 0 158.064 0 0
1510000 -59510.4 -59266.1 0 1104.25 0 0
1520000 -58966.1 -60020.7 0 1109.66 0 0
1530000 -59244.3 -59896.8 0 1858.95 0 0
1540000 -59106 -59718.8 0 2244.47 0 0
1550000 -58395.7 -60309.7 0 2627.25 0 0
1560000 -58668.8 -60389.7 0 2765.06 0 0
1570000 -58249.5 -58808.4 0 2554.35 0 0
1580000 -58479.2 -59561.8 0 3620.52 0 0
1590000 -58935 -59996.2 0 3812.99 0 0
1600000 -58745 -60184.6 0 3774.91 0 0
1610000 -58229.8 -59835.6 0 4224.75 0 0
1620000 -58194.6 -59642.4 0 3995.97 0 0
1630000 -59383.8 -59453.2 0 4055.31 0 0
1640000 -58665.3 -59957.4 0 5033.73 0 0
1650000 -58879.7 -59600.3 0 6003.78 0 0
1660000 -58204.1 -60027 0 5426.58 0 0
1670000 -58744.2 -59351.3 0 5891.63 0 0
1680000 -59160.3 -59739.2 0 6044.61 0 0
1690000 -57815.5 -60280.6 0 6310.98 0 0
1700000 -57655.1 -60091.8 0 6505.7 0 0
1710000 -58407.3 -60800.3 0 6436.41 0 0
1720000 -58726.9 -59166.9 0 6207.24 0 0
1730000 -58200.7 -60015.8 0 5538.82 0 0
1740000 -58262.3 -60303.4 0 6035.8 0 0
1750000 -58814.5 -58782.3 0 6427.37 0 0
1760000 -59290.5 -59790.4 0 6394.25 0 0
1770000 -59084.8 -59813.5 0 5908.21 0 0
1780000 -58791.1 -59366.2 0 6052.18 0 0
1790000 -58804.8 -60300.1 0 6387.77 0 0
1800000 -59053.4 -60055.7 0 5811.73 0 0
1810000 -58647.9 -59086.2 0 6143.6 0 0
1820000 -59312 -59748.3 0 6007.89 0 0
1830000 -58979.3 -59895.1 0 5051.04 0 0
1840000 -59554.9 -59131.1 0 5167.82 0 0
1850000 -59225.5 -59683.3 0 5587.64 0 0
1860000 -58861.1 -59464.8 0 4778.43 0 0
1870000 -59254.8 -59601.5 0 4224.69 0 0
1880000 -59333.5 -60201.4 0 4464.39 0 0
1890000 -59245.4 -59559.4 0 3986.99 0 0
1900000 -59515.3 -59233.9 0 4044.65 0 0
1910000 -59549 -59005.3 0 3723.14 0 0
1920000 -59098.5 -59981.4 0 3279.24 0 0
1930000 -58967.4 -59687 0 3035.51 0 0
1940000 -59071.3 -59424.2 0 2804.6 0 0
1950000 -58616.8 -60082.7 0 2634.52 0 0
1960000 -59674.1 -59222.4 0 1888.9 0 0
1970000 -59179.4 -59512 0 1383.5 0 0
1980000 -58764.4 -60542.3 0 402.938 0 0
1990000 -58941.7 -59369.4 0 412.791 0 0
2000000 -59499.1 -59907 0 484.109 0 0
2010000 -59106.3 -59555.4 0 -1288.9 0 0
2020000 -59052.9 -59095.8 0 -696.072 0 0
2030000 -59349.7 -59209.9 0 -1848.63 0 0
2040000 -58705.6 -60591.1 0 -1644.91 0 0
2050000 -59518.6 -59288.6 0 -1956.9 0 0
2060000 -59054.9 -59653.1 0 -2632.71 0 0
2070000 -58929.8 -59532.3 0 -3330.97 0 0
2080000 -58711.1 -58926.7 0 -3098.36 0 0
2090000 -58712.3 -59446.4 0 -3316.82 0 0
2100000 -59332.5 -59490.1 0 -4067.64 0 0
2110000 -59907.6 -58681.8 0 -4241.88 0 0
2120000 -59186.9 -59521.4 0 -4804.29 0 0
2130000 -58536.4 -59309.8 0 -4375.13 0 0
2140000 -57421.7 -59610.8 0 -4754.37 0 0
2150000 -58941.2 -59677.7 0 -5342.11 0 0
2160000 -58917.1 -59838.6 0 -5885.84 0 0
2170000 -58204.7 -59841.2 0 -5965.81 0 0
2180000 -59228.1 -59101.9 0 -6266.78 0 0
2190000 -59070.9 -59009.2 0 -6153.23 0 0
2200000 -59523.6 -58886.1 0 -6104.64 0 0
2210000 -59634.4 -59375.3 0 -5960.66 0 0
2220000 -59026 -58865.2 0 -6149.09 0 0
2230000 -58373.3 -59346.5 0 -6956.75 0 0
2240000 -58316.1 -59246.8 0 -6672.39 0 0
2250000 -58871 -59690.6 0 -5790.83 0 0
2260000 -58337.4 -59029.9 0 -6110.89 0 0
2270000 -58616.8 -59270.4 0 -5949.73 0 0
2280000 -58374.7 -60512.9 0 -7090.3 0 0
2290000 -57777.5 -59790.4 0 -5812.31 0 0
2300000 -57970.1 -58868.4 0 -6307.62 0 0
2310000 -58157.6 -60132.3 0 -4999.58 0 0
2320000 -58279.6 -60154.8 0 -5473.35 0 0
2330000 -58197 -60334.1 0 -5526.03 0 0
2340000 -57997.2 -59269.1 0 -5675.44 0 0
2350000 -57172.8 -60152.8 0 -4398.18 0 0
2360000 -58756.7 -59695.4 0 -4940.83 0 0
2370000 -58380.3 -59384 0 -4804.12 0 0
2380000 -58551.6 -59819.5 0 -3510.33 0 0
2390000 -58087.5 -59858.9 0 -3740.54 0 0
2400000 -58533.5 -60500.9 0 -3806.34 0 0
2410000 -58260.4 -60145.7 0 -3735.51 0 0
2420000 -58850.8 -58958.4 0 -3084.57 0 0
2430000 -58706.7 -59408.9 0 -2293.93 0 0
2440000 -58562.8 -59608 0 -2453.4 0 0
2450000 -58652.3 -59671.6 0 -1592.36 0 0
2460000 -58449.6 -60445.4 0 -1269.45 0 0
2470000 -59080.3 -60368.1 0 -1015.27 0 0
2480000 -59324.8 -58888.1 0 -825.945 0 0
2490000 -59273.8 -60192.4 0 -212.441 0 0
2500000 -59463.4 -59435.2 0 -467.423 0 0
2510000 -58973.9 -60064.6 0 985.954 0 0
2520000 -59622.7 -59065.8 0 984.51 0 0
2530000 -58985.8 -59404.8 0 1121.47 0 0
2540000 -59192.5 -59208 0 1733.79 0 0
2550000 -60326.8 -58490.2 0 2243.63 0 0
2560000 -58748.5 -59741 0 2432.59 0 0
2570000 -58981 -59028.8 0 2882.12 0 0
2580000 -58884 -59617.6 0 2891.71 0 0
2590000 -58272.5 -59663.9 0 2965 0 0
2600000 -58463.3 -59997.3 0 3369.22 0 0
2610000 -59208.8 -59638.7 0 3921.88 0 0
2620000 -58975.8 -60378.1 0 4356.38 0 0
2630000 -59465.7 -59477.2 0 4327.14 0 0
2640000 -58972.7 -59860.5 0 4373.67 0 0
2650000 -59258 -59519.3 0 5382.09 0 0
2660000 -58944 -59411 0 5352.56 0 0
2670000 -58917.2 -59472.5 0 5324.14 0 0
2680000 -59374.1 -58773.4 0 4197.31 0 0
2690000 -58834.8 -59090.7 0 5219.11 0 0
2700000 -59273.6 -59374.6 0 5863.46 0 0
2710000 -58729.1 -59560.5 0 6289.59 0 0
2720000 -59460.7 -58917 0 6528.2 0 0
2730000 -59374.6 -58909.5 0 6527.56 0 0
2740000 -59260.2 -59520.6 0 6397.21 0 0
2750000 -59206.6 -59809.9 0 6343.45 0 0
2760000 -59000.5 -60020.2 0 6125.02 0 0
2770000 -58892.3 -59717.3 0 6052.02 0 0
2780000 -58792.2 -59483.5 0 6638.45 0 0
2790000 -58440.4 -59610.2 0 5931.02 0 0
2800000 -58719.9 -59148.4 0 5672.83 0 0
2810000 -59112.3 -59911.3 0 5469.53 0 0
2820000 -59185.6 -59614.4 0 6009.26 0 0
2830000 -59295.5 -58730.3 0 5098.75 0 0
2840000 -58202 -60024.9 0 4233.47 0 0
2850000 -59501.3 -58934.4 0 4996.27 0 0
2860000 -59196.9 -58676.1 0 5271.93 0 0
2870000 -58787.6 -59753.3 0 4938.58 0 0
2880000 -58926 -60079.9 0 3942.91 0 0
2890000 -59966.9 -59352.8 0 3558.73 0 0
2900000 -59766.6 -58412.2 0 3635.65 0 0
2910000 -58668.7 -59589.8 0 3764.61 0 0
2920000 -59311 -59617.5 0 2582.58 0 0
2930000 -59444.2 -59202 0 3100.88 0 0
2940000 -58536.3 -59812.2 0 1666.12 0 0
2950000 -59441 -59127.7 0 2722.88 0 0
2960000 -58774.3 -59638.2 0 1454.81 0 0
2970000 -59351.6 -59273.6 0 650.058 0 0
2980000 -59001.4 -59808.6 0 518.408 0 0
2990000 -59021.9 -60015.3 0 590.988 0 0
3000000 -59023.1 -59817.3 0 -35.4948 0 0
3010000 -59106.9 -59432 0 -421.6 0 0
3020000 -58766.4 -59472.1 0 -448.528 0 0
3030000 -59110.2 -59100.3 0 -149.978 0 0
3040000 -59759.6 -59010.8 0 -1670.35 0 0
3050000 -59145.2 -59313.8 0 -2044.23 0 0
3060000 -58783.7 -59342.1 0 -2671.09 0 0
3070000 -58639.2 -59133.4 0 -2017.76 0 0
3080000 -59410.2 -59500.1 0 -3748.86 0 0
3090000 -59041.1 -58880.2 0 -3418.49 0 0
3100000 -59028.5 -59376.1 0 -3508.81 0 0
3110000 -58580 -59696.7 0 -4357.05 0 0
3120000 -59339.5 -59886.1 0 -4068.36 0 0
3130000 -58596.2 -59576.8 0 -4763.22 0 0
3140000 -59104.6 -58607.1 0 -4566.84 0 0
3150000 -59364.4 -59646.1 0 -5525.64 0 0
3160000 -59158.7 -59860.6 0 -5688.72 0 0
3170000 -59342.8 -59817.1 0 -5571.34 0 0
3180000 -58681.3 -59180.9 0 -5308.77 0 0
3190000 -58992.5 -59199.9 0 -5585.65 0 0
3200000 -58588.4 -59600.3 0 -6057.22 0 0
3210000 -58601.3 -59943.8 0 -6692.44 0 0
3220000 -58876 -59693.9 0 -5250.02 0 0
3230000 -59235.3 -59430.3 0 -6737.68 0 0
3240000 -58471.1 -59540.2 0 -5993.35 0 0
3250000 -58998 -58211 0 -6273.37 0 0
3260000 -58268.6 -59143.4 0 -7013.88 0 0
3270000 -59824.3 -59254.4 0 -6291.09 0 0
3280000 -59387.5 -58451 0 -5915.77 0 0
3290000 -58823.7 -59961.2 0 -5959.59 0 0
3300000 -58992.6 -59042.9 0 -5992.33 0 0
3310000 -58361.7 -59208.8 0 -5841.88 0 0
3320000 -58565.9 -59234.2 0 -5943.13 0 0
3330000 -58918.8 -59391.7 0 -6103.66 0 0
3340000 -58428.7 -58737 0 -5504.36 0 0
3350000 -58989.3 -59366.2 0 -4395.73 0 0
3360000 -59159.7 -59470 0 -4466.62 0 0
3370000 -57757.3 -59895.9 0 -3516.1 0 0
3380000 -58869 -59916.2 0 -4160.92 0 0
3390000 -58815 -59691.5 0 -3899.49 0 0
3400000 -58858 -59171.6 0 -3288.06 0 0
3410000 -59296.8 -59113.8 0 -3197.31 0 0
3420000 -58811.4 -60189 0 -2455.39 0 0
3430000 -58848.4 -59951.4 0 -2655.77 0 0
3440000 -58991.3 -59203.3 0 -2570.13 0 0
3450000 -59103.7 -59129.7 0 -1518.85 0 0
3460000 -58828.4 -59367.5 0 -1272.88 0 0
3470000 -59285.4 -59904.5 0 -1451.6 0 0
3480000 -59707.4 -59041 0 -1029.21 0 0
3490000 -58218.7 -60853.2 0 -610.954 0 0
3500000 -59653.8 -59791.9 0 -12.9585 0 0
3510000 -59294.7 -59039.5 0 613.613 0 0
3520000 -58842.2 -59187.4 0 409.879 0 0
3530000 -58937 -60179.9 0 828.023 0 0
3540000 -58794.7 -59468.4 0 1557.14 0 0
3550000 -59197.5 -60033.8 0 1616.96 0 0
3560000 -59161.4 -58930.4 0 2797.9 0 0
3570000 -59010.7 -59899.2 0 3282.05 0 0
3580000 -58487.5 -59906.6 0 2966.48 0 0
3590000 -58945.5 -59353.2 0 3548.31 0 0
3600000 -59183.6 -59598 0 4027.7 0 0
3610000 -58899.7 -59692.7 0 3831.29 0 0
3620000 -58724.7 -59545.1 0 3586.96 0 0
3630000 -59372.4 -59505 0 4716.01 0 0
3640000 -59259.6 -58337.4 0 5029.08 0 0
3650000 -59390.6 -59076.6 0 5309.38 0 0
3660000 -59418.2 -59706.5 0 6399.51 0 0
3670000 -59186.8 -59251 0 5675.59 0 0
3680000 -59585.5 -59854.7 0 6127.66 0 0
3690000 -59184.6 -59749.9 0 5777.25 0 0
3700000 -58516.6 -60272.4 0 6042.04 0 0
3710000 -58409 -59057.6 0 6419.1 0 0
3720000 -58808.8 -59237.5 0 6005.82 0 0
3730000 -59364.6 -59804 0 6706.52 0 0
3740000 -59340.4 -59630.9 0 6714.93 0 0
3750000 -58399.2 -59516.4 0 5688.54 0 0
3760000 -59168.6 -59422.9 0 6579.76 0 0
3770000 -59345.3 -58912.2 0 6398.39 0 0
3780000 -58734.5 -59967.8 0 6753.62 0 0
3790000 -58782.7 -59151.1 0 5876.88 0 0
3800000 -59187.9 -59344.4 0 6135.55 0 0
3810000 -59455.7 -58897.4 0 5977.71 0 0
3820000 -59175.6 -59483.7 0 5621.75 0 0
3830000 -59141.4 -58974.4 0 5523.95 0 0
3840000 -59733 -58977.9 0 5677.36 0 0
3850000 -58494.8 -60218.9 0 4902.1 0 0
3860000 -58445.4 -59723.3 0 5103.7 0 0
3870000 -58653.6 -59677.3 0 4842.53 0 0
3880000 -59536.2 -59617.8 0 5305.9 0 0
3890000 -59423.2 -59819 0 4347.94 0 0
3900000 -59151.8 -59665.8 0 3861.78 0 0
3910000 -59065.5 -59794.1 0 3922.84 0 0
3920000 -59434.3 -59497.9 0 2816.09 0 0
3930000 -59086.4 -59548.7 0 2242.14 0 0
3940000 -59014.5 -60165.6 0 2129.42 0 0
3950000 -58901.1 -60540.3 0 2435.58 0 0
3960000 -59143.1 -59461.6 0 1304.51 0 0
3970000 -58693.4 -59552.5 0 1442.09 0 0
3980000 -59428.7 -59132.7 0 442.455 0 0
3990000 -59470.8 -59953.1 0 675.636 0 0
4000000 -58587.4 -59654.5 0 -64.3521 0 0
4010000 -58561.1 -59533 0 -796.15 0 0
4020000 -59170.6 -59615.5 0 -696.24 0 0
4030000 -58820.2 -59777.6 0 -779.21 0 0
4040000 -58935.4 -59758.9 0 -1045.73 0 0
4050000 -58742.3 -59757.8 0 -2235.52 0 0
4060000 -58441.2 -59662.3 0 -2495.52 0 0
4070000 -58474.1 -59771.8 0 -2657.16 0 0
4080000 -58364.5 -58851.9 0 -2865.48 0 0
4090000 -58297.8 -59978.7 0 -2186.35 0 0
4100000 -58672.5 -59929.4 0 -3656.65 0 0
4110000 -59066.6 -60192.2 0 -3808.61 0 0
4120000 -59342.4 -59740.6 0 -4785.73 0 0
4130000 -58868.6 -60325.7 0 -4801.54 0 0
4140000 -58993 -59579.2 0 -4821.18 0 0
4150000 -58997.8 -59555.5 0 -4816.09 0 0
4160000 -58388.3 -59507.3 0 -5035.96 0 0
4170000 -59194.8 -59501 0 -5417.98 0 0
4180000 -58625.8 -59784.4 0 -5648.99 0 0
4190000 -58311 -60327.8 0 -6115.49 0 0
4200000 -59041.9 -59471.4 0 -6359.16 0 0
4210000 -58307.3 -59767.1 0 -6338.26 0 0
4220000 -58351.3 -59303.8 0 -6179.62 0 0
4230000 -58829.6 -59320.7 0 -6234.82 0 0
4240000 -59329.8 -58835.1 0 -6769.79 0 0
4250000 -58347.5 -59331.3 0 -6182.17 0 0
4260000 -58357.4 -59681.5 0 -6243.91 0 0
4270000 -58015.7 -59965.2 0 -5897.32 0 0
4280000 -58090.5 -58450.3 0 -6209.79 0 0
4290000 -58219.2 -59428 0 -6218.89 0 0
4300000 -57455.8 -59480.8 0 -5355.44 0 0
4310000 -58184.3 -60149.5 0 -5967.61 0 0
4320000 -58401.2 -59785.8 0 -6517.05 0 0
4330000 -58366.2 -59105.8 0 -6222.53 0 0
4340000 -58797.9 -59597.9 0 -5643.93 0 0
4350000 -57570.9 -61011.9 0 -5408.38 0 0
4360000 -58747.9 -60092.7 0 -4545.86 0 0
4370000 -58385.2 -58605.5 0 -4640.3 0 0
4380000 -58774.9 -59896 0 -4373.41 0 0
4390000 -58391 -60264.3 0 -4096.06 0 0
4400000 -58665 -58975.9 0 -3855.9 0 0
4410000 -59201 -59372.5 0 -3146.01 0 0
4420000 -58542.2 -59549.4 0 -2161.29 0 0
4430000 -58543.9 -59869.1 0 -2821.47 0 0
4440000 -58608 -59206.9 0 -2223.09 0 0
4450000 -58925.5 -59257.5 0 -1991.36 0 0
4460000 -57819.8 -59661.8 0 -1079.24 0 0
4470000 -59181.8 -58859.5 0 -1008.42 0 0
4480000 -58450.2 -59753.8 0 -321.108 0 0
4490000 -58999.3 -60091.2 0 -30.4076 0 0
4500000 -58070.7 -60006 0 -523.666 0 0
4510000 -59201.3 -60078.9 0 670.059 0 0
4520000 -58649.3 -59199.6 0 1102.73 0 0
4530000 -58568.1 -61022 0 1647.71 0 0
4540000 -58735.9 -59966.6 0 1340.46 0 0
4550000 -59084.4 -59663.8 0 2317.08 0 0
4560000 -59259.3 -58921.6 0 2775.6 0 0
4570000 -58495.8 -59161.4 0 3101.16 0 0
4580000 -58975.9 -60209.7 0 4015.58 0 0
4590000 -59122.1 -59702.9 0 3919.55 0 0
4600000 -58873.2 -59964.4 0 4370.07 0 0
4610000 -58805.5 -59869.2 0 3753.93 0 0
4620000 -58041.5 -60159.3 0 5088.3 0 0
4630000 -59289.1 -59344.3 0 5163.4 0 0
4640000 -59543 -58905.7 0 4883.06 0 0
4650000 -58271.6 -59578.7 0 4676.11 0 0
4660000 -59180.2 -59023.9 0 5027.03 0 0
4670000 -58613.1 -59514 0 5979.54 0 0
4680000 -59111.4 -59147.1 0 6209.57 0 0
4690000 -59272.1 -59690.7 0 6259.25 0 0
4700000 -58641 -60401.9 0 6726.5 0 0
4710000 -58577.5 -59310.1 0 4942.65 0 0
4720000 -58330.2 -59856.6 0 5251.37 0 0
4730000 -58589.9 -60118.2 0 5866.96 0 0
4740000 -59387.9 -59637.4 0 6396.19 0 0
4750000 -59492.3 -59336.1 0 5904.53 0 0
4760000 -58431.6 -60407.9 0 6106.03 0 0
4770000 -59545.1 -59328.5 0 6405.4 0 0
4780000 -58725.7 -60133.5 0 5884.24 0 0
4790000 -59346.4 -59688.2 0 6126.65 0 0
4800000 -59646.2 -58656.3 0 5714.34 0 0
4810000 -59637.4 -58898.5 0 6497.03 0 0
4820000 -59100.1 -59311.8 0 5211.16 0 0
4830000 -59782.6 -60179.2 0 5941.42 0 0
4840000 -58000.6 -60432.8 0 5612.34 0 0
4850000 -59012.3 -59521.6 0 5078.21 0 0
4860000 -58926.5 -59740.5 0 5026.79 0 0
4870000 -58712.1 -59857.5 0 4028.7 0 0
4880000 -59175 -59561.2 0 4889.21 0 0
4890000 -58889.4 -58970.4 0 4375.82 0 0
4900000 -58541.6 -59933 0 3878.44 0 0
4910000 -59623.7 -59155.1 0 3869.47 0 0
4920000 -59777.8 -59219.8 0 3262.96 0 0
4930000 -59842.1 -59443.2 0 2803.18 0 0
4940000 -59527.8 -58800.8 0 2833.24 0 0
4950000 -59350.1 -59952.1 0 2187.16 0 0
4960000 -58821.9 -59661.4 0 1541.04 0 0
4970000 -59149.6 -59674.6 0 1215.24 0 0
4980000 -59561.7 -58488.3 0 592.453 0 0
4990000 -59099.8 -59761.4 0 840.909 0 0
5000000 -58919 -60233.4 0 73.7866 0 0
