# Time-averaged data for fix ps1
# TimeStep c_thermo_press[1] c_thermo_press[2] c_thermo_press[3] c_thermo_press[4] c_thermo_press[5] c_thermo_press[6]
10000 -39431.7 -38400.9 0 -157.627 0 0
20000 -39860.5 -38665.4 0 -1334.39 0 0
30000 -40674 -37177.3 0 -1554.61 0 0
40000 -38847.6 -37953.7 0 -2541.15 0 0
50000 -38245.2 -37628.5 0 -1922.24 0 0
60000 -39124.6 -37474.7 0 -1929.26 0 0
70000 -39852.7 -38266.6 0 -1872.36 0 0
80000 -38914.4 -37877.7 0 -3195.46 0 0
90000 -39844.5 -37376 0 -2983.8 0 0
100000 -39116.2 -37646.5 0 -1962.52 0 0
110000 -39201.4 -37604 0 -2565.34 0 0
120000 -40181.9 -36449.6 0 -4001.19 0 0
130000 -39441.1 -37571.8 0 -4023.73 0 0
140000 -40852 -36707.3 0 -4308.67 0 0
150000 -40852.5 -37460 0 -4638.73 0 0
160000 -39019 -37626.6 0 -4195.36 0 0
170000 -40164 -37493.9 0 -5309.79 0 0
180000 -39643 -36994.6 0 -4247.88 0 0
190000 -40250 -37481 0 -6051.61 0 0
200000 -39477.4 -37017.9 0 -4954.76 0 0
210000 -39422.6 -37590.4 0 -6014.96 0 0
220000 -40568.7 -37386 0 -6311.38 0 0
230000 -39728.5 -37778.7 0 -5862.88 0 0
240000 -39989.3 -36928.3 0 -5037.37 0 0
250000 -39511.4 -36935.9 0 -4788.92 0 0
260000 -40789.7 -38180.3 0 -4146.65 0 0
270000 -40272.3 -36488.3 0 -5036.7 0 0
280000 -39533.5 -36745.2 0 -4319.53 0 0
290000 -39483.2 -36263.4 0 -5692.06 0 0
300000 -40493.8 -36223.2 0 -5738.87 0 0
310000 -39560.2 -36953.8 0 -4434.99 0 0
320000 -39040.8 -38291.6 0 -4621.52 0 0
330000 -40163 -38093.5 0 -4132.66 0 0
340000 -38690.7 -37210.6 0 -4092.98 0 0
350000 -39784.8 -36830.4 0 -3374.03 0 0
360000 -39328.7 -37637.9 0 -4217.22 0 0
370000 -37622 -38626.8 0 -3498.54 0 0
380000 -39181.7 -36197.3 0 -3044.7 0 0
390000 -39103.2 -38695.8 0 -3989.12 0 0
400000 -39786.1 -37223.4 0 -4174.9 0 0
410000 -40697.8 -37778.3 0 -3657.36 0 0
420000 -37902.3 -39266.4 0 -2280.28 0 0
430000 -38776.2 -37267.8 0 -1175.65 0 0
440000 -39741.6 -38527.4 0 -3152.36 0 0
450000 -38173.1 -36991.2 0 -2547.63 0 0
460000 -38212.3 -38612.4 0 -1927.41 0 0
470000 -37958.7 -39055.8 0 -2630.86 0 0
480000 -37514.9 -39271.8 0 -1141.09 0 0
490000 -38424.5 -39482.6 0 -396.791 0 0
500000 -39919.6 -37162.7 0 -625.53 0 0
510000 -39114.3 -38247.7 0 624.725 0 0
520000 -39188.7 -38049.2 0 -990.342 0 0
530000 -37887.5 -39393.3 0 799.509 0 0
540000 -37901.9 -39243.6 0 -245.566 0 0
550000 -37608.6 -39426.1 0 228.273 0 0
560000 -40883.7 -37331 0 -690.253 0 0
570000 -38816.9 -38834 0 394.325 0 0
580000 -38096.7 -38210.2 0 1007.9 0 0
590000 -39603.1 -38184.4 0 255.403 0 0
600000 -39326.9 -38111.2 0 -156.726 0 0
610000 -38600.9 -38213 0 750.302 0 0
620000 -39411.6 -38140 0 1525.75 0 0
630000 -39586.6 -37245.9 0 1168.35 0 0
640000 -38096.8 -38112.7 0 806.327 0 0
650000 -37665.6 -38824.6 0 2421.44 0 0
660000 -38378.5 -37943.2 0 3498.81 0 0
670000 -38972.2 -37185.7 0 3733.5 0 0
680000 -39135.8 -37087.7 0 238.196 0 0
690000 -38354.8 -38440.6 0 2000.73 0 0
700000 -38216.3 -37756 0 3187.42 0 0
710000 -40051.4 -35943.5 0 2132.2 0 0
720000 -38885.5 -38064.7 0 1845.04 0 0
730000 -39807.4 -36535.5 0 1773.33 0 0
740000 -39123.6 -37101.5 0 2993.36 0 0
750000 -38373.5 -37896.1 0 1960.18 0 0
760000 -38126.3 -37934.6 0 1006.61 0 0
770000 -38920.3 -36696.6 0 2001 0 0
780000 -39413.7 -37258.2 0 2806.88 0 0
790000 -38501.8 -36914.6 0 1432.26 0 0
800000 -38342.4 -38162.6 0 2578.22 0 0
810000 -38300.8 -38096.1 0 870.071 0 0
820000 -38935.4 -37773.5 0 119.255 0 0
830000 -40023 -36748.6 0 1355.4 0 0
840000 -38169.2 -37284.9 0 491.296 0 0
850000 -38271.2 -37888.2 0 734.083 0 0
860000 -37572.7 -39474.9 0 1093.75 0 0
870000 -38254.6 -36921.5 0 489.329 0 0
880000 -39741.7 -37477.6 0 463.545 0 0
890000 -37773.5 -37279.8 0 339.954 0 0
900000 -38682.9 -37868.9 0 603.929 0 0
910000 -38142.4 -38094.5 0 -693.495 0 0
920000 -37612.3 -37842.7 0 60.1898 0 0
930000 -38885.1 -37904.8 0 -241.591 0 0
940000 -38680.5 -36773.3 0 -847.378 0 0
950000 -39271.4 -36778.4 0 -54.881 0 0
960000 -38748.5 -37005.7 0 -2058.06 0 0
970000 -40422.6 -36869.7 0 -1319.54 0 0
980000 -40629.5 -35995.8 0 -1973.79 0 0
990000 -39409.6 -37176.2 0 -2814.32 0 0
1000000 -38234.9 -37165.9 0 -3965.8 0 0
1010000 -39153.4 -37795.7 0 -3884.74 0 0
1020000 -39837.2 -38257.3 0 -4130.2 0 0
1030000 -39606.3 -37347.3 0 -4317.26 0 0
1040000 -38147.5 -37065.7 0 -5253.4 0 0
1050000 -38677 -36491.9 0 -3756.86 0 0
1060000 -38943.5 -36453.3 0 -3772.07 0 0
1070000 -39954.9 -36925.6 0 -3641.72 0 0
1080000 -39574.7 -35800.6 0 -2931.15 0 0
1090000 -39747.5 -37052.9 0 -4498.77 0 0
1100000 -39495.9 -36261.8 0 -3864.79 0 0
1110000 -38779.3 -36508 0 -2908.13 0 0
1120000 -40086 -34964.1 0 -3897.44 0 0
1130000 -39709 -36370.1 0 -3448.06 0 0
1140000 -38760.4 -36444 0 -3679.66 0 0
1150000 -38018.9 -36795.5 0 -4457.97 0 0
1160000 -39033.9 -37065.9 0 -4259.13 0 0
1170000 -39198 -36483.5 0 -4191.14 0 0
1180000 -38439.4 -37324.6 0 -4129.34 0 0
1190000 -39839.4 -37213.2 0 -3761.74 0 0
1200000 -38039.7 -37126.9 0 -4170.25 0 0
1210000 -38576.1 -36837.6 0 -3614.61 0 0
1220000 -39600.4 -36122.1 0 -3597.23 0 0
1230000 -39864.4 -37192 0 -4665.8 0 0
1240000 -38748.5 -36937.6 0 -2792.88 0 0
1250000 -38840.8 -36691.3 0 -4970.3 0 0
1260000 -37791.1 -37664.6 0 -4638.78 0 0
1270000 -39490.6 -36312 0 -4107.37 0 0
1280000 -38214.9 -37304.9 0 -2647.62 0 0
1290000 -36750.4 -39093 0 -3875.36 0 0
1300000 -38703.9 -38443.4 0 -4296.34 0 0
1310000 -39299.6 -37632.1 0 -5524.3 0 0
1320000 -38808.5 -38443.7 0 -6389.41 0 0
1330000 -37496.2 -37920.8 0 -4342.06 0 0
1340000 -39284.6 -38058.9 0 -5229.8 0 0
1350000 -38654.7 -39013.6 0 -4020.63 0 0
1360000 -39030.8 -37612.4 0 -3985.64 0 0
1370000 -38344 -36931.1 0 -4926.08 0 0
1380000 -39945.9 -37205.8 0 -3163.78 0 0
1390000 -38370.9 -37868.3 0 -2546.46 0 0
1400000 -38560 -38348.6 0 -4222.84 0 0
1410000 -40065 -38007.7 0 -1787.7 0 0
1420000 -39085.2 -36712.4 0 -1553.01 0 0
1430000 -38073.2 -38397.1 0 -1733.13 0 0
1440000 -38925.7 -37004.7 0 -1571.25 0 0
1450000 -37778.2 -38582.1 0 -1540.45 0 0
1460000 -37780.9 -39222.7 0 -1166.13 0 0
1470000 -37833.1 -38379 0 -101.338 0 0
1480000 -37843.3 -38553.2 0 -543.578 0 0
1490000 -37647.6 -37877.4 0 314.199 0 0
1500000 -38262.1 -39048.7 0 852.802 0 0
1510000 -37805.3 -37623.8 0 592.313 0 0
1520000 -37035.8 -38863.4 0 2312.51 0 0
1530000 -39041.3 -37326.1 0 2877.95 0 0
1540000 -38476.3 -38433 0 1577.11 0 0
1550000 -38576.4 -38354.5 0 2154.24 0 0
1560000 -38641.6 -37795.6 0 2198.23 0 0
1570000 -39055.3 -38553.2 0 2183.62 0 0
1580000 -39566.6 -37182.5 0 2910.24 0 0
1590000 -37683.4 -38569.2 0 3202.4 0 0
1600000 -37642.8 -38429.3 0 4292.58 0 0
1610000 -38595.2 -38382 0 3629.31 0 0
1620000 -40144.6 -37705.1 0 2092.76 0 0
1630000 -40353.3 -37247.1 0 3669.36 0 0
1640000 -38105.9 -38296.3 0 3594.83 0 0
1650000 -39241.2 -37301.9 0 4539.44 0 0
1660000 -38971 -38423.5 0 3447.08 0 0
1670000 -39360.8 -38058.4 0 4065.01 0 0
1680000 -38989.5 -37411.2 0 3410.03 0 0
1690000 -39398.9 -36345.5 0 4296.78 0 0
1700000 -39713.9 -38620.4 0 5072.47 0 0
1710000 -39114.1 -37826.3 0 4107.46 0 0
1720000 -39972.1 -38178.5 0 4240.08 0 0
1730000 -39300.1 -37835.5 0 5008.56 0 0
1740000 -39801.6 -36666.7 0 5368.5 0 0
1750000 -37999.6 -39185 0 5161.02 0 0
1760000 -39342 -37327.3 0 6362.37 0 0
1770000 -38801.9 -39116.2 0 6031.45 0 0
1780000 -40609.8 -36848 0 5225.98 0 0
1790000 -40815 -37567.1 0 4964.03 0 0
1800000 -39513.1 -37600.5 0 5214.63 0 0
1810000 -39986.7 -37370.5 0 4491.26 0 0
1820000 -39289.1 -37543.2 0 5582.64 0 0
1830000 -38906.5 -37774.4 0 4660.07 0 0
1840000 -38022.5 -39370.5 0 5584.64 0 0
1850000 -38089.3 -39399.5 0 4972.39 0 0
1860000 -39404.1 -38200.1 0 3624.42 0 0
1870000 -39803.4 -37716.8 0 3073.97 0 0
1880000 -39268.6 -38637.7 0 3129.8 0 0
1890000 -40071.5 -37344.2 0 3121.29 0 0
1900000 -38452.6 -37678.6 0 2790.97 0 0
1910000 -39601.1 -36996.2 0 2621.48 0 0
1920000 -41690.8 -35907.8 0 3184.23 0 0
1930000 -39714 -37038.3 0 1589.62 0 0
1940000 -38940.4 -37804.1 0 2500.72 0 0
1950000 -37665.1 -38842.7 0 1779.05 0 0
1960000 -37838.5 -37960 0 1710.17 0 0
1970000 -39962.7 -36585.3 0 551.249 0 0
1980000 -39462.1 -37957.7 0 1667.44 0 0
1990000 -38455.9 -37243.3 0 -229.86 0 0
2000000 -38524.5 -39567.2 0 26.0004 0 0
2010000 -39961.1 -38826.8 0 -715.508 0 0
2020000 -38987.9 -38465.1 0 -218.198 0 0
2030000 -38909.4 -38843.6 0 328.988 0 0
2040000 -38537.8 -37351.7 0 -1431.35 0 0
2050000 -38985.5 -37584.3 0 -1773.49 0 0
2060000 -39009 -37828.3 0 -935.295 0 0
2070000 -39435.4 -37975.6 0 -2939.82 0 0
2080000 -40263.6 -37956.9 0 -1104.02 0 0
2090000 -39490.6 -37547.7 0 -3425.42 0 0
2100000 -38970.2 -37544.4 0 -2428.56 0 0
2110000 -40055.9 -36939.3 0 -3709.09 0 0
2120000 -37916.2 -38323.1 0 -3906.9 0 0
2130000 -40134.2 -36978.5 0 -3863.23 0 0
2140000 -39752.4 -37647.9 0 -3873.88 0 0
2150000 -38926.6 -38848 0 -3150.65 0 0
2160000 -39273.9 -38491.1 0 -4335.87 0 0
2170000 -39017.2 -37892.6 0 -4773.62 0 0
2180000 -39821.2 -37849.7 0 -4050.86 0 0
2190000 -39054.9 -38133.5 0 -4327.53 0 0
2200000 -39437.2 -37563.7 0 -3988.89 0 0
2210000 -39970.5 -37085.6 0 -3879.47 0 0
2220000 -39597.5 -37709.2 0 -4222.31 0 0
2230000 -39035.5 -37372.7 0 -3403.94 0 0
2240000 -38711 -37957.6 0 -4251.03 0 0
2250000 -39654.7 -37263.8 0 -3393.05 0 0
2260000 -39246.6 -36302.3 0 -3624.24 0 0
2270000 -40175.4 -36534.7 0 -2949.45 0 0
2280000 -39603.5 -38112.1 0 -4404.87 0 0
2290000 -40174.8 -36728.6 0 -3042.88 0 0
2300000 -40846.6 -37598 0 -3020.73 0 0
2310000 -39890.4 -36727.1 0 -3641.52 0 0
2320000 -40252.8 -37247.1 0 -3003.17 0 0
2330000 -41397.6 -36265.6 0 -2430.23 0 0
2340000 -40390.7 -37051.1 0 -3563.47 0 0
2350000 -39579.3 -37424 0 -3255.69 0 0
2360000 -39387.1 -36978.7 0 -3466.2 0 0
2370000 -39570.9 -37384.9 0 -2025.23 0 0
2380000 -38237.1 -37491.1 0 -1849.87 0 0
2390000 -39067.8 -37798.7 0 -323.962 0 0
2400000 -40644.6 -37377.2 0 -2480.23 0 0
2410000 -39624.2 -36786.8 0 -1413.71 0 0
2420000 -40588.2 -37254.5 0 -1465.58 0 0
2430000 -39333.3 -38178.5 0 -1909.57 0 0
2440000 -40451.5 -37644.2 0 91.8642 0 0
2450000 -39301.3 -38375.3 0 -1312.53 0 0
2460000 -39926.2 -38979.9 0 259.565 0 0
2470000 -39047.6 -38153.1 0 238.323 0 0
2480000 -39788.1 -37724.3 0 767.411 0 0
2490000 -40562.4 -36083.3 0 -521.821 0 0
2500000 -39042 -39190.4 0 1203.24 0 0
2510000 -39208.9 -39412.1 0 1322.49 0 0
2520000 -39291.2 -37510.9 0 2467.72 0 0
2530000 -40033.2 -37432.6 0 2523.98 0 0
2540000 -40017.6 -37973.5 0 1135.42 0 0
2550000 -39151 -38321.6 0 2657.57 0 0
2560000 -39627.3 -37938.4 0 2944.91 0 0
2570000 -38657.1 -36805.6 0 3041.75 0 0
2580000 -38658.1 -38484.2 0 3293.24 0 0
2590000 -38692.6 -37447.8 0 3881.27 0 0
2600000 -39468.6 -36524.5 0 3386.16 0 0
2610000 -38340.2 -38019 0 5007.59 0 0
2620000 -38658.7 -38000.7 0 2726.6 0 0
2630000 -39591.7 -37631.4 0 3701.7 0 0
2640000 -39859.5 -36962 0 3480.89 0 0
2650000 -38674.8 -38056.8 0 4562.92 0 0
2660000 -38851.8 -38951.2 0 5237.24 0 0
2670000 -40389.1 -37030.8 0 3748.67 0 0
2680000 -39372.9 -38586.9 0 4765.58 0 0
2690000 -39057.2 -37927.7 0 4852.52 0 0
2700000 -39444.1 -38682.6 0 3852.95 0 0
2710000 -38857.7 -37707.4 0 5016.98 0 0
2720000 -39626.7 -37779.8 0 3081.35 0 0
2730000 -39041.6 -37619.4 0 3219.01 0 0
2740000 -40326.3 -37651.4 0 4815.54 0 0
2750000 -39965.6 -38335.7 0 5102.68 0 0
2760000 -38908.2 -38208.5 0 5358.43 0 0
2770000 -39632 -37723.8 0 5100.63 0 0
2780000 -39961.8 -38525.2 0 3785.29 0 0
2790000 -39186.9 -38957.2 0 4155.81 0 0
2800000 -38918.2 -38374.4 0 3186.57 0 0
2810000 -39449.7 -37573.2 0 4003.46 0 0
2820000 -39162.7 -38385.5 0 4335.8 0 0
2830000 -40016.1 -38283 0 2644.3 0 0
2840000 -38222 -38742.9 0 3311.25 0 0
2850000 -39656.7 -37273.9 0 2931.69 0 0
2860000 -39594.9 -37547.1 0 2241.85 0 0
2870000 -38127.7 -38473 0 2649.95 0 0
2880000 -40995.8 -36934.4 0 1858.25 0 0
2890000 -39174.4 -38912.8 0 2092.82 0 0
2900000 -38400.2 -38043.7 0 3175.45 0 0
2910000 -37120 -38146.1 0 1624.17 0 0
2920000 -38719.5 -37363.2 0 2711.65 0 0
2930000 -40828.3 -37012.2 0 778.345 0 0
2940000 -39815.3 -37609.4 0 1957.25 0 0
2950000 -38103.3 -39332.6 0 1168.8 0 0
2960000 -38883.7 -36497.3 0 1287.11 0 0
2970000 -39716.2 -37293.3 0 -419.334 0 0
2980000 -38562.9 -38494.4 0 551.136 0 0
2990000 -39950.7 -38012.1 0 -3.41209 0 0
3000000 -39843.9 -37333.4 0 490.221 0 0
3010000 -38502.1 -38344.7 0 -3.89632 0 0
3020000 -39488.4 -37786.7 0 -781.719 0 0
3030000 -38501.5 -38292.6 0 -536.091 0 0
3040000 -38024.2 -38927.2 0 -796.665 0 0
3050000 -38286.3 -39213.9 0 -1708.57 0 0
3060000 -39677.8 -38359.1 0 -857.927 0 0
3070000 -38905.2 -38406.7 0 -466.492 0 0
3080000 -38415.9 -39020.2 0 -1077.98 0 0
3090000 -38399.1 -38230.1 0 -1419.76 0 0
3100000 -38025.8 -38922.9 0 -2688.89 0 0
3110000 -38912.7 -38715.6 0 -2626.87 0 0
3120000 -37794.4 -39134.6 0 -3131.02 0 0
3130000 -37976.2 -39270.7 0 -1250.69 0 0
3140000 -38389.9 -39092 0 -1948.19 0 0
3150000 -39385 -38079.6 0 -3504.95 0 0
3160000 -38905.1 -39708.8 0 -1867.33 0 0
3170000 -40139.8 -36957.2 0 -3509.02 0 0
3180000 -40068.7 -37651.9 0 -3119.51 0 0
3190000 -38704.8 -37085.4 0 -2733.06 0 0
3200000 -40650.6 -36921.2 0 -2428.73 0 0
3210000 -40179.1 -37123.5 0 -2345.93 0 0
3220000 -39174.2 -37174.5 0 -3917.53 0 0
3230000 -39038.1 -39099.2 0 -2981.79 0 0
3240000 -39032.4 -38652.9 0 -3903.42 0 0
3250000 -38420.5 -39484.5 0 -2765.2 0 0
3260000 -39848.6 -37585.6 0 -4533.55 0 0
3270000 -39094 -39009.7 0 -4052.12 0 0
3280000 -39830.6 -38624.3 0 -3477.56 0 0
3290000 -39257 -37639.5 0 -1972.79 0 0
3300000 -37409.4 -39691.5 0 -2449.96 0 0
3310000 -38501.3 -39748.4 0 -2601.17 0 0
3320000 -38578.6 -37605.1 0 -2283.02 0 0
3330000 -38871.3 -37582.9 0 -1975.11 0 0
3340000 -39327.7 -38395.8 0 -2105.7 0 0
3350000 -40530.7 -37407.7 0 -972.842 0 0
3360000 -39052.7 -38575.8 0 -1230.18 0 0
3370000 -38971.3 -38768.3 0 -2081.61 0 0
3380000 -39464.7 -37565.7 0 -1410.88 0 0
3390000 -37782 -39893.7 0 -2618.38 0 0
3400000 -38357.9 -39081.8 0 -248.377 0 0
3410000 -38055.9 -37531.1 0 -828.725 0 0
3420000 -39077.8 -38002.4 0 -859.797 0 0
3430000 -38823.2 -37396 0 127.537 0 0
3440000 -39218.5 -38290.9 0 -694.897 0 0
3450000 -39306.3 -37081.5 0 923.657 0 0
3460000 -39305.3 -38199.8 0 1340.65 0 0
3470000 -39758.8 -37413.2 0 1116.87 0 0
3480000 -39278.1 -39328.4 0 1268.66 0 0
3490000 -39506 -38850.8 0 1488.62 0 0
3500000 -39604.6 -38078.2 0 1554.64 0 0
3510000 -38114.5 -39173.4 0 1395.27 0 0
3520000 -37464.5 -39747.2 0 571.749 0 0
3530000 -40135.2 -38367.2 0 3302.63 0 0
3540000 -38669.5 -39468.2 0 1987.83 0 0
3550000 -39010.8 -37475.7 0 811.552 0 0
3560000 -38959 -38871.9 0 1448.75 0 0
3570000 -39480.9 -37961.8 0 1933.11 0 0
3580000 -38777.8 -38753.2 0 2593.14 0 0
3590000 -38466 -38513.6 0 2004.15 0 0
3600000 -38367.8 -38413 0 3569.75 0 0
3610000 -39660.2 -37148.9 0 4602.93 0 0
3620000 -38293.9 -38850.1 0 3953.27 0 0
3630000 -39713.2 -37844 0 3797.93 0 0
3640000 -40159.8 -35912.5 0 3355.13 0 0
3650000 -39256.7 -37894.6 0 4883 0 0
3660000 -39553.5 -37672.2 0 4119.99 0 0
3670000 -39180.9 -37742 0 5199.66 0 0
3680000 -39680.8 -38058.2 0 6198.24 0 0
3690000 -39527.5 -36001.8 0 5019.57 0 0
3700000 -40374.4 -36387.1 0 6509.08 0 0
3710000 -39582.3 -36787.3 0 4453.81 0 0
3720000 -38964.2 -36780.2 0 5570.37 0 0
3730000 -38725.6 -36539.6 0 4241.66 0 0
3740000 -39661.1 -36767.2 0 5231.38 0 0
3750000 -40655.7 -36763.5 0 5682.74 0 0
3760000 -38996.7 -37412.2 0 4995.79 0 0
3770000 -39479.7 -37113.3 0 4700.58 0 0
3780000 -39483.8 -37493.9 0 5097.87 0 0
3790000 -38288.4 -38593.1 0 3881.65 0 0
3800000 -38525.8 -36597.5 0 5450.51 0 0
3810000 -40036.8 -38079.2 0 6076.47 0 0
3820000 -38635.2 -37211.9 0 5420.85 0 0
3830000 -38141.4 -38901.6 0 4605.63 0 0
3840000 -38684.1 -38151.6 0 4084.1 0 0
3850000 -38582.6 -37518.1 0 2902.17 0 0
3860000 -38739.5 -37027.6 0 3387.4 0 0
3870000 -37902.7 -38287.6 0 3095.33 0 0
3880000 -38828.7 -37293.4 0 4431.41 0 0
3890000 -38181.2 -38377.4 0 2787.06 0 0
3900000 -37685.1 -38479.5 0 2206.85 0 0
3910000 -37783.3 -38979.3 0 2754.44 0 0
3920000 -39243.4 -37378.4 0 2511.58 0 0
3930000 -39859.4 -37778.5 0 2284.12 0 0
3940000 -38726.3 -38181.3 0 2076.81 0 0
3950000 -39645.7 -37490.5 0 1540.61 0 0
3960000 -37333 -38468.5 0 1618.88 0 0
3970000 -39117.7 -37887 0 1111.65 0 0
3980000 -38951.5 -37571.6 0 683.953 0 0
3990000 -38713.8 -38518.9 0 360.544 0 0
4000000 -39756 -38303.6 0 261.959 0 0
4010000 -38893.6 -37493.7 0 -49.6654 0 0
4020000 -38584 -37786.4 0 -866.821 0 0
4030000 -38107.8 -38281.4 0 -1517.94 0 0
4040000 -37836.3 -38648.3 0 -1631.1 0 0
4050000 -39183.3 -37613.3 0 -1707.09 0 0
4060000 -39209.5 -38077.3 0 -1937.32 0 0
4070000 -39016.5 -37688.5 0 75.3354 0 0
4080000 -38815 -38668.8 0 -2203.31 0 0
4090000 -37988.3 -38582.7 0 -2250.07 0 0
4100000 -37244.8 -38282 0 -3430.86 0 0
4110000 -37203.6 -38570.6 0 -4735.27 0 0
4120000 -38130.6 -38172.1 0 -2271.21 0 0
4130000 -38100.1 -39170.7 0 -1734.99 0 0
4140000 -39051 -38702.5 0 -2957.32 0 0
4150000 -37591.4 -38460.1 0 -3019.99 0 0
4160000 -37473 -38091.4 0 -2994.5 0 0
4170000 -37589.6 -38493.5 0 -4252.94 0 0
4180000 -36401.3 -37860.8 0 -3016.88 0 0
4190000 -37377.5 -38063.7 0 -3306.43 0 0
4200000 -36871.1 -38750.3 0 -3365.12 0 0
4210000 -37393.9 -38452.5 0 -3125.34 0 0
4220000 -37844.2 -38646.7 0 -5900.71 0 0
4230000 -37537.6 -39888.5 0 -3748.82 0 0
4240000 -37699.1 -39011.5 0 -3837.12 0 0
4250000 -38105.3 -39062.2 0 -3069.29 0 0
4260000 -37549.8 -38042.7 0 -3428.18 0 0
4270000 -37521.7 -38452.9 0 -4352.96 0 0
4280000 -37512.3 -38893.5 0 -4481.59 0 0
4290000 -38777 -38586.1 0 -4471.19 0 0
4300000 -38028.5 -38497.9 0 -4455.58 0 0
4310000 -38278.2 -38210.6 0 -3046.94 0 0
4320000 -37512.1 -37663 0 -3834.69 0 0
4330000 -37050.9 -38380.4 0 -2661.39 0 0
4340000 -39207.7 -38253.1 0 -1983.97 0 0
4350000 -38259.5 -38001.1 0 -3373.02 0 0
4360000 -37116.6 -39101.3 0 -2033.31 0 0
4370000 -38664 -38007.5 0 -2124.51 0 0
4380000 -38800.6 -37944.4 0 -1096.97 0 0
4390000 -38765.8 -38223.8 0 -1916.23 0 0
4400000 -37556.3 -38177.2 0 -20.818 0 0
4410000 -38152.5 -37807.8 0 -261.192 0 0
4420000 -39532.6 -37608.6 0 -808.781 0 0
4430000 -38546.8 -38430.8 0 -154.649 0 0
4440000 -36743.2 -39251.3 0 2059.31 0 0
4450000 -37995.4 -38669.8 0 1406.19 0 0
4460000 -37958.2 -38495.2 0 939.668 0 0
4470000 -37679.4 -38880.1 0 1213.58 0 0
4480000 -36942.3 -39440.1 0 1060.09 0 0
4490000 -37647.8 -37712.6 0 1983.28 0 0
4500000 -38475.9 -37541 0 1041.65 0 0
4510000 -38718.6 -38383.5 0 794.858 0 0
4520000 -37022.1 -38641.9 0 3897.39 0 0
4530000 -38309.6 -37893.7 0 3348.14 0 0
4540000 -38158.4 -39165.5 0 2546.63 0 0
4550000 -38254.6 -38845.7 0 2873.58 0 0
4560000 -39523.7 -37367.5 0 3708.12 0 0
4570000 -38090.1 -38055.6 0 3229.65 0 0
4580000 -37401.1 -39020.8 0 4076.14 0 0
4590000 -36691.9 -38670.7 0 3996.74 0 0
4600000 -37807.9 -38262 0 4170.52 0 0
4610000 -37828 -37919 0 4855.18 0 0
4620000 -36197.5 -39335 0 5385.45 0 0
4630000 -39716.8 -36324.7 0 4174.82 0 0
4640000 -37948.4 -37669.5 0 3931.39 0 0
4650000 -39258.1 -37552.7 0 4654.6 0 0
4660000 -39292.2 -37632.1 0 4822.74 0 0
4670000 -35998.9 -39329.1 0 5221.73 0 0
4680000 -37334.7 -40074.5 0 3897.63 0 0
4690000 -38380 -39184.4 0 3155.93 0 0
4700000 -36177.4 -39617.8 0 2886.5 0 0
4710000 -38077.2 -38200.8 0 2023.6 0 0
4720000 -37242.2 -40374.3 0 2834.55 0 0
4730000 -38498.7 -38284.8 0 3824.97 0 0
4740000 -37486.8 -39522.3 0 4642.25 0 0
4750000 -38499.6 -39133.5 0 3391.42 0 0
4760000 -37637.1 -38742.6 0 2668.35 0 0
4770000 -38002 -39839 0 3432.79 0 0
4780000 -37549.3 -39284.5 0 2323.33 0 0
4790000 -37710.1 -39121.3 0 2842.97 0 0
4800000 -37757.8 -39354.7 0 2643.29 0 0
4810000 -37735.4 -37813.3 0 750.516 0 0
4820000 -36039 -39604.3 0 1460.44 0 0
4830000 -36289.6 -40859.9 0 3304.01 0 0
4840000 -37930.5 -38244.1 0 2801.27 0 0
4850000 -36018.8 -40098.8 0 2015.9 0 0
4860000 -37131 -39670.6 0 3663.8 0 0
4870000 -36197.5 -40092.1 0 2497.55 0 0
4880000 -37597.8 -39546.6 0 2831.67 0 0
4890000 -36258.5 -39950.4 0 2153.94 0 0
4900000 -36898.7 -38894.9 0 1221.87 0 0
4910000 -37353.9 -37485.8 0 1414.17 0 0
4920000 -35555.6 -39974.3 0 749.46 0 0
4930000 -37046.6 -39698.7 0 842.52 0 0
4940000 -37683.6 -39693.4 0 -140.483 0 0
4950000 -37064.8 -39016.3 0 -995.391 0 0
4960000 -38120.3 -37849.8 0 -1604.47 0 0
4970000 -37019.1 -39807.9 0 881.018 0 0
4980000 -38744.2 -38592.4 0 -735.283 0 0
4990000 -36678.3 -38838.8 0 -520.643 0 0
5000000 -38065.4 -38171.4 0 -1042.86 0 0
