# Time-averaged data for fix ps1
# TimeStep c_thermo_press[1] c_thermo_press[2] c_thermo_press[3] c_thermo_press[4] c_thermo_press[5] c_thermo_press[6]
10000 -33470.9 -31138.3 0 -1209.84 0 0
20000 -32098.2 -32693.8 0 -943.576 0 0
30000 -32570.5 -31115.7 0 91.0475 0 0
40000 -31551.6 -32084.7 0 -476.883 0 0
50000 -31952.4 -32010 0 -1918.29 0 0
60000 -31332.9 -32812.8 0 573.99 0 0
70000 -32073.5 -33872 0 -1663.62 0 0
80000 -32518.8 -32359.3 0 -884.182 0 0
90000 -31747.9 -32555.6 0 -2366.86 0 0
100000 -32970.4 -32023.5 0 -1069.5 0 0
110000 -32994.9 -32548.3 0 -616.233 0 0
120000 -31726.2 -33236.3 0 -2115.73 0 0
130000 -33232.3 -31577 0 -3236.38 0 0
140000 -32484.5 -32934.9 0 -1623.21 0 0
150000 -30675.4 -32520.4 0 -839.462 0 0
160000 -31724.4 -34221.7 0 -1353.51 0 0
170000 -30651 -33355.1 0 -2252.52 0 0
180000 -31525 -33230.4 0 -684.635 0 0
190000 -30792.4 -33222 0 -1712.18 0 0
200000 -31843.8 -30871 0 -2485.07 0 0
210000 -31132 -34269.5 0 -2285.44 0 0
220000 -31719.2 -32333.4 0 -3086.83 0 0
230000 -32937.3 -31447.3 0 -2492.29 0 0
240000 -32597.1 -33867.7 0 -1842.33 0 0
250000 -34049.6 -31069.6 0 -1469.43 0 0
260000 -32916.5 -32510.5 0 -1886.47 0 0
270000 -31981.1 -33690.6 0 -947.437 0 0
280000 -30554.9 -34278.6 0 -1110.21 0 0
290000 -31238.9 -32498.9 0 -2269.22 0 0
300000 -33154.7 -31656.5 0 -719.613 0 0
310000 -32292.5 -32725.6 0 -620.998 0 0
320000 -32388.5 -33764.2 0 162.467 0 0
330000 -31900.6 -32056.2 0 335.266 0 0
340000 -33568.1 -32160.9 0 333.952 0 0
350000 -34073.8 -30798.2 0 -1027.15 0 0
360000 -31066.4 -32489 0 684.945 0 0
370000 -33462.5 -31762.7 0 -30.1856 0 0
380000 -32081.2 -33649.5 0 -621.032 0 0
390000 -32972.3 -32382.5 0 -917.101 0 0
400000 -29984 -34256.9 0 518.197 0 0
410000 -32207.9 -32867.7 0 -406.913 0 0
420000 -32772.1 -30431.8 0 -1542.17 0 0
430000 -32565.2 -31921.9 0 -341.914 0 0
440000 -32064.4 -32204.1 0 -100.315 0 0
450000 -33023.2 -32229.6 0 -334.997 0 0
460000 -32528.9 -33308.4 0 343.323 0 0
470000 -32899.2 -31738.4 0 2891.56 0 0
480000 -31038.6 -32820.8 0 2943.01 0 0
490000 -33709.1 -33213.7 0 2726.12 0 0
500000 -33886.1 -31868.2 0 1393.44 0 0
510000 -33131.1 -34035.1 0 1149.27 0 0
520000 -32010.7 -32880.3 0 1911.14 0 0
530000 -32664 -33348.5 0 1304.22 0 0
540000 -31225.6 -34034.3 0 1494.53 0 0
550000 -31720.6 -34909.9 0 2294.13 0 0
560000 -34390.9 -31935.8 0 1587.94 0 0
570000 -32933.5 -33520.9 0 1690.49 0 0
580000 -35295.3 -30842.7 0 1171.48 0 0
590000 -31221.7 -33944.2 0 887.866 0 0
600000 -33610 -33687.5 0 1238.43 0 0
610000 -32948 -33658.1 0 1483.58 0 0
620000 -32470.9 -33701.2 0 2227.28 0 0
630000 -32007.3 -32998.2 0 2097.28 0 0
640000 -31967.7 -32988.8 0 509.676 0 0
650000 -32124.3 -33002.6 0 139.727 0 0
660000 -33348.3 -31852.2 0 1639.74 0 0
670000 -32757.7 -32326.8 0 1636.39 0 0
680000 -33585.3 -32929.1 0 1200.18 0 0
690000 -32017.2 -30965.5 0 2148.79 0 0
700000 -32564 -33172.5 0 1650.66 0 0
710000 -31773.5 -31967.1 0 1633.66 0 0
720000 -33119.5 -32284.8 0 1285.99 0 0
730000 -30927.8 -32902.3 0 2.82469 0 0
740000 -31492.4 -32341.6 0 1436.6 0 0
750000 -31472.2 -33204.4 0 2469.03 0 0
760000 -30629.1 -33892 0 840.015 0 0
770000 -31488.8 -33934.6 0 1900.89 0 0
780000 -32102.4 -33748.8 0 245.964 0 0
790000 -31259.4 -31854.5 0 354.964 0 0
800000 -30924.6 -33023.5 0 1493.17 0 0
810000 -31443.6 -33189.1 0 860.95 0 0
820000 -32531.1 -32897.1 0 1018.09 0 0
830000 -34729.5 -30023 0 1974.27 0 0
840000 -35164.4 -29695.9 0 2736.57 0 0
850000 -33436.5 -30129.8 0 1023.18 0 0
860000 -32999.8 -30739.3 0 797.469 0 0
870000 -33033.7 -32005.4 0 2327.17 0 0
880000 -34866.6 -30817.4 0 1104.95 0 0
890000 -33700.6 -31395.1 0 -352.203 0 0
900000 -33474.5 -32110.8 0 -605.088 0 0
910000 -33488.5 -31900.5 0 -492.855 0 0
920000 -36029 -30794.5 0 -70.159 0 0
930000 -35601.3 -31770.9 0 -306.545 0 0
940000 -35787.7 -30089.1 0 -1245.82 0 0
950000 -35132.4 -31314.4 0 317.177 0 0
960000 -33851.1 -31089.9 0 -1006.62 0 0
970000 -34181.2 -30605.6 0 255.742 0 0
980000 -33439 -32687.3 0 -1718.58 0 0
990000 -33872.4 -31443 0 -1894.44 0 0
1000000 -34004.3 -33930.3 0 -1569.93 0 0
1010000 -32568.6 -33613.2 0 271.383 0 0
1020000 -32588.5 -33845.9 0 -346.585 0 0
1030000 -32752.8 -31855.3 0 -1654.16 0 0
1040000 -31361.5 -33568.9 0 943.825 0 0
1050000 -31536 -32961.2 0 -882.971 0 0
1060000 -33850.9 -32941.5 0 611.13 0 0
1070000 -33811.7 -31865.2 0 -2078.9 0 0
1080000 -31765.5 -33720 0 -859.347 0 0
1090000 -31780.5 -33869.2 0 -319.375 0 0
1100000 -30001.3 -34161.8 0 -1004.93 0 0
1110000 -31755.7 -32863.7 0 237.946 0 0
1120000 -31587.6 -33698.8 0 -114 0 0
1130000 -33895.5 -30861 0 925.198 0 0
1140000 -32923 -31105.4 0 64.6417 0 0
1150000 -31910.6 -30550.3 0 -1321.58 0 0
1160000 -30384.1 -31976 0 -2277.65 0 0
1170000 -32147.5 -30697.9 0 -2278.93 0 0
1180000 -31394.6 -32520.9 0 -1112.47 0 0
1190000 -31891.3 -31893.8 0 -2872.2 0 0
1200000 -32007.6 -30248.2 0 -1671.84 0 0
1210000 -32953.4 -31960.3 0 -1372.19 0 0
1220000 -32345.7 -31682.9 0 -1335.64 0 0
1230000 -32595.7 -32434.1 0 -1314.34 0 0
1240000 -30441.3 -34173.6 0 -1324.63 0 0
1250000 -32819.7 -33733.3 0 -906.389 0 0
1260000 -31263.6 -31848.6 0 267.046 0 0
1270000 -31677.8 -33542.6 0 -894.104 0 0
1280000 -30694.3 -31669.7 0 -550.247 0 0
1290000 -30418.9 -34982.9 0 -2215.37 0 0
1300000 -31039.2 -34080.7 0 -1002.47 0 0
1310000 -31936.8 -32273.8 0 148.576 0 0
1320000 -31426 -32617.7 0 -652.194 0 0
1330000 -30834.1 -33631.4 0 -283.476 0 0
1340000 -31021 -31556.9 0 -1024.69 0 0
1350000 -30404.3 -34474.4 0 -32.3975 0 0
1360000 -34212.1 -32020.2 0 1998.02 0 0
1370000 -33188.8 -31091.8 0 724.547 0 0
1380000 -32048.7 -32432.2 0 -1165.8 0 0
1390000 -31078.7 -32651.5 0 -768.011 0 0
1400000 -32156.3 -31319.5 0 253.207 0 0
1410000 -31511.7 -31820.7 0 1653.94 0 0
1420000 -32990.1 -31850.7 0 2242.24 0 0
1430000 -33243.7 -28973.5 0 247.539 0 0
1440000 -32849.3 -30850.3 0 855.901 0 0
1450000 -31951.7 -31894.5 0 -138.221 0 0
1460000 -32344.9 -31067 0 -407.175 0 0
1470000 -33583.6 -29889.9 0 -1235.73 0 0
1480000 -30507.4 -32490.1 0 1117.59 0 0
1490000 -32558.3 -30591.5 0 243.666 0 0
1500000 -32592.1 -31267.1 0 1837.1 0 0
1510000 -33206.4 -32001 0 1635.71 0 0
1520000 -32744.6 -31795.1 0 2294.65 0 0
1530000 -33717.3 -29377.5 0 594.773 0 0
1540000 -33086.1 -31286.3 0 1990.39 0 0
1550000 -33858.4 -29498 0 593.253 0 0
1560000 -30893.2 -31316.2 0 2652.02 0 0
1570000 -31679.5 -30623.8 0 2265.61 0 0
1580000 -31193.9 -30787.5 0 1656.21 0 0
1590000 -31954.9 -32091.5 0 542.413 0 0
1600000 -30173.9 -32308.6 0 1072.18 0 0
1610000 -31860.2 -31302.3 0 2190.18 0 0
1620000 -31486.2 -30789.3 0 1534.79 0 0
1630000 -32530.4 -31787.2 0 1083.01 0 0
1640000 -32315.1 -32180.4 0 1128.49 0 0
1650000 -31264.6 -32780.9 0 1129.11 0 0
1660000 -31354.3 -30971.6 0 2530.85 0 0
1670000 -28958 -32934.4 0 -354.215 0 0
1680000 -31811.1 -30453.3 0 999.751 0 0
1690000 -31177.2 -32264.5 0 1399.8 0 0
1700000 -30028.8 -32373.1 0 1714.34 0 0
1710000 -31380.1 -32249.7 0 1298.13 0 0
1720000 -30307.2 -32552.8 0 653.464 0 0
1730000 -30216.8 -32909.5 0 2998.55 0 0
1740000 -29128.8 -32548.4 0 -740.417 0 0
1750000 -29634.7 -31238.8 0 304.608 0 0
1760000 -30738.1 -30858 0 1213.6 0 0
1770000 -30477.4 -30069.5 0 1300.3 0 0
1780000 -32181.5 -30029 0 993.782 0 0
1790000 -31628.6 -28263.3 0 808.238 0 0
1800000 -30155.3 -30288.5 0 531.039 0 0
1810000 -30139.5 -30305.7 0 1012.56 0 0
1820000 -29663.2 -31978.3 0 -281.204 0 0
1830000 -30437.7 -31945.1 0 -1523.13 0 0
1840000 -32051.7 -31157 0 431.081 0 0
1850000 -31725.2 -30720.2 0 -404.85 0 0
1860000 -30053.7 -33407 0 2052.06 0 0
1870000 -31331.3 -33163.6 0 1188.4 0 0
1880000 -28966 -31607.2 0 1852.3 0 0
1890000 -31020.5 -30807.4 0 -317.338 0 0
1900000 -30501.6 -31083.3 0 -177.835 0 0
1910000 -29353 -33555.9 0 423.433 0 0
1920000 -30980.4 -30945.9 0 485.864 0 0
1930000 -29091.6 -32656.1 0 1076.94 0 0
1940000 -31222 -31602.9 0 149.718 0 0
1950000 -31213.1 -30580.5 0 -411.089 0 0
1960000 -30051.1 -31813 0 568.56 0 0
1970000 -30080.3 -32362.6 0 607.636 0 0
1980000 -30849.4 -31486.3 0 84.5983 0 0
1990000 -31382.3 -31732.9 0 -405.317 0 0
2000000 -30709.9 -31855.9 0 -412.802 0 0
2010000 -30929.7 -30914.8 0 -1595.01 0 0
2020000 -29568.1 -31785 0 832.617 0 0
2030000 -31153.5 -29659.3 0 -11.842 0 0
2040000 -32219.6 -28841 0 744.531 0 0
2050000 -30395.4 -30020.7 0 -1742.05 0 0
2060000 -30881.9 -29408.6 0 -3035.53 0 0
2070000 -29688.2 -30135 0 -1601.4 0 0
2080000 -29995.1 -29052.3 0 -3511.08 0 0
2090000 -30853.2 -28587.2 0 -2939.15 0 0
2100000 -30053.1 -29580.3 0 -3585.4 0 0
2110000 -30183.3 -28753.1 0 -3042.24 0 0
2120000 -32684 -29097.2 0 -3209.7 0 0
2130000 -30753.5 -28891.5 0 -3397.6 0 0
2140000 -31074.6 -30868.7 0 -3951.52 0 0
2150000 -29599.1 -29725.4 0 -2229.1 0 0
2160000 -30312.5 -30293.1 0 -1808.53 0 0
2170000 -29977.8 -30078.9 0 -3081.83 0 0
2180000 -30814.6 -28594.4 0 -3571.34 0 0
2190000 -31534.1 -28384.2 0 -2016.03 0 0
2200000 -31640.2 -29276.1 0 -2198.61 0 0
2210000 -29884.4 -30429.7 0 -3237.56 0 0
2220000 -30132.8 -29157.9 0 -569.654 0 0
2230000 -30078.7 -29216.5 0 -1324.77 0 0
2240000 -30750.1 -29954 0 -3235.68 0 0
2250000 -32575.5 -29931.7 0 -2776.74 0 0
2260000 -31688.5 -29888.4 0 -1019.18 0 0
2270000 -31485.3 -30175.7 0 -692.742 0 0
2280000 -30592.1 -30575 0 -662.931 0 0
2290000 -31223.9 -28170.4 0 -418.37 0 0
2300000 -31245.2 -29189.3 0 -1142.51 0 0
2310000 -30959.7 -30394.9 0 -729.447 0 0
2320000 -31375.7 -29752.7 0 -977.496 0 0
2330000 -31179 -29924 0 -1263.3 0 0
2340000 -29797.3 -31110.7 0 -703.257 0 0
2350000 -29876.2 -31580.7 0 1021.87 0 0
2360000 -29935.5 -31222 0 519.431 0 0
2370000 -28115.2 -31489.9 0 -119.555 0 0
2380000 -29753.6 -30641.3 0 -977.882 0 0
2390000 -30281.9 -30774.3 0 -260.156 0 0
2400000 -30846.1 -28089.4 0 -508.391 0 0
2410000 -30658.8 -29602.3 0 -430.462 0 0
2420000 -30933 -29663.9 0 -453.03 0 0
2430000 -29923 -28773.2 0 1449.01 0 0
2440000 -28947 -31846.9 0 93.5238 0 0
2450000 -28730.2 -30891.5 0 895.611 0 0
2460000 -29458.3 -31785 0 2166.98 0 0
2470000 -28536 -31572.3 0 1903.06 0 0
2480000 -30136.6 -29158.5 0 2203.88 0 0
2490000 -30629.6 -30549.8 0 2601.66 0 0
2500000 -28189.4 -32066.5 0 2092.02 0 0
2510000 -29752.8 -30278.4 0 1548.95 0 0
2520000 -30656.8 -31337.4 0 592.086 0 0
2530000 -29958.4 -32182.3 0 1640.98 0 0
2540000 -30534.6 -31151.2 0 887.016 0 0
2550000 -31080.4 -30763.8 0 2098.53 0 0
2560000 -29314.5 -32656.6 0 2224.44 0 0
2570000 -32319.9 -29889.6 0 1252.32 0 0
2580000 -29367 -31768.7 0 1466.96 0 0
2590000 -30491.9 -30173.6 0 1680.47 0 0
2600000 -30355.6 -32049.3 0 308.08 0 0
2610000 -30962.7 -32044.8 0 2542.33 0 0
2620000 -30275 -30597.1 0 962.049 0 0
2630000 -31091 -30519.3 0 917.798 0 0
2640000 -31750.8 -30875.7 0 2310.57 0 0
2650000 -31229.4 -29968.3 0 2030.37 0 0
2660000 -31837 -28942.3 0 1417.69 0 0
2670000 -31784.5 -31043.4 0 1815.1 0 0
2680000 -28895.7 -32318.9 0 893.548 0 0
2690000 -30236.4 -31001.3 0 1281.94 0 0
2700000 -29547.5 -30966.4 0 1638.29 0 0
2710000 -30442 -32148.5 0 383.471 0 0
2720000 -31052.8 -31850.8 0 1807.32 0 0
2730000 -30071.8 -31158.9 0 1795.55 0 0
2740000 -29329.1 -32315.7 0 453.014 0 0
2750000 -28057.1 -32607.3 0 1056.93 0 0
2760000 -29910 -31489 0 1648.89 0 0
2770000 -29844.3 -33663.1 0 1033.75 0 0
2780000 -30602.9 -30649.8 0 341.994 0 0
2790000 -30077.9 -32743.5 0 177.924 0 0
2800000 -32526.9 -29367.6 0 118.934 0 0
2810000 -31027.3 -31334.1 0 -262.028 0 0
2820000 -29903.6 -30514.4 0 1666.55 0 0
2830000 -30744.4 -29958.4 0 1152.13 0 0
2840000 -29009.3 -31556.5 0 323.666 0 0
2850000 -30421.9 -29843.9 0 -640.227 0 0
2860000 -30332.1 -29989.9 0 -787.962 0 0
2870000 -30629.3 -30007.6 0 -1410.49 0 0
2880000 -29922.2 -33091.4 0 -1382.42 0 0
2890000 -30769 -30040.6 0 -1809.3 0 0
2900000 -32060.5 -31235.4 0 -1939.46 0 0
2910000 -31693.7 -32164.2 0 -631.087 0 0
2920000 -31180.1 -31544 0 -486.176 0 0
2930000 -31054.1 -31086.8 0 -1011.33 0 0
2940000 -30540.2 -33676.1 0 -2056.37 0 0
2950000 -31308.4 -30608 0 -1928.3 0 0
2960000 -29989.9 -32686.8 0 -1921.73 0 0
2970000 -30180.6 -32172 0 -910.154 0 0
2980000 -30527 -31139.5 0 -1163.96 0 0
2990000 -32389.8 -29503.8 0 -2596.73 0 0
3000000 -30985.4 -30386.3 0 -2871.72 0 0
3010000 -29424.5 -31292.3 0 -1414.59 0 0
3020000 -30324.7 -30516.2 0 -2222.78 0 0
3030000 -30957.7 -31864.3 0 -2026.02 0 0
3040000 -31175.6 -29586.4 0 -2325.54 0 0
3050000 -29601.7 -32176.8 0 -1952.28 0 0
3060000 -31005.1 -32151.1 0 -2666.6 0 0
3070000 -32643.7 -29819 0 -1706.65 0 0
3080000 -31218.9 -30320.6 0 -1891.19 0 0
3090000 -31797.1 -31211.4 0 -1984.07 0 0
3100000 -30642.5 -31097.1 0 -1807.54 0 0
3110000 -30203.5 -30664.9 0 -2113.01 0 0
3120000 -31065.6 -30104.7 0 -1947.54 0 0
3130000 -30611.3 -32231.3 0 -3825.81 0 0
3140000 -30908.7 -30841.5 0 -1791.51 0 0
3150000 -28802.1 -32892.2 0 -2075.48 0 0
3160000 -30246.9 -32365.4 0 -1460.42 0 0
3170000 -30259.6 -33453.6 0 -2300.44 0 0
3180000 -30607 -32166.6 0 -208.621 0 0
3190000 -31653.6 -29399.2 0 -2262.58 0 0
3200000 -31349.9 -31603.4 0 -2424.2 0 0
3210000 -31027.7 -29863.8 0 -50.9941 0 0
3220000 -31838.5 -31340.7 0 -1622.12 0 0
3230000 -31644.9 -31371.6 0 -1149.92 0 0
3240000 -33728.6 -28416.9 0 -516.375 0 0
3250000 -31393.1 -30774.2 0 -533.181 0 0
3260000 -30321.2 -29308.7 0 -115.506 0 0
3270000 -31595 -28717.9 0 -386.02 0 0
3280000 -30756.9 -30903 0 -1120 0 0
3290000 -30186.2 -31527.3 0 -793.466 0 0
3300000 -30183.5 -29747.5 0 780.189 0 0
3310000 -32020.1 -29850.6 0 -66.3907 0 0
3320000 -31276.8 -28260 0 -1663.46 0 0
3330000 -31888.8 -29240.2 0 -1712.8 0 0
3340000 -32657.7 -29662.8 0 -264.937 0 0
3350000 -31867.4 -28924.8 0 -760.996 0 0
3360000 -31742.5 -30205.5 0 -888.469 0 0
3370000 -30220.3 -30716.1 0 -225.076 0 0
3380000 -31939.6 -29106.7 0 -175.571 0 0
3390000 -31347.2 -28439.8 0 -772.399 0 0
3400000 -31274.3 -30177.5 0 -99.5578 0 0
3410000 -31358.2 -29373 0 464.507 0 0
3420000 -30001.8 -29839.4 0 -234.437 0 0
3430000 -31513.7 -28896.7 0 -1146.49 0 0
3440000 -31617.9 -29733.6 0 1134.96 0 0
3450000 -31087.2 -28386.9 0 -32.8736 0 0
3460000 -33127.3 -27211 0 -866.07 0 0
3470000 -29615 -29480.8 0 890.704 0 0
3480000 -30896 -30758.6 0 2129.9 0 0
3490000 -31637.3 -29177.9 0 2776.55 0 0
3500000 -30177.4 -29890 0 2362.86 0 0
3510000 -30440.8 -30396 0 2897.04 0 0
3520000 -31403 -30142.4 0 1777.44 0 0
3530000 -31426.7 -29375 0 2648.63 0 0
3540000 -31853.1 -29577.8 0 3831.07 0 0
3550000 -30872.3 -30234.2 0 2528.17 0 0
3560000 -31603.4 -29702.1 0 2574.75 0 0
3570000 -28470.5 -31812.6 0 3255.02 0 0
3580000 -29644.2 -30835.7 0 4109.61 0 0
3590000 -29455.4 -31381.6 0 3404.35 0 0
3600000 -31296.3 -29539.2 0 3494.94 0 0
3610000 -30350.6 -30220.3 0 5053.51 0 0
3620000 -30902.2 -29594 0 3028.06 0 0
3630000 -27494.9 -31593.7 0 2433.41 0 0
3640000 -29591.5 -31711.2 0 3380.67 0 0
3650000 -29873.7 -30444.4 0 3560.14 0 0
3660000 -28561.8 -32161 0 2250.22 0 0
3670000 -28654.1 -31389 0 4327.01 0 0
3680000 -29530.2 -30714.6 0 4370.93 0 0
3690000 -29408.6 -31051.2 0 4513.53 0 0
3700000 -29187.2 -29989.5 0 1505.31 0 0
3710000 -30147.6 -29412.2 0 3970.96 0 0
3720000 -26951.7 -31231.1 0 2333.33 0 0
3730000 -29627.5 -31355.2 0 2212.86 0 0
3740000 -29475 -31836.9 0 2546.86 0 0
3750000 -29353.6 -30454.8 0 2537.61 0 0
3760000 -31565.4 -29434.7 0 1252.47 0 0
3770000 -29334.7 -30505.8 0 824.013 0 0
3780000 -29307.7 -30180.5 0 1192.78 0 0
3790000 -31357.9 -27441.1 0 1579.08 0 0
3800000 -30217.7 -30236.5 0 686.515 0 0
3810000 -30097.4 -28075.1 0 1220.86 0 0
3820000 -29142.1 -30055.4 0 1983.15 0 0
3830000 -30827 -28354.4 0 2255.03 0 0
3840000 -29587.4 -28630.8 0 -110.864 0 0
3850000 -29075.4 -29337.4 0 846.62 0 0
3860000 -29927 -28849.5 0 1764.96 0 0
3870000 -30697 -29301.4 0 1040.81 0 0
3880000 -30826.4 -29420 0 -515.951 0 0
3890000 -29892.9 -29720 0 297.05 0 0
3900000 -31795.9 -27008.3 0 -795.145 0 0
3910000 -29425.3 -30329.2 0 -462.369 0 0
3920000 -31265.5 -28249.3 0 -766.331 0 0
3930000 -30170.9 -28675.6 0 -499.716 0 0
3940000 -31901.9 -27917.5 0 -685.632 0 0
3950000 -31419.4 -29786.8 0 7.00323 0 0
3960000 -31000.6 -27953.7 0 -115.214 0 0
3970000 -31672.2 -27371 0 -121.938 0 0
3980000 -30230.3 -28877.6 0 -381.708 0 0
3990000 -31702.8 -29254.7 0 -1393.58 0 0
4000000 -30268.4 -30034.3 0 483.758 0 0
4010000 -31320.4 -28740.4 0 -1131.83 0 0
4020000 -30976.1 -29406.6 0 -2411.84 0 0
4030000 -30575.9 -30177.6 0 -4470.21 0 0
4040000 -32772.1 -29308.8 0 -3079.71 0 0
4050000 -29624.3 -30736 0 -1339.43 0 0
4060000 -29619.7 -29178.9 0 -1562.35 0 0
4070000 -29556.4 -29282.9 0 -1654.69 0 0
4080000 -30002.5 -27620 0 -243.352 0 0
4090000 -30247.1 -29354.1 0 -2319.45 0 0
4100000 -30467.4 -29359.6 0 -2162.3 0 0
4110000 -30416.4 -30506.2 0 -4488.04 0 0
4120000 -30541.2 -30665.9 0 -5136.39 0 0
4130000 -32417.7 -27931.5 0 -4081.12 0 0
4140000 -31024.6 -29350.9 0 -2691.06 0 0
4150000 -31054 -30512.2 0 -4241.59 0 0
4160000 -31738.3 -30151.2 0 -2481.42 0 0
4170000 -28764.1 -31048.6 0 -2445.58 0 0
4180000 -30241.2 -30951.4 0 -5255.33 0 0
4190000 -29879.3 -31165.6 0 -4284.82 0 0
4200000 -28468.8 -30580.8 0 -3339.55 0 0
4210000 -30902.4 -29228.5 0 -4870.12 0 0
4220000 -28590.4 -30831.9 0 -4003.07 0 0
4230000 -29928.4 -31410.3 0 -2996.78 0 0
4240000 -28707.2 -31496.2 0 -2283.2 0 0
4250000 -28481 -30346.9 0 -3199.37 0 0
4260000 -27971 -33198.8 0 -3843.63 0 0
4270000 -29408 -31314.3 0 -1903.73 0 0
4280000 -30146.5 -31578.6 0 -2659.97 0 0
4290000 -30758 -30767.4 0 -1733.21 0 0
4300000 -27671.9 -33232 0 -2292.99 0 0
4310000 -28028.5 -33796.1 0 -2001.73 0 0
4320000 -29393.4 -31939.4 0 -988.233 0 0
4330000 -29853.2 -32432 0 -1655.76 0 0
4340000 -30490.8 -32905.6 0 -960.856 0 0
4350000 -29585.6 -32182.7 0 889.866 0 0
4360000 -31206.9 -30173.4 0 -888.456 0 0
4370000 -29743.6 -30410.9 0 241.148 0 0
4380000 -30149.1 -29791.6 0 -394.127 0 0
4390000 -28471.8 -31691.7 0 -488.383 0 0
4400000 -29156.6 -30823.7 0 -1419.41 0 0
4410000 -29117.6 -31853.8 0 644.222 0 0
4420000 -29626.3 -30640.8 0 -1361.25 0 0
4430000 -30170.6 -32207.4 0 -969.994 0 0
4440000 -28792.2 -32258.2 0 -67.6751 0 0
4450000 -30372.8 -31775.5 0 -742.121 0 0
4460000 -28904.8 -32681.5 0 -519.632 0 0
4470000 -30080.5 -31361.5 0 -91.4421 0 0
4480000 -31732 -29911 0 128.896 0 0
4490000 -30001.8 -30333.4 0 669.45 0 0
4500000 -30724.7 -30925.9 0 347 0 0
4510000 -29175.8 -31382.6 0 -164.241 0 0
4520000 -30162.2 -31028.3 0 -470.898 0 0
4530000 -29581.7 -32110.5 0 1104.96 0 0
4540000 -31421.9 -31992.4 0 1238.38 0 0
4550000 -30923.9 -31304 0 69.814 0 0
4560000 -32045.3 -30655.7 0 271.879 0 0
4570000 -30361.6 -31609.6 0 1498.85 0 0
4580000 -28252.5 -32822.7 0 1380.76 0 0
4590000 -30161.5 -32612.2 0 3642 0 0
4600000 -30151.9 -31722.5 0 1068.92 0 0
4610000 -31715.4 -30902.6 0 3479.35 0 0
4620000 -29027 -31132.5 0 2740.57 0 0
4630000 -30583.5 -30062.2 0 -1335.48 0 0
4640000 -29840.5 -30142.9 0 2874.63 0 0
4650000 -28987.9 -30134.5 0 1277.6 0 0
4660000 -28306.2 -31119.9 0 3084.73 0 0
4670000 -29550.5 -32114.6 0 3338.3 0 0
4680000 -29621.8 -31625 0 2616.05 0 0
4690000 -29939.4 -29889.9 0 3936.99 0 0
4700000 -28807.2 -29570.9 0 3210.58 0 0
4710000 -28711 -30958 0 1573.53 0 0
4720000 -28507.1 -29790.2 0 1213.45 0 0
4730000 -27650.2 -31018.1 0 540.067 0 0
4740000 -28765.7 -29265.9 0 -333.676 0 0
4750000 -29113.2 -27500.3 0 243.497 0 0
4760000 -29265.4 -28722.3 0 -540.839 0 0
4770000 -27595.6 -28846 0 -114.532 0 0
4780000 -26877.3 -30135.8 0 500.444 0 0
4790000 -28189.7 -29414.3 0 2317.1 0 0
4800000 -28481.3 -30807.8 0 602.035 0 0
4810000 -28252.2 -30990.3 0 2445.37 0 0
4820000 -26288.3 -30991.1 0 731.575 0 0
4830000 -27522 -30417 0 -465.69 0 0
4840000 -29276.5 -29025.1 0 -534.839 0 0
4850000 -28333.1 -29712.2 0 -1034.69 0 0
4860000 -29012.3 -30616.3 0 -1064.75 0 0
4870000 -27318.7 -31453.8 0 -595.037 0 0
4880000 -27358.2 -30943 0 -1263.43 0 0
4890000 -26591.7 -29914 0 -526.482 0 0
4900000 -28518.7 -31848.5 0 -567.251 0 0
4910000 -28625.2 -30524 0 -569.735 0 0
4920000 -29025.7 -31552.4 0 -1415.43 0 0
4930000 -27748.9 -29545.7 0 -2389.61 0 0
4940000 -27504.6 -29828.4 0 -523.233 0 0
4950000 -27152.7 -29579.9 0 -1868.46 0 0
4960000 -28800.7 -29116.9 0 -241.864 0 0
4970000 -28075.9 -27983.1 0 1051.2 0 0
4980000 -24298.9 -32100.1 0 -119.024 0 0
4990000 -25945.7 -30115 0 -227.699 0 0
5000000 -27347.3 -28001.2 0 -782.348 0 0
