# Time-averaged data for fix ps1
# TimeStep c_thermo_press[1] c_thermo_press[2] c_thermo_press[3] c_thermo_press[4] c_thermo_press[5] c_thermo_press[6]
10000 -46424.5 -45337.8 0 346.82 0 0
20000 -46559.1 -45892.2 0 -1609.65 0 0
30000 -46169.7 -45798.8 0 -532.397 0 0
40000 -45322.6 -46429.6 0 -975.827 0 0
50000 -46065.8 -45829.5 0 -1674.87 0 0
60000 -46144.5 -45645.7 0 -3006.2 0 0
70000 -45646.5 -46266.2 0 -1958.2 0 0
80000 -45993.9 -45987.8 0 -2680.25 0 0
90000 -45732.2 -46671.7 0 -3178.89 0 0
100000 -47014.7 -45228.3 0 -2540.03 0 0
110000 -45599.5 -44582.3 0 -3128.46 0 0
120000 -46232.5 -46403.4 0 -3420.04 0 0
130000 -46365 -44933.5 0 -5265.2 0 0
140000 -45615.7 -46409.9 0 -4205.94 0 0
150000 -46527.9 -46080.9 0 -5215.1 0 0
160000 -46156 -46089.8 0 -5090.85 0 0
170000 -45522.8 -46422.6 0 -4258.05 0 0
180000 -45675.8 -45578.4 0 -5628.81 0 0
190000 -46374.7 -45923.3 0 -5722.23 0 0
200000 -45086.6 -45761.6 0 -5540.88 0 0
210000 -45822.6 -46254.2 0 -3931.71 0 0
220000 -46649.9 -46843.8 0 -5608.11 0 0
230000 -46124.9 -46023.2 0 -4300.94 0 0
240000 -45404.5 -46326.3 0 -5012.56 0 0
250000 -46883.5 -45718.1 0 -4969.16 0 0
260000 -45942.9 -46974 0 -4195.39 0 0
270000 -44841.8 -46834.7 0 -4775.52 0 0
280000 -46823.3 -44994 0 -4245.39 0 0
290000 -45937.8 -46407.6 0 -3985.93 0 0
300000 -46816 -45577.5 0 -4397.7 0 0
310000 -46611.6 -46246.6 0 -3764.66 0 0
320000 -45704.2 -46472 0 -5412.14 0 0
330000 -46455.9 -45805.9 0 -5042.74 0 0
340000 -48231 -46539.6 0 -4361.17 0 0
350000 -46282.6 -46676.2 0 -3724.64 0 0
360000 -46185.3 -46860 0 -2944.24 0 0
370000 -47575 -45451.2 0 -3290.4 0 0
380000 -46226.6 -46894.7 0 -2803.72 0 0
390000 -46804.7 -46542.5 0 -2451.1 0 0
400000 -46584.1 -45361.3 0 -2129.38 0 0
410000 -46797.7 -46337.3 0 -2550.64 0 0
420000 -46764.5 -45873.1 0 -2133.11 0 0
430000 -46851.6 -46557.2 0 -980.168 0 0
440000 -46580.2 -46829.6 0 -750.602 0 0
450000 -45285.7 -46939.2 0 -1306.07 0 0
460000 -46733.7 -45905 0 -703.896 0 0
470000 -46909.1 -45799.5 0 -377.877 0 0
480000 -47288.5 -45413.7 0 -18.4258 0 0
490000 -46929.3 -45470.2 0 -13.6977 0 0
500000 -46713.9 -45954.1 0 392.238 0 0
510000 -47611.3 -45863.9 0 1381.7 0 0
520000 -46321.8 -46118.5 0 1841.19 0 0
530000 -47155 -46676.6 0 1580.86 0 0
540000 -47199.8 -45822.6 0 1364.82 0 0
550000 -47314.2 -44792.5 0 2619.65 0 0
560000 -47102.8 -45757.4 0 3736.76 0 0
570000 -46059.1 -46437 0 2569.48 0 0
580000 -46758.4 -46893.9 0 3297.2 0 0
590000 -47089 -45751.7 0 3807.01 0 0
600000 -46906.3 -45758.6 0 3503.15 0 0
610000 -47107.7 -45333.6 0 4579.88 0 0
620000 -47587.6 -44633.3 0 4022.87 0 0
630000 -46203.1 -46503.1 0 4675.83 0 0
640000 -47441.7 -45466.4 0 4437.15 0 0
650000 -45902.9 -46394.7 0 4672.26 0 0
660000 -47451.9 -45080.7 0 6136.39 0 0
670000 -46040.1 -46451.8 0 4830.15 0 0
680000 -46236 -46255.9 0 4409.38 0 0
690000 -46686.4 -46449.7 0 5291.55 0 0
700000 -47526.7 -46199.1 0 5704.1 0 0
710000 -47042.8 -46345.9 0 5578.53 0 0
720000 -46375.1 -46871.3 0 5672.8 0 0
730000 -46993.4 -46391.3 0 5346.96 0 0
740000 -46535.2 -46488.1 0 5690.53 0 0
750000 -47131.3 -46164.3 0 5532.88 0 0
760000 -46261.4 -46286.6 0 6370.97 0 0
770000 -47955.1 -45090 0 4852.14 0 0
780000 -48168.3 -45173.6 0 5666.9 0 0
790000 -47092.2 -45711.4 0 5286.53 0 0
800000 -47549.5 -45733 0 7048.36 0 0
810000 -47033.2 -47091.1 0 6746.76 0 0
820000 -46844.6 -45720.3 0 5508.49 0 0
830000 -46398.5 -45861.7 0 6083.11 0 0
840000 -47213.7 -46534.1 0 5618.94 0 0
850000 -46132.3 -46742.2 0 4442.88 0 0
860000 -46723 -44740.4 0 5298.54 0 0
870000 -46131.2 -46525.3 0 4234.77 0 0
880000 -45420.6 -46703.9 0 4437.15 0 0
890000 -47220.5 -45867.3 0 4066.6 0 0
900000 -47456.7 -46017.7 0 3091.03 0 0
910000 -46679 -46031.1 0 4855.53 0 0
920000 -46929.8 -46189.1 0 3738.55 0 0
930000 -47080.9 -45882.8 0 2499.32 0 0
940000 -46991.2 -46486 0 2873.91 0 0
950000 -47011.5 -46813.8 0 2387.6 0 0
960000 -46808.4 -45994.7 0 2414.5 0 0
970000 -46901.1 -45503 0 1940.19 0 0
980000 -47649.2 -46152.7 0 2430.44 0 0
990000 -46032.1 -47161.4 0 1140.73 0 0
1000000 -46726.5 -46994 0 1032.74 0 0
1010000 -47292.2 -46036.6 0 1035.36 0 0
1020000 -48355.3 -45292.3 0 247.049 0 0
1030000 -47210 -46168.2 0 291.087 0 0
1040000 -46579.3 -45507.8 0 -363.807 0 0
1050000 -46610.2 -46887.3 0 -692.183 0 0
1060000 -46753.1 -45944.2 0 -2046.13 0 0
1070000 -46833.3 -46185.4 0 -1652.16 0 0
1080000 -47041.4 -46057.7 0 -1449.38 0 0
1090000 -46708.7 -46140.3 0 -2318.37 0 0
1100000 -46366.5 -45940.7 0 -2694.71 0 0
1110000 -47328 -46496.6 0 -1888.33 0 0
1120000 -46548.8 -46649.7 0 -3387.19 0 0
1130000 -45785.7 -46415.6 0 -4745.82 0 0
1140000 -46932.2 -46603.4 0 -3185.15 0 0
1150000 -47131.2 -45004.7 0 -3779.29 0 0
1160000 -46488.1 -46619.2 0 -4009.83 0 0
1170000 -46467.4 -45466.9 0 -3904.08 0 0
1180000 -46832.7 -46411.5 0 -3248.05 0 0
1190000 -45886.4 -47168.5 0 -4286.94 0 0
1200000 -45988.1 -47327.7 0 -4513.74 0 0
1210000 -47079.8 -46324.4 0 -3059.51 0 0
1220000 -45877.4 -46854.4 0 -4640.21 0 0
1230000 -47091 -46395.9 0 -4532.9 0 0
1240000 -46691.5 -46516.9 0 -4921.45 0 0
1250000 -47400.7 -45928.3 0 -3836.27 0 0
1260000 -47115.4 -45855.1 0 -5010.87 0 0
1270000 -46392 -46184.5 0 -4393.38 0 0
1280000 -46302.2 -46424 0 -5128.83 0 0
1290000 -47181 -45868.8 0 -4275.08 0 0
1300000 -47013.2 -45768.3 0 -4713 0 0
1310000 -46867.8 -46281.6 0 -4268.5 0 0
1320000 -46873.5 -45671.1 0 -3834.49 0 0
1330000 -45849.4 -46824.1 0 -4093.03 0 0
1340000 -46155.3 -45895.1 0 -3506.76 0 0
1350000 -46144.3 -45775.6 0 -4336.77 0 0
1360000 -47082.9 -46341.1 0 -3030.11 0 0
1370000 -46341.7 -46507.7 0 -2412.98 0 0
1380000 -46289.7 -46761.9 0 -3702.89 0 0
1390000 -47238.4 -45645.1 0 -2285.32 0 0
1400000 -45891.6 -46198.7 0 -1813.98 0 0
1410000 -45234.6 -47134.4 0 -2782.14 0 0
1420000 -47110.8 -45941.5 0 -1362.29 0 0
1430000 -46769.7 -45993.7 0 -1123.8 0 0
1440000 -47211.1 -45708.4 0 -1140.02 0 0
1450000 -46727.9 -46635.4 0 -1561.69 0 0
1460000 -46836.3 -46423.8 0 -1520.87 0 0
1470000 -48261.9 -46634.8 0 -540.258 0 0
1480000 -47050.3 -45805.5 0 229.536 0 0
1490000 -46837.1 -45900.5 0 829.285 0 0
1500000 -46272.2 -46704.2 0 1376.61 0 0
1510000 -46565.2 -46046 0 934.83 0 0
1520000 -46951.1 -46096.7 0 880.754 0 0
1530000 -46489.3 -46185 0 1290.19 0 0
1540000 -47055.5 -47119.8 0 682.836 0 0
1550000 -46956.3 -46858.8 0 2099.97 0 0
1560000 -47527.1 -44651.1 0 2285.51 0 0
1570000 -47266.9 -45706 0 4334.33 0 0
1580000 -47509.7 -46053.2 0 4128.13 0 0
1590000 -46846.1 -46331.8 0 2472.8 0 0
1600000 -45593 -46800.6 0 3485.96 0 0
1610000 -46458.8 -46216.9 0 5202.44 0 0
1620000 -47329.1 -45373.2 0 3561.2 0 0
1630000 -48045.4 -45679.9 0 4590.65 0 0
1640000 -45987.7 -45979.6 0 4293.14 0 0
1650000 -46639.3 -46928 0 5148.38 0 0
1660000 -46869 -45245.9 0 5250.11 0 0
1670000 -46860.5 -46188.6 0 4724.35 0 0
1680000 -47491.7 -45691.6 0 5283.35 0 0
1690000 -48062.3 -45233.4 0 6474.62 0 0
1700000 -48097.7 -45904 0 5254.49 0 0
1710000 -48120.8 -44898 0 5751.16 0 0
1720000 -48621.3 -44853.5 0 6157.46 0 0
1730000 -48360.6 -44549.3 0 5329.67 0 0
1740000 -46451.6 -45422.2 0 5254.81 0 0
1750000 -47162.8 -45745.3 0 5230.54 0 0
1760000 -47669.2 -45483.8 0 5124.43 0 0
1770000 -46744.8 -45527.7 0 4804.21 0 0
1780000 -47584.4 -44670.8 0 4515.78 0 0
1790000 -47113 -45807 0 5586.67 0 0
1800000 -48779.1 -44040.6 0 4073.12 0 0
1810000 -47173.4 -45727.7 0 4739.31 0 0
1820000 -46481.9 -46221.4 0 5274.22 0 0
1830000 -46964.1 -45227 0 5151.59 0 0
1840000 -48040.5 -44701.7 0 5412.46 0 0
1850000 -47662.9 -44418.7 0 2739.93 0 0
1860000 -48590.2 -44095.1 0 3473.83 0 0
1870000 -47751.4 -45716.4 0 3372.43 0 0
1880000 -48752.2 -43498.4 0 4322.28 0 0
1890000 -47555.5 -44739.9 0 2598.49 0 0
1900000 -47030.7 -45227.1 0 3512.37 0 0
1910000 -47028.1 -45564.2 0 2152.38 0 0
1920000 -48091.9 -44821 0 3461.12 0 0
1930000 -47232.6 -45878.2 0 1715.41 0 0
1940000 -47055.9 -44598.3 0 1452.37 0 0
1950000 -47220.7 -44861.1 0 1113.4 0 0
1960000 -47301.8 -46044.7 0 1360.54 0 0
1970000 -47306.4 -44594.5 0 1159.93 0 0
1980000 -47143.4 -45150.6 0 69.0075 0 0
1990000 -46836.1 -45976 0 149.773 0 0
2000000 -47168.2 -45678.4 0 -1496.47 0 0
2010000 -48042.4 -46272 0 -132.373 0 0
2020000 -47741.6 -45324.4 0 -1247.92 0 0
2030000 -47758.4 -45925.1 0 -1519.11 0 0
2040000 -47021.6 -46326.5 0 -558.148 0 0
2050000 -46306.7 -45241.7 0 -1669.84 0 0
2060000 -46145.7 -45197.4 0 -1346.76 0 0
2070000 -46468.4 -44787.7 0 -69.8769 0 0
2080000 -47178.3 -45613.4 0 -2139.46 0 0
2090000 -46729.7 -45968 0 -1990.58 0 0
2100000 -45895.5 -45658.9 0 -3103.83 0 0
2110000 -46567.5 -45073.8 0 -4904.68 0 0
2120000 -46668.2 -45181.7 0 -3908.24 0 0
2130000 -46363.8 -45746.4 0 -4473.01 0 0
2140000 -47337.4 -45496.2 0 -4049.53 0 0
2150000 -46298.6 -44921.5 0 -4035.12 0 0
2160000 -46829.2 -45962.6 0 -2680.95 0 0
2170000 -47237 -44782.7 0 -3826.58 0 0
2180000 -47355 -44110.3 0 -4843.82 0 0
2190000 -46651.7 -45198.4 0 -3430.27 0 0
2200000 -46324 -45288.1 0 -3110.6 0 0
2210000 -45811.6 -46002.4 0 -3057.05 0 0
2220000 -45656.9 -45529.1 0 -3570.83 0 0
2230000 -46934.6 -44969.8 0 -4364.59 0 0
2240000 -46347.5 -45863.3 0 -4341.83 0 0
2250000 -46077.7 -45183.5 0 -4845.68 0 0
2260000 -46078.6 -45431.3 0 -5142.37 0 0
2270000 -46774.5 -45801.9 0 -4188.45 0 0
2280000 -47285.7 -45853.2 0 -3597.11 0 0
2290000 -45754.7 -46536.6 0 -4229.92 0 0
2300000 -45470.7 -45502.7 0 -3145.94 0 0
2310000 -46833 -45294.6 0 -3940.51 0 0
2320000 -46710 -44935.7 0 -3118.06 0 0
2330000 -47173.4 -44616.6 0 -4095 0 0
2340000 -46006.7 -45667.5 0 -2644.33 0 0
2350000 -46950.2 -45487.6 0 -2597.73 0 0
2360000 -47626.7 -45574.3 0 -2711.41 0 0
2370000 -46953.9 -45144.9 0 -3067.48 0 0
2380000 -45984.2 -45743.8 0 -1011.51 0 0
2390000 -46359.1 -45368.3 0 -2338.81 0 0
2400000 -45921 -45759.4 0 -2225.56 0 0
2410000 -47180.1 -44982.5 0 -1382.34 0 0
2420000 -46281.7 -44734.1 0 -2060.14 0 0
2430000 -46569.8 -45583.8 0 -511.513 0 0
2440000 -46634.2 -46192.6 0 -1335.27 0 0
2450000 -47786.4 -44525.4 0 -72.4978 0 0
2460000 -46121.2 -45630.7 0 -796.867 0 0
2470000 -47824 -44645.5 0 -343.502 0 0
2480000 -46982.5 -45008.7 0 -1093.35 0 0
2490000 -46203.8 -45608.6 0 392.149 0 0
2500000 -46559.5 -46325.3 0 217.097 0 0
2510000 -46693.8 -45761.2 0 316.464 0 0
2520000 -48099.7 -43982.3 0 1676.13 0 0
2530000 -48143.7 -44225.5 0 1436.93 0 0
2540000 -47167.8 -45226.3 0 1738.17 0 0
2550000 -46721.5 -45074.5 0 1879.36 0 0
2560000 -45817.6 -46332.5 0 3963.2 0 0
2570000 -47097.6 -45345 0 3593.46 0 0
2580000 -46621.5 -45547.6 0 3138.13 0 0
2590000 -46349.2 -45839 0 3156.6 0 0
2600000 -47266.1 -45922.4 0 3733.98 0 0
2610000 -46220 -45322.6 0 2968.02 0 0
2620000 -46791.2 -45126.5 0 4123.52 0 0
2630000 -47015.9 -45500.3 0 4276.54 0 0
2640000 -46274.3 -45849.7 0 5607.51 0 0
2650000 -47384.6 -45476 0 4967.71 0 0
2660000 -47145.9 -45198 0 4705.71 0 0
2670000 -46299.1 -44896.1 0 4562.49 0 0
2680000 -47784.7 -44286.5 0 4745.01 0 0
2690000 -47520.4 -44831.2 0 5079.45 0 0
2700000 -46153.2 -45814.6 0 6142.83 0 0
2710000 -46805.9 -45251.7 0 5308.89 0 0
2720000 -45678.3 -46544.4 0 5301.69 0 0
2730000 -46438 -45950.9 0 6446.72 0 0
2740000 -46414.6 -45369.6 0 6603.95 0 0
2750000 -47715.7 -45419.7 0 6129.41 0 0
2760000 -47411.8 -44344.9 0 6034.37 0 0
2770000 -45709.3 -45743.2 0 5975.08 0 0
2780000 -47323.1 -46452.4 0 5549.54 0 0
2790000 -46755.5 -45801.3 0 6054.05 0 0
2800000 -46442.4 -45806.9 0 4784.75 0 0
2810000 -47188.9 -45500.5 0 5838.37 0 0
2820000 -47337.9 -45495.5 0 5815.61 0 0
2830000 -47509.5 -44948.6 0 5281.25 0 0
2840000 -46794.9 -45503.2 0 4792.3 0 0
2850000 -47332.8 -45057.1 0 4147.19 0 0
2860000 -47462.9 -45353.6 0 4066.67 0 0
2870000 -47681.3 -44058.1 0 3116.6 0 0
2880000 -47838.8 -44015.4 0 3207.66 0 0
2890000 -47383.4 -45108.6 0 3848.98 0 0
2900000 -47071.4 -45251.5 0 3411.26 0 0
2910000 -46088.5 -45969.5 0 3677.16 0 0
2920000 -46531.1 -45088.4 0 3452.01 0 0
2930000 -47277.9 -44615 0 2651.26 0 0
2940000 -47571.2 -44415.8 0 2874.77 0 0
2950000 -45934.2 -45659.7 0 1928.83 0 0
2960000 -46614.6 -45219.9 0 1883.76 0 0
2970000 -48367.1 -45399.3 0 388.35 0 0
2980000 -46956 -44907.4 0 842.558 0 0
2990000 -46030.2 -46386.1 0 685.923 0 0
3000000 -46738.5 -44881.9 0 646.753 0 0
3010000 -47695.6 -45177.8 0 -31.1727 0 0
3020000 -46730.2 -43903.6 0 910.276 0 0
3030000 -47014.9 -45754.7 0 -169.532 0 0
3040000 -46789.8 -45411.1 0 -839.125 0 0
3050000 -46892.3 -45427.3 0 -1186.34 0 0
3060000 -47729.5 -45054.7 0 -1936.03 0 0
3070000 -46460.7 -45375.1 0 -1537.8 0 0
3080000 -46357.9 -46121 0 -1634.2 0 0
3090000 -46040.9 -46194.4 0 -1127.12 0 0
3100000 -46105.5 -44699.6 0 -3794.79 0 0
3110000 -46395.4 -45579.8 0 -2491.71 0 0
3120000 -46781.2 -44969.1 0 -3205.73 0 0
3130000 -45544.6 -45806.7 0 -3624.78 0 0
3140000 -47689.1 -44388.6 0 -3949.03 0 0
3150000 -46298 -44974.3 0 -3717.33 0 0
3160000 -46789.7 -45629.7 0 -3628.49 0 0
3170000 -45948.4 -45157.5 0 -4517.01 0 0
3180000 -46407 -46174 0 -4466.95 0 0
3190000 -46732 -45607.4 0 -4731.33 0 0
3200000 -47983.3 -45784 0 -4612.91 0 0
3210000 -46470.9 -46513 0 -4031.14 0 0
3220000 -46708.3 -45340.9 0 -5462.59 0 0
3230000 -45748.6 -45331 0 -4956.84 0 0
3240000 -46681.2 -44577.3 0 -5190.76 0 0
3250000 -47577.6 -44528.9 0 -4649.81 0 0
3260000 -46133.1 -45000.1 0 -4975.18 0 0
3270000 -47266.1 -45857.4 0 -5233.48 0 0
3280000 -47818.4 -45667 0 -5396.77 0 0
3290000 -47931.6 -43924.2 0 -4315.7 0 0
3300000 -46842.6 -44735.7 0 -4217.36 0 0
3310000 -47370.9 -44684.9 0 -4669.07 0 0
3320000 -46774.1 -44907.5 0 -3727.17 0 0
3330000 -46694.9 -46137.7 0 -4207.85 0 0
3340000 -46690.2 -44638 0 -3611.2 0 0
3350000 -47164.8 -45063.7 0 -3916.92 0 0
3360000 -47470 -45092.2 0 -3757.33 0 0
3370000 -47752.5 -44708 0 -3266.64 0 0
3380000 -47068.8 -45366.8 0 -2466.85 0 0
3390000 -47331.8 -44683.8 0 -1601.38 0 0
3400000 -46874.1 -45498.2 0 -2489.83 0 0
3410000 -46931.2 -45428.3 0 -2384.81 0 0
3420000 -46959.3 -45114.5 0 -1145.27 0 0
3430000 -47592.7 -44459.4 0 -1242.48 0 0
3440000 -47588 -44763.2 0 -1279.57 0 0
3450000 -46495.8 -45453.3 0 -1277.62 0 0
3460000 -46328.7 -45604.3 0 -894.883 0 0
3470000 -47246.2 -45302.1 0 -136.128 0 0
3480000 -47333.2 -45303.4 0 -1013.06 0 0
3490000 -47521.5 -44572.3 0 499.683 0 0
3500000 -48550.3 -44344.6 0 52.4611 0 0
3510000 -46666.7 -44571.2 0 1385.4 0 0
3520000 -46659.7 -45117.2 0 1980.47 0 0
3530000 -47415.2 -45020.8 0 1009.21 0 0
3540000 -47914 -44358.3 0 622.739 0 0
3550000 -46911 -45963.7 0 1944.76 0 0
3560000 -47251.6 -45641.9 0 2446.02 0 0
3570000 -47659.6 -45403.5 0 3088.15 0 0
3580000 -47195.5 -45184.6 0 2483.29 0 0
3590000 -47465.1 -44129.4 0 2531.79 0 0
3600000 -47206.6 -44475.6 0 2897.55 0 0
3610000 -47195.7 -44627.8 0 2890.98 0 0
3620000 -47728.1 -45101 0 4181.57 0 0
3630000 -47715.1 -44766.8 0 4528.49 0 0
3640000 -46433.5 -45912 0 4327.56 0 0
3650000 -46573.7 -44779.7 0 4958.92 0 0
3660000 -46782.6 -45859.5 0 4848.75 0 0
3670000 -46666.5 -44537.5 0 4594.16 0 0
3680000 -46792.9 -44309.7 0 5427.16 0 0
3690000 -47575.8 -44648.4 0 5647.17 0 0
3700000 -47460.5 -44239.1 0 4583 0 0
3710000 -46861.7 -44395.4 0 5863.61 0 0
3720000 -45984.2 -45317.4 0 4753.7 0 0
3730000 -47769.8 -44051.3 0 5492 0 0
3740000 -48120.5 -43537.9 0 5329.02 0 0
3750000 -47720.2 -43192.9 0 5230.28 0 0
3760000 -47456.1 -44579.6 0 5644.95 0 0
3770000 -47487.9 -44108.1 0 4602.69 0 0
3780000 -47406.7 -45174.5 0 5033.79 0 0
3790000 -47941.6 -44180.8 0 4658.13 0 0
3800000 -47326.1 -44844.7 0 5229.65 0 0
3810000 -46602.9 -45091.3 0 4828.67 0 0
3820000 -47445.1 -44536.3 0 3918.25 0 0
3830000 -46490.1 -45166.2 0 5154.81 0 0
3840000 -46547.3 -44904.5 0 4644.51 0 0
3850000 -47610.5 -44893.4 0 3308.41 0 0
3860000 -47199.9 -45526.9 0 4232.88 0 0
3870000 -46875.5 -44716.9 0 4765.41 0 0
3880000 -47935.6 -44419.7 0 3814.61 0 0
3890000 -46719.9 -44642.3 0 4005.8 0 0
3900000 -47922.9 -44899.6 0 3326.89 0 0
3910000 -47425.5 -43645.1 0 3432.79 0 0
3920000 -45472.2 -45615.9 0 3227.1 0 0
3930000 -47051.6 -46096.3 0 1611.55 0 0
3940000 -48094.9 -44368.9 0 1253.51 0 0
3950000 -47058.4 -45713.4 0 1302.16 0 0
3960000 -47067.7 -44324.9 0 1375.97 0 0
3970000 -47274.4 -44738.8 0 1290.36 0 0
3980000 -47590.5 -45168.6 0 272.519 0 0
3990000 -47183.5 -44381.6 0 611.777 0 0
4000000 -47683.5 -45119.2 0 85.972 0 0
4010000 -45741.5 -45094.7 0 -103.47 0 0
4020000 -46327.4 -45355.6 0 -671.753 0 0
4030000 -46745.7 -45473.6 0 249.139 0 0
4040000 -47302.7 -45423.2 0 -776.167 0 0
4050000 -46529.4 -44891.5 0 -1286.04 0 0
4060000 -47582.4 -45430.5 0 -1598.54 0 0
4070000 -46948.7 -44571.6 0 -1467.96 0 0
4080000 -46623.3 -44943 0 -2318.44 0 0
4090000 -47200 -44450.3 0 -2567.72 0 0
4100000 -45465.1 -45120.4 0 -3968.68 0 0
4110000 -45599.7 -46025.2 0 -3872.18 0 0
4120000 -46803.2 -44941 0 -3639.68 0 0
4130000 -47171.1 -45322.2 0 -4151.37 0 0
4140000 -46894.7 -45122.8 0 -4743.34 0 0
4150000 -46468.4 -45609.4 0 -4931.12 0 0
4160000 -46160.7 -45700.6 0 -4089.21 0 0
4170000 -46258.1 -44999 0 -4209.11 0 0
4180000 -46690.9 -45575.4 0 -5164.33 0 0
4190000 -48319.1 -44347.2 0 -4897.58 0 0
4200000 -45636.3 -45497 0 -4936.39 0 0
4210000 -46179.1 -45679.5 0 -3979.23 0 0
4220000 -46949.5 -44910.6 0 -4997.48 0 0
4230000 -46726.6 -45615.8 0 -5110.68 0 0
4240000 -46831.4 -44257.7 0 -5427.83 0 0
4250000 -46293.5 -44412 0 -4958.15 0 0
4260000 -46814.8 -44474.2 0 -6070.81 0 0
4270000 -48013.1 -45102.6 0 -6210.06 0 0
4280000 -45784.5 -45967.4 0 -5240.98 0 0
4290000 -47447.9 -44678.5 0 -5600.08 0 0
4300000 -46416.8 -45930.3 0 -5150.42 0 0
4310000 -46423.2 -45135.1 0 -4776.07 0 0
4320000 -46545.2 -45470.3 0 -5265.3 0 0
4330000 -48207.4 -44735.5 0 -3809.46 0 0
4340000 -46538.3 -45472.3 0 -4864.78 0 0
4350000 -46166.3 -45814.9 0 -4208.83 0 0
4360000 -47639.4 -45153.4 0 -3804.01 0 0
4370000 -47608.4 -44584.7 0 -4052.49 0 0
4380000 -46457.1 -45022.9 0 -4260.58 0 0
4390000 -47538.3 -45068.6 0 -3725.56 0 0
4400000 -47509.1 -44762.7 0 -4151.13 0 0
4410000 -45959.4 -45617.1 0 -2971.45 0 0
4420000 -47037.3 -44864.2 0 -3119.17 0 0
4430000 -46913.2 -44951 0 -2588.86 0 0
4440000 -47088.9 -44173.2 0 -2519.35 0 0
4450000 -47170.3 -44258.1 0 -2944.31 0 0
4460000 -46413.2 -45379.3 0 -1205.53 0 0
4470000 -47202.6 -44336.3 0 -1412.18 0 0
4480000 -47241.8 -45905.6 0 -631.883 0 0
4490000 -46397.5 -45952.3 0 -439.708 0 0
4500000 -47976.3 -44139.6 0 -643.965 0 0
4510000 -47545.4 -44452.5 0 -1015.56 0 0
4520000 -47874.6 -44114.3 0 218.363 0 0
4530000 -47379.2 -44126.7 0 810.767 0 0
4540000 -47460.2 -45332.8 0 1511.11 0 0
4550000 -47765.8 -44636.7 0 1730.24 0 0
4560000 -47802.6 -43522.5 0 1996.69 0 0
4570000 -46581.3 -45079 0 1495.64 0 0
4580000 -46835.8 -44904.2 0 2211.87 0 0
4590000 -46272.3 -45184.8 0 1866.15 0 0
4600000 -47442.2 -44824.7 0 3205.36 0 0
4610000 -48731.8 -43255 0 3591.91 0 0
4620000 -48684.1 -43724 0 4402.57 0 0
4630000 -47185.1 -45215.1 0 2727.36 0 0
4640000 -47501.5 -44293.3 0 3362.61 0 0
4650000 -48213 -43900.5 0 4118.07 0 0
4660000 -47517.8 -44469.8 0 5227.31 0 0
4670000 -48109.9 -44053 0 5120.45 0 0
4680000 -48267.6 -44332.8 0 4638.88 0 0
4690000 -47380 -44616.8 0 4134.73 0 0
4700000 -47956.8 -43157.5 0 4134.24 0 0
4710000 -47240.3 -43523.3 0 3906.36 0 0
4720000 -48166.3 -44123.7 0 4901.73 0 0
4730000 -48283 -43741.2 0 4143.87 0 0
4740000 -48632.3 -43771.8 0 4819.47 0 0
4750000 -47070.3 -45013.8 0 3443.77 0 0
4760000 -47448.2 -44748.5 0 3636.7 0 0
4770000 -48623.7 -44658.9 0 4567.97 0 0
4780000 -46621.2 -45608 0 4911.45 0 0
4790000 -48285.4 -43932.8 0 3166.44 0 0
4800000 -48126.3 -43590.3 0 3883.66 0 0
4810000 -47461.2 -45202.6 0 3568.04 0 0
4820000 -47835.6 -45008 0 3517.97 0 0
4830000 -47518.2 -44696 0 4509.76 0 0
4840000 -48035.3 -44882.7 0 3800.42 0 0
4850000 -47879.7 -44112.4 0 3505.8 0 0
4860000 -46444.3 -45234.2 0 3289.67 0 0
4870000 -47418.4 -44858.5 0 3217.39 0 0
4880000 -46995.8 -45244 0 3678.09 0 0
4890000 -47787 -44484.1 0 2752.39 0 0
4900000 -46852.1 -45178.2 0 3508.38 0 0
4910000 -47131.8 -45949.8 0 2115.79 0 0
4920000 -47342.4 -44972.3 0 2380.17 0 0
4930000 -46843 -45731.7 0 1563.23 0 0
4940000 -47892.8 -45159.3 0 1491.46 0 0
4950000 -45876.2 -45091.3 0 764.18 0 0
4960000 -47429.9 -44224.8 0 1125.06 0 0
4970000 -47155.5 -44643.5 0 466.208 0 0
4980000 -47464.2 -43964.4 0 346.163 0 0
4990000 -47420.5 -45182.3 0 -563.631 0 0
5000000 -47430.8 -44307.9 0 -949.965 0 0
