# Time-averaged data for fix ps1
# TimeStep c_thermo_press[1] c_thermo_press[2] c_thermo_press[3] c_thermo_press[4] c_thermo_press[5] c_thermo_press[6]
100000 -47121.9 -47305.8 0 -186.551 0 0
200000 -46887.5 -47610 0 -843.039 0 0
300000 -46526.3 -47900.9 0 -986.6 0 0
400000 -46584.7 -48035.7 0 -1149.32 0 0
500000 -46687.7 -47088.4 0 -890.754 0 0
600000 -46901.3 -47050.1 0 -1316.37 0 0
700000 -47053.2 -47120 0 -1851.33 0 0
800000 -46554.1 -47653.4 0 -1935.4 0 0
900000 -46684.6 -48015.5 0 -2570.3 0 0
1000000 -47121.1 -47639.9 0 -2591.46 0 0
1100000 -47166.9 -47302.1 0 -2793.08 0 0
1200000 -47305.5 -47538.9 0 -3509.32 0 0
1300000 -47301.9 -47243.1 0 -2944.64 0 0
1400000 -47644.1 -46711.1 0 -4434.23 0 0
1500000 -46511.3 -47854.9 0 -4052.21 0 0
1600000 -47307.9 -47212.6 0 -4393.42 0 0
1700000 -46695.4 -47268.5 0 -4087.48 0 0
1800000 -47283.6 -46979.9 0 -4482.42 0 0
1900000 -46639.4 -47066.4 0 -4397.07 0 0
2000000 -46679.1 -47045.4 0 -4507.82 0 0
2100000 -47275.2 -47277.7 0 -4834.14 0 0
2200000 -47123.7 -47037.8 0 -4485.28 0 0
2300000 -46682.9 -47581.8 0 -4404.33 0 0
2400000 -46658.5 -47422.1 0 -4662.11 0 0
2500000 -46631.2 -47537.5 0 -5291.83 0 0
2600000 -46866.2 -47408.6 0 -4906.42 0 0
2700000 -46704.3 -47655.1 0 -4006.86 0 0
2800000 -46955.4 -46990.2 0 -4861.25 0 0
2900000 -46670.2 -47519.8 0 -4795.37 0 0
3000000 -46422.3 -47502 0 -4414.97 0 0
3100000 -46955.4 -47075.7 0 -4322.07 0 0
3200000 -46936.2 -47356.5 0 -4028.94 0 0
3300000 -46474.4 -47957.2 0 -3605.8 0 0
3400000 -46282.4 -47959.6 0 -3387.63 0 0
3500000 -46597.5 -47596.6 0 -3679.83 0 0
3600000 -46696.6 -47312.9 0 -3331.97 0 0
3700000 -46283.7 -47656.3 0 -3314.96 0 0
3800000 -46110.7 -48032.5 0 -3055.47 0 0
3900000 -46873.3 -47536.9 0 -2915.95 0 0
4000000 -46723.5 -47651.8 0 -2648.67 0 0
4100000 -46924.2 -47125.1 0 -2212.57 0 0
4200000 -46679.2 -47200.9 0 -1547.74 0 0
4300000 -47022.6 -46821.2 0 -1288.03 0 0
4400000 -47058.6 -46869.2 0 -607.971 0 0
4500000 -47178.8 -46689.8 0 -217.39 0 0
4600000 -46479 -46779.7 0 -275.65 0 0
4700000 -46667.1 -47685.4 0 -100.387 0 0
4800000 -46926.4 -47306.9 0 543.406 0 0
4900000 -46789.2 -47336.9 0 846.387 0 0
5000000 -47159.1 -46982.4 0 816.051 0 0
5100000 -47372.7 -47153 0 1362.57 0 0
5200000 -46980 -46578.4 0 2161.1 0 0
5300000 -46673.7 -47535.8 0 2422.23 0 0
5400000 -46187.9 -47788 0 2447.38 0 0
5500000 -46294.9 -47635.4 0 2021.49 0 0
5600000 -46626.3 -47635.1 0 3201.78 0 0
5700000 -45932.9 -47735.3 0 3207.07 0 0
5800000 -46768 -47057.1 0 3727.48 0 0
5900000 -46072.6 -47054.5 0 3929.17 0 0
6000000 -47025.4 -46541 0 3921.16 0 0
6100000 -46364.9 -46931.5 0 4288.22 0 0
6200000 -46180.7 -46940.7 0 5958.9 0 0
6300000 -46733.4 -46785.6 0 5018.79 0 0
6400000 -45843.4 -47828.9 0 5358.16 0 0
6500000 -46488 -46909.9 0 4787.25 0 0
6600000 -46202.2 -47263.1 0 5205.69 0 0
6700000 -46138 -47599.3 0 5720.32 0 0
6800000 -46424.1 -47256.7 0 5856.01 0 0
6900000 -45831.1 -47440.5 0 5233.31 0 0
7000000 -46060.7 -47506.2 0 4864.22 0 0
7100000 -46242.2 -47024 0 5677.47 0 0
7200000 -46264 -46903.5 0 5958.09 0 0
7300000 -45880.5 -47657.3 0 5617.78 0 0
7400000 -46985.4 -46795 0 5955.29 0 0
7500000 -46608 -47075.5 0 5554.55 0 0
7600000 -46492.6 -46981.5 0 5583.09 0 0
7700000 -46423 -46865.2 0 5554.85 0 0
7800000 -46807 -46543.5 0 5416.62 0 0
7900000 -46292.8 -46664.5 0 5226.91 0 0
8000000 -46659.6 -46754.4 0 5394.94 0 0
8100000 -46947.3 -46622.1 0 5043.02 0 0
8200000 -46568.5 -46846.6 0 5051.31 0 0
8300000 -46332.4 -46781.5 0 4920.41 0 0
8400000 -46326 -47582.2 0 4853.39 0 0
8500000 -47041.1 -46837.8 0 4465.78 0 0
8600000 -46672 -47106.1 0 4227.95 0 0
8700000 -47128.1 -46865 0 4266.77 0 0
8800000 -47205.8 -46547.4 0 3515.66 0 0
8900000 -47251.2 -46773.8 0 3427.72 0 0
9000000 -47184 -46934.7 0 2900.33 0 0
9100000 -46647.9 -47503.8 0 2719.05 0 0
9200000 -45763.1 -47662.8 0 2002.84 0 0
9300000 -46111.2 -47861.4 0 1959.75 0 0
9400000 -46167.8 -47268.6 0 1488.81 0 0
9500000 -46670.4 -47847 0 1333.65 0 0
9600000 -46912.9 -47134.9 0 872.83 0 0
9700000 -46953.7 -47138.5 0 615.297 0 0
9800000 -46776.9 -47566.3 0 -176.525 0 0
9900000 -46758.3 -47473.4 0 49.471 0 0
10000000 -46925.4 -47953.4 0 -882.341 0 0
10100000 -46506.6 -47754.8 0 -1150.83 0 0
10200000 -47354.1 -46760.4 0 -1336.29 0 0
10300000 -46613.8 -47713.9 0 -1766.72 0 0
10400000 -46920.2 -46527.2 0 -1731.06 0 0
10500000 -46714.4 -47248.6 0 -2181.27 0 0
10600000 -46814.9 -47660.6 0 -2525.65 0 0
10700000 -45686.8 -48145.3 0 -2389.32 0 0
10800000 -46162.5 -47462.2 0 -1677.18 0 0
10900000 -45786 -48342.3 0 -2525.93 0 0
11000000 -46348.1 -47927.3 0 -3337.42 0 0
11100000 -45958.5 -48007 0 -3142.36 0 0
11200000 -45986.8 -48130 0 -3406.68 0 0
11300000 -45663.5 -48262.3 0 -3987.54 0 0
11400000 -46539 -47721.3 0 -4193.8 0 0
11500000 -46276.5 -47511.8 0 -4383.29 0 0
11600000 -46480.6 -47294 0 -4567.71 0 0
11700000 -46285.1 -47817.8 0 -4872.41 0 0
11800000 -45787.2 -48337.7 0 -4868.75 0 0
11900000 -45602 -47971.3 0 -4480.17 0 0
12000000 -46615.7 -47171.2 0 -4870.81 0 0
12100000 -45684.7 -48145.3 0 -4758.89 0 0
12200000 -45591.5 -47676.8 0 -4376.48 0 0
12300000 -46028.2 -47622.3 0 -4875.37 0 0
12400000 -46442.9 -46573.6 0 -3835.55 0 0
12500000 -46350.8 -47019.2 0 -3651.3 0 0
12600000 -46541.1 -46068.8 0 -3667.29 0 0
12700000 -46646 -46803.1 0 -3983.08 0 0
12800000 -47157.6 -46040.4 0 -3566.18 0 0
12900000 -46572.1 -47155.2 0 -3258.86 0 0
13000000 -47279 -46806.7 0 -3139.97 0 0
13100000 -46577.8 -47392.6 0 -3206.02 0 0
13200000 -46406 -47027.2 0 -3118.1 0 0
13300000 -46284.3 -47345.6 0 -2707.89 0 0
13400000 -46401.8 -46561.5 0 -2772.27 0 0
13500000 -46250.5 -47508.2 0 -2122.09 0 0
13600000 -46530.6 -47160.1 0 -2551.67 0 0
13700000 -46534.2 -47009.4 0 -1795.63 0 0
13800000 -46765.8 -46697.1 0 -2273.56 0 0
13900000 -46118 -47506.1 0 -1101.08 0 0
14000000 -46178.1 -47454.7 0 -408.381 0 0
14100000 -46604 -47054.8 0 -709.388 0 0
14200000 -46395.7 -47374.2 0 -927.835 0 0
14300000 -46177.7 -47687.2 0 -780.046 0 0
14400000 -46082.9 -47279.9 0 21.937 0 0
14500000 -46843.3 -46931 0 416.979 0 0
14600000 -46186.2 -47262.5 0 552.614 0 0
14700000 -46800.9 -46944.8 0 186.468 0 0
14800000 -46936.3 -46883.8 0 1014.11 0 0
14900000 -46414.2 -46801.8 0 1760.06 0 0
15000000 -45951.3 -47301.5 0 1900.87 0 0
15100000 -46383.6 -47588.4 0 2364.86 0 0
15200000 -46240.8 -47508.2 0 1702.17 0 0
15300000 -46552.7 -47279.5 0 2806.16 0 0
15400000 -46814.8 -46682.7 0 2930.07 0 0
15500000 -45973.9 -47394.4 0 3602.22 0 0
15600000 -46381.7 -47307.4 0 4036.11 0 0
15700000 -46414.1 -47218.4 0 4036.36 0 0
15800000 -46705.2 -46880.8 0 4135.63 0 0
15900000 -46509.6 -47178.7 0 4937.15 0 0
16000000 -46145.5 -46987.3 0 5094.52 0 0
16100000 -46133.9 -47308.7 0 5427.28 0 0
16200000 -46143.1 -47034.5 0 5665.69 0 0
16300000 -46370.2 -47076.6 0 6190.88 0 0
16400000 -46015.4 -47073.6 0 6023.2 0 0
16500000 -46723.7 -46665.7 0 5762.51 0 0
16600000 -46280 -47180.2 0 5953.07 0 0
16700000 -45496.9 -47656.4 0 6539.34 0 0
16800000 -45421.5 -48245.4 0 5793.46 0 0
16900000 -46070.6 -47305.7 0 6970.08 0 0
17000000 -46173 -47630 0 6812.02 0 0
17100000 -45645.7 -47732.6 0 6619.04 0 0
17200000 -45277.1 -48031.5 0 6365 0 0
17300000 -45855.5 -47808.8 0 7147.42 0 0
17400000 -45745.7 -47807.4 0 6636.48 0 0
17500000 -45966.8 -47938.8 0 6570.96 0 0
17600000 -46169.8 -47887.1 0 5696.15 0 0
17700000 -46060.2 -48147.9 0 6011.19 0 0
17800000 -45800.5 -48389.8 0 5522.83 0 0
17900000 -45946.6 -48190.9 0 5315.41 0 0
18000000 -45787.5 -48208.9 0 5643.01 0 0
18100000 -46656.6 -47563.8 0 5906.01 0 0
18200000 -46999.8 -47610.5 0 5543.17 0 0
18300000 -47058.8 -47692.6 0 4993.71 0 0
18400000 -46985.7 -47435.5 0 4811.8 0 0
18500000 -47016.4 -47822.7 0 5003.2 0 0
18600000 -47306.5 -47442.5 0 4340.07 0 0
18700000 -46970.3 -47494 0 4738.76 0 0
18800000 -46793.9 -47255.1 0 3915.51 0 0
18900000 -46237 -48017.3 0 3768.27 0 0
19000000 -45991 -47682.9 0 4098.19 0 0
19100000 -46683.5 -47302.5 0 3226.38 0 0
19200000 -45980.3 -48467.8 0 3376.98 0 0
19300000 -46817.5 -47960.3 0 3304.27 0 0
19400000 -46362.8 -48209.8 0 2990.25 0 0
19500000 -46270.2 -48078.9 0 2559.46 0 0
19600000 -45850.6 -48279.6 0 1900.28 0 0
19700000 -47154.3 -47627.5 0 1491.64 0 0
19800000 -46562.4 -47695 0 1335.91 0 0
19900000 -47474.7 -47202.3 0 1555.85 0 0
20000000 -46873.5 -47882.5 0 769.833 0 0
20100000 -47031.8 -47474 0 805.381 0 0
20200000 -46599.3 -47589.7 0 -73.0901 0 0
20300000 -46667.9 -48161.5 0 -393.426 0 0
20400000 -47533.6 -47343.6 0 -576.941 0 0
20500000 -47167.8 -47556.9 0 -538.613 0 0
20600000 -47185.3 -47353.9 0 -1262.56 0 0
20700000 -46644.2 -47745.3 0 -1248.85 0 0
20800000 -46735.9 -47963.6 0 -1826.86 0 0
20900000 -47194.8 -47341.2 0 -2081.85 0 0
21000000 -47161.5 -47411.7 0 -2166.6 0 0
21100000 -47655.8 -47058.7 0 -2186.13 0 0
21200000 -47325.2 -47009.7 0 -3119.51 0 0
21300000 -47314.1 -47039.3 0 -3017.05 0 0
21400000 -46976 -47063.2 0 -3009.78 0 0
21500000 -46994.4 -46828.2 0 -3318.97 0 0
21600000 -47040.7 -47654.4 0 -3827.75 0 0
21700000 -47125.9 -47589.6 0 -3625.12 0 0
21800000 -47271.8 -47138.5 0 -4024.99 0 0
21900000 -47353.6 -46743.4 0 -3779.49 0 0
22000000 -47402.7 -46812.3 0 -4551.84 0 0
22100000 -46959 -47294.5 0 -3977.14 0 0
22200000 -47567.8 -46963.1 0 -4255.33 0 0
22300000 -47815.9 -46374.4 0 -4552.65 0 0
22400000 -47098.2 -47376.8 0 -3961.74 0 0
22500000 -47777.3 -47040.5 0 -4193.63 0 0
22600000 -47883 -46718.4 0 -3975.22 0 0
22700000 -48203.3 -46307.9 0 -4237.67 0 0
22800000 -48500.9 -46161.4 0 -4270.41 0 0
22900000 -47449.9 -46685.8 0 -4254.41 0 0
23000000 -47606.9 -46681.6 0 -4578.07 0 0
23100000 -47938.7 -46150.4 0 -4394.7 0 0
23200000 -47981.4 -46257.1 0 -4582.82 0 0
23300000 -47777.1 -46606.3 0 -4500.45 0 0
23400000 -47432.8 -47012.3 0 -3544.49 0 0
23500000 -48235.3 -46147.8 0 -3995.02 0 0
23600000 -47557.8 -46531.5 0 -3768.01 0 0
23700000 -47900.8 -46264.9 0 -3601.4 0 0
23800000 -47654.1 -46296.7 0 -3069.36 0 0
23900000 -47928.2 -46795.1 0 -2968.97 0 0
24000000 -47976 -46471 0 -2715.55 0 0
24100000 -47955.8 -46336.6 0 -2354.25 0 0
24200000 -48623.5 -46092.6 0 -2449.56 0 0
24300000 -48653.7 -45923.8 0 -1767.03 0 0
24400000 -48783.6 -46076.4 0 -1075.19 0 0
24500000 -48778.8 -45872.9 0 -941.367 0 0
24600000 -48517.9 -46440.6 0 -782.112 0 0
24700000 -48745.3 -46033.7 0 -682.288 0 0
24800000 -48646.3 -46582.4 0 -92.8312 0 0
24900000 -48589 -46149.9 0 101.757 0 0
25000000 -48698.3 -46277.7 0 669.75 0 0
25100000 -48919.9 -46063.7 0 962.019 0 0
25200000 -49077.4 -45826.8 0 1225.01 0 0
25300000 -48704.2 -46559.1 0 1735.27 0 0
25400000 -49053.6 -46263.1 0 2116.9 0 0
25500000 -48552.1 -46203.8 0 2084.22 0 0
25600000 -49278.9 -45826.4 0 2286.87 0 0
25700000 -48436 -46090.4 0 3085.78 0 0
25800000 -48931.9 -46207.3 0 2971.45 0 0
25900000 -48239.3 -46733.6 0 3493.1 0 0
26000000 -49094.6 -45352.8 0 3817.33 0 0
26100000 -49388.4 -45980.6 0 4009.66 0 0
26200000 -50127.3 -44842 0 4346.2 0 0
26300000 -49883.1 -44954 0 4768.38 0 0
26400000 -49259.2 -45682.8 0 5184.26 0 0
26500000 -50191.8 -45554.8 0 4796.68 0 0
26600000 -49146.3 -45829.9 0 5178.97 0 0
26700000 -50099.3 -45045.9 0 5496.42 0 0
26800000 -49262.9 -45249.3 0 5646.83 0 0
26900000 -49516.3 -45009.7 0 5142.53 0 0
27000000 -49403.4 -45316.2 0 5437.13 0 0
27100000 -49066 -45625.7 0 6030.04 0 0
27200000 -49862.5 -45065.7 0 5875.41 0 0
27300000 -49793.8 -44998.8 0 5718.23 0 0
27400000 -49768.2 -45053.9 0 6421.26 0 0
27500000 -49689.4 -45466.8 0 5787.97 0 0
27600000 -49503.1 -45952 0 6905.18 0 0
27700000 -49773.2 -45526.1 0 6289.49 0 0
27800000 -48619.4 -46210.9 0 5925.35 0 0
27900000 -49279.9 -46108.9 0 6260.44 0 0
28000000 -49801.7 -45293.9 0 5574.39 0 0
28100000 -50144.6 -45143.5 0 5444.78 0 0
28200000 -49489.6 -45466.3 0 5887.9 0 0
28300000 -48976 -46098.5 0 5837.53 0 0
28400000 -48891.3 -45871.9 0 5473.97 0 0
28500000 -49353 -45888.5 0 5098.09 0 0
28600000 -49240.6 -45982.7 0 4996.63 0 0
28700000 -48632.3 -46303.6 0 5146.05 0 0
28800000 -49082.5 -46254.7 0 4497.3 0 0
28900000 -50189.6 -45482.2 0 4154.84 0 0
29000000 -49699.5 -45358 0 4391.43 0 0
29100000 -48870.8 -46466 0 4271.34 0 0
29200000 -49758.3 -45264.1 0 4183.98 0 0
29300000 -48891 -46567.8 0 3732.65 0 0
29400000 -48735.9 -46016.8 0 3343.08 0 0
29500000 -48995.3 -46094.8 0 3275.48 0 0
29600000 -48949.2 -46164.6 0 2287.94 0 0
29700000 -49268 -45966.4 0 2337.75 0 0
29800000 -48615.6 -46043.8 0 2209.29 0 0
29900000 -48914.8 -45778.4 0 1812.65 0 0
30000000 -49727.2 -45295.4 0 1533.57 0 0
30100000 -49846.5 -45177.7 0 1201.91 0 0
30200000 -49899.9 -45006.9 0 929.592 0 0
30300000 -49217.6 -45567.5 0 695.209 0 0
30400000 -48587 -46062.9 0 560.247 0 0
30500000 -49827.8 -45160.6 0 315.638 0 0
30600000 -49520.9 -45462.5 0 -495.027 0 0
30700000 -48946.9 -46216.4 0 -225.089 0 0
30800000 -48709.3 -46138.8 0 -626.87 0 0
30900000 -49442.4 -46061.1 0 -914.795 0 0
31000000 -49101.5 -45801.9 0 -1091.39 0 0
31100000 -49205.5 -45963.7 0 -1640.6 0 0
31200000 -49510.9 -46062.8 0 -1823.55 0 0
31300000 -49419.4 -45336.8 0 -1847.31 0 0
31400000 -48904 -45937.2 0 -1677.53 0 0
31500000 -49556.8 -45503.4 0 -2855.17 0 0
31600000 -49684.5 -45793 0 -2422.42 0 0
31700000 -49486.7 -46057.5 0 -2444.22 0 0
31800000 -48960.2 -46449.1 0 -3310.21 0 0
31900000 -49856.5 -45233.8 0 -2483.08 0 0
32000000 -49750.2 -45405 0 -2771.68 0 0
32100000 -49258.6 -45586.9 0 -2579.71 0 0
32200000 -49887.6 -45778.1 0 -2783.33 0 0
32300000 -49674 -45926.6 0 -2834.93 0 0
32400000 -50419.5 -45313.4 0 -2536.86 0 0
32500000 -50920.2 -44611.4 0 -2025.39 0 0
32600000 -49609.6 -45350.3 0 -2023.46 0 0
32700000 -50285.8 -45410.5 0 -2275.66 0 0
32800000 -49656.6 -45861.3 0 -2171.44 0 0
32900000 -50132.2 -45058.8 0 -2541.12 0 0
33000000 -50175.6 -44952.3 0 -2097.58 0 0
33100000 -50642.5 -44936.8 0 -1777.91 0 0
33200000 -50059.9 -45399.7 0 -1818.14 0 0
33300000 -50310.8 -45054.6 0 -898.643 0 0
33400000 -50878.1 -45363.5 0 -1131.56 0 0
33500000 -50579.9 -45050.8 0 -939.175 0 0
33600000 -50897 -45039.4 0 -835.119 0 0
33700000 -50548.6 -45450.3 0 -478.695 0 0
33800000 -50258.8 -45323.9 0 -362.305 0 0
33900000 -50628 -44898.9 0 -79.0654 0 0
34000000 -50325.1 -45585.7 0 -35.9949 0 0
34100000 -51168.8 -44736.5 0 248.195 0 0
34200000 -50785.6 -45323 0 937.793 0 0
34300000 -51117.9 -44896.5 0 841.749 0 0
34400000 -50810 -45109.7 0 1275.29 0 0
34500000 -50103.1 -45428.5 0 1261.1 0 0
34600000 -50064.7 -45815 0 1318.57 0 0
34700000 -50045 -45461.2 0 2115.44 0 0
34800000 -50083.6 -45350.7 0 2527.11 0 0
34900000 -50360.5 -45357.6 0 3186.81 0 0
35000000 -50608 -45174.7 0 3102.81 0 0
35100000 -49984.2 -45719.4 0 3553.38 0 0
35200000 -50450.2 -45358.3 0 3723.59 0 0
35300000 -50019.6 -45724.6 0 3761.62 0 0
35400000 -50469.8 -45559.2 0 4993.86 0 0
35500000 -50202.1 -45774.1 0 4568.87 0 0
35600000 -50224.3 -45938.2 0 4824.48 0 0
35700000 -50014.8 -45778.5 0 4784.89 0 0
35800000 -49535.9 -45763.4 0 4702.38 0 0
35900000 -49732.6 -45878.3 0 5034.32 0 0
36000000 -49068.9 -46097.9 0 5260.22 0 0
36100000 -48908.7 -46302.9 0 5406.31 0 0
36200000 -48750.7 -46321.5 0 5366.07 0 0
36300000 -49361.4 -45867.6 0 6156.78 0 0
36400000 -48503.7 -46540.7 0 5824.86 0 0
36500000 -49010 -46235 0 6107.36 0 0
36600000 -49090.3 -46027.7 0 6396.09 0 0
36700000 -49144.8 -46079.1 0 6549.8 0 0
36800000 -50059.1 -45926.1 0 6707.44 0 0
36900000 -49785.3 -45950.2 0 7299.52 0 0
37000000 -49590.1 -46428.5 0 7000.62 0 0
37100000 -49933.3 -45799.6 0 7391.53 0 0
37200000 -50270.4 -45981.2 0 6958.06 0 0
37300000 -49539.8 -46099.7 0 6233.77 0 0
37400000 -49447 -46821.4 0 6641.79 0 0
37500000 -49632.5 -46525.5 0 6590.97 0 0
37600000 -49265.9 -46295.5 0 6801.87 0 0
37700000 -49445.7 -46458.1 0 6844.17 0 0
37800000 -49040.9 -46613.4 0 6026.63 0 0
37900000 -48939.9 -47115.4 0 5957.99 0 0
38000000 -48756.8 -47156.1 0 6482.02 0 0
38100000 -49012.7 -46854.3 0 5897.65 0 0
38200000 -48732.6 -46774.3 0 5236.57 0 0
38300000 -48694.4 -46695.7 0 6067.3 0 0
38400000 -48627.4 -46794.2 0 5509.73 0 0
38500000 -49075.9 -46551.7 0 5449.27 0 0
38600000 -49160.5 -46406.6 0 4733.16 0 0
38700000 -49026.2 -45793.3 0 3716.85 0 0
38800000 -49214.1 -46313 0 4329.55 0 0
38900000 -48684.3 -46583.2 0 3981.85 0 0
39000000 -48626 -47119 0 3975.83 0 0
39100000 -48124.5 -46709.7 0 3445.41 0 0
39200000 -48940.3 -46742.6 0 3678.83 0 0
39300000 -49249.4 -46397.2 0 4036.5 0 0
39400000 -48910.3 -46346.8 0 3079.72 0 0
39500000 -48673.1 -46240.3 0 3018.17 0 0
39600000 -48025 -45937.5 0 2020.82 0 0
39700000 -48697.9 -46009.5 0 2361.3 0 0
39800000 -48540.3 -45978.8 0 1437.05 0 0
39900000 -48236 -46693 0 1076.03 0 0
40000000 -48435.1 -46480.3 0 1222.64 0 0
40100000 -46648.5 -47590.6 0 1109.79 0 0
40200000 -47271.5 -47635 0 589.135 0 0
40300000 -47763.4 -47110.6 0 235.075 0 0
40400000 -47309.8 -47572.4 0 -515.23 0 0
40500000 -47741.2 -47725.4 0 -156.542 0 0
40600000 -47478.3 -47643.1 0 -248.081 0 0
40700000 -47861.8 -47110.9 0 -1203.05 0 0
40800000 -47694.2 -47192.8 0 -1928.6 0 0
40900000 -47929.2 -47336.6 0 -2469.86 0 0
41000000 -47530.7 -47183.2 0 -2520 0 0
41100000 -48182.1 -47123.3 0 -2077.04 0 0
41200000 -47578.8 -47083.3 0 -2506.49 0 0
41300000 -48664.9 -46773 0 -2943.05 0 0
41400000 -47649.5 -46654 0 -2667.68 0 0
41500000 -47678.3 -46827.8 0 -2781.6 0 0
41600000 -47809.6 -46950.4 0 -2964.05 0 0
41700000 -47721 -47198.4 0 -3091.59 0 0
41800000 -47961.3 -46527.2 0 -3194.33 0 0
41900000 -47243.8 -47605.3 0 -3515.19 0 0
42000000 -48380.1 -46407.3 0 -3599.44 0 0
42100000 -47415.5 -46798.9 0 -3783.57 0 0
42200000 -47509.6 -47254.4 0 -3651.31 0 0
42300000 -47625.1 -47078 0 -3330.86 0 0
42400000 -47761.7 -46760.7 0 -3920 0 0
42500000 -47541.4 -47004.6 0 -3369.39 0 0
42600000 -48217.2 -47161.8 0 -2963.75 0 0
42700000 -48332.4 -46697.8 0 -2862.96 0 0
42800000 -48562.8 -46682.8 0 -3281.95 0 0
42900000 -47929.8 -46947.7 0 -2911.1 0 0
43000000 -48377.4 -46472 0 -3023.25 0 0
43100000 -48812.4 -46843.1 0 -2955.49 0 0
43200000 -48751.9 -46889.7 0 -2628.15 0 0
43300000 -48663.3 -46539.7 0 -2568.05 0 0
43400000 -48387.1 -47236.9 0 -1433.59 0 0
43500000 -48254.8 -47174.4 0 -1804.59 0 0
43600000 -48327.8 -47301.5 0 -1277.83 0 0
43700000 -48431 -47087.4 0 -1407.37 0 0
43800000 -49032.7 -45590.2 0 -1859.99 0 0
43900000 -48748.5 -46062.4 0 -1728.62 0 0
44000000 -48236 -46663.6 0 -988.933 0 0
44100000 -48410.2 -45993 0 -896.934 0 0
44200000 -48623.7 -46171.3 0 -308.89 0 0
44300000 -48495.8 -46387.3 0 -183.571 0 0
44400000 -48646.2 -46684 0 555.241 0 0
44500000 -48658.2 -46751.6 0 1142.27 0 0
44600000 -49255.2 -46100.7 0 1831.66 0 0
44700000 -49175.3 -46264.2 0 1182.68 0 0
44800000 -49189.7 -46142.6 0 1471.13 0 0
44900000 -49268.4 -46205.1 0 2050.7 0 0
45000000 -48920.5 -46524.8 0 1844.1 0 0
45100000 -49653.4 -45753.4 0 2467.98 0 0
45200000 -49494.3 -46336.8 0 2693.47 0 0
45300000 -49676.3 -45855.3 0 2904.29 0 0
45400000 -49134.5 -46295.8 0 3470.54 0 0
45500000 -49332.5 -46287.9 0 3860.41 0 0
45600000 -48733 -46542.6 0 3756.19 0 0
45700000 -48695.1 -46191.8 0 4044.93 0 0
45800000 -48997.3 -46111.4 0 3829.48 0 0
45900000 -49018.4 -46399.6 0 3833.51 0 0
46000000 -48756.1 -46819.4 0 4463.72 0 0
46100000 -48536.7 -46816.6 0 4179.11 0 0
46200000 -48673.3 -47160.1 0 5543.16 0 0
46300000 -49158.6 -46713.3 0 5757.93 0 0
46400000 -48907.9 -46971.3 0 6437.74 0 0
46500000 -48284.6 -47321.9 0 5768.82 0 0
46600000 -48694.9 -47335.8 0 6915.38 0 0
46700000 -48638.9 -46583.4 0 6959.69 0 0
46800000 -48636.8 -46821.4 0 6750.35 0 0
46900000 -48892.5 -46497.3 0 7232.94 0 0
47000000 -48824.5 -47352.5 0 6474.59 0 0
47100000 -48997.8 -46330.7 0 6578.74 0 0
47200000 -48490 -46919 0 6522.02 0 0
47300000 -48911.4 -46777.3 0 6701.35 0 0
47400000 -48387.7 -46710.4 0 6816.21 0 0
47500000 -47959.1 -46456.6 0 6177.79 0 0
47600000 -48090.3 -47242.3 0 6311.73 0 0
47700000 -47965.3 -46756.5 0 6040.56 0 0
47800000 -47965.6 -47108.7 0 6522.61 0 0
47900000 -48084.1 -47330.4 0 6904.39 0 0
48000000 -47974.6 -47291.1 0 5994.77 0 0
48100000 -47837.1 -46958.9 0 5594.07 0 0
48200000 -48567.3 -46946.8 0 6248 0 0
48300000 -48109.7 -47251.4 0 5609.36 0 0
48400000 -47348.8 -47515.1 0 4861.12 0 0
48500000 -47719.6 -47444.7 0 5270.69 0 0
48600000 -47399.8 -47378.5 0 4213.53 0 0
48700000 -46952.9 -47576.6 0 4622.37 0 0
48800000 -47981.5 -47665.9 0 4829.14 0 0
48900000 -46604.9 -48388.9 0 3941.33 0 0
49000000 -47461.7 -47653.7 0 4123.43 0 0
49100000 -47207.6 -48436.1 0 4591.32 0 0
49200000 -47065.4 -47411.7 0 3956.67 0 0
49300000 -46973.8 -48340.3 0 3631.97 0 0
49400000 -47035.7 -47866.7 0 3225.48 0 0
49500000 -46904.6 -47984.3 0 3028.87 0 0
49600000 -47554.8 -47743 0 2516.03 0 0
49700000 -47175.1 -47538.3 0 2432.09 0 0
49800000 -46960.6 -47963.6 0 1942.72 0 0
49900000 -47642.6 -47865.8 0 1376.14 0 0
50000000 -47152.4 -47436.4 0 953.166 0 0
