# Time-averaged data for fix ps1
# TimeStep c_thermo_press[1] c_thermo_press[2] c_thermo_press[3] c_thermo_press[4] c_thermo_press[5] c_thermo_press[6]
100000 -30927.9 -31546 0 470.13 0 0
200000 -30111.4 -32922.1 0 1277.22 0 0
300000 -30355.4 -32249.2 0 -361.26 0 0
400000 -29705.9 -33941.2 0 231.423 0 0
500000 -31422.4 -31980.2 0 -217.102 0 0
600000 -30752.6 -30690.2 0 750.179 0 0
700000 -31260.6 -30704.4 0 173.278 0 0
800000 -31267.9 -31064.9 0 92.1499 0 0
900000 -30346.5 -31723.3 0 -1006.26 0 0
1000000 -29530.9 -30752.8 0 619.412 0 0
1100000 -29254.9 -31193.7 0 1037.47 0 0
1200000 -30825.3 -31005.4 0 272.493 0 0
1300000 -28832.5 -32893.8 0 -319.806 0 0
1400000 -30202.8 -31611.1 0 -1101.72 0 0
1500000 -32449.7 -31241.4 0 -162.06 0 0
1600000 -29213.9 -32267.9 0 182.871 0 0
1700000 -29798.1 -30830 0 797.564 0 0
1800000 -28270.9 -30043.5 0 -1004.86 0 0
1900000 -28856.3 -28417.4 0 944.41 0 0
2000000 -28352.3 -30475.6 0 543.52 0 0
2100000 -29422.4 -28821.1 0 445.641 0 0
2200000 -27269.8 -31643.9 0 194.629 0 0
2300000 -28300.9 -29918.1 0 -601.006 0 0
2400000 -28755.3 -29011.1 0 540.634 0 0
2500000 -30297 -28096.9 0 -629.694 0 0
2600000 -29625.9 -30180.2 0 -778.053 0 0
2700000 -28095.4 -31503.7 0 -593.277 0 0
2800000 -28194.2 -31586.4 0 1295.39 0 0
2900000 -29173.1 -28608.6 0 -833.466 0 0
3000000 -30265.4 -28504.4 0 938.601 0 0
3100000 -29898.2 -29402.1 0 817.513 0 0
3200000 -30097.6 -30640.7 0 -14.8553 0 0
3300000 -31005 -30317.9 0 -708.071 0 0
3400000 -30620.9 -29531.2 0 -489.68 0 0
3500000 -30172.8 -29983.3 0 1293.9 0 0
3600000 -29026.8 -30320.8 0 274.585 0 0
3700000 -29532.3 -31318.4 0 243.873 0 0
3800000 -28490.6 -30931.9 0 -397.198 0 0
3900000 -29259.8 -30977.6 0 1657.01 0 0
4000000 -31966.8 -30154.1 0 1188.53 0 0
4100000 -31094.6 -29805.9 0 353.433 0 0
4200000 -30939.6 -30027.9 0 906.457 0 0
4300000 -29476.7 -31458.1 0 201.967 0 0
4400000 -29778.5 -29132.5 0 -746.246 0 0
4500000 -30999.7 -28633.5 0 -483.104 0 0
4600000 -30742.8 -29852.2 0 -586.768 0 0
4700000 -30117.3 -29679.6 0 -1111.21 0 0
4800000 -30731 -29938 0 -443.32 0 0
4900000 -29842.6 -30873.9 0 330.476 0 0
5000000 -29797.1 -31034.1 0 393.31 0 0
5100000 -30002.4 -30725.2 0 101.787 0 0
5200000 -31055.6 -30875.1 0 1091.05 0 0
5300000 -32145.9 -29466.8 0 186.518 0 0
5400000 -28077.2 -32604.8 0 435.789 0 0
5500000 -27857.2 -32220.3 0 274.539 0 0
5600000 -28250.4 -32343.2 0 455.19 0 0
5700000 -29771.5 -31647.8 0 106.553 0 0
5800000 -29220.6 -32876.8 0 1625.31 0 0
5900000 -29936.1 -33247.3 0 1857.24 0 0
6000000 -31052.7 -30935.3 0 2031.64 0 0
6100000 -30892.5 -32846.5 0 1103.13 0 0
6200000 -30957.5 -32612.8 0 1605.83 0 0
6300000 -31057.4 -33007 0 1685.22 0 0
6400000 -29906.8 -32157.9 0 306.72 0 0
6500000 -29612.3 -32449.9 0 913.113 0 0
6600000 -30235.2 -31624 0 890.711 0 0
6700000 -30786.2 -30700.9 0 1302.61 0 0
6800000 -29658.5 -31681.1 0 2252.61 0 0
6900000 -31367.6 -31802.9 0 2109.51 0 0
7000000 -31529.3 -30851 0 -445.886 0 0
7100000 -32441.5 -29680.8 0 2183.3 0 0
7200000 -31750.7 -30736.8 0 1008.68 0 0
7300000 -31826.2 -30129.6 0 -193.874 0 0
7400000 -32060.3 -30886.7 0 -132.195 0 0
7500000 -30890.7 -31740.3 0 -34.0991 0 0
7600000 -34328.9 -29556.6 0 -42.4207 0 0
7700000 -33899.4 -30795.7 0 -180.287 0 0
7800000 -34550.8 -31131 0 -1075.47 0 0
7900000 -32766.7 -30041.1 0 174.981 0 0
8000000 -32445 -30568.5 0 -721.927 0 0
8100000 -31776.1 -30111.1 0 832.905 0 0
8200000 -31401 -31165.9 0 138.528 0 0
8300000 -31032.2 -32786.4 0 -672.078 0 0
8400000 -31561.3 -31800.1 0 332.03 0 0
8500000 -31846.3 -31672.2 0 -701.895 0 0
8600000 -31947.3 -31944.8 0 126.834 0 0
8700000 -32350.2 -32608.6 0 43.9253 0 0
8800000 -31611.1 -32639.1 0 -144.504 0 0
8900000 -32601.7 -31161.9 0 -1923.85 0 0
9000000 -32725.3 -31776.6 0 -302.879 0 0
9100000 -32771.9 -30752.1 0 -968.619 0 0
9200000 -33110.4 -31378.4 0 -552.786 0 0
9300000 -32281.9 -31277 0 -874.379 0 0
9400000 -33998.1 -30210 0 -1249.44 0 0
9500000 -32672.5 -31309.3 0 -1013.34 0 0
9600000 -32355 -31086.8 0 -2020.49 0 0
9700000 -34362.1 -29392.5 0 -2267.89 0 0
9800000 -34115 -29922 0 -2092.42 0 0
9900000 -33535.4 -29864.2 0 -1164.32 0 0
10000000 -31960.2 -30998.8 0 -939.228 0 0
10100000 -33254 -31147.6 0 -1022.55 0 0
10200000 -33827.5 -29458.4 0 -1155.07 0 0
10300000 -33078.5 -30788.6 0 -393.032 0 0
10400000 -32325.9 -30772.1 0 -1063.74 0 0
10500000 -32242.2 -31305.5 0 -524.983 0 0
10600000 -31912.7 -29707.7 0 -1727.36 0 0
10700000 -31012.5 -31641.8 0 -1220.62 0 0
10800000 -31664.2 -30851.1 0 -1188.36 0 0
10900000 -32085 -31638.6 0 -854.656 0 0
11000000 -30431.7 -32808.8 0 -1457.61 0 0
11100000 -29034.6 -33953.3 0 -1855.39 0 0
11200000 -31899.1 -31912.1 0 -1687.38 0 0
11300000 -31836.2 -31327.6 0 -741.881 0 0
11400000 -31161.2 -32237.6 0 -457.89 0 0
11500000 -31666.4 -32134.8 0 -831.937 0 0
11600000 -32567.2 -29945.9 0 -1576.02 0 0
11700000 -31962.9 -29210.2 0 -2198.95 0 0
11800000 -32677.3 -29764.1 0 -2870.92 0 0
11900000 -31240.4 -30547.6 0 -2433 0 0
12000000 -28916.7 -32042.4 0 -2053.75 0 0
12100000 -30934.9 -30811.2 0 -1615.56 0 0
12200000 -31591.2 -30239.5 0 -1641.04 0 0
12300000 -32877.4 -30192.8 0 -1291.94 0 0
12400000 -32032.7 -31382 0 -696.499 0 0
12500000 -31778.3 -30962.8 0 -1076.06 0 0
12600000 -31301.1 -28801.1 0 114.249 0 0
12700000 -31871 -31045 0 -1575.19 0 0
12800000 -31230.4 -30466.8 0 -124.149 0 0
12900000 -30942.1 -31312.3 0 -1487.18 0 0
13000000 -31854.1 -30088.2 0 -1708.13 0 0
13100000 -32182.3 -30909.8 0 -123.779 0 0
13200000 -32277.1 -30140.5 0 -1577.48 0 0
13300000 -29795.9 -31978.1 0 696.127 0 0
13400000 -30861.6 -30863.6 0 -177.273 0 0
13500000 -32266.3 -30663.8 0 1391.54 0 0
13600000 -30647.6 -32102.2 0 1234.31 0 0
13700000 -31414.1 -31624.6 0 238.219 0 0
13800000 -31571.7 -31726.4 0 2009.29 0 0
13900000 -31465.1 -31151.3 0 1925.05 0 0
14000000 -31496.7 -31123.6 0 544.104 0 0
14100000 -33053.3 -29958 0 1010.32 0 0
14200000 -30978.6 -31888.8 0 1758.45 0 0
14300000 -31268.2 -31171.4 0 734.393 0 0
14400000 -30872.9 -30459.4 0 1239.18 0 0
14500000 -30976.1 -29857.4 0 483.141 0 0
14600000 -31580.4 -29847.1 0 2193.53 0 0
14700000 -29905.2 -30554.2 0 2055.4 0 0
14800000 -31085.1 -30514.1 0 2154.99 0 0
14900000 -29435.1 -30440.6 0 1304.12 0 0
15000000 -30115 -30582.2 0 1701.11 0 0
15100000 -29931.8 -30536.1 0 2176.39 0 0
15200000 -31766.7 -28972.8 0 691.056 0 0
15300000 -30396.3 -28942.7 0 235.677 0 0
15400000 -31983.5 -30014.2 0 868.743 0 0
15500000 -32304.8 -29386.1 0 -122.979 0 0
15600000 -29827.7 -30733.7 0 739.157 0 0
15700000 -31716.6 -30509.9 0 -1306.74 0 0
15800000 -30870 -31471 0 -2137.78 0 0
15900000 -31811.4 -31164.6 0 -138.406 0 0
16000000 -31006 -32902.1 0 -37.9552 0 0
16100000 -30466.3 -31934.9 0 1043.62 0 0
16200000 -30871.5 -31094.2 0 596.418 0 0
16300000 -32403.8 -30787.2 0 25.1889 0 0
16400000 -32070.1 -29830.7 0 163.198 0 0
16500000 -31637.3 -30973.3 0 -621.488 0 0
16600000 -31674.9 -30650.8 0 565.897 0 0
16700000 -32536.8 -30263.4 0 1903.75 0 0
16800000 -33561.6 -30316.4 0 587.87 0 0
16900000 -33732.5 -28298.7 0 823.329 0 0
17000000 -33440.5 -28279.2 0 -152.603 0 0
17100000 -31521.3 -29993.8 0 525.063 0 0
17200000 -30583.4 -30923.7 0 1367.53 0 0
17300000 -31990.8 -30221.5 0 1922.25 0 0
17400000 -32128.6 -30865.3 0 1569.66 0 0
17500000 -32597 -31215.3 0 -20.3387 0 0
17600000 -31511.8 -30405.8 0 2484.4 0 0
17700000 -31493.1 -30839.9 0 1978.29 0 0
17800000 -30802.1 -29620.4 0 401.058 0 0
17900000 -30343.8 -31386.6 0 1431.23 0 0
18000000 -29881.8 -31818.3 0 1479.88 0 0
18100000 -30940.6 -31193.8 0 246.421 0 0
18200000 -30137.1 -31407.5 0 2427.32 0 0
18300000 -28916.3 -32632.5 0 2869.96 0 0
18400000 -28567.9 -31695.6 0 392.037 0 0
18500000 -29200.3 -31386.9 0 1737.17 0 0
18600000 -29010.9 -31197.2 0 1298.74 0 0
18700000 -30499.4 -31508.9 0 746.499 0 0
18800000 -31230.4 -30531.8 0 1904.08 0 0
18900000 -30792 -32045 0 1488.59 0 0
19000000 -31390.2 -31835.5 0 974.709 0 0
19100000 -30068.8 -31717.9 0 -579.203 0 0
19200000 -31355.7 -30445.9 0 -1328.4 0 0
19300000 -30092.1 -32802.3 0 -1862.78 0 0
19400000 -29494.3 -32771.8 0 -2347.27 0 0
19500000 -31488 -30469 0 -1376.82 0 0
19600000 -30997.2 -30814.8 0 -2206.43 0 0
19700000 -30689.4 -31346.2 0 -1486.03 0 0
19800000 -31270.3 -31760.5 0 -887.581 0 0
19900000 -31948.7 -32780.8 0 -3094.11 0 0
20000000 -31552.6 -32788.2 0 -1105.1 0 0
20100000 -29771.7 -33856.7 0 -1585.43 0 0
20200000 -32276.7 -31836.4 0 -2108.04 0 0
20300000 -34080.6 -31294.9 0 -1170.1 0 0
20400000 -33950.1 -30065.5 0 -498.711 0 0
20500000 -31361.2 -32688 0 -875.164 0 0
20600000 -32200.6 -31106.4 0 -831.615 0 0
20700000 -34543.4 -30363.7 0 -1510.4 0 0
20800000 -32591.3 -32965.7 0 -1267.5 0 0
20900000 -32237.3 -33811.3 0 -251.996 0 0
21000000 -32847.3 -32610.5 0 -2087.09 0 0
21100000 -32873.3 -32853.7 0 -1644.47 0 0
21200000 -33202.8 -33294 0 -2028.65 0 0
21300000 -33276.1 -32083.4 0 -873.718 0 0
21400000 -32971.2 -32304.2 0 -2013.35 0 0
21500000 -31925.4 -32406.9 0 -1792.59 0 0
21600000 -32757.7 -32096.7 0 -2357.38 0 0
21700000 -31959.5 -30257.4 0 -1385.87 0 0
21800000 -34504.4 -28833 0 -1068.19 0 0
21900000 -34189.3 -31163 0 156.977 0 0
22000000 -34268.2 -31401.6 0 -458.852 0 0
22100000 -33567.2 -32627.4 0 -512.743 0 0
22200000 -32473.9 -31502.7 0 -1738.51 0 0
22300000 -31767.4 -30631.1 0 -1971.99 0 0
22400000 -33436.9 -31504.2 0 -2528.81 0 0
22500000 -32828.9 -32876.5 0 -2744.89 0 0
22600000 -34082.9 -31430.1 0 -3028.41 0 0
22700000 -32094.8 -32489.7 0 -4050.53 0 0
22800000 -33570.3 -31635.5 0 -2379.98 0 0
22900000 -32968.6 -31877.7 0 -1173.49 0 0
23000000 -31800.9 -32840.9 0 -743.632 0 0
23100000 -31227.8 -33219.7 0 10.6557 0 0
23200000 -32644.4 -31898.8 0 -1006.57 0 0
23300000 -32104.6 -32716 0 627.522 0 0
23400000 -31111.2 -32316.5 0 -1535.6 0 0
23500000 -32686.9 -32115.8 0 -660.79 0 0
23600000 -34892.1 -31284.3 0 143.052 0 0
23700000 -34362.3 -32552.1 0 540.227 0 0
23800000 -35030.2 -32088.2 0 208.588 0 0
23900000 -34146.1 -32714.6 0 332.444 0 0
24000000 -33539.3 -32404.9 0 708.592 0 0
24100000 -32434.1 -33403.6 0 707.927 0 0
24200000 -31727.9 -32845.5 0 334.48 0 0
24300000 -33365.2 -33326.2 0 1088.91 0 0
24400000 -32914.2 -33350.2 0 1276.89 0 0
24500000 -34270.8 -31021.2 0 877.82 0 0
24600000 -34187.4 -30466.8 0 2138.54 0 0
24700000 -33178.4 -30853.3 0 2481.94 0 0
24800000 -32341.6 -32718.8 0 909.117 0 0
24900000 -33106.7 -32660.6 0 2054.14 0 0
25000000 -32250.3 -32474.3 0 1890.31 0 0
25100000 -31371.6 -33927.2 0 2858.6 0 0
25200000 -32366.1 -32186.2 0 2442.58 0 0
25300000 -31903.5 -33192.4 0 2395.84 0 0
25400000 -32765.5 -32160.1 0 327.275 0 0
25500000 -31721.5 -32861.3 0 1426.11 0 0
25600000 -31005.8 -33135.9 0 1254.31 0 0
25700000 -33699.2 -31956.2 0 15.5042 0 0
25800000 -33643.4 -30499.7 0 2508.04 0 0
25900000 -31172.8 -34360.3 0 1159.75 0 0
26000000 -31698.5 -33558.4 0 1347.13 0 0
26100000 -32153.6 -32360.7 0 516.625 0 0
26200000 -32228.1 -31964.3 0 1496.64 0 0
26300000 -31133.2 -32940.6 0 1721.09 0 0
26400000 -32375.2 -31734.5 0 1281.73 0 0
26500000 -33074.4 -31709.4 0 2097.74 0 0
26600000 -32138.8 -32543.1 0 2113.55 0 0
26700000 -31919.9 -32244.6 0 699.169 0 0
26800000 -31123.4 -32720.4 0 702.433 0 0
26900000 -32876.6 -31075.9 0 120.177 0 0
27000000 -33210.9 -30897.1 0 353.485 0 0
27100000 -32828.8 -31558.9 0 397.813 0 0
27200000 -32966.9 -30920.3 0 985.287 0 0
27300000 -31424.3 -31207.2 0 220.968 0 0
27400000 -32169 -30748.4 0 1542.4 0 0
27500000 -32229 -30063.2 0 362.768 0 0
27600000 -32309 -30426.4 0 -1875.53 0 0
27700000 -31768.8 -31208.3 0 -165.632 0 0
27800000 -31511.9 -31670.8 0 1155.96 0 0
27900000 -29918.6 -33994.9 0 346.387 0 0
28000000 -30902.8 -31887.8 0 1039.41 0 0
28100000 -29895.4 -33104.8 0 1548.33 0 0
28200000 -30525.6 -32458.9 0 -525.672 0 0
28300000 -30122.5 -34025 0 -327.523 0 0
28400000 -30154.8 -34178.5 0 76.8503 0 0
28500000 -31985.5 -32273.6 0 413.375 0 0
28600000 -32405.3 -32313.2 0 -20.1689 0 0
28700000 -33353.3 -30829.2 0 -437.962 0 0
28800000 -30609.8 -32859.4 0 -1451 0 0
28900000 -31413.7 -30925.2 0 -872.926 0 0
29000000 -31402.7 -30082.2 0 -2834.16 0 0
29100000 -30736.8 -32061 0 -1385.04 0 0
29200000 -29627.4 -31763.5 0 -1192.12 0 0
29300000 -30323.7 -30503.9 0 -1066.25 0 0
29400000 -30059 -31102.6 0 -1615.08 0 0
29500000 -30507.7 -32720.9 0 -1092.41 0 0
29600000 -29707.9 -33500 0 103.541 0 0
29700000 -30187.4 -32374.8 0 -1182.9 0 0
29800000 -31074.1 -32284.7 0 -2358.61 0 0
29900000 -28985.4 -32430.5 0 -2410.34 0 0
30000000 -30658.7 -31816.3 0 -970.316 0 0
30100000 -30587.6 -32170.3 0 -1252.72 0 0
30200000 -30632.9 -30095.4 0 -634.684 0 0
30300000 -31064.6 -30194.4 0 -883.375 0 0
30400000 -29693.3 -31351.8 0 -1544.36 0 0
30500000 -29002.4 -31206.1 0 -2061.65 0 0
30600000 -30367.5 -31366.2 0 124.069 0 0
30700000 -30616.1 -30606.5 0 203.888 0 0
30800000 -30346.2 -31150.3 0 -736.581 0 0
30900000 -31530.7 -31220.9 0 -239.344 0 0
31000000 -32325.1 -30888.9 0 -690.984 0 0
31100000 -32683.8 -31257.2 0 510.394 0 0
31200000 -30117.5 -33197.7 0 -778.771 0 0
31300000 -30633.5 -32255.4 0 -911.669 0 0
31400000 -31519.2 -30703.6 0 -1097.06 0 0
31500000 -31010.8 -32645.2 0 -86.6042 0 0
31600000 -33220.8 -30182.1 0 407.268 0 0
31700000 -31485.5 -32627.7 0 -895.578 0 0
31800000 -31738 -32293.3 0 -1577.75 0 0
31900000 -31018.3 -33411.1 0 -1579.61 0 0
32000000 -32032.9 -33233 0 -3349.43 0 0
32100000 -32176.8 -33140.7 0 -2633.01 0 0
32200000 -31182 -34968.2 0 -2185.45 0 0
32300000 -33087 -33107.1 0 -929.592 0 0
32400000 -32909.3 -32971.4 0 -1677.74 0 0
32500000 -31208.4 -32680 0 -224.179 0 0
32600000 -31487.7 -32632.8 0 -3752.69 0 0
32700000 -33113.2 -32509.8 0 302.123 0 0
32800000 -32150.3 -33123.6 0 -410.651 0 0
32900000 -33432.9 -32984.4 0 -1270.84 0 0
33000000 -33453.8 -33172.1 0 171.443 0 0
33100000 -34438.3 -33134 0 -279.983 0 0
33200000 -35114.6 -32614.4 0 -989.93 0 0
33300000 -32680.3 -35363.2 0 -770.954 0 0
33400000 -33547.6 -33518.9 0 -325.154 0 0
33500000 -32749.2 -34089.2 0 562.638 0 0
33600000 -32901.3 -32654.5 0 2311.49 0 0
33700000 -32241.7 -33967.4 0 -72.7804 0 0
33800000 -30236.7 -35983.2 0 785.027 0 0
33900000 -29580.8 -35183.7 0 2575.34 0 0
34000000 -32407.1 -33071 0 2119.79 0 0
34100000 -32260.7 -33027.6 0 871.677 0 0
34200000 -31649.7 -33592.9 0 567.148 0 0
34300000 -31448.9 -33564.9 0 1184.33 0 0
34400000 -34855 -31584.5 0 1317.62 0 0
34500000 -32806.9 -32351.1 0 409.368 0 0
34600000 -33791.3 -31142.6 0 -242.144 0 0
34700000 -32790.3 -31379.2 0 1405.15 0 0
34800000 -32409.8 -32234.9 0 -163.283 0 0
34900000 -31050.3 -33742.3 0 -289.489 0 0
35000000 -31221.8 -33715.4 0 -250.789 0 0
35100000 -32689.3 -31654.8 0 -826.052 0 0
35200000 -31678.9 -31236.4 0 541.956 0 0
35300000 -30033.3 -33195.9 0 -4.44224 0 0
35400000 -30675.7 -32009.6 0 -162.96 0 0
35500000 -32198.2 -32180.8 0 726.607 0 0
35600000 -32983.4 -31225.6 0 1367.4 0 0
35700000 -31177.8 -32608.6 0 93.6917 0 0
35800000 -33428.8 -30093.6 0 -415.671 0 0
35900000 -32174.4 -30826.9 0 1041.43 0 0
36000000 -32486.1 -31647.9 0 1120.15 0 0
36100000 -32501.9 -31070.1 0 1467.54 0 0
36200000 -32120.3 -31612 0 1586.51 0 0
36300000 -32188.4 -33761.9 0 -488.998 0 0
36400000 -32387.9 -34274.1 0 861.464 0 0
36500000 -33314.3 -33454.4 0 36.9085 0 0
36600000 -34087.1 -33946.1 0 980.348 0 0
36700000 -33110.3 -35745.6 0 -686.748 0 0
36800000 -34443.8 -34439.3 0 -1570.78 0 0
36900000 -33009.3 -35556.7 0 22.8066 0 0
37000000 -34121.5 -34439.5 0 -226.342 0 0
37100000 -34197.2 -34772.4 0 -193.665 0 0
37200000 -34566.3 -35168.2 0 21.6041 0 0
37300000 -34777.3 -34326.3 0 1122.49 0 0
37400000 -34366.6 -33919.7 0 483.039 0 0
37500000 -36058.1 -32813.9 0 -1707.29 0 0
37600000 -35109.9 -35122.7 0 -660.085 0 0
37700000 -35760.8 -35447 0 1956.48 0 0
37800000 -34562.8 -33526.2 0 724.865 0 0
37900000 -32347.1 -35159.4 0 374.267 0 0
38000000 -32297.5 -34801.4 0 609.001 0 0
38100000 -32311.2 -36295.4 0 -1533.71 0 0
38200000 -32715.7 -35810.7 0 364.978 0 0
38300000 -33418.6 -35756.9 0 -673.671 0 0
38400000 -32058.4 -36479.6 0 353.175 0 0
38500000 -33544.1 -34689.5 0 511.219 0 0
38600000 -32036.2 -35071.3 0 -1458.48 0 0
38700000 -31025.4 -35052.7 0 123.961 0 0
38800000 -33794.2 -34810.8 0 -255.251 0 0
38900000 -33203.8 -34605.5 0 -1496.41 0 0
39000000 -32442.3 -35529.4 0 -1488.35 0 0
39100000 -34778.3 -32405.6 0 -736.499 0 0
39200000 -32338.5 -34205.8 0 -1728.07 0 0
39300000 -34419.8 -33298.9 0 -1921.46 0 0
39400000 -33154.3 -33567.3 0 -955.878 0 0
39500000 -34678.3 -33962.5 0 -171.668 0 0
39600000 -34250 -33358.2 0 -616.464 0 0
39700000 -34145 -34416.4 0 -1656.21 0 0
39800000 -33488.8 -35049.9 0 -916.016 0 0
39900000 -37209.6 -31999.5 0 -1857.52 0 0
40000000 -35181.9 -32781.8 0 728.559 0 0
40100000 -34811.3 -34028.6 0 178.173 0 0
40200000 -35743.6 -33763 0 -1331.46 0 0
40300000 -33599.6 -35420.7 0 -3458.4 0 0
40400000 -33873.1 -34083.3 0 -1933.9 0 0
40500000 -33610.6 -34661.5 0 -2777 0 0
40600000 -34829.7 -32367.8 0 -719.66 0 0
40700000 -35534.1 -32453.2 0 -3264.63 0 0
40800000 -33694.7 -34127 0 -825.698 0 0
40900000 -34936.5 -32812.9 0 -1442.8 0 0
41000000 -34454.1 -32994.7 0 -697.548 0 0
41100000 -34019.2 -34555.6 0 -667.443 0 0
41200000 -34849 -33788.1 0 -589.13 0 0
41300000 -33607.7 -34169 0 -109.712 0 0
41400000 -33170.4 -34697.9 0 -1879.89 0 0
41500000 -32929.1 -34796.4 0 -1570.41 0 0
41600000 -34390.7 -32741 0 -941.646 0 0
41700000 -32968.9 -35291 0 -3056.26 0 0
41800000 -31462.8 -36278.5 0 -1329.55 0 0
41900000 -32045.3 -35308.6 0 -1539.56 0 0
42000000 -32060.3 -34394.2 0 -1164.1 0 0
42100000 -31437 -34301.9 0 -629.13 0 0
42200000 -33223.9 -34223.9 0 -1405.67 0 0
42300000 -34596.1 -32707.4 0 -1051.26 0 0
42400000 -30976.2 -35937.5 0 -1887.07 0 0
42500000 -31652.5 -35221.8 0 -1092.31 0 0
42600000 -31832.2 -34838.4 0 -1456.82 0 0
42700000 -31404.4 -35182.8 0 -784.852 0 0
42800000 -33444.2 -32692.4 0 -765.276 0 0
42900000 -32291.2 -34726.8 0 -367.076 0 0
43000000 -33752.8 -33991.6 0 -860.403 0 0
43100000 -34455.7 -34330.3 0 -186.94 0 0
43200000 -33715.2 -33101 0 -2267.8 0 0
43300000 -32696.5 -34647.5 0 -939.06 0 0
43400000 -33879 -33769.3 0 -819.882 0 0
43500000 -35258.9 -32142.2 0 -879.361 0 0
43600000 -33918.8 -32958.2 0 -1884.15 0 0
43700000 -32278.8 -34368.4 0 -722.725 0 0
43800000 -32599 -33858.1 0 -861.229 0 0
43900000 -32279.4 -35140.2 0 -15.4859 0 0
44000000 -33252.1 -33775.5 0 138.317 0 0
44100000 -30660.1 -34078.8 0 -1325.21 0 0
44200000 -30523.7 -35211.9 0 -229.327 0 0
44300000 -31589 -33639 0 -1744.22 0 0
44400000 -30532 -34167.5 0 -1036.62 0 0
44500000 -30741.7 -33874.2 0 -732.802 0 0
44600000 -30372.9 -32965 0 -1863.87 0 0
44700000 -31327.3 -32571.1 0 -486.952 0 0
44800000 -30798.7 -32887.2 0 1160.56 0 0
44900000 -31298.1 -33674.8 0 353.123 0 0
45000000 -33896.8 -32489.7 0 1064.91 0 0
45100000 -34575.2 -32210.1 0 2802.47 0 0
45200000 -34475.5 -30791.7 0 2784.91 0 0
45300000 -34124.1 -31759.4 0 1689.28 0 0
45400000 -34334 -32989.8 0 -365.319 0 0
45500000 -33911.5 -32577.1 0 -504.388 0 0
45600000 -32582.7 -33610.3 0 -1395.76 0 0
45700000 -33530.6 -33292 0 1070.34 0 0
45800000 -32963.1 -35163.2 0 1169.47 0 0
45900000 -32643.8 -35500.2 0 -67.6256 0 0
46000000 -34823.7 -34974.2 0 -1090.84 0 0
46100000 -33179.2 -36021 0 -385.969 0 0
46200000 -34596.4 -34685.6 0 762.656 0 0
46300000 -32997.8 -34883.5 0 196.525 0 0
46400000 -34560.4 -34311.5 0 -189.959 0 0
46500000 -34996.7 -33214.2 0 -636.965 0 0
46600000 -32568.5 -34955.8 0 60.5873 0 0
46700000 -33350.3 -33811.1 0 -68.3367 0 0
46800000 -32406.5 -34898.8 0 1238.84 0 0
46900000 -34082.5 -34527.5 0 -192.485 0 0
47000000 -32885.7 -35290.5 0 310.564 0 0
47100000 -33460.7 -35359.9 0 757.518 0 0
47200000 -33270 -34676.8 0 -874.895 0 0
47300000 -34011.4 -34516.8 0 -445.701 0 0
47400000 -34341.1 -34037 0 -573.834 0 0
47500000 -33251.6 -34629.9 0 311.777 0 0
47600000 -32455.4 -34785.2 0 579.512 0 0
47700000 -33644.7 -34036.2 0 -1141.87 0 0
47800000 -33381.5 -33863.2 0 -1120.32 0 0
47900000 -32128.7 -34644.1 0 -735.521 0 0
48000000 -33944.5 -33281 0 17.2635 0 0
48100000 -35477.4 -32888.5 0 -642.108 0 0
48200000 -33035.4 -35010.1 0 -676.927 0 0
48300000 -34587.3 -33801.2 0 -529.768 0 0
48400000 -32810.9 -35099.8 0 -1559.84 0 0
48500000 -32671.4 -34726.4 0 -1337.14 0 0
48600000 -32050.7 -35120.6 0 -1353.17 0 0
48700000 -34724.9 -32848.4 0 -829.512 0 0
48800000 -32548.9 -36424.7 0 -1723.35 0 0
48900000 -32700.9 -35393.1 0 -124.383 0 0
49000000 -31964.4 -34477.5 0 -354.105 0 0
49100000 -31823.2 -36083.1 0 -2133.43 0 0
49200000 -32430.6 -34354.1 0 -616.088 0 0
49300000 -32288.4 -33981.3 0 748.931 0 0
49400000 -33254.2 -34447.8 0 949.018 0 0
49500000 -34075.3 -34121 0 480.106 0 0
49600000 -33222.7 -33665.8 0 181.427 0 0
49700000 -33567.5 -34867 0 369.071 0 0
49800000 -33416.2 -34942.5 0 -511.37 0 0
49900000 -35400.5 -31879.6 0 -417.387 0 0
50000000 -34485.4 -33089.8 0 -601.988 0 0
