# Time-averaged data for fix ps1
# TimeStep c_thermo_press[1] c_thermo_press[2] c_thermo_press[3] c_thermo_press[4] c_thermo_press[5] c_thermo_press[6]
100000 -54524.3 -55385 0 239.491 0 0
200000 -54929 -55473.1 0 -317.395 0 0
300000 -54892.4 -55482.9 0 -824.479 0 0
400000 -54770.8 -55269.2 0 -1041.19 0 0
500000 -55095.1 -55259.9 0 -1648.31 0 0
600000 -55174.6 -55312.3 0 -2161.49 0 0
700000 -54853.9 -55569 0 -2153.39 0 0
800000 -55125.5 -55121.3 0 -2711.03 0 0
900000 -54844.7 -55265.3 0 -2831.48 0 0
1000000 -55015.2 -55104.8 0 -3456.33 0 0
1100000 -54554.9 -55434.5 0 -3819.09 0 0
1200000 -54631.4 -55419.4 0 -3778.31 0 0
1300000 -55012 -55094.3 0 -3546.39 0 0
1400000 -54924.7 -54893.5 0 -4921.31 0 0
1500000 -54493.7 -55862.1 0 -4075.13 0 0
1600000 -54732.2 -55605 0 -4911.99 0 0
1700000 -54926.6 -55544.4 0 -4946.75 0 0
1800000 -54637.5 -55229.2 0 -5143.83 0 0
1900000 -55393.1 -54950.8 0 -5633.01 0 0
2000000 -54682 -55551.1 0 -5034 0 0
2100000 -54949.1 -55316.5 0 -5348.76 0 0
2200000 -55032.4 -55122.1 0 -5870.84 0 0
2300000 -55221.7 -55321.5 0 -5693.26 0 0
2400000 -54894.6 -55223.6 0 -5783.26 0 0
2500000 -54979.4 -55491.2 0 -5677.97 0 0
2600000 -54854.7 -55468.9 0 -5555.61 0 0
2700000 -54937.2 -55498.6 0 -5596.41 0 0
2800000 -54670.7 -55330.2 0 -6148.68 0 0
2900000 -54601.9 -55804.3 0 -5613.92 0 0
3000000 -54752.2 -55202.3 0 -5700.03 0 0
3100000 -54899.6 -55280.5 0 -5923.19 0 0
3200000 -54400 -55329.9 0 -5483.65 0 0
3300000 -54721.2 -55602.2 0 -5592.85 0 0
3400000 -54804.4 -55375.5 0 -5416.24 0 0
3500000 -54641.8 -55692.7 0 -4611.15 0 0
3600000 -55003.3 -55457.5 0 -3629.49 0 0
3700000 -54893 -55298.3 0 -4514.09 0 0
3800000 -55100.1 -55357.6 0 -4433.78 0 0
3900000 -55145 -55429.2 0 -3957.16 0 0
4000000 -55038.8 -55635.6 0 -3477.13 0 0
4100000 -54544.2 -56049.6 0 -3239.91 0 0
4200000 -55125.4 -55379.9 0 -3203.39 0 0
4300000 -54928.8 -55489.7 0 -2542.51 0 0
4400000 -54471.9 -55519.4 0 -1978.72 0 0
4500000 -55031.8 -55645.3 0 -1913.59 0 0
4600000 -55056.8 -55204.6 0 -1675.14 0 0
4700000 -55028.9 -55638.7 0 -1389.62 0 0
4800000 -55269.2 -55518.9 0 -663.63 0 0
4900000 -55232.1 -55285.5 0 -461.048 0 0
5000000 -54975.2 -55642.8 0 -6.15609 0 0
5100000 -55015.3 -55603.6 0 577.565 0 0
5200000 -55060.1 -55684 0 1049.74 0 0
5300000 -55125.3 -55201.9 0 1001.33 0 0
5400000 -55150.6 -55439 0 1604.13 0 0
5500000 -55202.5 -55888.4 0 1938.24 0 0
5600000 -55163.7 -55325.8 0 2582.54 0 0
5700000 -55035.1 -55714.5 0 2764.93 0 0
5800000 -55276.4 -55450.9 0 1802.95 0 0
5900000 -54970 -55632.2 0 2651.78 0 0
6000000 -55044.9 -55583.9 0 3100.78 0 0
6100000 -55025.8 -55624 0 3534.01 0 0
6200000 -55177 -55595.4 0 3854.67 0 0
6300000 -55430.2 -55262.9 0 3606.01 0 0
6400000 -54964.2 -55579.4 0 3912.02 0 0
6500000 -55332.6 -55510.9 0 4405.42 0 0
6600000 -55137.4 -55364.8 0 4049.26 0 0
6700000 -55710.5 -55310.7 0 5370.03 0 0
6800000 -55480 -55104.8 0 4530.65 0 0
6900000 -55452.2 -55365.4 0 5294.06 0 0
7000000 -55012.9 -55569.4 0 5172.62 0 0
7100000 -55352.6 -55157.5 0 5232.3 0 0
7200000 -55302.1 -55398.7 0 4940.24 0 0
7300000 -55412.1 -55444.1 0 5349.45 0 0
7400000 -55561.8 -55275.1 0 4832.84 0 0
7500000 -55349.1 -55174 0 5633.73 0 0
7600000 -55469 -54878.7 0 5167.58 0 0
7700000 -55479 -54922.4 0 5091.65 0 0
7800000 -55491.4 -55112.8 0 5093.79 0 0
7900000 -55354.9 -55271.2 0 5456.81 0 0
8000000 -55493.9 -55507.7 0 5016.67 0 0
8100000 -55465 -55205.4 0 5273.91 0 0
8200000 -55481 -55308.2 0 5183.44 0 0
8300000 -55548.2 -55265.5 0 4448.09 0 0
8400000 -55679.1 -54933.5 0 4393.72 0 0
8500000 -55679.4 -55309.5 0 4445.27 0 0
8600000 -55264.4 -55572.5 0 3985.14 0 0
8700000 -55586.7 -55233.9 0 3739.54 0 0
8800000 -55230.8 -55338.3 0 3470.91 0 0
8900000 -55303.6 -55381.7 0 3225.5 0 0
9000000 -55639.9 -55051.7 0 2688.24 0 0
9100000 -55563.9 -55210.6 0 2932.37 0 0
9200000 -55369.5 -55572.2 0 2233.54 0 0
9300000 -55158 -55441.9 0 1982.26 0 0
9400000 -55064.3 -55822.8 0 1696.08 0 0
9500000 -55344 -55612.7 0 1063.33 0 0
9600000 -55360 -55466 0 1116.33 0 0
9700000 -55585.9 -55097.3 0 457.271 0 0
9800000 -55063 -55479 0 946.936 0 0
9900000 -55125.3 -55645.7 0 561.101 0 0
10000000 -55177 -55323.1 0 -38.3517 0 0
10100000 -55331.1 -55517.4 0 -345.345 0 0
10200000 -55249.7 -55370.7 0 -772.712 0 0
10300000 -55330.3 -55333.3 0 -885.072 0 0
10400000 -54935.4 -55392.7 0 -1436.89 0 0
10500000 -54725.3 -55986.3 0 -1761.44 0 0
10600000 -54581.1 -55999.9 0 -1692.34 0 0
10700000 -54731.8 -55389.4 0 -2585.81 0 0
10800000 -54387.7 -56147.6 0 -2756.57 0 0
10900000 -54975.6 -55121 0 -3236.31 0 0
11000000 -55067.2 -55203.4 0 -4190.29 0 0
11100000 -54259 -55604.8 0 -4038.16 0 0
11200000 -54356.3 -55853.7 0 -4516.99 0 0
11300000 -53638.9 -55966.4 0 -4639.51 0 0
11400000 -54382.5 -55684.7 0 -5098.74 0 0
11500000 -54146.4 -55811.7 0 -5096.6 0 0
11600000 -54355.6 -55977 0 -5176.26 0 0
11700000 -54269.2 -56255.8 0 -4936.44 0 0
11800000 -54411.5 -55887.8 0 -5015.26 0 0
11900000 -54748.8 -55713.5 0 -5714.89 0 0
12000000 -54145 -56004.5 0 -5502.67 0 0
12100000 -54610.9 -55464.6 0 -4910.64 0 0
12200000 -54851.4 -55610.4 0 -6128.82 0 0
12300000 -54743.4 -55415.7 0 -5691.41 0 0
12400000 -54320.5 -56090.4 0 -5686.23 0 0
12500000 -54851.7 -55519.2 0 -5848.71 0 0
12600000 -54674.4 -55973.3 0 -5906 0 0
12700000 -54817.7 -55776.4 0 -6035.85 0 0
12800000 -54438.2 -55694.9 0 -5179.77 0 0
12900000 -55242.5 -55278.5 0 -5796.11 0 0
13000000 -54539.7 -55802.2 0 -5604.99 0 0
13100000 -55262.4 -55367.2 0 -6190.53 0 0
13200000 -55342.1 -54849.6 0 -5803.98 0 0
13300000 -55076.8 -55466.5 0 -5618.43 0 0
13400000 -55370.7 -55371.2 0 -5640.03 0 0
13500000 -55336 -55412.2 0 -5279.63 0 0
13600000 -55145.8 -55541.8 0 -4902.47 0 0
13700000 -54412.1 -56503.8 0 -4034.52 0 0
13800000 -54759 -55413.3 0 -3890.67 0 0
13900000 -54554.4 -56101.1 0 -3587.64 0 0
14000000 -55133.6 -55671.9 0 -3808.02 0 0
14100000 -55134.1 -55776.3 0 -3571.56 0 0
14200000 -55599.3 -54832.5 0 -3768.89 0 0
14300000 -55363.7 -55032.7 0 -3204.81 0 0
14400000 -55634.5 -54576.4 0 -2792.16 0 0
14500000 -55363.1 -54888.7 0 -2656.56 0 0
14600000 -55304.7 -55383.1 0 -1746.79 0 0
14700000 -55452.8 -55229.6 0 -1747.25 0 0
14800000 -55419.8 -55327.5 0 -1336.83 0 0
14900000 -55187.8 -55187.5 0 -1053.08 0 0
15000000 -55103.9 -55363.6 0 -618.722 0 0
15100000 -54950.4 -55457.6 0 213.139 0 0
15200000 -55328.1 -55442.7 0 56.6896 0 0
15300000 -55591.3 -55053.2 0 429.088 0 0
15400000 -55264.1 -55449 0 780.492 0 0
15500000 -55489 -55452.7 0 1314.18 0 0
15600000 -55224.7 -55612.9 0 1454.34 0 0
15700000 -55520.1 -55195.6 0 1982.17 0 0
15800000 -55232.9 -55307.2 0 1724.54 0 0
15900000 -55723.4 -55054.5 0 2908.36 0 0
16000000 -55434.4 -55624.1 0 3061.01 0 0
16100000 -55126.2 -55667.1 0 3115.64 0 0
16200000 -55682.7 -55585.7 0 3564.77 0 0
16300000 -55399.6 -55708.7 0 3695.34 0 0
16400000 -55126.6 -55692.9 0 4238.07 0 0
16500000 -55484.3 -55364 0 4432.45 0 0
16600000 -55363.7 -54989.9 0 4162.1 0 0
16700000 -55056 -55382.1 0 4549.7 0 0
16800000 -56069.7 -55056.2 0 4850.88 0 0
16900000 -55347.3 -55516.1 0 5134.33 0 0
17000000 -55515.6 -55555.6 0 5026.88 0 0
17100000 -55553.9 -55211.1 0 5154.65 0 0
17200000 -55556.9 -55218.9 0 5257.47 0 0
17300000 -55503.5 -55129.6 0 4994.43 0 0
17400000 -55293.7 -55199.2 0 5003.91 0 0
17500000 -55321.5 -55329.8 0 5436.75 0 0
17600000 -55527 -55047.7 0 5043.55 0 0
17700000 -55474.9 -55378.2 0 5574.68 0 0
17800000 -55585.9 -55013 0 5288.22 0 0
17900000 -55305.9 -55666.7 0 5454.52 0 0
18000000 -55533.3 -55220.2 0 5271.13 0 0
18100000 -55592.7 -55318.1 0 4996.56 0 0
18200000 -55551.7 -55265 0 4611 0 0
18300000 -55511.8 -55317.2 0 4564.4 0 0
18400000 -55283.3 -55764.9 0 4573.8 0 0
18500000 -55582.6 -55371.4 0 4170.49 0 0
18600000 -55500.1 -55199.8 0 3476.75 0 0
18700000 -54923.9 -56208.4 0 3297.03 0 0
18800000 -55468 -55229.2 0 3261.98 0 0
18900000 -55173.9 -55421.2 0 3349.79 0 0
19000000 -55364.7 -55508.7 0 2761.63 0 0
19100000 -55520.3 -55546.7 0 2733.22 0 0
19200000 -55600.6 -55371.1 0 2230.43 0 0
19300000 -55388.7 -55311.6 0 1932.17 0 0
19400000 -55502.3 -55150.8 0 1861.32 0 0
19500000 -55266.9 -55437.8 0 1026.82 0 0
19600000 -55304.4 -55191.7 0 828.209 0 0
19700000 -55461.2 -55488.3 0 424.348 0 0
19800000 -55670.8 -55464 0 14.8466 0 0
19900000 -55227.8 -55492 0 -174.618 0 0
20000000 -55495.1 -55283.2 0 -646.617 0 0
20100000 -55332.8 -55405.8 0 -919.192 0 0
20200000 -55300.5 -55709.5 0 -1127.85 0 0
20300000 -55057.7 -55630.6 0 -1831.36 0 0
20400000 -55523.1 -55046.9 0 -2152.57 0 0
20500000 -55295.5 -55363.9 0 -2427.35 0 0
20600000 -55488.9 -55036 0 -3025.27 0 0
20700000 -55505.1 -55166.5 0 -3352.22 0 0
20800000 -55267.6 -55478.9 0 -3599.34 0 0
20900000 -55574.8 -55280.2 0 -3976.5 0 0
21000000 -55816.7 -54915.2 0 -4442.26 0 0
21100000 -54923.5 -55455.3 0 -4466.83 0 0
21200000 -55525.4 -55084.9 0 -4858.03 0 0
21300000 -54951.1 -55453.3 0 -4917.1 0 0
21400000 -55251 -55514.8 0 -5292.65 0 0
21500000 -55082.1 -55248.1 0 -5551.93 0 0
21600000 -55179.7 -55535.1 0 -5846.95 0 0
21700000 -54848 -55457.7 0 -5595.39 0 0
21800000 -54891.2 -55502.2 0 -5808.49 0 0
21900000 -55059.8 -55682.5 0 -6184.88 0 0
22000000 -54265.5 -55896.7 0 -5967.2 0 0
22100000 -54469.9 -55802.1 0 -6084.81 0 0
22200000 -54704.2 -55774.5 0 -6394.32 0 0
22300000 -55006.2 -55622.3 0 -6613.98 0 0
22400000 -55144.7 -55347.4 0 -6283.66 0 0
22500000 -54873.5 -55820.2 0 -5928.93 0 0
22600000 -55225.9 -55707.9 0 -6547.95 0 0
22700000 -54560.8 -56077.5 0 -5617.44 0 0
22800000 -55121.5 -55547.6 0 -5683.17 0 0
22900000 -55115 -54844.6 0 -5657.51 0 0
23000000 -55098.3 -55217.8 0 -6704.17 0 0
23100000 -55035.1 -55594.9 0 -6548.22 0 0
23200000 -55400.3 -54985.8 0 -5695.07 0 0
23300000 -55046.5 -55460.9 0 -5513.29 0 0
23400000 -54614.7 -56309.8 0 -5091.83 0 0
23500000 -55410.5 -55042.1 0 -5144.21 0 0
23600000 -55290.5 -55414.2 0 -4782.96 0 0
23700000 -54798.4 -55622.8 0 -4303.24 0 0
23800000 -55272.7 -55513.8 0 -4287.77 0 0
23900000 -55441.9 -55246.3 0 -3723.59 0 0
24000000 -55208.6 -55421.7 0 -3513.58 0 0
24100000 -55242.5 -54993.1 0 -3699.5 0 0
24200000 -54564.2 -55754.1 0 -3165.1 0 0
24300000 -55494.1 -55215.5 0 -3104.62 0 0
24400000 -55455.9 -54838.5 0 -2813.36 0 0
24500000 -55030.9 -55256 0 -2480.99 0 0
24600000 -55630.1 -54672.3 0 -2023.5 0 0
24700000 -55592.3 -54974.2 0 -1795.77 0 0
24800000 -55213.9 -55227.1 0 -950.567 0 0
24900000 -55636.8 -54994.9 0 -1117.8 0 0
25000000 -55137.1 -55045.6 0 -861.026 0 0
25100000 -55651.7 -54905.4 0 -26.4603 0 0
25200000 -55600.9 -55122.3 0 -5.49344 0 0
25300000 -55367.7 -55167.2 0 866.378 0 0
25400000 -55639.1 -55185.2 0 892.853 0 0
25500000 -55663.9 -55094.6 0 1187.71 0 0
25600000 -55614.1 -55132.1 0 1727.24 0 0
25700000 -55828.2 -54870.8 0 1855.91 0 0
25800000 -55268.2 -55364.7 0 2062.07 0 0
25900000 -55362.1 -55256.8 0 2561.78 0 0
26000000 -55523.7 -55172.1 0 3215.45 0 0
26100000 -55219.9 -55201.4 0 3688.06 0 0
26200000 -55885.2 -54695.4 0 2830.51 0 0
26300000 -55246.5 -55177.5 0 3514.33 0 0
26400000 -55600.3 -54934.1 0 3888.29 0 0
26500000 -55081.3 -55348.5 0 4358.51 0 0
26600000 -55182.8 -55054.8 0 4600.81 0 0
26700000 -55178.2 -55263.6 0 4693.14 0 0
26800000 -55286.1 -54978.2 0 5287.48 0 0
26900000 -55298.3 -55267.5 0 4940.44 0 0
27000000 -55627.9 -54901.6 0 5345.31 0 0
27100000 -55711.9 -54620.4 0 4903.18 0 0
27200000 -55289.7 -54794.1 0 5100.86 0 0
27300000 -55378.1 -55052.3 0 5744.99 0 0
27400000 -55822.1 -54767.3 0 5186.71 0 0
27500000 -55643.9 -54778.5 0 5089.55 0 0
27600000 -55461.5 -55063.6 0 5105.54 0 0
27700000 -55651.8 -54501.2 0 4634.91 0 0
27800000 -55682.3 -54661.2 0 4945.55 0 0
27900000 -55421.6 -54842.1 0 4884.14 0 0
28000000 -55423.1 -55107.2 0 5211.83 0 0
28100000 -55513.6 -54900.8 0 4951.91 0 0
28200000 -55516.7 -55278 0 4744.9 0 0
28300000 -55456.6 -54948.7 0 4153.89 0 0
28400000 -55835.9 -55278 0 4338.15 0 0
28500000 -55603.7 -55171 0 4061.56 0 0
28600000 -55326.8 -55496.9 0 3972.39 0 0
28700000 -55605.9 -55154.5 0 3731.17 0 0
28800000 -55665 -55145.8 0 3146.14 0 0
28900000 -55890.4 -55415.8 0 3269.51 0 0
29000000 -55776.3 -55393.4 0 2675.24 0 0
29100000 -55834.4 -55171.1 0 2372.81 0 0
29200000 -55960.9 -55024 0 2394.34 0 0
29300000 -55566 -55257.8 0 2123.69 0 0
29400000 -55117.2 -55482.8 0 1809.53 0 0
29500000 -55697.8 -55292.1 0 1241.56 0 0
29600000 -55554.8 -55487.2 0 1036.4 0 0
29700000 -55433.1 -55585.1 0 428.098 0 0
29800000 -55794 -55078.2 0 32.8419 0 0
29900000 -55703.4 -55270.2 0 -871.213 0 0
30000000 -55573.9 -55489.1 0 -420.13 0 0
30100000 -55325.8 -55590.7 0 -627.815 0 0
30200000 -55476.6 -55563.4 0 -1084.02 0 0
30300000 -55601.9 -55365.7 0 -1720.44 0 0
30400000 -55732.1 -55215.9 0 -2357.72 0 0
30500000 -55623.9 -55596 0 -2734.8 0 0
30600000 -55280.9 -55685.4 0 -2587.77 0 0
30700000 -55210.2 -55748.5 0 -2965.04 0 0
30800000 -55275.9 -55479.2 0 -3522.37 0 0
30900000 -55685.8 -55359.5 0 -3857.22 0 0
31000000 -54824.9 -56075.1 0 -3891.6 0 0
31100000 -55590.5 -55059.5 0 -4633.3 0 0
31200000 -55273.8 -55698.1 0 -4882.69 0 0
31300000 -54798 -55885.7 0 -4787.72 0 0
31400000 -54822 -55664.8 0 -5051.7 0 0
31500000 -55159.9 -55308.5 0 -5811.2 0 0
31600000 -55803.3 -55179.5 0 -5852.62 0 0
31700000 -55051 -55730.1 0 -5935.59 0 0
31800000 -55263.4 -55611.1 0 -6112.18 0 0
31900000 -54934.6 -55630.3 0 -5851.64 0 0
32000000 -55223.1 -55425.2 0 -6143.22 0 0
32100000 -55152.3 -55973.4 0 -6465.82 0 0
32200000 -54711.7 -55847.6 0 -6032.23 0 0
32300000 -55291 -55070.5 0 -6721.05 0 0
32400000 -54839.6 -55843.4 0 -6299.73 0 0
32500000 -54812.7 -55698.6 0 -6449.39 0 0
32600000 -55314.8 -55522.6 0 -7092.63 0 0
32700000 -54774.2 -55623.9 0 -6342.75 0 0
32800000 -54701.2 -55586.3 0 -6404.71 0 0
32900000 -55023.7 -55199.4 0 -6599.7 0 0
33000000 -55454.7 -54754.4 0 -6301.96 0 0
33100000 -54931.5 -55734.7 0 -6337.24 0 0
33200000 -55264.1 -55348.7 0 -5802.14 0 0
33300000 -54881.4 -56094.2 0 -5679.7 0 0
33400000 -55621.5 -55520.6 0 -5602.37 0 0
33500000 -55535.2 -55353.7 0 -5263.31 0 0
33600000 -55008.4 -55838.7 0 -4696.96 0 0
33700000 -55056.9 -55813.1 0 -4293.16 0 0
33800000 -55458.6 -55544.3 0 -4516.24 0 0
33900000 -55098.1 -55757.7 0 -3697.96 0 0
34000000 -55029.4 -55775.4 0 -2995.32 0 0
34100000 -54976.5 -55410.4 0 -3797.15 0 0
34200000 -54965.7 -55980.2 0 -3323.21 0 0
34300000 -55352.1 -55711 0 -2974.75 0 0
34400000 -55041.1 -55926.5 0 -2627.54 0 0
34500000 -55443 -55341.3 0 -2250.43 0 0
34600000 -54794 -55981.5 0 -1588.72 0 0
34700000 -55093.9 -55623.2 0 -1430.68 0 0
34800000 -54820.2 -55933.2 0 -1089.99 0 0
34900000 -54535 -55931.2 0 -259.358 0 0
35000000 -55339.6 -55336.3 0 -235.627 0 0
35100000 -55152.3 -55742.9 0 -19.8101 0 0
35200000 -55054 -55718 0 892.129 0 0
35300000 -55210.9 -55292.6 0 757.51 0 0
35400000 -55253.5 -55678.3 0 1174.05 0 0
35500000 -55230.7 -55510.1 0 1907.63 0 0
35600000 -55361.7 -55164.8 0 1698.16 0 0
35700000 -55533.3 -55374.3 0 2416.28 0 0
35800000 -55415.5 -55463.1 0 2604.06 0 0
35900000 -55347.3 -55428.8 0 3086.06 0 0
36000000 -55463.8 -55667.1 0 3186.83 0 0
36100000 -55280.6 -55129.9 0 3147.23 0 0
36200000 -55674.9 -55121.8 0 3627.19 0 0
36300000 -55262.6 -55629.1 0 4178.59 0 0
36400000 -55100.1 -55579.6 0 4018.55 0 0
36500000 -55690.1 -55394.8 0 5003.5 0 0
36600000 -55138 -55231.7 0 4193.35 0 0
36700000 -55254.8 -55228.9 0 4308.89 0 0
36800000 -55082.3 -55261.3 0 4945.79 0 0
36900000 -55281.5 -55569.4 0 4899.77 0 0
37000000 -55068.1 -55317.3 0 5274.02 0 0
37100000 -55558.6 -55047.6 0 5704.5 0 0
37200000 -55716.4 -55410.5 0 5504.42 0 0
37300000 -55340 -55443.8 0 5103.63 0 0
37400000 -55122.2 -55400.8 0 5246.91 0 0
37500000 -55414 -55550.2 0 5771.43 0 0
37600000 -55198.8 -55403.6 0 5322.84 0 0
37700000 -55431.1 -55163.6 0 5744.91 0 0
37800000 -55369.9 -55446.7 0 5511.88 0 0
37900000 -55269.7 -55599 0 5458.8 0 0
38000000 -55579.1 -54833.8 0 5510.74 0 0
38100000 -55550.7 -55190.3 0 5277.67 0 0
38200000 -55455.7 -55643.7 0 5349.49 0 0
38300000 -55653.9 -55080.1 0 4738.89 0 0
38400000 -55498.2 -55052 0 4248.84 0 0
38500000 -55605.2 -54791.6 0 4301.19 0 0
38600000 -54904.9 -55957.5 0 4074.77 0 0
38700000 -55116.9 -55639.8 0 4142.73 0 0
38800000 -55666.9 -55591.2 0 3498.98 0 0
38900000 -55563.3 -55342.3 0 3616.28 0 0
39000000 -55794 -55345.5 0 3176.43 0 0
39100000 -55728 -55202 0 2540.89 0 0
39200000 -55733.8 -55434.8 0 2219.49 0 0
39300000 -55670.3 -55676.7 0 2214.05 0 0
39400000 -55853 -55218.4 0 1560.75 0 0
39500000 -55462.9 -55734.4 0 1786.88 0 0
39600000 -54681.8 -55785 0 557.141 0 0
39700000 -55613.9 -55404.5 0 509.905 0 0
39800000 -54988.4 -55771 0 539.994 0 0
39900000 -54947.8 -55914.6 0 10.1504 0 0
40000000 -55378.2 -55581.7 0 -571.512 0 0
40100000 -55797.5 -55212.5 0 -708.683 0 0
40200000 -54781.7 -55882.6 0 -840.117 0 0
40300000 -54962 -55907 0 -1399.06 0 0
40400000 -55174.2 -55741.3 0 -1805.91 0 0
40500000 -55345.6 -55518 0 -2335.64 0 0
40600000 -55207.4 -55933.4 0 -2625.79 0 0
40700000 -55241.4 -55428 0 -3044.75 0 0
40800000 -54933.7 -55851.2 0 -3422.88 0 0
40900000 -54988.8 -55554.1 0 -3313.27 0 0
41000000 -54860.5 -55570.5 0 -3558.98 0 0
41100000 -54734.2 -55758.7 0 -3252.01 0 0
41200000 -54506.2 -55921.8 0 -3874.55 0 0
41300000 -54584.1 -55840.2 0 -4261.19 0 0
41400000 -55054.3 -55084.8 0 -4456.19 0 0
41500000 -54786.2 -55399 0 -4909.84 0 0
41600000 -54880.5 -55456.2 0 -4971.03 0 0
41700000 -54341.3 -55878.5 0 -5100.75 0 0
41800000 -54879.2 -55168.4 0 -5756.74 0 0
41900000 -54893.3 -55033.5 0 -5795.23 0 0
42000000 -54711.2 -55623.4 0 -6067.31 0 0
42100000 -54673.4 -55550.6 0 -5568.21 0 0
42200000 -54857.5 -55253.3 0 -6073.84 0 0
42300000 -54728 -55356.7 0 -6198.68 0 0
42400000 -55040.4 -55478.6 0 -6094.56 0 0
42500000 -55068.3 -55015.9 0 -5731.27 0 0
42600000 -54770.3 -55432.1 0 -6063.46 0 0
42700000 -54706.6 -55637.1 0 -6243.29 0 0
42800000 -54492.7 -55887.8 0 -5866.41 0 0
42900000 -54954.2 -54865.4 0 -5330.24 0 0
43000000 -54975.7 -55088.6 0 -5757.58 0 0
43100000 -54706.5 -55562.6 0 -5112.34 0 0
43200000 -55329.5 -55177.7 0 -5381.93 0 0
43300000 -55014.2 -55196.2 0 -4847.05 0 0
43400000 -54659.8 -55370.7 0 -4607.66 0 0
43500000 -54654.2 -55545.7 0 -4547.66 0 0
43600000 -55040.1 -55366.4 0 -4477.58 0 0
43700000 -54769.9 -55724.2 0 -4303.25 0 0
43800000 -54344.7 -55464.9 0 -3565.8 0 0
43900000 -55246.4 -55244.1 0 -3918.38 0 0
44000000 -54858.5 -55406.2 0 -3434.33 0 0
44100000 -55412.3 -54830.8 0 -3367.19 0 0
44200000 -54708.6 -55662.5 0 -2914.38 0 0
44300000 -54832.7 -55796 0 -2040.92 0 0
44400000 -54884.6 -55622.6 0 -2064.6 0 0
44500000 -55376 -55532.5 0 -1958 0 0
44600000 -54918.9 -55650.9 0 -1317.82 0 0
44700000 -55103.4 -55531.8 0 -940.278 0 0
44800000 -55146.4 -55468.3 0 -337.998 0 0
44900000 -55473.7 -55087.8 0 -208.046 0 0
45000000 -55006.6 -55455.4 0 -11.8426 0 0
45100000 -55389.7 -55345 0 525.978 0 0
45200000 -54920.3 -55636.2 0 874.547 0 0
45300000 -55504.1 -54857 0 1134.86 0 0
45400000 -55264.2 -55633.1 0 1674.95 0 0
45500000 -55460.9 -55361.8 0 2175.7 0 0
45600000 -55364.4 -55335.4 0 2300.16 0 0
45700000 -55272.2 -55330.8 0 2720.21 0 0
45800000 -55321.5 -55281.6 0 3009.99 0 0
45900000 -55499.4 -55110.2 0 3540.27 0 0
46000000 -54823.5 -55898.9 0 3774.77 0 0
46100000 -55567.8 -55132.3 0 4277.8 0 0
46200000 -54835.7 -55912.2 0 3915.2 0 0
46300000 -54910.2 -55542 0 4327.09 0 0
46400000 -54913.9 -55711.3 0 4578.94 0 0
46500000 -54892.6 -55708.8 0 4387.57 0 0
46600000 -55093 -55423.6 0 4658.18 0 0
46700000 -55469.4 -55756.4 0 5226.36 0 0
46800000 -55131.5 -55719.7 0 5017.17 0 0
46900000 -54695 -55702 0 5401.52 0 0
47000000 -55440.7 -55504.6 0 5228.09 0 0
47100000 -54691.5 -56283 0 6064.69 0 0
47200000 -54984.8 -55919.1 0 5907.04 0 0
47300000 -55242.6 -55297.6 0 6003.55 0 0
47400000 -55004.7 -55773.2 0 5689.55 0 0
47500000 -55077 -55607.8 0 5857.56 0 0
47600000 -54855.3 -55786.1 0 5697.1 0 0
47700000 -55285.6 -55393.3 0 5843.14 0 0
47800000 -54741.1 -55669.3 0 5412.76 0 0
47900000 -54905.9 -55660.5 0 5757.88 0 0
48000000 -55103.2 -55592.4 0 5537.15 0 0
48100000 -54546.5 -56583.9 0 5281.4 0 0
48200000 -55188.1 -55870.4 0 5162.77 0 0
48300000 -55150.5 -55277.2 0 4755.23 0 0
48400000 -55403 -55380.8 0 4649.36 0 0
48500000 -54855.1 -55828.9 0 5056.67 0 0
48600000 -55127.7 -55479.5 0 4196.03 0 0
48700000 -55148.1 -55418.5 0 4163.24 0 0
48800000 -55014.3 -55332.2 0 3455.45 0 0
48900000 -54909.2 -55564.4 0 3617.09 0 0
49000000 -55068.6 -55890.9 0 3557.75 0 0
49100000 -55164.9 -55517.2 0 2948.91 0 0
49200000 -55440.9 -55366.2 0 2847.1 0 0
49300000 -55047.3 -55575.1 0 2569.55 0 0
49400000 -55139.5 -55595.2 0 2101.15 0 0
49500000 -54735.6 -55684.2 0 1870.98 0 0
49600000 -55601.9 -55125.9 0 1930.54 0 0
49700000 -55372.2 -55455.1 0 893.542 0 0
49800000 -54965.3 -55849.4 0 337.227 0 0
49900000 -54778.8 -55907.1 0 490.251 0 0
50000000 -55332.9 -55434.9 0 296.25 0 0
