# Time-averaged data for fix ps1
# TimeStep c_thermo_press[1] c_thermo_press[2] c_thermo_press[3] c_thermo_press[4] c_thermo_press[5] c_thermo_press[6]
100000 -72623.6 -72723.3 0 -869.986 0 0
200000 -72717.8 -72686.9 0 -1407.43 0 0
300000 -72300.2 -72935.1 0 -1724.68 0 0
400000 -72626.6 -72589.3 0 -2146.84 0 0
500000 -72639.5 -72694.5 0 -2528.53 0 0
600000 -72528.5 -72864.8 0 -2931.7 0 0
700000 -72520.1 -72660.5 0 -3296.2 0 0
800000 -72471.2 -72538.5 0 -4006.23 0 0
900000 -72599.2 -72634 0 -4133.44 0 0
1000000 -72661.8 -72605.7 0 -4497.64 0 0
1100000 -72373.4 -72584.5 0 -5046.69 0 0
1200000 -72448.6 -72622.3 0 -5081.45 0 0
1300000 -72189.7 -72806.6 0 -5500.76 0 0
1400000 -72478.6 -72517.3 0 -5863.5 0 0
1500000 -71947.1 -73026.3 0 -5690.85 0 0
1600000 -72633.4 -72367.5 0 -6408.29 0 0
1700000 -71942.3 -72918.9 0 -6253.5 0 0
1800000 -72151.9 -72810.2 0 -6789.15 0 0
1900000 -72238.2 -72582.6 0 -6935.7 0 0
2000000 -71915.6 -72975.7 0 -6814.52 0 0
2100000 -72299.9 -72778.6 0 -7163.37 0 0
2200000 -72484.6 -72438.6 0 -7457.66 0 0
2300000 -72549.9 -72465.8 0 -7420.34 0 0
2400000 -72509.7 -72283.4 0 -7482.78 0 0
2500000 -72262.1 -72729.2 0 -7485.18 0 0
2600000 -72053.2 -72846 0 -7440.33 0 0
2700000 -72306.8 -72515.1 0 -7492.28 0 0
2800000 -72468.8 -72545.6 0 -7404.01 0 0
2900000 -72180.1 -72723.5 0 -7339.33 0 0
3000000 -72483.2 -72354 0 -7294.05 0 0
3100000 -72247.4 -72748.3 0 -6995.79 0 0
3200000 -72341.1 -72627.7 0 -6889.03 0 0
3300000 -72083.4 -72739.3 0 -6240.45 0 0
3400000 -72540.9 -72391.9 0 -6419.43 0 0
3500000 -72199.4 -72816.9 0 -6080.95 0 0
3600000 -72565.5 -72392.6 0 -6026.83 0 0
3700000 -72296.3 -72768.9 0 -5632.29 0 0
3800000 -72263.6 -72629.9 0 -5271.39 0 0
3900000 -72491.6 -72510.3 0 -5056.8 0 0
4000000 -72176.5 -72751.6 0 -4232.95 0 0
4100000 -72472.4 -72552.2 0 -4332.91 0 0
4200000 -72535.4 -72706.9 0 -3921.23 0 0
4300000 -72477.9 -72768.8 0 -3413.28 0 0
4400000 -72661.3 -72621.9 0 -3078.52 0 0
4500000 -72440.3 -72910.7 0 -2637.52 0 0
4600000 -72434.4 -72780.5 0 -2223.18 0 0
4700000 -72614.4 -72699 0 -1629.42 0 0
4800000 -72668.4 -72799.4 0 -1317.08 0 0
4900000 -72534.2 -72969.4 0 -714.819 0 0
5000000 -72531.7 -72718.4 0 -244.136 0 0
5100000 -72695.2 -72584.4 0 -26.668 0 0
5200000 -72644.2 -72524.6 0 397.906 0 0
5300000 -72473.8 -72639.3 0 883.956 0 0
5400000 -72478.9 -72913.8 0 1376.09 0 0
5500000 -72808.1 -72724.2 0 1787.53 0 0
5600000 -72701.7 -72568.2 0 2134.62 0 0
5700000 -72733.6 -72560 0 2685.69 0 0
5800000 -72687 -72697.5 0 2983.16 0 0
5900000 -72532.3 -72658.4 0 3282.27 0 0
6000000 -72759.3 -72698.1 0 3560.74 0 0
6100000 -72530.6 -72653.5 0 4046.29 0 0
6200000 -72711.1 -72711.2 0 4295.93 0 0
6300000 -72530.2 -72708.6 0 4267.24 0 0
6400000 -72343.1 -73002.4 0 5121.32 0 0
6500000 -72546.9 -72737.9 0 4752.9 0 0
6600000 -72774.5 -72576.9 0 4778.66 0 0
6700000 -72489.8 -72704.5 0 5077.11 0 0
6800000 -72387.3 -72871 0 5816.72 0 0
6900000 -72789.2 -72480.4 0 5174.26 0 0
7000000 -72696.8 -72645.9 0 5541.5 0 0
7100000 -72631.9 -72765.9 0 5703.39 0 0
7200000 -72555.1 -72740.3 0 5744.08 0 0
7300000 -72586.5 -72628.4 0 5817.22 0 0
7400000 -72543.2 -72769.9 0 6584.69 0 0
7500000 -72653.9 -72588.1 0 6061.64 0 0
7600000 -72684.3 -72537 0 5863.73 0 0
7700000 -72585 -72672.9 0 5489.35 0 0
7800000 -72579.5 -72714 0 5733.34 0 0
7900000 -72812.9 -72704.8 0 5686.7 0 0
8000000 -72615.4 -72656.4 0 5575.11 0 0
8100000 -72676.5 -72517 0 6035.77 0 0
8200000 -72794.6 -72582.7 0 5522.95 0 0
8300000 -72442.8 -72822.9 0 5183.03 0 0
8400000 -72509.4 -72805.1 0 5370.57 0 0
8500000 -72430.5 -72738.2 0 4835.64 0 0
8600000 -72356.3 -72739.6 0 4858.87 0 0
8700000 -72959.1 -72532.8 0 4199.65 0 0
8800000 -72457.9 -72685.1 0 4188.28 0 0
8900000 -72626.4 -72481.1 0 3927.15 0 0
9000000 -72456 -72779.4 0 3677.91 0 0
9100000 -72519.3 -72848.8 0 3250.08 0 0
9200000 -72487.7 -72752.4 0 2726 0 0
9300000 -72537.6 -72796.4 0 2400.61 0 0
9400000 -72755.9 -72582.8 0 2194.14 0 0
9500000 -72533.1 -72818.3 0 1510.54 0 0
9600000 -72708.3 -72741.7 0 1320.88 0 0
9700000 -72712.6 -72693.4 0 993.693 0 0
9800000 -72407.7 -72890.9 0 409.222 0 0
9900000 -72648.3 -72777.7 0 103.218 0 0
10000000 -72427.4 -72863.2 0 -461.291 0 0
10100000 -72346.2 -72802.7 0 -957.122 0 0
10200000 -72608.4 -72650.5 0 -1322.46 0 0
10300000 -72353 -73032.9 0 -1678.25 0 0
10400000 -72681.1 -72653.4 0 -2205.08 0 0
10500000 -72378.8 -72863.3 0 -2648.9 0 0
10600000 -72645 -72570.7 0 -2930.76 0 0
10700000 -72433.3 -72587.7 0 -3525.25 0 0
10800000 -72431.8 -72586 0 -3915.24 0 0
10900000 -72681.4 -72554.7 0 -4255.93 0 0
11000000 -72537.8 -72524.3 0 -4653.07 0 0
11100000 -72085.9 -72865.4 0 -4921.9 0 0
11200000 -72079.9 -72954.2 0 -5127.27 0 0
11300000 -72374.9 -72699.2 0 -5519.62 0 0
11400000 -72299.7 -72785.4 0 -5846.26 0 0
11500000 -72240.8 -72723.9 0 -6104.6 0 0
11600000 -72309.6 -72573 0 -6483.06 0 0
11700000 -72459.4 -72538.5 0 -6669.19 0 0
11800000 -72055.9 -72816.3 0 -6322.72 0 0
11900000 -72495.5 -72430.2 0 -7022.16 0 0
12000000 -72467 -72374.6 0 -7233.99 0 0
12100000 -72148.3 -72879.4 0 -7306.12 0 0
12200000 -72000.5 -72876.6 0 -7385.35 0 0
12300000 -72064.1 -72661 0 -7031.11 0 0
12400000 -72280.4 -72504.2 0 -7536.89 0 0
12500000 -72069.8 -72787.2 0 -7491.43 0 0
12600000 -71995.4 -72632.7 0 -7194.07 0 0
12700000 -71944 -72722.3 0 -7449.85 0 0
12800000 -72351.8 -72588.1 0 -7395.28 0 0
12900000 -72432.2 -72479.3 0 -7298.24 0 0
13000000 -72456.2 -72545.9 0 -7139.86 0 0
13100000 -72379.4 -72430.6 0 -7004.28 0 0
13200000 -72011.3 -72571.6 0 -6630.16 0 0
13300000 -72339.6 -72779.7 0 -6663.49 0 0
13400000 -72102.8 -72850.4 0 -6012.77 0 0
13500000 -72348.4 -72778.3 0 -6113.54 0 0
13600000 -72604 -72547.2 0 -5777.44 0 0
13700000 -72341.6 -72931.2 0 -5488.43 0 0
13800000 -72308.6 -72799.2 0 -5281.7 0 0
13900000 -72268.3 -72835.3 0 -4966.36 0 0
14000000 -72584.5 -72535.6 0 -4619.61 0 0
14100000 -72179.2 -73060.6 0 -4122.62 0 0
14200000 -72401.1 -72515.4 0 -3860.8 0 0
14300000 -72435.1 -72682.9 0 -3414.3 0 0
14400000 -72423.5 -72937.2 0 -2866.53 0 0
14500000 -72468.4 -72776.1 0 -2527.79 0 0
14600000 -72624.2 -72720.6 0 -2206.71 0 0
14700000 -72678.7 -72673.3 0 -1717.95 0 0
14800000 -72638.5 -72704.4 0 -1419.9 0 0
14900000 -72473 -72749.2 0 -853.458 0 0
15000000 -72543.5 -72506.3 0 -638.811 0 0
15100000 -72552.7 -72722.9 0 23.032 0 0
15200000 -72495.6 -72856.7 0 405.69 0 0
15300000 -72538.7 -72664.7 0 810.5 0 0
15400000 -72780.4 -72571.1 0 1266.31 0 0
15500000 -72764.2 -72520.1 0 1596.52 0 0
15600000 -72863.9 -72660.4 0 2136.51 0 0
15700000 -72687.4 -72711.6 0 2604.58 0 0
15800000 -72930.7 -72523.3 0 3025.78 0 0
15900000 -72566.1 -72917.9 0 2888.38 0 0
16000000 -72344.5 -72842.8 0 3830.17 0 0
16100000 -72464.5 -72708.9 0 3939 0 0
16200000 -72667.3 -72534.3 0 4189.06 0 0
16300000 -72754 -72554.4 0 4216.51 0 0
16400000 -72593.7 -72638.2 0 4256 0 0
16500000 -72764.8 -72497.4 0 4720.79 0 0
16600000 -72834 -72543.3 0 4762.76 0 0
16700000 -72867 -72516.2 0 5056.3 0 0
16800000 -72499.4 -72918.7 0 5361.65 0 0
16900000 -72620 -72576.2 0 5334.33 0 0
17000000 -72634.3 -72667.9 0 5277.65 0 0
17100000 -72497.1 -72678.9 0 5481.18 0 0
17200000 -72436.7 -72747.2 0 6244.61 0 0
17300000 -72841.3 -72518.7 0 5829.78 0 0
17400000 -72836.8 -72699.6 0 6372.84 0 0
17500000 -72596 -72762.1 0 5756.64 0 0
17600000 -72308.2 -73065.5 0 6103.38 0 0
17700000 -72741 -72573.2 0 5698.81 0 0
17800000 -72518.9 -72711.1 0 5697.38 0 0
17900000 -72389.2 -72877.6 0 5496.57 0 0
18000000 -72201.1 -72964 0 5369.06 0 0
18100000 -72311.6 -72933.6 0 5280.03 0 0
18200000 -72538.2 -72707.6 0 5792.12 0 0
18300000 -72233.4 -73136.8 0 5421.16 0 0
18400000 -72319.5 -72983.3 0 4629.11 0 0
18500000 -72463.1 -72805.7 0 4722.32 0 0
18600000 -72540.6 -72562.6 0 4847.14 0 0
18700000 -72319.6 -72887.2 0 4418.5 0 0
18800000 -72287.9 -72792.2 0 3625 0 0
18900000 -72420.1 -72873.7 0 3815.32 0 0
19000000 -72527.6 -72820.3 0 3454.16 0 0
19100000 -72512.9 -72828.9 0 3224.83 0 0
19200000 -72584.1 -72782.9 0 2672.7 0 0
19300000 -72373.3 -72935.4 0 2289.48 0 0
19400000 -72391.2 -72862.5 0 2042.04 0 0
19500000 -72571.5 -72778 0 1556.97 0 0
19600000 -72242.5 -72757 0 1098.26 0 0
19700000 -72657.4 -72747.6 0 812.763 0 0
19800000 -72537.4 -72715.5 0 364.375 0 0
19900000 -72618.2 -72792.8 0 58.3763 0 0
20000000 -72627.3 -72873.7 0 -456.903 0 0
20100000 -72471.2 -72808.9 0 -1038.96 0 0
20200000 -72479.9 -72865.3 0 -1621.77 0 0
20300000 -72397 -73068.8 0 -1707.14 0 0
20400000 -72586.9 -72818 0 -2162.05 0 0
20500000 -72495.6 -72791.6 0 -2753.21 0 0
20600000 -72634 -72802.5 0 -3109.17 0 0
20700000 -72399 -72891 0 -3390.81 0 0
20800000 -72343.5 -72704 0 -4015.46 0 0
20900000 -72573.6 -72900.3 0 -4101.67 0 0
21000000 -72364.3 -72712.3 0 -4724.75 0 0
21100000 -72370.9 -72738.9 0 -5334.95 0 0
21200000 -72233.7 -72795.5 0 -5398.8 0 0
21300000 -72312.1 -72612.1 0 -5764.19 0 0
21400000 -72329.4 -72582.2 0 -5946.37 0 0
21500000 -72415.5 -72617.8 0 -6267.78 0 0
21600000 -72056.8 -73002.1 0 -6548.52 0 0
21700000 -72227.2 -72533 0 -6734.12 0 0
21800000 -72374 -72491.7 0 -6912.49 0 0
21900000 -71885.3 -73103.6 0 -7036.71 0 0
22000000 -71917.5 -73136.6 0 -6864.41 0 0
22100000 -72093.4 -72689.6 0 -7346.22 0 0
22200000 -72232.1 -72705.2 0 -7615.32 0 0
22300000 -72501.2 -72543.9 0 -7667.12 0 0
22400000 -72107.1 -72707.3 0 -7166.1 0 0
22500000 -71662.7 -73136.8 0 -7268.25 0 0
22600000 -72251.7 -72737.3 0 -7594.47 0 0
22700000 -72244.3 -72590.1 0 -7589.35 0 0
22800000 -72260.5 -72574.9 0 -7265.46 0 0
22900000 -72253.1 -72687 0 -7289.54 0 0
23000000 -72268.5 -72756.6 0 -7165.15 0 0
23100000 -72365 -72403.6 0 -7013.63 0 0
23200000 -72341.3 -72490.7 0 -6929.19 0 0
23300000 -72225 -72801 0 -6685.08 0 0
23400000 -72332 -72491.4 0 -6439.08 0 0
23500000 -72171.4 -72705.1 0 -6084.88 0 0
23600000 -72301.9 -72588 0 -5950.14 0 0
23700000 -72239.7 -72826 0 -5535.6 0 0
23800000 -72177.4 -72858.9 0 -5117.5 0 0
23900000 -72227.7 -72947.1 0 -4887.26 0 0
24000000 -72285.2 -72843.7 0 -4672.59 0 0
24100000 -72555.4 -72549.5 0 -4209.44 0 0
24200000 -72543.7 -72627 0 -3855.46 0 0
24300000 -72534.6 -72488.1 0 -3518.54 0 0
24400000 -72437.6 -72549.4 0 -3159.36 0 0
24500000 -72702.6 -72398.1 0 -2558.41 0 0
24600000 -72608.4 -72613.4 0 -2157.47 0 0
24700000 -72581.4 -72648.9 0 -1824.41 0 0
24800000 -72387.1 -72727.9 0 -1368.06 0 0
24900000 -72777.6 -72590.4 0 -843.223 0 0
25000000 -72734.9 -72644.1 0 -425.225 0 0
25100000 -72650.5 -72645 0 -41.3906 0 0
25200000 -72552.9 -72754.7 0 547.874 0 0
25300000 -72572.9 -72968.4 0 915.763 0 0
25400000 -72489.7 -72820.2 0 1303.8 0 0
25500000 -72894.6 -72481.8 0 1660.94 0 0
25600000 -72464.9 -72515.2 0 2114.15 0 0
25700000 -72651.4 -72653.8 0 2428.1 0 0
25800000 -72434.2 -72811.9 0 2960.09 0 0
25900000 -72098.7 -73233.8 0 3225.93 0 0
26000000 -72540.2 -72573.8 0 3753.64 0 0
26100000 -72558.3 -72760.3 0 3918.8 0 0
26200000 -72684.6 -72492 0 4089.82 0 0
26300000 -72673.6 -72559.7 0 4574.78 0 0
26400000 -72715 -72734.4 0 4395.47 0 0
26500000 -72444.4 -72785.4 0 4976.08 0 0
26600000 -72496.4 -72915.7 0 5277.63 0 0
26700000 -72604.7 -72687.2 0 4796.9 0 0
26800000 -72694.9 -72618.1 0 5098.96 0 0
26900000 -72721.6 -72630.6 0 5531.16 0 0
27000000 -72753.3 -72526.6 0 5624.69 0 0
27100000 -72584.1 -72593.2 0 5664.94 0 0
27200000 -72496.5 -72445.3 0 5785.02 0 0
27300000 -72387.5 -72722.8 0 5873.17 0 0
27400000 -72652.7 -72612 0 6046.22 0 0
27500000 -72479.8 -72794.9 0 6088.66 0 0
27600000 -72459.7 -72609.1 0 5837.65 0 0
27700000 -72400.6 -72831.2 0 5682.65 0 0
27800000 -72701.7 -72500.7 0 5827.78 0 0
27900000 -72448.6 -72773.7 0 5501.15 0 0
28000000 -72734.4 -72428.7 0 6317.86 0 0
28100000 -72770.2 -72725.9 0 5420.74 0 0
28200000 -72514.3 -72705.4 0 5061.82 0 0
28300000 -72361 -72763.8 0 5583.07 0 0
28400000 -72730.9 -72686.1 0 4767.8 0 0
28500000 -72367.5 -73052.6 0 4930.13 0 0
28600000 -72414.2 -72806.3 0 4737.53 0 0
28700000 -72703.7 -72709.6 0 4132.69 0 0
28800000 -72615.7 -72604.8 0 4049.07 0 0
28900000 -72817.1 -72528 0 3644.62 0 0
29000000 -72583.8 -72753.2 0 3679.11 0 0
29100000 -72713.7 -72591.2 0 3424.08 0 0
29200000 -72650 -72773.6 0 3199.86 0 0
29300000 -72548.2 -72597 0 2439.15 0 0
29400000 -72600.9 -72497.4 0 2157.37 0 0
29500000 -72379.8 -72745.2 0 1634.3 0 0
29600000 -72694.5 -72570.1 0 1206.16 0 0
29700000 -72633.3 -72773.9 0 832.142 0 0
29800000 -72639.4 -72561.5 0 459.737 0 0
29900000 -72827.6 -72622.5 0 148.672 0 0
30000000 -72819.4 -72724.5 0 -446.145 0 0
30100000 -72298.2 -72813.1 0 -844.689 0 0
30200000 -72792.1 -72659 0 -1261.24 0 0
30300000 -72560.8 -72622.7 0 -1831.13 0 0
30400000 -72731 -72703.5 0 -2143.39 0 0
30500000 -72440.7 -72735 0 -2541.15 0 0
30600000 -72463 -72600.3 0 -3123.2 0 0
30700000 -72572 -72590 0 -3190.23 0 0
30800000 -72236.8 -72929.8 0 -3866.82 0 0
30900000 -72462.1 -72612 0 -4122.1 0 0
31000000 -72544 -72623.8 0 -4561.46 0 0
31100000 -72665.8 -72571.6 0 -4783.78 0 0
31200000 -72465.3 -72529.2 0 -5116.82 0 0
31300000 -72320.2 -72743 0 -5696.23 0 0
31400000 -72344.2 -72631.6 0 -5890.18 0 0
31500000 -72484.1 -72449 0 -6253.45 0 0
31600000 -72591 -72466 0 -6530.92 0 0
31700000 -72251.8 -72600.7 0 -6278.79 0 0
31800000 -72285.7 -72599.4 0 -6428.2 0 0
31900000 -71846.1 -73145.8 0 -6599.18 0 0
32000000 -72284.1 -72566.2 0 -7164.24 0 0
32100000 -72295.4 -72484.8 0 -7315.03 0 0
32200000 -72429.7 -72573.8 0 -7363.65 0 0
32300000 -71595.8 -73005.8 0 -6952.58 0 0
32400000 -72356.9 -72645.9 0 -7455.42 0 0
32500000 -72195.5 -72699.7 0 -7504.57 0 0
32600000 -72519.2 -72496.2 0 -7501.26 0 0
32700000 -72433.8 -72502.1 0 -7405.05 0 0
32800000 -72320 -72441.2 0 -7351.52 0 0
32900000 -72269.7 -72775.5 0 -7304.44 0 0
33000000 -72301.5 -72693.4 0 -7106.16 0 0
33100000 -72195.8 -72800.8 0 -7013.77 0 0
33200000 -72034 -72802.7 0 -6804.12 0 0
33300000 -72472.8 -72499.8 0 -6515.39 0 0
33400000 -72421.3 -72507.7 0 -6336.51 0 0
33500000 -72163.1 -72972.1 0 -5758.27 0 0
33600000 -72440 -72490.4 0 -5869.68 0 0
33700000 -72223.8 -72909.6 0 -5527.19 0 0
33800000 -72458 -72898.7 0 -5236.88 0 0
33900000 -72519.9 -72517.7 0 -4856.42 0 0
34000000 -72610.8 -72496.9 0 -4679.68 0 0
34100000 -72225.8 -72847.4 0 -4202.94 0 0
34200000 -72711.9 -72493.9 0 -3954.54 0 0
34300000 -72514.8 -72669 0 -3407.46 0 0
34400000 -72708.6 -72650.8 0 -2920 0 0
34500000 -72563 -72618.2 0 -2739.46 0 0
34600000 -72388.8 -72997.4 0 -2122.31 0 0
34700000 -72401.1 -72699.3 0 -1997.28 0 0
34800000 -72595.3 -72539.6 0 -1422.28 0 0
34900000 -72576 -72674.6 0 -1230.81 0 0
35000000 -72538.9 -72748.8 0 -395.522 0 0
35100000 -72526.2 -72672 0 -79.189 0 0
35200000 -72469.3 -72597.8 0 323.871 0 0
35300000 -72710.4 -72637 0 785.806 0 0
35400000 -72284.4 -73136.7 0 1321.35 0 0
35500000 -72454.3 -72611.2 0 1270.33 0 0
35600000 -72741.3 -72589.4 0 2219.67 0 0
35700000 -72612.1 -72602.7 0 2303.95 0 0
35800000 -72883.8 -72687.3 0 3176.33 0 0
35900000 -72591 -72847 0 3400.65 0 0
36000000 -72588.8 -72647 0 3612.95 0 0
36100000 -72600 -72749 0 4104.18 0 0
36200000 -72395.7 -72863.8 0 4170.16 0 0
36300000 -72444.8 -72771.7 0 4767.76 0 0
36400000 -72443.4 -72797.3 0 4749.44 0 0
36500000 -72601.2 -72553.1 0 5182.59 0 0
36600000 -72613.5 -72678 0 5108.28 0 0
36700000 -72745 -72631 0 5129.49 0 0
36800000 -72594.9 -72672.6 0 5805.05 0 0
36900000 -72580.7 -72608.4 0 5468.36 0 0
37000000 -72559.2 -72567.9 0 5587.95 0 0
37100000 -72743.8 -72399.2 0 5723.58 0 0
37200000 -72606.1 -72493.3 0 5928.84 0 0
37300000 -72570 -72726.8 0 5594.18 0 0
37400000 -72569.9 -72624.5 0 5882.17 0 0
37500000 -72427.5 -72741.9 0 5870.79 0 0
37600000 -72910.5 -72457.4 0 6071.83 0 0
37700000 -72826.8 -72383 0 5882.46 0 0
37800000 -72783.4 -72477.6 0 5620.8 0 0
37900000 -72424.5 -72587.2 0 5618.78 0 0
38000000 -72884.7 -72543.4 0 5765.44 0 0
38100000 -72410.3 -72912.3 0 5385.51 0 0
38200000 -72754.6 -72585.3 0 5459.61 0 0
38300000 -72497.6 -72891.3 0 5593.71 0 0
38400000 -72606.6 -72550.8 0 5449.63 0 0
38500000 -72680.1 -72555.5 0 4554.73 0 0
38600000 -72466.3 -72831.8 0 4573.98 0 0
38700000 -72236.5 -72778 0 4201.94 0 0
38800000 -72608.4 -72692.2 0 4275.64 0 0
38900000 -72314.6 -73043.4 0 4094.95 0 0
39000000 -72630.6 -72687.4 0 3644.17 0 0
39100000 -72775.9 -72714.6 0 3311.72 0 0
39200000 -72663.1 -72681.7 0 2999.34 0 0
39300000 -72694.8 -72615.8 0 2553.28 0 0
39400000 -72296.6 -73128.2 0 2313.1 0 0
39500000 -72652.5 -72880.5 0 1724.31 0 0
39600000 -72531.3 -72835.4 0 1319.5 0 0
39700000 -72622.6 -72738.4 0 1068.13 0 0
39800000 -72512.5 -72866.4 0 481.324 0 0
39900000 -72543.9 -72735.8 0 95.4374 0 0
40000000 -72557.8 -72772.7 0 -406.47 0 0
40100000 -72712.6 -72803.9 0 -876.413 0 0
40200000 -72593.5 -72601.9 0 -1223.23 0 0
40300000 -72672.2 -72631.8 0 -1736.74 0 0
40400000 -72467.4 -72919.6 0 -2103.58 0 0
40500000 -72329.7 -72899.5 0 -2673.99 0 0
40600000 -72721.8 -72559.1 0 -3015.8 0 0
40700000 -72649 -72561.9 0 -3455.45 0 0
40800000 -72264.9 -73031.4 0 -3764.04 0 0
40900000 -72553.7 -72742.9 0 -4263.3 0 0
41000000 -72602.3 -72536.6 0 -4556.07 0 0
41100000 -72482.3 -72716 0 -4922.57 0 0
41200000 -72203.1 -72726.3 0 -5175.27 0 0
41300000 -72538.2 -72566.6 0 -5470.02 0 0
41400000 -72354.8 -72516.2 0 -5812.34 0 0
41500000 -72479 -72548.6 0 -6173.9 0 0
41600000 -72426.9 -72783.9 0 -6427.27 0 0
41700000 -72483.6 -72684.9 0 -6695.78 0 0
41800000 -72418.9 -72431.6 0 -6853.22 0 0
41900000 -72257.7 -72557.4 0 -7145.87 0 0
42000000 -72463.2 -72486.9 0 -7199.79 0 0
42100000 -72134.3 -72860.3 0 -7267.79 0 0
42200000 -72259.6 -72573.1 0 -7310.41 0 0
42300000 -72348.3 -72507.5 0 -7366.79 0 0
42400000 -72089.5 -72828.8 0 -7421.72 0 0
42500000 -72178.8 -72666.3 0 -7411.31 0 0
42600000 -71903.3 -72909.5 0 -7417.94 0 0
42700000 -72310 -72558.1 0 -7130.19 0 0
42800000 -72080 -72653.2 0 -6910.7 0 0
42900000 -72251.9 -72643.6 0 -7207.49 0 0
43000000 -71825.5 -73070.4 0 -6752.89 0 0
43100000 -72277 -72555.8 0 -7108.16 0 0
43200000 -72570.9 -72450.5 0 -6782.84 0 0
43300000 -72083.8 -72789.8 0 -6648.57 0 0
43400000 -72233.8 -72524.9 0 -6520.24 0 0
43500000 -72310.6 -72601 0 -6194.63 0 0
43600000 -72519.1 -72622.6 0 -5958.2 0 0
43700000 -72547.4 -72638.7 0 -5718.73 0 0
43800000 -72436.6 -72351.6 0 -5105.93 0 0
43900000 -72581.9 -72584.3 0 -4936.81 0 0
44000000 -72415.7 -73001.8 0 -4463.98 0 0
44100000 -72693.9 -72564.7 0 -4218.88 0 0
44200000 -72263.4 -72671.3 0 -3920.78 0 0
44300000 -72236.1 -72917.6 0 -3459.03 0 0
44400000 -72461.6 -72574.4 0 -3175.98 0 0
44500000 -72616.4 -72655.6 0 -2556.67 0 0
44600000 -72580 -72494.4 0 -2199.87 0 0
44700000 -72539.8 -72669 0 -1693.06 0 0
44800000 -72599 -72738.9 0 -1365.51 0 0
44900000 -72535.6 -72722 0 -767.641 0 0
45000000 -72597.4 -72765.4 0 -322.341 0 0
45100000 -72778 -72644.6 0 -13.1452 0 0
45200000 -72490.7 -72829.5 0 388.63 0 0
45300000 -72308.1 -72780 0 784.907 0 0
45400000 -72682.3 -72731.7 0 1268.15 0 0
45500000 -72775.5 -72866.8 0 1831.38 0 0
45600000 -72731.2 -72640.3 0 2170.2 0 0
45700000 -72542.2 -72746.9 0 2379.3 0 0
45800000 -72673.2 -72639 0 3009.71 0 0
45900000 -72689.2 -72708.5 0 3381.05 0 0
46000000 -72300.2 -72869.4 0 3421.11 0 0
46100000 -72645.7 -72593.7 0 3776.37 0 0
46200000 -72436.6 -72642.6 0 4180.57 0 0
46300000 -72431.3 -72612.6 0 3958.07 0 0
46400000 -72422 -72662.1 0 4731.98 0 0
46500000 -72368 -72906.3 0 4872.35 0 0
46600000 -72396.7 -72619.4 0 5346.57 0 0
46700000 -72609.8 -72608.6 0 5034.35 0 0
46800000 -72805.9 -72437.1 0 5365.85 0 0
46900000 -72745.3 -72527.1 0 5635.11 0 0
47000000 -72908.9 -72355.2 0 5665.15 0 0
47100000 -72658.4 -72445 0 5790.71 0 0
47200000 -72830.1 -72496.1 0 5918.69 0 0
47300000 -72465.9 -72761.4 0 5827.08 0 0
47400000 -72194.5 -72774.1 0 6333.63 0 0
47500000 -72824.1 -72403.7 0 6104.28 0 0
47600000 -72628.7 -72505.5 0 6397.42 0 0
47700000 -72435 -72813.2 0 6292.96 0 0
47800000 -72342 -72774.8 0 5950.44 0 0
47900000 -72390.8 -72963.1 0 5864.18 0 0
48000000 -72381 -72540 0 6093.28 0 0
48100000 -72719.9 -72624.3 0 5563.24 0 0
48200000 -72612.3 -72639.2 0 5597.76 0 0
48300000 -72500.1 -72591.4 0 5600.11 0 0
48400000 -73030.3 -72316.7 0 4948.67 0 0
48500000 -72754.4 -72712.9 0 4609.27 0 0
48600000 -72411.8 -72869.8 0 4861.72 0 0
48700000 -72719.7 -72568.3 0 4613.56 0 0
48800000 -72419 -72742.1 0 4138.87 0 0
48900000 -72691 -72568.3 0 3678.21 0 0
49000000 -72652.8 -72562.6 0 3642.32 0 0
49100000 -72648.5 -72892.3 0 3174.83 0 0
49200000 -72631.3 -72622.1 0 2825.15 0 0
49300000 -72603.6 -72795.9 0 2707.47 0 0
49400000 -72626.2 -72870.6 0 2191.42 0 0
49500000 -72530.5 -72801.8 0 1625.13 0 0
49600000 -72437.6 -72882.7 0 1143.97 0 0
49700000 -72623 -72682.2 0 855.923 0 0
49800000 -72682.1 -72766.1 0 395.482 0 0
49900000 -72419 -72943 0 99.9642 0 0
50000000 -72319.1 -73191.1 0 -506.268 0 0
