# Time-averaged data for fix ps1
# TimeStep c_thermo_press[1] c_thermo_press[2] c_thermo_press[3] c_thermo_press[4] c_thermo_press[5] c_thermo_press[6]
100000 -43974 -43421 0 718.547 0 0
200000 -43234.5 -44080.1 0 301.588 0 0
300000 -43508 -43483.4 0 -580.454 0 0
400000 -43783 -43336.2 0 -1208.91 0 0
500000 -43467.8 -43524.6 0 -1233.84 0 0
600000 -43807.9 -44104.9 0 -1903.44 0 0
700000 -44118.8 -42901.7 0 -1961.5 0 0
800000 -43584.2 -43476.1 0 -1671.73 0 0
900000 -43305.7 -43729 0 -2395.05 0 0
1000000 -42693.5 -44794.5 0 -2037.29 0 0
1100000 -42849.5 -43927.8 0 -3055.51 0 0
1200000 -43187 -44311.5 0 -2883.9 0 0
1300000 -42983.4 -44442.6 0 -3428.2 0 0
1400000 -42366.9 -44728.6 0 -3635.64 0 0
1500000 -42314.9 -44616 0 -3768.5 0 0
1600000 -43184.1 -43753.2 0 -4051.6 0 0
1700000 -42328.7 -44607.1 0 -3238.27 0 0
1800000 -42217 -44847.1 0 -3529.31 0 0
1900000 -42684.9 -44672.1 0 -4440.41 0 0
2000000 -42220.4 -45026.8 0 -3725.49 0 0
2100000 -42279.5 -44586.3 0 -4097.9 0 0
2200000 -42042.8 -45579.5 0 -3620.2 0 0
2300000 -42340.2 -44884.2 0 -4507.17 0 0
2400000 -42264.8 -44428.8 0 -3582.76 0 0
2500000 -41495 -45846.2 0 -4877.69 0 0
2600000 -41995.7 -44883.1 0 -4153.44 0 0
2700000 -42802.4 -44346.6 0 -3477.31 0 0
2800000 -42877.5 -44816.4 0 -3992.05 0 0
2900000 -42970 -44390.4 0 -3948.12 0 0
3000000 -42294.7 -45406.2 0 -3484.84 0 0
3100000 -42392.5 -45323.6 0 -3750.7 0 0
3200000 -42755.3 -44776.2 0 -3532.15 0 0
3300000 -42888.7 -44969.8 0 -3025.85 0 0
3400000 -42976.5 -44420.4 0 -2957.46 0 0
3500000 -42424.7 -45080 0 -2310.51 0 0
3600000 -42010.5 -45549.6 0 -2580.9 0 0
3700000 -42664.1 -45485 0 -1994.07 0 0
3800000 -43070.3 -44588.5 0 -2674.79 0 0
3900000 -43100.3 -44651.7 0 -1917.46 0 0
4000000 -42914.2 -44959.1 0 -1622.3 0 0
4100000 -43563.2 -44677.9 0 -1319.94 0 0
4200000 -42823.7 -45304.8 0 -1216.55 0 0
4300000 -43678.1 -44316.1 0 -822.258 0 0
4400000 -43834.5 -44461.6 0 -249.952 0 0
4500000 -44026.3 -43922.4 0 -329.402 0 0
4600000 -43217.8 -44778.1 0 165.063 0 0
4700000 -43984.9 -43893.7 0 -251.133 0 0
4800000 -43337.6 -44277.2 0 -239.963 0 0
4900000 -43209.4 -44453.2 0 693.464 0 0
5000000 -42885.2 -44719.2 0 766.513 0 0
5100000 -43847.3 -43909 0 861.6 0 0
5200000 -43558 -44233.4 0 711.808 0 0
5300000 -44331.1 -44174.8 0 583.463 0 0
5400000 -44718.7 -43888.3 0 1604.33 0 0
5500000 -44834.8 -43363.5 0 2269.08 0 0
5600000 -44940 -43320.7 0 2716.8 0 0
5700000 -44196.9 -43363 0 1482.68 0 0
5800000 -43819.2 -44015.6 0 2246.55 0 0
5900000 -43771.6 -44183 0 2783.11 0 0
6000000 -43972.2 -43407.9 0 3114.42 0 0
6100000 -44136.6 -44054.1 0 3111.68 0 0
6200000 -43456.2 -44020.6 0 3497.04 0 0
6300000 -43560.5 -43854.6 0 3891.8 0 0
6400000 -43868 -43628.2 0 3769.26 0 0
6500000 -43406.1 -44128.7 0 3912.22 0 0
6600000 -43793.9 -44070.7 0 4506.69 0 0
6700000 -43320.6 -44197.5 0 4722.47 0 0
6800000 -44596.3 -43580 0 4991.26 0 0
6900000 -43775.7 -44186.3 0 5238.85 0 0
7000000 -45068.4 -42847.4 0 3820.52 0 0
7100000 -43094.7 -44319.2 0 5061.97 0 0
7200000 -43253.4 -44327.3 0 5389.83 0 0
7300000 -43109.7 -44156.5 0 5612.95 0 0
7400000 -42915.5 -43285.7 0 5365.06 0 0
7500000 -42605.4 -43717.5 0 5961.94 0 0
7600000 -43321.4 -44083.4 0 6123.96 0 0
7700000 -43489.7 -43229.5 0 6318.99 0 0
7800000 -43711.2 -43817.7 0 6534.7 0 0
7900000 -43474.6 -43506.7 0 5905.28 0 0
8000000 -43733.1 -43691.3 0 6158.34 0 0
8100000 -42829.6 -44106.1 0 5999.97 0 0
8200000 -43008 -44010.8 0 5323 0 0
8300000 -42037.9 -45077.1 0 5060.47 0 0
8400000 -42557.9 -45007.1 0 4818.55 0 0
8500000 -43212.9 -44533.2 0 5203.07 0 0
8600000 -43227.2 -43878.4 0 5145.66 0 0
8700000 -43075.2 -44409.7 0 5076.78 0 0
8800000 -42452.2 -44635.1 0 4848.58 0 0
8900000 -43135.4 -44077.7 0 4455.37 0 0
9000000 -43397 -44323.7 0 4436.12 0 0
9100000 -43309.6 -45049.2 0 3859.64 0 0
9200000 -42837.9 -44800.7 0 3756.93 0 0
9300000 -43570.1 -44220.2 0 4334.75 0 0
9400000 -42926.7 -44928.2 0 3614.61 0 0
9500000 -43680.6 -44546.5 0 3245.83 0 0
9600000 -43387.8 -44561.7 0 2115.38 0 0
9700000 -43126.6 -44963.2 0 2420.29 0 0
9800000 -43448.4 -44382.8 0 1650.13 0 0
9900000 -43048.6 -44369.4 0 903.814 0 0
10000000 -43145.4 -44046.2 0 1201.7 0 0
10100000 -43419.6 -43226.5 0 706.662 0 0
10200000 -43136.9 -43714.7 0 329.889 0 0
10300000 -43847.1 -43395.6 0 435.383 0 0
10400000 -43318.5 -44024.6 0 -166.203 0 0
10500000 -43002.8 -44782.2 0 -587.332 0 0
10600000 -42675.1 -44011.7 0 -1429.2 0 0
10700000 -42912.2 -44373 0 -1428.68 0 0
10800000 -43239.4 -43907.9 0 -1530.14 0 0
10900000 -43986.8 -43769.1 0 -1775.39 0 0
11000000 -43692.1 -43659 0 -2146.92 0 0
11100000 -42857.1 -44272.2 0 -2234.76 0 0
11200000 -43716.8 -43868.3 0 -2385.76 0 0
11300000 -43030.2 -44011.1 0 -3183.46 0 0
11400000 -42858.1 -43945.4 0 -3624.89 0 0
11500000 -43119.4 -44021.2 0 -3530.3 0 0
11600000 -42943.8 -43957.2 0 -3984.22 0 0
11700000 -43247 -43788.8 0 -3692.35 0 0
11800000 -43075.8 -43313.8 0 -4008.18 0 0
11900000 -42881.5 -44268.9 0 -3625.94 0 0
12000000 -42615.3 -43767.8 0 -4497.98 0 0
12100000 -43245.1 -43840.7 0 -3787.3 0 0
12200000 -43059 -43621.2 0 -3332.83 0 0
12300000 -43022 -43314.8 0 -4319.51 0 0
12400000 -42991.8 -43570.4 0 -3450.34 0 0
12500000 -43176.2 -43500.8 0 -2826.29 0 0
12600000 -42925.5 -43881 0 -3117.98 0 0
12700000 -43160.9 -44331.1 0 -3155.98 0 0
12800000 -42873.9 -44360.6 0 -2947.51 0 0
12900000 -42479 -44318.2 0 -3702.55 0 0
13000000 -42402.7 -44683.8 0 -2611.75 0 0
13100000 -42512.6 -44638.3 0 -2161.38 0 0
13200000 -42968.7 -44022.7 0 -3082.2 0 0
13300000 -43295.1 -44141.4 0 -2487.25 0 0
13400000 -42679.2 -43903.6 0 -2361.81 0 0
13500000 -43131.6 -44434.1 0 -2432.32 0 0
13600000 -42752.9 -44898.3 0 -2458.89 0 0
13700000 -43395.1 -44534 0 -2030.49 0 0
13800000 -43614.5 -43406.5 0 -675.97 0 0
13900000 -42439.2 -43979.4 0 -1458.48 0 0
14000000 -42625.1 -44563.8 0 -444.032 0 0
14100000 -43364.8 -44231 0 -1071.22 0 0
14200000 -42679.8 -43917.9 0 -519.77 0 0
14300000 -43142.5 -43988.3 0 306.387 0 0
14400000 -42843 -44163.5 0 -564.683 0 0
14500000 -43133.9 -44357.4 0 -63.3155 0 0
14600000 -42552.3 -44193.7 0 38.1669 0 0
14700000 -43436.3 -44281.1 0 513.14 0 0
14800000 -43387 -44246.1 0 534.472 0 0
14900000 -43660.3 -44264.8 0 1227.69 0 0
15000000 -42800.9 -43910.2 0 1334.12 0 0
15100000 -42714.9 -44444.7 0 1876.24 0 0
15200000 -43039.9 -44826.8 0 2143 0 0
15300000 -43238.5 -43863.4 0 2252.33 0 0
15400000 -43243.5 -43964.1 0 2729.8 0 0
15500000 -43734.2 -44083.8 0 3371.31 0 0
15600000 -43567.5 -44099.7 0 4184.64 0 0
15700000 -43862 -43087.1 0 4415.61 0 0
15800000 -42992.3 -44043.4 0 3880.94 0 0
15900000 -43814.4 -43817.1 0 4296.37 0 0
16000000 -43216.4 -43890.3 0 5167.59 0 0
16100000 -43631.8 -43331.1 0 4902.12 0 0
16200000 -43796 -43659.9 0 4914.22 0 0
16300000 -43821.5 -44052.7 0 5666.22 0 0
16400000 -43512.3 -44261.6 0 5688.18 0 0
16500000 -43565.9 -43399 0 5149.29 0 0
16600000 -43426.2 -43541.6 0 5624.74 0 0
16700000 -43099 -43959.5 0 5721.25 0 0
16800000 -44143.4 -43700.9 0 6338 0 0
16900000 -43491.6 -43397.8 0 6667.34 0 0
17000000 -43001.2 -43741.9 0 5714.33 0 0
17100000 -43494 -44211.8 0 5887.87 0 0
17200000 -44203.9 -44173.7 0 5847.93 0 0
17300000 -42879.1 -43900.6 0 6033.8 0 0
17400000 -42940.2 -44320.9 0 5749.31 0 0
17500000 -43297.4 -44056.3 0 6626.96 0 0
17600000 -43804.3 -43373.5 0 6390.18 0 0
17700000 -43877.5 -43813.3 0 5227.28 0 0
17800000 -43531.4 -44003.1 0 5044.3 0 0
17900000 -43943.6 -43909.9 0 5296.59 0 0
18000000 -43418.6 -43555.9 0 5567.68 0 0
18100000 -43811.4 -43254.4 0 5733.82 0 0
18200000 -43670.6 -43820.8 0 4887.38 0 0
18300000 -44076.3 -43725.9 0 5359.22 0 0
18400000 -43882.8 -43216.5 0 4425.03 0 0
18500000 -43617.7 -44534.2 0 4981.67 0 0
18600000 -44140.5 -44232.6 0 4462.76 0 0
18700000 -43791.7 -43871.2 0 4014.27 0 0
18800000 -43522.5 -44140.9 0 4197.63 0 0
18900000 -43272.9 -44313.5 0 3026.7 0 0
19000000 -43578.9 -44213.1 0 3883.8 0 0
19100000 -44055.4 -43510.9 0 4506.28 0 0
19200000 -43269.8 -44455.3 0 2431.02 0 0
19300000 -44061.8 -44285.6 0 2882.66 0 0
19400000 -44142.8 -44440.9 0 2027.4 0 0
19500000 -43060.7 -44386.8 0 1917.67 0 0
19600000 -43367.7 -44033.6 0 1835.99 0 0
19700000 -43294.7 -44189.6 0 1580.63 0 0
19800000 -44028.2 -44471 0 280.034 0 0
19900000 -43598.5 -44327.9 0 1063.63 0 0
20000000 -43834.6 -43117.2 0 -73.5864 0 0
20100000 -43275 -43774.2 0 -300.003 0 0
20200000 -44035.2 -43872 0 -1096.76 0 0
20300000 -42680.4 -44847 0 -408.083 0 0
20400000 -43212.4 -43869.8 0 42.7453 0 0
20500000 -43712.6 -43313.4 0 -611.082 0 0
20600000 -43094.8 -44831.7 0 -951.576 0 0
20700000 -42652.6 -44923.2 0 -1808.69 0 0
20800000 -43461.5 -44582.6 0 -1669.34 0 0
20900000 -42736 -44847.1 0 -2137.76 0 0
21000000 -43706.5 -44089.8 0 -2266.97 0 0
21100000 -43682.8 -44192.5 0 -2665.23 0 0
21200000 -42584 -44822.7 0 -2648.57 0 0
21300000 -43588.9 -44001.5 0 -2052.67 0 0
21400000 -43359.3 -44477.7 0 -2196.44 0 0
21500000 -43689.1 -44358.9 0 -2085.97 0 0
21600000 -42629.7 -45275.9 0 -2562.39 0 0
21700000 -42788.7 -44513.3 0 -3258.46 0 0
21800000 -43554.5 -44360.3 0 -2561.09 0 0
21900000 -43515.5 -44730.3 0 -3071.53 0 0
22000000 -43573.4 -44646.1 0 -3125.82 0 0
22100000 -43219.7 -44230.2 0 -3309.56 0 0
22200000 -43118.4 -44965.4 0 -2982.25 0 0
22300000 -43051.2 -44950 0 -3972.11 0 0
22400000 -43874.9 -44217.6 0 -3399.67 0 0
22500000 -43346.9 -44666.3 0 -2952.6 0 0
22600000 -43210.5 -45122.5 0 -3245.45 0 0
22700000 -43893.1 -44299.8 0 -2455.12 0 0
22800000 -43407.2 -44904.8 0 -2535.74 0 0
22900000 -43484.6 -44023.9 0 -2752.87 0 0
23000000 -43396 -44339 0 -3639.64 0 0
23100000 -43458.8 -44566.1 0 -2946.56 0 0
23200000 -43645.2 -44347.2 0 -2812.79 0 0
23300000 -42979.3 -44996.4 0 -2967.16 0 0
23400000 -44077.2 -44058.5 0 -2300.36 0 0
23500000 -43430.3 -44729 0 -2636.77 0 0
23600000 -43689.9 -43712.4 0 -2293.49 0 0
23700000 -43715.2 -44025.5 0 -1830.72 0 0
23800000 -44208.7 -44205.3 0 -907.972 0 0
23900000 -43435.6 -44214.7 0 -1396.79 0 0
24000000 -44346.9 -43404.2 0 -1378.63 0 0
24100000 -43926.7 -43785.3 0 -276.367 0 0
24200000 -43191.7 -44417.4 0 43.2731 0 0
24300000 -43986.6 -43234.7 0 604.727 0 0
24400000 -43899.4 -43742.1 0 631.634 0 0
24500000 -44054.7 -44140.3 0 1091.32 0 0
24600000 -43664.6 -44602.3 0 1497.62 0 0
24700000 -42838.5 -45185 0 1690.03 0 0
24800000 -43061.6 -45385.6 0 1841.05 0 0
24900000 -44335.5 -44205.1 0 1356.54 0 0
25000000 -43316.4 -44591 0 2009.69 0 0
25100000 -43173.5 -44284.7 0 2351.88 0 0
25200000 -43504.6 -44518 0 2391.31 0 0
25300000 -43367.7 -44040.1 0 2931.77 0 0
25400000 -44553.9 -43575.6 0 3163.4 0 0
25500000 -43717.6 -43682 0 3562.07 0 0
25600000 -43609 -44485.1 0 3685.56 0 0
25700000 -42941 -44800 0 3873.23 0 0
25800000 -43272 -44534.8 0 4249.58 0 0
25900000 -42746.4 -45034.6 0 4470.84 0 0
26000000 -43718 -43684.6 0 4201.12 0 0
26100000 -43863.6 -43785 0 5432.15 0 0
26200000 -43594.1 -44289.4 0 5712.46 0 0
26300000 -43109.2 -44274.8 0 5505.82 0 0
26400000 -43338.7 -44128 0 5728.65 0 0
26500000 -43025.8 -44587.7 0 5743.92 0 0
26600000 -43686.3 -43805.8 0 5020.62 0 0
26700000 -42840.9 -44383.9 0 5400.97 0 0
26800000 -43101.2 -43650.6 0 5529.64 0 0
26900000 -43530.2 -44276.8 0 5950.97 0 0
27000000 -43628.6 -43996.9 0 4963.21 0 0
27100000 -43962.3 -43444.1 0 5631.3 0 0
27200000 -44006.9 -43472.7 0 5093.3 0 0
27300000 -44279.9 -43312.9 0 5576.16 0 0
27400000 -44059.6 -43651.1 0 5406.88 0 0
27500000 -43511.3 -43922 0 5292.42 0 0
27600000 -43812.7 -43646.1 0 5368.34 0 0
27700000 -44145 -43314.9 0 4957.45 0 0
27800000 -44233.8 -43578.1 0 5163.87 0 0
27900000 -44111.7 -43211.3 0 5239.77 0 0
28000000 -43530.3 -43832.5 0 4578.68 0 0
28100000 -44061.2 -43330 0 4566.09 0 0
28200000 -43230.7 -43725.7 0 4334.66 0 0
28300000 -44073.8 -43339.3 0 3789.81 0 0
28400000 -43848.3 -43072.7 0 3729.22 0 0
28500000 -42727.7 -43399.3 0 3867.99 0 0
28600000 -43607 -43270.4 0 3341.85 0 0
28700000 -43989.6 -43073.5 0 3347.79 0 0
28800000 -44847.7 -43179.5 0 3014.39 0 0
28900000 -44611 -43187.4 0 2828.75 0 0
29000000 -43932.4 -43836.8 0 2353.99 0 0
29100000 -43832.3 -43294 0 2448.11 0 0
29200000 -44237.3 -43222.3 0 2180.78 0 0
29300000 -44048.5 -43400.9 0 1677.72 0 0
29400000 -44161.9 -43804.1 0 955.749 0 0
29500000 -43726.5 -43590.9 0 1014.27 0 0
29600000 -43661.8 -43709.5 0 504.798 0 0
29700000 -43287.1 -43858.5 0 705.92 0 0
29800000 -44205.9 -43353.3 0 503.974 0 0
29900000 -44320.5 -42873.3 0 47.6833 0 0
30000000 -43655.4 -43520.2 0 -308.187 0 0
30100000 -43025.7 -43610.5 0 -534.05 0 0
30200000 -43903.5 -43300.2 0 -928.091 0 0
30300000 -43636.4 -43282.9 0 -1638.71 0 0
30400000 -43422.4 -43110.9 0 -1659.28 0 0
30500000 -43308.3 -43328.5 0 -1395.94 0 0
30600000 -43622.4 -42965.4 0 -1942.89 0 0
30700000 -43402.2 -43932.4 0 -2264.37 0 0
30800000 -44744.8 -42642.5 0 -2650.51 0 0
30900000 -43999.3 -43054.1 0 -3213.96 0 0
31000000 -43783.3 -43274.3 0 -3196.45 0 0
31100000 -44197.8 -43279.6 0 -3277.92 0 0
31200000 -43807.7 -43235.8 0 -3937.86 0 0
31300000 -43828.3 -43385.9 0 -3943.87 0 0
31400000 -43725.3 -43264.3 0 -3928.01 0 0
31500000 -44176.1 -43255.8 0 -3400.14 0 0
31600000 -42990.8 -43716.9 0 -4597.8 0 0
31700000 -44450 -43068.6 0 -4839.4 0 0
31800000 -42928.5 -44514.2 0 -4792.44 0 0
31900000 -43069.5 -44050.1 0 -4219.86 0 0
32000000 -42798.6 -44654.3 0 -4547.15 0 0
32100000 -42734.8 -44312.1 0 -4476.08 0 0
32200000 -41840.9 -45238.5 0 -4848.49 0 0
32300000 -43561.3 -43786.2 0 -4233.94 0 0
32400000 -43633.3 -43515.9 0 -5126.81 0 0
32500000 -44062.3 -42734.7 0 -4222.33 0 0
32600000 -43558.1 -43398.2 0 -4539.7 0 0
32700000 -43833.1 -43218.1 0 -4022.96 0 0
32800000 -44140.9 -42960.1 0 -4179.56 0 0
32900000 -44077.7 -42719 0 -3778.9 0 0
33000000 -43435.5 -43730.1 0 -3576.39 0 0
33100000 -43442.2 -43438.5 0 -3388.36 0 0
33200000 -43061.1 -44147.8 0 -3561.82 0 0
33300000 -43571.7 -43352.8 0 -4093.36 0 0
33400000 -43707.3 -43604.6 0 -3619.53 0 0
33500000 -44500.8 -43554.8 0 -3958.61 0 0
33600000 -44801 -42944.5 0 -3502.37 0 0
33700000 -44108.4 -42974.7 0 -3200.97 0 0
33800000 -43940.4 -43753.4 0 -3493.04 0 0
33900000 -43625.1 -44430.1 0 -3128.42 0 0
34000000 -43278.5 -43865.7 0 -2804.04 0 0
34100000 -43799.2 -43613.7 0 -2846.22 0 0
34200000 -44231.4 -43509 0 -2035.24 0 0
34300000 -43801.8 -43497.2 0 -1670.91 0 0
34400000 -43665.5 -43743.7 0 -818.824 0 0
34500000 -42380.3 -44423.4 0 -934.473 0 0
34600000 -44244.6 -43823.4 0 -639.432 0 0
34700000 -43993.9 -43698.4 0 -478.647 0 0
34800000 -44049.1 -44123.8 0 -368.001 0 0
34900000 -44358.5 -43234.7 0 -422.803 0 0
35000000 -43954.1 -43711.6 0 -1031.41 0 0
35100000 -44158.4 -43446.9 0 595.956 0 0
35200000 -44201.7 -43280.1 0 237.922 0 0
35300000 -44410.7 -42938 0 269.634 0 0
35400000 -44535.6 -43526.6 0 1260.01 0 0
35500000 -44320.5 -43536.2 0 1875.19 0 0
35600000 -44903.9 -42889.2 0 2052.83 0 0
35700000 -44520.8 -43461.3 0 2812.83 0 0
35800000 -44988.7 -42685.2 0 2232 0 0
35900000 -44875.1 -42908.8 0 2733.2 0 0
36000000 -44280 -43258.6 0 2945.66 0 0
36100000 -43872.1 -43295.1 0 3207.62 0 0
36200000 -44264.5 -43504.1 0 2786.11 0 0
36300000 -44399.7 -43188.2 0 2655.92 0 0
36400000 -44144.1 -42764.8 0 3632.97 0 0
36500000 -43695.1 -43379.3 0 3485.7 0 0
36600000 -44038.4 -44042.3 0 3715.26 0 0
36700000 -44111 -44072.9 0 3894.18 0 0
36800000 -44639.9 -43691.9 0 3807.18 0 0
36900000 -44722.8 -43489 0 4382.48 0 0
37000000 -44019 -44056.2 0 4403.38 0 0
37100000 -44145.1 -43808.5 0 4378 0 0
37200000 -44231.9 -43239.2 0 4370.49 0 0
37300000 -43553.8 -43739 0 5152.42 0 0
37400000 -44375.9 -43678.7 0 4903 0 0
37500000 -44752.3 -44006.3 0 4448.8 0 0
37600000 -44384.6 -44129.9 0 4222.59 0 0
37700000 -44147.6 -44193.5 0 4565.43 0 0
37800000 -43877.4 -44139.1 0 4791.74 0 0
37900000 -43981.5 -44090.4 0 4311.98 0 0
38000000 -44224.4 -43569.7 0 4001.74 0 0
38100000 -44368.4 -43910 0 4254.04 0 0
38200000 -44297.3 -43932.2 0 3417.61 0 0
38300000 -44280.1 -43770.3 0 3538.74 0 0
38400000 -43475.3 -43911.9 0 3612.54 0 0
38500000 -43865.1 -43980.9 0 3470.89 0 0
38600000 -44123.7 -44201.7 0 2623.92 0 0
38700000 -44687.2 -43215.7 0 2706.84 0 0
38800000 -44244.5 -43117.6 0 2661.97 0 0
38900000 -43905.8 -43524.2 0 1759.08 0 0
39000000 -43819 -43388.8 0 1905.11 0 0
39100000 -43777 -43756.9 0 2288.84 0 0
39200000 -43507.1 -43511.5 0 1460 0 0
39300000 -43623.7 -44121.2 0 1417.97 0 0
39400000 -44093.5 -44379.3 0 936.897 0 0
39500000 -44070.5 -44316.3 0 600.874 0 0
39600000 -43436.8 -44361.2 0 601.768 0 0
39700000 -43028.5 -44406.6 0 1152.89 0 0
39800000 -43412.3 -44893.3 0 -281.314 0 0
39900000 -43467.5 -44301.3 0 503.887 0 0
40000000 -43725 -44587.3 0 -77.4079 0 0
40100000 -43521.7 -44725.2 0 -620.132 0 0
40200000 -43259.9 -44750.1 0 -787.315 0 0
40300000 -43673 -44312.2 0 -1167.24 0 0
40400000 -43904.8 -43959.1 0 -1495.7 0 0
40500000 -43508.5 -44187 0 -1681.92 0 0
40600000 -43905.9 -44015.4 0 -1881.11 0 0
40700000 -43197.2 -44347.9 0 -2379.45 0 0
40800000 -43212.8 -44449.6 0 -2506.84 0 0
40900000 -43461.4 -44386.6 0 -3427.51 0 0
41000000 -44004.1 -43983.2 0 -3169.42 0 0
41100000 -43489 -44332.9 0 -3160.41 0 0
41200000 -43391.4 -44470.3 0 -3954.74 0 0
41300000 -43906.9 -44226.8 0 -4061.75 0 0
41400000 -43436.1 -44167.8 0 -3924.89 0 0
41500000 -43814.7 -44363 0 -3795.73 0 0
41600000 -44015.5 -44115.4 0 -4410.47 0 0
41700000 -43581.2 -44273.3 0 -4513.81 0 0
41800000 -43734.2 -44195 0 -4756.56 0 0
41900000 -43867.7 -44045.4 0 -4601.74 0 0
42000000 -44096.4 -44428.8 0 -4621.93 0 0
42100000 -43598.6 -44120.7 0 -4509.17 0 0
42200000 -43903.7 -43711.3 0 -4837.53 0 0
42300000 -44066.1 -43684.2 0 -4167.95 0 0
42400000 -44351.1 -43738.4 0 -4091.85 0 0
42500000 -43622.3 -44257.9 0 -4764.89 0 0
42600000 -44060 -44473.6 0 -4011.16 0 0
42700000 -44048.5 -44206.7 0 -4343.3 0 0
42800000 -43401.7 -44537.1 0 -4333.14 0 0
42900000 -43822.6 -44422.1 0 -3937.03 0 0
43000000 -44236.1 -44191.5 0 -2867.52 0 0
43100000 -43395.3 -44039.8 0 -3115.56 0 0
43200000 -43589.6 -44123.9 0 -3231.16 0 0
43300000 -43154.4 -44376.5 0 -2876.51 0 0
43400000 -43213.8 -44334.2 0 -3587.58 0 0
43500000 -43165.2 -44129.9 0 -3662.78 0 0
43600000 -43493.8 -44512.4 0 -2940.93 0 0
43700000 -43734 -44594.8 0 -2536.84 0 0
43800000 -43906.6 -44183 0 -2929.64 0 0
43900000 -43155.4 -44606.5 0 -2946.4 0 0
44000000 -42471.9 -45220.7 0 -2464.84 0 0
44100000 -43090.3 -44943.5 0 -2280.66 0 0
44200000 -43842.2 -44665.5 0 -2284.3 0 0
44300000 -44183.3 -44233.8 0 -1696.6 0 0
44400000 -43737.2 -44586.6 0 -1423.73 0 0
44500000 -43204 -44359.5 0 -759.132 0 0
44600000 -43744.5 -44334.8 0 -417.187 0 0
44700000 -43457 -44601.8 0 190.872 0 0
44800000 -43419.5 -44628.8 0 -254.902 0 0
44900000 -43037 -44750.5 0 415.512 0 0
45000000 -43316.6 -44477.8 0 936.09 0 0
45100000 -43412.8 -44489.1 0 1721.38 0 0
45200000 -43995.8 -44084.7 0 1696.64 0 0
45300000 -44296.6 -44023.1 0 1598.35 0 0
45400000 -43822.3 -44483 0 1655.37 0 0
45500000 -43658.2 -44602.6 0 1749.86 0 0
45600000 -44031 -44631.2 0 1895.63 0 0
45700000 -42781.8 -45387.5 0 2239.99 0 0
45800000 -44635.6 -44889.9 0 2617.02 0 0
45900000 -44323.8 -44718.2 0 2672.17 0 0
46000000 -44306 -44164.8 0 2193.87 0 0
46100000 -44469.3 -44587.1 0 3423.51 0 0
46200000 -42542.5 -45736.9 0 2882.37 0 0
46300000 -43310.1 -45552.5 0 3449.42 0 0
46400000 -42999.3 -45353.3 0 3296.81 0 0
46500000 -45077.8 -44960.8 0 3801.61 0 0
46600000 -44103.3 -45204.5 0 4166.19 0 0
46700000 -44602.3 -44271.9 0 3996.76 0 0
46800000 -43636.6 -45164.4 0 3928.46 0 0
46900000 -44269.9 -44931.9 0 2685.92 0 0
47000000 -44123.6 -44411.3 0 3228.03 0 0
47100000 -44298.3 -44004.9 0 3661.09 0 0
47200000 -44500.9 -43953.6 0 4059.66 0 0
47300000 -43473.7 -45036.7 0 3542.97 0 0
47400000 -43396.1 -44425.1 0 3651.01 0 0
47500000 -43284.9 -44672.8 0 4485.5 0 0
47600000 -43839.4 -43824.3 0 4021.53 0 0
47700000 -42949.9 -44731.8 0 4430.84 0 0
47800000 -43292.9 -44569.8 0 4421.46 0 0
47900000 -43254.1 -44586.7 0 4224.79 0 0
48000000 -43474.7 -44258.1 0 3847.54 0 0
48100000 -45172.1 -44074.5 0 3527.9 0 0
48200000 -44103 -43926.4 0 3687.25 0 0
48300000 -43870.5 -44485 0 3369.87 0 0
48400000 -43754.1 -44081 0 2902.94 0 0
48500000 -43954.3 -44416.4 0 3339.05 0 0
48600000 -44537.2 -43649.2 0 2875.18 0 0
48700000 -43858.5 -44628.2 0 2770.53 0 0
48800000 -44680.4 -43974.7 0 2139.11 0 0
48900000 -44077.9 -44119.1 0 1908.32 0 0
49000000 -43279.4 -44998.8 0 1779.55 0 0
49100000 -44213 -43966.2 0 1218.71 0 0
49200000 -43697.3 -44513.4 0 1235.53 0 0
49300000 -43650.2 -44522.9 0 1104.46 0 0
49400000 -43843.8 -44214.7 0 139.699 0 0
49500000 -43711.1 -44659.8 0 131.589 0 0
49600000 -43509.8 -44583.2 0 -314.977 0 0
49700000 -43994.9 -44572.6 0 -672.589 0 0
49800000 -43832.2 -44329.4 0 -1106.56 0 0
49900000 -44195.7 -43866.4 0 -1358.6 0 0
50000000 -44454.8 -44175.7 0 -2319.23 0 0
