# Time-averaged data for fix ps1
# TimeStep c_thermo_press[1] c_thermo_press[2] c_thermo_press[3] c_thermo_press[4] c_thermo_press[5] c_thermo_press[6]
100000 -51867.5 -52272 0 -1206.34 0 0
200000 -52157.3 -51817.6 0 -1083.76 0 0
300000 -51717.2 -52129.1 0 -1454.61 0 0
400000 -51201.9 -52563 0 -1823.5 0 0
500000 -51877.8 -52129.2 0 -1994.36 0 0
600000 -51081.9 -52878 0 -1900.8 0 0
700000 -51828.9 -52411.2 0 -3365.1 0 0
800000 -51771.1 -52142.8 0 -3126.57 0 0
900000 -51857.8 -52407.4 0 -3618.33 0 0
1000000 -51714.8 -52086.9 0 -3443.46 0 0
1100000 -51900.5 -51672.5 0 -4155.28 0 0
1200000 -51562.6 -52155.5 0 -4512.71 0 0
1300000 -51519 -52824.8 0 -4239.93 0 0
1400000 -51167.6 -52398.9 0 -4543.01 0 0
1500000 -51288.5 -52552.2 0 -5125.49 0 0
1600000 -51245.7 -52176.4 0 -5393.13 0 0
1700000 -51314.6 -51938.1 0 -5596.31 0 0
1800000 -51942.4 -51975 0 -5904.86 0 0
1900000 -51698.9 -52448.9 0 -5612.74 0 0
2000000 -51776.9 -52003.2 0 -6022.91 0 0
2100000 -51935.4 -51914.3 0 -6591.68 0 0
2200000 -51630.6 -51986.3 0 -6369.62 0 0
2300000 -51467.3 -52248.2 0 -5961.64 0 0
2400000 -51677.1 -51833.4 0 -6198.32 0 0
2500000 -51445.5 -52204.8 0 -6126.35 0 0
2600000 -51763.4 -51893.1 0 -6178 0 0
2700000 -51661.9 -51999.2 0 -6835.85 0 0
2800000 -51299.2 -52441 0 -6072.83 0 0
2900000 -51436.2 -52161.5 0 -5836.41 0 0
3000000 -51844.3 -51996.1 0 -5910.88 0 0
3100000 -51772.4 -51781.6 0 -5992.35 0 0
3200000 -51435.3 -52621.9 0 -5569.23 0 0
3300000 -51658 -52071.7 0 -5789.59 0 0
3400000 -51169.5 -52786.7 0 -4934.21 0 0
3500000 -51531.5 -52460.5 0 -4706 0 0
3600000 -51527.7 -52232.3 0 -4853.56 0 0
3700000 -51948.2 -52332.8 0 -4624.82 0 0
3800000 -51686 -51967.8 0 -4381.32 0 0
3900000 -52022.4 -52393.5 0 -3963.57 0 0
4000000 -51746.5 -51908.6 0 -3793.07 0 0
4100000 -51441.9 -52146 0 -3248.5 0 0
4200000 -51969.6 -52177 0 -2235.26 0 0
4300000 -52180.2 -52438.6 0 -2421.69 0 0
4400000 -51733.4 -52264.9 0 -1896.76 0 0
4500000 -51822.8 -52121.9 0 -1465.81 0 0
4600000 -51932 -52066.1 0 -1401.94 0 0
4700000 -51969.9 -52122.2 0 -750.197 0 0
4800000 -52247.5 -51757.2 0 -649.022 0 0
4900000 -51505.3 -52389.8 0 -355.865 0 0
5000000 -51851.2 -52123.9 0 -280.692 0 0
5100000 -52213.1 -51637.2 0 442.5 0 0
5200000 -52520.8 -51889.5 0 756.37 0 0
5300000 -51614.5 -51931.1 0 865.07 0 0
5400000 -52305.7 -51678.9 0 1614.65 0 0
5500000 -52060.5 -52050.9 0 1956.47 0 0
5600000 -51986.3 -52170.3 0 2275.29 0 0
5700000 -51614.8 -52257.2 0 2569.68 0 0
5800000 -51794.3 -52337.4 0 2690.35 0 0
5900000 -52171.3 -52119.3 0 3017.35 0 0
6000000 -51953.1 -52261.8 0 3116.67 0 0
6100000 -52036.7 -52003.6 0 3630.74 0 0
6200000 -52063.9 -52012.4 0 3534.93 0 0
6300000 -52114 -52358.6 0 3466.42 0 0
6400000 -51977.7 -52165 0 3358.94 0 0
6500000 -51972 -52379.5 0 3979.53 0 0
6600000 -51822 -52198.6 0 4444.46 0 0
6700000 -52110.4 -51863.2 0 4342.47 0 0
6800000 -51860.2 -52222.1 0 4840.82 0 0
6900000 -51900.7 -51950.9 0 4859.09 0 0
7000000 -52046.5 -52047 0 4985.17 0 0
7100000 -51909.6 -51996.8 0 5381.47 0 0
7200000 -52003.4 -51938.9 0 4948.08 0 0
7300000 -52054.6 -52100.3 0 5206.95 0 0
7400000 -52394.7 -51667.5 0 5150.37 0 0
7500000 -51706.4 -52088.8 0 5094.26 0 0
7600000 -51938.9 -52069.3 0 5498.17 0 0
7700000 -51965 -52024.8 0 5224.29 0 0
7800000 -51880.2 -51958 0 5309.34 0 0
7900000 -52179 -52024.3 0 4772.44 0 0
8000000 -52216.8 -51699.1 0 4695.92 0 0
8100000 -52306.8 -51932.7 0 4856.36 0 0
8200000 -51805.3 -52426.9 0 4197.02 0 0
8300000 -52126.1 -51920.9 0 4670.83 0 0
8400000 -52453.1 -51945.9 0 4333.21 0 0
8500000 -51706.4 -52613.2 0 3800.19 0 0
8600000 -52122.6 -52150.6 0 3726.15 0 0
8700000 -52247.6 -52208.6 0 3957.72 0 0
8800000 -52160.4 -52152.6 0 3547.87 0 0
8900000 -52096.1 -51815.4 0 3375.28 0 0
9000000 -51568.4 -52474.7 0 3056.99 0 0
9100000 -52242.7 -51981.2 0 2897.73 0 0
9200000 -52137.6 -51940.9 0 2450.87 0 0
9300000 -51914.4 -52182.9 0 1967.65 0 0
9400000 -51995.4 -52172.1 0 1770.22 0 0
9500000 -51902.1 -52097.7 0 1258.7 0 0
9600000 -52222.4 -51954.4 0 1006.79 0 0
9700000 -52380.6 -51998 0 596.363 0 0
9800000 -52102.5 -52060.7 0 507.517 0 0
9900000 -51908.6 -51862.7 0 136.001 0 0
10000000 -52079.7 -52235.7 0 -444.076 0 0
10100000 -51945.8 -52061.6 0 -773.666 0 0
10200000 -51608.1 -52408.7 0 -1210.44 0 0
10300000 -51753.2 -52703 0 -1650.77 0 0
10400000 -51703.4 -52281.5 0 -1735.76 0 0
10500000 -51711.2 -52292.7 0 -2232.98 0 0
10600000 -51965.9 -52374.6 0 -2529.22 0 0
10700000 -51861.6 -52233.9 0 -2942.46 0 0
10800000 -51820.9 -52117.1 0 -3286.43 0 0
10900000 -51656 -52122 0 -3959.34 0 0
11000000 -51705.3 -52289.2 0 -4217.97 0 0
11100000 -52153.1 -51911.8 0 -4223.45 0 0
11200000 -51851.6 -51967.6 0 -4937.43 0 0
11300000 -51600.9 -52188 0 -4787.07 0 0
11400000 -51931 -51973.3 0 -5416.11 0 0
11500000 -52174.7 -51855 0 -5735.44 0 0
11600000 -51666.8 -52117.4 0 -5691.57 0 0
11700000 -52083.3 -52225.2 0 -5245.72 0 0
11800000 -52006.8 -52129.2 0 -5835.47 0 0
11900000 -52046.7 -52229.1 0 -5875.39 0 0
12000000 -52234.4 -51791.8 0 -6249.05 0 0
12100000 -52098.9 -51778.7 0 -5878.37 0 0
12200000 -52463.5 -52034.6 0 -5320.55 0 0
12300000 -51724.9 -52686.4 0 -4919.21 0 0
12400000 -52056 -52281.5 0 -5365.77 0 0
12500000 -52273.7 -52135.7 0 -5350.86 0 0
12600000 -51626.3 -52459.4 0 -4724.26 0 0
12700000 -52468.2 -51741.2 0 -5131.03 0 0
12800000 -52066.1 -52541.9 0 -5198.32 0 0
12900000 -52366.2 -52046.1 0 -5234.67 0 0
13000000 -52219.5 -52156.1 0 -5119.01 0 0
13100000 -51965.3 -52435.7 0 -5147.73 0 0
13200000 -52232.5 -52185.5 0 -4670.06 0 0
13300000 -52542.9 -51966.2 0 -4575.63 0 0
13400000 -51998.2 -52462.4 0 -4308.76 0 0
13500000 -52370.4 -52572.3 0 -3737.71 0 0
13600000 -52377.8 -52368 0 -3855.87 0 0
13700000 -52041.7 -52140.9 0 -4523.69 0 0
13800000 -51947 -51981.9 0 -4406.47 0 0
13900000 -51744.3 -52368.3 0 -3491.55 0 0
14000000 -52165 -52349.8 0 -3852.96 0 0
14100000 -52041.6 -52421.3 0 -3605.81 0 0
14200000 -51963.6 -52345.7 0 -3318.9 0 0
14300000 -52037.5 -52137.1 0 -3681.1 0 0
14400000 -51962.9 -51970.2 0 -2954.98 0 0
14500000 -51854.9 -52418.9 0 -2451.42 0 0
14600000 -51808.6 -52212.6 0 -2120.86 0 0
14700000 -52132.9 -51897.9 0 -1685.6 0 0
14800000 -51956 -52328.7 0 -1433.86 0 0
14900000 -52469.6 -51997.5 0 -1113.32 0 0
15000000 -52166.7 -52015.6 0 -809.783 0 0
15100000 -52135.6 -52090.4 0 -191.708 0 0
15200000 -52057 -52343.5 0 36.4333 0 0
15300000 -52073.3 -52071.1 0 93.6357 0 0
15400000 -52307.9 -51989.5 0 892.254 0 0
15500000 -52444 -52275.2 0 1282.99 0 0
15600000 -52373.5 -52208 0 1231.89 0 0
15700000 -51855.5 -52523.5 0 1674.76 0 0
15800000 -52486 -51854 0 2171.67 0 0
15900000 -52130.3 -52336.3 0 2397 0 0
16000000 -52056.9 -52294.5 0 2664.71 0 0
16100000 -52111.7 -52070.4 0 2999.6 0 0
16200000 -52551.7 -51619.9 0 3339.3 0 0
16300000 -52357.6 -51726.5 0 3548.66 0 0
16400000 -52346.9 -51945.6 0 3954.26 0 0
16500000 -52241.5 -51983.1 0 4153.94 0 0
16600000 -52351.4 -52056.2 0 4298.48 0 0
16700000 -52146.7 -52072.1 0 4371.9 0 0
16800000 -52178.2 -52349.2 0 4600.54 0 0
16900000 -52271.8 -51982.8 0 4906.48 0 0
17000000 -52341.6 -51938.4 0 4719.24 0 0
17100000 -52287.1 -51769.4 0 5019.24 0 0
17200000 -52286.1 -51749.8 0 5249.63 0 0
17300000 -52379.5 -52145.7 0 5341.42 0 0
17400000 -52376.1 -52003 0 5205.77 0 0
17500000 -52372.9 -51670.1 0 5215.62 0 0
17600000 -52506 -51814.6 0 5312.46 0 0
17700000 -52281.2 -51922.4 0 5025.77 0 0
17800000 -52356.7 -51862.7 0 5033.27 0 0
17900000 -52117.3 -52061.3 0 5377.51 0 0
18000000 -52160.3 -52165.8 0 4585.68 0 0
18100000 -52151.4 -52088.9 0 4979.58 0 0
18200000 -52064.5 -52160 0 4558.71 0 0
18300000 -51612.4 -52401 0 4619.16 0 0
18400000 -51944 -52399.5 0 3980.25 0 0
18500000 -52279.8 -52160.8 0 4142.62 0 0
18600000 -51798.3 -52242 0 4249.94 0 0
18700000 -52071 -51981.4 0 3958.37 0 0
18800000 -52004.8 -52038 0 3621.68 0 0
18900000 -52098.5 -52115.2 0 3583.08 0 0
19000000 -51685.1 -52256.4 0 2992.32 0 0
19100000 -52072.3 -52277.8 0 2869.59 0 0
19200000 -52153 -52269.7 0 2981 0 0
19300000 -51997.6 -52161 0 2164.99 0 0
19400000 -51516.9 -52164.4 0 2357.16 0 0
19500000 -51780.7 -51952.4 0 1512.22 0 0
19600000 -51899.8 -52377.3 0 1611.97 0 0
19700000 -52249.2 -52013.3 0 968.319 0 0
19800000 -52153.6 -51923.6 0 281.272 0 0
19900000 -51921.1 -51913.8 0 -150.917 0 0
20000000 -51776.5 -51936.3 0 -525.923 0 0
20100000 -51869.9 -52309.3 0 -593.561 0 0
20200000 -51637.8 -52175.7 0 -934.059 0 0
20300000 -51845.8 -51946.7 0 -1223.73 0 0
20400000 -52014.5 -51818.2 0 -1769.51 0 0
20500000 -51848.5 -51870.9 0 -2003.45 0 0
20600000 -52131.9 -51874.1 0 -2563.81 0 0
20700000 -51782.6 -52042.7 0 -2708.82 0 0
20800000 -51505.9 -52892.7 0 -2863.61 0 0
20900000 -52017.9 -51883.7 0 -3337.68 0 0
21000000 -51735 -52006.5 0 -4000.22 0 0
21100000 -51920 -52059.6 0 -3930.49 0 0
21200000 -51832.6 -52064.1 0 -4617.28 0 0
21300000 -51941.7 -51678.5 0 -4673.52 0 0
21400000 -52208.5 -51670.6 0 -5059.3 0 0
21500000 -51535.8 -51850.1 0 -4827.31 0 0
21600000 -51787.5 -52005.8 0 -5255.36 0 0
21700000 -51285.6 -52298.8 0 -5165.67 0 0
21800000 -51558.5 -51881 0 -5480.2 0 0
21900000 -51667.8 -51760.5 0 -6006.8 0 0
22000000 -51492.2 -52300.6 0 -6014.07 0 0
22100000 -51621.9 -51728.1 0 -6041.68 0 0
22200000 -51787.4 -52063.3 0 -6207.78 0 0
22300000 -51910.9 -51899.2 0 -6793.41 0 0
22400000 -51637.7 -52228.5 0 -6696.3 0 0
22500000 -51525.4 -52308.1 0 -6316.62 0 0
22600000 -51812.2 -52187.8 0 -6187.65 0 0
22700000 -52118.1 -51851 0 -6970.02 0 0
22800000 -52112.4 -51906.8 0 -6298.37 0 0
22900000 -51594.1 -52219.8 0 -5847.45 0 0
23000000 -52344.4 -51821.6 0 -6300.54 0 0
23100000 -51460.3 -52506.7 0 -5651.04 0 0
23200000 -51649.2 -52095.3 0 -6006.94 0 0
23300000 -52154.7 -52051.4 0 -6300.21 0 0
23400000 -52248.4 -51762.4 0 -4418.16 0 0
23500000 -52225.7 -51614.2 0 -5523.99 0 0
23600000 -51421.7 -52478.4 0 -5343.94 0 0
23700000 -52190.1 -52172.5 0 -4883.02 0 0
23800000 -51651.6 -52215.2 0 -4568.91 0 0
23900000 -51531.1 -52476.8 0 -4550.68 0 0
24000000 -51957.7 -51889.7 0 -4178.28 0 0
24100000 -51853 -52101.2 0 -3893.56 0 0
24200000 -52399 -51902.5 0 -2678.5 0 0
24300000 -52529.5 -51950.6 0 -3039.01 0 0
24400000 -52358.3 -52002.9 0 -2212.58 0 0
24500000 -51910.5 -52110.4 0 -2050.37 0 0
24600000 -52359.5 -51957.6 0 -1908.44 0 0
24700000 -52494.1 -52133.8 0 -1646.09 0 0
24800000 -52676.4 -51943.8 0 -1366.13 0 0
24900000 -52101.7 -52342.6 0 -789.336 0 0
25000000 -52018.7 -52147.8 0 -698.578 0 0
25100000 -51918.5 -52372 0 -251.676 0 0
25200000 -51884.8 -52121.3 0 156.104 0 0
25300000 -52091.1 -52051.2 0 540.984 0 0
25400000 -52085 -52017.8 0 857.668 0 0
25500000 -51795.6 -52437.3 0 1457.34 0 0
25600000 -51717.4 -52124.5 0 1473.33 0 0
25700000 -52366.7 -51909.4 0 2210.02 0 0
25800000 -52168.9 -52213.4 0 2108.63 0 0
25900000 -51999 -52104.4 0 2473.01 0 0
26000000 -52159.7 -52187.6 0 2600.76 0 0
26100000 -52011.3 -52183.4 0 3382.82 0 0
26200000 -52080.8 -52137.6 0 3435.58 0 0
26300000 -52192.5 -52380.5 0 3801.19 0 0
26400000 -51388.9 -52750.8 0 4393.47 0 0
26500000 -52053.9 -52497.2 0 4174.87 0 0
26600000 -52329 -52300.2 0 4311.4 0 0
26700000 -52084 -52065.5 0 4561.78 0 0
26800000 -52185.6 -52585.3 0 4688.82 0 0
26900000 -51935.5 -52399.5 0 5007.73 0 0
27000000 -52232.1 -52087.1 0 5263.29 0 0
27100000 -52002.1 -52135.3 0 4805.84 0 0
27200000 -52280.7 -52118.2 0 4846.99 0 0
27300000 -52276.1 -51905 0 5242.55 0 0
27400000 -52025.8 -52242.1 0 5082.93 0 0
27500000 -52249.5 -51979.4 0 5097.45 0 0
27600000 -51815.5 -52032.6 0 5306.72 0 0
27700000 -51956.2 -51859.2 0 4786.13 0 0
27800000 -52268.9 -52303.9 0 4806.56 0 0
27900000 -52148.4 -52142.9 0 4914.89 0 0
28000000 -52014.3 -52170.3 0 4795.4 0 0
28100000 -52157.5 -52170.8 0 4534.47 0 0
28200000 -52398.9 -52182.1 0 4543.21 0 0
28300000 -52399.5 -52070.8 0 4552.59 0 0
28400000 -51832.7 -52145.4 0 4447.47 0 0
28500000 -52054.9 -52222.3 0 3851.57 0 0
28600000 -51719.7 -52631.4 0 3752.98 0 0
28700000 -52228.1 -51853 0 3607.65 0 0
28800000 -52086 -52186.5 0 3441.41 0 0
28900000 -52479.9 -52000.3 0 3144.4 0 0
29000000 -52323 -51943.7 0 3085.67 0 0
29100000 -52188.5 -52152.6 0 2509.77 0 0
29200000 -52088 -51957 0 2199.87 0 0
29300000 -51952.9 -52203.9 0 1977.2 0 0
29400000 -51894.8 -52543.8 0 1422.16 0 0
29500000 -52294.8 -52073.6 0 1385.6 0 0
29600000 -52047.8 -52407.2 0 795.637 0 0
29700000 -52025.4 -52167.8 0 519.442 0 0
29800000 -51580.2 -52329.6 0 -23.6317 0 0
29900000 -51781.1 -52267.7 0 -733.968 0 0
30000000 -51670.8 -52479.5 0 -784.315 0 0
30100000 -51609.1 -52956.1 0 -1099.6 0 0
30200000 -51881.9 -52188.9 0 -1625.67 0 0
30300000 -51833.4 -52154 0 -1901.1 0 0
30400000 -51753.5 -52823.3 0 -2358.56 0 0
30500000 -51765.2 -52301.8 0 -2646.13 0 0
30600000 -51912.7 -52009.5 0 -2884.95 0 0
30700000 -52310.9 -51771.3 0 -2305.13 0 0
30800000 -51837.1 -52484.3 0 -3025.81 0 0
30900000 -52482.3 -51990.5 0 -3494.61 0 0
31000000 -52198.2 -52135 0 -3615.25 0 0
31100000 -52567.6 -51855.8 0 -3949.85 0 0
31200000 -52412 -51634.1 0 -4648.54 0 0
31300000 -52927.8 -51892.3 0 -4688.06 0 0
31400000 -52130.1 -52057.5 0 -4476.08 0 0
31500000 -52633.8 -51781.8 0 -5363.98 0 0
31600000 -52359.9 -52010.3 0 -5288.5 0 0
31700000 -51319.4 -52692.5 0 -4925.92 0 0
31800000 -52587.2 -51869.8 0 -5968.16 0 0
31900000 -52351.6 -51714.1 0 -5723.59 0 0
32000000 -51600.9 -52161.1 0 -5707.87 0 0
32100000 -52315.8 -52000.5 0 -5427.28 0 0
32200000 -51539.7 -52831.8 0 -5012.49 0 0
32300000 -52354 -51298.1 0 -5968.02 0 0
32400000 -51369.2 -52190.9 0 -5292.13 0 0
32500000 -51803.9 -52561.2 0 -6156.85 0 0
32600000 -51819.8 -51697.5 0 -6134.22 0 0
32700000 -52404.4 -52145.1 0 -5835.78 0 0
32800000 -52150.2 -51899.8 0 -6056.45 0 0
32900000 -52608.5 -51311.3 0 -6054.42 0 0
33000000 -52280.6 -51870.8 0 -5242.02 0 0
33100000 -52131.1 -52118.8 0 -4900.34 0 0
33200000 -52284.7 -52051.3 0 -4982.58 0 0
33300000 -51984.3 -52287.4 0 -5081.1 0 0
33400000 -52480.8 -51936.5 0 -4511.07 0 0
33500000 -52017.3 -52374.6 0 -3930.18 0 0
33600000 -52382.2 -52301.8 0 -4361.25 0 0
33700000 -51799.5 -52532.3 0 -3926.72 0 0
33800000 -52003.9 -52448.6 0 -3281.63 0 0
33900000 -52683.7 -51947.9 0 -3191.78 0 0
34000000 -52015.6 -52534.5 0 -2874.87 0 0
34100000 -52128.9 -52363.6 0 -3249.18 0 0
34200000 -52407.6 -51898.5 0 -3119.71 0 0
34300000 -52517.9 -52099.5 0 -2331.88 0 0
34400000 -52229.6 -52271.5 0 -1919.97 0 0
34500000 -52054.9 -52300.6 0 -1998.49 0 0
34600000 -51745.5 -52378.3 0 -1988.85 0 0
34700000 -51933.4 -52558.8 0 -1157.63 0 0
34800000 -51972.7 -52900.4 0 -426.675 0 0
34900000 -52007.4 -52381.6 0 -454.153 0 0
35000000 -52016.7 -52731.6 0 215.138 0 0
35100000 -51998.7 -52658.7 0 468.944 0 0
35200000 -51625.6 -52582.6 0 997.267 0 0
35300000 -51868.6 -52718.8 0 915.898 0 0
35400000 -51712.5 -52791.2 0 1505.78 0 0
35500000 -52187 -52949.5 0 1590.64 0 0
35600000 -51964.1 -52811.9 0 1904.56 0 0
35700000 -51999.7 -53009.7 0 2158.42 0 0
35800000 -52318.6 -52303.5 0 2646.13 0 0
35900000 -52316.1 -52369.6 0 3012.23 0 0
36000000 -52166.7 -52327.4 0 3517.3 0 0
36100000 -52488.3 -52372.2 0 3726.19 0 0
36200000 -52061 -52490.3 0 4422.29 0 0
36300000 -52118.8 -52181.2 0 4426.34 0 0
36400000 -51959.4 -52994.2 0 4668.29 0 0
36500000 -52217.4 -52505.2 0 4542.95 0 0
36600000 -51706.8 -52563.4 0 4954.98 0 0
36700000 -51677.4 -52893.5 0 4777.43 0 0
36800000 -51385 -53305.9 0 5285.9 0 0
36900000 -51855.6 -52688.5 0 5406.22 0 0
37000000 -51905.9 -53392.9 0 5337.76 0 0
37100000 -52078.6 -52819.7 0 5605.33 0 0
37200000 -51516.7 -53236.2 0 5834.28 0 0
37300000 -52027.3 -52771.9 0 5400.69 0 0
37400000 -51992.2 -52833.6 0 5393.3 0 0
37500000 -51721.9 -52941.6 0 5457.16 0 0
37600000 -51889 -52672.4 0 5707.33 0 0
37700000 -52035.4 -52298.9 0 5798.75 0 0
37800000 -51831.5 -52328.5 0 5370.28 0 0
37900000 -51486.1 -52614.7 0 5798.82 0 0
38000000 -51871.5 -52879.9 0 5435.78 0 0
38100000 -51584.3 -52984.3 0 5543.3 0 0
38200000 -51823.7 -52831.1 0 5092.85 0 0
38300000 -51831.1 -52594 0 4709.82 0 0
38400000 -51620 -52828.9 0 4693 0 0
38500000 -51690.2 -52905.8 0 4405.17 0 0
38600000 -51637.2 -53103.3 0 4139.72 0 0
38700000 -51871.7 -52799.3 0 3727.63 0 0
38800000 -51536.3 -53285.7 0 4126.7 0 0
38900000 -51662.9 -53155 0 3588.43 0 0
39000000 -51648.8 -52914 0 3386.62 0 0
39100000 -51658 -53166.7 0 2762.02 0 0
39200000 -51728.6 -52786.2 0 2778.85 0 0
39300000 -51607.3 -52486.9 0 2225.15 0 0
39400000 -51583.4 -53066.3 0 1728.1 0 0
39500000 -51578.7 -52884.3 0 1327.05 0 0
39600000 -51137.3 -53053.3 0 1242.75 0 0
39700000 -51590.6 -53323 0 1174.11 0 0
39800000 -51514.3 -53133.3 0 1138.15 0 0
39900000 -52011.2 -52455.1 0 727.641 0 0
40000000 -51651.7 -52918.1 0 191.013 0 0
40100000 -51796.9 -52751.8 0 -481.793 0 0
40200000 -51831.3 -52852.9 0 -890.705 0 0
40300000 -51844 -52398.7 0 -1433.96 0 0
40400000 -51510.7 -52761.5 0 -1821.8 0 0
40500000 -51546.9 -52628.6 0 -2270.84 0 0
40600000 -51816.9 -52594.3 0 -2467.55 0 0
40700000 -51793.7 -52522.3 0 -3040.44 0 0
40800000 -51420.7 -52726.1 0 -3011.36 0 0
40900000 -51982.1 -52587.3 0 -3441.67 0 0
41000000 -51900.9 -52429.2 0 -3582.71 0 0
41100000 -51746.7 -52424.5 0 -4128.1 0 0
41200000 -51686.7 -52617 0 -4392.83 0 0
41300000 -51606.4 -52725.9 0 -4588.76 0 0
41400000 -51477 -52362.6 0 -4694.07 0 0
41500000 -51585.7 -52718.1 0 -5288.15 0 0
41600000 -51306.6 -52706.8 0 -5432.35 0 0
41700000 -51611.6 -52365.2 0 -5241.42 0 0
41800000 -51563.5 -52414.4 0 -5850.58 0 0
41900000 -51334.6 -52886.9 0 -6100.4 0 0
42000000 -51591 -52285.9 0 -5973.79 0 0
42100000 -51644.3 -52150.6 0 -5982.95 0 0
42200000 -51165 -52968.6 0 -5872.83 0 0
42300000 -51310.2 -52791.9 0 -6449.9 0 0
42400000 -51195 -52858.4 0 -6024.16 0 0
42500000 -51653.2 -52511.6 0 -6142.47 0 0
42600000 -51340.6 -52882.9 0 -6034.84 0 0
42700000 -51665.3 -52379.6 0 -6370.19 0 0
42800000 -51307.6 -52743.4 0 -5964.55 0 0
42900000 -50919.1 -53383.8 0 -5572.29 0 0
43000000 -51016.9 -52810.6 0 -5382.16 0 0
43100000 -51345.6 -52570.3 0 -5506.77 0 0
43200000 -50776.4 -53882.2 0 -4900.81 0 0
43300000 -50583.2 -53830.2 0 -4270.46 0 0
43400000 -50322.5 -54048.1 0 -4328.14 0 0
43500000 -50203 -53933.7 0 -3825.96 0 0
43600000 -50265.2 -54113.5 0 -3460.31 0 0
43700000 -50728.5 -53550.7 0 -3681.99 0 0
43800000 -50496.9 -53740.6 0 -2832.21 0 0
43900000 -50487.3 -53823.3 0 -3013.14 0 0
44000000 -50652.8 -53933.5 0 -2625.58 0 0
44100000 -50705.1 -53626.1 0 -2372.48 0 0
44200000 -50663.3 -53775 0 -1953.4 0 0
44300000 -50454.2 -53867.5 0 -1749.58 0 0
44400000 -50419.3 -53764.8 0 -1439.96 0 0
44500000 -50674.6 -53533.8 0 -1305.53 0 0
44600000 -50636.9 -53727.5 0 -903.906 0 0
44700000 -50860.9 -53730.6 0 -358.138 0 0
44800000 -50652.4 -53741.6 0 196.392 0 0
44900000 -50837 -53708 0 237.991 0 0
45000000 -50934.8 -53693.9 0 805.509 0 0
45100000 -50817.9 -53619.9 0 1219.81 0 0
45200000 -50544.6 -53832.2 0 1665.32 0 0
45300000 -50786.5 -53668.6 0 1885.31 0 0
45400000 -50991.1 -53641.8 0 2064.92 0 0
45500000 -50914.2 -53829.8 0 2568.91 0 0
45600000 -50723.8 -53694.5 0 2886.43 0 0
45700000 -51171 -53384.9 0 2879.11 0 0
45800000 -51490.8 -53170.7 0 3517.78 0 0
45900000 -50810.1 -53778.6 0 3715.46 0 0
46000000 -50740.5 -53625.6 0 4227.95 0 0
46100000 -50987 -53663.3 0 4697.82 0 0
46200000 -50678.5 -53936.9 0 4831.4 0 0
46300000 -50797.5 -53577.2 0 5305.79 0 0
46400000 -50572.7 -54010.8 0 5726.04 0 0
46500000 -50807.4 -53811.7 0 5944.14 0 0
46600000 -50962 -53098.7 0 5807.2 0 0
46700000 -50772.1 -53940.8 0 6109.59 0 0
46800000 -50932.5 -53569.1 0 6231.2 0 0
46900000 -50568 -54011.3 0 6404.81 0 0
47000000 -50433.2 -53413.6 0 6211.78 0 0
47100000 -50737.2 -53492.8 0 6362 0 0
47200000 -50630.5 -53712.9 0 6607.21 0 0
47300000 -50831.1 -53510.7 0 6703.11 0 0
47400000 -50946.1 -52913.6 0 6604.93 0 0
47500000 -51275.7 -53203.1 0 6501.5 0 0
47600000 -50766.6 -53259.4 0 6458.82 0 0
47700000 -50770.2 -53820 0 6227.52 0 0
47800000 -50974.4 -53344.7 0 6748.59 0 0
47900000 -50856.7 -53422.7 0 5779.55 0 0
48000000 -50960.5 -52876.5 0 5807.47 0 0
48100000 -50873.9 -53338.7 0 5878.77 0 0
48200000 -50964.7 -53357.1 0 5544.95 0 0
48300000 -50717.6 -53254.8 0 5443.7 0 0
48400000 -51030.8 -53453.8 0 5020.52 0 0
48500000 -51293.3 -53020.8 0 4667.06 0 0
48600000 -50906.5 -53518.8 0 4845.82 0 0
48700000 -50756.5 -53596 0 4419.66 0 0
48800000 -50769.5 -53514.2 0 4183.07 0 0
48900000 -50521.1 -53612.6 0 4427.85 0 0
49000000 -50784.7 -53484.8 0 3529.63 0 0
49100000 -50848.7 -53483.8 0 3521.85 0 0
49200000 -50782.3 -53491.5 0 3227.23 0 0
49300000 -50978.4 -53075.2 0 2676.43 0 0
49400000 -50772.9 -53160.2 0 2662.62 0 0
49500000 -50785.7 -53512.3 0 1780.2 0 0
49600000 -50886.7 -53398 0 1682.76 0 0
49700000 -50688.4 -53825.4 0 1305.58 0 0
49800000 -50808.9 -53700.2 0 1625.93 0 0
49900000 -50510.4 -53691.2 0 1490.75 0 0
50000000 -50882.2 -53646.9 0 614.252 0 0
