# Time-averaged data for fix ps1
# TimeStep c_thermo_press[1] c_thermo_press[2] c_thermo_press[3] c_thermo_press[4] c_thermo_press[5] c_thermo_press[6]
0 2.20645 2.13187 2.12999 -0.0414158 -0.040556 -0.0138366
100000 2.26345 2.21996 2.20397 -0.0541676 0.00985437 -0.004767
200000 2.27039 2.18853 2.18449 -0.0116382 0.0214024 0.0437709
300000 2.31675 2.20114 2.1809 -0.062996 0.00972507 0.00799602
400000 2.23397 2.23027 2.17145 -0.0354685 0.00978353 -0.00205851
500000 2.29798 2.22486 2.19887 -0.0768405 0.00281657 -0.016942
600000 2.29923 2.2425 2.22547 -0.103242 0.000614918 -0.0334789
700000 2.25986 2.24978 2.18483 -0.142919 0.0153697 -0.0202382
800000 2.26598 2.22223 2.21966 -0.122562 -0.00252154 0.00337001
900000 2.2869 2.19234 2.17634 -0.138068 0.0266581 -0.0234884
1000000 2.31637 2.24103 2.17241 -0.184653 -0.00322348 0.00425166
1100000 2.29791 2.2595 2.22531 -0.180649 -0.00348945 0.00975766
1200000 2.24003 2.23488 2.25124 -0.192889 0.000494707 -0.0187336
1300000 2.24653 2.22163 2.1466 -0.220617 0.010962 -0.0154186
1400000 2.24211 2.23793 2.15628 -0.193761 -0.0265405 0.0137342
1500000 2.29345 2.21348 2.18961 -0.239967 0.0037647 -0.0066052
1600000 2.32448 2.28608 2.23363 -0.229137 -0.0369799 0.00218179
1700000 2.26154 2.22131 2.20462 -0.244044 0.0237946 -0.0140357
1800000 2.2943 2.27092 2.18884 -0.245244 -0.0126422 0.0120518
1900000 2.29417 2.28779 2.22725 -0.254192 -0.00235553 -0.00354068
2000000 2.2586 2.24795 2.17793 -0.245447 0.0172571 -0.00847851
2100000 2.29005 2.19414 2.13108 -0.234997 -0.0264735 0.00207294
2200000 2.27372 2.24124 2.2418 -0.244781 -0.0194942 -0.0240018
2300000 2.23666 2.2428 2.19114 -0.242397 0.0116278 -0.0307053
2400000 2.24925 2.24321 2.2079 -0.250932 0.0440106 -0.0173907
2500000 2.24942 2.20523 2.1926 -0.218604 -0.00451585 -0.0066798
2600000 2.28994 2.23076 2.17769 -0.221627 0.00828319 -0.0280045
2700000 2.26297 2.25802 2.20776 -0.231514 -0.0217162 0.0266793
2800000 2.26818 2.27389 2.21238 -0.26623 -0.0056391 -0.0137429
2900000 2.24186 2.23668 2.17537 -0.23887 -0.013088 -0.0289898
3000000 2.28856 2.26631 2.19118 -0.183941 0.0111384 0.0010463
3100000 2.23671 2.22142 2.21324 -0.201267 -0.0190325 -0.0027863
3200000 2.25761 2.22484 2.2165 -0.191778 0.0181276 -0.00282386
3300000 2.267 2.23462 2.20805 -0.230641 -0.0178223 0.0034504
3400000 2.26466 2.25019 2.18931 -0.174131 -0.00461577 -0.0175648
3500000 2.28009 2.27998 2.17442 -0.175096 -0.00443064 0.00396879
3600000 2.29794 2.23537 2.17274 -0.159569 -0.0131346 -0.00817925
3700000 2.31436 2.23446 2.21213 -0.17338 -0.00711808 -0.0186858
3800000 2.27494 2.25822 2.17133 -0.12472 -0.0170738 0.029557
3900000 2.26068 2.24256 2.19913 -0.12664 0.00511261 -0.0029311
4000000 2.25132 2.21442 2.18011 -0.0995666 -0.0171317 -0.00126014
4100000 2.25977 2.26385 2.18426 -0.119036 -0.0112491 -0.00275914
4200000 2.27857 2.25437 2.20804 -0.0445937 -0.00364801 -0.0145553
4300000 2.29848 2.26313 2.1778 -0.0636622 -0.018905 0.0103781
4400000 2.28394 2.20222 2.20749 -0.0544649 0.0234978 -0.00717887
4500000 2.23895 2.22865 2.2495 -0.0332184 0.0205704 0.0263625
4600000 2.24875 2.22253 2.15471 -0.0176331 0.0334381 0.00369717
4700000 2.28645 2.21748 2.18654 -0.00893448 0.0170965 0.0364118
4800000 2.30283 2.19326 2.23996 -0.00590004 -0.0350917 0.0140441
4900000 2.2879 2.24068 2.20008 0.0307788 0.0200297 0.0378262
5000000 2.30355 2.2073 2.18548 0.0504523 -0.00776105 0.00153337
5100000 2.29804 2.24848 2.15369 0.0643501 0.00478138 -0.00541346
5200000 2.29626 2.227 2.22165 0.0437238 0.0146778 -0.0395217
5300000 2.3255 2.19245 2.16832 0.0632377 0.015239 0.00938029
5400000 2.31257 2.21716 2.1862 0.0943699 0.0226172 0.0110625
5500000 2.26487 2.20341 2.18232 0.13195 -0.00994088 -0.00261269
5600000 2.32255 2.2302 2.20895 0.127449 -0.0101288 0.0263674
5700000 2.2899 2.18629 2.17599 0.159527 -0.029811 0.0197402
5800000 2.27636 2.19221 2.175 0.148606 -0.00233316 0.00901468
5900000 2.21818 2.24426 2.21911 0.195353 0.00799835 -0.00922762
6000000 2.31037 2.20708 2.24237 0.183325 0.000921608 -0.0182292
6100000 2.26025 2.25921 2.19576 0.203095 0.00927895 0.00960135
6200000 2.27619 2.23833 2.21511 0.20573 -0.00977161 -0.0242733
6300000 2.29401 2.18966 2.22016 0.196321 -0.00470626 -0.0333258
6400000 2.26917 2.24027 2.22114 0.22794 0.00135236 0.0212533
6500000 2.26667 2.22956 2.18217 0.265489 0.00426354 -0.017729
6600000 2.28492 2.21004 2.22036 0.205155 -0.0138051 0.0111369
6700000 2.2613 2.21686 2.21017 0.203259 0.0201567 -0.0191039
6800000 2.26908 2.16969 2.19958 0.260422 -0.038633 -0.0170432
6900000 2.2744 2.18799 2.20807 0.29114 -0.0222245 0.0287324
7000000 2.25749 2.31234 2.22951 0.256127 -0.0155241 0.0127835
7100000 2.31315 2.23145 2.22166 0.269043 -0.0119082 -0.00384388
7200000 2.34232 2.20059 2.16191 0.255122 0.0105773 -0.00177517
7300000 2.24768 2.24268 2.20473 0.261329 0.0353391 0.0016985
7400000 2.32135 2.24482 2.18794 0.250468 0.0426941 -0.00414169
7500000 2.27909 2.18736 2.24661 0.274469 0.0238823 -0.0173521
7600000 2.23602 2.22919 2.18756 0.256809 0.00542532 -0.00788268
7700000 2.2578 2.28372 2.22107 0.242334 -0.0125293 0.0179329
7800000 2.2702 2.25833 2.15172 0.261622 0.0160539 -0.0354921
7900000 2.31904 2.2009 2.19512 0.241898 0.0105123 -0.00236813
8000000 2.33411 2.19748 2.19615 0.265713 -0.0320528 -0.0216213
8100000 2.26246 2.26633 2.2137 0.226978 -0.035715 0.00672963
8200000 2.26811 2.29873 2.16685 0.240391 -0.019704 0.0197549
8300000 2.2881 2.19766 2.22129 0.229781 -0.00628335 -0.0180766
8400000 2.30305 2.22056 2.16186 0.219639 -0.00121308 -0.00562956
8500000 2.26174 2.18306 2.17457 0.225765 0.0299762 -0.00897616
8600000 2.28787 2.20846 2.20629 0.182361 -0.0283274 -0.00493048
8700000 2.29055 2.24435 2.14828 0.168437 -0.022147 -0.0204398
8800000 2.27836 2.19775 2.19906 0.133849 -0.0290312 0.02655
8900000 2.22365 2.19881 2.18581 0.166163 0.00327795 -0.024746
9000000 2.27986 2.20706 2.17196 0.132584 -0.00595876 0.00738246
9100000 2.29219 2.20899 2.1684 0.136718 -0.00924233 0.0314187
9200000 2.24724 2.22655 2.2136 0.133963 0.0160599 0.0356354
9300000 2.2292 2.23161 2.1812 0.0991662 -0.00697066 -0.00866144
9400000 2.26526 2.18104 2.21122 0.0902431 -0.00585525 0.00401571
9500000 2.28374 2.16832 2.19861 0.0923101 0.00885749 0.0239206
9600000 2.30995 2.18605 2.1966 0.0269817 -0.0246749 -0.0210584
9700000 2.23354 2.21172 2.23801 0.0507556 -0.0256809 -0.000206337
9800000 2.20762 2.1931 2.24531 0.015684 -0.0153063 -0.0190124
9900000 2.27656 2.14733 2.21331 0.0282029 -0.0253763 -0.0271767
10000000 2.24174 2.20648 2.21702 -0.0207166 -0.0422979 0.0127726
10100000 2.26388 2.2148 2.13131 -0.0422021 -0.00661262 -0.0465535
10200000 2.23341 2.24975 2.17969 -0.0161695 -0.0225282 -0.0505536
10300000 2.257 2.23543 2.15882 -0.0730585 -0.000197041 0.000476309
10400000 2.26481 2.20069 2.20769 -0.098972 -0.0261591 -0.00313262
10500000 2.2446 2.15802 2.22566 -0.0940799 0.0181811 -0.030122
10600000 2.23332 2.20407 2.1871 -0.129751 -0.0192142 0.0016313
10700000 2.27707 2.21497 2.26715 -0.111321 -0.0118498 0.0317024
10800000 2.23529 2.17168 2.17643 -0.135449 -0.0126737 0.00497719
10900000 2.27284 2.20094 2.15228 -0.156815 0.00480779 0.0110212
11000000 2.2794 2.20213 2.16382 -0.171813 0.00698943 -0.0279159
11100000 2.25803 2.25194 2.23437 -0.148088 -0.00942307 0.00380658
11200000 2.28754 2.17656 2.18608 -0.205061 0.00563319 -0.0175728
11300000 2.2758 2.16278 2.23268 -0.221131 -0.0558799 -0.0143422
11400000 2.30545 2.18977 2.18325 -0.198697 -0.0323927 -0.0168487
11500000 2.26987 2.18921 2.20654 -0.189934 0.00291878 0.00880837
11600000 2.23655 2.18857 2.16937 -0.215026 0.0102235 -0.0181724
11700000 2.23252 2.17394 2.19059 -0.248932 -0.00052497 0.0028111
11800000 2.28215 2.21756 2.19689 -0.215751 0.0140686 0.000994899
11900000 2.25327 2.23181 2.21283 -0.253322 0.0062525 0.0390193
12000000 2.25519 2.18972 2.24377 -0.242328 -0.00973183 -0.0266861
12100000 2.28521 2.21698 2.24079 -0.256243 -0.00233966 0.00975868
12200000 2.26178 2.24604 2.24733 -0.253006 -0.0170417 -0.00824413
12300000 2.26007 2.2055 2.25341 -0.26936 -0.0137793 0.013654
12400000 2.24722 2.23392 2.17088 -0.220712 0.0273386 -0.00580088
12500000 2.28646 2.21783 2.19107 -0.238881 0.0222399 0.00741973
12600000 2.21576 2.21165 2.23459 -0.218626 -0.0179857 -0.0221821
12700000 2.26244 2.23026 2.20289 -0.253454 -0.0319186 0.0145767
12800000 2.24535 2.21678 2.24297 -0.248616 -0.00865282 0.00963344
12900000 2.265 2.22551 2.21613 -0.233472 -0.032436 -0.00221579
13000000 2.2127 2.20537 2.21714 -0.213296 -0.0445513 0.00339945
13100000 2.2461 2.18661 2.26836 -0.226103 0.00673737 -0.0169657
13200000 2.2464 2.22671 2.26228 -0.218723 -0.0022926 -0.0228958
13300000 2.23127 2.18358 2.29607 -0.189132 0.00888774 0.010989
13400000 2.2972 2.141 2.19776 -0.181597 0.00421154 -0.00256474
13500000 2.28547 2.24005 2.24501 -0.206526 -0.0439953 -0.00956586
13600000 2.28478 2.17758 2.23345 -0.176644 -0.00501372 -0.00466308
13700000 2.22077 2.21623 2.26387 -0.152086 -0.0177659 -0.0393594
13800000 2.20909 2.21955 2.17515 -0.133523 -0.0394352 -0.00790575
13900000 2.24761 2.19936 2.21183 -0.0919094 -0.00791876 -0.0379342
14000000 2.25053 2.25182 2.20332 -0.121864 -0.0252976 -0.0250131
14100000 2.22473 2.21271 2.22264 -0.0983567 -0.0213864 -0.0185773
14200000 2.2222 2.17366 2.24769 -0.101598 -0.0483003 -0.010499
14300000 2.26491 2.22044 2.25536 -0.103765 0.0122174 -0.0246332
14400000 2.26805 2.21771 2.20755 -0.0732206 -0.0266198 -0.0344536
14500000 2.27627 2.17014 2.22329 -0.0269185 -0.00727164 0.00588098
14600000 2.22807 2.17093 2.21849 -0.0253968 0.0172403 0.00311804
14700000 2.22159 2.18182 2.23659 0.001628 0.00205978 -0.0283689
14800000 2.21628 2.21579 2.21386 -0.0177061 -0.000254271 -0.0319967
14900000 2.21159 2.19287 2.21288 0.0145409 -0.0256429 -0.0559683
15000000 2.25917 2.1642 2.20337 0.0525043 0.036289 -0.0463458
15100000 2.27587 2.20015 2.25056 0.0679216 0.00571816 -0.0353235
15200000 2.25532 2.23599 2.23656 0.0630737 -0.0124068 0.0115942
15300000 2.26459 2.20318 2.24389 0.0604392 -0.0149486 -0.012923
15400000 2.22057 2.21334 2.24363 0.104216 0.0224557 -0.0487111
15500000 2.27211 2.2455 2.22037 0.0945211 -0.00274204 -0.0335709
15600000 2.25192 2.19553 2.24082 0.133959 -0.0259044 -0.0216572
15700000 2.23619 2.18495 2.22436 0.149527 -0.00948939 -0.00321984
15800000 2.24991 2.21072 2.20587 0.160692 0.0144298 -0.0219924
15900000 2.24652 2.21073 2.21808 0.22129 -0.0112576 -0.0162754
16000000 2.23254 2.18667 2.21443 0.188398 -0.0167619 -0.0126378
16100000 2.21114 2.18237 2.21098 0.203367 0.0291513 -0.0202155
16200000 2.20971 2.17918 2.19362 0.212161 -0.0103801 -0.0178261
16300000 2.24287 2.23724 2.24916 0.250302 0.0354166 -0.0447923
16400000 2.22165 2.21514 2.22826 0.230117 0.0186706 -0.0391066
16500000 2.22396 2.19043 2.26967 0.234306 -0.0163835 -0.00375631
16600000 2.27113 2.14799 2.22467 0.221879 -0.0374054 -0.00929633
16700000 2.27237 2.2211 2.22482 0.277936 0.0130694 -0.00915254
16800000 2.24416 2.15806 2.21836 0.261665 -0.0293419 0.021386
16900000 2.20177 2.18586 2.25218 0.259707 -0.00851644 -0.0206627
17000000 2.25565 2.19613 2.26996 0.29885 -0.0284206 0.00700801
17100000 2.28117 2.20842 2.20663 0.304098 -0.020837 0.00112646
17200000 2.24357 2.21032 2.23654 0.289675 -0.0401914 -0.0248156
17300000 2.24902 2.21369 2.23746 0.293125 0.0156941 0.00205533
17400000 2.23873 2.22399 2.19799 0.281994 -0.0261488 -0.000150642
17500000 2.24096 2.20292 2.21528 0.283642 -0.0192112 0.0178121
17600000 2.23141 2.16385 2.18136 0.268962 -0.0134013 0.0078261
17700000 2.25959 2.26162 2.25851 0.297891 -0.0109725 -0.0184648
17800000 2.28672 2.20202 2.25572 0.281216 -0.0286702 -0.00956414
17900000 2.24018 2.18629 2.22878 0.276512 -0.00827048 -0.0327532
18000000 2.23974 2.22979 2.19326 0.265895 0.0254415 0.0249754
18100000 2.25635 2.19467 2.21647 0.232118 -0.0248885 -0.00366743
18200000 2.24899 2.172 2.16378 0.292323 -0.0322778 0.00959377
18300000 2.24621 2.23185 2.24365 0.242455 0.0187471 -0.031857
18400000 2.27131 2.21655 2.21619 0.182738 0.0223956 -0.0228678
18500000 2.249 2.25756 2.24766 0.241653 0.0139905 -0.00304734
18600000 2.20989 2.28718 2.20617 0.233144 0.013902 0.0110826
18700000 2.20937 2.21155 2.20997 0.194305 0.00469798 -0.000996459
18800000 2.25405 2.17956 2.18843 0.198612 -0.0221959 0.00750394
18900000 2.29734 2.1955 2.23387 0.167514 -0.0349672 0.0138552
19000000 2.22471 2.22114 2.22375 0.175968 -0.00524722 -0.00959097
19100000 2.26828 2.18585 2.20947 0.132301 -0.0139262 0.0160119
19200000 2.22803 2.19052 2.18796 0.13428 -0.01035 0.0401356
19300000 2.24385 2.17348 2.18316 0.116158 -0.0208774 0.00548486
19400000 2.23293 2.15456 2.20367 0.0797758 0.0302272 -0.0111745
19500000 2.26796 2.20934 2.20409 0.0563717 0.0191374 0.0295111
19600000 2.21443 2.19864 2.21771 0.0500934 -0.00618153 -0.00363118
19700000 2.23402 2.2244 2.18959 0.0491518 -0.0210454 0.0368302
19800000 2.24582 2.24477 2.25683 0.0144168 -0.00878654 0.00746928
19900000 2.2303 2.19467 2.19582 0.0158379 -0.00628784 0.00067357
20000000 2.2048 2.16558 2.22037 -0.00189101 0.00381478 0.00995991
20100000 2.25362 2.19986 2.26138 -0.0292209 -0.0192252 0.00259563
20200000 2.24769 2.15162 2.26241 -0.0484228 0.0042098 -0.0433846
20300000 2.23643 2.18723 2.25567 -0.045228 0.00190723 0.00180781
20400000 2.1984 2.20097 2.24652 -0.061209 0.0020248 -0.00911516
20500000 2.24303 2.19912 2.19692 -0.131323 -0.0156757 0.0207785
20600000 2.27443 2.18212 2.19424 -0.105374 0.00820459 0.00812295
20700000 2.21904 2.16535 2.22162 -0.155861 0.0132143 -0.0115909
20800000 2.22697 2.17478 2.21257 -0.164566 0.0158729 0.0063147
20900000 2.21039 2.19566 2.2414 -0.134575 0.00238686 0.0276442
21000000 2.19818 2.16973 2.20612 -0.128725 -0.0195817 0.0305687
21100000 2.2291 2.21887 2.21416 -0.195759 -0.00839508 0.0214385
21200000 2.23567 2.18534 2.2237 -0.176279 -0.0334715 -0.000467698
21300000 2.27201 2.22682 2.22485 -0.163136 -0.00343512 0.00811167
21400000 2.23036 2.19707 2.24153 -0.183146 -0.0364923 0.0355669
21500000 2.25728 2.19471 2.21638 -0.194716 0.017941 0.00377566
21600000 2.2135 2.1954 2.23289 -0.195298 0.00874536 -0.013999
21700000 2.24249 2.18848 2.23878 -0.23395 0.035456 -0.00264158
21800000 2.25217 2.189 2.25293 -0.260093 0.0138259 -0.0145431
21900000 2.30636 2.22552 2.18514 -0.193736 -0.0127118 0.0188517
22000000 2.23425 2.18366 2.22386 -0.254666 -0.00405854 -0.00102719
22100000 2.2489 2.18718 2.22112 -0.255357 0.0162395 -0.0136161
22200000 2.25543 2.18524 2.22144 -0.263932 0.00630615 0.0159586
22300000 2.25795 2.20955 2.19673 -0.267458 -0.0160306 0.0099878
22400000 2.24483 2.18338 2.23561 -0.237513 0.019224 0.0215562
22500000 2.2307 2.19263 2.22809 -0.242042 -0.000710707 -0.0111956
22600000 2.23879 2.2182 2.23477 -0.271028 -0.0374948 0.00724165
22700000 2.24347 2.17203 2.19179 -0.247764 0.00602795 0.00462781
22800000 2.21971 2.2389 2.19066 -0.271138 -0.024755 -0.0104367
22900000 2.24228 2.21344 2.20276 -0.253574 -0.00254258 -0.00603202
23000000 2.26965 2.18359 2.21297 -0.229599 -0.0179399 0.00573259
23100000 2.24764 2.1579 2.18488 -0.216123 -0.0164513 0.00241638
23200000 2.21918 2.19248 2.26604 -0.196998 -0.00984127 0.00658588
23300000 2.19664 2.17792 2.20182 -0.176959 0.0084324 -0.00417318
23400000 2.29293 2.20842 2.23138 -0.228216 0.0047114 -0.0251821
23500000 2.26653 2.21046 2.32303 -0.177865 -0.00614813 0.0371176
23600000 2.26593 2.18157 2.21262 -0.150672 -0.00521286 -0.0138715
23700000 2.23066 2.2019 2.22802 -0.143216 0.00416478 0.004106
23800000 2.25007 2.17731 2.27799 -0.157006 0.0203738 -0.0016866
23900000 2.24326 2.17261 2.23696 -0.128913 0.0131756 -0.00129136
24000000 2.20739 2.1838 2.17425 -0.133594 0.0107433 0.0305479
24100000 2.1872 2.16944 2.22298 -0.106385 -0.0405126 0.0360676
24200000 2.25916 2.17783 2.2197 -0.127588 0.0040479 0.0423076
24300000 2.21072 2.14384 2.21227 -0.0971154 -0.0101972 0.0124586
24400000 2.25757 2.21149 2.17294 -0.0796018 0.0191972 -0.00694382
24500000 2.21854 2.19487 2.17086 -0.0631555 -0.00350035 -0.00724207
24600000 2.27058 2.18838 2.23089 -0.0407789 -0.0047141 0.038073
24700000 2.25093 2.20127 2.19976 -0.0174214 0.0248383 0.0486905
24800000 2.23909 2.19758 2.20554 -0.0127653 0.000766024 -0.00418465
24900000 2.20934 2.15714 2.1682 0.0430035 -0.00318274 0.00900437
25000000 2.25741 2.16086 2.20554 0.00423531 0.00623859 -0.000206172
25100000 2.24767 2.18784 2.25822 0.0552744 -0.0208047 -0.00644731
25200000 2.25176 2.15829 2.19158 0.0820764 0.00855096 -0.0218111
25300000 2.2639 2.22255 2.1771 0.0986365 -0.037014 0.0298032
25400000 2.24171 2.15366 2.23965 0.101784 0.0113497 0.0338205
25500000 2.21881 2.181 2.21406 0.101265 0.00562519 -0.00619036
25600000 2.27152 2.15825 2.24506 0.121421 0.00210134 0.0126951
25700000 2.272 2.15832 2.2096 0.15218 0.0156381 -0.00255236
25800000 2.2606 2.22552 2.1898 0.140515 0.0211297 0.0164359
25900000 2.21316 2.21919 2.24101 0.174527 0.00622532 0.0191966
26000000 2.22775 2.19813 2.20447 0.179969 -0.00728944 0.0260073
26100000 2.23508 2.1711 2.21663 0.211852 -0.0484517 0.0285684
26200000 2.2785 2.17979 2.21431 0.25039 -0.0164515 -0.00203281
26300000 2.2404 2.19572 2.15983 0.244927 0.0110283 0.0169501
26400000 2.26667 2.13586 2.27218 0.239252 -0.00548928 0.0147255
26500000 2.28172 2.20353 2.23157 0.251692 0.0115601 0.0209791
26600000 2.23332 2.19502 2.20478 0.250313 0.00509736 0.0205505
26700000 2.26419 2.20751 2.18966 0.237809 0.0138685 0.037857
26800000 2.2721 2.23227 2.20925 0.238175 -0.00239687 0.0326041
26900000 2.25543 2.23546 2.2075 0.258294 0.0211179 -0.0145793
27000000 2.23532 2.19252 2.21623 0.272925 0.0131738 0.0127299
27100000 2.23571 2.18686 2.22499 0.26065 -0.000179809 -0.0108128
27200000 2.27285 2.20229 2.2153 0.259222 0.0126891 0.0223643
27300000 2.23656 2.17945 2.18479 0.272538 -0.00196998 0.0104324
27400000 2.22745 2.17428 2.19293 0.263908 0.0128842 0.0155058
27500000 2.27716 2.16114 2.2376 0.243888 0.000990556 0.026092
27600000 2.22305 2.2566 2.23388 0.291815 -0.0086782 0.0227928
27700000 2.21755 2.21139 2.22671 0.271763 -0.0128804 0.0360462
27800000 2.27638 2.23602 2.23858 0.254675 -0.0101367 0.0126898
27900000 2.23972 2.20506 2.20675 0.268211 0.0362658 0.0449167
28000000 2.2737 2.18421 2.23134 0.270665 -0.0144996 0.0253218
28100000 2.28446 2.18658 2.22905 0.22325 -0.0149249 0.00770822
28200000 2.23173 2.17147 2.22831 0.237406 -0.0157653 0.0436161
28300000 2.21903 2.20119 2.18282 0.246549 0.00310786 -0.00357749
28400000 2.26233 2.21812 2.21977 0.207917 0.0263024 0.0265578
28500000 2.27418 2.20618 2.27135 0.190912 -0.00470437 0.0186319
28600000 2.2316 2.23844 2.21136 0.221838 0.00813001 0.0441724
28700000 2.24136 2.19358 2.22291 0.173501 -0.00324585 0.0090844
28800000 2.26682 2.18994 2.22382 0.170816 0.0435822 0.0102202
28900000 2.20262 2.23744 2.21 0.17211 -0.0322488 0.0101729
29000000 2.2063 2.18132 2.20763 0.150779 -0.00311876 -0.00310076
29100000 2.25804 2.19824 2.18833 0.148347 0.0293581 -0.00144912
29200000 2.22439 2.20543 2.21286 0.122051 -0.00503318 0.0218297
29300000 2.22748 2.18808 2.18383 0.103539 0.0105592 -0.0160779
29400000 2.21582 2.16662 2.15848 0.0980066 0.0225684 0.0195219
29500000 2.19119 2.21178 2.18873 0.0789462 0.00405296 0.0230498
29600000 2.19329 2.19373 2.21604 0.123588 0.0327127 -0.00137976
29700000 2.2213 2.19232 2.20943 0.0722184 -0.0181441 0.0302928
29800000 2.23212 2.16672 2.20211 0.0374094 0.00528528 0.00342136
29900000 2.21338 2.20973 2.21215 0.0449436 0.02235 -0.0189042
30000000 2.22616 2.1791 2.21342 0.0155057 0.00705236 0.0394547
30100000 2.29116 2.19906 2.23369 0.0283543 0.007703 0.0330874
30200000 2.20515 2.18772 2.23511 0.0134096 -0.0139933 0.00113043
30300000 2.24793 2.17768 2.22866 -0.0457992 -0.00342541 0.0152325
30400000 2.23479 2.18994 2.25082 -0.0409794 -0.00343586 0.0365949
30500000 2.27522 2.17074 2.19044 -0.0588939 -0.0306534 0.0229333
30600000 2.26554 2.13982 2.21241 -0.0775018 -0.0376015 -0.00891243
30700000 2.21191 2.19867 2.19193 -0.100108 -0.0105722 0.0084557
30800000 2.23492 2.15045 2.23955 -0.143646 -0.00554171 0.0338293
30900000 2.23421 2.18182 2.20972 -0.129758 -0.00406071 0.00796282
31000000 2.26067 2.18788 2.2003 -0.159956 0.00353565 -0.0124679
31100000 2.26052 2.20827 2.25027 -0.151536 0.00138925 0.0200184
31200000 2.24266 2.18349 2.21047 -0.155835 -0.00404858 0.0232071
31300000 2.23963 2.18761 2.20686 -0.200986 0.00825818 0.0318115
31400000 2.26995 2.18284 2.20805 -0.219361 -0.020741 0.0454322
31500000 2.24908 2.19864 2.22161 -0.175766 -0.0459262 0.0315927
31600000 2.22935 2.21198 2.26699 -0.182881 -0.016076 0.0221353
31700000 2.19906 2.21969 2.24186 -0.21594 -0.0287858 0.00457401
31800000 2.22771 2.16588 2.20356 -0.201266 -0.0231731 0.0252509
31900000 2.24279 2.2 2.21353 -0.229307 -0.0177203 0.0157263
32000000 2.22677 2.23103 2.23869 -0.236562 -0.0324189 0.0191796
32100000 2.24515 2.1793 2.2426 -0.222304 -0.0188856 0.00903713
32200000 2.22976 2.17981 2.21495 -0.208892 0.00873007 0.0339548
32300000 2.20709 2.21742 2.22561 -0.255804 -0.0117571 -0.00620746
32400000 2.23396 2.17256 2.23441 -0.246779 -0.0123247 0.0279343
32500000 2.22105 2.21066 2.22563 -0.233499 -0.0316757 0.00888773
32600000 2.24374 2.21302 2.2337 -0.234689 -0.00435754 0.0057829
32700000 2.1882 2.22026 2.20699 -0.21938 -0.0129692 0.0410808
32800000 2.23148 2.17363 2.26232 -0.239338 -0.00900866 0.00164873
32900000 2.26845 2.2042 2.24944 -0.212214 0.0137348 -0.00124132
33000000 2.21363 2.17151 2.20371 -0.255931 -0.0315546 0.0332613
33100000 2.25273 2.20307 2.20865 -0.20531 -0.00350679 0.02338
33200000 2.21715 2.18324 2.25561 -0.172539 -0.0156776 -0.0102279
33300000 2.22187 2.21489 2.19872 -0.199247 0.000924743 0.00891844
33400000 2.20342 2.19787 2.25346 -0.17842 0.00801444 0.0178545
33500000 2.19062 2.16163 2.24806 -0.187487 -0.0378316 0.0339724
33600000 2.26412 2.17961 2.20183 -0.133105 -0.0101666 0.0333406
33700000 2.24466 2.21104 2.23454 -0.139044 0.026333 -0.0020744
33800000 2.22454 2.22135 2.25911 -0.137193 -0.0315041 0.0139417
33900000 2.18644 2.20812 2.2302 -0.122301 -0.0281648 -0.010016
34000000 2.26946 2.2048 2.21046 -0.0844075 0.00262616 0.00202748
34100000 2.20515 2.19925 2.20518 -0.076856 0.0303895 0.00837677
34200000 2.26302 2.21304 2.2213 -0.0448762 0.00941019 0.0229475
34300000 2.24598 2.19897 2.17832 -0.0555768 0.0160233 -0.00817479
34400000 2.27076 2.17732 2.22776 -0.0383713 0.0139731 -0.00830848
34500000 2.26095 2.22036 2.19283 -0.0270264 -0.0124976 -0.00535842
34600000 2.24865 2.18105 2.20839 -0.0376316 -0.00474574 0.00235024
34700000 2.26135 2.14917 2.23997 -0.0103486 0.0255561 -0.0281823
34800000 2.21248 2.19974 2.22301 0.00760905 0.00159926 0.00996461
34900000 2.22505 2.19888 2.27084 0.00890466 -0.0254647 0.0685365
35000000 2.22387 2.2124 2.18036 0.0518299 0.027074 0.0149546
35100000 2.20089 2.16076 2.18855 0.0410678 0.0151333 0.00345149
35200000 2.21702 2.21695 2.25663 0.105692 -0.0336572 -0.0162919
35300000 2.2618 2.16099 2.23868 0.115978 -0.022809 0.00687156
35400000 2.26045 2.22717 2.19107 0.120379 0.00798861 0.0128065
35500000 2.21217 2.18979 2.18741 0.132899 0.00846159 0.0276235
35600000 2.24959 2.1742 2.26133 0.136148 -0.00888639 0.0288301
35700000 2.23826 2.21347 2.19404 0.187818 -0.0117344 0.00791754
35800000 2.19163 2.17102 2.18792 0.176805 0.0186882 0.0101651
35900000 2.21067 2.21629 2.21279 0.200204 -0.0392994 -0.00433523
36000000 2.21426 2.21495 2.20831 0.186201 0.041745 -0.00718746
36100000 2.18649 2.19867 2.20002 0.21774 -0.0117451 -0.0116121
36200000 2.20371 2.23406 2.16368 0.231946 -0.0143257 0.0256871
36300000 2.17739 2.24455 2.22725 0.251614 -0.0319692 0.00342021
36400000 2.21391 2.2227 2.2148 0.262243 0.0273839 0.013027
36500000 2.23497 2.21583 2.21279 0.270059 0.00345409 -0.00666176
36600000 2.21799 2.22688 2.17583 0.287488 -0.019738 -0.00605965
36700000 2.22412 2.27033 2.20607 0.274085 0.0015599 -0.00584404
36800000 2.24708 2.22185 2.21683 0.274542 0.00572178 0.0168475
36900000 2.26831 2.23112 2.20895 0.31694 -0.0271727 0.0439681
37000000 2.23135 2.23507 2.24323 0.315781 -0.0137572 0.017748
37100000 2.28619 2.21154 2.24206 0.306226 -0.00741947 0.0100803
37200000 2.22121 2.16142 2.204 0.290135 -0.00610198 0.0289245
37300000 2.20821 2.22021 2.24437 0.291984 -0.00573487 0.0222823
37400000 2.23946 2.21421 2.22917 0.333051 -0.00104607 0.0244491
37500000 2.21734 2.2292 2.19652 0.317067 -0.00687628 0.00513317
37600000 2.22358 2.2077 2.19525 0.314612 0.0313746 0.0319821
37700000 2.24382 2.21667 2.19038 0.281363 0.0281876 0.0379314
37800000 2.22413 2.21371 2.20326 0.28029 -0.0144717 0.024535
37900000 2.23081 2.22742 2.25488 0.3006 -0.00543708 0.0237076
38000000 2.24518 2.2275 2.21431 0.283052 0.0063017 0.0356601
38100000 2.27454 2.19264 2.17927 0.310328 -0.00738261 0.0131637
38200000 2.21327 2.23455 2.22128 0.257603 -0.0125567 -0.00987866
38300000 2.23469 2.20819 2.25331 0.272953 0.0101408 0.0462846
38400000 2.22087 2.19369 2.26982 0.243739 -0.0267941 -0.0154268
38500000 2.22646 2.22647 2.2298 0.243824 -0.0256662 0.0184234
38600000 2.22012 2.23143 2.22952 0.213967 0.00957005 0.00218375
38700000 2.23107 2.2132 2.21614 0.214336 -0.0216847 0.00138275
38800000 2.2695 2.19855 2.22907 0.199883 -0.0237157 0.00565336
38900000 2.25258 2.21436 2.23513 0.192519 0.0117815 -0.000600744
39000000 2.24769 2.16987 2.21322 0.229486 -0.0151233 0.00169061
39100000 2.20057 2.20869 2.20585 0.172681 0.0101179 -0.00329687
39200000 2.24269 2.18713 2.17448 0.124764 -0.010433 0.0195189
39300000 2.23519 2.22545 2.25108 0.142352 -0.0118937 0.0133862
39400000 2.21713 2.16524 2.25312 0.0960688 0.0265958 -0.0123465
39500000 2.26427 2.20903 2.21719 0.0966714 0.00793767 -0.024318
39600000 2.23377 2.15574 2.20738 0.0854729 -0.0218913 0.0123478
39700000 2.23418 2.19522 2.20919 0.0635856 -0.0111974 0.0147352
39800000 2.21649 2.20003 2.19239 0.028427 0.00583905 0.000883566
39900000 2.19715 2.20843 2.23157 0.0411373 -0.0238687 0.0110634
40000000 2.18979 2.20445 2.21102 0.0299622 -0.000598727 0.0101494
40100000 2.20311 2.16235 2.22279 -0.00199761 -0.00877807 0.0253371
40200000 2.18492 2.2115 2.23784 -0.0167468 -0.0119274 0.000651942
40300000 2.22085 2.19274 2.19078 -0.0423603 0.0124901 0.00650219
40400000 2.19513 2.16812 2.19694 -0.0399915 0.0108435 -0.0015669
40500000 2.21647 2.26103 2.22277 -0.0825735 -0.00059077 0.0119575
40600000 2.20823 2.20038 2.17852 -0.113733 -0.0184519 0.0111753
40700000 2.234 2.20567 2.22816 -0.0949529 -0.00979995 -0.0156438
40800000 2.23306 2.18753 2.24009 -0.110525 -0.0122791 -0.0114987
40900000 2.22047 2.20291 2.21627 -0.137966 0.0116005 0.028053
41000000 2.19454 2.17951 2.15927 -0.178779 -0.0280446 -0.0148369
41100000 2.18326 2.251 2.19485 -0.149801 0.0216429 -0.00608995
41200000 2.23069 2.19032 2.15773 -0.151294 0.0334646 0.0176945
41300000 2.24221 2.21921 2.21765 -0.180252 0.0148226 0.00426046
41400000 2.18536 2.20309 2.25594 -0.172109 -0.0180791 0.0207512
41500000 2.26078 2.22213 2.22756 -0.183963 -0.0203031 -0.00450161
41600000 2.21217 2.21114 2.18871 -0.221166 0.0180653 0.0269104
41700000 2.26766 2.19816 2.234 -0.211888 0.0229827 -0.00613206
41800000 2.20264 2.18463 2.22753 -0.25942 0.0147867 -0.0215372
41900000 2.23653 2.19082 2.24637 -0.234175 0.0256513 -0.0207062
42000000 2.27938 2.19145 2.20523 -0.223459 0.000596861 -0.0276039
42100000 2.22153 2.208 2.22083 -0.249036 -0.0173771 -0.00161411
42200000 2.20126 2.18421 2.16885 -0.274292 0.013806 -0.00924953
42300000 2.25825 2.19869 2.19373 -0.243288 -0.0179125 0.00326032
42400000 2.2228 2.17923 2.20684 -0.246274 0.01237 0.00236778
42500000 2.24253 2.17346 2.24912 -0.206816 0.0183251 0.0206519
42600000 2.23854 2.18666 2.24956 -0.257647 -0.0197512 0.0192355
42700000 2.24471 2.21393 2.19271 -0.233464 0.0156904 -0.0183933
42800000 2.21572 2.21489 2.1994 -0.238968 -0.0246397 0.0185402
42900000 2.21823 2.224 2.22743 -0.230914 0.0118644 -0.00564185
43000000 2.18349 2.24511 2.21411 -0.221169 -0.0322329 -0.0172759
43100000 2.19009 2.18142 2.23948 -0.231971 0.00701637 0.0390775
43200000 2.19126 2.20151 2.20711 -0.210774 -0.0122196 -0.0108008
43300000 2.22058 2.21996 2.23164 -0.205531 -0.00681864 0.0136425
43400000 2.22297 2.21406 2.21855 -0.22197 -0.0137781 0.0207044
43500000 2.21839 2.22096 2.22765 -0.214274 -0.0262783 0.0128613
43600000 2.26438 2.20975 2.23679 -0.197497 -0.00496093 -0.00833887
43700000 2.24366 2.23848 2.24119 -0.155189 0.000625244 0.00983843
43800000 2.19261 2.20243 2.21177 -0.147885 0.00489343 0.0202186
43900000 2.23078 2.2516 2.24928 -0.130349 -0.00445694 -0.0336567
44000000 2.20071 2.18761 2.14317 -0.140783 -0.00611391 0.0035575
44100000 2.229 2.20915 2.20255 -0.0845999 0.00445356 0.0312826
44200000 2.19489 2.21412 2.22377 -0.0935795 -0.027751 0.0148875
44300000 2.18775 2.17812 2.19111 -0.0498307 -0.0123213 0.0176092
44400000 2.22003 2.17801 2.17147 -0.0477367 0.0230454 0.00937554
44500000 2.23897 2.13978 2.17238 -0.038877 -0.0269853 0.000566457
44600000 2.2475 2.1556 2.18243 -0.0340376 0.0143332 -0.00624592
44700000 2.23903 2.21716 2.18981 0.00535364 0.0130052 0.0163743
44800000 2.20664 2.16628 2.19985 -0.00626981 0.00763425 0.0208227
44900000 2.19795 2.1796 2.21218 0.038834 -0.0176404 0.0490743
45000000 2.24018 2.1998 2.18436 0.0513323 0.0133716 0.0225955
45100000 2.2055 2.20544 2.20636 0.0562531 0.00289377 0.00349661
45200000 2.24237 2.2105 2.20983 0.0596252 0.0379932 0.0279982
45300000 2.19712 2.23527 2.18768 0.0995584 0.0164508 -0.00662616
45400000 2.25282 2.12893 2.2302 0.0947439 -0.0121718 -0.0156265
45500000 2.21003 2.22497 2.20307 0.134865 -0.0035985 -0.0137846
45600000 2.20476 2.20274 2.16696 0.118526 0.00537631 -0.00816763
45700000 2.22423 2.16348 2.17871 0.146095 -0.00150554 0.00948856
45800000 2.23258 2.18499 2.20203 0.172374 -0.0299722 0.0197735
45900000 2.26153 2.17908 2.21976 0.171743 -0.006644 0.00597278
46000000 2.22212 2.22261 2.20149 0.16453 -0.038169 0.0422004
46100000 2.22846 2.17737 2.20081 0.177195 0.0199926 0.00951135
46200000 2.20277 2.18003 2.19129 0.246559 0.016756 -0.00613108
46300000 2.23051 2.19237 2.18177 0.194184 0.0142717 0.0077761
46400000 2.23582 2.17674 2.23467 0.22199 0.0308473 0.0102274
46500000 2.2786 2.23101 2.17434 0.263375 -0.0172783 0.0359285
46600000 2.19514 2.19616 2.21356 0.251451 -0.0140327 -0.00547209
46700000 2.20915 2.2272 2.20882 0.307185 -0.0295011 0.0261603
46800000 2.20448 2.18278 2.24842 0.273687 0.0239062 0.0365164
46900000 2.22293 2.17618 2.19766 0.261417 -0.00662238 0.00548534
47000000 2.22994 2.22643 2.15946 0.286272 -0.016486 0.0173997
47100000 2.16091 2.21886 2.23616 0.288525 -0.0112036 -0.00803496
47200000 2.22128 2.16814 2.23005 0.304119 -0.0111174 0.0191591
47300000 2.23798 2.20539 2.20832 0.332955 -0.0212113 0.00621125
47400000 2.26997 2.19448 2.1992 0.266935 -0.0245851 -0.00309176
47500000 2.25595 2.19699 2.23111 0.312333 -0.0143065 -0.00996042
47600000 2.22674 2.2655 2.22483 0.30664 0.0106329 -0.0280772
47700000 2.19236 2.19456 2.2442 0.267661 0.00396574 0.0195257
47800000 2.18625 2.22748 2.23596 0.236203 -0.00965062 -0.00987851
47900000 2.22458 2.20743 2.22903 0.257711 -0.00744292 0.012915
48000000 2.23353 2.22838 2.19662 0.280155 -0.0141545 -0.000684696
48100000 2.24801 2.2315 2.21213 0.251163 -0.00969934 0.00125988
48200000 2.28085 2.21579 2.19912 0.225176 0.025947 -0.00481743
48300000 2.18343 2.15707 2.17202 0.237005 -0.00891147 0.00559508
48400000 2.19696 2.23954 2.19197 0.22342 0.0249293 -0.0137748
48500000 2.19854 2.23825 2.2154 0.211397 -0.00347672 -0.00164374
48600000 2.25197 2.19155 2.25414 0.247885 -0.0208765 0.0119212
48700000 2.15806 2.15489 2.23087 0.186819 -0.0118476 0.00530728
48800000 2.22657 2.18458 2.19629 0.216139 -0.0348267 0.00439116
48900000 2.23557 2.16577 2.19532 0.157847 0.0182304 -0.000502787
49000000 2.25736 2.19856 2.19729 0.17378 -0.00129187 -0.0139578
49100000 2.20285 2.18979 2.20444 0.154522 0.0293224 0.00207769
49200000 2.21573 2.17226 2.2064 0.143088 0.0293653 0.0046111
49300000 2.24283 2.19979 2.21895 0.124663 0.00661758 0.0069485
49400000 2.23526 2.21414 2.1373 0.096064 0.0226248 0.0131026
49500000 2.18668 2.21467 2.21257 0.0539654 0.00212074 -0.00572693
49600000 2.2409 2.21499 2.14405 0.0706729 0.00833099 0.00403111
49700000 2.2459 2.19548 2.17631 0.0422104 -0.00139559 -0.0186378
49800000 2.21861 2.20626 2.2493 0.0194821 0.00601829 0.0181411
49900000 2.22655 2.1653 2.19339 0.0131323 0.00894281 -0.00166548
50000000 2.19374 2.20081 2.18046 -0.00468321 0.00582153 -0.00756375
