# Time-averaged data for fix ps1
# TimeStep c_thermo_press[1] c_thermo_press[2] c_thermo_press[3] c_thermo_press[4] c_thermo_press[5] c_thermo_press[6]
0 2.73038 2.70959 2.72489 -0.01902 -0.0176471 0.00430155
100000 2.74681 2.76537 2.69336 -0.0501229 0.0109041 0.0506334
200000 2.72473 2.73109 2.74857 -0.0330008 0.0311867 -0.0113644
300000 2.78809 2.70743 2.70864 -0.0660978 0.00365859 0.0175664
400000 2.72532 2.73393 2.73777 -0.0537925 0.0213853 0.0186821
500000 2.77899 2.74652 2.76696 -0.0917471 0.0345322 0.0202399
600000 2.74895 2.71924 2.66552 -0.0999636 -0.00733299 0.00406425
700000 2.82336 2.77386 2.73041 -0.112766 0.00180997 0.0127214
800000 2.7632 2.75226 2.76299 -0.119036 -0.00933968 0.0242886
900000 2.77059 2.72045 2.71048 -0.14788 0.00974813 0.00234291
1000000 2.74668 2.71774 2.74493 -0.0988712 -0.000833267 0.0238263
1100000 2.73831 2.717 2.73049 -0.152075 -0.0217471 0.0154979
1200000 2.77859 2.70347 2.77686 -0.148531 0.0299204 0.00621727
1300000 2.78613 2.65774 2.74725 -0.164557 -0.00289539 0.00562979
1400000 2.74847 2.71147 2.7494 -0.210051 0.0111383 -0.000123182
1500000 2.78844 2.75522 2.74694 -0.189617 0.0133389 -0.018721
1600000 2.79585 2.7662 2.73479 -0.158113 0.0165266 0.000214914
1700000 2.75512 2.79522 2.79509 -0.190248 -0.0161084 0.0350139
1800000 2.75605 2.75881 2.75818 -0.25849 0.0168296 0.00836494
1900000 2.74893 2.74926 2.70305 -0.184659 0.00432695 0.00250546
2000000 2.76594 2.7101 2.73827 -0.248906 0.00961903 0.013761
2100000 2.80674 2.73158 2.70277 -0.233199 -0.00377978 0.0454445
2200000 2.78093 2.7578 2.69892 -0.171673 -0.00814727 -0.00659886
2300000 2.75185 2.79152 2.73892 -0.203457 -0.00227179 0.0438852
2400000 2.77046 2.77926 2.75094 -0.230222 -0.00728085 -0.00919012
2500000 2.75461 2.73272 2.72895 -0.243404 0.0135193 0.0161234
2600000 2.71636 2.73943 2.76323 -0.231698 -0.0263688 0.0190944
2700000 2.7821 2.71002 2.68701 -0.1945 -0.00284237 0.0184527
2800000 2.77433 2.68819 2.7473 -0.22338 0.008571 -0.0260421
2900000 2.75337 2.78838 2.71319 -0.230744 0.0154994 -0.0123562
3000000 2.71735 2.74235 2.76164 -0.20978 -0.0358757 0.00563527
3100000 2.75913 2.68121 2.7534 -0.196373 -0.0179562 -0.0397636
3200000 2.74505 2.70604 2.75982 -0.162281 -0.0249892 0.0338514
3300000 2.74459 2.74434 2.71081 -0.168239 -0.0053079 0.0198154
3400000 2.73895 2.70862 2.68331 -0.158595 -0.0110676 -0.0354487
3500000 2.77176 2.69445 2.77365 -0.131796 0.0400289 0.0263353
3600000 2.83756 2.74006 2.72625 -0.172535 0.034743 -0.0221224
3700000 2.81266 2.76462 2.70971 -0.128384 0.0317036 -0.0178461
3800000 2.78766 2.66499 2.77286 -0.143187 0.015872 -0.0276983
3900000 2.78013 2.68417 2.76121 -0.107133 0.0486427 0.00942099
4000000 2.77318 2.71978 2.73495 -0.0721762 0.0187115 -0.00290038
4100000 2.73326 2.73435 2.73053 -0.0865623 0.0192073 -0.025765
4200000 2.69926 2.72633 2.71069 -0.0637923 0.0472845 0.0141434
4300000 2.74024 2.71538 2.7114 -0.0423356 0.0171679 0.0366716
4400000 2.78305 2.69695 2.73694 -0.0350301 0.0497622 0.0244718
4500000 2.81782 2.70626 2.74792 -0.0305155 0.00564168 0.00427492
4600000 2.80436 2.75535 2.74024 -0.0501703 -0.0311397 0.00499235
4700000 2.78675 2.64218 2.71936 5.52642e-05 -0.0011059 0.00385554
4800000 2.77049 2.72396 2.70549 0.0121336 0.049552 0.0142043
4900000 2.73373 2.69007 2.66974 0.0325762 0.00749463 -0.017324
5000000 2.70856 2.70257 2.72264 0.0569315 -0.0173218 -0.0270822
5100000 2.78194 2.6781 2.69371 0.0537725 0.02208 -0.00964082
5200000 2.73742 2.688 2.72641 0.0990386 0.0428843 -0.00981543
5300000 2.76163 2.70092 2.65979 0.101695 0.00707605 -0.0410364
5400000 2.71879 2.75225 2.72694 0.11317 0.000429614 0.025615
5500000 2.73456 2.74293 2.71444 0.0725245 -0.000158984 -0.0153721
5600000 2.79294 2.69756 2.72183 0.123139 0.0426006 -0.0442041
5700000 2.7159 2.82542 2.69017 0.110137 0.00700367 0.000366256
5800000 2.75839 2.7047 2.72493 0.142643 -0.0199243 0.00727974
5900000 2.7431 2.69156 2.68858 0.160512 0.0202247 0.0129591
6000000 2.71541 2.6965 2.7499 0.180265 0.0478698 -0.00370134
6100000 2.78312 2.74544 2.74173 0.158793 -0.0420148 -0.0474232
6200000 2.75027 2.75136 2.74801 0.187626 -0.00706341 -0.00204612
6300000 2.80089 2.73983 2.76951 0.167203 0.0107937 0.00235868
6400000 2.71372 2.75299 2.68985 0.198799 -0.00651451 0.0104703
6500000 2.80958 2.75049 2.71837 0.196284 0.0124401 0.0225185
6600000 2.73981 2.72497 2.71194 0.210302 -0.00653856 -0.0312582
6700000 2.79281 2.74251 2.72977 0.216141 0.0174557 -5.33227e-05
6800000 2.76352 2.68141 2.75534 0.198372 0.0206059 0.0147411
6900000 2.75775 2.72609 2.66575 0.193413 0.00803807 0.00367963
7000000 2.75729 2.75726 2.73274 0.219629 -0.0396313 0.00330911
7100000 2.78774 2.71631 2.73023 0.213069 0.00291871 0.00248013
7200000 2.75181 2.75145 2.76779 0.223289 0.0244994 0.0277643
7300000 2.78827 2.73791 2.72349 0.2339 0.0108451 0.00408483
7400000 2.76027 2.6929 2.74306 0.215571 -0.000325663 0.0115155
7500000 2.75807 2.72898 2.72227 0.19216 0.0142888 0.0393702
7600000 2.77797 2.75401 2.8232 0.181588 0.00945063 -0.00405429
7700000 2.81045 2.73425 2.72339 0.221689 -0.00274347 0.0313232
7800000 2.76119 2.69287 2.77036 0.203483 0.032791 0.0265797
7900000 2.74021 2.75369 2.70542 0.181475 0.0124018 0.0168571
8000000 2.75379 2.7037 2.71015 0.178408 0.0192277 -0.0148511
8100000 2.77119 2.81151 2.70839 0.197104 0.0054971 -0.00235361
8200000 2.7612 2.75245 2.74863 0.175135 0.0121276 -0.00397388
8300000 2.78946 2.73626 2.74432 0.136564 0.0193779 0.0124912
8400000 2.78942 2.7349 2.76492 0.140296 -0.00662667 -0.00666851
8500000 2.78401 2.7474 2.74692 0.120329 -0.00622369 0.0331354
8600000 2.77332 2.73468 2.77029 0.164076 0.0258766 0.00300793
8700000 2.73759 2.70399 2.81269 0.138237 0.0432164 0.0039765
8800000 2.77036 2.73854 2.71201 0.0791496 -0.00236495 0.0166563
8900000 2.78702 2.66683 2.72376 0.0899172 0.0167644 -0.0221974
9000000 2.77269 2.6896 2.69803 0.0816954 0.0273421 0.00944353
9100000 2.77539 2.74079 2.68779 0.0789521 -0.00765252 0.00286931
9200000 2.78665 2.78759 2.69801 0.0697021 -0.00714858 -0.0122697
9300000 2.80072 2.76898 2.67688 -0.00727968 -0.0471427 -0.0268808
9400000 2.78274 2.74992 2.70073 0.0282739 0.0138971 -0.0125934
9500000 2.79983 2.75228 2.7544 0.0440119 0.0134415 0.0235731
9600000 2.75213 2.71094 2.74756 0.0245061 0.0314637 -0.021142
9700000 2.8039 2.72557 2.75257 -0.0149726 -0.0207954 -0.0210608
9800000 2.73048 2.68143 2.72499 -0.0196279 0.0143075 0.0112711
9900000 2.7403 2.75829 2.70803 -0.0628321 -0.00190033 -0.000360217
10000000 2.74377 2.76283 2.73181 -0.0698744 -0.0305444 0.0116061
10100000 2.79683 2.68295 2.69051 -0.0855355 0.00382198 0.0187732
10200000 2.77123 2.73794 2.70685 -0.0659284 -0.0268323 0.024686
10300000 2.78971 2.7655 2.68923 -0.105955 0.0214293 -0.00163429
10400000 2.70846 2.74044 2.74949 -0.088199 0.00156788 0.0211003
10500000 2.73626 2.74711 2.7654 -0.1278 -0.00154576 -0.00752533
10600000 2.80356 2.75971 2.73275 -0.141648 0.0166216 0.00737033
10700000 2.77723 2.69568 2.71624 -0.172709 -0.00376607 0.0150876
10800000 2.72974 2.72848 2.76567 -0.165327 0.00562761 0.0169607
10900000 2.77828 2.76072 2.72493 -0.185797 0.00767671 -0.01771
11000000 2.75654 2.7418 2.74605 -0.192979 0.017323 -0.00373639
11100000 2.70823 2.72808 2.80555 -0.209455 0.0343466 -0.0323978
11200000 2.79189 2.73536 2.68782 -0.207716 0.0310731 -0.0252817
11300000 2.75076 2.73665 2.72207 -0.193199 0.00264564 -0.00415058
11400000 2.71372 2.764 2.71858 -0.22626 0.0157033 0.0168314
11500000 2.73096 2.74437 2.75612 -0.208922 -0.0151514 -0.0432175
11600000 2.72222 2.71286 2.68128 -0.237635 -0.0382484 -0.00209338
11700000 2.74475 2.71803 2.74159 -0.2287 0.0316326 -0.0443807
11800000 2.75396 2.76309 2.72037 -0.264485 0.0185933 -0.00866446
11900000 2.73491 2.78233 2.71023 -0.213041 0.015996 -0.0161235
12000000 2.72784 2.73326 2.70967 -0.246561 -0.00673002 0.0118216
12100000 2.77345 2.73506 2.70484 -0.234466 -0.00626577 -0.0201099
12200000 2.78026 2.69181 2.72412 -0.221816 0.055991 -0.0177157
12300000 2.79852 2.72957 2.75476 -0.233635 -0.0014486 0.0032591
12400000 2.78327 2.71352 2.69951 -0.244035 -0.00257976 0.013695
12500000 2.73698 2.71538 2.72531 -0.212536 -0.00354307 -0.0218306
12600000 2.72674 2.78681 2.71403 -0.233736 0.0249724 0.00303663
12700000 2.769 2.72331 2.72693 -0.238687 0.0196757 -0.0262493
12800000 2.80874 2.72386 2.67013 -0.215985 -0.0170016 -0.0515832
12900000 2.77382 2.71984 2.70121 -0.235119 0.0224121 -0.00178757
13000000 2.74023 2.76293 2.72939 -0.200627 -0.0359075 0.00980147
13100000 2.7233 2.70416 2.73012 -0.187533 0.0504413 -0.015104
13200000 2.78722 2.76019 2.72015 -0.177341 0.0117964 -0.0141434
13300000 2.77046 2.71329 2.71765 -0.197357 -0.023998 -0.0408616
13400000 2.78333 2.70186 2.72071 -0.14333 0.0326747 -0.0330949
13500000 2.80517 2.76762 2.75087 -0.154854 0.000710467 0.0130616
13600000 2.73331 2.71452 2.69452 -0.146498 -0.0268807 -0.0193944
13700000 2.76764 2.72792 2.70233 -0.115428 -0.00549735 -0.0437382
13800000 2.74356 2.72229 2.71886 -0.149413 -0.0201566 -0.0164207
13900000 2.80865 2.71177 2.70629 -0.133874 -0.0126389 -0.00361377
14000000 2.78907 2.65628 2.71398 -0.121126 -0.0163317 -0.0542464
14100000 2.73961 2.73751 2.70371 -0.0960892 0.0072908 -0.0364919
14200000 2.76377 2.75931 2.67723 -0.101947 0.00993311 0.00891761
14300000 2.76279 2.71525 2.67732 -0.0644007 -0.0101923 -0.0188911
14400000 2.75114 2.71769 2.68076 -0.0335783 -0.0357182 0.00907353
14500000 2.76516 2.80582 2.65757 -0.054424 -0.00242464 -0.0369227
14600000 2.76808 2.78264 2.70798 -0.0131863 0.0328069 0.00588064
14700000 2.78212 2.74886 2.68225 -0.00720387 0.0110431 0.00227367
14800000 2.74392 2.73198 2.7022 -0.0311068 0.000562306 -0.0334548
14900000 2.74615 2.70941 2.70288 0.0269902 0.0358163 0.0336804
15000000 2.7548 2.70311 2.68016 0.0418794 -0.00610761 0.0264347
15100000 2.72881 2.75725 2.71888 0.0810362 0.0207446 -0.018361
15200000 2.74538 2.77365 2.67017 0.0333139 0.00714359 -0.00697757
15300000 2.72986 2.72881 2.72211 0.0834926 -0.0139569 -0.00918338
15400000 2.72371 2.68412 2.70372 0.0836841 0.00704915 -0.0123494
15500000 2.72739 2.73834 2.69152 0.0769053 -0.0033118 0.00247064
15600000 2.74415 2.70446 2.67686 0.120355 -0.017072 -0.0098256
15700000 2.72644 2.75672 2.72424 0.121656 0.0131293 -0.0212223
15800000 2.75459 2.74246 2.72768 0.128766 0.0550955 -0.00293256
15900000 2.79191 2.70628 2.72181 0.160364 0.0185761 0.0136334
16000000 2.78363 2.78641 2.70667 0.163447 -0.0123701 -0.0491942
16100000 2.81813 2.69383 2.68518 0.189264 0.00643224 -0.0637671
16200000 2.76368 2.71753 2.7089 0.183387 -0.0131198 0.0251259
16300000 2.76173 2.69167 2.71205 0.201053 -0.0110582 -0.00320627
16400000 2.78332 2.71801 2.71836 0.219985 0.0129987 2.54487e-05
16500000 2.82215 2.69997 2.70182 0.199786 -0.0297436 -0.0328258
16600000 2.7729 2.75777 2.70248 0.199796 -0.0082378 -0.00184829
16700000 2.74315 2.7236 2.68937 0.207608 -0.00455157 0.00351475
16800000 2.77372 2.73224 2.72173 0.213057 0.0133069 0.0314058
16900000 2.78348 2.66704 2.74361 0.259326 0.00213055 -0.0190585
17000000 2.75623 2.69703 2.74089 0.280935 -0.0119325 -0.0209639
17100000 2.72919 2.73397 2.70627 0.212024 0.00168757 0.00741181
17200000 2.73495 2.71425 2.72416 0.237031 0.0208236 -2.6272e-05
17300000 2.79995 2.79066 2.69475 0.219824 0.0127269 0.0376632
17400000 2.8178 2.71661 2.66815 0.242111 0.0127943 0.0049355
17500000 2.76946 2.70817 2.73102 0.199508 0.0140678 0.0123114
17600000 2.76711 2.73586 2.71998 0.197971 0.0130793 -0.024614
17700000 2.75977 2.75333 2.67647 0.182088 -0.00716211 0.0083098
17800000 2.71657 2.70683 2.74296 0.168832 -0.00690623 0.0116579
17900000 2.80226 2.76495 2.68295 0.198056 -0.0018376 -0.0190241
18000000 2.75484 2.76289 2.68342 0.166557 0.0135224 -0.00659819
18100000 2.7937 2.71517 2.73791 0.190161 0.00143422 -0.015795
18200000 2.7838 2.73691 2.70337 0.152046 -0.0100706 0.0238212
18300000 2.73376 2.7564 2.74012 0.163356 0.0293548 -0.0154963
18400000 2.7726 2.73474 2.70084 0.157586 0.00822242 -0.0245326
18500000 2.6894 2.75381 2.75635 0.157865 -0.0262692 -0.0108273
18600000 2.83155 2.72431 2.73341 0.133159 0.00911932 -0.0210753
18700000 2.74459 2.73843 2.71047 0.11448 -0.017326 0.00431442
18800000 2.80108 2.71551 2.72016 0.0759304 0.0231482 0.050571
18900000 2.71487 2.74134 2.74402 0.0776171 0.00337908 -0.00433865
19000000 2.77765 2.7496 2.72846 0.0843653 -0.0218181 0.0274549
19100000 2.7487 2.74925 2.6813 0.0807776 -0.0512911 -0.0385308
19200000 2.73762 2.71441 2.7251 0.0888965 -0.0127894 -0.021313
19300000 2.74657 2.70209 2.68025 0.015095 0.000450311 0.00925975
19400000 2.74649 2.70853 2.72394 0.0108541 -0.0156183 0.00712712
19500000 2.74381 2.71006 2.64454 -0.0231719 0.0177903 -0.00456568
19600000 2.7276 2.72683 2.72845 0.00346323 -0.0244692 -0.000286979
19700000 2.73339 2.69408 2.70467 -0.0315098 -0.0262777 0.0104927
19800000 2.75086 2.78904 2.74713 -0.0638975 0.0101491 -0.0501895
19900000 2.76907 2.68252 2.73033 -0.0516536 0.00618272 0.0007946
20000000 2.72733 2.74969 2.73452 -0.0250085 0.0191249 0.00995761
20100000 2.76213 2.75877 2.70856 -0.0344883 0.0192199 0.0111767
20200000 2.71289 2.72958 2.67551 -0.0386815 0.0290379 0.00241405
20300000 2.73027 2.78013 2.71966 -0.0808678 -0.0202462 -0.00313353
20400000 2.74891 2.74123 2.64184 -0.0863856 -0.0393266 -0.01711
20500000 2.75387 2.74728 2.70147 -0.129655 -0.015886 -0.013594
20600000 2.74841 2.72877 2.6756 -0.141079 -0.0141028 0.0313071
20700000 2.79875 2.74938 2.69388 -0.130078 -0.0121864 -0.00728484
20800000 2.75105 2.68327 2.69641 -0.148817 0.0024514 0.0198261
20900000 2.79279 2.76537 2.73114 -0.110454 0.00978864 0.00461976
21000000 2.73296 2.74038 2.75023 -0.193574 0.00560718 0.0169749
21100000 2.8012 2.75122 2.66574 -0.191704 -0.0443564 0.0029013
21200000 2.74376 2.76205 2.70886 -0.175638 0.00726667 -0.00315604
21300000 2.73613 2.69998 2.71772 -0.181384 -0.0612938 -0.0129748
21400000 2.80438 2.72735 2.76773 -0.179228 -0.0010257 0.0142805
21500000 2.74144 2.76206 2.69596 -0.205415 -0.0277546 -0.0116603
21600000 2.78487 2.77 2.75874 -0.221708 -0.0424279 -0.0247682
21700000 2.74348 2.76917 2.68708 -0.251101 -0.00659198 -0.0172356
21800000 2.75864 2.75536 2.70802 -0.243988 0.0217795 0.0279642
21900000 2.78661 2.73418 2.75863 -0.238043 0.0189113 -0.0131873
22000000 2.7504 2.75458 2.73478 -0.206013 -0.0161586 0.000833152
22100000 2.78893 2.72194 2.70623 -0.226658 -0.00455751 0.00182143
22200000 2.76696 2.72467 2.6623 -0.224052 0.0194687 0.00948003
22300000 2.74433 2.82317 2.71055 -0.196105 0.0425668 0.00897638
22400000 2.76393 2.69895 2.69143 -0.225247 0.0283628 0.0114505
22500000 2.84399 2.76093 2.70051 -0.192636 -0.0197853 0.0469983
22600000 2.82416 2.7284 2.70673 -0.215425 0.00578525 -0.0178449
22700000 2.76003 2.76416 2.72274 -0.193563 0.00890469 -0.00671954
22800000 2.78568 2.75277 2.78726 -0.242795 0.0179425 0.0184291
22900000 2.75192 2.75748 2.72386 -0.174214 0.0178964 0.0132977
23000000 2.81076 2.72343 2.70103 -0.180411 0.0345017 0.0106441
23100000 2.73906 2.70697 2.7164 -0.176959 -0.00433995 -0.0020674
23200000 2.78102 2.77307 2.63671 -0.141488 0.0233846 0.00869785
23300000 2.79464 2.702 2.73283 -0.164429 0.0342539 -0.00668954
23400000 2.82039 2.72841 2.72968 -0.125455 0.0341448 -0.0301844
23500000 2.78477 2.71858 2.72782 -0.146554 0.044436 -0.0253276
23600000 2.7507 2.73469 2.69659 -0.144868 0.017987 -0.0199056
23700000 2.78823 2.75712 2.71766 -0.126361 0.0366147 0.0335902
23800000 2.79048 2.76042 2.72778 -0.124415 -0.00315252 -0.0175219
23900000 2.80377 2.74304 2.69163 -0.0879204 -0.036058 -0.0409195
24000000 2.75004 2.71745 2.75255 -0.0871395 0.0150496 -0.0238348
24100000 2.75064 2.73117 2.74011 -0.0750264 0.0280133 0.00963852
24200000 2.74135 2.75644 2.70487 -0.0581908 0.0194319 0.00354362
24300000 2.77856 2.72009 2.70924 -0.0309676 0.0098569 -0.0149835
24400000 2.80922 2.74229 2.67523 -0.0313361 0.0251764 0.00829732
24500000 2.81705 2.73334 2.74597 -0.0156574 -0.0533052 0.0282596
24600000 2.78255 2.70433 2.69809 0.0194783 -0.00851308 0.00833758
24700000 2.80203 2.70046 2.71357 0.00374528 0.0416002 -0.000836901
24800000 2.77525 2.70835 2.74061 0.00241188 -0.00351176 0.00764218
24900000 2.78871 2.7118 2.68731 -0.0111634 0.0272763 0.0307563
25000000 2.75483 2.76167 2.73805 0.0385786 -0.0413285 -0.00604483
25100000 2.73962 2.69976 2.7182 0.0439199 -0.00206792 0.0182898
25200000 2.74737 2.74154 2.73807 0.0655309 0.00481985 0.00324388
25300000 2.74856 2.74158 2.7382 0.0685786 0.0544431 -0.00771832
25400000 2.72568 2.70786 2.6947 0.127725 0.00831276 0.00570627
25500000 2.76689 2.67067 2.67499 0.129908 0.0246593 0.0418124
25600000 2.76209 2.70424 2.72465 0.110616 0.0120842 0.000876363
25700000 2.74982 2.68124 2.72853 0.154093 0.0356728 -0.0159883
25800000 2.78462 2.77111 2.74723 0.144468 -0.00550554 0.0293836
25900000 2.78025 2.77767 2.68681 0.156257 0.0123428 0.00876812
26000000 2.73516 2.67481 2.76867 0.185498 0.0271225 0.011992
26100000 2.76838 2.6642 2.69524 0.194933 0.0238576 -0.0101954
26200000 2.74086 2.7127 2.73188 0.177997 -0.0196396 0.0214294
26300000 2.80923 2.71267 2.7415 0.189007 -0.00301168 0.00433517
26400000 2.80903 2.68313 2.7314 0.229451 0.0331947 -0.00313536
26500000 2.75404 2.74643 2.70045 0.211219 0.00634448 0.0021789
26600000 2.75113 2.67966 2.70423 0.208959 0.00682002 -0.00157154
26700000 2.76678 2.69426 2.6826 0.179148 0.0151459 -0.0143713
26800000 2.77073 2.72123 2.71807 0.232656 -0.00341654 0.0109524
26900000 2.65879 2.7121 2.6651 0.225714 0.0066943 0.00146982
27000000 2.76019 2.71119 2.68399 0.26949 0.0040425 0.0248179
27100000 2.77102 2.73818 2.75504 0.243097 -0.00641103 -0.0171618
27200000 2.72694 2.73281 2.74366 0.253415 0.0414632 0.0152651
27300000 2.74134 2.67574 2.81254 0.23235 -0.000733567 0.0304982
27400000 2.74938 2.71221 2.74551 0.224281 0.0116116 0.0405409
27500000 2.7155 2.73463 2.79493 0.202972 0.0236911 0.0497522
27600000 2.73236 2.71579 2.76403 0.208039 -0.0193182 0.0180305
27700000 2.78416 2.73788 2.70427 0.223881 0.0109171 0.0373508
27800000 2.80061 2.65353 2.75543 0.210782 0.00739598 0.0111229
27900000 2.75452 2.72854 2.6695 0.138289 -0.0120853 0.015318
28000000 2.77686 2.69667 2.7899 0.153779 0.00741153 0.0306221
28100000 2.7653 2.67441 2.76283 0.203686 0.00599642 0.00435656
28200000 2.74915 2.66024 2.68507 0.165721 -0.00407771 0.0410495
28300000 2.73526 2.64972 2.73255 0.206396 0.0464779 0.0133173
28400000 2.73304 2.70851 2.69017 0.202802 -0.0280726 0.0335182
28500000 2.7362 2.65065 2.76853 0.176106 0.0189152 0.0163049
28600000 2.76288 2.70958 2.76113 0.1841 0.0205779 0.0126605
28700000 2.79081 2.65447 2.72302 0.126081 0.00414804 0.0260122
28800000 2.76312 2.66506 2.78459 0.103599 -0.0109657 0.0187572
28900000 2.77875 2.65613 2.7521 0.0932688 0.00111966 0.0197971
29000000 2.79565 2.6877 2.7892 0.101465 0.000714853 0.0442335
29100000 2.74563 2.73474 2.72142 0.0697127 0.0302031 0.00875279
29200000 2.77404 2.65346 2.69871 0.0724005 -0.00909884 0.0349127
29300000 2.76244 2.64614 2.70783 0.0884918 0.0502409 0.0222626
29400000 2.77072 2.71394 2.73313 0.0113084 -0.0138973 0.0376788
29500000 2.71552 2.72979 2.71411 0.0261437 -0.0570166 0.0290322
29600000 2.76641 2.68644 2.68859 0.0175759 -0.0101921 -0.00509599
29700000 2.74147 2.74756 2.78141 0.024722 0.0596821 -0.0162594
29800000 2.7877 2.6761 2.72944 -0.0414191 0.0297497 0.0257729
29900000 2.76266 2.7072 2.70146 -0.045662 -0.00453862 0.0400888
30000000 2.74275 2.70559 2.7207 -0.0803358 0.0246194 0.0132622
30100000 2.78486 2.70583 2.67512 -0.0660734 0.017124 0.0315057
30200000 2.7527 2.72236 2.73335 -0.121425 0.0444763 -0.0191551
30300000 2.72511 2.73758 2.69053 -0.0946935 -0.000981931 0.0067613
30400000 2.75562 2.68222 2.71958 -0.100791 0.00318377 0.0292589
30500000 2.71069 2.70431 2.73373 -0.109568 -0.00197702 0.0416765
30600000 2.75064 2.72146 2.70826 -0.154147 0.0140871 0.0110923
30700000 2.76276 2.67893 2.77891 -0.17114 0.0105594 0.0420835
30800000 2.72778 2.7023 2.75061 -0.172171 0.0296684 0.0213291
30900000 2.79057 2.6845 2.70614 -0.199355 0.0473072 0.0354025
31000000 2.69632 2.71128 2.70128 -0.172404 0.0168594 0.0176413
31100000 2.74316 2.6959 2.74714 -0.195452 -0.0119628 0.0243104
31200000 2.71961 2.76502 2.70585 -0.224364 0.00835614 0.0295758
31300000 2.70247 2.73 2.73529 -0.184629 -0.0107969 0.033194
31400000 2.77918 2.68989 2.74579 -0.212907 0.0145204 0.0203596
31500000 2.69417 2.74881 2.65411 -0.253761 0.000610946 0.0289945
31600000 2.70186 2.69524 2.69237 -0.223396 0.0234321 -0.00247173
31700000 2.7726 2.7269 2.71454 -0.28005 0.0141749 -0.017075
31800000 2.74897 2.76315 2.70946 -0.230732 -0.0216954 -0.00783183
31900000 2.75448 2.73815 2.72429 -0.256327 -0.00900776 0.00114198
32000000 2.80918 2.69161 2.73181 -0.268487 -0.00604848 -0.0267187
32100000 2.73515 2.72201 2.72898 -0.271846 -0.00726229 0.0268936
32200000 2.73414 2.7065 2.71946 -0.25077 0.00809404 0.0172716
32300000 2.72715 2.69608 2.74899 -0.241506 -0.00891284 -0.0112728
32400000 2.74037 2.71015 2.73341 -0.212583 -0.0171983 0.00597872
32500000 2.73041 2.7123 2.75397 -0.219642 0.00313037 0.0441876
32600000 2.7394 2.68696 2.69947 -0.259455 -0.00103132 0.00838082
32700000 2.7658 2.71605 2.7267 -0.217877 0.000742121 0.0198661
32800000 2.70702 2.69077 2.64555 -0.27416 0.0200636 0.0288512
32900000 2.7122 2.7097 2.73748 -0.255289 0.00159413 0.0495499
33000000 2.7172 2.73934 2.73153 -0.233124 0.029503 -0.0100315
33100000 2.73261 2.69572 2.72401 -0.203941 0.0172756 0.00684242
33200000 2.6999 2.73021 2.74959 -0.210348 0.0455062 -0.0234953
33300000 2.73046 2.74221 2.7035 -0.170744 0.0137912 -0.00639518
33400000 2.74005 2.69461 2.7438 -0.213687 0.00674529 -0.00480969
33500000 2.6833 2.70413 2.6784 -0.167388 0.00010292 0.00114053
33600000 2.76947 2.74313 2.74989 -0.175865 -0.0138383 0.00617344
33700000 2.74241 2.69557 2.72339 -0.131817 -0.00314908 0.0299198
33800000 2.70668 2.71771 2.69766 -0.120028 -0.0321322 0.00617377
33900000 2.75903 2.76492 2.6968 -0.13247 -0.00183697 0.031205
34000000 2.71959 2.68629 2.74049 -0.116366 0.0120065 0.0218524
34100000 2.7216 2.69533 2.69505 -0.0802155 0.0176422 0.0189182
34200000 2.68862 2.66838 2.69527 -0.110862 -0.0236854 -0.00885419
34300000 2.74296 2.66069 2.71891 -0.0614016 0.0487933 0.0295623
34400000 2.79249 2.71513 2.74129 -0.0867805 -0.0121246 0.00809335
34500000 2.72782 2.66552 2.69077 -0.0487999 -0.00815194 0.036334
34600000 2.72784 2.67546 2.70877 -0.0310768 0.00303449 0.0346862
34700000 2.70617 2.70131 2.71404 -0.0340122 -0.00214171 0.0129641
34800000 2.72891 2.67661 2.74155 -0.0104711 0.00666855 0.0206891
34900000 2.70485 2.69395 2.73212 0.0161406 -0.0292473 0.0259801
35000000 2.73711 2.69769 2.69458 0.0291902 -0.0256332 -0.0318642
35100000 2.6858 2.73815 2.69257 0.044066 -0.0182761 0.0149933
35200000 2.70649 2.64291 2.71615 0.0784451 -0.0157759 0.00676088
35300000 2.7083 2.67035 2.77266 0.0756163 0.0138539 0.0188631
35400000 2.71988 2.66659 2.73326 0.0704752 -0.0344075 0.0133649
35500000 2.75935 2.73271 2.74349 0.0871348 -0.00600049 0.0177319
35600000 2.69564 2.67189 2.69282 0.0910456 0.0381561 0.0711639
35700000 2.72103 2.73093 2.70157 0.1491 -0.0123801 0.0301146
35800000 2.71339 2.71777 2.71822 0.117937 0.00239388 0.00911117
35900000 2.71845 2.72499 2.79917 0.122718 0.00365633 0.0247124
36000000 2.67648 2.68648 2.7332 0.149369 0.0119116 -0.0136061
36100000 2.70057 2.71387 2.73347 0.204735 -0.0216217 1.37282e-05
36200000 2.70415 2.7341 2.72231 0.182962 -0.0333121 0.0135248
36300000 2.71065 2.6759 2.75242 0.166742 -0.00266131 -0.00281835
36400000 2.73287 2.69216 2.70895 0.159517 0.00457797 0.0158988
36500000 2.67562 2.74397 2.77534 0.199637 -0.0262235 0.00580376
36600000 2.75921 2.70994 2.74728 0.216327 0.000658479 0.0279172
36700000 2.66936 2.71711 2.74798 0.194561 0.00273669 0.027304
36800000 2.74082 2.7131 2.76784 0.234781 0.0437141 0.0374402
36900000 2.75119 2.69734 2.765 0.176417 0.0167068 0.0140249
37000000 2.76941 2.64859 2.72367 0.16911 -0.00289108 0.00543831
37100000 2.76727 2.68893 2.76136 0.192829 -0.0200515 -0.0232117
37200000 2.6812 2.75363 2.77894 0.227943 -0.00353825 -0.0152549
37300000 2.71307 2.70353 2.78705 0.194473 -0.000816793 0.000964706
37400000 2.70108 2.71246 2.72718 0.232587 -0.000966598 0.0223429
37500000 2.69723 2.68176 2.77793 0.192869 -0.0286983 -0.00617415
37600000 2.72489 2.70241 2.68266 0.197924 0.0077356 0.0301924
37700000 2.67567 2.74869 2.75541 0.216099 0.010218 0.00904569
37800000 2.70045 2.70316 2.71861 0.153616 -0.0113494 -0.00423325
37900000 2.75093 2.69313 2.79821 0.196216 -0.00286058 0.0284963
38000000 2.73863 2.72119 2.76452 0.166106 0.000198381 0.0233557
38100000 2.71864 2.70563 2.74015 0.14467 -0.0114188 0.0417073
38200000 2.69326 2.72841 2.7739 0.148802 0.000261426 0.0449125
38300000 2.71444 2.67631 2.71002 0.165996 -0.0393931 0.0126361
38400000 2.7101 2.76504 2.75104 0.133443 -0.00208536 -0.0226748
38500000 2.69198 2.68271 2.73939 0.09952 0.00649736 0.0165399
38600000 2.72034 2.70736 2.71639 0.0886012 -0.00151018 0.0354909
38700000 2.74098 2.68342 2.76127 0.0627262 0.021246 0.0462453
38800000 2.7647 2.72488 2.76309 0.0796174 0.00225911 0.000973771
38900000 2.70544 2.7201 2.69395 0.0790649 0.0126908 -0.0105311
39000000 2.73578 2.68342 2.74699 0.0307293 0.00742337 0.0598734
39100000 2.72623 2.70344 2.77878 0.0280994 -0.0075874 0.0109298
39200000 2.74064 2.6435 2.75767 0.0329022 0.00513442 0.0122599
39300000 2.70138 2.69572 2.77094 0.0444989 0.00175074 0.0185838
39400000 2.70152 2.67985 2.7452 -0.00515034 -0.0237006 0.0110333
39500000 2.72009 2.71386 2.71289 -0.0449857 -0.0386078 0.00970989
39600000 2.65155 2.7274 2.73727 -0.0419315 -0.0171063 0.0217247
39700000 2.76293 2.70621 2.72632 -0.0365697 0.00770964 0.00269142
39800000 2.72808 2.70055 2.79634 -0.0639832 0.000478911 -0.00109721
39900000 2.72432 2.71832 2.75554 -0.0564979 -0.0279905 0.00888912
40000000 2.67004 2.71908 2.78677 -0.0576827 -0.0152617 0.0203632
40100000 2.68966 2.69473 2.76511 -0.0854683 -0.0358604 -0.0165988
40200000 2.72181 2.65878 2.71628 -0.101955 0.0421946 0.0318754
40300000 2.70934 2.68194 2.70142 -0.147903 0.0059306 0.00830614
40400000 2.72203 2.6647 2.74372 -0.147545 0.0263133 0.0410814
40500000 2.72201 2.74207 2.74402 -0.202544 0.00987946 0.0067424
40600000 2.73333 2.75153 2.75434 -0.164097 0.0145856 0.019028
40700000 2.72805 2.76367 2.70627 -0.198651 0.00312493 0.0441739
40800000 2.72508 2.65844 2.77462 -0.180987 -0.00508773 -0.00272439
40900000 2.767 2.70224 2.78035 -0.16771 0.0311456 0.0267959
41000000 2.72436 2.74178 2.78695 -0.180152 0.0295207 0.0110903
41100000 2.75746 2.66609 2.74523 -0.133437 -0.0446457 0.00866304
41200000 2.73704 2.70954 2.7496 -0.222203 0.0286331 0.0427896
41300000 2.7787 2.69136 2.71218 -0.233502 -0.009929 0.0303189
41400000 2.76617 2.74674 2.71917 -0.240095 0.0127437 -0.00346067
41500000 2.74222 2.69051 2.78437 -0.265369 0.0154061 0.0502562
41600000 2.75145 2.71847 2.65866 -0.251213 -0.00726459 0.0392782
41700000 2.80213 2.71986 2.82063 -0.232396 -0.00801896 0.00600012
41800000 2.72392 2.7733 2.73411 -0.239342 0.00870551 0.0324987
41900000 2.73609 2.71304 2.83356 -0.224583 0.00362517 0.00733091
42000000 2.73577 2.78489 2.77599 -0.209553 0.0011726 0.000719974
42100000 2.77039 2.78115 2.74555 -0.24737 -0.00402545 0.0213421
42200000 2.66896 2.73808 2.78364 -0.242213 0.0366313 0.0228734
42300000 2.73402 2.70165 2.75898 -0.286301 -0.0421363 -0.00734467
42400000 2.77257 2.70693 2.78968 -0.246608 -0.00731676 -0.0198749
42500000 2.80529 2.71057 2.76707 -0.245288 -0.0179472 0.0308131
42600000 2.74047 2.6868 2.76053 -0.193358 0.00545673 -0.0172233
42700000 2.73064 2.72074 2.78777 -0.266221 0.0369954 -0.00170539
42800000 2.69719 2.73228 2.77103 -0.182324 -0.026845 0.0375583
42900000 2.73577 2.73511 2.7771 -0.220101 -0.0276298 0.0275551
43000000 2.7754 2.65425 2.7114 -0.172649 0.0211327 -0.0205798
43100000 2.69169 2.68084 2.72852 -0.148546 0.0049891 -0.00383897
43200000 2.69676 2.72089 2.73164 -0.185042 -0.0157707 0.00205501
43300000 2.75789 2.72835 2.71634 -0.204072 -0.0131309 0.0436395
43400000 2.76039 2.70148 2.74178 -0.15319 -0.0244737 0.00611843
43500000 2.73176 2.68377 2.75401 -0.163236 0.00723116 0.039887
43600000 2.73045 2.66567 2.72532 -0.148088 -0.0327649 0.027172
43700000 2.7329 2.67984 2.70526 -0.154282 -0.0184314 0.0449379
43800000 2.71252 2.77552 2.71575 -0.158752 -0.0212437 0.0169712
43900000 2.70335 2.69287 2.72751 -0.0941471 -0.00871402 0.0281342
44000000 2.71717 2.71903 2.73344 -0.0808705 -0.00752244 0.0297288
44100000 2.70703 2.73597 2.76823 -0.0706815 0.0398587 -0.0234817
44200000 2.74685 2.73381 2.76514 -0.0474466 -0.0281314 -0.00498503
44300000 2.7105 2.69982 2.74464 -0.0443744 0.00546584 -0.0195434
44400000 2.73433 2.69238 2.73772 -0.0345196 0.0122569 0.00424433
44500000 2.71616 2.7329 2.73493 -0.0330117 -0.0172698 0.00409984
44600000 2.74043 2.70637 2.76394 0.00390373 -0.0042169 -0.00368423
44700000 2.72391 2.7128 2.70235 -0.0139767 0.00832718 -0.0259137
44800000 2.63466 2.72024 2.66639 0.0110149 0.0019029 0.00722788
44900000 2.67931 2.72213 2.69147 0.0297501 0.003632 0.00865516
45000000 2.72278 2.73856 2.75405 0.0111817 -0.039076 0.0399679
45100000 2.71419 2.72534 2.70048 0.095931 -0.0439553 0.0221563
45200000 2.75199 2.71735 2.73761 0.0842095 0.045449 0.0469689
45300000 2.75293 2.72355 2.72204 0.0705617 -0.0231276 0.016723
45400000 2.71236 2.67441 2.76296 0.12726 0.00308437 0.0242104
45500000 2.71539 2.75579 2.78598 0.10576 -0.042678 0.00684042
45600000 2.73701 2.74045 2.70801 0.134116 0.00584793 -0.0178014
45700000 2.72724 2.68757 2.78864 0.133949 -0.00683815 0.035117
45800000 2.73687 2.73042 2.69295 0.123671 -0.0143106 0.000503198
45900000 2.76348 2.67156 2.72034 0.165466 -0.013555 0.0188936
46000000 2.70709 2.70248 2.74407 0.190147 -0.00247699 0.0242379
46100000 2.73188 2.71946 2.74979 0.18668 -0.051063 0.00847593
46200000 2.72943 2.73264 2.74434 0.1931 -0.00252645 -0.0337879
46300000 2.77479 2.72073 2.78022 0.164417 -0.0166319 0.0102025
46400000 2.72824 2.75733 2.7297 0.217456 -0.0273588 -0.00231543
46500000 2.77466 2.73887 2.75701 0.197708 -0.00691239 0.0250665
46600000 2.77721 2.70393 2.74878 0.189009 0.0312882 0.00620438
46700000 2.77357 2.71511 2.73443 0.214901 -0.0118506 0.02943
46800000 2.72453 2.75892 2.77436 0.236227 0.0434061 -0.00942071
46900000 2.74641 2.74327 2.73384 0.174018 -0.00135292 0.0356745
47000000 2.78553 2.73819 2.76805 0.244311 0.0102368 0.0500617
47100000 2.75774 2.76662 2.67755 0.194062 -0.00262737 -0.0422061
47200000 2.73913 2.70827 2.7129 0.208268 0.0123791 0.00284458
47300000 2.70065 2.72379 2.71351 0.234602 -0.0160588 -0.0224961
47400000 2.69396 2.71837 2.74176 0.22941 0.0149183 0.027086
47500000 2.66699 2.74238 2.72331 0.224789 0.0148857 0.0118999
47600000 2.71071 2.76906 2.70497 0.194176 -0.0220753 0.0286984
47700000 2.77229 2.73385 2.76686 0.195384 -0.012028 -0.00878536
47800000 2.70831 2.67714 2.73123 0.183148 0.0240137 0.0314863
47900000 2.72876 2.7534 2.73357 0.213766 -0.058095 -0.00324277
48000000 2.70457 2.69802 2.73688 0.224105 -0.0239729 -0.0156873
48100000 2.68406 2.70637 2.739 0.154369 -0.0228837 0.0222883
48200000 2.69044 2.69667 2.76289 0.201085 -0.0071589 -0.00731676
48300000 2.73778 2.7081 2.70822 0.171946 -0.0455704 0.0225413
48400000 2.71811 2.67874 2.71646 0.105899 -0.0342441 -0.00849707
48500000 2.68288 2.71099 2.72904 0.145961 -0.0338095 0.0188852
48600000 2.80097 2.74201 2.66493 0.136063 -0.0244383 0.040398
48700000 2.72131 2.6517 2.68847 0.0975193 -0.0133573 -0.0106057
48800000 2.72365 2.73409 2.73388 0.124044 -0.0102414 0.0101484
48900000 2.69969 2.70452 2.71543 0.106085 -0.0462766 0.0151097
49000000 2.73113 2.69551 2.75299 0.114417 -0.0282566 0.0433035
49100000 2.73163 2.70213 2.71402 0.0487469 -0.0454765 0.0232427
49200000 2.71846 2.69651 2.74767 0.0214891 -0.0433604 0.0320152
49300000 2.68094 2.65982 2.67748 0.001608 -0.00611103 0.0273536
49400000 2.7044 2.70345 2.6605 0.0166151 0.00683949 0.0276592
49500000 2.7041 2.70754 2.68105 0.0259427 -0.00928937 0.0221765
49600000 2.75419 2.73147 2.73293 0.0488725 -0.0405974 0.0206532
49700000 2.73606 2.75671 2.71149 -0.0251714 -0.0379549 0.0323378
49800000 2.73139 2.71485 2.67426 -0.0520509 0.0101089 0.00717116
49900000 2.73093 2.70882 2.69242 -0.0617808 -0.0546746 0.0105838
50000000 2.72905 2.6857 2.69683 -0.0825745 -0.000389218 0.00982376
