# Time-averaged data for fix ps1
# TimeStep c_thermo_press[1] c_thermo_press[2] c_thermo_press[3] c_thermo_press[4] c_thermo_press[5] c_thermo_press[6]
0 3.42322 3.5643 3.50158 0.0203792 -0.00245119 -0.0309033
100000 3.54812 3.55127 3.57758 0.000176711 -0.0290284 -0.0388667
200000 3.58684 3.57015 3.55147 -0.0183829 0.0133052 -0.0123122
300000 3.63076 3.62006 3.57455 -0.0536619 -0.00785856 -0.0595054
400000 3.56664 3.62652 3.55136 -0.0211521 0.0041783 -0.0249808
500000 3.52304 3.61705 3.60587 -0.00485753 -0.0205773 0.00325584
600000 3.55862 3.62892 3.60931 -0.0522104 -0.0345679 -0.014864
700000 3.54154 3.61366 3.57183 -0.0471807 0.00450388 0.0184951
800000 3.52931 3.62608 3.56656 -0.0512678 -0.0305189 0.0274656
900000 3.53499 3.70071 3.54541 -0.0532948 -0.0414945 -0.0437184
1000000 3.5531 3.61765 3.57579 -0.0130906 0.0327656 -0.0440376
1100000 3.54735 3.56302 3.57084 -0.0411896 0.0075047 -0.0157645
1200000 3.52319 3.58764 3.57368 -0.0379466 -0.00649871 0.009609
1300000 3.52772 3.54458 3.5538 -0.0512737 -0.0447823 -0.0447456
1400000 3.55305 3.59976 3.4921 -0.0455271 -0.0250019 -0.0226268
1500000 3.5788 3.63528 3.59177 -0.0392908 -0.0100767 -0.0088362
1600000 3.58696 3.56473 3.55109 -0.0371011 -0.0257353 -0.0188584
1700000 3.55641 3.62499 3.56537 -0.0533081 -0.0233464 -0.0203628
1800000 3.57323 3.56814 3.57001 -0.0422935 -0.0138822 -0.0425945
1900000 3.56445 3.59027 3.58341 -0.0614471 0.0192124 -0.0134233
2000000 3.62581 3.57819 3.61086 -0.0515766 -0.00240667 -0.021277
2100000 3.58145 3.56562 3.56165 -0.0973929 -0.0117829 0.0126475
2200000 3.59478 3.57273 3.56336 -0.0298843 0.0152921 0.00663802
2300000 3.5688 3.57424 3.57936 -0.0846356 0.00472492 0.00871784
2400000 3.54875 3.51399 3.51568 -0.0769173 -0.0162914 -0.0248636
2500000 3.55567 3.52939 3.57864 -0.0229926 -0.0148637 0.00218296
2600000 3.56195 3.58791 3.55956 -0.0201798 0.0075996 0.013749
2700000 3.51766 3.564 3.57658 -0.0207326 0.021435 0.0337103
2800000 3.59582 3.59185 3.56816 -0.0299334 -0.0312959 -0.0229675
2900000 3.54127 3.55286 3.51811 -0.0704915 -0.0108457 0.0465939
3000000 3.61939 3.56892 3.55464 0.0119966 0.0219921 0.00555069
3100000 3.58635 3.53266 3.48401 0.00846046 -0.00817958 -0.0103763
3200000 3.58752 3.55738 3.60873 0.0111221 -0.0424998 -0.0221046
3300000 3.50721 3.57568 3.57954 -0.0168279 0.0245238 -0.0260344
3400000 3.57663 3.5833 3.54481 -0.00809008 0.0199107 0.0256712
3500000 3.62725 3.598 3.47424 0.0137694 0.0101845 0.0304478
3600000 3.53304 3.54657 3.55971 0.0547017 -0.0327376 0.0356088
3700000 3.58905 3.53163 3.53465 0.0466753 -0.0338151 0.0205736
3800000 3.57379 3.55639 3.57548 0.0230733 0.0108696 0.0158493
3900000 3.63525 3.55619 3.57065 0.0409886 0.0225452 0.0166226
4000000 3.55787 3.62046 3.57771 0.0510291 0.0163634 0.0484477
4100000 3.61979 3.52973 3.54463 0.046396 0.0238946 0.00824521
4200000 3.5432 3.54342 3.48311 0.0190185 0.0435511 -0.000194209
4300000 3.57929 3.57824 3.4985 0.0593944 -0.00186426 0.0352892
4400000 3.65352 3.62552 3.58547 0.0697037 -0.0127893 0.0452584
4500000 3.57134 3.63888 3.58567 0.0302305 0.00110734 0.0129235
4600000 3.5394 3.60367 3.58184 0.0322242 0.0104105 -0.0209433
4700000 3.60413 3.60169 3.53382 0.0477564 -0.0320356 0.014903
4800000 3.59943 3.56581 3.60128 0.0572014 -0.034757 0.0067654
4900000 3.53963 3.58488 3.49272 0.0809698 0.013526 -0.00726754
5000000 3.56666 3.53211 3.53615 0.0405892 0.00165288 -0.0160338
5100000 3.54184 3.55601 3.57394 0.0573354 -0.00943314 -0.0174053
5200000 3.57315 3.54722 3.58049 0.0554678 -0.00150925 0.0260436
5300000 3.61098 3.54762 3.6015 0.111865 -0.0114079 0.00598502
5400000 3.54445 3.53179 3.62002 0.0665498 -0.0214741 0.00386797
5500000 3.55531 3.61705 3.58634 0.114732 -0.0327871 -0.0147788
5600000 3.50409 3.66226 3.58983 0.117877 0.0152908 0.0149221
5700000 3.54489 3.58918 3.59099 0.096566 -0.0235796 -0.000586326
5800000 3.5825 3.60341 3.52998 0.0726347 -0.0228222 0.0032319
5900000 3.53528 3.57819 3.54059 0.0517316 -0.00532891 -0.0102944
6000000 3.52534 3.55741 3.61422 0.0808758 -0.0231927 0.0131416
6100000 3.61462 3.58065 3.60501 0.0828998 -0.0148233 0.0519035
6200000 3.53954 3.63011 3.59307 0.0885064 0.0689254 -4.9526e-05
6300000 3.57282 3.55581 3.57155 0.0628309 0.0236356 0.0334294
6400000 3.57954 3.59238 3.55942 0.0954746 0.0105982 0.0440753
6500000 3.61721 3.56588 3.63266 0.0726292 0.0426605 0.0213659
6600000 3.4861 3.53748 3.55987 0.0644022 0.0412998 0.00302102
6700000 3.56259 3.53391 3.58023 0.0747548 0.00344003 -0.0115147
6800000 3.57673 3.53307 3.56162 0.0449101 -0.00865705 0.011917
6900000 3.59519 3.58411 3.5743 0.0628374 -0.00452439 -0.0334694
7000000 3.5221 3.63833 3.56603 0.026338 0.0264075 0.00577245
7100000 3.58118 3.62003 3.58142 0.0432292 0.0142537 0.00813027
7200000 3.53593 3.58335 3.55797 0.0342005 0.0385626 -0.0243555
7300000 3.53021 3.59459 3.57624 0.0552217 -0.0363256 0.0103069
7400000 3.54144 3.51059 3.52861 0.0642071 0.0396709 -0.00370143
7500000 3.52435 3.52311 3.55497 0.0160718 -0.0046064 -0.0342915
7600000 3.55552 3.5513 3.52269 0.0369513 0.00527835 -0.0229821
7700000 3.54086 3.47651 3.52254 0.0231481 -0.0248073 -0.0088257
7800000 3.55645 3.597 3.61491 -0.00520265 0.0198229 -0.0294436
7900000 3.51551 3.49855 3.51629 0.014205 0.0172788 0.0471042
8000000 3.57926 3.50542 3.58179 0.0306846 0.0346703 0.0303813
8100000 3.52109 3.49399 3.53931 0.0279875 -0.00965317 0.0247312
8200000 3.57036 3.49533 3.55759 -0.0131973 -0.0153314 -0.0026481
8300000 3.55129 3.43728 3.55712 0.0406628 0.0181022 0.00709781
8400000 3.60754 3.48074 3.55033 0.0377073 0.0279445 0.0168922
8500000 3.52425 3.45821 3.5488 -0.00646186 0.0275763 0.00190093
8600000 3.57548 3.51493 3.65483 0.000713495 0.0223699 -0.0224509
8700000 3.59803 3.58871 3.58136 -0.00611831 0.00710599 -0.035618
8800000 3.5405 3.56538 3.62574 -0.0184048 0.0161891 -0.0114972
8900000 3.53065 3.57102 3.52514 -0.0496837 -0.025347 -0.0259345
9000000 3.60787 3.50908 3.59475 -0.0322665 0.00454251 0.0143328
9100000 3.57475 3.54003 3.61721 -0.0414566 -0.000487534 -0.0590903
9200000 3.51913 3.58852 3.61364 -0.0222275 0.0360542 -0.00086306
9300000 3.51056 3.55653 3.59776 -0.0187055 -0.035184 0.0106663
9400000 3.58068 3.63833 3.63668 -0.0266484 -0.0162807 -0.0143048
9500000 3.59958 3.55909 3.59526 -0.0461066 0.0117431 -0.0236345
9600000 3.60326 3.57592 3.58892 -0.0485381 0.018947 0.00658353
9700000 3.52709 3.59523 3.59892 -0.0704788 -0.016183 -0.0293014
9800000 3.56768 3.61807 3.58442 -0.052732 -0.0224201 -0.0307481
9900000 3.55851 3.57383 3.63479 -0.0566542 -0.013212 -0.0114553
10000000 3.58603 3.55631 3.60905 0.046545 -0.00506701 -0.0428867
10100000 3.58534 3.5934 3.62153 -0.0733897 0.00423058 0.00161046
10200000 3.48236 3.6067 3.6365 -0.0239443 -0.046459 0.0297937
10300000 3.62338 3.62253 3.6039 -0.0962467 -0.0500221 -0.0100685
10400000 3.59753 3.59064 3.6471 -0.0667056 0.0215358 -0.0271205
10500000 3.56478 3.63552 3.5866 -0.104054 0.00197216 -0.00669992
10600000 3.60707 3.59098 3.5902 -0.118884 0.014821 -0.0220349
10700000 3.61851 3.61888 3.55862 -0.0369375 0.00178155 0.0292817
10800000 3.5956 3.59712 3.55739 -0.0662561 0.0203629 -0.036744
10900000 3.61838 3.564 3.59845 -0.042769 -0.0107883 0.00301411
11000000 3.57625 3.63119 3.59502 -0.0720515 0.0157671 -0.00725631
11100000 3.62381 3.61573 3.52563 -0.040108 -0.00149265 -0.0434314
11200000 3.59565 3.59369 3.54848 -0.0565765 -0.00575097 -0.0051936
11300000 3.59645 3.58383 3.66456 -0.0548535 -0.0253767 -0.00904523
11400000 3.62809 3.54464 3.56006 -0.0812785 -0.0274731 0.00108518
11500000 3.58088 3.53427 3.58207 -0.0445698 -0.00316523 -0.0387152
11600000 3.59726 3.5646 3.57008 -0.0713179 -0.041978 -0.0325578
11700000 3.63358 3.59743 3.5796 -0.0442376 5.92925e-05 -0.00703735
11800000 3.66961 3.60306 3.53706 -0.0566954 0.0235351 0.0183653
11900000 3.55846 3.60531 3.5093 -0.0888604 -0.0471939 0.0227572
12000000 3.60329 3.53089 3.54463 -0.0614873 0.021479 0.0294945
12100000 3.58759 3.57206 3.60505 -0.0679272 -0.0755805 0.0185774
12200000 3.57594 3.57362 3.5375 -0.10242 -0.0502367 0.00462009
12300000 3.62687 3.49914 3.53288 -0.0530972 -0.0429973 0.0183003
12400000 3.56352 3.56276 3.49547 -0.0715419 0.0187558 0.0197198
12500000 3.62388 3.45931 3.60769 -0.0257652 0.0140338 0.0130263
12600000 3.6024 3.5185 3.56848 -0.0270968 -0.0438726 -0.00387485
12700000 3.64462 3.57813 3.54569 -0.0664915 0.00381922 0.00574365
12800000 3.60832 3.61132 3.51511 -0.040837 -0.029033 -0.00682483
12900000 3.58398 3.57522 3.59557 -0.0849307 -0.017161 0.00657511
13000000 3.57811 3.53474 3.51859 -0.0740774 0.0249914 0.0475467
13100000 3.5581 3.6113 3.57488 -0.0423346 0.0326163 0.0388053
13200000 3.57236 3.58892 3.51303 -0.0706778 0.03416 0.0348969
13300000 3.60935 3.52032 3.55577 -0.0343644 -0.0183489 -0.0147029
13400000 3.61901 3.60494 3.62166 -0.060375 -0.0549718 0.0260522
13500000 3.58547 3.52011 3.53539 0.0032774 -0.00839412 0.00165582
13600000 3.61281 3.5823 3.53268 -0.00890739 -0.0261301 0.0359111
13700000 3.59908 3.56072 3.58584 -0.0237437 0.00717774 -0.016824
13800000 3.59549 3.52578 3.62979 -0.0153056 0.0364121 0.000901856
13900000 3.55668 3.63976 3.49491 -0.00959483 0.0179937 -0.0220032
14000000 3.55205 3.57616 3.47209 0.0493698 0.0158416 0.0143771
14100000 3.63511 3.62576 3.58172 0.0425941 0.0123842 -0.0208597
14200000 3.58059 3.54429 3.56145 0.012411 0.0347677 -0.000532067
14300000 3.51267 3.53375 3.50602 0.0403539 -0.0185346 -0.00389134
14400000 3.5536 3.54865 3.51548 0.0825803 0.0241474 0.00818802
14500000 3.52831 3.55091 3.48984 0.00612443 0.0260284 0.0176524
14600000 3.53259 3.61382 3.55258 0.0237566 -0.0206284 -0.00594337
14700000 3.53532 3.59265 3.53052 0.0567518 0.00897359 0.00652263
14800000 3.51748 3.60393 3.58955 0.0784266 0.0048425 0.0123435
14900000 3.61686 3.58534 3.61601 0.0891892 0.0363351 -0.0285031
15000000 3.55257 3.54732 3.48603 0.105715 -0.0128556 0.0100509
15100000 3.58365 3.59892 3.55181 0.10458 0.0581722 0.0141339
15200000 3.53427 3.52796 3.55187 0.0647882 -0.00235642 -0.00395163
15300000 3.57564 3.58967 3.48383 0.0830862 0.051306 -0.0297363
15400000 3.52774 3.5361 3.56292 0.0781577 -0.0266614 -0.0372762
15500000 3.50297 3.57905 3.56145 0.0675743 0.0326526 -0.0122301
15600000 3.5469 3.51953 3.5279 0.0816448 0.0380146 -0.00802135
15700000 3.5538 3.59513 3.59653 0.0922746 -0.040569 -0.0166564
15800000 3.54019 3.53261 3.59569 0.0696487 -0.0097563 -0.0054652
15900000 3.57864 3.56085 3.53603 0.0796401 -0.0448068 0.0102149
16000000 3.6141 3.53886 3.54938 0.0910204 -0.000713736 0.0157628
16100000 3.50758 3.53611 3.50384 0.0819551 0.027478 0.0237988
16200000 3.52566 3.53868 3.55353 0.0621808 -0.00230724 0.036048
16300000 3.52451 3.60106 3.49552 0.089355 -0.0513891 0.0339836
16400000 3.54144 3.59474 3.53571 0.0921124 0.0159423 0.00751374
16500000 3.55033 3.55764 3.59266 0.0837037 0.0155671 -0.018301
16600000 3.56067 3.59579 3.53392 0.0729717 -0.0227183 -0.008527
16700000 3.59265 3.53077 3.59511 0.114001 0.0204506 0.0465831
16800000 3.53357 3.49559 3.57554 0.0309494 -0.0373303 0.0254413
16900000 3.59253 3.54496 3.60611 0.0433766 0.00433406 0.012303
17000000 3.52814 3.5896 3.57794 0.0632615 -0.0291202 0.0125176
17100000 3.64898 3.57854 3.54314 0.0396939 0.00951439 0.015396
17200000 3.58241 3.50333 3.56079 0.0569983 -0.0101154 0.00586174
17300000 3.5368 3.5385 3.55894 0.0420963 -0.00980236 0.00109746
17400000 3.53606 3.63716 3.51563 0.0382178 0.0115595 -0.000276011
17500000 3.59242 3.60319 3.55641 0.0261419 -0.0134788 0.0120214
17600000 3.59078 3.49413 3.56023 0.059051 0.0199367 -0.0172982
17700000 3.59143 3.55874 3.58542 0.0397683 0.0141205 -0.0212813
17800000 3.61962 3.54752 3.55818 0.032384 0.00438543 -0.00638541
17900000 3.60182 3.44699 3.5436 0.0130723 -0.0566368 0.00632018
18000000 3.58914 3.52295 3.56684 0.0159376 -0.0176367 -0.0214838
18100000 3.56911 3.61373 3.61789 -0.00644651 -0.0727181 0.032853
18200000 3.57805 3.57174 3.55862 0.00981233 -0.0289181 -0.0311541
18300000 3.60204 3.57502 3.62256 0.0111228 -0.0385061 -0.0138167
18400000 3.57279 3.55212 3.60159 0.0147806 -0.0167981 0.002727
18500000 3.6062 3.52894 3.55258 0.0122755 -0.0330623 0.00845276
18600000 3.56211 3.56938 3.59249 -0.0315641 -0.0153469 0.0171736
18700000 3.58299 3.53784 3.56986 -0.0292247 0.0547612 -0.00458086
18800000 3.59462 3.59508 3.54607 -0.0402464 0.000158824 -0.0154368
18900000 3.55004 3.59793 3.56569 -0.0427501 -0.0185919 0.00995598
19000000 3.56617 3.61145 3.6403 -0.00582402 -0.00449301 -0.034105
19100000 3.55883 3.589 3.57228 -0.00447631 -0.0160933 0.0491213
19200000 3.50688 3.61984 3.59091 -0.00791117 0.00621575 0.0590499
19300000 3.56918 3.55703 3.60271 -0.0424709 0.0148034 0.0236886
19400000 3.57058 3.56025 3.6026 -0.0139323 0.00607747 0.0202028
19500000 3.54568 3.52086 3.60774 -0.0365451 0.0562935 0.0355806
19600000 3.55691 3.61313 3.57802 -0.0279624 0.043505 -0.0272099
19700000 3.56658 3.55895 3.59659 -0.0818792 -0.000603744 -0.00271079
19800000 3.51559 3.55602 3.56745 -0.0945039 -0.012756 -0.000987377
19900000 3.55645 3.55971 3.57154 -0.0889989 -0.0128373 0.0104458
20000000 3.57774 3.58337 3.56974 -0.0543207 -0.00714922 0.0198518
20100000 3.58189 3.54817 3.52098 -0.0411799 -0.0249669 -0.00361802
20200000 3.60684 3.56052 3.51976 -0.0452983 0.00797859 0.0307294
20300000 3.60812 3.5969 3.59444 -0.0452044 0.0210414 -0.00808731
20400000 3.63319 3.53312 3.59037 -0.0807372 -0.00207655 0.0161732
20500000 3.62735 3.54196 3.53293 -0.0576214 0.014238 0.0252514
20600000 3.56513 3.55932 3.60016 -0.112456 -0.0128675 0.0148624
20700000 3.57547 3.55767 3.59667 -0.046728 -0.00637182 0.0238593
20800000 3.53388 3.5745 3.52686 -0.0684892 0.0108037 -0.00206829
20900000 3.55155 3.56488 3.54236 -0.0277126 0.00786592 0.0136049
21000000 3.59922 3.63077 3.55361 -0.0622441 -0.0231539 0.056903
21100000 3.53121 3.56537 3.54993 -0.0674433 0.000916966 -0.019527
21200000 3.57104 3.56082 3.54118 -0.0887186 0.0260347 -0.0139194
21300000 3.59993 3.57208 3.55242 -0.058352 0.00659522 0.00280527
21400000 3.58269 3.52012 3.58773 -0.0758112 -0.0346535 -0.0349834
21500000 3.58037 3.55912 3.5665 -0.0430239 -0.000349697 0.00341287
21600000 3.57697 3.64228 3.57459 -0.0721883 -0.0125552 -0.0170032
21700000 3.54375 3.61655 3.53935 -0.0904391 -0.0101547 0.0221969
21800000 3.5532 3.49358 3.61367 -0.0893808 -0.0173633 0.0353746
21900000 3.56172 3.60224 3.58238 -0.108222 -0.00851135 -0.0126765
22000000 3.60881 3.59043 3.56524 -0.0753144 0.000707851 0.0179575
22100000 3.54534 3.5834 3.59497 -0.0691921 -0.0485823 0.00425077
22200000 3.55084 3.54931 3.53271 -0.0878802 -0.0296072 -0.00831223
22300000 3.52394 3.50409 3.49513 -0.0687862 -0.0406003 0.0484743
22400000 3.59799 3.5642 3.60896 -0.0466712 -0.0211559 0.0454602
22500000 3.62756 3.61097 3.60508 -0.0795659 0.00438443 0.0173311
22600000 3.60397 3.58322 3.53942 -0.0165208 0.0122857 -0.0144383
22700000 3.55693 3.54163 3.56325 -0.0252835 -0.0084383 -0.034356
22800000 3.57362 3.57951 3.59481 -0.0454595 0.00364379 -0.0115405
22900000 3.52072 3.5746 3.60526 -0.0319731 -0.00848033 0.00196527
23000000 3.52634 3.53993 3.5953 -0.0698623 -0.0057959 0.0370866
23100000 3.58672 3.5824 3.59704 -0.0489396 -0.0111747 -0.00858397
23200000 3.54688 3.60025 3.54227 -0.0669622 0.0128566 -0.0321771
23300000 3.58475 3.58763 3.54987 0.00970879 -0.0428773 0.0111781
23400000 3.53647 3.62541 3.58388 -0.00258699 -0.0067809 -0.0644934
23500000 3.61124 3.59591 3.6018 0.0250817 -0.0324434 -0.00785096
23600000 3.54059 3.59768 3.58715 0.0257934 0.0294799 -0.00597085
23700000 3.57288 3.55689 3.58567 0.00143381 0.0208682 0.0205496
23800000 3.54036 3.59536 3.55135 0.0191352 0.0115882 0.0125699
23900000 3.62612 3.56292 3.55113 -0.0204086 -0.00524597 -0.0259638
24000000 3.62268 3.56573 3.54935 0.0350597 -0.000883336 -0.0154755
24100000 3.57369 3.53287 3.56691 0.0354539 -0.00404105 -0.0359375
24200000 3.55962 3.59838 3.57523 0.028781 0.00443581 -0.0484757
24300000 3.5552 3.53083 3.51999 0.0388036 0.00055077 -0.0254803
24400000 3.59667 3.60806 3.61302 0.0352162 -0.00736446 -0.00315834
24500000 3.5468 3.57122 3.6073 0.0751144 -0.0499538 -0.0212621
24600000 3.52321 3.54469 3.51643 0.0196389 0.016849 -0.0543609
24700000 3.5691 3.57775 3.53588 0.0441844 0.030094 -0.0475846
24800000 3.62162 3.57223 3.52929 0.0794159 0.00365741 -0.0251192
24900000 3.60825 3.5385 3.58289 0.0798573 0.0244461 -0.0169553
25000000 3.59084 3.57089 3.52918 0.0929673 0.0145637 -0.0239977
25100000 3.61246 3.54006 3.52395 0.0434624 -0.0191047 0.00926737
25200000 3.58588 3.5746 3.54822 0.05088 0.0216215 -0.0335511
25300000 3.56972 3.58204 3.48755 0.05454 0.0111786 -0.019586
25400000 3.57402 3.58822 3.58529 0.0990392 0.0305112 -0.028347
25500000 3.56729 3.59395 3.59355 0.0403078 0.0521703 -0.0211636
25600000 3.5927 3.58406 3.58416 0.0475922 -0.0264239 0.0111305
25700000 3.53281 3.56912 3.54195 0.101509 0.00939289 0.0193151
25800000 3.50807 3.60349 3.59233 0.0325285 0.0102357 -0.0172019
25900000 3.55433 3.5785 3.56506 0.102152 0.017158 -0.0375025
26000000 3.58625 3.55374 3.58586 0.0389167 -0.0159439 0.0282708
26100000 3.5603 3.58285 3.5738 0.0493267 0.0407499 -0.00894194
26200000 3.58506 3.58893 3.58312 0.0830667 -0.00882303 0.00451318
26300000 3.51051 3.52317 3.49289 0.0782622 -0.00321819 -0.0071729
26400000 3.57637 3.6011 3.54957 0.108837 0.0642887 0.00248595
26500000 3.59325 3.5869 3.55506 0.0871612 0.0182012 -0.00850505
26600000 3.61765 3.57187 3.58925 0.0583071 0.00443359 -0.0348083
26700000 3.5763 3.58936 3.56376 0.0745678 0.0365594 0.0167512
26800000 3.58785 3.54238 3.52829 0.071983 0.0514789 -0.0236502
26900000 3.56261 3.54815 3.55079 0.0608276 -0.0277905 -0.060714
27000000 3.51336 3.54007 3.55219 0.0885185 -0.00248129 -0.00859065
27100000 3.55598 3.57914 3.60364 0.086457 0.0185058 -0.0465147
27200000 3.5493 3.54894 3.57779 0.0290031 0.0274027 -0.0392609
27300000 3.60654 3.6014 3.59185 0.057702 0.0438501 -0.0241712
27400000 3.6056 3.52938 3.57878 0.132244 0.00831325 0.0239806
27500000 3.60673 3.57807 3.56614 0.0357602 0.00851176 -0.0441996
27600000 3.56922 3.58319 3.60309 0.0236817 0.0217747 0.0377222
27700000 3.57836 3.54104 3.51297 0.0528941 -0.000468525 -0.0190689
27800000 3.53572 3.61625 3.60638 0.0613399 0.0398011 0.0163167
27900000 3.56073 3.58685 3.58078 0.0522434 0.0378996 0.00316816
28000000 3.53802 3.60211 3.61351 0.02057 -0.00238604 0.00941465
28100000 3.53374 3.54277 3.55415 0.034094 0.0272962 0.00281607
28200000 3.56362 3.54752 3.55226 0.00142579 -0.0198795 0.0365263
28300000 3.53832 3.51623 3.56854 -0.00870217 0.00960139 -0.0333431
28400000 3.56718 3.54402 3.52303 -0.000338615 0.0296379 -0.00758864
28500000 3.54036 3.57881 3.57009 -0.0127331 -0.018764 -0.0177057
28600000 3.53548 3.58061 3.56401 0.0409864 0.0353199 0.0165078
28700000 3.54283 3.55193 3.54044 0.00289979 0.010247 -0.0140676
28800000 3.60524 3.56635 3.52495 -0.0111899 0.0144399 0.000843395
28900000 3.61826 3.53505 3.57428 -0.00220223 -0.00207519 -0.0498963
29000000 3.56135 3.58139 3.53479 -0.0623937 -0.024392 0.00885067
29100000 3.58004 3.58128 3.57951 -0.0591424 0.0126188 -0.0421409
29200000 3.59209 3.56949 3.57971 -0.0632834 -0.0188751 -0.0178017
29300000 3.544 3.66197 3.52699 -0.0742969 -0.0297829 0.0427232
29400000 3.53714 3.5232 3.5094 -0.0775765 -0.0351599 -0.0147358
29500000 3.55677 3.5141 3.58375 -0.0837123 -0.0285407 -0.00447592
29600000 3.49421 3.5523 3.56493 -0.0579842 0.0325555 -0.0373122
29700000 3.57068 3.56746 3.57611 -0.0763441 -0.0569888 -0.00165398
29800000 3.57114 3.55891 3.54475 -0.0767389 -0.0180647 -0.0309667
29900000 3.53589 3.52063 3.56476 -0.0587766 -0.0250243 0.0169556
30000000 3.5462 3.56052 3.59877 -0.073627 0.000859858 -0.0475644
30100000 3.57097 3.5704 3.5819 -0.105986 -0.0523232 -0.00281978
30200000 3.59441 3.57467 3.54267 -0.117758 0.0190083 -0.0463906
30300000 3.57063 3.57934 3.56893 -0.0661045 0.0521892 -0.017058
30400000 3.55303 3.53728 3.55394 -0.108987 -0.0656771 -0.0126889
30500000 3.60658 3.57098 3.50745 -0.0962302 -0.0317722 -0.0257763
30600000 3.58689 3.57716 3.49692 -0.0975696 0.0158558 0.0116223
30700000 3.49825 3.52493 3.62818 -0.0704517 0.0122633 -0.0100596
30800000 3.57302 3.58327 3.51931 -0.143602 0.0110926 -0.0110502
30900000 3.5485 3.54978 3.51093 -0.0887519 0.0163312 -0.0260308
31000000 3.52502 3.52581 3.57655 -0.0295637 0.0139308 -0.000879969
31100000 3.55472 3.53641 3.54011 -0.0495841 -0.0252929 -0.012131
31200000 3.55763 3.59352 3.50854 -0.109644 0.00542534 -0.0218128
31300000 3.55262 3.57256 3.53207 -0.0377833 0.010052 -0.0124458
31400000 3.56078 3.53175 3.52401 -0.0562564 0.00783247 -0.0291513
31500000 3.50682 3.57561 3.53085 -0.0888787 -0.000573394 -0.0119647
31600000 3.51239 3.53389 3.53906 -0.0486539 -0.00348897 0.0318609
31700000 3.57333 3.52357 3.49497 -0.0763864 0.0217549 -0.00686649
31800000 3.62739 3.56064 3.52877 -0.041779 -0.048987 0.0533889
31900000 3.53848 3.58579 3.53101 -0.0652772 0.00237741 -0.00043739
32000000 3.53302 3.53957 3.54197 -0.0596112 -0.0368876 0.0308787
32100000 3.55251 3.57539 3.50018 -0.0502409 0.00615647 0.0678219
32200000 3.57283 3.62537 3.51555 -0.0488272 0.0126811 0.0481388
32300000 3.58459 3.63542 3.53127 -0.0335531 0.0346715 -0.00488724
32400000 3.53523 3.55499 3.58245 -0.0458828 -0.0116173 0.0138747
32500000 3.57896 3.55185 3.57856 -0.0704166 0.000542617 0.0139575
32600000 3.56692 3.56344 3.50367 -0.0771758 0.0172325 0.029604
32700000 3.52221 3.57329 3.5661 -0.0665706 -0.0401829 -0.0137169
32800000 3.55514 3.51297 3.6215 -0.0783103 -0.0281667 0.0304719
32900000 3.58034 3.46183 3.52324 -0.0607325 0.026247 -0.0212067
33000000 3.54791 3.51801 3.53375 -0.0339418 -0.0198911 -0.00259298
33100000 3.55199 3.53849 3.51627 -0.0509035 -0.015646 -0.0265087
33200000 3.5645 3.50715 3.56329 -0.0449493 0.0212502 0.0140884
33300000 3.56206 3.51587 3.51177 0.0025333 -0.0250265 0.0314191
33400000 3.60465 3.52568 3.54572 -0.0241506 0.0242864 0.0214662
33500000 3.56501 3.54921 3.55675 -0.00426759 -0.0112098 -0.0201228
33600000 3.57558 3.52646 3.52884 -0.0154971 -0.000885553 0.000807618
33700000 3.52419 3.52063 3.51197 0.0230613 -0.0297418 -0.0107593
33800000 3.50208 3.5197 3.53226 0.00446307 -0.00713986 0.00229696
33900000 3.60006 3.52526 3.51574 0.0507571 -0.0219734 0.00940767
34000000 3.50431 3.48419 3.5524 0.0659438 0.00748084 -0.0158308
34100000 3.55616 3.51863 3.5935 0.0299026 -0.00344115 0.0475273
34200000 3.52374 3.55272 3.53277 0.0237324 -0.00189269 0.00649568
34300000 3.5269 3.55688 3.5062 0.0744587 -0.0334599 0.00194203
34400000 3.5639 3.56687 3.56926 0.070754 -0.00502187 -0.000750166
34500000 3.56966 3.54129 3.52645 0.0397344 0.00369193 -0.0259952
34600000 3.49802 3.57536 3.54398 0.0613822 -0.0134348 -0.0222984
34700000 3.55412 3.54152 3.55181 0.0275578 0.0374781 -0.0286041
34800000 3.56572 3.5774 3.4991 0.0774975 0.0329013 0.0174072
34900000 3.56731 3.54363 3.54 0.0965678 -0.0436483 0.0113606
35000000 3.55863 3.53821 3.50118 0.102792 -0.0109867 0.0188679
35100000 3.50687 3.60788 3.5221 0.0757422 -0.0164398 -0.00404369
35200000 3.519 3.5759 3.47747 0.118032 0.0224642 0.0290469
35300000 3.57926 3.6086 3.51673 0.0864839 0.0135786 0.00696544
35400000 3.61881 3.57273 3.53172 0.0700957 0.00506013 0.0384157
35500000 3.54399 3.57395 3.55327 0.145213 0.0396582 0.0225516
35600000 3.54655 3.5381 3.50923 0.0686116 -0.000997301 0.000541386
35700000 3.54254 3.54398 3.48752 0.090132 -0.0153718 0.0209169
35800000 3.52181 3.54561 3.53876 0.118671 -0.0596075 -0.013979
35900000 3.58075 3.52703 3.49864 0.0711124 0.0230254 -0.0321299
36000000 3.54794 3.53706 3.51456 0.100719 -0.0246678 -0.0202928
36100000 3.53968 3.51853 3.53249 0.0914166 0.00113467 -0.0104898
36200000 3.56583 3.48567 3.53215 0.0888246 0.0122688 -0.00424709
36300000 3.54333 3.53112 3.51638 0.094107 -0.00100956 0.0118229
36400000 3.54364 3.46695 3.55833 0.0788656 -0.0435484 0.0114658
36500000 3.60089 3.55442 3.57118 0.0770236 -0.0107268 0.00892541
36600000 3.58004 3.56281 3.49759 0.0693214 0.0327812 0.0450638
36700000 3.54522 3.52571 3.56616 0.113432 0.0238908 -0.0169305
36800000 3.55354 3.50954 3.55022 0.0978889 0.0023171 0.027839
36900000 3.56375 3.50285 3.55337 0.0610365 0.0376759 0.0250616
37000000 3.53377 3.53477 3.48379 0.100377 -0.00788968 -0.0211423
37100000 3.52299 3.5728 3.51653 0.0828576 0.00584041 -0.00706652
37200000 3.56287 3.57225 3.54681 0.0471545 0.00396161 0.0458025
37300000 3.58064 3.51698 3.53697 0.0488931 0.00598456 0.026916
37400000 3.48165 3.5169 3.51811 0.0512697 0.0166969 0.0172455
37500000 3.5658 3.50479 3.57022 0.0419893 -0.00548564 0.0268692
37600000 3.48627 3.48664 3.51364 0.0948635 0.0103044 -0.0140505
37700000 3.51206 3.55826 3.52883 0.0513183 -0.0255057 -0.0247721
37800000 3.48687 3.58815 3.56867 0.0333244 0.0219977 0.0126581
37900000 3.56533 3.58039 3.54392 0.0405563 -0.0168685 -0.0261334
38000000 3.542 3.52377 3.54903 0.0287984 -0.0123306 0.0761376
38100000 3.53655 3.56729 3.53421 0.0317103 0.0203535 -0.014654
38200000 3.56664 3.50541 3.54593 0.0524487 -0.0402574 0.00449802
38300000 3.51178 3.4831 3.5673 0.0390432 0.0364734 -0.00141963
38400000 3.52 3.55025 3.51209 0.00559705 0.0136804 -0.0104732
38500000 3.56259 3.50786 3.55261 -0.0225843 -0.00193168 -0.0206863
38600000 3.56195 3.51258 3.55457 -0.0158345 0.0382715 0.00120186
38700000 3.55322 3.57192 3.53615 0.00717067 -0.00825259 0.0103784
38800000 3.55015 3.58012 3.51256 0.00937952 -0.0142426 -0.0189329
38900000 3.55303 3.51159 3.59596 -0.0311235 0.015265 0.00117244
39000000 3.54967 3.53787 3.59596 -0.0859438 -0.0256319 0.00478749
39100000 3.51687 3.53612 3.56522 -0.0317496 -0.0607141 0.0025276
39200000 3.55494 3.55596 3.59066 -0.0516843 0.0506226 0.0137779
39300000 3.55942 3.49763 3.57 -0.0508909 -0.0155497 -0.0289266
39400000 3.55436 3.51869 3.58478 -0.0750755 0.0216161 0.0155896
39500000 3.50267 3.52184 3.59508 -0.0567885 0.0484931 0.0287246
39600000 3.55665 3.47063 3.55754 -0.0522444 0.00411576 0.00362365
39700000 3.55561 3.5936 3.5983 -0.0556498 0.0203353 0.00926597
39800000 3.55953 3.52116 3.5442 -0.0559284 0.0159278 -0.00506336
39900000 3.50525 3.56788 3.6214 -0.0772123 -0.0177531 0.0284392
40000000 3.5296 3.55648 3.60812 -0.0392202 -0.00651282 -0.0279804
40100000 3.54351 3.5622 3.60615 -0.0523643 0.0171226 -0.0204093
40200000 3.57101 3.45727 3.51198 -0.0525708 -0.00037312 -0.0198139
40300000 3.54796 3.55773 3.58453 -0.0559604 -0.0068036 0.0297424
40400000 3.56415 3.52121 3.60535 -0.078433 0.00260819 -0.008653
40500000 3.5387 3.54495 3.62864 -0.0463115 0.0105357 0.0138342
40600000 3.56836 3.55521 3.59499 -0.0914514 0.0366036 -0.0270944
40700000 3.54284 3.56795 3.56742 -0.0889074 -0.0076745 -0.0147997
40800000 3.55539 3.54137 3.58096 -0.0953209 -0.0112994 0.00573621
40900000 3.51729 3.51762 3.56095 -0.0883186 -0.000984372 0.0373017
41000000 3.44313 3.63765 3.59779 -0.108663 -0.00341225 0.006356
41100000 3.52558 3.54252 3.60921 -0.134535 -0.0330311 0.000409154
41200000 3.56666 3.55317 3.56584 -0.0839476 -0.00677234 0.044574
41300000 3.56625 3.54763 3.55026 -0.0654763 -0.00266826 0.0010267
41400000 3.50589 3.55494 3.57366 -0.085529 0.0145931 -0.00310753
41500000 3.54364 3.59144 3.57194 -0.0472348 0.057429 0.0154699
41600000 3.60443 3.60608 3.61973 -0.0900492 -0.0411078 -0.0242401
41700000 3.60928 3.57253 3.56896 -0.0273063 -0.00768214 0.0263391
41800000 3.55292 3.6259 3.64214 -0.094718 -0.023345 -0.0607445
41900000 3.63698 3.60882 3.53806 -0.105676 -0.0168524 -0.0118501
42000000 3.59632 3.58216 3.58456 -0.0427171 -0.0079791 -0.00679024
42100000 3.59346 3.64304 3.5552 -0.0452948 0.0276856 0.0340469
42200000 3.57024 3.59257 3.53643 -0.0412782 -0.0450762 -0.0313566
42300000 3.59278 3.53006 3.57406 -0.0615946 0.0167081 -0.0120096
42400000 3.54788 3.46119 3.62164 -0.043497 0.00235521 0.0239871
42500000 3.55545 3.52396 3.54417 -0.0388248 -0.000973842 -0.036204
42600000 3.55202 3.47299 3.52415 -0.0480724 -0.0105965 0.0168365
42700000 3.58482 3.60422 3.54151 -0.028568 -0.0260232 0.0253388
42800000 3.5737 3.51337 3.61382 -0.0352714 -0.00423924 0.0216196
42900000 3.49819 3.5552 3.59145 0.00951517 -0.0193502 0.0293019
43000000 3.54924 3.5685 3.55491 0.0394748 0.0156368 0.0195837
43100000 3.5937 3.51341 3.55914 -0.0270603 -0.0273754 0.00774376
43200000 3.57577 3.50266 3.50665 0.00373669 0.0181891 0.00753858
43300000 3.50423 3.55382 3.64341 0.0493565 0.0180091 -0.0367204
43400000 3.5759 3.50642 3.58125 0.00869249 0.00642471 -0.0261147
43500000 3.5052 3.57074 3.52102 0.0350762 -0.00990622 -0.00599537
43600000 3.51672 3.51069 3.55024 0.0421568 -0.0222501 0.022359
43700000 3.548 3.58787 3.55862 0.0245503 -0.0113126 -0.0144769
43800000 3.5099 3.49413 3.58948 0.0608339 -0.00721885 0.0522231
43900000 3.51525 3.5508 3.53701 0.0373203 0.0282616 0.00178653
44000000 3.52721 3.49951 3.51164 0.0410414 0.00874319 0.00239392
44100000 3.54436 3.55722 3.57084 0.0254639 0.00375987 0.0385207
44200000 3.54719 3.53079 3.54486 0.0323482 0.0367785 -0.00369745
44300000 3.51601 3.54167 3.55698 0.00299144 0.005338 -0.0123395
44400000 3.53674 3.57015 3.47945 0.0337084 0.0208345 -0.0222479
44500000 3.55187 3.53459 3.53456 0.0698334 0.0241365 0.0185095
44600000 3.56568 3.53803 3.51412 0.0527941 0.0446066 -0.00626518
44700000 3.52322 3.50608 3.49992 0.0756848 0.00513459 0.033405
44800000 3.54828 3.59591 3.52989 0.116553 0.00744826 -0.0112703
44900000 3.56706 3.54202 3.56056 0.0728516 0.0451728 -0.00121888
45000000 3.51498 3.55365 3.51645 0.0660539 0.0120365 -0.00504807
45100000 3.51812 3.58242 3.48786 0.0534355 0.0342594 -0.000510195
45200000 3.52975 3.55283 3.54726 0.089553 0.0103797 -0.0274487
45300000 3.47851 3.5405 3.53746 0.0449393 0.0461127 -0.00517895
45400000 3.48816 3.57213 3.50778 0.0630776 0.0852865 0.0150286
45500000 3.57606 3.54163 3.5355 0.0858319 0.00733197 -0.0208767
45600000 3.52664 3.53604 3.48744 0.0440233 0.0692793 -0.0488241
45700000 3.56268 3.58403 3.52719 0.0601715 0.00283571 -0.0133819
45800000 3.54723 3.52848 3.52326 0.113156 -0.0305764 0.0288642
45900000 3.53106 3.56055 3.46542 0.0755124 0.0334657 0.0162012
46000000 3.5423 3.58135 3.50768 0.0677487 0.051234 0.00174131
46100000 3.57853 3.55221 3.4989 0.121196 0.0131178 0.00162046
46200000 3.57799 3.62472 3.55649 0.107388 0.0142668 0.0345847
46300000 3.5527 3.54525 3.48621 0.13477 0.00667301 0.0105269
46400000 3.54771 3.61017 3.52821 0.0841268 -0.0201941 3.95088e-05
46500000 3.53287 3.58089 3.51639 0.053304 0.0207042 0.0278279
46600000 3.49975 3.56883 3.52487 0.0745328 -0.00857769 -0.0204618
46700000 3.56108 3.57576 3.49399 0.079484 0.024279 0.0137068
46800000 3.47192 3.58112 3.58243 0.10413 0.00168544 0.00285192
46900000 3.58842 3.591 3.56882 0.0657587 0.00890587 0.0143445
47000000 3.51504 3.52233 3.55701 0.0780745 0.01923 0.0492388
47100000 3.62047 3.59194 3.48745 0.0834964 -0.052722 0.0353488
47200000 3.58484 3.55369 3.60855 0.0693347 -0.0166542 -0.00204474
47300000 3.53229 3.5688 3.58562 0.0732991 -0.0297573 0.0104335
47400000 3.56164 3.55915 3.56153 0.0431315 0.0456833 -0.00649028
47500000 3.55947 3.47441 3.59252 0.0318504 -0.0376403 0.0208707
47600000 3.56814 3.56132 3.48231 0.0431681 0.0073556 0.0510055
47700000 3.58027 3.53124 3.51559 0.0235424 0.0158061 0.0325236
47800000 3.53689 3.53036 3.48754 0.0548754 -0.0235266 0.0194531
47900000 3.5275 3.57812 3.48565 0.0310062 0.026114 0.0370504
48000000 3.49883 3.5709 3.54375 -0.00449461 -0.0108356 -0.0120099
48100000 3.48778 3.51033 3.52555 0.0347671 0.0515275 0.0194344
48200000 3.5254 3.53664 3.52606 0.0456142 0.0218478 -0.00753261
48300000 3.50841 3.56703 3.59713 0.0291373 -0.0159117 -0.0292601
48400000 3.5457 3.51765 3.49983 0.0217331 -0.00492959 0.0302198
48500000 3.48954 3.5439 3.52194 0.0287024 0.0175031 0.050974
48600000 3.50519 3.53344 3.55975 0.0218508 -0.0452939 0.0206754
48700000 3.48397 3.54195 3.54517 0.0278681 -0.00671841 0.021271
48800000 3.55325 3.56553 3.58058 0.0580734 -0.0100436 0.0303099
48900000 3.47925 3.52292 3.57291 -0.00766957 0.0306424 -0.0272204
49000000 3.51114 3.54422 3.54782 0.00564975 0.00908681 -0.0185467
49100000 3.5339 3.5004 3.59762 -0.0144747 0.0431016 -0.0193189
49200000 3.54241 3.52313 3.54706 0.0288497 -0.0239886 -0.0128402
49300000 3.52229 3.51933 3.52898 -0.0248161 -0.0211863 -0.0464815
49400000 3.5557 3.54726 3.52263 -0.0349932 -0.0239571 -0.0525179
49500000 3.52101 3.60766 3.49182 -0.0710513 0.00685901 -0.0216476
49600000 3.52765 3.56436 3.52388 -0.0649367 -0.0295488 -0.0201962
49700000 3.5424 3.54328 3.59001 -0.00916934 -0.028508 -0.00196847
49800000 3.48302 3.55785 3.56982 -0.0557443 -0.0105142 0.0368636
49900000 3.54176 3.62739 3.55404 -0.094004 -0.000482681 0.046423
50000000 3.53427 3.50728 3.53104 -0.0465424 -0.000670361 0.0297643
