# Time-averaged data for fix ps1
# TimeStep c_thermo_press[1] c_thermo_press[2] c_thermo_press[3] c_thermo_press[4] c_thermo_press[5] c_thermo_press[6]
0 1.72552 1.73381 1.66205 0.00787316 0.00512935 -0.0146986
100000 1.77111 1.75343 1.68447 -0.0153786 -0.0186498 -0.00107237
200000 1.76757 1.72911 1.70728 -0.0200547 -0.0104806 -0.00867534
300000 1.79195 1.71398 1.6519 -0.0393308 0.0126841 -0.0143391
400000 1.80151 1.76074 1.69553 -0.0655981 -0.00843747 0.00348956
500000 1.75967 1.74327 1.68804 -0.0974722 0.00731477 0.011101
600000 1.74659 1.75473 1.72862 -0.0842693 -0.0201523 0.0130022
700000 1.77382 1.69539 1.7068 -0.0974366 -0.00262042 0.00162753
800000 1.79464 1.71316 1.71216 -0.148342 0.0190748 -0.0254189
900000 1.78634 1.75787 1.70895 -0.180684 -0.00421157 0.0157971
1000000 1.77616 1.72199 1.64903 -0.150907 -0.00467274 -0.0166292
1100000 1.76021 1.76044 1.7071 -0.173596 0.00593666 0.00953604
1200000 1.75334 1.72161 1.70375 -0.201767 0.0112734 -0.0125699
1300000 1.75436 1.73561 1.71822 -0.205628 -0.0125075 0.0125243
1400000 1.8273 1.75835 1.68648 -0.21643 0.00379458 -0.0279759
1500000 1.75263 1.74657 1.68396 -0.254887 0.0416236 -0.00961129
1600000 1.73811 1.75511 1.69413 -0.219845 0.0178565 0.0170403
1700000 1.74352 1.76936 1.69976 -0.235475 0.028105 0.00145755
1800000 1.79907 1.74323 1.68391 -0.256542 0.0503505 -0.0105353
1900000 1.76628 1.72551 1.7327 -0.278026 0.0334417 0.0338961
2000000 1.82955 1.73629 1.74358 -0.297246 0.000252189 -0.00909103
2100000 1.78197 1.72594 1.72773 -0.251164 -0.000373759 -0.0199985
2200000 1.80388 1.76401 1.73736 -0.286574 -0.0167869 0.00976098
2300000 1.79611 1.72008 1.66979 -0.288404 -0.0126708 0.00202886
2400000 1.74465 1.74945 1.67681 -0.267489 0.015697 -0.00599692
2500000 1.7495 1.75248 1.66669 -0.268201 -0.0317908 -0.0347596
2600000 1.80362 1.76268 1.7475 -0.264611 0.0119206 -0.0090263
2700000 1.76128 1.758 1.69131 -0.277654 -0.0077183 -0.0113876
2800000 1.77885 1.73713 1.68097 -0.251087 0.00392393 0.00267538
2900000 1.75691 1.74936 1.68146 -0.269075 0.0170885 0.0104715
3000000 1.75865 1.73433 1.73992 -0.262721 0.0287298 -0.012247
3100000 1.8025 1.74283 1.69311 -0.250026 0.023435 -0.00961465
3200000 1.77836 1.72255 1.67161 -0.236747 -0.00433992 0.0109461
3300000 1.81121 1.77451 1.7206 -0.222311 -0.0185281 0.0106527
3400000 1.77981 1.78684 1.68855 -0.19763 -0.0230664 0.0146087
3500000 1.76174 1.75485 1.67222 -0.201503 -0.0213194 -0.00650213
3600000 1.78803 1.7664 1.71994 -0.180125 0.00227227 -0.0107439
3700000 1.76959 1.74149 1.67565 -0.166065 -0.0199948 -0.0274044
3800000 1.77141 1.75674 1.70561 -0.195364 0.0035001 -0.00175364
3900000 1.80091 1.71838 1.68983 -0.200174 0.0199883 -0.0243932
4000000 1.7571 1.74908 1.70329 -0.144558 -0.00947116 0.0154221
4100000 1.76045 1.72191 1.69159 -0.134342 0.00260234 0.0214542
4200000 1.72218 1.70232 1.69369 -0.108698 0.00859756 -0.0281903
4300000 1.75019 1.74863 1.69132 -0.124267 -0.013181 0.00408364
4400000 1.846 1.71161 1.71113 -0.0835989 0.0073638 0.0068653
4500000 1.75324 1.75789 1.62403 -0.0726171 -0.00560381 0.0327157
4600000 1.75811 1.7192 1.68729 -0.037258 0.00724322 0.000432778
4700000 1.755 1.76228 1.65597 -0.0284057 0.0358973 -0.0358594
4800000 1.73164 1.76806 1.69847 -0.00205335 0.00358749 0.0113506
4900000 1.7747 1.70165 1.69622 0.0201907 0.00818634 0.0233147
5000000 1.77 1.77746 1.67257 0.00371846 0.00836843 -0.0121215
5100000 1.74365 1.73174 1.67905 0.0364237 0.0140536 -0.0014354
5200000 1.72814 1.73074 1.7318 0.0429119 0.00338029 0.0431023
5300000 1.74991 1.72627 1.6861 0.0847153 0.0175756 -0.000922381
5400000 1.76341 1.75873 1.68954 0.107601 -0.0241371 -0.00984129
5500000 1.74255 1.76284 1.67268 0.0902143 0.024579 0.022611
5600000 1.76269 1.7287 1.71185 0.101914 0.0164168 -0.0190957
5700000 1.79281 1.76209 1.64944 0.11774 0.0146297 0.00376975
5800000 1.77414 1.73751 1.70409 0.152441 -0.00974026 0.0141246
5900000 1.77401 1.75172 1.7074 0.183689 0.0183252 -0.00669557
6000000 1.79121 1.78323 1.71471 0.186442 -0.00646622 0.0179997
6100000 1.78239 1.74861 1.65457 0.182234 0.00622255 0.000658053
6200000 1.81189 1.75982 1.71859 0.201555 -0.00545334 -0.0252055
6300000 1.78331 1.73573 1.67369 0.226089 0.0134917 0.00611437
6400000 1.83607 1.76607 1.67833 0.199148 0.0193098 -0.0219968
6500000 1.74245 1.79446 1.66863 0.249241 -0.00317912 -0.054864
6600000 1.77105 1.79198 1.68455 0.269031 0.0121308 0.0243643
6700000 1.79971 1.76383 1.68996 0.255103 0.0253501 0.00737106
6800000 1.75989 1.70167 1.66804 0.25517 -0.016575 0.00211516
6900000 1.76554 1.75595 1.68702 0.24258 0.0178403 0.0383057
7000000 1.76762 1.76558 1.6907 0.289922 0.0129361 0.0153636
7100000 1.74216 1.76103 1.69051 0.255764 -0.020825 0.0384808
7200000 1.74133 1.7794 1.68341 0.305189 -0.000847659 0.0277679
7300000 1.75036 1.74637 1.69043 0.282923 -0.0165948 0.00212191
7400000 1.78355 1.7322 1.65365 0.267688 0.0119369 -0.00592994
7500000 1.7827 1.77547 1.67553 0.278299 0.00236502 0.00828971
7600000 1.80394 1.77786 1.72297 0.273119 0.0183667 0.0103319
7700000 1.79409 1.76765 1.68238 0.285051 0.0183724 -0.00990026
7800000 1.76558 1.76352 1.71834 0.290832 0.0220463 -0.000584731
7900000 1.74676 1.78068 1.69225 0.257696 0.0316361 -0.00265132
8000000 1.8237 1.75066 1.7114 0.258827 -0.0299396 0.000936035
8100000 1.73969 1.70987 1.73711 0.256942 0.0240237 0.00853528
8200000 1.80561 1.75787 1.71741 0.265625 -0.013322 -0.0067292
8300000 1.7997 1.7765 1.68307 0.236274 0.0197032 -0.0110274
8400000 1.78355 1.76417 1.72664 0.243699 0.00552142 -0.0202632
8500000 1.765 1.72397 1.67975 0.204732 0.0159568 -0.00652965
8600000 1.75067 1.77998 1.69882 0.193423 0.000940489 -0.00733934
8700000 1.73963 1.72743 1.72143 0.185938 -0.00339965 0.0101565
8800000 1.72916 1.76322 1.69278 0.175804 -0.00470848 -0.00990144
8900000 1.78137 1.76206 1.72695 0.147695 0.00106951 -0.00725384
9000000 1.77947 1.71253 1.65719 0.184076 0.0048836 -0.0241873
9100000 1.77455 1.78511 1.71435 0.139859 -0.00527026 0.00822066
9200000 1.74291 1.73633 1.71852 0.135786 0.00676574 -0.0165375
9300000 1.7677 1.73446 1.69095 0.107853 0.0122764 0.0220246
9400000 1.76504 1.71327 1.67569 0.101606 -0.00792162 -0.00424578
9500000 1.72829 1.72692 1.70409 0.0599654 0.00252056 -0.0118207
9600000 1.74517 1.73579 1.72303 0.0641677 0.00444283 -0.00643843
9700000 1.75653 1.70744 1.71056 0.031535 -0.00157463 0.00603082
9800000 1.73893 1.77577 1.7078 0.0265056 0.00303083 0.00570931
9900000 1.75527 1.76134 1.64445 0.00449722 0.00605433 -0.00286121
10000000 1.751 1.72008 1.71542 -0.0428993 0.0115824 0.00275348
10100000 1.76032 1.71828 1.70042 -0.0453623 0.0211034 -0.0309316
10200000 1.7584 1.77614 1.70543 -0.0493872 0.0297289 0.0281384
10300000 1.69305 1.72651 1.68424 -0.0600844 0.0186355 -0.0198551
10400000 1.72431 1.76682 1.67547 -0.0638168 0.0108089 0.0129528
10500000 1.74964 1.77727 1.68754 -0.0960517 0.00832201 -0.00818041
10600000 1.75894 1.77887 1.66325 -0.134315 0.0137974 0.0305663
10700000 1.72509 1.77478 1.69736 -0.125933 0.0052857 -0.021522
10800000 1.78204 1.75858 1.72964 -0.146303 0.0209662 -0.0251767
10900000 1.72145 1.73081 1.66972 -0.17678 0.012626 -0.000194595
11000000 1.79472 1.70211 1.6989 -0.173795 -0.00259662 -0.00644235
11100000 1.73486 1.78908 1.65112 -0.177365 -0.00713932 -0.00233218
11200000 1.68696 1.74872 1.70154 -0.187604 0.00199915 0.0105855
11300000 1.7808 1.80091 1.68856 -0.202001 0.00189133 0.00191968
11400000 1.7834 1.79815 1.67075 -0.218704 -0.00738636 0.0182753
11500000 1.75295 1.74629 1.68921 -0.245228 0.0269834 0.00985924
11600000 1.78288 1.75306 1.67174 -0.257915 0.0233432 -0.0220846
11700000 1.7837 1.79331 1.6807 -0.281962 0.00591292 -0.00866004
11800000 1.74195 1.80404 1.67317 -0.241802 0.00600177 -0.00722184
11900000 1.77754 1.75613 1.66225 -0.282193 -0.028126 -0.00556977
12000000 1.77888 1.75744 1.68408 -0.26214 0.0113748 -0.042793
12100000 1.77547 1.77967 1.69866 -0.271617 0.0199647 0.000871237
12200000 1.79982 1.78734 1.68004 -0.299896 0.0153211 -0.0236591
12300000 1.78429 1.75674 1.70865 -0.288235 0.00233927 -0.00732386
12400000 1.73513 1.79935 1.69435 -0.24921 -0.00628787 -0.00526137
12500000 1.76938 1.75826 1.6856 -0.281585 -0.000769478 0.0169439
12600000 1.71677 1.75837 1.68589 -0.293275 0.00146313 -0.0210165
12700000 1.78488 1.7974 1.73272 -0.268031 -0.0080963 0.00612093
12800000 1.81794 1.76535 1.69907 -0.236378 -0.0308151 0.025142
12900000 1.77048 1.76179 1.68102 -0.253032 -0.0326904 0.0051332
13000000 1.76762 1.75629 1.71796 -0.265116 0.0132541 -0.0196871
13100000 1.75897 1.72206 1.7093 -0.260757 0.00474691 0.0263222
13200000 1.78451 1.74207 1.72715 -0.24638 -0.0218138 -0.00595693
13300000 1.77232 1.78922 1.68424 -0.247273 -0.00125413 -0.0230603
13400000 1.76253 1.75684 1.71945 -0.215283 0.0368681 -0.0182185
13500000 1.77637 1.73561 1.70731 -0.220129 0.0133441 -0.00205227
13600000 1.79074 1.73085 1.70281 -0.232082 0.00157145 0.0142303
13700000 1.77557 1.74843 1.708 -0.205586 0.0110488 -0.00308632
13800000 1.74761 1.73105 1.70401 -0.222033 0.00321037 -0.0184442
13900000 1.71591 1.75377 1.67879 -0.192128 0.0069422 -0.0327441
14000000 1.75635 1.72492 1.71374 -0.138067 0.0185924 0.00877645
14100000 1.77345 1.74385 1.66777 -0.153997 0.0104745 -0.00654174
14200000 1.79342 1.75108 1.66879 -0.133628 0.010168 0.00803438
14300000 1.75454 1.72139 1.71981 -0.0931649 0.00207239 -0.0131126
14400000 1.76234 1.7599 1.7207 -0.0913155 0.0102643 0.00546657
14500000 1.74123 1.70979 1.69186 -0.0603462 0.0221245 0.0178826
14600000 1.73083 1.7459 1.70081 -0.0392626 -0.0208815 -0.0105626
14700000 1.76825 1.73557 1.65904 -0.0344615 0.00924888 0.027927
14800000 1.73577 1.72715 1.70073 -0.0221841 0.0146982 -0.000867611
14900000 1.74371 1.74619 1.6804 -0.0162263 -0.0066161 0.0690654
15000000 1.75005 1.76632 1.6832 0.0165625 0.0208525 0.0148939
15100000 1.73084 1.71266 1.71136 0.0330689 0.0180475 0.0123752
15200000 1.7394 1.71071 1.71209 0.0261307 0.0169954 0.0100998
15300000 1.73751 1.74445 1.68677 0.095046 0.0288236 -0.00812952
15400000 1.75983 1.6935 1.72797 0.102012 -0.0031082 0.0270745
15500000 1.76032 1.74938 1.64377 0.102697 0.0373611 -0.000186546
15600000 1.73808 1.76672 1.65231 0.114143 0.0215476 0.0049807
15700000 1.741 1.73801 1.64131 0.111249 0.0227642 0.0242389
15800000 1.80289 1.7265 1.67959 0.136871 -0.0131577 0.0106753
15900000 1.72321 1.71788 1.73218 0.167655 0.00304664 0.0179187
16000000 1.68397 1.7185 1.67835 0.20978 0.0249603 -0.0139615
16100000 1.76947 1.70767 1.68658 0.162046 -0.0093662 0.015961
16200000 1.75267 1.80797 1.70401 0.181882 0.0167131 0.0189748
16300000 1.75611 1.72626 1.66267 0.207007 -0.00498895 -0.00446559
16400000 1.80097 1.74469 1.70547 0.222141 0.00457303 -0.00969642
16500000 1.75618 1.74089 1.67581 0.221896 0.0136866 0.0158671
16600000 1.73091 1.70899 1.70169 0.228707 0.00248277 -0.00935553
16700000 1.73458 1.77178 1.66811 0.289829 -0.0109666 0.0192685
16800000 1.77821 1.75585 1.72727 0.245562 0.0165182 0.00771599
16900000 1.76583 1.76314 1.65882 0.291333 -0.00257351 0.00552668
17000000 1.76294 1.79847 1.68032 0.280439 0.0268417 0.0209642
17100000 1.75264 1.74912 1.6965 0.275578 -0.0179823 -0.0101502
17200000 1.7442 1.74276 1.66508 0.259873 0.0226842 0.00364044
17300000 1.79968 1.76338 1.68867 0.249228 -0.00383275 0.0277139
17400000 1.72405 1.76637 1.6925 0.277504 -0.0121679 0.00632772
17500000 1.81709 1.74941 1.70685 0.278805 0.0188471 -0.00344312
17600000 1.74246 1.73111 1.71097 0.270629 0.0168535 0.0271016
17700000 1.79523 1.72564 1.69318 0.278215 -0.0265857 0.0273375
17800000 1.76002 1.77649 1.69691 0.297344 0.0043511 0.0124728
17900000 1.76561 1.76419 1.69111 0.293867 -0.0177511 0.0168492
18000000 1.77066 1.73242 1.70726 0.252262 -0.00492959 -0.0146506
18100000 1.80874 1.72472 1.69422 0.237749 5.97279e-05 0.0113973
18200000 1.73055 1.71781 1.70457 0.23491 -0.00264073 0.00721659
18300000 1.83148 1.71899 1.67589 0.253181 0.0344763 -0.00343688
18400000 1.75999 1.713 1.72669 0.248688 -0.0155045 -0.00930909
18500000 1.7704 1.73759 1.67617 0.219936 0.00102617 0.0150636
18600000 1.80539 1.70737 1.69829 0.226024 0.0129342 -0.0231354
18700000 1.78185 1.73417 1.67282 0.207711 -0.0107663 -0.00604774
18800000 1.78622 1.74803 1.68689 0.194081 0.0258775 0.00593177
18900000 1.73092 1.74241 1.69823 0.168038 0.000631328 0.00834926
19000000 1.75066 1.74789 1.74393 0.175256 -0.0201695 -0.0219611
19100000 1.75065 1.74075 1.6766 0.152401 -0.00331325 0.000194591
19200000 1.79359 1.75564 1.71333 0.145385 0.00409199 -0.0155077
19300000 1.73311 1.75509 1.71007 0.119073 0.00642443 0.00144676
19400000 1.77885 1.77478 1.69303 0.0824692 0.0134896 0.00492393
19500000 1.72074 1.75218 1.6725 0.0449679 -0.00783863 -0.00562933
19600000 1.75253 1.76575 1.67133 0.0686756 0.0207133 -0.00515594
19700000 1.81619 1.75984 1.73981 0.0470253 0.0159024 -0.0117969
19800000 1.76907 1.73152 1.66746 0.0149629 -0.0291781 0.0413355
19900000 1.7693 1.71932 1.71848 0.0137336 -0.0153385 0.0080596
20000000 1.71761 1.71013 1.70012 -0.00669855 -0.00781625 0.013079
20100000 1.7277 1.77371 1.7065 -0.0139665 0.0039085 0.00212296
20200000 1.77111 1.71132 1.71299 -0.0237925 -0.0108559 0.015477
20300000 1.72799 1.70906 1.7157 -0.0740605 -0.0299088 -0.0185681
20400000 1.73573 1.72206 1.68961 -0.0880021 0.0175906 -0.000112291
20500000 1.74151 1.73493 1.66514 -0.100588 -0.00715152 -0.0340997
20600000 1.7345 1.76781 1.70357 -0.14088 0.0299913 -0.0019433
20700000 1.74594 1.78592 1.72164 -0.144992 0.00753533 -0.00653118
20800000 1.75478 1.77303 1.70674 -0.115037 0.0031839 -0.00212597
20900000 1.7602 1.73218 1.71451 -0.169328 -0.0219481 -0.000678028
21000000 1.75665 1.73863 1.67281 -0.140578 -0.00781552 0.0167218
21100000 1.72472 1.76215 1.71356 -0.193543 -0.0129987 0.00983729
21200000 1.77478 1.70983 1.6991 -0.185284 0.0189652 -0.00965181
21300000 1.76432 1.74093 1.66167 -0.202277 0.011697 -0.0119662
21400000 1.76446 1.76225 1.648 -0.209339 0.00346356 0.00980196
21500000 1.74997 1.75177 1.66304 -0.211936 0.0214495 0.0138839
21600000 1.77815 1.73788 1.68863 -0.225416 0.0098369 -0.0122938
21700000 1.76486 1.68889 1.69907 -0.26281 0.0404004 -0.0196939
21800000 1.71595 1.78134 1.71486 -0.267364 0.0185908 -0.00220765
21900000 1.76963 1.75473 1.72544 -0.281971 0.0303069 0.0153737
22000000 1.74961 1.73028 1.68716 -0.260402 -0.0109062 -0.0102328
22100000 1.77582 1.72094 1.67221 -0.289414 0.0234801 -0.025207
22200000 1.7862 1.71143 1.75676 -0.270183 -0.0261022 0.00689628
22300000 1.79934 1.71727 1.67405 -0.317794 0.00891708 0.0355796
22400000 1.8129 1.74232 1.70336 -0.284506 0.011954 -0.0145077
22500000 1.83845 1.72317 1.6859 -0.290528 0.00705551 0.00100211
22600000 1.77007 1.74993 1.68816 -0.271083 0.044201 0.0228812
22700000 1.71608 1.74301 1.69216 -0.276666 0.0421137 -0.0167739
22800000 1.79689 1.73786 1.73532 -0.28321 -0.00376235 0.000539367
22900000 1.77227 1.72272 1.65763 -0.279857 -0.00677915 -0.00497943
23000000 1.75608 1.78147 1.69166 -0.26197 0.00896596 -0.0060609
23100000 1.74295 1.72384 1.7219 -0.250459 0.0188091 0.0118771
23200000 1.7491 1.772 1.67667 -0.2822 0.0015829 -0.0207568
23300000 1.76812 1.70421 1.68553 -0.253773 -0.0327494 -0.00266008
23400000 1.78758 1.74003 1.70807 -0.229107 -0.000351461 -0.00294224
23500000 1.78181 1.73006 1.72091 -0.212044 -0.00111378 0.0176234
23600000 1.72206 1.7484 1.70101 -0.210625 0.00125349 0.00350429
23700000 1.78836 1.75753 1.68352 -0.209169 -0.0320692 0.0202837
23800000 1.79259 1.71178 1.69036 -0.173051 0.0138061 0.00647647
23900000 1.73548 1.74402 1.71594 -0.192 0.0299315 0.00632501
24000000 1.76378 1.77196 1.67098 -0.180008 -0.00583214 -0.00515319
24100000 1.73963 1.74725 1.69926 -0.122386 -0.0103252 0.0172085
24200000 1.76688 1.77697 1.7086 -0.104785 -0.000685783 0.00351573
24300000 1.74835 1.72534 1.66739 -0.13116 -9.68933e-05 0.00745051
24400000 1.79332 1.74844 1.64999 -0.0931952 -0.0163351 0.0153603
24500000 1.75152 1.74923 1.68367 -0.0940448 0.00651163 -0.00700471
24600000 1.79045 1.71822 1.71894 -0.0775346 0.040331 -0.00663837
24700000 1.73783 1.73247 1.68046 -0.0405262 0.0172714 -0.00264165
24800000 1.73862 1.73416 1.70245 -0.0191448 0.0267355 0.0142559
24900000 1.77807 1.70688 1.71241 -0.0191913 0.0203125 -0.0110176
25000000 1.7835 1.74822 1.69524 -0.00636022 0.0011268 -8.51505e-05
25100000 1.78546 1.7591 1.68584 0.0312681 0.0333216 -0.00444775
25200000 1.74804 1.72339 1.68108 0.0242936 -0.0247991 -0.00544517
25300000 1.77007 1.74056 1.70806 0.0628183 -0.00960859 -0.000185779
25400000 1.72996 1.75321 1.65854 0.0899256 -0.0164448 -0.00566231
25500000 1.82614 1.73306 1.6986 0.103244 0.00273617 -0.0237511
25600000 1.73866 1.73818 1.68604 0.106038 -0.00806002 -0.00592816
25700000 1.76493 1.74913 1.65988 0.153019 -0.0137779 -0.000680513
25800000 1.78602 1.72841 1.67098 0.161654 -0.0233351 0.00107317
25900000 1.75652 1.74989 1.69953 0.17078 0.0199121 -0.00450508
26000000 1.7512 1.71917 1.64075 0.19308 0.0385256 0.00722132
26100000 1.75205 1.72931 1.69827 0.189788 0.0159012 0.0251755
26200000 1.74997 1.7375 1.72192 0.187429 -0.00750278 -0.0127543
26300000 1.76803 1.74999 1.68979 0.203105 0.00284975 -0.0431901
26400000 1.74331 1.74375 1.68855 0.197496 -0.0102951 -0.00610626
26500000 1.74263 1.73904 1.73001 0.203042 0.0169591 0.0064127
26600000 1.7633 1.74704 1.67929 0.246402 0.00697857 0.0113029
26700000 1.78195 1.75297 1.6925 0.269222 0.00546999 0.00124599
26800000 1.75387 1.78036 1.69099 0.263803 -0.00236486 0.00961907
26900000 1.78551 1.76155 1.67573 0.27312 -0.00776624 0.0211262
27000000 1.78755 1.80843 1.69711 0.257676 -0.00830511 -0.0253914
27100000 1.75492 1.73294 1.71371 0.299331 0.0140448 -0.0113689
27200000 1.76461 1.75316 1.66566 0.25276 -0.0129415 -0.0211471
27300000 1.77791 1.78311 1.68326 0.251961 -0.0119109 -0.00367922
27400000 1.77304 1.77476 1.70459 0.265551 0.00925353 -0.0177432
27500000 1.75816 1.77969 1.69553 0.331452 -0.0279384 0.026061
27600000 1.77188 1.7796 1.71263 0.268069 -0.0223345 -0.0255557
27700000 1.78286 1.73787 1.684 0.308905 -0.00256209 0.0184217
27800000 1.78483 1.7654 1.67215 0.272417 0.019472 -0.000453943
27900000 1.79414 1.74888 1.71329 0.258672 -0.00277067 -0.0157645
28000000 1.77548 1.77414 1.69837 0.270471 -0.00276342 0.0201354
28100000 1.79265 1.73084 1.67001 0.262867 0.00577642 0.0151714
28200000 1.76403 1.72681 1.74388 0.271599 0.0223963 0.0277547
28300000 1.73686 1.73008 1.6642 0.253349 0.0164366 -0.0150128
28400000 1.76077 1.72582 1.69456 0.265576 0.00846893 0.00250756
28500000 1.73403 1.75373 1.66493 0.201548 -0.0245627 0.0125849
28600000 1.76128 1.7725 1.67843 0.214185 0.000400604 0.00656996
28700000 1.77765 1.73664 1.67826 0.181247 0.0336136 0.0035286
28800000 1.75704 1.77742 1.67671 0.189032 0.0114081 0.0372389
28900000 1.74968 1.72143 1.71995 0.210195 0.00155893 0.0330245
29000000 1.7989 1.79311 1.66186 0.166783 -0.00185666 -0.0470499
29100000 1.7351 1.73099 1.68791 0.178518 -0.00496641 0.00159107
29200000 1.74057 1.71173 1.65205 0.160733 0.0246319 -0.01044
29300000 1.72325 1.76405 1.72375 0.108692 -0.0110583 0.0161136
29400000 1.78156 1.73517 1.69717 0.0991068 0.00765215 0.010174
29500000 1.78827 1.70985 1.67342 0.0921377 -0.0215459 -0.00658434
29600000 1.78315 1.72954 1.66992 0.102995 -0.0250593 0.0153021
29700000 1.78824 1.71853 1.67541 0.0749612 0.0269472 0.00762784
29800000 1.75144 1.71924 1.66773 0.0629562 -0.0032122 -0.0132998
29900000 1.80984 1.73122 1.64525 0.0222933 -0.00795698 0.0145135
30000000 1.80121 1.7498 1.69724 0.00936904 0.0204633 -0.0217145
30100000 1.76195 1.7187 1.65313 -0.033996 0.00572944 0.0193483
30200000 1.77852 1.74658 1.67642 -0.0465403 0.00129339 0.0158699
30300000 1.75745 1.72042 1.68992 -0.0333439 -0.00119817 -0.000824504
30400000 1.75301 1.80166 1.67797 -0.028181 0.0426065 0.00205044
30500000 1.77057 1.74866 1.71417 -0.0697707 -0.0142506 -0.031132
30600000 1.77128 1.7264 1.65868 -0.110724 -0.00323167 0.00732864
30700000 1.77308 1.75255 1.68941 -0.134233 -0.0274054 -0.0120408
30800000 1.76317 1.72253 1.71465 -0.142463 0.00417688 0.022571
30900000 1.76121 1.73405 1.69572 -0.139198 0.0069853 -0.00294656
31000000 1.79944 1.74851 1.71077 -0.157169 0.00250469 0.00747611
31100000 1.72763 1.74101 1.66049 -0.170592 -0.00723083 0.0247174
31200000 1.81334 1.71675 1.67309 -0.200192 0.0058814 -0.00224942
31300000 1.74011 1.72366 1.66847 -0.214516 -0.0280537 -0.00930784
31400000 1.75714 1.77678 1.69072 -0.229264 -0.0027272 -0.0218748
31500000 1.77877 1.71746 1.72165 -0.222702 -0.0158232 -0.02991
31600000 1.79917 1.75157 1.7327 -0.233072 0.0100363 0.00419432
31700000 1.82373 1.73774 1.70747 -0.226901 -0.0139136 0.00740865
31800000 1.78527 1.81246 1.69816 -0.261031 0.0168409 -0.00517604
31900000 1.75043 1.78899 1.70095 -0.252628 0.00294433 0.00624651
32000000 1.78563 1.74265 1.6352 -0.256399 -0.0158331 0.00024255
32100000 1.77385 1.72096 1.71893 -0.268949 -0.0390846 -0.00833166
32200000 1.77364 1.79804 1.66129 -0.249329 -0.0272031 -0.00766721
32300000 1.76325 1.74781 1.6502 -0.26416 -0.0110657 -0.0118986
32400000 1.80677 1.71698 1.71551 -0.252316 0.00269565 -0.000636618
32500000 1.74539 1.70189 1.66649 -0.238433 0.0316643 -0.00886652
32600000 1.75831 1.733 1.67936 -0.268824 -0.00225426 0.0013639
32700000 1.81818 1.77585 1.70698 -0.251049 -0.0220621 -0.00431282
32800000 1.77583 1.711 1.70455 -0.253665 -0.013136 0.011738
32900000 1.72981 1.75737 1.68762 -0.236651 0.00271487 -0.0192227
33000000 1.77321 1.74359 1.68829 -0.258512 0.00993594 0.0120329
33100000 1.77841 1.75729 1.63199 -0.242807 0.0138961 0.00228398
33200000 1.79388 1.74146 1.76267 -0.238162 0.0248304 -0.0149517
33300000 1.7714 1.72549 1.63614 -0.216247 0.0327974 0.0241673
33400000 1.77558 1.73773 1.6946 -0.23155 -0.0245517 -0.00665757
33500000 1.76731 1.75596 1.67793 -0.216007 0.00142456 0.00692796
33600000 1.79155 1.72913 1.72955 -0.203 0.0135393 0.0495686
33700000 1.81047 1.72508 1.66337 -0.184989 -0.00180484 -0.0150733
33800000 1.74477 1.74062 1.6955 -0.166342 0.0178293 0.0166112
33900000 1.75126 1.75319 1.71094 -0.140228 0.0130542 0.0126824
34000000 1.75787 1.73892 1.68436 -0.131585 -0.0100348 -0.00305356
34100000 1.78252 1.74122 1.6538 -0.0869882 0.0185603 -0.0143915
34200000 1.78061 1.69594 1.67615 -0.0746704 0.0197102 -0.0111678
34300000 1.76866 1.76614 1.67767 -0.106133 -0.00327945 -0.00268715
34400000 1.80623 1.72792 1.69792 -0.0586342 0.022805 0.0293904
34500000 1.83375 1.71718 1.68986 -0.0498099 0.0237359 0.0143379
34600000 1.75528 1.75775 1.69518 -0.0368657 0.0211871 0.0208193
34700000 1.77095 1.76709 1.63958 -0.0179398 0.0166913 -0.00711715
34800000 1.78064 1.72302 1.66376 0.001749 -0.00231814 -0.00553446
34900000 1.79243 1.74381 1.6683 0.00661422 -0.0210861 0.00427901
35000000 1.71312 1.73856 1.6804 0.0233349 -0.00695953 0.0177939
35100000 1.7902 1.7313 1.70501 0.063574 0.0181927 0.0349463
35200000 1.76213 1.74321 1.66933 0.0599651 -0.00749213 0.0277824
35300000 1.7946 1.75193 1.71775 0.108117 0.0100172 0.0379481
35400000 1.81046 1.69079 1.69009 0.116061 -0.0122462 -0.0106922
35500000 1.79106 1.71046 1.68555 0.10431 0.00638356 0.0300213
35600000 1.74929 1.7464 1.6835 0.119995 -0.0270455 -0.012463
35700000 1.78146 1.73245 1.66066 0.172453 0.00781576 0.00114223
35800000 1.76889 1.74165 1.68375 0.18365 -0.0151283 0.0257204
35900000 1.76579 1.70021 1.67335 0.173343 -0.0132635 1.97828e-05
36000000 1.73546 1.73831 1.66228 0.181268 0.00417755 0.0212444
36100000 1.76595 1.69331 1.64652 0.181698 0.0143826 -0.013895
36200000 1.78354 1.74178 1.70945 0.230638 0.0116679 0.0116598
36300000 1.7489 1.74984 1.73034 0.223449 0.00934237 -0.0401344
36400000 1.75128 1.72926 1.67469 0.255414 -0.00415416 0.0012456
36500000 1.77821 1.75118 1.71558 0.244957 -0.0121608 -0.0104617
36600000 1.78793 1.77499 1.66057 0.245207 0.0362176 0.0314214
36700000 1.7738 1.7736 1.65264 0.284938 -0.0209591 0.0105422
36800000 1.7838 1.70987 1.69706 0.257171 0.0125033 -0.0233241
36900000 1.74271 1.75472 1.6919 0.278417 -0.00892363 0.0404671
37000000 1.72168 1.72449 1.71485 0.283017 -0.00998714 0.021466
37100000 1.77301 1.71291 1.71841 0.288726 -0.00556737 0.0295913
37200000 1.70949 1.74094 1.64972 0.271732 0.00023609 -0.00747301
37300000 1.78606 1.71421 1.70151 0.256799 0.009586 -0.0262489
37400000 1.77604 1.80615 1.65757 0.277467 0.00494231 0.00351026
37500000 1.77878 1.74522 1.67863 0.299045 0.0185422 0.0267299
37600000 1.80007 1.7524 1.70207 0.295619 -0.0150447 0.00349643
37700000 1.75573 1.78724 1.68834 0.320534 0.0178581 -0.0462348
37800000 1.7807 1.70673 1.69408 0.303239 0.0148022 0.0033893
37900000 1.76822 1.74854 1.67028 0.277874 -0.0283057 0.00363353
38000000 1.78625 1.73826 1.65769 0.269723 -0.00303955 0.0308248
38100000 1.75784 1.7222 1.68793 0.287019 -0.0114094 0.0277745
38200000 1.77619 1.73952 1.7321 0.24827 -0.0105593 -0.00165914
38300000 1.7791 1.79213 1.71783 0.26122 -0.00819392 -0.0419797
38400000 1.76421 1.72674 1.69955 0.225193 0.0234023 -0.0356819
38500000 1.76043 1.7414 1.71702 0.224351 -0.00246616 -0.020491
38600000 1.78211 1.74747 1.68369 0.217908 0.0155815 0.0278424
38700000 1.75781 1.72707 1.64325 0.216621 0.0114492 -0.0170894
38800000 1.75233 1.70475 1.66999 0.215914 0.00746238 -0.0123584
38900000 1.76942 1.73775 1.70086 0.144498 0.000730936 0.0034951
39000000 1.79629 1.71619 1.63614 0.184204 0.0166993 -0.0164402
39100000 1.76184 1.77668 1.66021 0.162908 0.009749 0.00242102
39200000 1.74731 1.73039 1.65587 0.182943 0.00310021 -0.0326497
39300000 1.7872 1.71862 1.69504 0.14348 0.0268936 -0.0132954
39400000 1.7507 1.71615 1.70493 0.0976448 -0.0217631 0.00449705
39500000 1.7263 1.70782 1.68093 0.053709 -0.0080738 0.0272451
39600000 1.75938 1.74364 1.68572 0.0449541 -0.0228638 0.0179288
39700000 1.75161 1.69688 1.69087 0.0553283 0.0167555 -0.018867
39800000 1.76309 1.68948 1.6694 0.0577175 -0.00945628 -0.0214289
39900000 1.73034 1.65821 1.71335 0.00499959 0.0124689 0.0177952
40000000 1.78197 1.74407 1.67265 -0.0402059 -0.0122216 -0.0248948
40100000 1.74609 1.77581 1.67173 0.00138447 -0.00895627 0.0146931
40200000 1.75246 1.6979 1.69544 -0.0478492 -0.0373996 -0.0136453
40300000 1.70282 1.74097 1.71064 -0.0219671 -0.0197539 -0.0282574
40400000 1.75887 1.73232 1.64904 -0.0536783 0.00286429 -0.0041521
40500000 1.78692 1.68357 1.69805 -0.100905 -0.0164544 0.0334591
40600000 1.74792 1.74781 1.73246 -0.102314 -0.0112792 -0.0210126
40700000 1.79494 1.75555 1.6907 -0.144927 -0.000663908 0.0108571
40800000 1.77056 1.73729 1.68935 -0.138555 0.00544498 -0.00686713
40900000 1.75167 1.71492 1.67814 -0.166957 0.0255387 -0.0273234
41000000 1.77361 1.68874 1.72496 -0.203627 -0.0330512 -0.0129516
41100000 1.76493 1.71927 1.69928 -0.179574 -0.00152553 0.0020335
41200000 1.75675 1.70862 1.71439 -0.201574 0.0162702 0.00526997
41300000 1.7269 1.68497 1.72466 -0.190135 -0.0064726 0.0137444
41400000 1.7584 1.71514 1.69485 -0.250367 0.0016113 0.00311442
41500000 1.74453 1.75112 1.67255 -0.214957 -0.0162938 -0.0202574
41600000 1.7376 1.76033 1.68217 -0.271409 -0.00368197 -0.0160086
41700000 1.79771 1.76315 1.67525 -0.282163 0.0112099 0.000628135
41800000 1.71993 1.76493 1.70185 -0.247625 -0.0105861 0.0150046
41900000 1.75541 1.71627 1.72947 -0.265305 -0.017512 -0.010365
42000000 1.73322 1.7331 1.67397 -0.272433 0.00551599 0.000885523
42100000 1.78294 1.7269 1.7024 -0.293563 -0.00766578 -0.0405942
42200000 1.77293 1.76286 1.73185 -0.264712 -0.0123587 0.00589322
42300000 1.77471 1.75802 1.66699 -0.289655 0.000189122 -0.0103048
42400000 1.7759 1.76877 1.71879 -0.282562 -0.00289035 0.013087
42500000 1.76203 1.71579 1.70644 -0.277946 0.019212 0.00634406
42600000 1.75445 1.76939 1.72065 -0.311204 0.0462123 -0.000939889
42700000 1.74261 1.7437 1.70242 -0.272026 0.0134699 -0.0186633
42800000 1.78552 1.75054 1.7072 -0.289267 -0.0122604 -0.000927316
42900000 1.74237 1.71717 1.68879 -0.293958 0.0158337 0.00633329
43000000 1.76521 1.69745 1.66983 -0.246218 -0.0152119 -0.00567255
43100000 1.78168 1.70062 1.66044 -0.244056 0.00646991 -0.00481848
43200000 1.74942 1.68036 1.72057 -0.227413 0.00364228 0.0270569
43300000 1.78693 1.70207 1.72917 -0.246638 0.0140253 -0.0301314
43400000 1.76012 1.72808 1.67248 -0.223691 0.00522798 0.0113098
43500000 1.7582 1.76125 1.69424 -0.220356 -0.0149722 0.010517
43600000 1.76077 1.74935 1.72235 -0.226024 -0.016763 -0.00513565
43700000 1.76239 1.74116 1.70341 -0.169431 0.0160289 -0.00161495
43800000 1.77218 1.72087 1.70205 -0.159336 0.00971157 -0.0112039
43900000 1.78747 1.72244 1.69498 -0.165666 -0.00229421 0.0402656
44000000 1.75008 1.72854 1.69843 -0.156834 0.00806098 0.00258818
44100000 1.72038 1.71503 1.67557 -0.155355 0.0166874 -0.011861
44200000 1.81661 1.68983 1.70663 -0.115091 0.0233935 -0.0166927
44300000 1.77185 1.73124 1.68276 -0.0874206 -0.00176157 0.0268998
44400000 1.72083 1.70623 1.65349 -0.0827388 0.00799374 0.00226145
44500000 1.76488 1.75118 1.69974 -0.0807335 0.0327979 -0.02353
44600000 1.70961 1.72456 1.71443 -0.0822546 0.0412735 -0.0175412
44700000 1.7045 1.73853 1.66806 -0.0271319 -0.0136468 0.00441706
44800000 1.71875 1.73311 1.69457 0.00254786 -0.0292401 0.00946777
44900000 1.76349 1.73092 1.6692 -0.0040396 0.00852535 -0.00667821
45000000 1.74819 1.72903 1.69764 0.0369744 0.0258281 -0.0373681
45100000 1.77291 1.75789 1.6711 0.0324955 -0.00224246 -0.0155753
45200000 1.75569 1.69211 1.68701 0.0720733 0.0146623 -0.00524464
45300000 1.76202 1.67058 1.68302 0.0806783 0.0115785 -0.0069881
45400000 1.75453 1.7354 1.63979 0.101989 0.0219847 0.0183145
45500000 1.75863 1.73284 1.71952 0.0604297 0.0200989 -0.0229186
45600000 1.79567 1.71648 1.69119 0.135406 0.0169716 0.00849945
45700000 1.74217 1.70324 1.68453 0.149837 0.0380455 -0.00265399
45800000 1.73778 1.70347 1.66348 0.13798 0.0149023 0.00868443
45900000 1.74266 1.72486 1.66283 0.204721 0.00771434 -0.00959681
46000000 1.77365 1.70935 1.70187 0.191741 0.00514706 0.0152668
46100000 1.75262 1.71734 1.68146 0.204696 0.000533311 -0.0198786
46200000 1.74223 1.737 1.72559 0.217866 -0.00624932 0.000768341
46300000 1.77495 1.71329 1.70667 0.245203 0.0245584 0.0104091
46400000 1.78281 1.73083 1.66002 0.234458 0.00201933 0.012333
46500000 1.76929 1.74359 1.71776 0.245073 0.0102904 0.000138781
46600000 1.77901 1.74203 1.73546 0.243918 0.00665048 -0.0106372
46700000 1.7709 1.67602 1.69358 0.257431 0.0178455 -0.00935541
46800000 1.74554 1.75835 1.67663 0.290678 -0.00850464 0.0104425
46900000 1.79149 1.68753 1.71767 0.291665 -0.0103425 0.0324508
47000000 1.75866 1.75348 1.73642 0.300037 -0.00815634 -0.0373982
47100000 1.7584 1.74419 1.70816 0.284978 -0.0214883 0.000386318
47200000 1.76483 1.73627 1.69895 0.276962 -0.00849855 0.00935952
47300000 1.83654 1.75812 1.72174 0.259485 -0.00390552 -7.6462e-05
47400000 1.78007 1.73844 1.71287 0.296827 -0.00489699 -0.0078197
47500000 1.80221 1.73981 1.67836 0.298906 -0.0163837 0.00696906
47600000 1.76529 1.70431 1.67473 0.278002 0.0111175 0.0155552
47700000 1.75 1.74507 1.72189 0.288712 -0.00662096 0.0070458
47800000 1.76317 1.73208 1.70447 0.273051 -0.031639 0.0128567
47900000 1.76213 1.73922 1.67076 0.27294 0.0325629 0.0172418
48000000 1.75696 1.73343 1.70265 0.289713 0.00263294 0.00063066
48100000 1.80727 1.71857 1.72975 0.253635 -0.00915254 -0.00199483
48200000 1.78581 1.71601 1.68902 0.252111 0.00876305 0.00823934
48300000 1.7109 1.73721 1.72133 0.253024 0.0131063 -0.017452
48400000 1.77777 1.70324 1.7382 0.22578 -0.000106318 -0.0281842
48500000 1.70518 1.73967 1.72357 0.254736 -0.0372605 -0.00550987
48600000 1.76224 1.72085 1.71932 0.214045 -0.000376028 -0.00987541
48700000 1.77156 1.70669 1.7186 0.209073 0.0404045 0.0160434
48800000 1.77093 1.68914 1.68856 0.231426 0.00872066 -0.0221644
48900000 1.72609 1.75364 1.7346 0.183541 0.0259766 0.00127952
49000000 1.79136 1.69436 1.68711 0.161879 -0.0142406 0.0184515
49100000 1.78493 1.70981 1.75284 0.14575 0.00124367 0.0198301
49200000 1.76264 1.70251 1.70388 0.143472 -0.00586438 -0.0181041
49300000 1.70743 1.73071 1.70642 0.104403 0.0273942 -0.0103698
49400000 1.77139 1.72085 1.69329 0.108589 0.0206289 0.011204
49500000 1.79158 1.74606 1.70066 0.0768708 -0.00228784 -0.00610296
49600000 1.76793 1.72035 1.75214 0.0885706 -0.0307769 -0.0053775
49700000 1.75342 1.6736 1.71103 0.0716091 -0.0213798 0.028319
49800000 1.78908 1.72944 1.68026 0.0552326 0.00205883 0.0287635
49900000 1.79329 1.68109 1.68617 0.0139914 -0.00599985 -0.00692082
50000000 1.76807 1.7215 1.71263 0.0549256 0.00995033 0.00301448
