# Time-averaged data for fix ps1
# TimeStep c_thermo_press[1] c_thermo_press[2] c_thermo_press[3] c_thermo_press[4] c_thermo_press[5] c_thermo_press[6]
1000 355732 351771 0 -2851.44 0 0
2000 353636 351553 0 -3116.58 0 0
3000 355962 352406 0 -2150.68 0 0
4000 352814 353012 0 -3092.19 0 0
5000 354896 350634 0 -2282.02 0 0
6000 353163 352964 0 -5202.42 0 0
7000 354209 351087 0 -5314.82 0 0
8000 354878 351195 0 -5050.21 0 0
9000 354710 352569 0 -5261.01 0 0
10000 353388 352896 0 -5362.26 0 0
11000 354975 352338 0 -8327.26 0 0
12000 353282 352787 0 -7450.12 0 0
13000 356360 352173 0 -9829.16 0 0
14000 353771 353964 0 -8409.72 0 0
15000 356214 351471 0 -7937.49 0 0
16000 356148 351934 0 -9162.99 0 0
17000 353808 351590 0 -8871.19 0 0
18000 354472 352858 0 -10268.6 0 0
19000 355013 351382 0 -8445.42 0 0
20000 354765 351479 0 -8095.29 0 0
21000 353982 352904 0 -12157.8 0 0
22000 353279 352359 0 -9949.34 0 0
23000 354413 354207 0 -10479.5 0 0
24000 354396 353862 0 -8965.93 0 0
25000 356677 352254 0 -10644 0 0
26000 354390 353594 0 -9843.24 0 0
27000 354063 352322 0 -7905.9 0 0
28000 355565 351320 0 -7979.42 0 0
29000 355451 352810 0 -7496.91 0 0
30000 356671 351976 0 -8912.27 0 0
31000 353836 351838 0 -8618.14 0 0
32000 354960 352989 0 -8263.16 0 0
33000 355873 349409 0 -7111.71 0 0
34000 353996 353992 0 -9407.34 0 0
35000 355631 349904 0 -8507.93 0 0
36000 353343 352101 0 -7751.45 0 0
37000 354132 352746 0 -8056.35 0 0
38000 354740 352715 0 -6063.08 0 0
39000 355319 352195 0 -7572.71 0 0
40000 354406 351718 0 -6174.87 0 0
41000 356226 351265 0 -5731.86 0 0
42000 355298 349995 0 -6142.3 0 0
43000 354370 351630 0 -3858.48 0 0
44000 353840 352735 0 -3614.81 0 0
45000 353626 351732 0 -4985.38 0 0
46000 355557 350422 0 -3469.69 0 0
47000 354756 350655 0 -3169.41 0 0
48000 353984 353024 0 -2445.36 0 0
49000 353706 349903 0 -2936 0 0
50000 355064 350450 0 -2635.78 0 0
51000 353787 350831 0 -1534.47 0 0
52000 353449 351546 0 994.447 0 0
53000 355017 352466 0 792.863 0 0
54000 355475 351353 0 1663.48 0 0
55000 353067 352134 0 1164.47 0 0
56000 356831 349709 0 1456.81 0 0
57000 354406 353064 0 2117.03 0 0
58000 354835 351360 0 2922.88 0 0
59000 353867 352355 0 2356.09 0 0
60000 354179 352573 0 2110.06 0 0
61000 356183 350999 0 3757.45 0 0
62000 354853 350565 0 4311.89 0 0
63000 356205 351102 0 5912.96 0 0
64000 354157 351644 0 4636.64 0 0
65000 356858 348810 0 5248.97 0 0
66000 354871 351528 0 4802.31 0 0
67000 356162 349531 0 6939.85 0 0
68000 355184 352042 0 5640.4 0 0
69000 354559 351407 0 6691.35 0 0
70000 355003 350680 0 6003.06 0 0
71000 355177 353728 0 4832.4 0 0
72000 355499 350793 0 6225.92 0 0
73000 356745 351305 0 7219.34 0 0
74000 355571 350380 0 7013.51 0 0
75000 356956 352433 0 7696.05 0 0
76000 354808 349489 0 6488.87 0 0
77000 356178 349894 0 7007.1 0 0
78000 354848 351254 0 5611.86 0 0
79000 354757 350592 0 7014.97 0 0
80000 355195 352724 0 4567.76 0 0
81000 357238 350126 0 5705.47 0 0
82000 353253 350631 0 5516.37 0 0
83000 354974 351677 0 6669.44 0 0
84000 356114 351014 0 6341.88 0 0
85000 352842 352410 0 5516.12 0 0
86000 354227 350022 0 4433.68 0 0
87000 355223 351840 0 3140.63 0 0
88000 353998 353062 0 3297.75 0 0
89000 353681 352449 0 2582.31 0 0
90000 355269 350981 0 3328.49 0 0
91000 356833 352132 0 1278.87 0 0
92000 354483 349992 0 479.925 0 0
93000 354734 348431 0 2017.88 0 0
94000 354357 351715 0 1357.49 0 0
95000 355137 351735 0 1571.55 0 0
96000 353768 351769 0 -1072.63 0 0
97000 353555 351785 0 -1037.63 0 0
98000 355482 353532 0 -155.615 0 0
99000 354785 350859 0 -759.449 0 0
100000 356620 351905 0 -1745.82 0 0
101000 355195 351342 0 -998.51 0 0
102000 354725 349564 0 -1132.89 0 0
103000 351904 352620 0 -2847.89 0 0
104000 355543 350326 0 -4480.55 0 0
105000 355794 349714 0 -3905.58 0 0
106000 355780 350466 0 -6783.22 0 0
107000 354864 351467 0 -4478.11 0 0
108000 354576 349782 0 -6167.54 0 0
109000 355718 351380 0 -5539.54 0 0
110000 355370 350535 0 -6160.29 0 0
111000 356571 351208 0 -6237.16 0 0
112000 352333 354723 0 -6190.42 0 0
113000 353361 352472 0 -7127.84 0 0
114000 352655 354080 0 -7757.87 0 0
115000 354753 352352 0 -7852.82 0 0
116000 356328 352493 0 -8647.17 0 0
117000 353463 354131 0 -8598.27 0 0
118000 355529 354666 0 -9150.11 0 0
119000 355969 352121 0 -9434.88 0 0
120000 353384 352068 0 -8794.34 0 0
121000 354866 350906 0 -12047.4 0 0
122000 354762 350904 0 -8949.14 0 0
123000 353694 350493 0 -9719.87 0 0
124000 356796 352329 0 -7914.91 0 0
125000 354744 352064 0 -7855.73 0 0
126000 354161 350486 0 -11351.5 0 0
127000 352729 353414 0 -9568.97 0 0
128000 353373 352950 0 -8819.46 0 0
129000 356882 350680 0 -9375.92 0 0
130000 354273 351303 0 -9868.11 0 0
131000 356757 354347 0 -8443.53 0 0
132000 353906 353042 0 -8258.57 0 0
133000 355862 351936 0 -9280.79 0 0
134000 356666 350689 0 -9754.36 0 0
135000 353635 352835 0 -6237.95 0 0
136000 355173 349761 0 -7331.53 0 0
137000 355249 352286 0 -7001.23 0 0
138000 355363 350610 0 -7894.69 0 0
139000 355654 350659 0 -5664.3 0 0
140000 351723 353744 0 -4471.85 0 0
141000 354812 351344 0 -5863.03 0 0
142000 354819 350799 0 -4563.76 0 0
143000 352496 352871 0 -3434.58 0 0
144000 356189 351048 0 -4172.43 0 0
145000 352680 353287 0 -2830.63 0 0
146000 355827 350502 0 -3033.77 0 0
147000 353276 351962 0 -1888.2 0 0
148000 357012 349616 0 -2422.51 0 0
149000 353319 349565 0 -2928.86 0 0
150000 353398 354525 0 -2754.54 0 0
151000 354194 350480 0 161.712 0 0
152000 356195 350832 0 -828.195 0 0
153000 355464 351833 0 -286.326 0 0
154000 357040 349688 0 266.149 0 0
155000 353199 352188 0 1891.37 0 0
156000 357144 350028 0 760.284 0 0
157000 354181 352176 0 1452.21 0 0
158000 355282 351883 0 1160.36 0 0
159000 353976 350836 0 3261.44 0 0
160000 355023 352827 0 3594.16 0 0
161000 354192 353456 0 3352.22 0 0
162000 354583 352086 0 1624.45 0 0
163000 352309 351227 0 4376.51 0 0
164000 354815 352565 0 4308.59 0 0
165000 353673 352852 0 5403.84 0 0
166000 355645 351185 0 5567.74 0 0
167000 355374 351669 0 5940.24 0 0
168000 353853 352816 0 6816.92 0 0
169000 353707 352234 0 5208.52 0 0
170000 355265 352299 0 7953.69 0 0
171000 355805 351747 0 6209.8 0 0
172000 353955 353569 0 4576.98 0 0
173000 353762 351734 0 6589.31 0 0
174000 353378 352124 0 8096.79 0 0
175000 355212 351852 0 6089.8 0 0
176000 355719 350754 0 6435.98 0 0
177000 355693 349243 0 6476.36 0 0
178000 355696 351608 0 8724.35 0 0
179000 355148 350928 0 4964.08 0 0
180000 354595 352589 0 7686.3 0 0
181000 356091 349306 0 7805.37 0 0
182000 354412 349874 0 4646.63 0 0
183000 353786 351000 0 6218.96 0 0
184000 353727 352405 0 4948.08 0 0
185000 352925 350893 0 5346.13 0 0
186000 354939 351391 0 4591.01 0 0
187000 355381 350923 0 5466.84 0 0
188000 355852 349232 0 4168.34 0 0
189000 355915 350751 0 3549.88 0 0
190000 353444 351649 0 2873.5 0 0
191000 355755 352506 0 3080.76 0 0
192000 354155 350172 0 1635.35 0 0
193000 353590 352051 0 2912.01 0 0
194000 354905 350173 0 1512.16 0 0
195000 353990 352104 0 1111.06 0 0
196000 355464 350075 0 208.511 0 0
197000 356135 351071 0 612.939 0 0
198000 355127 350652 0 855.262 0 0
199000 355743 351579 0 501.789 0 0
200000 353157 352145 0 -830.064 0 0
201000 354942 351646 0 -2317.3 0 0
202000 355754 352484 0 -1838.15 0 0
203000 355363 350941 0 -3773.22 0 0
204000 355636 349589 0 -4306.16 0 0
205000 353271 352362 0 -5593.64 0 0
206000 352955 351470 0 -4575.86 0 0
207000 354981 352510 0 -2871.03 0 0
208000 354600 352526 0 -4362.65 0 0
209000 356368 350380 0 -3875.86 0 0
210000 354379 351531 0 -6601.91 0 0
211000 354056 351645 0 -6580.8 0 0
212000 351782 353927 0 -6134.59 0 0
213000 352730 353819 0 -7413.72 0 0
214000 355919 351361 0 -7291.26 0 0
215000 355562 351657 0 -8151.04 0 0
216000 353211 353387 0 -8460.31 0 0
217000 356260 351520 0 -8990 0 0
218000 355822 351320 0 -7976.46 0 0
219000 354960 350088 0 -8882.63 0 0
220000 353632 351193 0 -10403.7 0 0
221000 354433 352486 0 -10698.5 0 0
222000 354439 355090 0 -8583.28 0 0
223000 354733 353062 0 -10264.9 0 0
224000 353094 353348 0 -9377.78 0 0
225000 356421 351055 0 -7100.5 0 0
226000 352505 352427 0 -11537.1 0 0
227000 355484 349568 0 -10742.5 0 0
228000 356537 352554 0 -9655.76 0 0
229000 352742 354028 0 -9491.06 0 0
230000 356244 349971 0 -8709.03 0 0
231000 354710 351400 0 -8795.74 0 0
232000 357813 351254 0 -9957.57 0 0
233000 356090 352374 0 -8681.35 0 0
234000 354670 350723 0 -8374.99 0 0
235000 356032 352349 0 -8324.88 0 0
236000 352752 352818 0 -8022.65 0 0
237000 354527 351189 0 -7207.96 0 0
238000 354380 352360 0 -8156.15 0 0
239000 353504 352804 0 -6660.13 0 0
240000 354664 351230 0 -6721.55 0 0
241000 355149 351844 0 -6331.63 0 0
242000 354839 351849 0 -5839.03 0 0
243000 353133 353011 0 -6193.97 0 0
244000 355177 350863 0 -5833.08 0 0
245000 353639 352838 0 -3975.95 0 0
246000 355405 350362 0 -5690.83 0 0
247000 354702 350266 0 -4681.06 0 0
248000 351314 352712 0 -3967.55 0 0
249000 354323 353156 0 -2797.55 0 0
250000 353900 350239 0 -991.881 0 0
251000 354701 352117 0 -362.251 0 0
252000 353876 350146 0 -698.216 0 0
253000 353944 352700 0 -700.637 0 0
254000 352841 350503 0 -614.509 0 0
255000 355199 350649 0 1881.13 0 0
256000 351489 354523 0 482.559 0 0
257000 354012 352631 0 2901.22 0 0
258000 356283 351835 0 1363.13 0 0
259000 356120 351989 0 3443.63 0 0
260000 353615 352315 0 3420.03 0 0
261000 353429 352179 0 2972.59 0 0
262000 352993 353111 0 3063.28 0 0
263000 355624 349738 0 5478.44 0 0
264000 354590 351478 0 4888.85 0 0
265000 356146 350952 0 5495.14 0 0
266000 354479 353009 0 5810.95 0 0
267000 353299 351567 0 5467.74 0 0
268000 355102 350244 0 4082.72 0 0
269000 354150 351977 0 6078.57 0 0
270000 352643 354372 0 4790.78 0 0
271000 353791 352220 0 7526.1 0 0
272000 356100 350795 0 5683.43 0 0
273000 356764 349321 0 7078.73 0 0
274000 353133 352214 0 7290.61 0 0
275000 352638 352714 0 5843 0 0
276000 353795 352061 0 6295.57 0 0
277000 353869 351245 0 8203.48 0 0
278000 353996 354774 0 5711.18 0 0
279000 354497 350020 0 5927.64 0 0
280000 356051 350352 0 3630.26 0 0
281000 354770 350863 0 6207.16 0 0
282000 356565 353281 0 5167.44 0 0
283000 353925 351058 0 5240.45 0 0
284000 356756 349744 0 6162.05 0 0
285000 353103 351805 0 4734.92 0 0
286000 354053 352999 0 2775.36 0 0
287000 355653 351758 0 3783.44 0 0
288000 354958 352367 0 3169.83 0 0
289000 354867 350414 0 5584.17 0 0
290000 353252 351049 0 2654.43 0 0
291000 357022 350241 0 3870.45 0 0
292000 353419 351199 0 2128.76 0 0
293000 354972 352221 0 427.319 0 0
294000 354683 351545 0 -774.486 0 0
295000 353900 350774 0 2762.64 0 0
296000 352947 352040 0 1956.47 0 0
297000 352919 351169 0 821.081 0 0
298000 351759 352024 0 -847.726 0 0
299000 353648 351656 0 -939.093 0 0
300000 353296 351887 0 -720.276 0 0
301000 353482 351891 0 -2329.85 0 0
302000 354327 351329 0 -2644.68 0 0
303000 352543 351747 0 -2589.16 0 0
304000 355810 350128 0 -4046.23 0 0
305000 355403 349713 0 -3152.76 0 0
306000 354628 351546 0 -4150.76 0 0
307000 352249 352380 0 -4061.64 0 0
308000 353741 351864 0 -5926.14 0 0
309000 355470 351008 0 -4858.48 0 0
310000 355406 351228 0 -5341.65 0 0
311000 352499 354267 0 -6991.95 0 0
312000 355299 351761 0 -5468.44 0 0
313000 352491 353096 0 -8315.81 0 0
314000 355834 352388 0 -6997.27 0 0
315000 353570 352914 0 -8634.26 0 0
316000 354039 351375 0 -7861.74 0 0
317000 355260 350806 0 -8086.52 0 0
318000 354019 351642 0 -9094.33 0 0
319000 351476 352636 0 -8647.69 0 0
320000 355215 351383 0 -8972.6 0 0
321000 355646 351109 0 -8139.71 0 0
322000 352014 352167 0 -8164.51 0 0
323000 356101 352038 0 -9860.19 0 0
324000 354429 351575 0 -8459.79 0 0
325000 354505 353923 0 -9122.92 0 0
326000 352554 352929 0 -7713.14 0 0
327000 352588 353213 0 -8418.91 0 0
328000 353767 353188 0 -10424.7 0 0
329000 356101 352530 0 -8450.76 0 0
330000 355504 351017 0 -10769.8 0 0
331000 354842 352915 0 -9774.6 0 0
332000 355522 353978 0 -8201.66 0 0
333000 352588 353194 0 -8765.6 0 0
334000 353562 353415 0 -9095.19 0 0
335000 354192 351038 0 -5886.91 0 0
336000 355038 352656 0 -8114.95 0 0
337000 355044 350870 0 -6453.63 0 0
338000 355040 351236 0 -7476.63 0 0
339000 354920 353305 0 -7532.89 0 0
340000 355888 351000 0 -5348.19 0 0
341000 355996 352121 0 -6542.48 0 0
342000 353499 351801 0 -5906.84 0 0
343000 354115 351023 0 -5171.27 0 0
344000 354362 350506 0 -2431.31 0 0
345000 352811 352128 0 -4201.09 0 0
346000 353125 352194 0 -1494.61 0 0
347000 356259 351956 0 -2806.47 0 0
348000 353986 352530 0 -2673.18 0 0
349000 355450 351004 0 1224.47 0 0
350000 355073 351424 0 -925.084 0 0
351000 353781 352961 0 -188.543 0 0
352000 354715 352575 0 -2371.95 0 0
353000 355794 351701 0 -456.138 0 0
354000 351760 352958 0 669.185 0 0
355000 355980 351716 0 186.616 0 0
356000 353645 350943 0 1486.2 0 0
357000 357211 348315 0 3515.61 0 0
358000 351654 352982 0 -355.089 0 0
359000 354281 351908 0 2513.08 0 0
360000 355046 350136 0 3103.16 0 0
361000 354310 350118 0 3274.47 0 0
362000 352362 352415 0 3496.24 0 0
363000 354726 350718 0 4537.69 0 0
364000 353302 352347 0 3451.65 0 0
365000 355946 350734 0 5420.07 0 0
366000 353305 351171 0 5785.08 0 0
367000 354759 352143 0 6089.83 0 0
368000 353943 353340 0 5073.3 0 0
369000 355607 350657 0 6705.3 0 0
370000 354633 351273 0 5716.35 0 0
371000 352947 351496 0 5133.72 0 0
372000 354448 351902 0 5057.47 0 0
373000 354235 350346 0 7087.83 0 0
374000 353305 353518 0 5972.64 0 0
375000 352821 352041 0 5647.98 0 0
376000 355444 353475 0 5105.84 0 0
377000 356556 348715 0 6444.77 0 0
378000 355209 350127 0 7103.58 0 0
379000 354579 351427 0 6585.81 0 0
380000 355549 350262 0 5860.08 0 0
381000 356162 352148 0 6332.72 0 0
382000 354861 350929 0 5969.67 0 0
383000 353586 352843 0 2760.26 0 0
384000 354908 352554 0 5298.74 0 0
385000 352727 353094 0 5656.6 0 0
386000 353620 352126 0 3835.01 0 0
387000 353493 352939 0 4829.06 0 0
388000 351991 351185 0 2339.97 0 0
389000 354600 351075 0 1856.01 0 0
390000 355483 352307 0 4138.91 0 0
391000 355162 349177 0 3065.54 0 0
392000 354157 352039 0 1245.04 0 0
393000 355392 350765 0 2875.9 0 0
394000 354899 349964 0 1864.46 0 0
395000 353797 353874 0 1223.74 0 0
396000 354060 351830 0 392.094 0 0
397000 352899 350808 0 1811.39 0 0
398000 354210 351266 0 -1166.91 0 0
399000 354226 351056 0 -2587.73 0 0
400000 354279 349703 0 -1930.6 0 0
401000 353648 350604 0 -2434.88 0 0
402000 355243 351273 0 -2339.95 0 0
403000 355138 351160 0 -2793.27 0 0
404000 354887 352591 0 -3863.38 0 0
405000 355265 348581 0 -2833.11 0 0
406000 356281 350616 0 -5154.4 0 0
407000 352893 351179 0 -4276.82 0 0
408000 355166 350289 0 -5089.79 0 0
409000 353603 353613 0 -7153.1 0 0
410000 352989 353253 0 -5750.8 0 0
411000 352713 353999 0 -6290.73 0 0
412000 354780 352697 0 -7447.72 0 0
413000 353118 352803 0 -8039.96 0 0
414000 355624 353787 0 -4706.11 0 0
415000 355796 351260 0 -6447.76 0 0
416000 355842 351178 0 -10590.4 0 0
417000 353663 354094 0 -6617.86 0 0
418000 355462 353123 0 -7015.46 0 0
419000 353389 350598 0 -8053.25 0 0
420000 354190 352520 0 -10098.4 0 0
421000 355729 352440 0 -9550.95 0 0
422000 352987 354665 0 -10846.4 0 0
423000 356026 349986 0 -7214.55 0 0
424000 356086 352056 0 -10103.7 0 0
425000 353505 352463 0 -8728.64 0 0
426000 355037 352338 0 -9073.02 0 0
427000 352780 354918 0 -8308.81 0 0
428000 353389 353788 0 -8171.06 0 0
429000 356256 349868 0 -9541.46 0 0
430000 354876 351077 0 -8899.23 0 0
431000 353801 351708 0 -7922.2 0 0
432000 353458 351944 0 -7805.41 0 0
433000 352253 351136 0 -8133.38 0 0
434000 353991 352251 0 -8031.84 0 0
435000 354162 353317 0 -7427.7 0 0
436000 354148 350313 0 -5767.38 0 0
437000 356586 352120 0 -8175.25 0 0
438000 353311 352778 0 -5394.94 0 0
439000 355800 349815 0 -5704.76 0 0
440000 355575 351925 0 -5974.03 0 0
441000 352869 354263 0 -5026.99 0 0
442000 355850 351561 0 -5779.46 0 0
443000 357453 351283 0 -4222.11 0 0
444000 353982 352845 0 -5323.83 0 0
445000 357767 350831 0 -3439.92 0 0
446000 354055 353895 0 -1741.46 0 0
447000 355072 354395 0 -3946.76 0 0
448000 354547 351847 0 -2216.6 0 0
449000 354916 353054 0 -834.249 0 0
450000 351996 352943 0 -333.318 0 0
451000 354823 352507 0 831.962 0 0
452000 353803 351394 0 -540.122 0 0
453000 352791 353433 0 632.87 0 0
454000 354157 351009 0 3109.16 0 0
455000 354732 353507 0 2058.9 0 0
456000 353407 351386 0 4554.26 0 0
457000 354424 352212 0 2328.51 0 0
458000 355741 351478 0 4409 0 0
459000 354558 351831 0 3507.85 0 0
460000 354856 350890 0 3302.19 0 0
461000 355147 350829 0 3359.82 0 0
462000 354409 353709 0 4937.66 0 0
463000 354372 352382 0 4001.37 0 0
464000 355816 351362 0 3938.77 0 0
465000 354551 350749 0 6472.04 0 0
466000 354534 352540 0 5585.52 0 0
467000 357523 351319 0 6560.87 0 0
468000 353386 349816 0 7801.82 0 0
469000 352350 352366 0 6782.45 0 0
470000 353685 351770 0 5797.83 0 0
471000 354784 349906 0 5665.65 0 0
472000 353728 351544 0 6805.77 0 0
473000 353224 351792 0 7311.59 0 0
474000 354328 352287 0 6907.98 0 0
475000 354488 352159 0 6412.94 0 0
476000 353262 354047 0 6924.08 0 0
477000 353519 351143 0 7423.91 0 0
478000 352612 352353 0 5333.55 0 0
479000 351663 351577 0 5106.36 0 0
480000 354298 351014 0 5892.64 0 0
481000 354522 351338 0 5646.14 0 0
482000 353389 352660 0 4952.2 0 0
483000 354660 351669 0 5215 0 0
484000 354859 349154 0 4107.04 0 0
485000 355386 350524 0 5512.59 0 0
486000 356243 351066 0 3746.24 0 0
487000 355044 349878 0 4296.04 0 0
488000 353631 352744 0 3679.73 0 0
489000 353351 351171 0 4007.56 0 0
490000 352868 351850 0 2469.55 0 0
491000 353670 350690 0 2223.92 0 0
492000 354093 349329 0 1087.68 0 0
493000 353632 349351 0 1421.84 0 0
494000 353851 353099 0 1066.87 0 0
495000 353262 352033 0 337.556 0 0
496000 355716 351343 0 -616.566 0 0
497000 354495 349921 0 636.114 0 0
498000 354583 351240 0 -1154.72 0 0
499000 353853 351779 0 -1303.69 0 0
500000 355033 351678 0 -2901.1 0 0
