# Time-averaged data for fix ps1
# TimeStep c_thermo_press[1] c_thermo_press[2] c_thermo_press[3] c_thermo_press[4] c_thermo_press[5] c_thermo_press[6]
0 4.46511 4.45894 4.50669 -0.00828458 0.00718533 -0.00573838
10000 4.52002 4.56003 4.55204 0.041284 0.000872099 0.0362059
20000 4.54768 4.54962 4.60256 0.00894457 0.0221527 0.0416125
30000 4.58536 4.53658 4.5164 0.0132032 0.00786083 0.000257435
40000 4.5722 4.56158 4.5354 -0.0269107 -0.00885135 -0.00247296
50000 4.52635 4.53007 4.56151 -0.036505 0.0280256 0.0247136
60000 4.57866 4.54154 4.53398 -0.028322 0.00661226 -0.0384984
70000 4.54902 4.53172 4.53481 0.00783992 -0.0607861 -0.0100331
80000 4.56378 4.56215 4.5663 -0.0118987 0.00926311 -0.0380462
90000 4.49491 4.42837 4.54422 -0.000482957 0.0870679 0.0109072
100000 4.55038 4.54678 4.56351 -0.0739788 -0.0144362 0.00225398
110000 4.53069 4.56533 4.55018 -0.0119026 0.0107391 -0.00953018
120000 4.54573 4.53617 4.62566 0.00958534 0.0504221 0.0235584
130000 4.49516 4.54707 4.58503 -0.0190432 0.00656769 0.0339265
140000 4.54686 4.55786 4.57035 0.0453156 0.0241075 0.0315757
150000 4.48713 4.51771 4.5288 -0.00712141 -0.071929 -0.0075737
160000 4.52377 4.50809 4.51849 -0.0444125 0.0132744 -0.0324509
170000 4.55922 4.52876 4.53092 -0.0375743 0.0533026 -0.0264137
180000 4.55016 4.53355 4.52511 -0.0320742 -0.0106798 -0.00735363
190000 4.54005 4.54851 4.53372 0.0158338 -0.0451848 0.0177079
200000 4.52772 4.52359 4.52822 -0.0161536 -0.00315601 -0.00547148
210000 4.50049 4.55573 4.54333 -0.0208453 0.0154344 -0.0169984
220000 4.533 4.53674 4.55835 -0.0355163 0.0470803 0.0071566
230000 4.55391 4.55478 4.55255 0.00924933 0.0151119 0.0290655
240000 4.49175 4.57536 4.58015 0.0212817 -0.0200539 0.00777533
250000 4.53238 4.56143 4.51151 0.0145223 0.0161564 0.0258386
260000 4.5102 4.5692 4.48925 0.0123322 -0.0265646 0.00685111
270000 4.55717 4.54583 4.5252 -0.0173941 -0.00818276 0.0328693
280000 4.50153 4.48919 4.51351 -0.00284918 0.00294239 0.0462591
290000 4.49769 4.56541 4.57654 -0.00537071 -0.0167614 -0.0015436
300000 4.5222 4.4908 4.55208 0.0109037 -0.0307989 -0.025493
310000 4.56702 4.53008 4.53421 0.0502971 0.0315318 -0.0167108
320000 4.54788 4.52014 4.56855 -0.0374607 0.029643 0.0258754
330000 4.52396 4.49875 4.56972 -0.0114152 -0.0259063 0.0343268
340000 4.53135 4.5037 4.53038 0.0390843 -0.00647326 -0.065581
350000 4.5291 4.53271 4.59236 0.0330252 -0.0123447 0.0100826
360000 4.48331 4.52934 4.53199 -0.0237029 -0.037912 0.0197956
370000 4.5288 4.54363 4.55971 0.0495773 0.0192369 -8.30148e-05
380000 4.50641 4.48301 4.47501 0.0177097 0.0135398 0.00942678
390000 4.53005 4.52632 4.55659 0.0248845 -0.0222762 -0.00196283
400000 4.53851 4.55538 4.57247 -0.00546999 -0.0561879 -0.0280657
410000 4.5704 4.54153 4.50192 0.0767499 -0.0111063 0.00875635
420000 4.56832 4.58975 4.55475 0.0129217 0.0159861 -0.0233117
430000 4.55986 4.55361 4.6091 -0.0297713 -0.00294016 0.0253629
440000 4.52299 4.55955 4.54124 0.0255656 0.00299917 -0.00679327
450000 4.50278 4.56597 4.54812 0.0285387 0.0482298 0.00201305
460000 4.5007 4.47385 4.5247 0.00632982 0.0235782 -0.00080689
470000 4.55767 4.53813 4.55703 -0.00940248 -0.0356285 0.00309953
480000 4.51591 4.43669 4.5364 0.0914831 0.0314406 0.0104806
490000 4.54154 4.51091 4.52532 0.0605311 0.0054964 0.0163837
500000 4.49322 4.50184 4.47914 0.0465611 0.0119887 0.018446
510000 4.51103 4.5374 4.5728 0.0623185 -0.00202275 0.0207201
520000 4.46845 4.52294 4.52369 0.0512764 -0.00858363 0.00930381
530000 4.44496 4.53994 4.58791 0.101527 -0.0290879 0.0566826
540000 4.54867 4.53547 4.549 0.0412061 -0.0157825 0.0349301
550000 4.59183 4.5123 4.59598 0.035984 -0.0500939 0.0348346
560000 4.53993 4.55472 4.52756 0.0444388 0.000859002 0.0340939
570000 4.53157 4.58927 4.55275 0.0185569 -0.00337177 0.0037622
580000 4.51352 4.53197 4.58789 -0.00219825 -0.0173486 0.00779885
590000 4.50521 4.55805 4.55557 0.0485628 -0.0240909 0.0197759
600000 4.53695 4.56962 4.5187 0.051365 0.00562148 -0.0262459
610000 4.46589 4.53785 4.50557 0.0297144 -0.0147138 0.0107578
620000 4.46909 4.55418 4.52202 0.0218786 -0.0643376 -0.0345444
630000 4.51265 4.50485 4.562 0.0468141 -0.00808024 -0.00497128
640000 4.51599 4.45431 4.52624 0.047758 0.0385461 0.0332814
650000 4.60319 4.47472 4.51843 0.097927 0.056541 -0.0127564
660000 4.5591 4.49942 4.50788 0.0844053 -0.00817337 -0.00565871
670000 4.53782 4.51411 4.56428 0.0467234 0.0032375 -0.00924477
680000 4.4848 4.54763 4.53462 0.0658465 0.0107175 -0.034994
690000 4.43252 4.51735 4.43779 0.00693132 -0.00479081 0.0128921
700000 4.5071 4.54821 4.50263 0.022626 -0.0265818 0.0211026
710000 4.54745 4.47611 4.47832 -0.0331967 -0.015447 -0.0184294
720000 4.5444 4.56166 4.50487 0.0143834 -0.0329541 0.0221071
730000 4.49692 4.57643 4.45901 0.0351454 -0.0313882 0.0525563
740000 4.55268 4.49643 4.51186 0.0480455 0.0234536 -0.023094
750000 4.51179 4.53985 4.54804 0.0169397 0.0298258 -0.0312494
760000 4.54537 4.54528 4.48781 -0.0197061 -0.0195231 0.0275166
770000 4.53348 4.53178 4.4997 0.036295 0.0354115 0.031028
780000 4.56424 4.54201 4.57499 -0.0430222 0.0191665 -0.0114626
790000 4.51883 4.56946 4.55643 0.000540197 -0.00359172 -0.0310476
800000 4.50135 4.53688 4.52287 0.0260758 -0.0553127 -0.0178919
810000 4.51113 4.49819 4.52588 -0.0115064 -0.0293154 0.00611612
820000 4.45838 4.50204 4.53804 0.0103009 -0.0202113 -0.0308063
830000 4.57556 4.45776 4.47063 0.00264885 -0.016616 -0.0175796
840000 4.49568 4.45094 4.51488 -0.0262025 -0.0264208 -0.0342219
850000 4.52456 4.52645 4.51712 -0.0534523 0.0149228 0.0160651
860000 4.51507 4.48571 4.56245 -0.056128 -0.0512572 0.00901275
870000 4.43167 4.48643 4.52483 -0.0367156 0.0270314 -0.00560855
880000 4.52891 4.54015 4.49129 -0.0403607 -0.000496728 0.00344692
890000 4.50726 4.51858 4.53592 -0.0285025 -0.0325977 0.00596478
900000 4.55291 4.47755 4.54752 -0.0763521 0.00949822 -0.00174686
910000 4.51679 4.46596 4.56745 -0.0674296 0.0105368 0.0254281
920000 4.56732 4.53308 4.50149 -0.0313618 -0.023918 0.0408006
930000 4.49418 4.46914 4.44702 -0.0124213 -0.0213862 0.019093
940000 4.59239 4.51853 4.53309 -0.0545013 -0.0226915 0.0262213
950000 4.57835 4.6021 4.49315 -0.0135527 -0.0235965 0.0254046
960000 4.51305 4.5309 4.55959 -0.0640008 -0.00241462 -0.0190422
970000 4.5653 4.52023 4.49741 0.0117598 0.0166934 0.0321985
980000 4.58117 4.55187 4.58869 -0.0382345 -0.0291905 -0.0160178
990000 4.52013 4.53098 4.51822 -0.0560792 0.00428778 0.0613924
1000000 4.51319 4.62379 4.49359 -0.0307596 -0.0468832 0.0188765
1010000 4.5911 4.51719 4.55712 -0.0531072 -0.0461001 0.0274601
1020000 4.56616 4.54192 4.52953 -0.043568 0.0229309 -0.0195258
1030000 4.56128 4.55174 4.49708 -0.052365 0.00257649 -0.0263947
1040000 4.53102 4.52783 4.49809 -0.0347253 -0.0654484 -0.00237266
1050000 4.54296 4.55453 4.51487 -0.0312811 -0.0450435 -0.0285676
1060000 4.49346 4.53517 4.51967 -0.025523 -0.0366585 -0.0362855
1070000 4.60738 4.57766 4.50359 -0.0491681 -0.0236308 -0.00684686
1080000 4.52495 4.59344 4.56397 -0.0222548 -0.00587785 -0.0343831
1090000 4.53128 4.50301 4.56108 -5.06033e-05 0.0572754 -0.0241955
1100000 4.55183 4.58997 4.53933 -0.0364839 -0.024562 -0.00449283
1110000 4.52508 4.5417 4.52896 -0.0554235 0.0415737 -0.0589429
1120000 4.59411 4.60059 4.55978 -0.00693134 0.00925087 -0.00994256
1130000 4.57926 4.55774 4.56894 -0.020588 0.0276772 0.00086331
1140000 4.55386 4.58588 4.57746 0.0353235 -0.0052673 -0.0198755
1150000 4.59096 4.56568 4.51739 -0.0433843 0.0559516 -0.0155102
1160000 4.59151 4.55377 4.60214 -0.0342659 -0.0189013 -0.00822121
1170000 4.53989 4.59906 4.55616 0.0310509 0.052884 -0.0621831
1180000 4.5568 4.53885 4.52339 -0.000924249 0.0284308 -0.0129756
1190000 4.61441 4.47377 4.53228 -0.0255205 -0.0207424 -0.0121827
1200000 4.53883 4.52714 4.49855 -0.00555827 -0.00230052 -0.0185502
1210000 4.59068 4.43987 4.48826 -0.0211453 -0.0398935 0.00543902
1220000 4.48742 4.50683 4.52697 0.0105744 -0.0265002 -0.0346564
1230000 4.50454 4.48003 4.51485 -0.0386927 -0.00631745 -0.00735194
1240000 4.52442 4.52296 4.5485 0.00220978 0.0403829 -0.0071486
1250000 4.50244 4.51005 4.55935 -0.00931604 0.0332655 -0.00623819
1260000 4.5125 4.55652 4.53805 -0.00669195 0.00223242 -0.0257748
1270000 4.56865 4.51817 4.55066 -0.0293716 0.0108438 -0.0106228
1280000 4.56079 4.50173 4.54346 0.0149245 0.0152538 0.0447676
1290000 4.57143 4.54982 4.61209 0.025371 0.0574294 -0.0460974
1300000 4.4928 4.46609 4.62171 0.0308375 0.015401 0.0205921
1310000 4.53279 4.54087 4.52265 -0.00571764 0.024074 -0.0344876
1320000 4.5608 4.47207 4.53222 -0.0253577 0.0216392 -0.0341049
1330000 4.49217 4.5819 4.51333 0.0372625 0.00353388 0.00128257
1340000 4.56106 4.55723 4.55452 0.0355497 -0.0162919 -0.0316053
1350000 4.60386 4.48135 4.57775 -0.0209657 0.0372209 -0.0121586
1360000 4.60073 4.49607 4.55707 0.0418007 -0.0242483 -0.0515695
1370000 4.58071 4.50864 4.50365 0.0568002 0.0093164 0.0116537
1380000 4.5512 4.50769 4.52429 0.0658521 0.00529634 0.0261612
1390000 4.52731 4.51258 4.51038 0.00930638 0.00592665 0.0428706
1400000 4.53955 4.5118 4.51811 0.0612962 0.0142781 -0.0116716
1410000 4.51816 4.55299 4.54822 0.0778625 0.00498085 -0.0294181
1420000 4.54701 4.55092 4.54162 0.0582076 -0.0115201 0.0254482
1430000 4.53901 4.51459 4.44297 0.0400171 -0.0480329 -0.0162085
1440000 4.46702 4.53764 4.57245 0.0404136 0.0179569 -0.00803492
1450000 4.55304 4.52349 4.54916 0.0330093 -0.00148955 0.0155352
1460000 4.54356 4.49985 4.57886 -0.000625949 -0.0444619 -0.0265448
1470000 4.55645 4.55873 4.59272 0.0869633 0.013975 0.0510567
1480000 4.54261 4.55259 4.59767 0.0569424 -0.00359915 0.0167071
1490000 4.55194 4.52876 4.56493 0.0399418 -0.0160618 0.0412873
1500000 4.44871 4.54951 4.55993 0.0147557 -0.0248516 0.0744838
1510000 4.53861 4.57598 4.53693 0.0745768 -0.00645253 -0.0208849
1520000 4.5329 4.60274 4.5626 0.0101388 -0.0236395 -0.0259661
1530000 4.45649 4.62437 4.53333 -0.0107826 0.0056064 -0.0634114
1540000 4.51491 4.46085 4.48893 0.0368229 0.00402627 0.0100979
1550000 4.48172 4.5318 4.53012 0.0368639 0.0253732 -0.00679861
1560000 4.53561 4.56784 4.59299 0.0478763 -0.0105719 0.0155958
1570000 4.51407 4.51009 4.61844 0.0352621 0.000945561 -0.032264
1580000 4.51588 4.5063 4.5845 0.0254762 0.0142928 -0.00714271
1590000 4.47395 4.56556 4.52218 -0.0765875 0.019948 0.0116895
1600000 4.47507 4.49951 4.55172 0.0276776 -0.0307088 -0.0368908
1610000 4.442 4.53386 4.52655 0.0458367 -0.012898 -0.000397939
1620000 4.48287 4.56734 4.52963 0.0298915 0.0234298 0.0122253
1630000 4.48822 4.55053 4.48316 0.0384039 0.00765141 0.0287631
1640000 4.58216 4.53476 4.4911 0.0111427 -0.00140872 0.00382357
1650000 4.55686 4.53081 4.52494 0.0389864 -0.00475241 -0.0474578
1660000 4.56374 4.53821 4.53715 0.0319115 0.0266517 -0.0553151
1670000 4.51076 4.52883 4.51728 -0.00369013 -0.00999119 0.00446692
1680000 4.5525 4.52113 4.4932 0.057128 0.0223276 0.0893437
1690000 4.54189 4.55729 4.56834 0.0451393 0.00827873 -0.00689445
1700000 4.46407 4.5803 4.57958 -0.0131576 -0.0391138 -0.0310808
1710000 4.56479 4.53762 4.53686 0.00351983 0.012924 0.0126626
1720000 4.62292 4.42947 4.47732 0.0320732 0.00653154 -0.0195149
1730000 4.45948 4.51265 4.52982 0.018106 0.0122453 0.0190867
1740000 4.58208 4.48763 4.45639 0.0215894 -0.0449487 -0.00799723
1750000 4.45335 4.50709 4.54393 0.067701 -0.027758 -0.00677247
1760000 4.54393 4.46369 4.52019 0.0109407 0.0240473 -0.0271212
1770000 4.58044 4.58883 4.55504 0.0761703 -0.0250407 0.0621152
1780000 4.60972 4.59681 4.5634 0.0138865 0.00105613 -0.0203402
1790000 4.57633 4.45245 4.54315 0.0572592 0.00596478 -0.00175076
1800000 4.53974 4.58836 4.55841 0.0267756 -0.0502964 -0.0070491
1810000 4.59952 4.55642 4.4715 -0.0241165 0.0161114 0.0139786
1820000 4.54896 4.54754 4.50072 0.0465986 -0.01298 0.0415519
1830000 4.60103 4.49966 4.59648 -0.0131066 -0.0277536 0.0103436
1840000 4.58607 4.48381 4.51305 0.036362 0.012649 -0.00996244
1850000 4.55913 4.49053 4.48969 0.0323675 0.0264537 -0.0175355
1860000 4.59405 4.52084 4.50102 -0.00197958 0.00952149 -0.00661032
1870000 4.5208 4.46307 4.56144 0.0251269 0.0232781 0.021078
1880000 4.54796 4.50844 4.58459 -0.0117278 0.015062 -0.0410164
1890000 4.50012 4.52621 4.4821 -0.0307974 -0.000600789 -0.0277823
1900000 4.50507 4.52561 4.48955 -0.0165962 0.00242803 0.0233315
1910000 4.53796 4.51619 4.55946 0.00820188 0.0449636 0.013896
1920000 4.54022 4.52398 4.55363 0.0045866 -0.0151346 0.033815
1930000 4.62874 4.58439 4.56402 -0.00129766 0.00799698 0.0397525
1940000 4.61669 4.55303 4.54872 -0.024926 0.0149491 0.0682696
1950000 4.63706 4.48734 4.53454 -0.0160649 -0.0108461 -0.0150719
1960000 4.5598 4.4679 4.56466 -0.0293936 -0.000344532 0.0221633
1970000 4.56905 4.48138 4.53974 -0.107594 -0.023325 0.0404574
1980000 4.66362 4.57143 4.53893 -0.070809 -0.00458354 0.00964866
1990000 4.59031 4.47692 4.53018 -0.0660093 -0.0213558 0.000221615
2000000 4.52241 4.54146 4.59553 -0.014364 -0.0525063 -0.0181038
2010000 4.55133 4.52534 4.509 -0.0471135 -0.0494984 -0.00315848
2020000 4.517 4.53332 4.56608 -0.0555579 0.0105153 0.00768518
2030000 4.57244 4.51203 4.58361 -0.0544094 -0.00479822 0.0249988
2040000 4.55538 4.60469 4.52921 -0.0391951 -0.0126992 -0.0302233
2050000 4.56627 4.57442 4.51408 -0.0589155 0.0249834 0.000873817
2060000 4.61275 4.48605 4.45861 -0.0751154 0.0195857 -0.0142004
2070000 4.59324 4.50226 4.49024 -0.0545668 -0.00618584 -0.0208666
2080000 4.63129 4.55292 4.5049 -0.0270904 -0.0131662 -0.0237878
2090000 4.53944 4.5235 4.471 -0.0723474 -0.00794239 0.0434785
2100000 4.56836 4.5076 4.51572 0.043587 0.0441698 0.0233373
2110000 4.53077 4.51318 4.59364 -0.00387642 0.0108498 -0.0368876
2120000 4.52956 4.51704 4.42635 -0.0177409 0.0459891 -0.0321039
2130000 4.56294 4.51707 4.52718 -0.0555183 0.00521129 -0.0128777
2140000 4.53038 4.55325 4.51148 0.0151245 -0.00329709 0.0230992
2150000 4.55412 4.59128 4.5443 -0.00927929 0.0159274 -0.00812927
2160000 4.61472 4.62311 4.55574 0.030526 0.0388539 0.0458802
2170000 4.52754 4.58139 4.49358 -0.0466302 0.0134806 -0.0475966
2180000 4.52252 4.53955 4.57645 -0.0146042 0.00365828 9.33604e-05
2190000 4.4824 4.62138 4.53985 -0.0217377 0.00307205 -0.0363452
2200000 4.47272 4.55378 4.5471 -0.00591132 -0.0202931 -0.0428883
2210000 4.57425 4.56557 4.61608 -0.0162095 0.0182213 -0.0487289
2220000 4.50542 4.53592 4.50351 -0.0414471 -0.0126351 -0.0641935
2230000 4.53078 4.52152 4.6475 -0.00861423 -0.00230352 0.0191813
2240000 4.49963 4.46149 4.55295 -0.024563 0.03521 0.0254743
2250000 4.50282 4.51193 4.49168 -0.00470743 0.0452925 -0.0475547
2260000 4.52895 4.52971 4.57844 0.0191778 0.00141422 -0.0155374
2270000 4.56553 4.50096 4.51844 0.0131686 -0.0113558 -0.0286179
2280000 4.53253 4.50021 4.53328 -0.0177538 -0.0243818 -0.0169644
2290000 4.54103 4.50061 4.52482 0.00932263 0.029014 -0.00027404
2300000 4.51622 4.46665 4.52501 -0.011523 -0.0151445 0.008894
2310000 4.56585 4.53386 4.56694 0.0507952 -0.0219178 0.0206239
2320000 4.56006 4.54827 4.57201 0.0255365 -0.000187566 0.00311238
2330000 4.52427 4.47939 4.55033 0.0049283 -0.0146768 -0.00666727
2340000 4.58995 4.45558 4.52839 0.00200001 0.0267278 -0.0110839
2350000 4.555 4.53048 4.49105 -0.0537716 0.0128784 -0.0373702
2360000 4.51266 4.53257 4.49841 0.0347938 -0.043018 -0.0306591
2370000 4.52461 4.54762 4.53679 0.0190182 -0.0118199 0.00877997
2380000 4.57966 4.56715 4.52249 -0.00150318 -0.00115152 0.0257722
2390000 4.49044 4.53736 4.5882 0.0190797 0.0160038 0.0247552
2400000 4.53487 4.43768 4.5683 0.078398 -0.0234085 -0.0196044
2410000 4.55769 4.49569 4.49911 0.0233067 -0.0160867 0.0192534
2420000 4.51027 4.58278 4.53181 0.049077 0.0257747 -0.0184383
2430000 4.52542 4.61132 4.55227 0.00536748 0.000237598 0.0325739
2440000 4.50755 4.53617 4.4263 0.0379728 0.00178837 0.0465327
2450000 4.53872 4.56258 4.46771 0.0533533 0.0095835 -0.00878944
2460000 4.47531 4.47792 4.51289 0.0430952 0.000430936 -0.0118205
2470000 4.56632 4.52508 4.44127 0.0473024 0.00473774 -0.0277053
2480000 4.54537 4.50782 4.60633 0.0166353 -0.0333776 -0.0158494
2490000 4.49693 4.53205 4.49526 0.0679738 0.0162237 -0.00615204
2500000 4.54298 4.50983 4.46074 0.0862718 0.00910356 -0.000794639
2510000 4.54458 4.50648 4.44067 0.0175221 -0.000676394 -0.0125425
2520000 4.52839 4.54876 4.48303 0.0235405 0.0355238 -0.0184626
2530000 4.54795 4.57668 4.49881 0.0815909 -0.0331099 -0.0758313
2540000 4.51976 4.57324 4.49339 0.0234505 0.00106221 0.0203181
2550000 4.53099 4.52009 4.50585 0.0502774 -0.0197646 0.0143403
2560000 4.48955 4.57945 4.5488 0.057367 -0.0254586 -0.0106526
2570000 4.48844 4.57042 4.58556 0.0249955 -0.0111199 0.00977132
2580000 4.49793 4.53881 4.49309 0.00994953 0.0436596 0.0421497
2590000 4.51305 4.54935 4.5097 0.0447171 -0.00906822 0.012772
2600000 4.50112 4.50552 4.54434 0.00929147 0.041943 0.0290329
2610000 4.56771 4.5699 4.55241 0.0632919 -0.00785311 0.00382729
2620000 4.53198 4.57646 4.53443 0.0503888 -0.0401728 0.0222
2630000 4.50038 4.52467 4.54274 0.029668 -3.53207e-06 -0.0521061
2640000 4.54942 4.55784 4.48655 0.0217593 -0.00460484 -0.055999
2650000 4.52626 4.58103 4.52663 0.00155246 0.0254389 -0.00625759
2660000 4.55802 4.53295 4.47518 0.0138648 0.0258792 -0.0442555
2670000 4.57391 4.49956 4.59895 0.0679367 0.0187621 -0.0902834
2680000 4.5592 4.54249 4.53662 0.0461763 0.00270352 -0.000216631
2690000 4.48591 4.4964 4.47581 0.0379902 -0.0154874 0.021817
2700000 4.50659 4.5388 4.55244 0.0224287 0.0194083 -0.0152891
2710000 4.44724 4.51638 4.50268 0.0152887 0.0471985 -0.0112916
2720000 4.43398 4.50146 4.57519 0.0311557 -0.0528608 -0.0388436
2730000 4.49615 4.49095 4.52549 0.0204958 -0.0275901 -0.00376164
2740000 4.41442 4.51335 4.56834 0.0555429 0.0103794 0.0161215
2750000 4.56601 4.53523 4.54638 0.0108475 -0.031068 -0.0528898
2760000 4.53396 4.57819 4.52709 0.00822973 0.0372105 -0.031857
2770000 4.46342 4.4163 4.54257 -0.00713901 0.0261281 -0.00163097
2780000 4.46475 4.4699 4.55268 -0.0262388 0.038069 -0.0279062
2790000 4.53463 4.54876 4.54727 -0.00861884 -0.00892106 0.00844476
2800000 4.48822 4.57626 4.49541 -0.0119712 -0.0318185 -0.0502467
2810000 4.46778 4.50092 4.49694 0.00327149 -0.029742 0.00658699
2820000 4.58396 4.56651 4.52962 -0.0356159 -0.0254831 -0.0172399
2830000 4.52686 4.54865 4.47766 0.0038588 0.0292565 0.0456982
2840000 4.41605 4.62127 4.50458 -0.0195246 -0.00824428 -0.0289346
2850000 4.51688 4.54577 4.54608 -0.0304906 -0.0584517 0.0386216
2860000 4.57027 4.52371 4.51972 -0.00360158 0.00423912 -0.0294631
2870000 4.55775 4.51567 4.51947 -0.0310324 0.0313401 0.00691164
2880000 4.49932 4.52984 4.55737 -0.0226349 -0.00989001 0.0332109
2890000 4.50302 4.54357 4.52046 -0.042401 -0.0240891 0.00399811
2900000 4.5632 4.5558 4.53182 0.00812311 0.0326254 0.0523987
2910000 4.54104 4.50291 4.52969 -0.00513898 0.0397672 -0.00559667
2920000 4.54499 4.4961 4.5214 -0.0393114 0.0139338 0.0365767
2930000 4.47694 4.56949 4.56717 -0.0293012 0.0166306 0.00236074
2940000 4.50443 4.52607 4.51696 -0.0557464 0.0325348 0.000764172
2950000 4.56397 4.56079 4.56824 -0.0441586 -0.00906743 -0.0333851
2960000 4.50735 4.52776 4.52901 -0.0545819 0.062686 -0.0261009
2970000 4.5487 4.53454 4.52311 -0.0299555 0.00479622 -0.0516014
2980000 4.55856 4.58891 4.56981 -0.00775637 0.0523115 -0.0185618
2990000 4.46013 4.52324 4.56921 -0.0288178 -0.0151876 -0.0433272
3000000 4.55215 4.57913 4.6069 -0.018936 -0.0445259 -0.0694722
3010000 4.5477 4.51899 4.57885 -0.0331908 0.0127458 -0.014984
3020000 4.58566 4.53126 4.49457 -0.0643103 0.020894 0.0116068
3030000 4.49334 4.58056 4.54905 -0.0153937 -0.00170737 0.0304971
3040000 4.51046 4.52612 4.50693 -0.0625779 0.00780927 0.00533871
3050000 4.52012 4.53543 4.52974 -0.0418013 0.00442649 -0.00675124
3060000 4.54171 4.55342 4.51867 -0.0513038 -0.01832 -0.00901721
3070000 4.53708 4.53451 4.51241 -6.75435e-05 0.00105981 0.00616648
3080000 4.55784 4.51506 4.53633 -0.0794769 -0.048155 0.000985336
3090000 4.50731 4.56285 4.48891 -0.0380037 0.0304494 -0.0380968
3100000 4.50621 4.54334 4.50965 -0.010418 -0.0450344 0.0334853
3110000 4.60783 4.66114 4.53389 -0.0586332 -0.00227995 0.00948384
3120000 4.56898 4.57904 4.52483 -0.029679 -0.00505063 -0.00426979
3130000 4.55221 4.53757 4.50101 -0.0376372 0.0273102 0.0213434
3140000 4.51103 4.52375 4.5206 -0.0638274 0.00961738 -0.00302572
3150000 4.51253 4.57011 4.47913 -0.0442664 0.0170639 -0.0142684
3160000 4.53339 4.48348 4.54629 -0.0128575 -0.0121539 -0.0186583
3170000 4.54829 4.59054 4.60007 -0.0457522 -0.00281649 -0.0326056
3180000 4.57581 4.57073 4.54555 -0.0456502 -0.0461823 -0.00934668
3190000 4.58315 4.51405 4.57555 -0.0302312 -0.0270666 0.0301029
3200000 4.58152 4.5815 4.55931 0.0263854 0.010456 0.00865129
3210000 4.54491 4.55648 4.44125 0.0065985 0.0330892 -0.00408157
3220000 4.56673 4.523 4.53997 0.0255489 -0.0117837 -0.00317101
3230000 4.57205 4.62884 4.52297 -0.0473317 0.039235 -0.0195541
3240000 4.56451 4.63716 4.53601 0.0206677 0.0315745 -0.0400143
3250000 4.52989 4.56249 4.49843 0.000970072 0.0288511 -0.00539229
3260000 4.53516 4.57696 4.60546 -0.0140391 0.0079314 0.0104812
3270000 4.57468 4.43008 4.53322 -0.0183994 -0.0389936 -0.0113028
3280000 4.54757 4.5007 4.53613 -0.037972 -0.0177708 -0.0430042
3290000 4.52392 4.52904 4.53652 -0.0235323 0.0173861 -0.00861959
3300000 4.56283 4.5556 4.55977 0.00455046 0.0525285 0.0110679
3310000 4.51591 4.59788 4.62772 0.0249612 0.0174934 0.029183
3320000 4.53852 4.47544 4.57799 0.0114069 -0.0085888 -0.00891667
3330000 4.55708 4.57233 4.56337 0.0340928 0.0391038 -0.0124039
3340000 4.55016 4.53461 4.47121 0.0455126 -0.00117169 0.0475206
3350000 4.54862 4.59988 4.51615 0.0315126 0.00650815 0.00626066
3360000 4.55384 4.54108 4.56406 -0.0407141 0.014449 0.0395158
3370000 4.5678 4.49702 4.60475 0.012841 0.0252113 0.0571954
3380000 4.58532 4.5124 4.57565 -0.0497991 0.00887159 0.00626614
3390000 4.48432 4.5597 4.54899 0.00724254 0.0236649 -0.0363582
3400000 4.56389 4.50207 4.53426 0.0236212 -0.0385499 -0.0306412
3410000 4.59667 4.51907 4.53858 0.0133666 0.00580194 -0.00695668
3420000 4.50773 4.46631 4.53341 -0.00866668 0.0627444 0.00107765
3430000 4.54892 4.53372 4.61549 0.0250407 -0.0184747 -0.0382312
3440000 4.60016 4.52086 4.57078 0.0178626 0.0154966 0.00639403
3450000 4.63651 4.58543 4.53688 0.0181481 0.0178326 -0.00945149
3460000 4.63745 4.54047 4.52745 0.0338398 0.0473519 0.00153857
3470000 4.50207 4.55939 4.54198 -0.0034985 -0.0115118 -0.00822033
3480000 4.54085 4.52836 4.5183 0.0696227 -4.36877e-05 0.020258
3490000 4.55523 4.62838 4.55267 0.0448333 -0.00461929 0.0421335
3500000 4.52689 4.58795 4.55464 0.0603137 -0.0336865 -0.0327273
3510000 4.54035 4.51045 4.55561 0.0548611 0.0198361 -0.00485672
3520000 4.56951 4.55788 4.57895 0.0149322 0.0520579 -0.0242096
3530000 4.6453 4.53454 4.57669 -0.0188206 -0.010125 -0.0222148
3540000 4.62644 4.56057 4.57411 0.0533178 -0.0139499 0.00208322
3550000 4.54628 4.55552 4.50991 0.0424208 0.012334 -0.0641386
3560000 4.60348 4.56351 4.60579 0.0314752 -0.0432324 -0.0151493
3570000 4.54002 4.58748 4.62043 0.00126103 0.0508973 0.0018693
3580000 4.50091 4.62343 4.51562 0.0489483 -0.0173374 -0.0395653
3590000 4.54579 4.57537 4.55774 0.101241 0.019078 0.0147198
3600000 4.60462 4.57662 4.56757 0.0472106 0.0304858 0.0116539
3610000 4.55501 4.57799 4.59341 0.0556199 0.034807 0.0106139
3620000 4.51113 4.60743 4.48887 0.0389468 -0.00315693 -0.00972222
3630000 4.56722 4.59817 4.58524 0.047529 -0.0261757 -3.28675e-05
3640000 4.59643 4.63858 4.53136 -0.0159683 0.0223748 0.0273025
3650000 4.59119 4.56179 4.59678 0.00122257 0.00462627 -0.0346121
3660000 4.54922 4.55416 4.55132 0.0182152 0.0128422 -0.00981952
3670000 4.6031 4.53907 4.56682 -0.0362267 0.00947248 -0.0515981
3680000 4.54356 4.60535 4.5439 0.0184721 0.00840042 -0.0262816
3690000 4.62704 4.49665 4.52153 0.0518511 0.0257192 -0.00683352
3700000 4.59322 4.57528 4.55918 0.0284715 -0.0327895 0.0250227
3710000 4.62146 4.56866 4.57012 0.0455977 -0.0242531 -0.00359477
3720000 4.50951 4.5439 4.5168 0.0300441 -0.00613089 0.0269991
3730000 4.61883 4.57975 4.53864 -0.0162329 -0.04809 0.0282721
3740000 4.52695 4.57087 4.60809 0.0159848 0.00978767 -0.0118291
3750000 4.5326 4.57284 4.53639 -0.000438676 -0.0270604 -0.0402852
3760000 4.58748 4.58301 4.54805 0.0178084 -0.0179285 0.00768391
3770000 4.48565 4.56651 4.4822 0.00752928 -0.0950959 0.0311282
3780000 4.56739 4.5349 4.50459 -0.0101686 -0.0182654 0.0101806
3790000 4.52147 4.57844 4.56448 -0.0239297 -0.0271785 0.0131988
3800000 4.5705 4.57272 4.47526 -0.00741164 -0.0440273 -0.0220609
3810000 4.47493 4.51374 4.51746 -0.0234417 0.0138479 0.0197199
3820000 4.46234 4.61679 4.4852 -0.00697318 0.00685604 -0.0326082
3830000 4.58854 4.55672 4.48542 0.0163232 -0.0139113 0.0269466
3840000 4.585 4.58033 4.51921 -0.0389083 -0.00522639 -0.00515332
3850000 4.59646 4.64212 4.58358 0.00209408 -0.0451261 -0.0166736
3860000 4.61242 4.57386 4.54349 -0.0113398 -0.0216231 -0.0035115
3870000 4.55576 4.53011 4.56864 -0.0405875 -0.0295714 0.0186359
3880000 4.51337 4.55494 4.55703 -0.036441 0.0179116 -0.0275814
3890000 4.56044 4.59756 4.56529 -0.00920349 -0.0236367 -0.0264773
3900000 4.54381 4.56535 4.5501 -0.0406177 -0.0320981 -0.0151186
3910000 4.53328 4.50544 4.50715 -0.0377491 0.0290557 0.013952
3920000 4.50368 4.55623 4.53387 -0.0190439 -0.0293869 0.01844
3930000 4.55888 4.57944 4.56033 -0.0554661 0.0470027 0.00849619
3940000 4.48994 4.60049 4.52231 -0.0434812 0.00517242 -0.022255
3950000 4.45949 4.51459 4.47506 -0.0732072 0.0436117 -0.0203748
3960000 4.51674 4.56495 4.58261 -0.0144073 0.00919055 -0.0362394
3970000 4.5305 4.45573 4.47903 -0.0171176 -0.00746336 -0.0114349
3980000 4.57276 4.57505 4.58462 -0.0744882 -0.0053039 -0.0194842
3990000 4.50405 4.52462 4.51458 -0.00497583 -0.0124868 -0.0131286
4000000 4.60348 4.59965 4.55465 -0.0279088 -0.0258035 0.057001
4010000 4.63599 4.53215 4.50343 -0.0724809 0.0196399 0.00814132
4020000 4.55445 4.53033 4.50496 -0.0128284 -0.022787 -0.00569678
4030000 4.50909 4.55715 4.56333 -0.0468195 0.0127755 0.0348997
4040000 4.55488 4.52313 4.55449 -0.0228044 -0.0111459 -0.0124584
4050000 4.54833 4.52846 4.58958 -0.0498048 -0.0213423 0.0206585
4060000 4.56419 4.54974 4.47877 -0.0254941 0.00449412 0.0195211
4070000 4.54996 4.61289 4.56769 -0.0310728 0.0477023 0.0151563
4080000 4.50672 4.58977 4.57214 -0.0750685 0.0032322 0.00743274
4090000 4.5626 4.53205 4.6151 -0.00780732 0.0510689 0.00480656
4100000 4.53441 4.60674 4.59521 -0.0757405 0.008554 0.0331741
4110000 4.56983 4.54048 4.55583 -0.0266688 -0.0189212 -0.0365667
4120000 4.53153 4.59818 4.49466 -0.0177413 -0.0248072 -0.0141596
4130000 4.52478 4.55369 4.57548 -0.0236154 0.0365072 0.00034558
4140000 4.48618 4.54477 4.52567 -0.0122982 0.00837278 -0.0365144
4150000 4.53789 4.5033 4.53101 0.00393443 0.00804919 -0.0554321
4160000 4.49046 4.59031 4.527 0.018217 -0.000997666 -0.0141593
4170000 4.45683 4.55609 4.60253 -0.0225151 0.0360887 -0.0385284
4180000 4.50502 4.55148 4.59479 -0.0192642 -0.0265842 -0.0134287
4190000 4.54089 4.49752 4.55363 -0.0766648 -0.0161665 -0.00697035
4200000 4.54391 4.50243 4.51754 -0.0106428 -0.0336228 -0.021606
4210000 4.54899 4.47589 4.50704 -0.0217378 0.0545439 0.0192596
4220000 4.52344 4.54118 4.58282 -0.0608818 -0.0247869 -0.0294066
4230000 4.5355 4.54848 4.56841 0.00849976 0.0193509 -0.0359097
4240000 4.54454 4.55163 4.51861 -0.0523159 0.0539004 -0.00690188
4250000 4.50092 4.56407 4.57137 -0.0206681 0.0261624 0.0346021
4260000 4.45708 4.53452 4.5708 -0.0325116 0.0179452 -0.0434779
4270000 4.53462 4.53215 4.59622 -0.0178191 -0.000219624 -0.00328276
4280000 4.4844 4.57086 4.5536 -0.00765645 -0.00366317 -0.010681
4290000 4.57502 4.56792 4.52778 -0.0130772 0.0427858 -0.0106817
4300000 4.49421 4.60375 4.53056 -0.00168213 0.0115788 0.0245086
4310000 4.62341 4.57534 4.55955 0.00850564 0.0174095 -0.00150643
4320000 4.56354 4.51285 4.51948 0.0514148 -0.0252939 -0.0153948
4330000 4.54229 4.48135 4.58454 0.0233251 -0.028332 0.00582374
4340000 4.57031 4.52556 4.56179 -0.0232516 -0.0389944 0.00310884
4350000 4.54361 4.49222 4.50068 -0.00977731 -0.0229992 0.0104237
4360000 4.49994 4.57447 4.45738 0.027374 -0.0301504 -0.0212376
4370000 4.52532 4.56498 4.53183 0.0161438 -0.0202255 0.0165674
4380000 4.5693 4.54988 4.50515 -0.0327781 0.0181735 0.0305616
4390000 4.55307 4.54376 4.58843 0.018088 0.0288115 0.00349306
4400000 4.53607 4.50447 4.52897 0.00341545 -0.0324495 0.0376291
4410000 4.54357 4.54728 4.53433 -0.0526845 0.0204682 0.0139103
4420000 4.55775 4.51945 4.6259 0.0280951 0.00867117 0.00360897
4430000 4.55056 4.53292 4.56228 0.048584 0.0127475 -0.0455113
4440000 4.53725 4.50719 4.57954 0.0517854 -0.0144946 -0.0119096
4450000 4.58908 4.46784 4.54819 0.0193832 0.000862173 0.00234406
4460000 4.51555 4.52466 4.56744 0.06484 0.000514582 0.0374655
4470000 4.51853 4.57337 4.50547 0.0763867 0.0215715 0.0208215
4480000 4.62414 4.52947 4.52813 0.0872676 -0.0255728 -0.0153962
4490000 4.58346 4.64472 4.57014 0.0505462 0.0149187 0.0401903
4500000 4.58838 4.527 4.58967 0.031653 0.0158073 -0.00533834
4510000 4.56316 4.51488 4.54967 0.0365219 0.0454337 -0.00123774
4520000 4.55949 4.5649 4.5227 0.0256946 -0.0163901 -0.0112403
4530000 4.55574 4.60032 4.59157 0.0447972 -0.00448662 0.0170355
4540000 4.58246 4.57622 4.53525 0.0597528 -0.000998929 0.00846221
4550000 4.48075 4.61427 4.62536 0.00598293 -0.0330664 0.0218545
4560000 4.57691 4.55571 4.59377 0.0128097 -0.00321339 0.0300272
4570000 4.59887 4.51576 4.53968 -0.0345879 0.0223849 0.0219203
4580000 4.56168 4.56007 4.58246 0.0442169 -0.00802871 -0.00385354
4590000 4.56952 4.46288 4.47909 0.0398684 0.00953052 0.00280181
4600000 4.5019 4.51123 4.53114 0.0494612 -0.0213558 -0.0113682
4610000 4.51183 4.56495 4.5825 0.0115733 -0.0393921 -0.00513633
4620000 4.50151 4.56045 4.50159 -0.000364553 -0.019523 0.00896139
4630000 4.50457 4.55221 4.51697 0.0398452 -0.0399814 0.00829089
4640000 4.51511 4.55561 4.51234 0.0172691 -0.00606159 0.00163101
4650000 4.58047 4.4852 4.5677 0.0294204 -0.0243999 -0.0210334
4660000 4.53957 4.51249 4.50314 0.0502132 0.00509169 -0.00354745
4670000 4.58976 4.54568 4.51925 0.00592427 -0.0406596 -0.0152378
4680000 4.57139 4.5301 4.50175 -0.0228276 -0.00938398 6.03127e-05
4690000 4.56206 4.57951 4.50087 0.00938458 -0.0349553 -0.0519153
4700000 4.589 4.54924 4.47799 -0.0180244 0.00156429 -0.00193421
4710000 4.62035 4.5578 4.51395 -0.0178055 -0.00821304 -0.0796903
4720000 4.54423 4.56885 4.53804 -0.0244343 -0.00795274 -0.00670665
4730000 4.56504 4.55997 4.55547 0.0167943 0.0216867 -0.011164
4740000 4.54119 4.44979 4.53572 -0.00168697 -0.0168953 0.0283946
4750000 4.57098 4.54718 4.5096 0.0552346 -0.0087386 0.0116098
4760000 4.5702 4.62323 4.54368 0.0465382 0.0181175 0.0531586
4770000 4.48017 4.55715 4.51966 0.0421242 -0.00204441 0.0168227
4780000 4.58829 4.5639 4.51995 0.0571646 -0.0129057 -0.0547514
4790000 4.56047 4.5827 4.55881 0.00431352 -0.0218785 -0.0240344
4800000 4.5953 4.54531 4.57189 0.0121323 -0.0318471 -0.00607911
4810000 4.56049 4.56613 4.50604 -0.0415202 -0.0106656 0.0480772
4820000 4.57338 4.53811 4.54643 0.0025833 0.00382138 -0.0393041
4830000 4.59642 4.61595 4.57352 -0.00198771 0.0116256 0.0424867
4840000 4.59356 4.63258 4.52355 -0.0032932 0.010632 -0.0404523
4850000 4.59448 4.54231 4.55999 -0.0121022 0.00762716 -0.0235152
4860000 4.57834 4.50731 4.54409 -0.0306367 -0.00322432 0.00720729
4870000 4.52805 4.57447 4.53519 -0.0539201 -0.0208462 0.0252234
4880000 4.44966 4.49693 4.59441 -0.0563585 0.0148057 0.0142315
4890000 4.54362 4.5033 4.55407 -0.0743135 0.00767892 -0.00360612
4900000 4.58499 4.55394 4.57877 -0.0256274 0.0274619 0.0149898
4910000 4.57791 4.59051 4.53381 -0.0296762 -0.0146469 -0.0278511
4920000 4.59568 4.46614 4.61761 -0.0325954 -0.0520852 -0.0277558
4930000 4.5232 4.51418 4.56553 -0.0410465 -0.0208794 0.00217367
4940000 4.55948 4.5178 4.54496 -0.0238343 -0.0187478 0.00329023
4950000 4.57095 4.56595 4.55757 -0.0630279 0.0233467 -0.0184154
4960000 4.61174 4.59076 4.58513 -0.0644723 0.012331 -0.0285218
4970000 4.51179 4.51272 4.58446 -0.0247391 0.0282645 0.00768792
4980000 4.49016 4.55465 4.51373 -0.0685196 0.00296679 -0.0152595
4990000 4.47672 4.52724 4.56678 -0.0600527 -0.0198046 0.0516734
5000000 4.53504 4.52256 4.50986 -0.0412082 0.0134023 -0.0140655
5010000 4.49075 4.53235 4.51121 -0.0595261 -0.0158515 0.0205448
5020000 4.58225 4.57194 4.58281 0.00300097 0.0124282 0.0164686
5030000 4.46271 4.56448 4.54805 -0.0652707 0.0101791 0.0212167
5040000 4.53239 4.53663 4.53774 -0.0466771 0.037365 0.00874328
5050000 4.59357 4.52148 4.5432 -0.0826981 0.0129876 -0.00414977
5060000 4.49357 4.57261 4.53103 -0.0353815 -0.0380613 0.0276015
5070000 4.55276 4.54653 4.6141 -0.0392521 -0.033659 0.0122705
5080000 4.54712 4.59235 4.55334 -0.0510287 0.0219096 0.00865546
5090000 4.4809 4.49503 4.50889 -0.0551776 0.0139279 -0.0239277
5100000 4.50146 4.60211 4.5318 -0.0384247 -0.0332897 0.00735688
5110000 4.53522 4.56806 4.50093 -0.0517833 -0.0301989 -0.0148256
5120000 4.56853 4.60615 4.52629 -0.0341555 -0.0178884 0.0122151
5130000 4.54933 4.54871 4.54492 -0.0242676 0.0285516 -0.0008715
5140000 4.54993 4.54023 4.55722 -0.102326 -0.00370065 0.0109828
5150000 4.58568 4.49361 4.56951 -0.0213471 0.0251076 0.0529449
5160000 4.55671 4.53316 4.54359 -0.0401314 0.0154614 0.0356911
5170000 4.4999 4.56712 4.53479 -0.0351757 0.015402 -0.000655002
5180000 4.49919 4.57237 4.57324 -0.015266 0.00725256 0.00629419
5190000 4.49084 4.57277 4.54758 -0.0339632 -0.01345 0.0376831
5200000 4.51706 4.55127 4.53565 0.0112728 0.00519281 0.0178763
5210000 4.50833 4.62311 4.51659 -0.0843353 -0.015067 -0.030205
5220000 4.54237 4.5717 4.5125 -0.0700761 -0.0283122 -0.000671539
5230000 4.57789 4.56023 4.56938 -0.0392145 -0.00211059 -0.00880749
5240000 4.55811 4.53604 4.57841 0.0251433 0.0191675 -0.00687552
5250000 4.52414 4.5962 4.54095 -0.00212549 0.0288476 0.00730976
5260000 4.53732 4.64048 4.56471 -0.00810994 0.0186378 0.0172635
5270000 4.57157 4.53379 4.58055 -0.0577024 0.00977779 0.0233568
5280000 4.54106 4.52874 4.58516 -0.0527168 -0.0160324 -0.0277791
5290000 4.54725 4.56048 4.55562 -0.0445359 -0.0208789 0.010091
5300000 4.61265 4.47396 4.54121 0.0163703 0.0357091 -0.0216212
5310000 4.51612 4.55363 4.59378 -0.0293832 0.0433039 0.0286193
5320000 4.58099 4.49714 4.49397 0.0165361 -0.0348233 0.0390883
5330000 4.509 4.58837 4.55173 0.0085227 -4.1485e-05 0.021783
5340000 4.54822 4.58071 4.49184 -0.00090494 0.0119029 0.0702576
5350000 4.53381 4.55476 4.57384 0.0304313 -0.0567022 -0.0644656
5360000 4.53673 4.58836 4.54288 0.0288084 0.0141053 -0.0206852
5370000 4.50403 4.5612 4.5691 0.0449866 -0.0444199 0.00529861
5380000 4.50654 4.57699 4.59268 -0.00240253 0.00365634 -0.0683806
5390000 4.57542 4.57233 4.53255 -0.010886 -0.0474229 -0.0593817
5400000 4.49261 4.5767 4.5619 0.0441576 -0.0282949 -0.0481333
5410000 4.59486 4.60311 4.58457 0.027211 0.0110809 0.01284
5420000 4.58241 4.52955 4.55707 0.0133679 -0.0315346 -0.0536468
5430000 4.49797 4.51619 4.55055 0.0494606 -0.00214168 -0.0173752
5440000 4.62957 4.4988 4.50309 0.0023029 2.47833e-05 -0.0221106
5450000 4.53037 4.52836 4.60721 0.0589746 0.011047 -0.0123254
5460000 4.49917 4.56659 4.49977 0.0345287 -0.00750765 -0.0320669
5470000 4.53105 4.46672 4.55335 0.0065259 0.00571512 0.0302013
5480000 4.55 4.56986 4.57258 0.00632485 -0.0241685 -0.0154555
5490000 4.54098 4.57029 4.56976 0.0164912 -0.00315044 0.00784517
5500000 4.5595 4.54409 4.54991 0.0187302 0.0324223 0.0329251
5510000 4.59935 4.5224 4.5284 0.0474815 -0.00954698 -0.0367148
5520000 4.55148 4.54404 4.56936 0.00222924 0.0119086 -0.0195465
5530000 4.5791 4.54565 4.57537 0.0674126 0.0294816 0.00350297
5540000 4.51597 4.58142 4.45062 0.0544286 -0.00472575 -0.0283031
5550000 4.51274 4.56674 4.50827 0.0322356 0.0732895 0.0329228
5560000 4.52663 4.63785 4.59023 0.0668883 0.0224051 0.0498003
5570000 4.55408 4.58293 4.52606 0.0466051 0.0321106 0.00606805
5580000 4.62383 4.48872 4.54426 -0.000873006 0.0377687 -0.00142934
5590000 4.47007 4.55285 4.58589 0.0485419 0.0268587 0.0111122
5600000 4.57172 4.51338 4.55986 0.0674697 0.0101688 0.0577861
5610000 4.54544 4.53583 4.54994 0.0799214 0.00498702 -0.0396998
5620000 4.56705 4.54738 4.55966 0.0442095 0.0147059 0.029063
5630000 4.52331 4.57696 4.55176 0.0640729 0.0138484 -0.00796321
5640000 4.5556 4.58254 4.47678 0.0423008 0.0073807 -0.0336516
5650000 4.532 4.53783 4.5912 -0.00274781 0.00661904 0.0155752
5660000 4.63461 4.47108 4.54816 0.0737515 0.000794385 0.00795689
5670000 4.60019 4.54149 4.52592 0.0360113 0.00576917 0.02095
5680000 4.51408 4.48 4.54443 0.0474175 -0.0222097 -0.0106592
5690000 4.53742 4.52365 4.50807 0.0730951 0.0183169 0.01983
5700000 4.57649 4.55279 4.4967 0.0507921 -0.00741479 0.0174593
5710000 4.4861 4.49958 4.63752 0.029758 -0.0566219 -0.0603411
5720000 4.54581 4.53817 4.50411 0.0551242 -0.0127666 0.0398365
5730000 4.48161 4.55388 4.51632 -0.0155563 0.00919896 0.0421257
5740000 4.58012 4.5894 4.52834 0.0222526 -0.00192482 0.0595158
5750000 4.4383 4.53745 4.509 0.0428059 -0.0758726 0.0207697
5760000 4.51494 4.60916 4.47302 -0.00208244 0.0165816 -0.025528
5770000 4.48059 4.53505 4.55038 -0.0299876 0.00189435 -0.00387452
5780000 4.53734 4.5876 4.48529 -0.0386473 0.0257692 -0.00921677
5790000 4.56019 4.52663 4.59651 -8.05445e-05 -0.0142222 0.0179764
5800000 4.52028 4.62401 4.58281 0.0533121 -0.0296036 0.0206814
5810000 4.54529 4.50551 4.49165 0.0279466 -0.0110353 0.0311874
5820000 4.57034 4.59283 4.53493 -0.0242883 0.010291 0.00648621
5830000 4.52905 4.48892 4.65362 -0.016883 0.0210052 0.0360499
5840000 4.49189 4.57308 4.55558 0.00641893 -0.0210108 -0.016068
5850000 4.48016 4.57797 4.53803 -0.0636424 -0.026549 -0.00459968
5860000 4.48695 4.57522 4.53408 -0.0119052 -0.0394235 0.0183383
5870000 4.51705 4.54423 4.59143 -0.00240122 0.011365 0.00379849
5880000 4.52953 4.50844 4.57579 -0.0865602 -0.0164803 -0.0162585
5890000 4.49018 4.57726 4.49169 -0.0554477 0.00532568 -0.0258236
5900000 4.4609 4.52429 4.5161 -0.00607964 0.00986297 0.00719383
5910000 4.53779 4.51172 4.58638 -0.0630423 -0.0089098 -0.00906805
5920000 4.52062 4.52635 4.59307 -0.0636702 0.0198005 0.00889692
5930000 4.52541 4.50318 4.51008 -0.059221 -0.00435739 0.00673786
5940000 4.52578 4.56002 4.52562 -0.0580097 0.0215087 -0.0500932
5950000 4.54044 4.51192 4.57441 -0.0901926 -0.00741272 0.00312442
5960000 4.54931 4.46101 4.6095 -0.0369129 0.0365561 0.0445514
5970000 4.57398 4.49336 4.4938 -0.0149275 0.000496939 0.0370165
5980000 4.54943 4.52187 4.61754 -0.0374467 -0.0378566 -0.009034
5990000 4.57043 4.51145 4.56242 -0.0479863 0.0158501 0.01193
6000000 4.58239 4.51471 4.47991 -0.0304875 -0.0486504 0.0292804
6010000 4.57232 4.48507 4.60949 -0.0531281 0.00699992 -0.00586793
6020000 4.56014 4.48034 4.59705 -0.0766482 -0.0222915 0.0247436
6030000 4.55899 4.46299 4.52577 -0.0325882 0.0470142 -0.0078291
6040000 4.60469 4.51654 4.56588 -0.0472451 0.0175127 0.00695276
6050000 4.48747 4.50531 4.50121 -0.0105338 0.0337118 0.00391288
6060000 4.53939 4.49644 4.54677 -0.0410821 0.0522704 -0.00456833
6070000 4.5223 4.55775 4.54081 -0.0497888 -0.00131071 0.0378616
6080000 4.57763 4.57205 4.64569 -0.0385521 0.0329854 -1.97425e-05
6090000 4.57655 4.49963 4.62359 -0.0781405 -0.0434445 0.039106
6100000 4.51648 4.55909 4.55879 -0.0293336 -0.0366822 -0.0091951
6110000 4.51617 4.51016 4.55838 -0.0350589 -0.00107809 0.0233583
6120000 4.51125 4.44142 4.49353 -0.0262238 0.000972793 0.00322866
6130000 4.54475 4.48157 4.50651 -0.0247832 -0.0325631 -0.0132825
6140000 4.62818 4.52077 4.51922 -0.0486259 -0.0017867 -0.028122
6150000 4.57031 4.57375 4.56756 -0.000744119 -0.0357426 -0.0200863
6160000 4.504 4.49151 4.58102 -0.060186 0.0194715 -0.0266989
6170000 4.60703 4.53788 4.53779 -0.0377328 0.0602929 -0.00249268
6180000 4.5177 4.51089 4.57549 -0.051663 0.0042157 -0.051946
6190000 4.55195 4.50208 4.53091 -0.0241459 0.0614962 -0.0363926
6200000 4.54481 4.52018 4.5703 -0.020065 0.0442353 -0.0325618
6210000 4.541 4.47302 4.55612 -0.0584384 -0.0540886 -0.0235867
6220000 4.5107 4.52093 4.52144 -0.0620324 0.0115962 -0.0274356
6230000 4.57818 4.53468 4.53971 -0.010959 0.0294456 0.00403386
6240000 4.56831 4.49696 4.5772 -0.0144745 -0.0261372 -0.0219921
6250000 4.52646 4.53552 4.5323 0.0128173 0.042093 -0.00208148
6260000 4.55081 4.55871 4.59447 -0.0330279 0.0497397 0.00215113
6270000 4.64663 4.52259 4.53906 0.0207002 -0.0171977 0.0285646
6280000 4.51274 4.44674 4.55172 -0.0524349 -0.00716591 -0.00961459
6290000 4.45217 4.46706 4.58492 -0.00605421 0.0259056 -0.0301644
6300000 4.58324 4.53274 4.57809 -0.0119982 0.0222488 -0.00658327
6310000 4.49623 4.51417 4.51965 -0.02616 -0.00533958 0.0321056
6320000 4.49652 4.55841 4.54785 0.0172985 -0.0188399 -0.0142999
6330000 4.53947 4.54347 4.53782 0.0111046 -0.00971072 0.00438792
6340000 4.54988 4.5413 4.59715 0.0441576 -0.00639146 -0.0196107
6350000 4.58944 4.51687 4.50375 -0.0416969 -0.0108177 0.0124754
6360000 4.54581 4.57587 4.52725 0.0118645 -0.0228122 -0.00638155
6370000 4.59794 4.56902 4.56686 0.0249924 -0.0499851 0.0159107
6380000 4.5285 4.5564 4.50348 0.0264973 -0.0295005 -0.0463453
6390000 4.55615 4.57366 4.50452 0.0282047 -0.017109 -0.0257998
6400000 4.5469 4.5804 4.54222 0.028927 -0.0413689 -0.0234177
6410000 4.53844 4.6178 4.58334 0.0193368 -0.00965339 0.0193623
6420000 4.56895 4.57487 4.5685 -0.0356917 -0.0328608 -0.0233982
6430000 4.5528 4.47302 4.58942 0.0121443 0.00412966 -0.0271247
6440000 4.50786 4.52737 4.62035 0.0325863 0.00969437 -0.0112721
6450000 4.56365 4.56208 4.45931 0.0171694 -0.0178324 -0.00909727
6460000 4.56712 4.58691 4.52896 -0.0125462 0.0302397 0.0577002
6470000 4.59175 4.6047 4.56347 -0.00185353 0.0339713 0.0078175
6480000 4.63268 4.62005 4.56039 0.0263381 -0.00175932 -0.00223239
6490000 4.54933 4.549 4.55851 0.0143826 0.018352 -0.0214697
6500000 4.56494 4.61187 4.5863 0.0297846 -0.0247775 -0.0229037
6510000 4.54204 4.63885 4.57369 0.0125931 -0.00295002 -0.0275661
6520000 4.58889 4.59022 4.55753 0.0534828 -0.00965554 0.00134974
6530000 4.62197 4.55643 4.5359 0.00114576 -0.0335897 -0.0134034
6540000 4.63649 4.59055 4.55128 0.0452171 -0.0301116 0.0114171
6550000 4.59837 4.60271 4.58084 0.0793797 -0.00793142 -0.0241646
6560000 4.52499 4.50849 4.59981 0.0500431 -0.0201702 -0.0290189
6570000 4.60575 4.5573 4.59242 0.0360851 -0.0216921 -0.00290389
6580000 4.59415 4.55056 4.58895 0.0262932 -0.0229038 -0.00521586
6590000 4.5668 4.5795 4.53937 0.0340026 0.028943 0.0516228
6600000 4.5346 4.55916 4.54512 0.0316362 -0.0247867 -0.0199561
6610000 4.64689 4.47435 4.55683 0.047322 -0.017961 0.0205237
6620000 4.50666 4.50466 4.56472 0.0280204 0.0285084 0.0100385
6630000 4.57519 4.51487 4.55548 0.032172 -0.0387229 -0.0106025
6640000 4.55735 4.50474 4.52405 0.0204529 -0.0399881 0.0293881
6650000 4.55623 4.56674 4.62335 -0.0224447 0.0124 0.0364262
6660000 4.52822 4.53461 4.60045 -0.00966453 -0.0566468 0.00650258
6670000 4.55878 4.49523 4.66845 -0.00178371 -0.016506 -0.0484361
6680000 4.51795 4.53923 4.54203 0.0208667 -0.0195788 0.0037171
6690000 4.5539 4.58773 4.61209 0.0288816 -0.00661178 0.00664049
6700000 4.52195 4.49642 4.62215 -0.0078952 0.0384442 0.0333185
6710000 4.56465 4.48746 4.61247 0.0438777 -0.0175606 0.00674028
6720000 4.54451 4.57362 4.58425 0.0293001 0.0242129 -0.0190839
6730000 4.60358 4.55649 4.54847 -0.000840055 0.0479726 0.0386821
6740000 4.4598 4.56177 4.52775 0.00460354 0.0021809 -0.00614991
6750000 4.48306 4.62383 4.58763 -0.00712256 0.0348722 0.0291537
6760000 4.45977 4.50294 4.52563 0.0242336 -0.00853792 0.0275814
6770000 4.53133 4.56488 4.54021 -0.0346116 0.045817 -0.0018145
6780000 4.53684 4.50219 4.57114 -0.00852099 0.041347 -0.0230245
6790000 4.52927 4.63424 4.53955 -0.000232155 -0.00577968 -0.00612836
6800000 4.47619 4.56562 4.63042 -0.0105864 0.0276586 -0.0540806
6810000 4.52136 4.50371 4.55762 -0.0178797 -0.00267085 -0.0194081
6820000 4.53562 4.52898 4.54717 -0.0272351 0.0117037 0.016474
6830000 4.51978 4.55816 4.51207 -0.0484636 -0.0362873 -0.0271045
6840000 4.5454 4.5544 4.53092 -0.0364114 0.0287332 0.0498409
6850000 4.49839 4.5104 4.48877 -0.0533153 0.00666038 -0.0268544
6860000 4.56499 4.58942 4.56866 -0.0430716 -0.0116773 -0.00970795
6870000 4.45315 4.56354 4.49057 -0.0292935 -0.0374651 -0.0259115
6880000 4.51803 4.54341 4.50871 -0.0641233 0.0201767 0.0217088
6890000 4.51788 4.61709 4.53196 -0.0201366 -0.0247581 -0.0874691
6900000 4.45979 4.51216 4.5608 -0.00713366 0.036698 -0.0142497
6910000 4.54795 4.61468 4.58774 -0.0907939 0.0148662 -0.00967705
6920000 4.52997 4.49103 4.50666 -0.0369625 -0.0341469 0.00991384
6930000 4.5351 4.56027 4.47796 -0.00384631 -0.0282231 0.0571001
6940000 4.61017 4.48455 4.53814 -0.0113255 0.0483591 -0.0414775
6950000 4.50392 4.53461 4.4835 -0.0214452 0.0087341 -0.0286138
6960000 4.56437 4.527 4.49537 -0.0427765 -0.0124286 0.00325787
6970000 4.62228 4.57199 4.5982 -0.0206644 -0.0077176 0.0315494
6980000 4.53536 4.57124 4.61488 -0.0713813 -8.62936e-05 0.0373002
6990000 4.48845 4.56373 4.55762 -0.0172223 0.0156222 -0.014283
7000000 4.59278 4.54011 4.53024 -0.0174247 -0.0180559 -0.0346927
7010000 4.57014 4.57598 4.55243 -0.0624808 0.0126061 0.0262777
7020000 4.54943 4.52172 4.5372 -0.00255179 -0.00870173 0.0227095
7030000 4.57229 4.53154 4.56075 -0.0392214 -0.0407206 -0.0236799
7040000 4.57274 4.54143 4.55421 -0.0620058 -0.00606757 -0.0163485
7050000 4.49425 4.55587 4.57213 -0.0992974 -0.0398128 -0.0251669
7060000 4.58449 4.62591 4.46996 -0.073587 -0.0423907 -0.0671802
7070000 4.49216 4.54058 4.53261 -0.0471603 0.0061537 -0.00437921
7080000 4.56406 4.53602 4.52746 -0.0450434 -0.00415751 0.00788648
7090000 4.52731 4.51932 4.66218 -0.121752 -0.0165595 -0.00887185
7100000 4.48178 4.47927 4.48627 -0.0497352 0.0101112 0.0163992
7110000 4.54611 4.56766 4.55052 -0.0239729 -0.00717073 -0.00415442
7120000 4.5212 4.50281 4.51611 -0.0374963 -0.000937148 0.0227655
7130000 4.57618 4.52303 4.49699 -0.0546079 -0.00889157 -0.0216084
7140000 4.5303 4.52456 4.47128 -0.0619002 0.0136726 0.00628675
7150000 4.52032 4.51494 4.46115 -0.033215 -0.00755877 0.0302588
7160000 4.59485 4.51595 4.57378 -0.0896516 -0.0323432 -0.0265238
7170000 4.53295 4.54601 4.51961 -0.0219818 -0.000218067 0.0195503
7180000 4.48197 4.53575 4.53274 -0.0084232 -0.0238712 0.016115
7190000 4.49735 4.55218 4.56407 -0.0624865 0.0224036 -0.000598936
7200000 4.48289 4.55621 4.48822 -0.0339928 -0.0188489 -0.00130151
7210000 4.46394 4.52797 4.5252 -0.0403804 -0.0549509 -0.00790033
7220000 4.51245 4.57448 4.49264 -0.0462002 -0.0253771 -0.0223611
7230000 4.50947 4.49514 4.54702 -0.0689574 0.0293714 0.00347386
7240000 4.53584 4.56624 4.5762 -0.0508629 0.0135117 -0.0146904
7250000 4.47077 4.48412 4.61717 0.000486008 -0.00865023 -0.0395043
7260000 4.52877 4.56815 4.52895 -0.0280845 0.0129922 -0.050486
7270000 4.58167 4.58408 4.55006 -0.0584078 0.0542587 -0.0185511
7280000 4.52548 4.56023 4.55986 0.0207991 -0.00336085 0.0398939
7290000 4.58629 4.47262 4.47953 0.0171731 -0.00877998 -0.0242749
7300000 4.57411 4.45178 4.50201 -0.0146281 0.0218703 0.0385367
7310000 4.58493 4.65424 4.48428 -0.0597673 -0.00744871 -0.00607675
7320000 4.52079 4.46379 4.57004 -0.0171535 -0.00359977 0.0386881
7330000 4.55381 4.52614 4.57073 -0.0132496 -0.00968841 -0.0340118
7340000 4.62049 4.50515 4.56571 0.0419574 -0.0380537 -0.0441815
7350000 4.55805 4.52339 4.63542 0.0439457 -0.0111605 -0.0569141
7360000 4.52342 4.55892 4.57801 -0.0177001 -0.0182471 0.00110417
7370000 4.62853 4.54278 4.56941 0.0159359 -0.00957591 0.0282498
7380000 4.65657 4.55244 4.63499 0.0343161 0.00677386 -0.00235941
7390000 4.53554 4.54376 4.58306 0.0517494 -0.0159097 -0.0159958
7400000 4.53206 4.53959 4.57014 0.0227014 -0.0117123 -0.0263363
7410000 4.539 4.54623 4.55099 0.040448 -0.0688952 -0.0194835
7420000 4.56634 4.4916 4.6041 0.0499789 -0.0128783 0.00244688
7430000 4.52023 4.54817 4.59942 0.0722345 0.02628 0.0205101
7440000 4.5935 4.52532 4.56306 0.0669415 -0.0377589 -0.0183779
7450000 4.5186 4.55998 4.45005 -0.00507899 0.0194944 0.00230028
7460000 4.48435 4.61232 4.48116 0.0510833 -0.000870222 -0.0642363
7470000 4.49192 4.55681 4.60506 0.0442103 0.0347372 -0.0251031
7480000 4.59497 4.53232 4.54975 0.0677856 0.0303808 -0.016829
7490000 4.5791 4.52723 4.55761 0.124002 -0.0286609 -0.00942325
7500000 4.63432 4.56748 4.55323 0.0331049 -0.0317658 -0.00688249
7510000 4.58129 4.5731 4.54694 0.0553357 0.0130572 -0.0151319
7520000 4.5569 4.49511 4.49478 0.0829628 -0.000637456 -0.0153442
7530000 4.58112 4.60244 4.54844 0.0121081 0.0191213 0.00295519
7540000 4.58354 4.5087 4.46959 0.0288587 0.0375983 -0.00660206
7550000 4.53238 4.54706 4.5649 0.0475233 -0.0346455 -0.00817425
7560000 4.56066 4.52255 4.55145 0.0348263 -0.010863 -0.0494856
7570000 4.54817 4.57957 4.556 0.0207126 -0.000870281 -0.00999938
7580000 4.57924 4.56504 4.60198 0.0582369 -0.00858492 -0.0210981
7590000 4.558 4.59219 4.56366 0.0405612 0.00182256 -0.0152283
7600000 4.61024 4.45513 4.54037 0.0288403 0.017369 -0.0715914
7610000 4.61244 4.52887 4.63309 0.0594793 -0.00202953 -0.0168165
7620000 4.58394 4.58832 4.57864 0.0396198 -0.00675178 -0.00300097
7630000 4.58405 4.57115 4.55806 0.00509339 -0.00633766 0.00179797
7640000 4.52159 4.54885 4.4873 0.0333769 0.0286711 0.0375037
7650000 4.5946 4.55637 4.51255 0.0267581 0.0111469 -0.035003
7660000 4.58975 4.5605 4.59552 0.044215 -0.00825024 0.0432553
7670000 4.53926 4.57238 4.55563 0.000155783 0.0244521 0.0273182
7680000 4.56894 4.54657 4.54199 0.0161294 0.0179884 0.0197998
7690000 4.54128 4.49536 4.55414 0.0160116 -0.00237575 -0.00493459
7700000 4.49503 4.4975 4.53156 0.000505337 -0.00527012 -0.01837
7710000 4.60749 4.53904 4.52315 -0.0359038 0.0280292 -0.0262248
7720000 4.58686 4.58408 4.53558 0.0586273 0.075652 0.0398113
7730000 4.59198 4.55599 4.54525 -0.0254283 0.012049 -0.0108011
7740000 4.49341 4.60701 4.54321 -0.0315739 -0.0176114 -0.0137898
7750000 4.56118 4.51588 4.55097 -0.0163112 0.0344421 -0.0179145
7760000 4.60115 4.54168 4.56741 -0.0129289 -0.0320051 0.0105366
7770000 4.53882 4.55 4.52415 0.00433493 -0.0400174 -0.0177435
7780000 4.50052 4.55472 4.5066 -0.051472 -0.00925803 -0.00646404
7790000 4.55066 4.58813 4.51225 -0.0241306 0.0158491 0.0230003
7800000 4.53338 4.54203 4.55239 0.0186045 -0.00112292 0.00597822
7810000 4.59157 4.54222 4.5527 -0.0475603 -0.0415758 0.0070188
7820000 4.55563 4.5829 4.51111 0.0102696 -0.0238062 0.0669529
7830000 4.54697 4.49135 4.56964 -0.0119473 -0.0590977 -0.0556554
7840000 4.54604 4.60712 4.57096 -0.00959129 -0.00872955 0.0242208
7850000 4.5321 4.52755 4.57423 -0.0236279 -6.60973e-05 -0.00278246
7860000 4.50145 4.62878 4.58964 -0.032691 0.0258871 -0.00399077
7870000 4.54794 4.593 4.54856 -0.016628 -0.0280806 0.00939349
7880000 4.54829 4.54696 4.49315 -0.0186979 0.0190942 -0.0207153
7890000 4.58288 4.45048 4.53364 0.00825865 -0.0251525 -0.0117482
7900000 4.58701 4.53675 4.46852 -0.0952924 -0.0243115 -0.0141813
7910000 4.56315 4.5204 4.56367 -0.0401071 -0.0215083 -0.0203456
7920000 4.64123 4.62385 4.56712 -0.0350202 0.0290603 -0.041693
7930000 4.57908 4.50111 4.65836 -0.035432 -0.025503 0.0351637
7940000 4.50765 4.51063 4.53754 -0.0717355 0.00299284 0.0263619
7950000 4.47475 4.55518 4.52757 -0.0256208 -0.0282361 0.0558111
7960000 4.49176 4.57294 4.50341 0.0460834 -0.0445084 0.00914386
7970000 4.59172 4.54107 4.55487 -0.0335516 0.0209919 0.0277636
7980000 4.49256 4.63245 4.54827 -0.0358007 -0.0123195 0.0349141
7990000 4.5313 4.55204 4.61755 -0.030732 -0.0388413 0.00167596
8000000 4.53198 4.53362 4.54833 0.00252528 0.0231065 -0.0117688
