# Time-averaged data for fix ps1
# TimeStep c_thermo_press[1] c_thermo_press[2] c_thermo_press[3] c_thermo_press[4] c_thermo_press[5] c_thermo_press[6]
0 3.80126 3.75332 3.75776 -0.0256173 0.0254139 0.0117311
10000 3.72125 3.77426 3.84712 -0.0317536 -0.0084699 0.0413288
20000 3.84134 3.82807 3.82882 -0.0194572 -0.0151754 -0.0186429
30000 3.81005 3.86979 3.85167 -0.0227981 -0.0110748 -0.041021
40000 3.83993 3.79117 3.77199 -0.0878571 -0.0341831 -0.0275219
50000 3.8673 3.82518 3.78998 -0.0692044 0.00373406 -0.0432888
60000 3.79785 3.81583 3.79451 -0.0658008 -0.0523274 0.0127177
70000 3.77429 3.85054 3.84969 -0.0718924 -0.00162442 0.00870481
80000 3.80674 3.78192 3.85171 -0.0226476 -0.0125884 -0.0464509
90000 3.82692 3.79842 3.78731 -0.106778 -0.00405052 -0.00581038
100000 3.83815 3.75629 3.88291 -0.0666882 -0.00214289 -0.00666314
110000 3.78798 3.77007 3.80435 -0.100026 -0.0524178 -0.0312708
120000 3.82352 3.79784 3.84532 -0.105004 0.0564739 -0.0218983
130000 3.77617 3.82683 3.70974 -0.140896 -0.0106892 -0.00942344
140000 3.82958 3.76732 3.81832 -0.110521 0.0220251 0.0110299
150000 3.8153 3.80942 3.81819 -0.0851971 0.00972992 0.0128884
160000 3.82859 3.83062 3.84262 -0.161098 -0.0175991 -0.0121254
170000 3.76231 3.81536 3.85752 -0.101116 -0.0190427 0.012177
180000 3.82963 3.86581 3.84519 -0.10914 -0.0632359 0.0054263
190000 3.75579 3.81922 3.77376 -0.108704 -0.0120484 -0.00873766
200000 3.80363 3.78011 3.82669 -0.158038 -0.0474357 -0.00917525
210000 3.80627 3.78081 3.75372 -0.124808 -0.0202595 -0.0244815
220000 3.81963 3.85256 3.78188 -0.121999 -0.0074603 -0.00210812
230000 3.82364 3.85146 3.81613 -0.109806 -0.00376367 -0.0236768
240000 3.82135 3.88424 3.84673 -0.140724 -0.038695 0.0189567
250000 3.79727 3.87388 3.79591 -0.0923556 -0.00937598 0.016971
260000 3.8035 3.83981 3.81314 -0.0930392 0.00722904 -0.0119737
270000 3.80948 3.89522 3.83538 -0.0886356 -0.00778003 0.00458453
280000 3.82761 3.85819 3.81751 -0.0776002 -0.0115359 0.0240579
290000 3.86929 3.74851 3.76204 -0.110465 0.0115097 0.00176353
300000 3.82669 3.92904 3.80769 -0.100357 -0.00471598 -0.00923532
310000 3.83677 3.83273 3.81453 -0.085233 -0.0182166 0.000584694
320000 3.80536 3.82824 3.80659 -0.06742 0.0152232 -0.0160774
330000 3.88868 3.8653 3.8191 -0.015341 0.0241181 -0.00903531
340000 3.83858 3.88695 3.7875 -0.0324205 -0.0335703 -0.023094
350000 3.76492 3.79364 3.7621 -0.044187 -0.00886678 -0.0191929
360000 3.81715 3.85906 3.83313 -0.0647228 0.0131859 0.0166866
370000 3.87777 3.80684 3.82538 -0.00915492 -0.0244197 0.00118566
380000 3.83417 3.86994 3.77706 0.00583194 0.00113777 -0.000268229
390000 3.77747 3.80483 3.80704 0.010521 -0.0199803 0.0142805
400000 3.8495 3.83597 3.76417 0.0352858 -0.0406562 -0.00437665
410000 3.76057 3.82027 3.81214 0.0186496 0.0348212 -0.012682
420000 3.85264 3.83511 3.81381 0.0511719 0.0149193 -0.0350082
430000 3.81 3.86844 3.81082 0.0652519 0.0122435 0.0246805
440000 3.80738 3.82128 3.75982 0.0531874 0.0157293 0.00480494
450000 3.82812 3.82779 3.87842 0.064859 -0.0165729 -0.0237507
460000 3.82904 3.83543 3.81045 0.0567193 0.0478286 0.00723409
470000 3.88848 3.79791 3.83868 0.0855634 0.0458454 -0.00386414
480000 3.82324 3.83688 3.82193 0.109352 0.0176251 0.0120896
490000 3.80409 3.86483 3.85092 0.0631127 0.0233705 0.0301184
500000 3.82125 3.82479 3.81875 0.0870947 0.0407005 -0.0168836
510000 3.91105 3.85705 3.81593 0.0885956 0.0519063 0.0248361
520000 3.84979 3.8627 3.826 0.0860216 0.0121207 0.0070129
530000 3.88801 3.84836 3.79954 0.112985 0.0229023 0.0030676
540000 3.82785 3.91123 3.84645 0.137347 0.0343169 -0.0195108
550000 3.88341 3.8374 3.78343 0.081603 0.0409507 -0.0203947
560000 3.87068 3.85195 3.81147 0.0799918 0.00964615 -0.0392852
570000 3.82674 3.82192 3.90379 0.0665449 0.0381196 -0.0425051
580000 3.8877 3.79703 3.88974 0.13213 -0.0312737 0.0195064
590000 3.87156 3.86736 3.83193 0.0923694 0.030572 -0.0144087
600000 3.80598 3.88608 3.84327 0.143362 0.00531611 -0.0659369
610000 3.85377 3.81069 3.81124 0.131579 -0.00168763 0.00142279
620000 3.84754 3.85098 3.82353 0.13168 0.0145518 -0.0247174
630000 3.86924 3.85241 3.8398 0.153639 0.012542 -0.0492073
640000 3.85544 3.82798 3.81932 0.0436765 0.0109994 -0.0102396
650000 3.80007 3.81889 3.80851 0.154279 0.0122337 -0.0460291
660000 3.89008 3.79728 3.80583 0.116194 0.0216516 -0.0125034
670000 3.81441 3.80195 3.89583 0.147501 0.0148366 -0.0265903
680000 3.9433 3.82319 3.81641 0.175625 0.00968326 -0.0510024
690000 3.83544 3.76767 3.86521 0.141581 0.0518568 -0.0178822
700000 3.85399 3.89238 3.8452 0.114786 -0.00326061 -0.0481275
710000 3.84939 3.82157 3.80866 0.132845 -0.00713563 -0.0188016
720000 3.89592 3.85004 3.87736 0.161017 -0.0318646 -0.00814415
730000 3.90704 3.81557 3.82993 0.109868 0.0231189 -0.0326763
740000 3.7919 3.92131 3.81548 0.0520774 -0.0405825 2.43515e-05
750000 3.87505 3.83004 3.86214 0.120922 -0.00936408 -0.0415978
760000 3.89717 3.81222 3.89339 0.0924953 0.00693014 -0.0171628
770000 3.83225 3.85078 3.85409 0.109143 -0.0221878 -0.035446
780000 3.86929 3.82404 3.87748 0.0918919 -0.0253689 -0.0454927
790000 3.85866 3.82023 3.88545 0.0909559 -0.00829051 -0.0541326
800000 3.86186 3.78919 3.85357 0.0815555 0.0405338 -0.028337
810000 3.92913 3.86627 3.85267 0.0517571 0.021034 -0.0473367
820000 3.85905 3.81725 3.79272 0.0656063 -0.016431 0.0129066
830000 3.81625 3.78798 3.89829 0.0757025 -0.0221817 -0.00143795
840000 3.92457 3.84735 3.83657 0.032082 -0.0252911 -0.0404195
850000 3.87783 3.84234 3.82996 0.030833 -0.00964241 0.0110739
860000 3.86587 3.85044 3.83954 0.0244857 -0.0298393 0.0203103
870000 3.85535 3.83308 3.86211 0.0303484 0.0121309 -0.0132918
880000 3.87008 3.84414 3.81914 0.0223973 0.0382008 -0.00194374
890000 3.8948 3.76111 3.83584 -0.0327554 -0.0127667 -0.0466945
900000 3.87025 3.8257 3.87424 -0.0273564 -0.0171516 -0.0326878
910000 3.94429 3.81203 3.8535 -0.0508197 -0.0163495 -0.0147483
920000 3.90658 3.87973 3.87776 -0.0845815 -0.0416956 -0.0542495
930000 3.9234 3.82302 3.87242 -0.0444626 -0.0272751 -0.0651903
940000 3.90003 3.89339 3.79532 -0.0770444 -0.0500796 -0.0469815
950000 3.84066 3.81766 3.83701 -0.0412599 -0.00883265 -0.0584425
960000 3.8626 3.77847 3.84849 -0.086913 0.0151459 -0.000731954
970000 3.84695 3.81115 3.88763 -0.107594 0.0267381 0.0275715
980000 3.92349 3.84015 3.91914 -0.1346 -0.0401409 -0.0203779
990000 3.91792 3.8283 3.89811 -0.0821839 0.0105204 0.0200892
1000000 3.8446 3.90508 3.8341 -0.117179 -0.0161984 -0.035043
1010000 3.91635 3.80984 3.87624 -0.111641 0.00177025 -0.00939506
1020000 3.90237 3.87692 3.82775 -0.117363 -0.00411658 -0.0408661
1030000 3.88984 3.84917 3.81211 -0.123104 0.0328506 -0.00551568
1040000 3.8906 3.82294 3.89928 -0.15027 0.0357458 0.0149385
1050000 3.84677 3.8436 3.86931 -0.14989 0.0178935 -0.0473383
1060000 3.87544 3.82359 3.83453 -0.179968 0.0355212 -0.00862694
1070000 3.88218 3.82682 3.90368 -0.158975 0.0062896 0.00394241
1080000 3.87608 3.88622 3.85401 -0.159986 -0.0182965 0.0114184
1090000 3.89112 3.8317 3.84532 -0.210601 0.0036234 -0.0327315
1100000 3.85788 3.7957 3.83599 -0.156533 0.0382116 -0.0104577
1110000 3.88158 3.85414 3.84155 -0.134742 0.00745613 -0.0322058
1120000 3.92284 3.86952 3.85615 -0.189806 0.0299398 -0.012739
1130000 3.83171 3.86724 3.87323 -0.144782 0.00292048 -0.0220893
1140000 3.91017 3.89538 3.88271 -0.129346 0.0207051 -0.0481448
1150000 3.84869 3.91212 3.82238 -0.115689 0.00129445 -0.00765139
1160000 3.84916 3.8718 3.87544 -0.134521 -0.00213603 -0.0387404
1170000 3.87632 3.82925 3.83558 -0.157986 -0.0107704 -0.0198574
1180000 3.87093 3.88239 3.84978 -0.15498 0.0835741 0.00327728
1190000 3.89817 3.86797 3.8014 -0.109813 0.0162245 -0.00471721
1200000 3.90812 3.85443 3.85 -0.150839 0.0223343 0.00677313
1210000 3.911 3.87079 3.89257 -0.129496 0.0117514 -0.0263097
1220000 3.85348 3.87303 3.86488 -0.0865086 0.0357374 -0.0351191
1230000 3.88444 3.93733 3.84677 -0.0649828 0.000310349 -0.00197689
1240000 3.82332 3.83328 3.87281 -0.097899 0.0208645 0.000786841
1250000 3.83954 3.86705 3.88186 -0.0811955 0.0316868 -0.0249471
1260000 3.9044 3.91556 3.84139 -0.0862577 0.0821568 0.00651381
1270000 3.80814 3.87439 3.85865 -0.0836674 0.0233481 -0.00844759
1280000 3.85031 3.8935 3.83215 -0.0399498 0.0204872 -0.0537697
1290000 3.90686 3.86806 3.83377 -0.062664 0.0203702 -0.0504014
1300000 3.88411 3.84703 3.8438 -0.0767608 0.040732 -0.0646803
1310000 3.87671 3.87363 3.81253 -0.00454735 0.00141001 -0.0244721
1320000 3.84706 3.91132 3.81178 -0.0525021 -0.0106482 -0.010337
1330000 3.92509 3.87924 3.84993 -0.00569435 -0.00783365 -0.0246747
1340000 3.90402 3.8305 3.88381 -0.0220438 0.0115616 0.0329878
1350000 3.92481 3.9223 3.82021 -0.0310594 0.0421254 -0.0314305
1360000 3.84407 3.86558 3.87299 -0.0110854 0.00790064 -0.061931
1370000 3.83693 3.89714 3.76621 -0.0391688 -0.0854806 0.0156233
1380000 3.81966 3.8875 3.87926 -0.0107734 -0.0518712 -0.0161123
1390000 3.97493 3.93498 3.79648 -0.013788 -0.0333551 -0.0285719
1400000 3.86121 3.88312 3.86235 0.0103287 0.00545391 0.0435221
1410000 3.85286 3.82284 3.7929 0.00606927 -0.0333772 -0.00445075
1420000 3.88032 3.93343 3.86045 0.0374933 0.014868 -0.0250733
1430000 3.87664 3.86151 3.83946 0.0496003 0.0284854 0.0266852
1440000 3.85653 3.84054 3.85731 0.0855615 -0.00104366 -0.0211691
1450000 3.90917 3.90371 3.8863 0.0243823 0.0311659 -0.00184677
1460000 3.83816 3.85431 3.83682 0.0541685 0.0156472 -0.00897215
1470000 3.8633 3.87328 3.83356 0.0860095 0.0201336 0.00468951
1480000 3.77408 3.88193 3.8392 0.0615644 0.00768052 0.0166104
1490000 3.78286 3.85142 3.86548 0.0643364 0.00476285 0.0148023
1500000 3.87428 3.87603 3.81241 0.0949401 0.00983783 -0.0223432
1510000 3.84606 3.90275 3.8862 0.124972 -0.01374 0.0403084
1520000 3.81015 3.91376 3.89992 0.061503 0.0126235 -0.000162078
1530000 3.81623 3.89899 3.84546 0.110021 0.00238189 0.016605
1540000 3.89385 3.84173 3.83708 0.106764 0.00608073 -0.0372113
1550000 3.84313 3.86994 3.83507 0.0916972 0.0322973 0.00530504
1560000 3.84057 3.80111 3.81319 0.128486 -0.00657762 0.00478203
1570000 3.81821 3.88381 3.81443 0.131246 0.022767 0.00624009
1580000 3.86748 3.91932 3.84085 0.098032 0.0520919 0.00196503
1590000 3.81714 3.86038 3.80567 0.109668 -0.0027068 0.0116536
1600000 3.83367 3.869 3.82675 0.144072 0.025536 0.0277896
1610000 3.89533 3.89757 3.81184 0.13656 -0.0261244 -0.00941849
1620000 3.80551 3.86631 3.85561 0.16404 0.0324573 0.00906755
1630000 3.8811 3.83905 3.86198 0.114066 -0.00266108 -0.0184042
1640000 3.83536 3.86264 3.86029 0.152121 0.0155347 0.00472296
1650000 3.82264 3.82365 3.7805 0.161735 -0.0428573 0.0213876
1660000 3.82836 3.87962 3.82915 0.148573 -0.00611933 0.0180232
1670000 3.80874 3.80972 3.81186 0.0941901 0.00770648 0.0338697
1680000 3.78664 3.874 3.88382 0.173229 0.00675346 0.0140701
1690000 3.79245 3.88311 3.86046 0.153168 -0.00930317 0.0292289
1700000 3.84676 3.8799 3.80684 0.11512 0.015467 0.0536919
1710000 3.88625 3.87811 3.8032 0.142537 0.0294769 0.00843564
1720000 3.87679 3.85562 3.8421 0.156505 -0.00568378 -0.00548051
1730000 3.82817 3.89733 3.81869 0.105149 -0.0401811 0.00469398
1740000 3.85408 3.85139 3.77282 0.0922593 0.0378378 -0.0155648
1750000 3.84513 3.8149 3.93136 0.139305 -0.0171624 -0.00798431
1760000 3.86336 3.82892 3.83375 0.0854013 5.51912e-06 -0.0522063
1770000 3.85953 3.86984 3.84483 0.114667 0.0116182 0.010541
1780000 3.85185 3.81387 3.86526 0.11602 0.0105899 -0.0398595
1790000 3.81674 3.85424 3.81961 0.0827383 0.0148959 0.0220489
1800000 3.86977 3.86736 3.8178 0.0796819 0.0380321 0.0257795
1810000 3.85978 3.88649 3.76608 0.099537 -0.00657999 0.00800514
1820000 3.90184 3.86521 3.8701 0.0880743 0.0144556 0.0134853
1830000 3.87699 3.91804 3.79653 0.0319749 0.0433801 0.00588389
1840000 3.8549 3.8391 3.81185 0.104336 0.0500343 -0.00273355
1850000 3.84621 3.84287 3.78499 0.0762502 -0.0308475 0.0187365
1860000 3.84178 3.87134 3.84371 0.0828706 0.0135996 0.0298084
1870000 3.8647 3.82082 3.83099 0.0346792 0.0391813 0.0450091
1880000 3.86824 3.83424 3.86922 0.0100791 0.00233976 -0.0121405
1890000 3.85724 3.85982 3.8616 0.0164103 0.0168818 0.00206321
1900000 3.83014 3.90172 3.83993 -0.00666574 -0.0150479 0.0753836
1910000 3.83764 3.84653 3.8604 -0.0300501 -0.0385453 0.0188206
1920000 3.82964 3.81921 3.85096 0.00667406 -0.0221473 0.067026
1930000 3.84881 3.86982 3.83301 -0.00571225 0.00351454 0.0117259
1940000 3.84518 3.88748 3.83299 -0.0307964 -0.0257245 0.0208784
1950000 3.82901 3.83423 3.84673 -0.0334382 -0.0383803 -0.00854566
1960000 3.9174 3.88758 3.7354 -0.0245551 0.0146677 -0.00603619
1970000 3.92682 3.84908 3.82506 -0.030445 0.00966775 -0.0022525
1980000 3.86049 3.87934 3.84605 -0.0540535 -0.0109523 -0.00105181
1990000 3.8046 3.88376 3.83132 -0.0748812 -0.00256773 0.0443989
2000000 3.85558 3.8449 3.83426 -0.0654638 -0.00905648 0.0164933
2010000 3.87196 3.83314 3.80917 -0.0579198 0.0265625 -0.0216838
2020000 3.88485 3.8818 3.79595 -0.115089 -0.0134238 -0.0461645
2030000 3.93696 3.80716 3.85017 -0.0660655 -0.00279421 -0.00724116
2040000 3.88734 3.82785 3.83378 -0.110546 -0.00400399 -0.00438225
2050000 3.86972 3.83572 3.84979 -0.0896894 -0.00685167 0.0391936
2060000 3.92978 3.85408 3.85167 -0.119371 0.00824587 -0.0112239
2070000 3.82168 3.89134 3.89044 -0.117237 -0.0209287 0.029348
2080000 3.85659 3.879 3.85425 -0.127708 0.00282012 0.0282892
2090000 3.86908 3.86875 3.88218 -0.106733 0.0218265 0.019293
2100000 3.89901 3.89581 3.8338 -0.146944 -0.0107186 0.025128
2110000 3.86256 3.83058 3.88414 -0.152832 0.0136144 -0.0142094
2120000 3.89471 3.80502 3.91546 -0.106387 0.00456607 0.00369076
2130000 3.89996 3.81824 3.85365 -0.0764352 -0.0268868 0.0174577
2140000 3.89533 3.89169 3.94081 -0.11114 0.0202351 -0.0175643
2150000 3.90689 3.81927 3.87052 -0.086199 0.0334617 -0.0508053
2160000 3.93893 3.80408 3.90305 -0.112565 -0.0086975 -0.0331815
2170000 3.91252 3.85767 3.91596 -0.174487 0.0292288 -0.0192312
2180000 3.82789 3.83097 3.81292 -0.0911254 0.0021765 -0.00551522
2190000 3.83414 3.80548 3.80719 -0.130559 -0.0328994 0.0327834
2200000 3.83899 3.82482 3.89629 -0.0952796 0.0394124 0.0217846
2210000 3.80552 3.8156 3.87886 -0.118128 0.00685686 -0.0465095
2220000 3.83154 3.8187 3.82437 -0.0695244 0.0326364 0.00112251
2230000 3.84646 3.82092 3.82191 -0.0747706 0.0137463 0.00496855
2240000 3.84636 3.8341 3.85013 -0.134225 0.0385526 0.0194849
2250000 3.88597 3.85102 3.83466 -0.0593885 0.0188514 0.0394919
2260000 3.85816 3.89001 3.87626 -0.0419908 0.0118556 -0.0203521
2270000 3.88782 3.83359 3.82955 -0.0963944 -0.00544579 0.0253047
2280000 3.84971 3.82276 3.8859 -0.0897336 -0.00415664 -0.00303436
2290000 3.81416 3.85418 3.88246 -0.0509398 0.0124243 -0.015166
2300000 3.79892 3.88243 3.89821 -0.0758112 -0.0212228 0.0231863
2310000 3.84725 3.82871 3.80633 -0.0421971 0.00192118 0.016828
2320000 3.79474 3.78597 3.90561 -0.0259054 0.00306513 -0.0306059
2330000 3.8733 3.79349 3.83791 -0.0414403 -0.00239158 -0.0221837
2340000 3.92609 3.83384 3.77916 -0.0377369 -0.0463785 0.0221981
2350000 3.84933 3.88414 3.8548 -0.0303434 -0.030119 -0.00767556
2360000 3.92106 3.86261 3.88539 -0.0173709 -0.0113878 0.0254391
2370000 3.83234 3.8575 3.88095 0.0180215 -0.0228022 0.00129982
2380000 3.8717 3.82863 3.87587 0.00307726 -0.0297321 0.0329589
2390000 3.81333 3.92449 3.81574 0.020388 -0.0860016 -0.00806368
2400000 3.78058 3.86393 3.84629 0.0265163 -0.0214337 0.0290706
2410000 3.85409 3.87563 3.87221 -0.0133548 -0.0178305 0.0182071
2420000 3.85758 3.87949 3.90139 0.0120922 -0.0276056 -0.0124235
2430000 3.81848 3.85392 3.89782 0.0209216 -0.0335131 -0.0132204
2440000 3.86433 3.86304 3.8954 0.020373 -0.0365277 0.00299117
2450000 3.88021 3.88702 3.88075 0.0320933 -0.0364955 0.0158095
2460000 3.8607 3.90788 3.87566 0.091629 0.000909766 -0.0282309
2470000 3.85335 3.8774 3.8938 0.0854063 -0.0242016 -0.0621776
2480000 3.94493 3.92404 3.82824 0.0661844 0.0206642 -0.0151348
2490000 3.84112 3.87128 3.88619 0.0828331 -0.00108891 -0.0249677
2500000 3.86446 3.87516 3.91352 0.0744984 0.0157898 -0.0141271
2510000 3.86104 3.85471 3.8882 0.103126 -0.0235976 -0.036653
2520000 3.86735 3.81839 3.83727 0.114625 -0.0378273 -0.0181585
2530000 3.87774 3.85443 3.87512 0.135349 -0.00419769 0.0103264
2540000 3.87206 3.84757 3.79413 0.0990552 0.00323745 -0.00295646
2550000 3.89397 3.85914 3.83292 0.151874 -0.0329222 -0.0458397
2560000 3.86156 3.81563 3.84516 0.161897 -0.0208025 -0.027967
2570000 3.84402 3.84634 3.88759 0.0874791 -0.0267205 -0.0457581
2580000 3.8628 3.84028 3.79239 0.16028 0.014997 -0.0222057
2590000 3.91088 3.86351 3.84767 0.12721 -0.0316521 -0.033899
2600000 3.82343 3.92358 3.83655 0.187316 -0.0202403 -0.0289399
2610000 3.87613 3.86331 3.83941 0.193778 0.0137395 0.00180003
2620000 3.85447 3.87503 3.81905 0.171806 -0.0389153 0.0095394
2630000 3.85275 3.87518 3.80867 0.1466 0.00214127 -0.0222514
2640000 3.84617 3.86895 3.87894 0.13442 -0.02441 0.0232143
2650000 3.85111 3.84847 3.87225 0.118167 0.0214912 0.0540048
2660000 3.84142 3.90188 3.84323 0.132852 -0.0255572 0.00909598
2670000 3.82554 3.90773 3.92179 0.113041 -0.0131539 -0.00937694
2680000 3.8486 3.82193 3.83105 0.176293 0.0010613 -0.00422022
2690000 3.82561 3.88635 3.84471 0.148841 -0.0113684 -0.0301992
2700000 3.83337 3.80361 3.83299 0.136045 -0.00585353 0.00728915
2710000 3.8894 3.85037 3.89965 0.148135 0.0338876 0.0233318
2720000 3.84206 3.8624 3.90653 0.114686 0.0505273 -0.00782662
2730000 3.87315 3.81646 3.89524 0.100725 0.0176123 -0.0159682
2740000 3.82992 3.87007 3.93829 0.113135 0.00625708 -0.0285991
2750000 3.83862 3.84176 3.87084 0.110533 0.0205718 0.0246406
2760000 3.90708 3.90503 3.892 0.0875431 0.0222867 -0.0439942
2770000 3.78363 3.87932 3.90222 0.11517 0.0491235 -0.000360297
2780000 3.83495 3.85565 3.91008 0.0886494 -0.00436808 0.00935925
2790000 3.85213 3.85117 3.92071 0.0661233 -0.0157741 -0.0330929
2800000 3.85378 3.83304 3.86431 0.0760229 -0.0136779 0.00267313
2810000 3.85775 3.86188 3.87376 0.0464422 0.027253 0.000192324
2820000 3.86496 3.86123 3.89371 0.107617 0.027917 0.0117453
2830000 3.8792 3.86007 3.84888 0.0213452 0.0272601 0.0042226
2840000 3.91316 3.87403 3.84706 0.0432575 0.00176009 -0.00874696
2850000 3.88778 3.85891 3.88503 0.0255799 0.0239236 0.0336566
2860000 3.85073 3.81274 3.89212 -0.0199057 0.0322341 0.0277553
2870000 3.90798 3.83424 3.88055 -0.0163903 0.00923778 0.0193145
2880000 3.8915 3.83605 3.87252 0.0136663 -0.00276958 -0.00732475
2890000 3.83619 3.84754 3.94368 0.0317264 -0.00478623 0.0115768
2900000 3.83895 3.8133 3.93005 -0.0468034 -0.0039699 -0.013058
2910000 3.83925 3.87312 3.88456 -0.0307583 -0.00642233 0.011486
2920000 3.88849 3.83903 3.91842 -0.024699 0.00744181 0.0047253
2930000 3.82697 3.80468 3.8764 -0.0419071 0.00994419 0.0138808
2940000 3.81993 3.80728 3.84991 -0.0711026 0.0182728 0.00662663
2950000 3.82421 3.82979 3.94132 -0.0496113 0.0159434 -0.0144387
2960000 3.89854 3.7984 3.92374 -0.0320144 -0.0216363 0.00862429
2970000 3.85698 3.81164 3.83917 -0.0663968 0.0301164 -0.0163702
2980000 3.85695 3.74931 3.86595 -0.0719946 0.00677546 -0.0177298
2990000 3.86703 3.8301 3.82837 -0.0650825 3.78122e-05 -0.021125
3000000 3.87204 3.80747 3.88771 -0.12803 -0.0193026 -0.0275929
3010000 3.87034 3.80846 3.85654 -0.0581664 -0.0230529 0.0172531
3020000 3.86047 3.83181 3.86811 -0.139575 -0.00202693 -0.03045
3030000 3.86403 3.8549 3.86542 -0.105295 0.0314576 0.0149427
3040000 3.91076 3.81494 3.8486 -0.108088 0.0106481 0.0196245
3050000 3.7922 3.83518 3.85836 -0.0901685 0.00214243 0.0219757
3060000 3.90674 3.81847 3.87862 -0.116627 -0.0559243 -0.0169299
3070000 3.81529 3.82118 3.85192 -0.164593 0.00170538 -0.00861865
3080000 3.91358 3.86827 3.84037 -0.122625 -0.0227172 0.0490996
3090000 3.85757 3.79674 3.91642 -0.128457 -0.00847865 -0.0494614
3100000 3.88626 3.82886 3.84305 -0.156861 0.0349154 -0.00844679
3110000 3.86045 3.87706 3.82311 -0.169245 0.0326182 -0.0123856
3120000 3.87224 3.87854 3.90544 -0.153702 -0.000800296 -0.0351802
3130000 3.83146 3.86876 3.90921 -0.134755 -0.00155403 -0.00746464
3140000 3.91065 3.87482 3.94039 -0.130894 -0.00204186 -0.0347068
3150000 3.87447 3.85038 3.86735 -0.181995 -0.033771 -0.0159846
3160000 3.8133 3.8793 3.82371 -0.170187 -0.018143 0.00230218
3170000 3.84924 3.80975 3.89887 -0.136566 -0.0359208 -0.00626458
3180000 3.86153 3.85552 3.85466 -0.182459 0.0115151 0.00150431
3190000 3.85122 3.82285 3.87454 -0.187823 -0.0242882 -0.0327569
3200000 3.85578 3.80403 3.90306 -0.138756 -0.0352881 -0.0252011
3210000 3.89802 3.80282 3.79268 -0.160554 -0.00717642 -0.0304299
3220000 3.82644 3.83806 3.87139 -0.163575 0.00237026 -0.0115721
3230000 3.78198 3.86289 3.86302 -0.133049 -0.0319491 -0.0287137
3240000 3.8635 3.86834 3.84885 -0.150134 -0.0319365 -0.0657137
3250000 3.79082 3.85067 3.79422 -0.141265 0.0195449 -0.0639506
3260000 3.8308 3.83576 3.84374 -0.162235 -0.00394402 -0.0217178
3270000 3.80343 3.88159 3.86938 -0.127682 0.0420967 -0.036013
3280000 3.8778 3.87005 3.83621 -0.171878 -0.0231377 -0.00596706
3290000 3.85811 3.84311 3.86852 -0.136004 0.0069532 0.0427582
3300000 3.83891 3.91021 3.77427 -0.0937046 0.00272074 0.00491338
3310000 3.8584 3.85583 3.8429 -0.12549 -0.0120731 0.0145408
3320000 3.88986 3.80904 3.83739 -0.0688864 -0.0324892 -0.0187774
3330000 3.87011 3.87957 3.83004 -0.0604172 0.0236887 -0.0179709
3340000 3.8628 3.87168 3.83578 -0.0203617 -0.040624 0.00494208
3350000 3.87165 3.83262 3.80738 -0.0306619 0.0272497 -0.0361856
3360000 3.82199 3.87169 3.90021 -0.0800116 0.016058 0.0014363
3370000 3.87422 3.86088 3.82339 -0.0524687 0.0485521 -0.0283556
3380000 3.82018 3.88772 3.88339 -0.0475472 0.00149457 0.0163119
3390000 3.84546 3.84233 3.81968 -0.00980869 -0.00484317 0.022036
3400000 3.88813 3.87075 3.85458 -0.0348046 0.00506303 -0.00574615
3410000 3.88855 3.81673 3.82937 0.0207141 -0.0160114 0.0196934
3420000 3.82191 3.8797 3.81932 -0.0428867 0.0199539 0.0113398
3430000 3.79598 3.81511 3.8738 0.0580035 0.0166483 -0.0627862
3440000 3.77111 3.87047 3.81585 -0.0114671 -0.0179766 0.0112198
3450000 3.89549 3.8267 3.81464 0.0323091 0.0113966 0.053773
3460000 3.84038 3.86857 3.79243 0.0770028 -0.0240875 -0.0126655
3470000 3.82904 3.87007 3.85763 0.0414711 -0.00065723 0.0117729
3480000 3.86398 3.84012 3.83951 0.00823932 -0.0483201 -0.034579
3490000 3.80461 3.86346 3.81944 0.0782608 0.0138801 0.0125435
3500000 3.8633 3.91114 3.83391 0.0764592 -0.0110384 0.00786445
3510000 3.86017 3.80629 3.80567 0.0813048 -0.0140433 -0.00500091
3520000 3.82734 3.86215 3.8808 0.08666 -0.0411614 -0.0135821
3530000 3.77301 3.84621 3.80444 0.118782 0.000152995 0.023957
3540000 3.84609 3.81477 3.80719 0.164812 0.00921936 -0.0448956
3550000 3.78498 3.84034 3.86589 0.0930569 -0.000997297 0.014594
3560000 3.85275 3.88329 3.84956 0.105362 0.01698 0.00692332
3570000 3.84921 3.90564 3.83982 0.0931922 -0.000853908 -0.0146122
3580000 3.8459 3.84628 3.83029 0.0930685 -0.0412503 0.0118045
3590000 3.85916 3.88029 3.87013 0.151492 -0.00528371 0.0246781
3600000 3.82043 3.8016 3.80582 0.10975 0.0264698 0.0105176
3610000 3.84554 3.8822 3.86903 0.126635 0.0564879 -0.00412086
3620000 3.81944 3.8577 3.87498 0.100826 0.012995 0.0178667
3630000 3.82997 3.88745 3.87165 0.12638 -0.0030514 -0.00577732
3640000 3.82686 3.85652 3.87489 0.12909 0.024364 0.0198615
3650000 3.89406 3.82776 3.88096 0.0877718 0.0311348 -0.00623774
3660000 3.84449 3.79661 3.87339 0.12177 0.0150132 0.00616587
3670000 3.81898 3.84295 3.89779 0.135008 0.0104732 -0.0129055
3680000 3.85077 3.83436 3.89499 0.0599645 -0.00865685 0.0152574
3690000 3.87665 3.86682 3.85057 0.108682 -0.00890787 -0.0100374
3700000 3.82113 3.8425 3.83763 0.0876865 0.0127529 0.0341087
3710000 3.81333 3.86105 3.81829 0.0931274 -0.0189176 -0.0047133
3720000 3.83873 3.81493 3.76957 0.0697949 0.0123945 0.00728963
3730000 3.81969 3.79814 3.78376 0.0922559 -0.0166208 0.000193684
3740000 3.87933 3.84428 3.90516 0.0907759 0.0328054 -0.0188236
3750000 3.91884 3.78249 3.82591 0.109222 -6.36627e-05 0.0387596
3760000 3.78348 3.81339 3.87935 0.0545186 -0.00757199 -0.0273727
3770000 3.87769 3.8011 3.84177 0.0801007 -0.0275346 -0.0485409
3780000 3.91148 3.82349 3.81864 0.0698959 -0.0298544 -0.0158979
3790000 3.82187 3.88065 3.87101 0.0436695 -0.0165322 -0.0019379
3800000 3.88536 3.89782 3.83669 0.0697563 -0.0305316 -0.00450471
3810000 3.9212 3.83975 3.84781 0.0716156 -0.00467944 -0.0101469
3820000 3.88639 3.8155 3.82999 0.0840607 0.0157973 -0.0394632
3830000 3.85106 3.87405 3.84794 0.0575144 -0.0400229 0.0411892
3840000 3.92594 3.84491 3.90575 0.056262 0.00808825 0.0493622
3850000 3.87704 3.83259 3.82003 0.0208523 -0.0227494 -0.00170964
3860000 3.86296 3.8201 3.8619 -0.000611683 -0.0177532 -0.0048586
3870000 3.84786 3.81822 3.81023 0.0359635 -0.0168332 0.0173265
3880000 3.81585 3.81931 3.91112 0.0160612 0.00546917 -0.0446926
3890000 3.82514 3.82792 3.8987 0.029746 -0.0115956 -0.0203684
3900000 3.85969 3.83485 3.79002 -0.034958 0.0369292 -0.00406813
3910000 3.82365 3.81824 3.88208 -0.0351967 0.00947138 0.0115738
3920000 3.83808 3.83158 3.82445 -0.0588047 -0.02658 0.015904
3930000 3.86204 3.85482 3.87135 -0.0542873 0.00646926 0.101984
3940000 3.77166 3.86535 3.86299 -0.0216815 -0.0231634 0.00820097
3950000 3.75434 3.84399 3.85988 -0.0816967 -0.0306872 -0.00375007
3960000 3.86672 3.80073 3.80483 -0.0615291 -0.0145573 0.0510858
3970000 3.80484 3.81078 3.84866 -0.0855895 0.00423922 -0.0116018
3980000 3.86993 3.83569 3.83035 -0.0813587 -0.0150749 0.0477781
3990000 3.85742 3.82191 3.8552 -0.0459662 0.0116649 0.0377146
4000000 3.85718 3.82023 3.82074 -0.126361 -0.0225092 0.066706
4010000 3.85353 3.86667 3.85096 -0.139346 -0.0239963 0.0294733
4020000 3.81802 3.85125 3.84489 -0.155167 -0.00894861 0.0224542
4030000 3.8802 3.79388 3.87306 -0.165454 0.00879003 0.0303267
4040000 3.82321 3.88388 3.87585 -0.117249 0.0361802 0.0136267
4050000 3.81422 3.88051 3.86541 -0.140741 -0.0514807 0.00627472
4060000 3.79805 3.84537 3.88244 -0.138433 -0.0671529 -0.0195284
4070000 3.84232 3.82584 3.897 -0.147082 -0.0524436 0.0175675
4080000 3.83638 3.88248 3.85001 -0.126289 -0.0141829 0.00397453
4090000 3.83561 3.82994 3.83063 -0.124709 0.0390422 0.00281197
4100000 3.84162 3.8227 3.86425 -0.0947845 0.00354729 0.00783863
4110000 3.85115 3.87145 3.87113 -0.137082 -0.00893861 -0.000336044
4120000 3.83499 3.88214 3.83186 -0.129954 0.0019643 0.0327509
4130000 3.8754 3.89258 3.80319 -0.122425 -0.0278628 0.0341241
4140000 3.86746 3.89255 3.83038 -0.137206 0.00976892 0.0304176
4150000 3.89383 3.89506 3.84502 -0.161869 -0.0364142 0.0142621
4160000 3.86149 3.89755 3.87395 -0.152238 -0.024486 -0.000346419
4170000 3.8527 3.86111 3.83855 -0.144242 0.000731549 0.0214848
4180000 3.84022 3.87836 3.7839 -0.148305 -0.0141913 0.0437653
4190000 3.80837 3.88465 3.83552 -0.118639 0.0301058 0.0158642
4200000 3.84962 3.86474 3.83945 -0.146371 -0.0142989 0.0381385
4210000 3.82085 3.83441 3.87117 -0.144336 -0.0412125 0.0431525
4220000 3.84519 3.87114 3.84222 -0.128374 -0.0285113 0.017309
4230000 3.80296 3.89632 3.8196 -0.12413 -0.0133712 0.0338876
4240000 3.81066 3.90638 3.86572 -0.136646 -0.0269067 0.0261325
4250000 3.80678 3.83599 3.8523 -0.0924965 -0.025761 0.0251835
4260000 3.7648 3.83149 3.86713 -0.169551 0.00356387 0.00912824
4270000 3.83078 3.86003 3.82138 -0.0788803 -0.0143281 0.0645552
4280000 3.80952 3.83645 3.81517 -0.0797271 -0.0280278 0.00542618
4290000 3.84819 3.81248 3.79728 -0.0349663 0.0285224 0.0411836
4300000 3.81768 3.85751 3.85092 -0.0652579 0.0143748 -0.00293573
4310000 3.84304 3.84383 3.81644 -0.0571303 0.00572089 0.0473702
4320000 3.82051 3.88232 3.83218 -0.087507 -0.0493713 0.0223891
4330000 3.85724 3.85198 3.80434 -0.0364683 0.0119024 0.0128011
4340000 3.83998 3.80479 3.83003 -0.0507485 -0.0169739 -0.0143523
4350000 3.89293 3.86462 3.86845 -0.072632 0.00636177 0.00157836
4360000 3.80813 3.8758 3.84818 -0.0423034 0.02777 -0.0234332
4370000 3.84634 3.83681 3.77973 -0.00433365 -0.0257823 0.0324275
4380000 3.81878 3.8827 3.78086 -0.0252981 -0.0152339 -0.0403706
4390000 3.79723 3.84013 3.76611 -0.0447754 -0.00278381 -0.0347014
4400000 3.8203 3.81765 3.87165 -0.0117363 -0.00904405 0.0290831
4410000 3.85189 3.84047 3.79462 0.0247953 0.0247109 0.00823616
4420000 3.79717 3.88324 3.78167 0.0217049 0.0538622 0.0021995
4430000 3.79841 3.86717 3.76179 0.0441424 0.0159156 0.0136538
4440000 3.79947 3.85846 3.84473 0.0686971 -0.00614487 -0.00581027
4450000 3.81057 3.92459 3.82138 0.0852258 0.0408516 0.00693437
4460000 3.82224 3.89307 3.88094 0.0231531 -0.00426399 0.0585208
4470000 3.83458 3.89845 3.79383 0.0377484 -0.00273239 -0.00759062
4480000 3.78509 3.86229 3.89314 0.0532042 0.0348489 -0.0465463
4490000 3.75966 3.83308 3.87281 0.0526127 -2.45725e-05 0.047648
4500000 3.78415 3.89598 3.82553 0.0171477 0.00324321 0.0125164
4510000 3.83359 3.88639 3.83249 0.102666 0.02514 0.0373384
4520000 3.79133 3.8892 3.80531 0.100466 -0.0293375 0.00329417
4530000 3.83722 3.86726 3.82271 0.102628 -0.02265 0.0162522
4540000 3.78705 3.87892 3.77287 0.0693853 -0.0139999 -0.0128108
4550000 3.78985 3.83135 3.8706 0.0967722 0.0218375 -0.00183926
4560000 3.80619 3.84385 3.84205 0.0689698 -0.000707825 0.050432
4570000 3.8123 3.91516 3.85342 0.0997502 0.0245063 0.0463322
4580000 3.74379 3.90974 3.80246 0.104342 -0.022861 0.00449003
4590000 3.7962 3.90827 3.81588 0.102488 0.0116289 0.0106898
4600000 3.79731 3.88436 3.82839 0.0951305 -0.00341886 -0.00301038
4610000 3.8938 3.9179 3.76254 0.151284 -0.0303179 0.034728
4620000 3.76537 3.84383 3.81404 0.116309 -0.0139193 0.00263128
4630000 3.84319 3.84195 3.84429 0.0928689 0.00503215 0.016533
4640000 3.88652 3.93367 3.83702 0.120903 -0.0328444 0.00847591
4650000 3.8466 3.84659 3.83759 0.120858 -0.0296476 0.00740164
4660000 3.90527 3.92376 3.84175 0.110407 -0.0214388 -0.00679775
4670000 3.86985 3.87552 3.77484 0.145392 -0.0207716 0.00918971
4680000 3.85139 3.88164 3.8235 0.126551 0.00141859 -0.0155758
4690000 3.83527 3.84749 3.8465 0.142942 -0.0124767 0.013747
4700000 3.84733 3.85757 3.84956 0.136742 -0.0189588 0.0436909
4710000 3.84299 3.84962 3.85573 0.12081 0.028444 -0.0282121
4720000 3.79888 3.81323 3.84955 0.136282 -0.0611453 -0.0178529
4730000 3.82736 3.82871 3.82761 0.127816 -0.000567874 0.0166456
4740000 3.82762 3.87592 3.87078 0.137326 0.0210888 0.0075301
4750000 3.81857 3.88649 3.82198 0.120178 -0.0414977 -0.0128176
4760000 3.83882 3.86135 3.82553 0.083157 0.00389264 0.0527223
4770000 3.81805 3.86857 3.88202 0.124475 0.000182253 0.0418211
4780000 3.87077 3.88013 3.80303 0.130072 -0.0375785 0.0367751
4790000 3.82222 3.86535 3.76259 0.0936954 0.0370613 0.00890412
4800000 3.82879 3.85696 3.85033 0.0890639 -0.0235509 -0.0234624
4810000 3.80933 3.90594 3.82225 0.107583 0.00821607 -0.000999448
4820000 3.75867 3.85753 3.86916 0.0767399 0.00334695 0.0316753
4830000 3.82411 3.85007 3.81727 0.0643706 0.0139826 -0.022555
4840000 3.86752 3.9099 3.82717 0.0577036 -0.0176702 0.0348431
4850000 3.83502 3.80339 3.86217 0.0307967 -0.0209098 0.0450508
4860000 3.76373 3.84364 3.82902 0.0251823 -0.00804668 -0.0295729
4870000 3.81028 3.85641 3.77891 0.0163463 -0.0142797 -0.0276046
4880000 3.80331 3.82063 3.83722 0.0166628 0.00240799 0.00196267
4890000 3.78436 3.82223 3.88424 -0.0302727 -0.0583367 -0.0269449
4900000 3.7908 3.89544 3.78011 -0.0367773 -0.0149922 0.0005595
4910000 3.79868 3.86523 3.81471 0.00373172 -0.0456128 -0.00611417
4920000 3.76984 3.85896 3.81986 -0.041937 -0.00234166 -0.0390035
4930000 3.73928 3.90314 3.91624 -0.0206242 -0.0180876 -0.00487593
4940000 3.78941 3.82661 3.85416 -0.059032 -0.0592357 -0.0304353
4950000 3.80396 3.86296 3.85258 -0.0379217 -0.0157267 -0.0121348
4960000 3.83673 3.84563 3.85418 -0.0290472 0.00342299 -0.00397899
4970000 3.79382 3.87527 3.87731 -0.0490322 -0.000432066 0.0318998
4980000 3.80076 3.8006 3.85076 -0.0694893 0.0106817 0.00250967
4990000 3.82519 3.81818 3.87714 -0.0718127 -0.000102466 -0.0129922
5000000 3.87253 3.8491 3.84519 -0.0524804 -0.0507075 -0.0466603
5010000 3.76624 3.8769 3.83617 -0.112863 -0.0251292 0.0298879
5020000 3.76236 3.87621 3.84521 -0.113601 -0.0476062 0.0119269
5030000 3.82999 3.85813 3.89204 -0.0779682 -0.0316339 0.033034
5040000 3.85905 3.82401 3.78611 -0.0962536 0.0421756 0.00082243
5050000 3.81047 3.8709 3.84631 -0.130681 0.00318247 0.0314214
5060000 3.83402 3.80178 3.86114 -0.0935834 -0.0476488 -0.0115538
5070000 3.85452 3.85925 3.90081 -0.123701 -0.0101642 0.00896582
5080000 3.83121 3.82105 3.86065 -0.179451 0.00212124 0.0015592
5090000 3.82353 3.81529 3.86828 -0.120703 -0.0309588 -0.000891574
5100000 3.88751 3.77403 3.83208 -0.16919 -0.00619279 0.0735528
5110000 3.82341 3.85122 3.85234 -0.125931 -0.0172254 -0.0128283
5120000 3.80251 3.8158 3.90971 -0.166686 -0.0337974 0.00832652
5130000 3.82635 3.79051 3.88503 -0.151818 -0.0130812 0.0314208
5140000 3.80601 3.87974 3.96583 -0.12789 -0.0133651 0.0122228
5150000 3.88503 3.88007 3.92267 -0.146157 -0.000309281 0.0245733
5160000 3.85704 3.85366 3.86061 -0.15403 -0.0123759 -0.00164241
5170000 3.85851 3.82147 3.83068 -0.152801 -0.0243969 -0.0183223
5180000 3.82148 3.79466 3.84473 -0.149732 -0.00248975 0.0202382
5190000 3.83108 3.82335 3.88472 -0.106701 -0.00518091 -0.0268908
5200000 3.84688 3.87974 3.88636 -0.14449 0.00754872 -0.0145508
5210000 3.86557 3.84223 3.89824 -0.142251 0.0189609 0.0133435
5220000 3.89614 3.82275 3.88268 -0.157989 -0.0152746 0.00556659
5230000 3.78995 3.76928 3.88095 -0.151413 -0.0464587 -0.0262905
5240000 3.85831 3.78558 3.87751 -0.139963 -0.0101523 -0.000105151
5250000 3.83078 3.784 3.8442 -0.127676 -0.0320365 0.0185512
5260000 3.82497 3.82927 3.8321 -0.144506 -0.0438369 -0.0112483
5270000 3.83692 3.8595 3.87964 -0.114852 0.00706728 -0.00211871
5280000 3.77646 3.81439 3.87824 -0.114665 0.0197198 -0.0448605
5290000 3.8227 3.82117 3.83424 -0.113328 0.0128129 -0.0190919
5300000 3.85085 3.80185 3.86749 -0.0969663 0.0179307 0.0178417
5310000 3.81854 3.85823 3.85918 -0.0939726 -0.00804712 -0.0100783
5320000 3.78106 3.85052 3.87045 -0.0425781 0.0149426 -0.00920249
5330000 3.81637 3.76895 3.79252 -0.047969 -0.00447186 0.00567682
5340000 3.87314 3.89372 3.86422 -0.0336251 -0.00472835 -0.0126641
5350000 3.76939 3.83284 3.82421 -0.0463557 0.0148519 -0.0086335
5360000 3.75698 3.82647 3.85784 -0.0437006 0.0081765 0.00375328
5370000 3.81111 3.84403 3.90577 -0.0526369 0.00629325 0.0251909
5380000 3.86776 3.83201 3.88252 -0.0273334 -0.0275525 0.0473057
5390000 3.81085 3.80703 3.85218 -0.0704134 0.00556659 -0.025309
5400000 3.8545 3.80643 3.86391 -0.00624604 -0.000274892 -0.00813369
5410000 3.85576 3.78974 3.77092 -0.085109 0.0425087 -0.00441585
5420000 3.78544 3.77379 3.81217 0.0219323 -0.0134615 0.00438944
5430000 3.83633 3.85249 3.8989 0.0142805 -0.00839025 0.00742814
5440000 3.85779 3.81953 3.85038 0.0398697 0.0143184 0.0208379
5450000 3.79946 3.81049 3.83335 0.0522813 -0.00738797 0.0432454
5460000 3.82953 3.84433 3.83566 0.0651306 -0.00561906 0.0185644
5470000 3.78186 3.8723 3.8019 0.0583453 0.0154799 0.0162779
5480000 3.8441 3.8128 3.87208 0.0442759 -0.0201577 0.0176343
5490000 3.82041 3.76856 3.82582 0.0623573 -0.0352395 0.0117883
5500000 3.84725 3.81966 3.82726 0.0773039 -0.0108408 0.0269304
5510000 3.87293 3.86585 3.79362 0.0811217 -0.0109153 -0.0342761
5520000 3.83329 3.88084 3.76275 0.0676831 -0.0132981 0.0654245
5530000 3.78228 3.85286 3.80087 0.131249 0.0149057 0.0469349
5540000 3.86314 3.88838 3.81424 0.103392 0.0385363 -0.0324992
5550000 3.84632 3.88993 3.83379 0.0921514 0.011927 0.0190892
5560000 3.79961 3.867 3.91199 0.139406 0.0236745 -0.0274057
5570000 3.77954 3.84568 3.89573 0.108481 0.00136292 0.000975548
5580000 3.79802 3.86203 3.84632 0.140165 0.0393271 -0.017524
5590000 3.78879 3.83097 3.79645 0.169841 0.00407587 0.0417421
5600000 3.79648 3.85652 3.89635 0.105238 0.0280965 0.0612607
5610000 3.80225 3.8242 3.87793 0.14128 0.00671824 0.044015
5620000 3.82253 3.88414 3.82781 0.167994 0.0145471 0.0439996
5630000 3.85651 3.9091 3.79005 0.138171 0.0124579 0.0280441
5640000 3.80672 3.84672 3.83835 0.134746 0.0077053 0.0247234
5650000 3.86129 3.80356 3.87398 0.167943 -0.00304308 0.0233502
5660000 3.8177 3.89786 3.87462 0.153941 0.0236449 0.0334952
5670000 3.86534 3.84096 3.84972 0.130158 -0.0261943 -0.00811212
5680000 3.81766 3.87704 3.84965 0.160738 0.0387848 -0.0445785
5690000 3.79508 3.8279 3.92216 0.172243 0.00449417 0.0242049
5700000 3.83731 3.95217 3.81834 0.110722 0.0383993 0.0547006
5710000 3.83867 3.88152 3.84546 0.175256 -0.0119226 -0.00905672
5720000 3.77225 3.84528 3.8447 0.134794 0.00939552 0.0167435
5730000 3.80886 3.85584 3.81019 0.16747 -0.00625762 0.00816394
5740000 3.77621 3.88174 3.81037 0.124707 0.025243 0.0248281
5750000 3.77543 3.78932 3.81502 0.0836078 0.0552572 0.0399248
5760000 3.80703 3.84322 3.82836 0.0955043 0.0459153 -0.00552281
5770000 3.8391 3.8163 3.84648 0.102342 0.00528337 -0.0195763
5780000 3.79796 3.75634 3.8303 0.13283 0.0301417 -0.0234664
5790000 3.81571 3.7568 3.82484 0.099077 0.0385705 -0.0097491
5800000 3.80532 3.82649 3.84284 0.0845173 0.0329474 -0.0399652
5810000 3.81008 3.85864 3.87731 0.049804 0.0142318 -0.0327338
5820000 3.77559 3.77552 3.85743 0.078701 0.0409215 -0.00589893
5830000 3.85583 3.88025 3.89323 0.0499098 0.0205021 -0.00950968
5840000 3.83084 3.83298 3.84444 0.0764698 0.00268224 0.000803264
5850000 3.83704 3.80909 3.8542 0.055704 0.0305298 0.0145865
5860000 3.83212 3.83617 3.88286 0.0736169 -0.00449655 -0.00169909
5870000 3.84465 3.84929 3.93751 0.0478252 -0.0104824 -0.0248702
5880000 3.82465 3.86447 3.90452 0.057172 0.00315469 -0.00918854
5890000 3.83799 3.83857 3.81822 -0.0013453 0.0079686 0.00185553
5900000 3.79097 3.79682 3.88977 -0.0100548 0.000858854 0.00566618
5910000 3.83316 3.80273 3.84192 -0.0359131 0.0310738 0.0184942
5920000 3.85806 3.83998 3.86721 -0.0194817 0.0360349 0.00212377
5930000 3.81072 3.82869 3.88377 -0.00306161 0.0286614 0.0216015
5940000 3.88047 3.82425 3.88594 -0.0845487 0.0374903 0.055729
5950000 3.82284 3.82131 3.87254 -0.0353326 0.00453536 -0.0151525
5960000 3.82534 3.83033 3.88535 -0.0353433 0.0219966 -0.0343496
5970000 3.81168 3.87417 3.84565 -0.0584753 0.0497187 -0.029617
5980000 3.84475 3.87707 3.8534 -0.0680233 0.0276767 -0.0449462
5990000 3.80207 3.86549 3.77911 -0.0755179 0.0165143 0.013745
6000000 3.77958 3.81389 3.8583 -0.0986773 0.00695061 0.0241959
6010000 3.84203 3.88683 3.86624 -0.0946859 0.00679048 0.0432878
6020000 3.80056 3.83908 3.89854 -0.12072 0.0424907 0.00931553
6030000 3.8204 3.80414 3.87399 -0.154244 0.0169657 -0.00885222
6040000 3.80393 3.8713 3.77698 -0.150429 0.0342431 -0.00773622
6050000 3.81257 3.84553 3.86395 -0.116933 0.0245902 0.0395577
6060000 3.77905 3.85525 3.79311 -0.158401 0.0175784 0.0303976
6070000 3.82693 3.85075 3.86057 -0.172838 0.00563462 -0.00454283
6080000 3.80819 3.88413 3.81118 -0.186698 0.0215811 -0.0109288
6090000 3.77175 3.82867 3.78786 -0.164391 -0.0238921 0.0389572
6100000 3.8011 3.85438 3.83141 -0.148649 -0.021287 0.0316472
6110000 3.80153 3.88424 3.78163 -0.173937 -0.0404873 0.0163844
6120000 3.83126 3.83465 3.8557 -0.137569 0.0328975 -0.0175769
6130000 3.74037 3.9038 3.83437 -0.137279 -0.018949 0.0469201
6140000 3.79089 3.86993 3.81508 -0.157462 -0.0225102 -0.0256777
6150000 3.79342 3.8745 3.81571 -0.143059 -0.0261133 -0.00800168
6160000 3.8632 3.82765 3.81488 -0.16082 -0.00825815 -0.0356172
6170000 3.87077 3.85654 3.85054 -0.149732 0.00420543 -0.0084584
6180000 3.88594 3.76882 3.77278 -0.2014 -0.0082385 -0.0331913
6190000 3.91037 3.81872 3.83129 -0.151592 0.0254722 0.00394311
6200000 3.84932 3.81222 3.78828 -0.175671 0.00365553 0.0102195
6210000 3.82822 3.77504 3.83536 -0.173847 -0.0154495 -0.0341648
6220000 3.87779 3.81666 3.79161 -0.177648 -0.0158475 -0.00746455
6230000 3.89773 3.78468 3.78422 -0.120375 0.0194804 0.00115657
6240000 3.8887 3.77889 3.83099 -0.100352 0.000953748 -0.0221968
6250000 3.7955 3.83185 3.85007 -0.108564 0.0204071 -0.0351737
6260000 3.81831 3.814 3.87362 -0.126103 0.00460746 -0.026612
6270000 3.81072 3.84352 3.84327 -0.107617 0.00292342 -0.0140375
6280000 3.79487 3.86142 3.94222 -0.103384 -0.0419152 -0.00523776
6290000 3.76718 3.77272 3.75995 -0.0514883 0.0195237 0.0122351
6300000 3.8851 3.82638 3.81464 -0.108131 -0.000125585 -0.032642
6310000 3.85321 3.85795 3.84476 -0.103775 0.00149861 0.00880994
6320000 3.87635 3.77357 3.8364 -0.0837087 0.0147898 -0.0306395
6330000 3.78895 3.82995 3.82227 -0.0621579 -0.000760206 -0.0204887
6340000 3.75832 3.82384 3.78823 -0.0829735 0.0115789 0.0150718
6350000 3.82299 3.89915 3.74868 -0.0867093 0.0292423 0.0175037
6360000 3.83316 3.86775 3.79216 -0.0658771 -0.0119985 -0.0180084
6370000 3.76462 3.82941 3.85861 -0.031777 0.0142773 0.0424527
6380000 3.84786 3.81706 3.83132 0.00297434 0.0578381 0.00450476
6390000 3.87331 3.77688 3.83039 -0.0554842 0.00917598 0.0218858
6400000 3.82522 3.80892 3.80487 -0.0315832 0.0288435 -0.00651512
6410000 3.8077 3.8625 3.81469 0.00997406 0.000829359 0.0147387
6420000 3.83512 3.82734 3.86312 -0.00558094 0.00911458 0.0235863
6430000 3.84799 3.83092 3.76079 0.00151755 0.0173318 -0.00251669
6440000 3.83493 3.82238 3.83166 -0.0169614 -0.023188 -0.0301113
6450000 3.82552 3.79794 3.77561 0.00451178 0.0336093 0.0171036
6460000 3.82469 3.81716 3.79664 0.0240098 -0.00835244 0.0201259
6470000 3.85256 3.82632 3.82744 0.0849522 0.0156383 -0.00371917
6480000 3.90321 3.82175 3.80074 0.0817244 0.00158872 -0.0488259
6490000 3.8284 3.74894 3.87111 0.024263 -0.0404925 0.00964874
6500000 3.76779 3.8204 3.89922 0.105031 -0.00650461 0.0210136
6510000 3.8241 3.77955 3.77915 0.105404 0.0046255 -0.0121071
6520000 3.8253 3.70907 3.85644 0.0798564 -0.0262939 -0.0103325
6530000 3.77092 3.84007 3.84312 0.106746 -0.00765421 0.0252178
6540000 3.87136 3.80487 3.75833 0.112379 0.00880934 0.00951029
6550000 3.80447 3.8517 3.85584 0.141582 0.029644 -0.0239646
6560000 3.81146 3.79216 3.82245 0.102614 0.0200614 -0.038575
6570000 3.81852 3.85774 3.81226 0.144364 0.0257807 0.0169525
6580000 3.79935 3.84502 3.83845 0.151546 -0.00294828 -0.0357848
6590000 3.84033 3.83228 3.79336 0.0545266 -0.0292805 -0.0212321
6600000 3.83499 3.81417 3.83544 0.114912 0.00791 -0.0168814
6610000 3.8891 3.7954 3.8795 0.125788 0.000494994 0.0335389
6620000 3.85924 3.84661 3.81318 0.1225 0.0214709 -0.0350805
6630000 3.87506 3.8178 3.89016 0.150748 0.036666 -0.00396456
6640000 3.87995 3.88476 3.85375 0.10022 0.0119538 -0.0387052
6650000 3.89883 3.88402 3.83468 0.152589 0.0199621 0.0117919
6660000 3.88923 3.82836 3.82728 0.121436 0.0154037 -0.0148956
6670000 3.81942 3.82183 3.77582 0.103631 0.0348935 0.00418301
6680000 3.81778 3.85389 3.8306 0.168041 0.0306007 -0.034483
6690000 3.86033 3.92846 3.8195 0.11319 -0.0021873 0.00350833
6700000 3.86185 3.85173 3.86978 0.103623 0.00683987 -0.0056923
6710000 3.85198 3.86015 3.80539 0.15145 0.00673451 -0.0193862
6720000 3.87519 3.91345 3.83843 0.125335 0.0141565 -0.000881097
6730000 3.86089 3.88753 3.81926 0.128763 -0.00815005 0.0302684
6740000 3.88321 3.86208 3.85385 0.130908 0.00915452 0.0141787
6750000 3.85998 3.79624 3.80182 0.105691 0.0192897 0.0292005
6760000 3.90175 3.89783 3.80473 0.0790254 -0.0111301 -0.0173793
6770000 3.86663 3.90371 3.85274 0.0780812 -0.0251172 0.00331402
6780000 3.80796 3.83516 3.82952 0.0514183 0.026061 -0.0527058
6790000 3.81625 3.8385 3.74788 0.104373 0.0211832 -0.0479584
6800000 3.83867 3.881 3.88032 0.0754847 -0.0290277 -0.00419657
6810000 3.89949 3.89991 3.91888 0.0984859 -0.0275407 0.0208225
6820000 3.88018 3.89698 3.84002 0.0516764 0.00549976 -0.0189708
6830000 3.9028 3.83586 3.80351 0.0579612 0.00773189 0.00490465
6840000 3.89202 3.81972 3.8083 0.0343023 -0.0082941 0.000899424
6850000 3.87765 3.87191 3.84379 0.028293 -0.00712294 -0.0233064
6860000 3.86653 3.83405 3.8249 0.0557029 -0.0144555 -0.0118381
6870000 3.88343 3.77353 3.89739 -0.0233445 0.0104314 0.00197758
6880000 3.90034 3.85597 3.79726 0.0195317 -0.0146384 0.00766643
6890000 3.87296 3.85667 3.82763 -0.0194234 0.0185594 -0.0183621
6900000 3.86544 3.82176 3.82856 -0.0606019 -0.00334796 -0.0379273
6910000 3.86152 3.82822 3.83162 -0.0398019 0.0201047 -0.0017208
6920000 3.86012 3.76163 3.84636 -0.0244982 0.0334297 -0.0185366
6930000 3.85708 3.80457 3.813 -0.0161692 0.0244006 -0.00720569
6940000 3.82826 3.8447 3.8089 -0.0468517 0.0512203 -0.0034379
6950000 3.88469 3.79519 3.79845 -0.0646245 0.00265446 0.0625644
6960000 3.85999 3.81734 3.85981 -0.0414623 -0.00172306 -0.0313624
6970000 3.80373 3.82946 3.81094 -0.0157244 -0.00188724 -0.0145223
6980000 3.82289 3.86662 3.77901 -0.0728128 -0.00383999 0.0152463
6990000 3.88319 3.78524 3.85712 -0.0989074 0.0101034 0.0124525
7000000 3.85669 3.90572 3.87321 -0.0863399 -0.0273825 -0.0226701
7010000 3.86258 3.80078 3.85904 -0.12066 -0.0185232 -0.0401013
7020000 3.91492 3.78968 3.87278 -0.108229 0.00747347 -0.0213287
7030000 3.84801 3.83152 3.92929 -0.0762855 0.0138477 0.0231127
7040000 3.77249 3.86567 3.82889 -0.126818 0.00371913 -0.0574835
7050000 3.84729 3.80638 3.91378 -0.137905 0.0359131 0.00148107
7060000 3.8766 3.84028 3.83035 -0.197272 0.0249886 0.0111403
7070000 3.84531 3.85057 3.77428 -0.146638 0.00232612 -0.0390654
7080000 3.84525 3.82806 3.86347 -0.102872 -0.032522 0.00272461
7090000 3.80061 3.88925 3.83582 -0.177595 0.00209159 0.0243497
7100000 3.88376 3.83685 3.87668 -0.135437 -0.0135378 0.0133671
7110000 3.76635 3.8242 3.80204 -0.152019 -0.0173754 0.017631
7120000 3.89332 3.84422 3.91481 -0.211154 -0.00747248 0.0422077
7130000 3.80169 3.85219 3.8615 -0.118258 0.0319258 0.00639063
7140000 3.83736 3.82575 3.80646 -0.173023 -0.00119138 -0.0356368
7150000 3.9097 3.85737 3.86934 -0.148629 -0.0222931 0.0331201
7160000 3.86445 3.84073 3.89994 -0.147406 -0.0113858 -0.0167873
7170000 3.87469 3.86658 3.84044 -0.163882 0.0393969 -0.00341982
7180000 3.81915 3.82683 3.84897 -0.166138 -0.0151854 0.0265313
7190000 3.80354 3.83943 3.88144 -0.179423 0.00279265 -0.0231469
7200000 3.8653 3.84278 3.92481 -0.137086 -0.036194 0.00900128
7210000 3.86289 3.83396 3.84611 -0.119631 0.00481494 0.00862385
7220000 3.87428 3.76313 3.91163 -0.168528 -0.00109061 0.0314887
7230000 3.86978 3.87568 3.86949 -0.161337 0.0358926 0.00906652
7240000 3.83745 3.78253 3.86885 -0.134028 -0.000366594 0.00945119
7250000 3.89859 3.83282 3.85209 -0.0966633 0.00544343 0.0460691
7260000 3.88552 3.78237 3.84336 -0.116362 0.0089647 0.00464487
7270000 3.85575 3.85315 3.89249 -0.119035 0.0180277 0.00684036
7280000 3.85851 3.81485 3.83924 -0.132646 -0.0294613 -0.00217773
7290000 3.85309 3.88291 3.8357 -0.0926447 -0.0120676 -0.00159792
7300000 3.85526 3.84083 3.83783 -0.0937224 -0.0243016 0.0178286
7310000 3.88603 3.93396 3.82632 -0.107198 -0.00925771 -0.00541179
7320000 3.88963 3.85412 3.87072 -0.099229 -0.011378 0.0404248
7330000 3.81256 3.89482 3.82123 -0.0669297 -0.0251133 0.0357339
7340000 3.90263 3.82536 3.84892 -0.063722 -0.00335347 -0.0101498
7350000 3.8726 3.78275 3.82285 -0.0570112 0.00131117 -0.00258659
7360000 3.86058 3.84689 3.82399 -0.0263431 -0.0445595 0.00348596
7370000 3.86558 3.80306 3.85854 -0.00207243 0.00258304 0.0366768
7380000 3.88954 3.90345 3.77914 -0.0659234 6.41078e-05 0.041721
7390000 3.91848 3.88553 3.77016 -0.0374466 -0.0367111 0.0492822
7400000 3.87589 3.83322 3.78842 -0.0207051 -0.00410104 0.0478574
7410000 3.8312 3.88679 3.77217 -0.0242832 -0.00715485 0.0106638
7420000 3.85171 3.88112 3.8017 -0.00184968 -0.0187293 0.0351147
7430000 3.90867 3.87843 3.82527 -0.0334949 -0.000202965 -0.00526662
7440000 3.9106 3.86229 3.8361 0.019601 0.0297966 0.00832836
7450000 3.82514 3.83894 3.81637 -0.00705566 -0.0159343 0.0648749
7460000 3.83673 3.81211 3.85971 0.0362217 -0.000452552 0.0312568
7470000 3.82774 3.95643 3.82482 -0.00804315 -0.0145409 0.00492889
7480000 3.85257 3.79934 3.84549 0.0249957 0.0559202 0.0158559
7490000 3.8409 3.89731 3.81032 0.0893832 0.0257201 -0.00389501
7500000 3.825 3.83412 3.80591 0.0417075 -0.00384811 0.057999
7510000 3.80512 3.84196 3.83638 0.0573737 0.0189504 0.0365057
7520000 3.83809 3.87927 3.85496 0.0598872 -0.00119809 -0.00374293
7530000 3.79134 3.85756 3.81329 0.0788763 -0.0300629 0.00103121
7540000 3.79934 3.82131 3.82541 0.071285 -0.025294 0.0184319
7550000 3.79032 3.86817 3.82732 0.0852945 -0.00447299 -0.0091261
7560000 3.92006 3.84448 3.82041 0.0950654 -0.00561354 -0.0596961
7570000 3.83827 3.82961 3.89635 0.119916 -0.0231776 0.0103644
7580000 3.78767 3.88238 3.82884 0.122165 -0.00612401 -0.0168913
7590000 3.84766 3.86131 3.84113 0.123414 -0.00304639 -0.00102564
7600000 3.80344 3.93745 3.84722 0.0987108 0.0089293 0.0396021
7610000 3.81971 3.84753 3.86159 0.108952 -0.00305178 0.023066
7620000 3.83514 3.81518 3.88596 0.128066 0.0105712 -0.00261885
7630000 3.85795 3.83822 3.84537 0.127442 -0.0110354 0.0154031
7640000 3.84147 3.88824 3.86068 0.0661619 0.00268525 0.0419279
7650000 3.81237 3.8204 3.84267 0.125223 0.00863876 -0.0127625
7660000 3.84389 3.82726 3.98855 0.146833 0.0244109 0.0344328
7670000 3.85837 3.82385 3.8865 0.115464 -0.0103656 0.0330051
7680000 3.82494 3.79211 3.8842 0.112162 0.037374 0.0418373
7690000 3.83861 3.81444 3.85322 0.154726 -0.00419247 -0.00227572
7700000 3.83247 3.82292 3.84635 0.10876 0.0311406 0.0251236
7710000 3.86885 3.87391 3.86914 0.120042 -0.0290686 -0.00235014
7720000 3.87288 3.86991 3.83597 0.0987122 0.0142161 -0.0408105
7730000 3.93869 3.79443 3.82379 0.108894 -0.034216 0.0434884
7740000 3.8242 3.84594 3.77326 0.0891593 -0.0125012 0.0121793
7750000 3.87256 3.84174 3.80355 0.119405 -0.0203962 -0.000531953
7760000 3.89051 3.90482 3.81209 0.0891351 -0.0155481 0.00641831
7770000 3.84723 3.8954 3.84624 0.113918 -0.0662438 0.0168785
7780000 3.79878 3.85316 3.92492 0.085198 -0.0502154 0.0348543
7790000 3.88203 3.8528 3.83727 0.0689314 -0.0528557 -0.0124841
7800000 3.87742 3.88418 3.83016 0.0635883 0.0260759 0.0153151
7810000 3.91314 3.82909 3.85906 0.0842753 -0.00585487 0.016022
7820000 3.84345 3.90941 3.86573 0.0351671 0.00896943 0.0757689
7830000 3.86484 3.89248 3.81674 0.0336986 -0.0123759 0.0278426
7840000 3.88751 3.90703 3.82272 0.0521861 -0.0460231 0.0289448
7850000 3.88645 3.89791 3.8386 0.0322268 0.0197267 0.0110339
7860000 3.79721 3.85579 3.86069 0.0154445 0.0124054 0.0317986
7870000 3.84602 3.89612 3.84531 0.00804233 -0.00191756 0.0304639
7880000 3.84108 3.85984 3.81117 0.00876379 -0.0379096 0.0687323
7890000 3.85121 3.83336 3.82627 0.00711878 -0.0485148 0.0475155
7900000 3.84027 3.84825 3.88447 -0.0138514 -0.0069903 0.0495651
7910000 3.8511 3.91018 3.8351 -0.025737 0.0191935 0.0350236
7920000 3.83277 3.8445 3.86388 -0.0659335 0.0202039 0.0335367
7930000 3.79805 3.87866 3.83851 -0.0327664 -0.0268999 -0.0106003
7940000 3.84362 3.87501 3.83432 -0.0675601 0.0070491 0.0444556
7950000 3.80751 3.81475 3.91094 -0.0504741 0.0278953 0.049423
7960000 3.83867 3.84326 3.86778 -0.0440238 -0.0149949 0.0391064
7970000 3.81593 3.91717 3.80428 -0.0523815 -0.00176425 0.038015
7980000 3.82488 3.82589 3.81377 -0.0820642 0.0150317 0.0440618
7990000 3.86934 3.89669 3.8549 -0.0862552 -0.00351565 0.0297475
8000000 3.89726 3.80331 3.7939 -0.118044 -0.0361685 0.0436522
