# Time-averaged data for fix ps1
# TimeStep c_thermo_press[1] c_thermo_press[2] c_thermo_press[3] c_thermo_press[4] c_thermo_press[5] c_thermo_press[6]
1000000 -1659.12 486.177 -2312.8 -396.404 31.089 -207.097
2000000 -1771.38 162.657 -1836.71 -656.013 -27.6344 -52.5924
3000000 -1755.33 318.883 -1972.3 -901.593 -105.2 -207.729
4000000 -1708.64 468.567 -2129.93 -1270.56 100.358 38.4073
5000000 -1822.3 247.277 -1879.29 -1570.62 90.4325 -140.085
6000000 -1790.28 317.147 -1751.69 -1874.86 -39.6545 -25.5219
7000000 -2098.06 561.807 -1927.43 -2220.36 34.1182 -41.013
8000000 -1727.13 316.625 -2001.91 -2516.03 -129.303 223.756
9000000 -1912.94 175.45 -1792.88 -2693.27 -21.3106 -16.7462
10000000 -1657.12 239.523 -2075.55 -2832.14 48.8413 90.1994
11000000 -1807.24 188.725 -1663.9 -2921.45 162.572 47.9506
12000000 -1859.66 158.111 -1626.77 -3285.4 21.0088 104.002
13000000 -1965.96 170.212 -1416.77 -3626.85 140.746 29.8362
14000000 -1843.46 122.477 -1500.65 -3737.92 -16.1847 149.632
15000000 -1893.87 168.713 -1608.23 -3827.48 148.109 108.339
16000000 -2039.44 485.409 -1873.39 -4308.53 53.8855 233.458
17000000 -2089.05 483.504 -1936.24 -4461.63 -12.1166 51.9013
18000000 -2007.67 54.6272 -1443.39 -4583.95 78.3561 -150.517
19000000 -1829.1 446.831 -1574.25 -4635.11 302.938 172.574
20000000 -1696.84 500.79 -1668 -4449.91 223.886 328.927
21000000 -1807.38 540.366 -1637.3 -4652.6 388.249 341.386
22000000 -1581.84 288.686 -1684.15 -5030.99 207.122 190.02
23000000 -1591.7 419.985 -1744.28 -4961.69 271.207 216.021
24000000 -1715.34 449.074 -1654.01 -4977.19 224.853 171.842
25000000 -1682.56 603.279 -1646.73 -4960.17 214.921 35.3924
26000000 -2022.1 582.883 -1545.91 -4872.5 300.966 -4.13164
27000000 -1801.48 206.526 -1294.44 -4705.46 354.314 -5.77473
28000000 -1695.44 209.771 -1422.46 -4339.28 177.808 -76.2112
29000000 -1901.07 262.475 -1000.09 -4477.12 143.707 -177.772
30000000 -2101.67 256.652 -1152.69 -4152.52 290.134 -215.287
31000000 -1731.24 -25.0555 -1044.13 -4315.75 346.733 56.1259
32000000 -1850.42 102.828 -1226.34 -4224.73 417.989 -64.3866
33000000 -1935.15 -161.339 -890.092 -4262.22 382.877 103.772
34000000 -2051.54 68.8113 -1035.16 -4046.14 472.104 169.879
35000000 -2219.56 204.75 -973.037 -3770.2 534.915 108.584
36000000 -2171.77 -44.3767 -1095.86 -3638.92 595.981 29.5487
37000000 -1936.08 -347.219 -1073.58 -3282.64 664.983 -156
38000000 -1865.95 -424.662 -1082.48 -3211.31 541.724 -110.929
39000000 -1521.01 -228.898 -1145.44 -2732 429.24 -24.2455
40000000 -1531.15 -409.171 -1343.73 -2605.24 697.074 -82.5735
41000000 -1543.71 -218.802 -1245.16 -2213.1 521.54 51.1454
42000000 -1648.54 -267.696 -1419.14 -1875.07 570.015 165.078
43000000 -2034.96 -14.2015 -1223.16 -1614.16 720.115 299.55
44000000 -2030.92 76.9771 -1212.22 -1288.09 713.577 297.152
45000000 -1873.59 -18.0523 -1350.54 -1075.32 504.456 134.529
46000000 -2087.04 105.581 -1288.96 -520.895 251.942 71.6251
47000000 -1968.81 39.0221 -1101.03 -19.9541 477.744 171.17
48000000 -1880.09 -130.066 -1232.2 337.574 571.436 -18.7134
49000000 -2109.56 -16.1624 -1186.66 438.833 464.959 -113.312
50000000 -1917.1 79.9293 -1109.69 800.109 303.24 55.7442
51000000 -1991.2 -68.1854 -1122.57 915.231 389.323 14.5692
52000000 -1825.99 -106.013 -1293.74 1374.61 226.884 -6.14665
53000000 -1713.32 -195.407 -1330.43 1884.86 358.465 -26.125
54000000 -1920.42 -134.672 -1276.97 2241 551.165 -10.1324
55000000 -1909.56 -273.287 -1280.87 2515.51 471.343 84.339
56000000 -1713.48 -79.5028 -1428.46 2167.55 403.961 -236.323
57000000 -2016.06 -77.3962 -1243.04 2541.62 351.231 -65.768
58000000 -1716.17 -333.597 -1267.33 2778.55 113.537 -178.103
59000000 -1673.25 22.5789 -1255.16 2840.58 469.243 -225.602
60000000 -1841.06 -149.484 -1055.37 3073.1 304.404 -260.065
61000000 -1702.37 -321.581 -1286.34 3413.39 530.449 -176.865
62000000 -1818.31 -182.001 -1044.6 3585.58 257.506 -187.112
63000000 -1940.74 -1.11844 -1147.81 3800.95 177.649 -314.817
64000000 -1891.85 -199.555 -810.936 4114.28 213.416 -184.442
65000000 -1508.18 -288.657 -1105.63 4499.76 302.64 -110.086
66000000 -1278.61 -244.212 -1408.91 4399.24 283.66 -95.3977
67000000 -1379.25 -272.46 -1472.54 4616.29 355.553 9.65459
68000000 -1534.96 -226.704 -1334.49 5000.08 165.488 9.57434
69000000 -1679.26 -78.7846 -1293.42 5085.97 382.17 -90.1492
70000000 -1569.79 -113.908 -1254.37 4878.34 285.671 -193.32
71000000 -1659.33 -119.496 -1246.16 4869.76 99.4562 -169.049
72000000 -1995.12 -323.619 -1148.83 5141.01 139.42 -141.211
73000000 -2003.58 -211.147 -1006.35 5117.32 71.8084 -118.616
74000000 -2031.37 -43.4779 -949.528 4912.86 -69.8292 -314.823
75000000 -2231.16 178.164 -962.147 4947.5 75.2387 -271.615
76000000 -2098.24 47.9224 -971.551 4988.58 7.23477 -452.841
77000000 -1845.76 -44.4209 -877.343 5007.64 222.154 -299.084
78000000 -2047.7 -125.439 -931.436 5047.36 372.945 -155.382
79000000 -1774.74 135.562 -1211.82 4918.49 130.216 -368.481
80000000 -1760.34 -111.731 -929.027 4801.71 218.686 -369.991
81000000 -2056.26 3.21917 -947.771 4444.34 143.497 -503.751
82000000 -1576.42 27.2068 -1198.45 4473.14 312.114 -301.681
83000000 -1969.96 194.003 -1110.97 4373.12 219.264 -295.321
84000000 -1680.42 -145.11 -1144.55 4137.4 415.8 -344.703
85000000 -1809.37 -43.8557 -1291.74 3855.35 459.871 -278.252
86000000 -1866.81 9.92157 -1493.6 3691.81 475.098 -215.187
87000000 -1994.48 -70.8358 -1250.75 3354.66 761.656 -249.081
88000000 -1738.8 104.443 -1364.49 3169.16 226.321 -176.98
89000000 -1964.43 41.9623 -1341.83 2801.83 198.983 -203.646
90000000 -2160.25 116.206 -982.683 2667.64 65.1281 -60.3508
91000000 -2067.81 3.91013 -1071.42 2445.78 -71.4041 33.0472
92000000 -2155.61 -11.7143 -959.298 2218.8 107.799 50.1582
93000000 -2081.77 -79.8679 -1208.54 1769.77 51.9649 27.7078
94000000 -1850.99 -253.547 -1133.11 1580.39 75.6222 -176.344
95000000 -2171.85 -30.9019 -972.65 1022.73 -244.306 -116.246
96000000 -2209.59 -72.6885 -957.47 842.134 -3.02527 -69.995
97000000 -2212.65 -62.4152 -1013.1 415.535 -234.192 -34.3603
98000000 -2005.67 -304.407 -1002.53 282.854 -39.4273 -31.3253
99000000 -1907.48 -434.228 -1001.49 -394.869 -207.505 29.4475
100000000 -2101.99 -374.636 -930.872 -573.909 -210.813 99.0138
101000000 -1910.8 -396.245 -978.493 -976.005 -41.4869 82.3255
102000000 -2114.31 -122.002 -937.495 -1268.64 -131.327 71.333
103000000 -1668.03 -464.603 -1298.98 -1635.04 -24.9054 118.767
104000000 -1688.58 -330.682 -1318.25 -1861.57 26.457 209.026
105000000 -1735.05 -160.435 -1432.39 -2062.11 -51.2531 227.558
106000000 -1736.38 -225.23 -1101.02 -2587.65 -52.9756 256.116
107000000 -1597.58 -428.451 -950.17 -2721.57 89.8466 244.11
108000000 -1675.85 -240.374 -1536.13 -3048.51 -13.7513 240.744
109000000 -1792.2 -262.468 -1459.69 -3393.9 -186.609 322.656
110000000 -1648.72 -252.749 -1525.3 -3662.52 -205.168 321.19
111000000 -1670.63 -124.62 -1453.96 -3745.17 -177.235 171.61
112000000 -1733.35 -167.499 -1334.3 -3995.21 -184.696 258.377
113000000 -1622.68 -140.867 -1432.81 -4238.63 -239.369 240.926
114000000 -1703.28 -107.709 -1516.68 -4262.31 -236.189 104.051
115000000 -1627.02 -122.388 -1265.54 -4425.09 -324.213 101.431
116000000 -1663.5 -144.394 -1325.91 -4569.2 -266.257 14.1265
117000000 -1649.76 -229.267 -1375.79 -4738.39 -334.264 163.451
118000000 -1582.23 -261.782 -1281.32 -4970.6 -111.386 -78.8491
119000000 -1517.39 -195.184 -1419.01 -4898.21 -282.797 32.8538
120000000 -1483.75 -242.934 -1186.07 -4970.87 -353.721 -61.9588
121000000 -1624.63 -99.1878 -1465.95 -5212.25 -323.779 155.241
122000000 -1618.53 -196.594 -1544.78 -5267.02 -385.591 62.8122
123000000 -1862.32 14.0624 -1303.05 -5223.83 -537.536 -92.5409
124000000 -1719.26 -107.149 -1233.11 -5225.92 -293.718 42.6109
125000000 -1686.51 -222.263 -1225.71 -5237.64 -372.585 69.4084
126000000 -1931.49 -48.2779 -1308.78 -5195.51 -479.141 -0.483478
127000000 -1642.09 -391.122 -1222.5 -4923.44 8.32583 -161.507
128000000 -1698.89 -370.268 -1307.72 -5130.46 -210.878 47.0238
129000000 -1562.58 -416.772 -1286.65 -4993.43 -220.157 -2.21999
130000000 -1679.01 -289.754 -1423.56 -4924.36 -0.495623 -89.2687
131000000 -1778.24 -190.889 -1435.58 -4843.82 -42.4598 -80.6804
132000000 -1569.58 -143.72 -1415.87 -4609.88 2.37046 125.834
133000000 -1676.34 -337.537 -1242.59 -4453.6 81.5289 85.4875
134000000 -1473.02 -241.708 -1372.64 -3914.26 -44.284 128.616
135000000 -1642.33 -275.586 -1703.32 -3810.74 76.0656 25.3615
136000000 -1575.33 -104.678 -1604.52 -3380.79 214.851 136.858
137000000 -1434.29 -213.663 -1732.77 -3360.01 85.1045 -47.53
138000000 -1982.75 -188.059 -1711.93 -3129.93 -38.8585 168.043
139000000 -1842.85 -143.299 -1629.4 -2845.86 57.23 183.639
140000000 -1950.68 -418.436 -1312.73 -2591.68 -202.32 288.654
141000000 -2017.13 -203.714 -1442.62 -2308.44 -163.234 280.362
142000000 -1792.65 -264.88 -1499.96 -2010.57 -107.412 196.684
143000000 -1757.35 -24.2291 -1686.55 -1828.85 108.57 18.6134
144000000 -1861.79 -70.6981 -1805.52 -1499.66 5.76442 140.205
145000000 -1664.29 -141.528 -1774.29 -1258.93 -7.7791 -37.0018
146000000 -1671.6 -507.639 -1494.63 -1025.98 -189.078 -64.3912
147000000 -1723.88 -345.936 -1657.47 -475.546 -256.652 -47.9022
148000000 -1762.3 -531.502 -1439.43 -351.052 -213.856 -49.3941
149000000 -1730.78 -402.544 -1590.61 62.4917 -263.011 20.6812
150000000 -1723.05 -414.438 -1631.56 348.176 -85.2867 56.0479
151000000 -1639.24 -179.025 -1724.24 766.667 -175.112 -83.8621
152000000 -1364.4 -204.337 -1935.38 1064.03 -221.554 24.0205
153000000 -1498.34 -253.45 -1743.08 1259.73 -296.107 -60.2138
154000000 -1516.22 -154.884 -1678.69 1796.62 -354.282 -0.323655
155000000 -1505.6 -342.335 -1687.21 1917.11 -274.896 18.3899
156000000 -1611.55 -371.986 -1587.56 2427.53 -136.839 -21.1847
157000000 -1782.06 -230.355 -1710.2 2707.3 -276.694 -85.0045
158000000 -1616.55 -199.761 -1706.43 2938.09 -310.387 -79.4414
159000000 -1572.29 -325.826 -1483.06 3212.37 -287.825 -14.8099
160000000 -1448.11 -347.323 -1475.97 3327.13 -294.611 50.9277
161000000 -1655.45 68.4003 -1802.26 3722.53 -413.142 144.321
162000000 -1817.08 215.417 -1654.45 4107.63 -366.187 50.4222
163000000 -1653.07 -16.3009 -1705.44 4437.72 -135.428 164.557
164000000 -1788.42 -57.1031 -1480 4570.69 -291.072 -83.7011
165000000 -1593.08 -12.4742 -1558.57 4716.09 -406.555 -7.03747
166000000 -1786.66 7.80608 -1568.6 4987.49 -15.4791 95.6903
167000000 -1686.4 -50.7918 -1605.62 5221.33 -5.84908 77.7924
168000000 -1546.18 19.6364 -1659.27 5313.78 -151.566 -35.5336
169000000 -1756.15 37.8718 -1529.73 5393.11 116.732 -137.441
170000000 -1618.63 -92.7482 -1546.27 5417.11 -110.578 -173.53
171000000 -1667.61 -30.4677 -1535.95 5401.27 -242.665 -201.426
172000000 -1792 -2.86356 -1535.34 5446.18 -203.315 -245.584
173000000 -1609.59 -60.9303 -1800.97 5405.48 -148.094 -184.192
174000000 -1785.24 20.2613 -1694.3 5373.17 -172.519 -230.338
175000000 -1654.08 -74.4257 -1683.18 5433.48 -229.747 -336.194
176000000 -2035.79 166.662 -1747.82 5206.95 -223.487 -184.829
177000000 -1991.63 184.737 -1703.86 5226.08 -89.0845 -215.574
178000000 -1941.45 153.978 -1699.52 4969.55 -161.925 -136.162
179000000 -2352.43 140.569 -1406.52 5031.84 -236.165 -227.832
180000000 -2388.7 367.204 -1604.32 4867.88 -221.601 29.8441
181000000 -2290.93 2.26053 -1321.88 4751.43 -333.657 -81.8373
182000000 -1973.21 -8.9441 -1442.87 4585.19 -165.867 -98.7387
183000000 -1903.48 31.2057 -1356.4 4320.49 -36.0748 -162.411
184000000 -1996.02 -60.2242 -1547.26 4353.22 -203.366 -176.501
185000000 -2060.96 57.1929 -1485.32 4072.08 -123.01 -141.723
186000000 -1890.45 -105.338 -1541.89 3911.48 -257.789 -74.307
187000000 -1706.06 135.808 -1628.89 3878.75 2.05241 -180.097
188000000 -2139.1 -71.9439 -1433.13 3329.6 -318.423 -183.55
189000000 -1852.47 -155.364 -1582.71 3312.49 13.0273 -331.042
190000000 -1765.42 -294.152 -1661.84 3030.28 -96.3269 -245.959
191000000 -1925.46 -105.949 -1793.58 2517.18 -130.775 -234.584
192000000 -1758.73 -360.59 -1568.17 2198.1 55.3863 -133.421
193000000 -1681.26 -277.777 -1788.63 1907.05 -17.0731 -109.592
194000000 -1742.13 -373.51 -1655.58 1907.13 67.7535 96.4533
195000000 -1695.15 -497.079 -1547.5 1311.34 16.6715 39.0961
196000000 -1763.94 -188.194 -1688.22 1042.63 -33.8885 -33.6117
197000000 -1572.15 -210.663 -1541.89 777.75 194.146 -31.7564
198000000 -1545.74 -142.231 -1893.61 504.427 -165.1 -130.824
199000000 -1717.41 80.2485 -1844.66 -33.3039 -3.70893 -56.0245
200000000 -1559.42 162.444 -2033.27 -295.499 -25.3311 -144.161
201000000 -1793.54 -48.921 -1588.74 -610.777 -88.3952 66.4232
202000000 -1972.2 17.9949 -1439.78 -746.999 15.186 135.576
203000000 -1873.34 51.0401 -1824.53 -1318.89 27.5 389.993
204000000 -1710.75 -102.879 -1794.64 -1414.98 -37.2013 152.227
205000000 -1600.24 -168.081 -2066.79 -1815.53 64.7654 208.721
206000000 -1907.45 204.504 -2194.65 -1928.99 135.953 131.164
207000000 -1776.61 162.775 -2055.84 -2226.05 67.3664 -74.8834
208000000 -1610.75 80.1096 -2322.11 -2515.04 128.394 -42.5594
209000000 -1517.12 142.858 -2231.3 -2896.72 107.327 -34.2033
210000000 -1800.47 243.583 -2217.09 -3013 -15.4531 114.58
211000000 -1535.67 371.161 -2363.19 -3539.01 277.452 234.631
212000000 -1583.52 283.871 -2119.15 -3786.65 11.0263 92.1427
213000000 -1597.75 220.788 -1954.64 -3826.48 125.452 59.4835
214000000 -1973.75 320.117 -1829.19 -4253.43 1.33128 -130.447
215000000 -1755.92 136.452 -1992.55 -4303.95 -3.35649 -143.511
216000000 -1794.22 182.957 -1707.85 -4179.31 124.48 -132.021
217000000 -1770.69 98.4922 -1701.3 -4417.25 -118.303 -58.1161
218000000 -1824.04 368.582 -1823.4 -4405.02 -1.06263 -7.50149
219000000 -1897.83 413.147 -1566.95 -4306.82 273.209 98.2745
220000000 -1857.21 40.3604 -1820.95 -4281.44 286.965 -24.6357
221000000 -1894.48 159.828 -1610.58 -4429.08 -40.747 60.2785
222000000 -1801.25 249.06 -1501.83 -4203.19 -173.787 200.15
223000000 -1757.84 178.472 -1635.12 -4241.49 46.1533 112.769
224000000 -1762.74 -15.5227 -1681.14 -4277.59 -54.4004 -146.86
225000000 -1649.13 203.678 -1869.19 -4076.39 25.7623 -168.492
226000000 -1693.61 1.64013 -1607.09 -4166.45 115.448 16.9595
227000000 -1741.15 131.202 -1756.88 -3952.91 95.9876 -29.4537
228000000 -1502.84 137.251 -1734.56 -4309.58 -76.0706 30.5519
229000000 -1783.81 246.078 -1702.99 -4092.49 -60.6938 -40.1213
230000000 -1384.06 177.777 -1835.46 -3873.88 -116.847 -38.1937
231000000 -1323.14 216.737 -1926.73 -3818.47 -198.968 57.279
232000000 -1445.94 80.6039 -1688.57 -3814.07 -189.441 215.208
233000000 -1460.27 216.357 -1643.32 -3581.79 -85.9875 -204.743
234000000 -1726.3 264.582 -1458.17 -3039.43 -315.175 -54.5028
235000000 -1774.35 161.644 -1343.74 -3154.85 -36.0721 82.9148
236000000 -1811.68 362.202 -1433.82 -2770.91 -281.131 26.1682
237000000 -1849.95 132.517 -1172.29 -2637.51 -24.9239 25.5022
238000000 -1746.1 -19.4915 -1396.1 -2487.78 3.20772 31.118
239000000 -1758.43 -101.853 -1324.53 -2137.74 17.2299 -108.245
240000000 -1864.41 -94.8334 -1240.4 -1965.24 164.741 -160.101
241000000 -1876.69 -123.235 -1241.54 -1689.12 -139.138 -258.942
242000000 -1850.5 -164.807 -1188.33 -1585.58 -145.239 -209.589
243000000 -2013.07 86.238 -1169.7 -1059.01 -136.303 70.0095
244000000 -1473.25 -105.302 -1268.08 -958.399 -147.404 274.18
245000000 -1762.71 -67.8977 -1083.53 -359.196 -16.051 82.1603
246000000 -1985.55 262.228 -1317.09 -210.337 -86.909 126.581
247000000 -1956.52 -55.185 -1309.94 27.2877 88.7563 149.57
248000000 -1815.23 159.35 -1662.49 431.838 -33.3636 150.613
249000000 -1771 -393.289 -1118.48 811.689 -216.297 468.2
250000000 -2012.73 -446.57 -819.968 847.631 18.1366 309.657
251000000 -2130.39 -213.365 -630.372 1368.49 -37.1976 231.923
252000000 -2164.92 -376.408 -774.856 1362.3 -115.799 399.939
253000000 -2025.26 -429.909 -606.234 1618.41 -317.916 438.339
254000000 -2216.45 -93.5384 -583.778 1896.11 -246.881 474.499
255000000 -2308.58 -178.333 -402.517 2221.3 -363.725 405.084
256000000 -2134.63 -203.582 -430.727 2659.19 -635.462 217.846
257000000 -2128.01 -199.511 -623.223 2918.78 -424.271 267.376
258000000 -1719.57 -665.806 -594.672 2942.15 -734.733 103.321
259000000 -2009.85 -309.679 -765.109 3261.07 -735.735 246.871
260000000 -1877.52 -566.161 -630.547 3660.84 -781.064 -85.0021
261000000 -2284.23 -459.336 -119.801 3836.03 -756.092 191.626
262000000 -2288.11 -438.036 -518.176 3939.01 -490.645 246.072
263000000 -2329.64 -198.597 -471.202 4067.64 -315.45 232.655
264000000 -2109.01 0.848189 -756.883 4379.8 -373.774 228.484
265000000 -2661.4 30.2052 -331.551 4737.21 -347.877 -34.8711
266000000 -2485.49 -77.3698 -402.047 4654.59 -215.822 -92.7411
267000000 -2370.37 -73.008 -657.874 4783.16 -281.915 -67.9923
268000000 -2446.35 69.6267 -1016.41 5111.56 -135.164 -38.9931
269000000 -2247.58 -14.9956 -873.631 5178.51 -191.923 225.56
270000000 -2593.54 58.8811 -680.421 4992.41 34.5115 257.283
271000000 -2561.37 367.886 -928.308 4832.56 -249.178 304.556
272000000 -2290.76 125.999 -897.63 5304.94 -72.91 127.718
273000000 -2377.83 141.4 -578.561 5359.92 -204.03 265.001
274000000 -2260.18 80.682 -815.491 5239.18 -204.352 344.667
275000000 -2160.72 -33.1721 -783.531 5262.87 -366.506 579.791
276000000 -2151.77 -44.1838 -914.743 5270.06 -526.159 643.643
277000000 -2456.11 -157.137 -581.674 5350.36 -509.803 530.379
278000000 -2192.38 -486.487 -520.521 5396.51 -490.513 275.106
279000000 -1916.57 -483.728 -588.528 5277.07 -456.989 509.669
280000000 -2175.3 -299.19 -604.457 5212.05 -364.122 552.255
281000000 -2177.36 -243.615 -616.413 5108.94 -288.139 506.367
282000000 -2166.57 -72.4306 -618.713 5044.29 -349.984 572.003
283000000 -2017.04 -288.622 -763.562 4631.61 -291.118 606.166
284000000 -2210.71 -109.623 -695.847 4498.68 -271.87 433.512
285000000 -2168.53 -118.409 -745.84 4241.58 -129.818 317.007
286000000 -2162.75 -308.012 -475.345 4027.34 -213.981 407.454
287000000 -2128.5 -327.091 -597.941 3849.25 -251.231 360.785
288000000 -2295.17 -398.283 -627.327 3599.47 -94.9879 404.192
289000000 -2001.21 -499.98 -583.721 3353.86 -125.096 459.507
290000000 -2044.28 -193.504 -811.677 2955.2 -118.386 419.174
291000000 -1871.39 -348.603 -841.3 2710.35 -333.38 511.841
292000000 -1944.43 -315.839 -789.131 2358.35 -229.834 458.616
293000000 -1989.39 -440.767 -762.301 2101.64 -336.178 421.078
294000000 -2027.26 -375.422 -757.881 1798 -278.224 385.512
295000000 -2037.22 -313.069 -850.204 1666.34 -62.9544 365.488
296000000 -2008.3 -452.652 -806.059 1178.24 -33.9425 467.05
297000000 -1971.9 -352.317 -744.058 854.465 -164.949 419.913
298000000 -1935.07 -396.506 -715.012 636.799 -252.738 295.256
299000000 -2061.24 -398.235 -634.255 334.29 -133.803 357.107
300000000 -2092.22 -308.559 -639.98 -155.754 -154.833 391.823
301000000 -1833.05 -528.38 -649.679 -348.221 -367.134 272.025
302000000 -1645.38 -447.577 -1026.88 -653.407 -352.398 426.553
303000000 -1500.96 -484.198 -974.457 -895.794 -420.886 451.432
304000000 -1422.89 -523.413 -1079.95 -1327.57 -311.638 588.658
305000000 -1437.91 -359.852 -1132.8 -1503.77 -454.622 298.28
306000000 -1541.73 -467.524 -1018.75 -1710.95 -532.313 273.498
307000000 -1609.05 -418.899 -887.588 -2179.65 -606.026 305.944
308000000 -1620.81 -497.763 -850.373 -2557.38 -417.674 336.61
309000000 -1578.82 -309.623 -962.33 -2828.54 -641.644 433.423
310000000 -1507.38 -432.27 -889.656 -2940.98 -604.025 389.668
311000000 -1569.12 -466.851 -751.719 -3347.18 -431.321 364.189
312000000 -1625.07 -352.113 -661.039 -3349.12 -515.093 316.924
313000000 -1542.55 -393.865 -750.991 -3646.29 -620.185 299.239
314000000 -1409.77 -444.635 -688.977 -3832.13 -531.918 501.18
315000000 -1449.37 -442.462 -872.685 -4146.77 -525.754 514.038
316000000 -1322.73 -559.136 -702.023 -4205.44 -579.679 429.891
317000000 -1267.32 -444.011 -983.129 -4412.65 -376.039 411.956
318000000 -1185.22 -550.063 -1104.19 -4444.48 -374.408 454.747
319000000 -1422.95 -654.98 -942.123 -4429.78 -323.689 369.094
320000000 -1919.71 -206.858 -917.541 -4648.78 -280.186 284.475
321000000 -2156.38 -284.821 -576.627 -4019.44 -588.025 123.453
322000000 -1943.86 -430.077 -702.037 -4266.99 -569.435 166.76
323000000 -1943.11 -720.402 -604.989 -4316.81 -702.076 265.962
324000000 -1822.24 -584.832 -667.216 -4259.58 -697.554 313.377
325000000 -1517.6 -710.917 -869.494 -4487.88 -816.237 312.439
326000000 -1821.55 -659.359 -732.709 -4425.88 -924.255 245.526
327000000 -1744.69 -776.113 -312.02 -4406.18 -883.579 250.577
328000000 -1915.87 -702.295 -359.231 -4329.35 -783.939 179.972
329000000 -1828.75 -628.673 -403.601 -4197.77 -939.892 231.569
330000000 -1794.87 -593.311 -266.786 -4343.2 -929.218 262.01
331000000 -1922.64 -566.157 -238.263 -4073.01 -856.233 183.91
332000000 -1852.85 -692.089 -496.262 -4120.98 -823.49 214.162
333000000 -1751.31 -733.033 -441.001 -3943.66 -904.574 80.0307
334000000 -1878.44 -548.125 -578.389 -3416.59 -696.713 151.3
335000000 -1949.16 -410.523 -573.522 -3436.53 -906.752 161.032
336000000 -1952.23 -695.033 -417.048 -3338.51 -829.98 146.211
337000000 -1978.31 -649.533 -484.858 -3009.19 -761.628 -64.3739
338000000 -1896.2 -902.751 -433.043 -2768.26 -987.583 95.9221
339000000 -1903.9 -1021 -127.06 -2523.81 -811.217 51.5095
340000000 -1909.17 -966.906 -284.64 -2259.56 -916.548 57.9222
341000000 -1879.84 -1113.95 -235.4 -1971.92 -836.275 72.7198
342000000 -1962.15 -1003.26 -254.684 -1734.8 -794.781 136.971
343000000 -1940.95 -965.345 -476.81 -1424.21 -895.685 90.7535
344000000 -1909.03 -944.695 -486.601 -1066.15 -887.558 91.4548
345000000 -1867.76 -1050.12 -453.621 -765.002 -910.188 207.141
346000000 -2030.89 -917.803 -385.377 -474.973 -842.828 32.4851
347000000 -1964.86 -922.12 -468.488 -45.0825 -924.302 69.7016
348000000 -1984.86 -923.75 -461.685 293.501 -868.661 99.382
349000000 -1939.92 -989.685 -416.041 669.385 -819.386 186.405
350000000 -1848.77 -940.663 -336.965 915.084 -830.525 162.95
351000000 -1850.66 -967.902 -286.866 1309.14 -907.6 172.251
352000000 -1883.47 -919.169 -341.44 1614.54 -806.088 150.415
353000000 -1841.46 -947.497 -379.68 1959.43 -826.891 162.611
354000000 -1814.94 -835.895 -295.906 2294.79 -731.308 211.776
355000000 -1750.73 -831.549 -363.668 2545.12 -1005.26 169.037
356000000 -1887.36 -977.193 -337.084 2922.96 -758.21 -45.2239
357000000 -1967.87 -979.527 -239.816 3013.25 -613.735 -11.8901
358000000 -1961.05 -887.561 -263.588 3141.09 -638.313 27.0958
359000000 -1929.52 -855.092 -302.06 3614.68 -706.496 129.971
360000000 -1983.74 -835.22 -448.177 3953.62 -569.603 6.39936
361000000 -2061.91 -748.447 -408.266 4176.98 -523.949 41.5121
362000000 -1837.02 -678.839 -421.072 4475.49 -510.141 237.922
363000000 -2122.05 -427.314 -537.39 4627.3 -537.998 154.084
364000000 -2196.08 -291.848 -572.308 4688.61 -561.792 259.06
365000000 -1936.23 -321.894 -712.936 5031.53 -590.238 158.66
366000000 -2028.61 -288.802 -764.124 5272.55 -539.951 157.987
367000000 -2086.76 -478.772 -602.133 5341.54 -548.412 182.613
368000000 -1977.35 -463.494 -704.199 5398.51 -463.721 163.8
369000000 -2025.73 -417.071 -684.419 5618.96 -650.081 226.719
370000000 -2001.49 -599.515 -455.045 5592.96 -521.665 251.464
371000000 -1924.98 -548.43 -687.353 5698.1 -530.553 155.532
372000000 -1749.04 -759.425 -420.715 5747.38 -587.012 64.9845
373000000 -2005.93 -511.363 -475.497 5729.37 -510.056 39.4292
374000000 -1936.47 -593.003 -489.856 5740.27 -537.127 114.883
375000000 -1922.83 -616.198 -558.303 5652.74 -427.708 269.763
376000000 -1960.71 -551.056 -569.847 5724.41 -312.044 144.031
377000000 -1927.61 -469.883 -626.38 5606.91 -361.329 203.294
378000000 -1942.31 -663.695 -676.107 5717.04 -367.611 73.332
379000000 -1927.24 -625.634 -668.386 5425.63 -365.572 67.3935
380000000 -1833.17 -538.28 -834.709 5350.26 -400.606 245.573
381000000 -1629.16 -290.19 -1202.98 5100.86 -98.6344 305.147
382000000 -1768.99 -426.094 -964.202 4942.6 -201.743 132.764
383000000 -1862.97 -571.731 -741.314 4858.2 -16.0232 85.3376
384000000 -1901.78 -691.846 -748.294 4762.48 -31.5874 122.861
385000000 -1875.3 -632.144 -865.86 4551.88 -95.9929 53.0763
386000000 -1906.05 -604.484 -857.812 4224.6 -87.3854 90.0525
387000000 -1983.13 -601.698 -856.522 3962.51 -103.697 113.335
388000000 -2149.94 -544.801 -902.566 3765.58 -140.244 18.5183
389000000 -2122.71 -683.495 -791.666 3417.46 -260.878 -51.8911
390000000 -2137.13 -591.953 -776.546 3141.03 -260.44 124.483
391000000 -2126.91 -587.654 -824.917 3063.45 -347.41 173.085
392000000 -1879.38 -722.515 -789.338 2640.01 -341.923 277.543
393000000 -2011.6 -763.366 -678.158 2399.25 -314.683 127.853
394000000 -1969.45 -799.502 -755.44 2112.28 -331.377 78.4024
395000000 -1897.72 -835.081 -724.648 1777.39 -353.401 95.9782
396000000 -1920.49 -958.147 -672.832 1372.88 -284.349 151.527
397000000 -1930.4 -933.596 -754.414 996.389 -291.579 194.756
398000000 -1783.05 -829.232 -809.748 728.127 -286.45 248.72
399000000 -1769.8 -1076.65 -804.841 401.013 -343.601 105.736
400000000 -1746 -925.628 -839.165 185.939 -483.272 219.13
401000000 -1931.06 -917.729 -790.957 -248.813 -352.988 168.744
402000000 -1804.83 -928.647 -792.595 -405.836 -481.501 238.746
403000000 -1943.28 -1160.9 -738.931 -736.93 -448.033 199.46
404000000 -1786.92 -858.746 -844.535 -1036.7 -447.72 247.14
405000000 -1994.76 -988.726 -730.915 -1439.43 -473.901 196.103
406000000 -1889.85 -712.398 -913.636 -1843.29 -519.523 148.534
407000000 -1953.44 -915.706 -686.047 -2111.82 -527.3 171.043
408000000 -1860.01 -1046.69 -752.772 -2306.51 -453.567 245.517
409000000 -1921.02 -973.715 -693.587 -2681.61 -474.232 241.213
410000000 -2018.11 -1043.77 -634.904 -2953.04 -350.234 258.428
411000000 -1969.65 -1051.07 -700.331 -3130.79 -317.381 220.781
412000000 -1989.77 -1096.03 -619.858 -3371.75 -213.622 251.384
413000000 -2130.63 -843.539 -611.498 -3731.77 -415.116 142.771
414000000 -2120.99 -881.75 -593.658 -3968.63 -299.211 198.969
415000000 -1827.88 -954.314 -790.477 -4082.62 -292.623 183.192
416000000 -2017.32 -861.228 -785.193 -4221.06 -327.901 157.425
417000000 -1799.86 -988.488 -793.544 -4308.89 -276.026 149.098
418000000 -1780.7 -998.368 -796.057 -4512.82 -333.189 80.023
419000000 -1779.88 -1006.02 -856.272 -4760.75 -310.281 119.873
420000000 -1834.74 -1097.87 -829.808 -4738.25 -280.622 73.6513
421000000 -1962.73 -1014.81 -774.073 -4535.25 -154.15 -15.3007
422000000 -1866.62 -1041.45 -731.208 -4744.41 -195.956 -124.457
423000000 -1820.4 -1070.95 -761.167 -4743.31 -210.806 -63.9535
424000000 -1803.14 -1083.98 -705.227 -4881.35 -263.051 -59.7639
425000000 -1722.11 -985.389 -729.141 -5078.77 -247.308 -139.995
426000000 -1538.15 -929.075 -925.932 -4918.51 -152.044 -55.2412
427000000 -1601.68 -1035.34 -848.611 -5034.03 -163.555 103.689
428000000 -1585.7 -1003.16 -836.645 -4971.45 -138.835 111.689
429000000 -1515.49 -1054.3 -877.813 -4798.36 -186.278 -44.3305
430000000 -1629.37 -1044.77 -847.424 -4704.23 -201.3 -110.683
431000000 -1466.5 -1032.06 -924.731 -4393.2 -206.15 -46.7199
432000000 -1507.54 -975.049 -989.225 -4062.97 -221.133 -2.01623
433000000 -1662.81 -1005.42 -729.302 -4181.43 -168.745 -120.354
434000000 -1850.25 -909.763 -837.548 -3983.3 -221.926 179.688
435000000 -1785.46 -1037.35 -888.626 -3594.68 -139.275 -3.57755
436000000 -1618.75 -1037.64 -958.82 -3494.97 -213.618 100.846
437000000 -1794.41 -927.08 -998.754 -3256.71 -219.623 135.263
438000000 -1771.48 -838.451 -1028.18 -3153.08 -98.4001 7.04963
439000000 -1853.49 -783.012 -1188.38 -2563.3 -137.11 -26.456
440000000 -1836.48 -786.863 -1107.92 -2481.01 -60.7363 -50.4615
441000000 -1889.55 -709.76 -1153.6 -2170.56 -342.332 62.5358
442000000 -1857.97 -848.13 -1099.87 -2092.66 -230.037 42.7802
443000000 -1909.09 -967.159 -1123.8 -1657 -159.357 74.3151
444000000 -1949.19 -927.817 -1054.03 -1495.98 -263.648 -39.0263
445000000 -1880.3 -902.637 -1021.59 -1031.8 -234.859 -27.1118
446000000 -1948.02 -865.85 -974.516 -507.183 -103.363 -131.299
447000000 -1718.61 -869.136 -1141.4 -238.528 -212.592 -143.589
448000000 -1604.71 -629.47 -1438.34 79.8649 -236.351 -127.268
449000000 -1833.51 -539.706 -1211.03 433.144 -113.977 -132.046
450000000 -1741.71 -583.792 -1136.31 915.936 -110.5 -8.96803
451000000 -1721.46 -554.885 -1191.73 979.56 -22.7337 64.8103
452000000 -1956.84 -505.47 -1114.53 1192.25 -42.195 181.445
453000000 -1846.87 -597.543 -1117.49 1685.95 13.2643 47.1875
454000000 -1891.75 -620.953 -1049.16 2040.66 -44.4283 170.723
455000000 -1762.45 -407.03 -1232.03 2343.41 11.5455 261.361
456000000 -1977.05 -531.81 -1200.48 2659.39 128.05 137.584
457000000 -1864.6 -597.152 -1299.62 2944.12 -10.2634 90.2625
458000000 -1757.53 -479.351 -1285.84 3089.39 -13.3312 88.0447
459000000 -1707.81 -112.48 -1425.42 3399.83 -119.029 218.299
460000000 -1697.14 -321.648 -1299.95 3485.03 -43.9506 156.343
461000000 -1792.31 -279.377 -1348.92 3780.58 30.6921 82.3199
462000000 -1569.78 -192.859 -1405.37 4045.7 -100.256 252.806
463000000 -1712.97 -266.828 -1201.43 4274.43 -19.6165 183.015
464000000 -1688.38 -421.16 -1180.3 4524.18 31.9995 102.043
465000000 -1708.42 -543.1 -1004.89 4650.19 0.753318 113.846
466000000 -1701.17 -301.022 -1068.51 4711.46 64.5807 143.603
467000000 -1784.6 -317.594 -1176.92 4846.9 11.0543 171.137
468000000 -1866.56 -346.632 -1178.38 4959.76 51.9664 115.438
469000000 -1797.66 -372.998 -988.043 5019.68 -63.8694 322.2
470000000 -1614.26 -452.285 -1065.19 5221.94 -148.023 293.067
471000000 -1696.32 -500.503 -1076.31 5316.01 -94.4603 242.019
472000000 -1753.07 -434.15 -1090.99 5441.42 91.9336 184.251
473000000 -1824.34 -300.822 -1037.3 5425.32 71.7159 289.75
474000000 -1823.68 -355.835 -1117.66 5518.46 91.6171 184.09
475000000 -1790.48 -379.17 -1189.25 5377.26 88.6616 186.377
476000000 -1839.75 -471.884 -1087.75 5219.52 41.8172 64.8828
477000000 -1894.72 -358.457 -1101.2 5077.44 -149.811 14.2216
478000000 -1974.52 -612.048 -1042.42 5059.58 -20.5955 139.413
479000000 -1808.69 -366.1 -1213.75 5061.62 186.231 230.48
480000000 -1916.89 -504.348 -1222.92 4971.73 85.5158 140.154
481000000 -1865.48 -472.067 -1165.49 5038.22 106.489 123.024
482000000 -1909.61 -487.133 -1030.35 4913.12 109.362 119.849
483000000 -1920.24 -507.513 -1010.78 4733.95 114.185 114.838
484000000 -1915.45 -556.065 -987.274 4544.47 118.927 74.4395
485000000 -1907.18 -490.398 -1090.21 4383.81 43.2226 114.777
486000000 -1941.3 -554.23 -1102.07 4122.1 155.182 80.0411
487000000 -1773.25 -443.929 -1146.07 3895.98 -26.3303 170.658
488000000 -1853.12 -516.585 -1182.98 3622.1 -16.1742 212.966
489000000 -1937.59 -576.002 -1103.57 3427.45 -40.9754 135.473
490000000 -1955.66 -522.329 -1105.66 3064.89 -155.606 39.6046
491000000 -1827.3 -573.266 -1125.41 2791.63 -31.1313 184.272
492000000 -1805.36 -680.841 -1322.36 2411.08 43.7849 37.0284
493000000 -1740.78 -719.91 -1254.89 2170.48 19.7134 139.437
494000000 -1790.24 -652.34 -1258.27 1878.23 -15.1012 197.681
495000000 -1810.86 -712.745 -1146.53 1625.53 -100.756 155.397
496000000 -1571.15 -815.846 -1203.91 1203.74 -38.8076 89.3681
497000000 -1719.28 -837.272 -1172.52 912.881 -98.8779 100.003
498000000 -1619.51 -861.076 -1098.22 593.25 -107.023 22.9348
499000000 -1743.83 -772.686 -1121.64 278.128 -109.392 66.8544
500000000 -1328.58 -663.271 -1178.86 -178.923 -19.0174 -33.4927
