# Time-averaged data for fix ps1
# TimeStep c_thermo_press[1] c_thermo_press[2] c_thermo_press[3] c_thermo_press[4] c_thermo_press[5] c_thermo_press[6]
1000000 361.022 2157.8 760.993 570.573 617.956 -240.367
2000000 515.402 2360.72 694.976 0.254239 208.831 -407.911
3000000 417.622 2092.08 857.529 -134.148 194.673 -293.364
4000000 531.787 2253.51 725.749 -580.355 190.185 -419.721
5000000 444.523 2154.77 885.143 -733.59 42.3495 -203.547
6000000 443.129 2079.83 881.078 -1335.48 65.0757 -451.365
7000000 573.908 1529.87 1139.06 -1593.54 100.93 -498.919
8000000 772.839 1563.4 820.118 -1604.43 -75.0814 -678.532
9000000 966.836 1689.14 637.966 -1584.76 262.952 -272.165
10000000 380.15 2347.76 564.42 -1697.56 440.869 -390.131
11000000 484.611 2217.39 744.693 -2009.5 205.287 -277.708
12000000 239.611 2151.13 977.997 -2341.11 202.329 -546.513
13000000 252.136 1970.05 839.082 -2689.3 324.306 -524.897
14000000 438.157 1885.01 677.527 -3034.34 444.385 -644.411
15000000 537.937 1628.41 983.313 -3024.12 155.129 -533.864
16000000 424.311 1675.1 926.82 -3391.86 333.17 -395.226
17000000 665.646 1744.62 806.658 -2870.12 465.329 -378.257
18000000 643.638 1656.15 1203.87 -3129.41 218.088 -465.194
19000000 608.342 1756.62 1212.22 -3266.53 586.271 -109.867
20000000 669.711 1876.57 901.035 -3780.4 299.037 -92.1466
21000000 743.131 1779.2 798.54 -3718.85 307.027 -232.945
22000000 602.185 1767.55 594.112 -3473.07 182.251 -191.982
23000000 417.056 2222.04 736.025 -3339.88 348.41 -100.132
24000000 424.434 2065.36 897.758 -3323.31 463.016 -180.918
25000000 1035.42 1871.01 326.246 -3220.59 349.664 -344.121
26000000 982.853 1721.58 324.305 -3264.37 381.251 -406.912
27000000 750.678 1799.49 469.84 -3006.11 84.3021 -576.988
28000000 555.048 2028.04 569.516 -2717 341.737 -404.527
29000000 697.168 2215.21 415.008 -2914.29 245.652 -533.306
30000000 629.55 2055.72 603.369 -2963.67 313.327 -239.43
31000000 485.375 2057.61 613.084 -2707.07 314.231 23.747
32000000 783.972 2061.53 340.077 -2380.27 256.258 -18.2919
33000000 580.7 1982.69 383.1 -2257.86 396.302 -281.949
34000000 580.618 2069.4 277.855 -2190.27 543.81 -462.164
35000000 327.491 1958.9 663.522 -1928.09 147.56 -246.797
36000000 282.889 1829.81 660.036 -1552.13 26.0617 -267.712
37000000 353.596 2039.86 234.619 -1352.49 98.4915 -292.371
38000000 380.567 1830.88 396.249 -1482.42 -153.725 -369.029
39000000 103.411 2012.98 549.782 -1238.35 418.733 -489.895
40000000 488.353 2196.38 226.061 -1032.72 230.866 -588.495
41000000 419.548 1772.37 368.937 -761.635 361.49 -316.125
42000000 546.654 1776.95 319.053 -368.316 424.766 -280.786
43000000 543.354 1697.76 238.57 -198.791 583.695 -307.714
44000000 452.499 1763.43 458.893 21.6424 465.501 -318.874
45000000 457.345 2048.51 464.197 396.67 646.873 -147.067
46000000 466.468 1991 444.965 553.468 472.675 -419.511
47000000 543.289 2501.96 280.071 729.059 467.511 -68.0166
48000000 775.347 2151.62 701.564 1061.43 342.275 34.2922
49000000 389.832 2427.65 421.314 1344.96 532.593 32.7757
50000000 -102.667 2551.75 526.386 1528.93 489.95 160.242
51000000 -75.0801 2534.08 578.347 1911.64 400.878 129.202
52000000 116.291 2386.73 428.236 1987.42 518.502 274.164
53000000 392.569 2299.76 469.73 2435.39 352.103 555
54000000 732.443 2255.68 456.052 3021.95 382.971 388.389
55000000 484.05 2263.1 743.586 3421.1 49.6437 592.552
56000000 551.085 2343.33 710.558 3897.84 159.955 704.047
57000000 661.254 2275.07 546.365 4188.79 453.354 477.867
58000000 798.156 2032 727.74 4578.14 513.847 414.585
59000000 560.885 2100.88 1149.06 4293.58 144.832 242.789
60000000 314.532 2432.33 997.078 4215.81 407.918 356.261
61000000 567.725 2252.15 773.166 4344.54 394.428 246.46
62000000 588.15 2205.24 958.342 3922.66 271.728 237.788
63000000 508.271 2016.51 1293.1 4267.62 217.945 200.782
64000000 284.727 2458.65 1501.35 4230.45 649.444 -359.326
65000000 867.846 1591.89 1547.38 4591.94 272.893 41.3829
66000000 1108.36 1456.57 1815.44 4263.6 1.33492 -136.478
67000000 1146.42 1607.81 1454.84 4610.48 -145.655 19.7104
68000000 1184.05 1373.36 1593.91 4597.17 97.4855 192.664
69000000 1176.07 942.422 1628.41 4920.39 -315.171 -42.7113
70000000 979.154 955.739 1752.84 4707.2 -398.978 232.809
71000000 1208.02 1103.03 1624.5 4682.17 -349.064 -63.1219
72000000 815.63 1069.84 1994.81 4939.8 -534.356 328.816
73000000 1169.76 875.776 1576.36 4824.58 -451.526 205.774
74000000 1048.14 650.071 1857.2 4582.9 -409.173 454.945
75000000 717.526 942.395 1928.53 4639.25 -385.75 318.097
76000000 726.312 967.759 1561 4264.17 -560.057 206.647
77000000 896.76 713.18 1324.46 4340.92 -781.688 307.949
78000000 353.161 1074.22 1375.28 4644.76 -729.671 446.414
79000000 521.242 1368.92 1172.37 4590.66 -759.775 261.789
80000000 492.205 1147.92 1494.31 4445.17 -491.647 197.535
81000000 688.942 987.662 1411.05 4366.24 -873.651 125.219
82000000 607.509 823.146 1400.92 4368.56 -820.101 -220.582
83000000 575.095 646.588 1556.26 3744.01 -795.177 419.213
84000000 217.859 743.33 1753.78 3109.86 -524.927 302.56
85000000 682.002 441.571 1460.95 2998.29 -915.617 100.644
86000000 841.449 287.221 1273.89 2856.94 -411.001 412.781
87000000 775.483 1019.11 1129.78 2624.92 -884.728 360.748
88000000 519.475 1122.31 1178.59 2140.18 -891.943 258.563
89000000 387.222 824.082 1638.32 2071.71 -502.762 386.16
90000000 502.061 859.564 1420.34 1965.52 -612.48 128.019
91000000 485.546 648.508 1581.59 1772.68 -433.297 354.448
92000000 543.963 311.381 2018.87 1568.18 -640.622 76.7126
93000000 258.732 567.577 1848.89 1195.73 -751.727 132.865
94000000 769.103 373.113 1505.48 1090.96 -636.172 -237.777
95000000 816.442 515.761 1438.08 220.042 -578.286 183.864
96000000 734.53 321.929 1455.73 26.2309 -917.447 222.738
97000000 889.498 403.214 1076.22 -376.045 -395.815 148.695
98000000 709.867 516.808 1109.86 -775.555 -293.322 -6.33188
99000000 732.676 431.118 998.609 -1110.75 -245.314 -11.2844
100000000 1087.85 355.03 855.318 -773.588 -572.989 -86.1637
101000000 1133.29 350.796 782.506 -1010.49 -602.943 10.2045
102000000 1277.61 368.379 622.412 -1298.29 -651.879 56.5086
103000000 1173.18 511.728 717.883 -1747.64 -914.925 59.429
104000000 1090.53 479.94 641.541 -2355.09 -792.748 103.956
105000000 1358.91 300.022 921.548 -2276.93 -818.456 108.042
106000000 1004.8 223.855 1130.78 -2612.39 -695.687 127.488
107000000 897.358 167.466 1329.89 -2738.53 -939.616 88.307
108000000 871.876 347.342 943.166 -2809.27 -760.899 240.675
109000000 655.955 367.271 1007.75 -3243.12 -650.946 316.62
110000000 793.248 166.459 1081.68 -3424.75 -675.473 286.639
111000000 835.055 543.831 836.288 -3430.74 -730.142 175.724
112000000 500.206 446.535 1355.28 -3594.92 -478.477 242.809
113000000 171.766 993.252 1570.77 -3743.91 -443.337 144.599
114000000 426.618 933.352 1229.88 -3886.09 -558.974 464.751
115000000 776.675 588.074 1120.36 -4150.03 -637.001 383.608
116000000 496.934 814.043 1236.7 -4062.49 -283.216 227.894
117000000 12.4307 752.98 1697.63 -3950.46 -300.562 192.544
118000000 373.065 750.977 1539.96 -4040.16 87.2485 -159.915
119000000 166.204 783.846 1318.93 -4550.27 -372.573 277.817
120000000 320.408 527.864 1770.14 -4106.81 -358.781 219.118
121000000 713.002 380.699 1629.32 -3829.02 -97.8135 136.288
122000000 348.38 262.875 1377.71 -4214.57 -132.414 313.636
123000000 339.82 348.424 1519.28 -4240.25 -738.675 281.716
124000000 1026.57 30.5439 1323.99 -4045.17 78.2897 150.204
125000000 482.537 389.431 1229.96 -4261.68 130.873 -100.209
126000000 514.064 777.603 1115.35 -4115.74 -153.034 37.4178
127000000 553.105 937.749 950.793 -4194.68 22.7133 363.59
128000000 613.988 985.326 875.058 -4139.73 -62.9473 538.59
129000000 158.747 998.422 1426.35 -4102.73 -344.871 224.274
130000000 289.257 1280.78 1397.85 -3688.35 15.0585 355.773
131000000 200.722 1589.3 1313.09 -3577.8 59.4846 437.957
132000000 385.65 1171.53 1510.33 -3452.5 -82.3065 632.313
133000000 508.973 1119.16 1373.75 -3311.18 -305.252 509.995
134000000 670.807 901.712 1177.76 -3254.01 -243.026 213.063
135000000 492.639 1467 1049.51 -2770.52 22.3261 252.171
136000000 480.123 1174.57 1056.08 -2296.88 98.4557 323.805
137000000 115.133 1185.32 1191.85 -2396.46 -479.768 268.266
138000000 93.3108 1122.92 1199.85 -2093.33 -197.994 142.728
139000000 -56.3617 916.27 1336.7 -1905.63 -37.3934 52.8676
140000000 595.158 925.472 832.375 -1738.61 -329.402 325.935
141000000 492.005 1119.62 912.841 -1411.29 -120.341 68.7818
142000000 442.055 1348.25 819.563 -1372.21 -11.9181 -46.5366
143000000 694.23 1316.27 939.375 -1444.88 -87.8798 40.2706
144000000 498.835 1421.59 835.198 -1171.69 -262.471 -17.5504
145000000 183.497 1729.05 1249.59 -773.144 -570.1 237.641
146000000 -21.5328 1403.45 1233.7 -617.981 -541.232 301.726
147000000 513.65 1020.35 1271.15 -330.07 -210.785 334.651
148000000 897.286 787.789 916.741 210.76 125.5 464.02
149000000 591.666 814.286 1161.1 447.025 -44.1225 639.166
150000000 556.609 1208.07 1010.79 731.808 -108.384 576.887
151000000 431.387 1076.75 902.577 1303.85 108.995 351.904
152000000 712.883 1040.32 759.895 1276.79 338.683 403.011
153000000 308.41 985.305 888.061 1824.92 156.39 356.767
154000000 467.978 1318.47 601.159 1783.53 148.253 282.847
155000000 525.53 1102.5 862.786 2385.91 99.0812 336.484
156000000 512.577 1285.37 784.258 2460.19 99.1702 184.461
157000000 485.703 1527.9 648.561 2684.3 -105.921 167.508
158000000 536.086 1495.7 422.383 2988.25 -189.065 151.619
159000000 747.241 1433.07 387.799 3205.27 93.7448 471.339
160000000 516.352 1366.37 479.154 3548.24 -16.8261 155.689
161000000 924.578 1240.19 320.659 3866.83 26.2378 331.838
162000000 707.156 1415.2 395.305 3644.09 -111.609 448.608
163000000 750.699 1032.65 347.229 3915.66 -31.7165 384.584
164000000 461.638 1513.87 194.676 4157.57 -52.8892 288.084
165000000 542.691 1293.59 461.522 4309.48 -157.78 238.149
166000000 480.297 1238.6 604.144 4365.42 -56.0877 20.2479
167000000 289.178 1162.96 479.985 4525.86 -197.1 136.624
168000000 500.435 1287.26 444.928 4559.44 27.2365 179.484
169000000 372.673 1620.45 538.486 4329.79 -313.819 197.461
170000000 483.153 1329.96 489.993 4674.1 -299.709 298.25
171000000 17.8067 1711.85 534.286 4598.87 -236.74 522.928
172000000 273.734 1412.95 638.867 4546.53 -111.03 423.993
173000000 -115.984 1910.81 700.566 4806.88 -213.964 228.138
174000000 249.13 1431.32 518.105 4555.69 -133.296 456.787
175000000 -185.198 1357.31 797.182 4453.2 -70.5764 189.571
176000000 -248.815 1495.57 1208.69 4416.82 126.076 290.938
177000000 288.76 1448.34 680.371 4328.3 -179.389 97.8109
178000000 169.651 1622.87 684.085 4289.36 -127.091 124.945
179000000 -141.021 1528.53 1188.31 3990.83 -36.6034 -48.1255
180000000 310.315 1469.96 713.397 3558.37 -46.6802 239.317
181000000 312.687 1551.5 628.01 3436.39 -17.3017 -158.218
182000000 -180.243 1605.81 1001.56 3250.07 -175.298 -93.8121
183000000 394.774 1612.03 366.856 2974.32 -73.2096 34.8821
184000000 130.823 1565.36 742.083 2850.56 -383.463 -93.7429
185000000 295.963 1529.47 400.533 2436.77 -558.306 -152.683
186000000 774.779 1716.79 -108.136 2509.76 -654.596 -30.2621
187000000 759.924 2069.68 -359.502 2381.21 -560.181 171.893
188000000 1002.78 1242.49 86.3806 1919.59 -418.424 224.047
189000000 1146.04 1132.11 148.895 1711.94 -422.847 307.115
190000000 1090.13 1174.99 -98.0793 1418.34 -296.223 172.747
191000000 1209.09 1006.65 44.125 1125.22 -328.541 222.355
192000000 1102.27 751.522 410.067 931.927 -449.059 306.594
193000000 1306.74 798.711 45.7407 459.712 -422.537 308.011
194000000 1167.97 827.887 -116.434 253.193 -365.791 348.437
195000000 829.641 657.097 334.562 4.17937 -268.554 89.8082
196000000 1110.46 615.487 189.282 -523.502 -439.482 34.5044
197000000 993.642 738.476 301.988 -700.284 -458.423 280.943
198000000 844.358 1038.12 247.249 -858.861 -363.132 300.186
199000000 779.363 843.199 260.023 -1203.23 -338.732 289.715
200000000 1073.42 572.966 553.159 -1988.83 74.6383 218.981
201000000 888.849 949.711 441.059 -2107.94 -246.796 226.835
202000000 572.244 906.329 270.453 -2306.83 -465.739 -83.3608
203000000 841.857 870.669 179.818 -2652.85 -304.274 -154.031
204000000 652.073 556.359 715.171 -2783.42 -299.365 44.4613
205000000 974.465 544.537 654.596 -3186.4 -330.662 374.422
206000000 675.153 995.838 435.004 -3564.38 -181.853 258.105
207000000 612.968 790.647 798.171 -3876.64 -25.8692 -8.55772
208000000 236.434 992.218 923.456 -3906.01 239.262 -152.361
209000000 510.903 934.755 653.309 -4251.33 103.67 203.995
210000000 712.424 856.344 719.765 -4427.71 172.82 486.429
211000000 754.014 541.868 857.251 -4778.21 274.445 244.801
212000000 1029.62 295.011 837.16 -4874.88 79.671 204.116
213000000 1104.69 219.295 814.359 -4874.07 -52.9626 250.838
214000000 1202.44 621.147 670.028 -4854.21 279.004 260.814
215000000 1237.93 251.63 307.86 -5120.92 -22.0143 209.617
216000000 950.07 576.153 553.256 -5473.97 44.9621 129.32
217000000 1058 941.168 517.858 -5134.01 -29.921 317.052
218000000 1049.02 836.454 611.565 -5262.53 -10.913 405.961
219000000 1069.98 737.842 811.045 -5312.4 95.7553 248.338
220000000 758.603 560.488 996.923 -5456.47 -160.823 -5.44851
221000000 891.279 850.23 328.263 -5548.69 180.709 -64.8526
222000000 987.712 859.091 575.569 -5933.36 -17.5835 222.76
223000000 1047.22 713.245 787.533 -5508.6 171.131 506.365
224000000 1260.64 505.204 627.503 -5708.41 153.157 520.929
225000000 911.803 743.65 554.227 -5797.68 394.493 557.91
226000000 818.322 870.382 436.008 -5732.03 250.968 686.055
227000000 1040.19 721.517 531.996 -5530.73 124.64 434.511
228000000 864.316 762.281 914.987 -5441.03 108.437 329.107
229000000 844.652 406.96 1131.3 -5305.59 -172.486 347.61
230000000 1057.25 413.364 1099.13 -5162.08 -94.9737 340.835
231000000 962.229 227.472 1285.72 -4951.9 -70.2972 203.664
232000000 1110.94 403.352 856.069 -5125.18 273.502 474.638
233000000 1054.4 480.889 811.33 -5118.31 203.847 89.8662
234000000 1097.88 682.438 704.338 -4764.68 -36.7209 297.757
235000000 1140.66 500.128 942.82 -4627.72 192.105 276.913
236000000 1137.84 789.262 563.894 -4184.7 -82.3324 266.967
237000000 1125.29 460.327 686.662 -3993.22 354.677 390.483
238000000 1260 759.621 514.318 -3801.25 65.3484 454.02
239000000 1107.05 1079.21 461.44 -3577.91 -67.844 487.942
240000000 971.569 864.207 823.976 -3381.39 -59.7826 330.162
241000000 1031.04 670.924 624.336 -3092.76 100.871 297.385
242000000 581.662 1056.84 1021.56 -2960.53 38.2627 114.649
243000000 952.193 787.007 721.46 -2358.02 180.018 -125.518
244000000 900.418 675.536 1055.47 -2145.24 268.824 254.185
245000000 1091.32 349.851 1208.52 -1744 -0.879284 43.2872
246000000 992.979 633.43 974.004 -1395.55 264.518 31.517
247000000 1214.08 380.115 861.763 -1084.33 182.216 142.678
248000000 1068.8 392.286 726.916 -1073.58 -24.092 100.765
249000000 799.227 651.472 913.647 -456.031 -1.35789 516.768
250000000 1075.49 698.183 640.952 -341.735 -41.1389 -36.9027
251000000 1058.41 387.322 1154.36 -146.916 -63.8084 -112.749
252000000 475.039 680.609 1549.68 63.6254 -358.103 115.299
253000000 869.94 585.722 1331.08 216.524 -517.455 -39.0648
254000000 528.489 898.02 1587.2 556.609 -755.751 77.3969
255000000 581.334 342.427 1977.32 1005.58 -366.383 402.412
256000000 526.126 474.752 2072.97 1154.47 -336.491 149.598
257000000 572.078 754.331 1646.97 1162.57 -250.171 -120.978
258000000 916.856 486.177 1639.02 1597.37 -577.527 -309.987
259000000 495.845 227.765 1963.27 1775.57 -253.464 -53.1237
260000000 732.103 530.164 1676.39 2249.6 -319.725 359.73
261000000 678.072 534.379 1461.75 2610.58 -223.539 120.902
262000000 1007.14 304.966 1615.24 2861.31 -115.621 128.632
263000000 1165.83 261.434 1438.54 3000.68 -339.405 33.0631
264000000 1287.97 421.375 1215.15 2909.22 -423.644 332.616
265000000 1144.52 698.089 1331.19 3069.04 -829.82 643.57
266000000 902.666 479.987 1652.25 3484.46 -621.073 440.858
267000000 1208.32 152.632 1479.99 3461.85 -393.344 208.771
268000000 774.305 384.537 1821.83 3619.8 -572.793 455.274
269000000 961.74 277.047 1853.3 3979.04 -749.418 265.76
270000000 857.052 464.487 1806.55 3901.82 -713.919 180.956
271000000 1161.2 -183.63 1662.04 4008.58 -832.318 -22.7476
272000000 1107.99 -69.7677 1672.22 3950.38 -730.223 212.557
273000000 836.051 189.787 1653.44 3892.66 -756.557 534.055
274000000 1120.26 157.697 1175.53 3754.81 -710.662 593.668
275000000 1212.13 180.049 1385.49 3825.09 -802.396 371.495
276000000 1083.6 103.38 1198.48 3809.05 -696.166 468.33
277000000 1174.93 -139.042 1472.18 3814.81 -556.15 111.436
278000000 1306.57 -315.967 1384.81 3624.25 -410.877 234.792
279000000 1226.74 -179.707 1354.81 3475.36 -417.162 443.867
280000000 1451.14 -186.305 1441.51 3474.56 -395.932 198.96
281000000 1460.43 -257.029 1279.13 3246.68 -415.282 479.399
282000000 1218.11 -83.1793 1343.78 3140.14 -681.868 381.222
283000000 895.044 -17.2058 1487.69 3469.56 -679.678 685.66
284000000 863.814 -203.585 1449.58 3036.12 -913.193 544.619
285000000 886.835 -53.39 1176.25 2861.56 -873.977 504.714
286000000 1243.52 -253.449 1257.41 2432.32 -527.156 454.355
287000000 984.364 -60.2351 1327.65 2301.87 -822.089 546.554
288000000 1111.6 -172.873 1397.5 2305.96 -796.256 567.018
289000000 1029.84 -114.73 1505.77 1867.83 -928.123 568.807
290000000 1326.14 -249.661 1628.53 1456.26 -751.024 279.722
291000000 1475.87 -17.6068 1342.74 1513.4 -687.884 557.931
292000000 947.816 -32.4224 1380.34 1083.13 -611.989 287.663
293000000 1047.76 169.896 1356.92 1053.05 -502.549 415.591
294000000 922.61 55.9365 1565.98 580.28 -432.718 430.824
295000000 1216.05 100.394 1477.74 430.496 -673.447 118.661
296000000 1142.54 294.084 1268.52 -63.0512 -905.472 575.243
297000000 1373.46 -457.136 1605.96 -522.255 -516.261 462.273
298000000 1385.35 -241.596 1348.92 -674.16 -365.695 699.247
299000000 833.057 384.539 1214.32 -989.173 -624.951 229.588
300000000 1115.33 424.872 1486.52 -1162.16 -606.146 543.875
301000000 1191.26 455.742 1156.51 -1449.76 -850.349 640.893
302000000 1229.76 306.365 1103.63 -1727.81 -912.243 538.465
303000000 1207.8 365.398 1050.21 -1957.98 -891.513 364.47
304000000 1058.89 208.394 1209.95 -2370.28 -519.96 371.158
305000000 1042.31 276.84 1286.62 -2491.7 -341.112 86.6804
306000000 977.687 242.332 839.555 -2858.08 -618.652 147.324
307000000 799.074 481.87 1115.74 -3110.66 -493.743 537.995
308000000 750.636 -51.1967 1398 -3468.91 -434.967 487.815
309000000 910.482 -199.933 1576.05 -3737.88 -175.852 393.501
310000000 1063 -650.107 2095.17 -3707.03 -171.607 429.599
311000000 977.651 -711.398 2042.07 -3854.28 -34.05 532.603
312000000 1058.54 -793.303 1985.56 -3725.37 -81.4203 403.892
313000000 746.757 -541.757 1963.78 -4167.67 -71.1691 514.304
314000000 676.818 -571.797 2359.77 -4090.12 27.928 353.336
315000000 934.533 -632.327 2489.55 -4346.31 -227.912 345.068
316000000 762.636 -207.804 2493.78 -4307.7 40.4215 106.776
317000000 487.972 175.541 2041.24 -4153.5 -288.563 361.702
318000000 428.033 -15.5351 2365.13 -4595.62 -103.196 894.858
319000000 580.328 -223.208 2432.61 -4555.94 -255.48 538.488
320000000 718.386 -122.463 2012.46 -4440.56 -288.74 795.555
321000000 624.351 -172.586 2162.94 -4692.07 -439.733 935.575
322000000 694.497 -460.845 2265.02 -4575.61 -609.371 712.268
323000000 759.351 -483.367 2168.55 -4511.75 -489.036 523.272
324000000 804.289 -470.63 2264.96 -4471.84 -592.692 560.391
325000000 845.238 -239.158 1894.22 -4326.38 -613.548 654.484
326000000 649.593 -341.001 2410.77 -4114.73 -699.88 715.776
327000000 808.841 43.2126 2014.56 -4065.44 -618.816 824.698
328000000 1245.85 -327.122 1650.25 -3665.19 -496.898 592.012
329000000 972.338 -277.289 1838.5 -3510.95 -495.809 300.977
330000000 840.676 -45.1901 1618.69 -3264.92 -250.911 516.826
331000000 966.986 -269.526 1615.88 -3177.21 -624.32 325.11
332000000 1254.08 -528.781 1473.43 -3099.44 -117.468 247.123
333000000 937.215 -246.647 1406.82 -2661.83 -50.9525 300.761
334000000 742.072 -264.199 1735.62 -2787.19 -142.312 435.088
335000000 677.933 -336.829 2166.59 -2671.01 -340.672 242.701
336000000 1013.93 -144.083 1567.05 -2004.23 -677.159 442.524
337000000 790.425 -431.242 2048.18 -1796.16 -314.419 523.028
338000000 1047.25 -664.791 1438.38 -1970.18 -179.276 357.74
339000000 1077.99 -579.812 1223.44 -1752.26 6.97087 543.961
340000000 1090.62 -616.325 1305.96 -1680.82 4.1147 422.329
341000000 1292.14 -544.853 1112.8 -1107.87 -114.962 446.711
342000000 1475.31 -592.957 1153.43 -1103.65 286.51 186.567
343000000 1607.96 -374.592 1027.72 -510.169 133.406 523.162
344000000 1512.23 -823.039 1288.18 -442.27 173.214 427.995
345000000 1129.2 -723.472 1342.71 -123.749 231.651 415.683
346000000 1068.51 -545.126 1392.18 98.3431 273.995 446.047
347000000 998.906 -508.543 1464.49 464.039 354.313 264.708
348000000 1094.05 -550.613 1452.4 857.985 48.7738 358.353
349000000 1204.12 -502.521 1078.66 921.972 18.3 226.492
350000000 1065.24 -636.122 1338.45 1418.99 175.078 184.109
351000000 911.908 -306.253 1607.03 1611.41 409.131 292.474
352000000 1173.52 -430.995 1573.14 1697.12 38.857 421.412
353000000 1240.29 -378.148 1202.31 1937.01 268.091 228.961
354000000 1034.49 -66.6716 1279.43 2241.03 115.173 483.085
355000000 735.722 -71.0534 1420.06 2301.09 260.467 381.825
356000000 1115.76 -439.46 1244.63 2542.87 516.976 376.247
357000000 1055.17 -376.682 1244.68 3042.79 335.583 608.596
358000000 1001.81 -506.741 1436.11 3057.17 310.694 265.848
359000000 1024.58 -182.807 1306.12 3288.5 404.808 122.161
360000000 1076.25 -223.66 1286.99 3278.02 437.242 111.702
361000000 1222.38 -352.819 1236.87 3763.34 463.003 -40.8894
362000000 1058.69 -392.189 1495.09 3651.6 428.871 58.9083
363000000 1017.19 -72.9728 1257.5 3719.15 496.723 12.4931
364000000 1334.72 -322.724 1598.38 3828.47 196.809 62.5224
365000000 822.554 -51.5061 1756.26 4066.42 60.0227 157.349
366000000 1108.43 -19.9993 1829.79 4106.33 -30.2716 367.659
367000000 1202.78 -192.375 1728.31 4005.89 38.5657 463.578
368000000 236.71 99.3654 2005.77 4304.18 78.2886 671.86
369000000 404.506 -14.9535 1969.34 3978.38 -69.5127 588.366
370000000 385.587 -329.989 1963.33 4412.23 65.936 547.537
371000000 309.586 39.8044 2079.12 4208.56 261.714 688.847
372000000 459.069 56.9655 2170.18 4331.93 395.353 486.25
373000000 629.773 293.89 1570.77 4412.33 233.361 580.006
374000000 682.256 -27.9001 1668.95 4157.13 255.921 760.421
375000000 832.838 64.8141 1746.7 4105.25 171.54 782.938
376000000 883.47 184.893 1402.24 4073.13 83.3888 996.436
377000000 467.432 251.375 1571.86 3655.23 4.44967 618.36
378000000 537.986 85.1456 1453.82 3778.98 15.263 864.176
379000000 661.835 95.0184 1381.09 3801.88 -3.8782 738.358
380000000 599.623 249.046 1141.81 3502.25 -228.061 588.035
381000000 406.618 518.245 1194.65 3372.26 -271.521 599.259
382000000 158.786 383.027 1633.84 3225.32 -360.949 525.945
383000000 439.601 284.986 1195.1 3285.32 -512.988 531.237
384000000 427.989 359.143 1036.08 2847.84 -397.16 651.599
385000000 553.149 163.882 1073.22 2739.23 136.44 592.84
386000000 305.315 377.208 1195.06 2597.3 11.6404 564.284
387000000 394.381 418.963 1234.9 2341.69 -57.0832 632.755
388000000 516.964 246.404 1356.48 2057.31 -117.326 779.113
389000000 643.096 271.145 1048.01 2065.26 -174.39 900.766
390000000 1004.42 -14.7092 1001.2 1702.51 -138.756 602.131
391000000 986.263 146.1 1048.31 1346.35 -196.155 652.42
392000000 892.055 85.4968 906.859 1199.7 -23.4273 456.223
393000000 837.137 222.462 924.163 1156.35 -102.897 683.515
394000000 624.303 -17.4701 1254.86 723.086 -46.2156 681.028
395000000 713.838 98.373 1191.39 486.67 -156.059 608.761
396000000 859.858 -124.489 1129.63 387.373 -184.628 632.321
397000000 802.651 265.676 1039.09 50.406 -161.776 552.463
398000000 805.971 -5.7248 993.602 -108.217 -41.4105 242.959
399000000 638.822 91.2494 1261.1 -358.821 74.4843 320.712
400000000 583.293 180.427 1160.59 -798.415 -83.5965 466.832
401000000 569.473 161.163 980.086 -1138.31 68.8354 243.13
402000000 728.67 155.602 1048.84 -1325.19 201.226 279.713
403000000 609.134 167.162 1240.74 -1717.23 214.816 160.846
404000000 730.365 181.04 1262 -2015.61 217.431 34.3333
405000000 566.526 215.398 1368.85 -2343.38 329.966 98.6764
406000000 828.653 129.019 1112.46 -2497.81 -28.4563 4.00198
407000000 685.708 -53.2482 1502 -2809.09 -83.87 295.601
408000000 396.296 370.468 1249.62 -3267.18 20.1522 165.881
409000000 678.059 -50.682 1429.84 -3448.61 -75.8136 376.661
410000000 666.027 -106.761 1560.66 -3693.93 171.605 279.244
411000000 605.428 166.864 1543.36 -4015.38 -116.355 69.1587
412000000 567.301 -136.486 1767.56 -4176.58 -5.11692 280.731
413000000 349.959 56.2619 1852.09 -4203.26 152.17 258.384
414000000 284.734 156.007 1627.66 -4523.64 237.759 293.16
415000000 335.759 -19.9106 1668.69 -4757.16 -71.8461 195.146
416000000 299.224 90.1365 1787.15 -4708.59 -97.9211 187.72
417000000 388.784 35.4935 1951.29 -4871.93 -2.22162 -16.2655
418000000 514.566 0.828885 1796.05 -5054.27 -194.53 116.172
419000000 608.166 74.0512 1422.74 -5118.89 -332.891 382.396
420000000 624.133 35.8739 1576.7 -5113.05 -217.558 541.971
421000000 579.019 79.5083 1610.38 -5309.76 -355.07 192.788
422000000 854.227 52.1039 1904.57 -5166.25 -296.378 269.653
423000000 390.494 47.2121 1740.71 -5478.05 -389.757 200.849
424000000 554.09 -3.05402 1789.15 -5548.07 -540.63 305.253
425000000 501.614 13.6082 1751.53 -5569.42 -346.181 188.153
426000000 425.82 109.461 1728.08 -5479.75 -212.175 165.794
427000000 446.231 19.4959 1700.88 -5217.9 -317.199 154.625
428000000 615.597 -55.7127 1716.96 -5197.99 -567.903 -81.4619
429000000 767.813 -357.341 1849.2 -4798.96 -429.738 289.682
430000000 645.232 -497.04 2007.96 -5038.5 -629.27 65.8146
431000000 402.289 -279.389 1874.81 -4781.03 -604.283 184.91
432000000 926.672 -439.717 1744.31 -4266.52 -518.622 26.5626
433000000 733.685 -387.993 1805.81 -4514.55 -485.917 -180.419
434000000 558.949 -368.098 1996.24 -4374.08 -823.93 -58.151
435000000 305.841 -154.45 1975.75 -3962.76 -574.765 -30.3267
436000000 282.227 213.024 1813.04 -3625.87 -497.092 217.26
437000000 704.077 -36.334 1553.4 -3327.02 -528.553 244.754
438000000 849.675 -626.535 1596.98 -3342.62 -743.453 -178.117
439000000 601.963 -462.117 1690.71 -3071.11 -710.184 -199.764
440000000 862.687 -696.516 1493.65 -2780.63 -539.322 -254.203
441000000 527.808 -224.389 1518.61 -2607.62 -515.732 -24.3397
442000000 331.68 -446.022 1768.44 -2480.16 -567.507 -23.4133
443000000 353.667 -575.098 1767.99 -2182.33 -529.106 11.079
444000000 748.782 -408.104 1592.78 -1974.52 -650.787 -305.014
445000000 191.912 -510.683 1852.24 -1501.6 -663.274 -321.233
446000000 526.031 -573.754 1879.26 -1240.63 -531.84 -369.083
447000000 661.755 -281.808 1548.92 -1080.28 -557.083 -312.466
448000000 759.801 -609.346 1613.67 -669.094 -304.772 -360.75
449000000 810.133 -840.819 1867.25 -261.144 -580.804 -428.018
450000000 761.576 -931.873 1964.21 91.3649 -475.457 -381.155
451000000 480.225 -690.937 1819.97 345.241 -606.479 -426.786
452000000 488.867 -738.524 1843.44 631.67 -636.834 -251.129
453000000 415.07 -925.105 1838.89 1106.03 -496.47 -443.793
454000000 541.152 -970.311 1843.63 1577.97 -511.857 -441.847
455000000 452.326 -1038.1 1867.31 1941.7 -615.451 -588.674
456000000 436.162 -903.506 1764.75 2217.75 -520.085 -480.607
457000000 303.84 -862.708 1960.38 2392.97 -656.708 -380.436
458000000 620.316 -904.871 1766.81 2731.97 -508.942 -517.169
459000000 680.567 -275.683 1691.06 2723.61 -273.295 -134.723
460000000 726.807 -61.8014 1414.72 2794.67 -166.415 -96.8911
461000000 699.42 -582.282 1530.31 3167.1 -222.726 -598.189
462000000 453.174 -697.58 1815.72 3005.79 -249.178 -660.487
463000000 426.361 -638.924 1768.9 3358.69 -218.68 -451.25
464000000 790.568 -520.413 1697.91 3422.48 -53.3488 -328.102
465000000 617.863 -446.717 1851.14 3603.3 -305.34 -324.01
466000000 759.238 -567.667 1838.33 3926.7 -203.831 -240.331
467000000 798.118 -751.704 1668.63 4031.1 -328.93 -65.8065
468000000 945.209 -703.158 1763.55 4120.5 -246.569 22.6933
469000000 924.255 -422.996 1403.48 3844.07 -403.68 -242.074
470000000 676.056 -303.418 1339.82 4107.4 -349.784 -468.392
471000000 684.169 -317.486 1474.81 4234.5 -385.352 -483.558
472000000 669.561 -617.04 1692.14 4421.62 -742.501 -136.727
473000000 713.817 -429.305 1968.58 4590.3 -545.264 -139.241
474000000 638.084 -788.153 1820.53 4660.48 -550.142 -145.2
475000000 612.824 -789.736 1626.13 4370.23 -447.766 28.1728
476000000 281.744 -519.569 1919.99 4542.31 -563.243 30.4263
477000000 398.001 -548.81 1678.02 4391.89 -368.941 -27.567
478000000 1029.81 -419.454 1336.81 4329.32 -343.31 2.80249
479000000 577.216 -298.919 1525.51 4403.15 -107.067 184.395
480000000 517.102 -555.44 1795.93 4209.25 -165.097 80.4739
481000000 735.568 -37.151 1162.14 3617.54 -184.492 177.243
482000000 785.537 -174.099 1433.7 3580.64 -114.682 65.3315
483000000 973.541 -272.806 1628.48 3136.05 -51.985 526.364
484000000 1048.67 -361.91 1245.44 3275.84 -135.815 381.365
485000000 819.925 -328.059 1811.23 3274.69 -81.7442 294.732
486000000 532.287 -148.248 1944.06 2901.67 -233.156 229.349
487000000 320.533 -40.1915 1826.2 2516.25 -380.539 148.931
488000000 265.456 -38.6425 2103.2 2144.75 -255.382 21.5141
489000000 452.236 -107.621 1887.71 2218.36 -212.022 258.456
490000000 425.803 -183.783 2080.75 1902.01 -186.887 499.437
491000000 663.487 -294.021 1996.76 1528.69 -288.981 659.439
492000000 326.684 -78.4738 2153.23 1231.18 -431.897 462.814
493000000 656.664 -242.912 1750.08 1210.76 -260.191 475.09
494000000 438.972 -181.151 1951.74 605.632 -173.566 457.8
495000000 555.07 -160.774 1823.97 579.738 -183.813 435.412
496000000 170.727 62.997 1803.94 194.558 34.2234 384.395
497000000 300.877 202.192 1611.67 -427.079 -153.352 314.987
498000000 397.881 -171.071 1740.78 -770.006 -410.801 87.5218
499000000 643.716 -212.071 1752.66 -966.438 -552.807 -77.0169
500000000 781.931 -378.819 1826.6 -1297.64 -503.545 -145.117
