# Time-averaged data for fix ps1
# TimeStep c_thermo_press[1] c_thermo_press[2] c_thermo_press[3] c_thermo_press[4] c_thermo_press[5] c_thermo_press[6]
1000000 1115.88 2595.81 852.016 -516.407 255.484 -268.984
2000000 974.811 2757.89 758.387 -1008.83 227.981 -225.926
3000000 1066.13 2765.7 698.016 -1367.67 181.511 -240.342
4000000 1068.54 2810.57 664.191 -1696.62 208.614 -251.641
5000000 1137.42 2727.6 718.78 -1942.08 190.596 -242.368
6000000 1162.48 2821.62 567.81 -2253.92 96.5476 -121.701
7000000 1144.93 2742.28 767.019 -2602 118.638 -127.729
8000000 1126.36 2806.89 784.382 -3040.14 159.113 -28.489
9000000 1199.55 2720.41 658.381 -3386.78 196.415 -223.879
10000000 1275.95 2649.65 698.402 -3569.4 246.089 -241.306
11000000 1171.55 2686.34 762.839 -3964.52 352.231 -244.709
12000000 1319.18 2659.02 707.629 -4188.61 236.097 -176.335
13000000 1133.54 2819.22 791.377 -4518.52 238.363 -184.857
14000000 1251.05 3106.75 528.571 -4445.75 294.71 -273.078
15000000 1201.58 3059.23 582.173 -4613.97 205.909 -257.431
16000000 1373.41 2950.4 649.767 -4753.84 249.345 -282.526
17000000 1185.63 2985.88 765.911 -5272.31 192.133 -235.527
18000000 1289.07 3029.58 768.07 -5111.82 294.175 -382.226
19000000 1204 2952.89 878.112 -5234.79 297.588 -278.053
20000000 1416.52 2931.92 883.864 -5468.37 186.144 -25.7151
21000000 1347.19 2820.84 706.988 -5522.67 186.258 -202.223
22000000 1232.23 2935.36 653.102 -5642.05 298.868 -84.9586
23000000 1375.12 3049.1 600.017 -5762.24 29.4758 -88.4436
24000000 1366.16 2813.19 828.065 -5835.01 226.214 -125.698
25000000 1583.08 2410.19 1089.84 -5689.61 242.153 -125.34
26000000 1432.57 2635.36 1019.4 -5610.49 -16.0061 -223.884
27000000 1255.27 2949.18 671.43 -5741.57 -31.8123 -96.3332
28000000 1467.28 3024.47 721.484 -5338.93 74.4676 -350.087
29000000 1391.85 2732.67 820.875 -5352.51 -18.5411 -181.559
30000000 1389.14 2665.88 779.727 -5347.67 -99.1811 -251.385
31000000 1323.64 3006.26 666.577 -5190.35 31.1123 -164.497
32000000 1174.54 2957.29 907.325 -5004.83 40.824 -147.348
33000000 1418.68 2660.98 1243.52 -4763.16 -142.894 -360.925
34000000 1559.37 2578.6 1167.15 -4518.76 -61.068 -257.665
35000000 1627.18 2440.96 1026 -4329.61 99.2993 -286.208
36000000 1713.12 2377.38 1261.77 -4267.44 -11.9494 -157.895
37000000 1633.36 2386.92 1296.63 -3885.03 -41.5678 -172.622
38000000 1530.31 2449.7 1169.4 -3471.29 61.8669 -88.2688
39000000 1282.89 2409.55 1285.45 -3222.34 -81.664 11.5499
40000000 1375.76 2360.98 1246.64 -2932.82 -81.5871 -140.979
41000000 1341.48 2441.33 1175.63 -2710.61 0.710836 -106.71
42000000 1339.33 2569.09 988.3 -2420.39 108.114 -144.418
43000000 1521.92 2245.27 1188.84 -2118.34 -57.5384 -184.316
44000000 1444.85 2258.59 1066.1 -1847.61 101.854 -172.034
45000000 1402.85 2265.75 1172.76 -1602.18 150.939 -117.187
46000000 1382.75 2296.28 1097.37 -1191.46 1.62768 -157.93
47000000 1274.81 2309.93 1017.89 -793.062 167.722 -8.97222
48000000 1513.79 2330.45 972.716 -468.8 123.177 -172.158
49000000 1195.7 2577.49 1064.55 -76.44 322.166 -181.541
50000000 1214.32 2634.99 1118.55 311.592 255.439 -253.459
51000000 1275.12 2479.67 1377.99 675.576 308.195 -209.588
52000000 1153.86 2695.48 1115.02 1248.11 199.001 -233.443
53000000 1326.9 2506.14 1082.88 1558.71 140.22 -148.705
54000000 1229.6 2560.67 1179.55 1835.52 168.825 -120.928
55000000 883.013 2773.52 1151.73 2229.65 -13.8 -234.966
56000000 892.568 2693.28 1045.9 2592.64 -38.9287 -356.709
57000000 884.11 2719.8 1043.39 2942.34 -34.768 -337.586
58000000 1049.41 2798.22 913.341 3230.16 -158.923 -130.975
59000000 934.636 2845.42 990.668 3505.45 -117.086 -239.825
60000000 1054.7 2857.64 988.682 3739.74 20.5834 -169.683
61000000 997.034 2824.42 1335.22 3778.77 22.7741 -249.848
62000000 1021.03 2803.93 1145.12 4084.78 -174.549 -147.334
63000000 924.643 2804.82 1256.04 4588.26 -114.532 -174.914
64000000 945.776 2837.77 1316.28 4748.2 -17.8703 -162.12
65000000 941.056 2728.39 1335.49 4955.97 -65.8074 -152.754
66000000 879.43 2874.24 1543.85 5114.22 140.515 -187.607
67000000 1101.41 2886.2 1540.24 5240.51 93.2629 -99.7383
68000000 994.251 2969.36 1293.15 5447.36 -37.3139 -65.048
69000000 793.58 2925.24 1692.96 5661.35 40.4787 -111.316
70000000 666.681 3018.72 1710.5 5536.57 -170.48 -324.528
71000000 934.8 2764.14 1649.61 5926.39 -5.32401 -127.344
72000000 1244.94 2898.99 1353.68 5903.81 144.659 29.3277
73000000 989.803 2803.3 1551.18 5987.51 -64.4579 -85.4549
74000000 973.39 2809.91 1711.88 5926.95 -74.1828 -24.5148
75000000 1200.42 2424.67 1628.48 5810.62 220.393 83.8893
76000000 1019.92 2713.96 1649.37 5596.2 271.625 -29.782
77000000 1048.08 2633.85 1639.18 5690.06 239.785 -102.454
78000000 1334.48 2320.01 1698.74 5791.42 350.282 85.4663
79000000 1360.38 2260.19 1890.79 5582.67 306.817 129.578
80000000 1511.97 2226.9 1747.59 5419.33 299.343 188.99
81000000 1481.71 2192.56 1688.66 5384.93 294.704 196.125
82000000 1318.51 2129.53 1901.06 5086.79 160.165 207.606
83000000 1375.66 2356.8 1631.36 4839.91 305.615 338.816
84000000 1299.22 2346.69 1925.94 4762.59 202.537 124.172
85000000 1393.17 2301.9 1964.82 4479.85 161.783 337.426
86000000 1397.65 2420.52 1939.73 4259.63 174.707 230.924
87000000 1238.6 2338.22 1838.64 4098.07 295.143 247.005
88000000 1212.22 2427.62 1928.36 3690.36 381.27 125.984
89000000 1138.42 2451.51 1894.98 3461.41 461.344 256.049
90000000 1270.89 2333.25 1789.58 3137.43 402.182 154.728
91000000 1201.41 2275.74 2016.13 2862.99 477.428 94.3677
92000000 1306.03 2499.25 1570.55 2459.28 515.949 160.318
93000000 1067.58 2389.19 1886.77 2308.66 437.647 254.819
94000000 1290.22 1937.63 1853.7 1906.32 523.677 228.016
95000000 1258.47 2147.64 1891.19 1573.01 485.885 168.144
96000000 1044.02 2243.37 1850.8 1214.36 464.831 258.755
97000000 1311.49 2229.92 1790.68 861.453 491.42 40.0927
98000000 1166.05 2223.48 1777.97 495.547 437.279 182.656
99000000 1291.24 2107.05 1609.67 92.4838 594.494 228.834
100000000 1467.12 2118.75 1708.28 -174.778 397.179 62.0276
101000000 1304.74 1945.51 1924.78 -496.184 404.12 29.7962
102000000 1147.78 2543.98 1527.66 -891.229 453.2 44.9786
103000000 1102.71 2521.17 1535.04 -1307.22 281.436 30.7005
104000000 1129.21 2493.65 1549.47 -1563.21 424.3 -12.0893
105000000 1375.71 2586.33 1467.16 -1976.66 356.083 121.062
106000000 1373.17 2514.92 1535.06 -2314.91 310.327 163.295
107000000 1464.26 2312.17 1480.77 -2676.78 257.182 155.405
108000000 1488.44 2245.99 1574.68 -2773.15 211.769 233.202
109000000 1604.03 2319.15 1410.35 -3156.21 53.8627 145.118
110000000 1489.55 2518.01 1433.33 -3417.18 239.052 157.497
111000000 1817.39 2228.85 1545.09 -3998.1 285.293 149.941
112000000 1876.71 2718.58 988.371 -4093.13 113.584 193.6
113000000 2148.55 2630.68 995.937 -4333.8 260.238 -6.70389
114000000 2043.8 2429.35 1175.89 -4250.62 197.208 148.36
115000000 1898.44 2310.36 1275.45 -4489.43 167.935 152.161
116000000 1945.78 2368.51 1413.39 -4799.76 292.311 125.266
117000000 1955.15 2244.67 1415.64 -4846.98 407.091 298.561
118000000 2066.98 2120.44 1549.11 -4844.96 369.76 142.609
119000000 2077.99 2320.11 1330.87 -5066.28 356.742 99.4319
120000000 1976.52 2262.16 1289.87 -5021.12 364.865 90.7435
121000000 2038.38 2471.36 1232.27 -5119.56 383.426 63.0514
122000000 1999.95 2232.61 1370.14 -5171.3 491.127 -12.12
123000000 1926.23 2508.3 1205.92 -5345.84 418.626 -11.614
124000000 1595.36 2743.13 1255.17 -5385.16 480.99 -124.275
125000000 1743.8 2633.31 1391.31 -5422.05 240.82 -71.5043
126000000 1842.02 2644.79 1226.83 -5477.39 159.899 -135.441
127000000 2092.28 2711.98 1282.12 -5366.08 285.851 63.9411
128000000 2023.06 2733.25 1242.72 -5359.08 283.302 73.0663
129000000 1620.38 2661.88 1361.17 -5256.01 347.198 9.46268
130000000 1808.54 2505.57 1323.05 -5092.04 126.374 24.1998
131000000 1738.71 2345.44 1363.83 -4898.41 189.753 -107.268
132000000 1572.95 2443.53 1453.8 -4815.22 385.695 -100.928
133000000 1577.43 2398.88 1414.01 -4648.11 398.901 -129.685
134000000 1476.29 2502.77 1425.45 -4478.03 456.583 -189.912
135000000 1616.77 2533.9 1111.68 -4213.05 300.253 -113.409
136000000 1679.61 2495.56 1163.49 -3958.08 230.249 -67.1639
137000000 1666.4 2460.79 1204.26 -3803.17 294.225 -22.3212
138000000 1620.12 2242.16 1352.17 -3595.47 319.124 11.677
139000000 1519.46 2362.59 1373.83 -3249.22 197.568 -143.478
140000000 1442.98 2485.33 1294.96 -2926.13 340.645 -86.9878
141000000 1447.77 2555.17 1214.81 -2709.38 373.281 -93.2933
142000000 1659.24 2399.6 1181.34 -2226.5 295.496 78.056
143000000 1428.67 2628.44 1101.7 -1876.13 390.616 -124.978
144000000 1508.02 2547.71 1131.56 -1538.58 495.98 166.705
145000000 1391.1 2448.03 1140.08 -1098.9 319.945 65.5168
146000000 1485.88 2386.13 1021.59 -854.616 397.551 137.388
147000000 1330.18 2708.19 1168.95 -580.485 444.092 140.758
148000000 1290.66 2669.95 1151.15 -184.195 435.677 95.0478
149000000 1432.69 2809.52 1101.45 346.564 667.55 306.196
150000000 1524.72 2703.8 1149.37 367.377 520.667 160.207
151000000 1403.44 2580.21 1312.88 784.312 357.948 160.478
152000000 1540.05 2868.87 1101.9 1065.49 544.553 192.444
153000000 1546.01 2847.46 1019.89 1371.34 464.064 -52.337
154000000 1526.02 2849.85 1056.45 1742.02 467.571 -56.5203
155000000 1549.2 2997.79 1116.15 2022.59 537.139 -65.4898
156000000 1362.81 2997.75 1237.96 2515.61 220.283 25.5285
157000000 1423.38 2741.55 1274.14 2767.35 414.517 -23.7794
158000000 1370.12 2662.33 1481.71 3297.83 404.083 -49.4756
159000000 1111.34 2748.69 1529.67 3308.14 425.537 -243.983
160000000 1090.58 2922.06 1301.86 3387.54 614.276 -92.0763
161000000 1191.83 2791 1355.97 3847.58 509.191 -129.256
162000000 1276.52 2831.38 1384.13 4359.98 561.439 160.475
163000000 1180.68 2873.83 1297.22 4418.84 480.501 -54.0855
164000000 1236.31 2689.88 1234.14 4740.95 343.015 -26.2699
165000000 1079.86 2639.74 1409.38 4744.78 506.534 39.4813
166000000 1108.2 2901 1340.31 4792.78 565.165 82.2053
167000000 1304.83 2914.93 1373.41 5070.78 483.633 188.516
168000000 978.862 3190.88 1484.71 5204.87 591.798 162.146
169000000 1088.22 3090.99 1505.73 5265.98 551.667 260.403
170000000 929.066 2969.66 1683.95 5375.75 516.725 268.622
171000000 1064.18 3032.17 1539.85 5584.65 297.492 115.665
172000000 1082.1 2853.04 1432.69 5625.44 637.133 119.605
173000000 1185.52 2783.49 1483.69 5732.9 636.091 246.833
174000000 1128.59 2930.23 1312.47 5520.32 622.55 165.519
175000000 1284.8 2799.14 1288.57 5623.54 543.969 246.355
176000000 1312.36 2821.88 1432.84 5609.59 594.964 238.872
177000000 1125.34 2838.97 1402.88 5623.2 389.342 231.329
178000000 1383.25 2716.67 1332.73 5375.76 645.371 209.019
179000000 1398.21 2826.49 1118.39 5404.82 629.812 36.2379
180000000 1282.62 2806.75 1138.48 5310.58 652.413 99.1573
181000000 1207.53 2942.73 1274.86 4979.43 488.547 161.875
182000000 1174.53 2774.16 1270.58 4719.66 612.671 -110.634
183000000 1340.18 2822.37 961.056 4726.96 698.067 -47.2883
184000000 1314.23 2808.61 1006.88 4533.18 597.884 -108.688
185000000 1292.7 2767.36 1105.96 4306.01 665.805 -28.467
186000000 1236.87 2955.28 1100.03 4244.04 704.168 -62.5599
187000000 1097.46 2986.62 1062.36 3974.99 756.906 -34.8684
188000000 1150.7 3117.99 989.347 3789.09 770.422 56.8387
189000000 958.632 3035.06 1290.6 3460.26 618.136 151.806
190000000 1205.7 3064.39 1080.8 3147.96 524.824 107.83
191000000 1110.24 3018.61 1227.23 2921.91 643.405 50.5683
192000000 1122.96 2938.22 1260.63 2560.21 646.693 143.475
193000000 1231.61 2836.68 1242.39 2382.01 670.234 238.025
194000000 1251.99 2850.42 1116.66 1956.64 810.122 -28.1376
195000000 1099.89 2860.73 1322.14 1633.27 707.541 36.1878
196000000 1290.69 2625 1351.92 1353.66 741.624 106.586
197000000 1207.96 2493.03 1521.88 990.412 785.901 -44.2447
198000000 1187.56 2427.87 1519.7 678.019 706.91 -192.928
199000000 1267.59 2412.88 1407.03 389.673 705.89 -28.1277
200000000 1275.07 2509.65 1314.02 -67.2094 798.143 187.536
201000000 1325.33 2398.8 1263.63 -259.311 752.987 -16.6565
202000000 1420.18 2418.01 1263.58 -571.197 839.746 78.2975
203000000 1345.53 2635.71 1141.3 -1005.54 722.107 216.63
204000000 1299.98 2384.79 1497.1 -1345.91 409.193 142.686
205000000 1061.69 2348.44 1693.24 -1425.81 573.453 239.915
206000000 1202.48 2551.15 1513.22 -1858.66 473.451 215.815
207000000 1300.84 2614.17 1459.36 -2176.34 608.929 270.364
208000000 1223.84 2492.83 1506.05 -2408.88 542.074 283.546
209000000 1338.83 2508.65 1477.95 -2789.39 565.38 217.205
210000000 1247.73 2568.19 1334.33 -2946.48 531.864 253.786
211000000 1263.87 2470.82 1419.03 -3407.83 712.587 118.91
212000000 1481.34 2398.84 1332.16 -3594.4 709.999 53.0853
213000000 1348.68 2567.52 1298.19 -3679.34 739.669 -39.2071
214000000 1286.12 2648.16 1488.82 -3859.01 746.855 64.7687
215000000 1341.52 2615.87 1328.01 -4036.5 668.088 57.6799
216000000 1506.82 2520.91 1313.39 -4206.61 665.81 112.368
217000000 1572.67 2486.02 1253.27 -4382.53 672.713 -56.3281
218000000 1392.84 2567.46 1439.5 -4526.42 647.377 26.2173
219000000 1523.93 2514.11 1245.83 -4886.06 744.239 -60.8373
220000000 1342.83 2604.54 1435.34 -4615.31 483.113 -25.1461
221000000 1385.89 2816.69 1198.81 -4898.48 333.861 102.552
222000000 1376.56 2723.05 1202.41 -5096.42 653.018 56.6633
223000000 1299.26 2878.02 1097.67 -5092.82 315.211 70.2136
224000000 1372.13 2873.81 1123.75 -5122.02 480.732 -34.8028
225000000 1272.01 2747.21 1135.02 -5363.12 473.592 -170.033
226000000 1362.98 2732.98 1257.76 -5079.93 500.344 -62.1769
227000000 1485.23 2463.25 1116.69 -5022.25 422.574 -23.6351
228000000 1460.57 2547.04 1143.93 -4829.13 521.02 -130.5
229000000 1368.33 2576.61 1411.91 -4699.16 511.53 85.1858
230000000 1487.27 2685.84 1126.95 -4633.9 311.955 -76.6055
231000000 1455.68 2616.37 1136.07 -4522.55 335.426 -64.2361
232000000 1477.81 2593.21 1100.17 -4643.29 261.829 -244.521
233000000 1505.71 2544.37 1133.57 -4175.03 575.515 -91.32
234000000 1547.46 2515.23 1079.6 -3975.29 418.282 -198.456
235000000 1382.79 2508.85 1004.49 -3879.6 510.334 -216.108
236000000 1240.06 2653.7 1308.92 -3739.93 550.321 39.9988
237000000 1323.71 2463.59 1217.5 -3413.9 587.279 -171.908
238000000 1145.42 2482.29 1082.74 -3132.87 488.951 -123.659
239000000 1291.77 2469.23 1213.72 -3154.04 713.415 -151.602
240000000 1304.8 2440.14 1245.61 -2906.51 637.442 -220.059
241000000 1178.98 2168.34 1475.02 -2350.13 440.209 -269.623
242000000 1307.85 2448.68 1302.05 -2002.38 471.7 -243.31
243000000 1338.17 2525.55 1161.81 -1728.56 514.982 -124.285
244000000 1280.27 2545.7 1146.77 -1494.37 467.674 127.456
245000000 1244.19 2481.53 1203.09 -1078.51 322.85 8.45892
246000000 1164.71 2531.28 1147.19 -695.523 391.999 125.573
247000000 1235.44 2530.12 1248.73 -360.839 567.887 27.6774
248000000 1289.02 2727.79 951.412 -220.805 538.276 47.3551
249000000 1317.05 2885.51 929.503 103.685 613.711 35.9682
250000000 1364.4 2644.22 1044.75 563.882 531.486 124.968
251000000 1332.32 2633.57 1151.3 1076.02 449.739 80.3252
252000000 1410.23 2645.87 1222.05 1408.29 627.145 -31.6366
253000000 1411.42 2643.81 1062.92 1589.48 571.59 139.108
254000000 1290.14 2715.93 1216.64 1881.96 329.468 20.3802
255000000 1326.55 2649.58 1175.06 2284.71 514.726 117.242
256000000 1359.44 2583.2 1275.26 2760.81 512.921 25.4219
257000000 1380.49 2480.84 1278.93 3006.39 493.254 71.97
258000000 1154.05 2715.44 1281.81 3190.84 934.367 93.8759
259000000 1158.91 2536.49 1335.57 3510.49 667.318 -176.844
260000000 1131.99 2600.52 1361.26 3733.74 845.396 -59.078
261000000 1068.05 2673.22 1329.76 4061.48 728.189 142.87
262000000 1149.76 2495.53 1394.79 4308.95 586.301 14.7765
263000000 1053.18 2679.52 1343.2 4703.45 556.288 -18.4038
264000000 1325.73 2558.33 1393.86 4740.65 388.805 31.5966
265000000 1138.68 2621.92 1481.41 4961.09 348.322 42.3612
266000000 1013.91 2827.19 1376.96 5112.61 285.532 1.52831
267000000 1119.42 2742.65 1352.26 5407.1 231.469 -152.323
268000000 1056.13 2874.77 1240.43 5506.26 224.889 -38.9639
269000000 1101.9 2919.86 1078.84 5817.38 476.434 -4.13782
270000000 1170.56 2913.71 1155.14 5770.84 238.881 166.014
271000000 1253.27 2948.7 1088.2 5807.72 387.739 90.5638
272000000 1065.71 2979.14 1342.4 5722.91 239.112 124.806
273000000 1221.13 2811.8 1327.63 5966.39 335.077 153.428
274000000 1078.96 3081.56 1360.8 5947.16 389.327 51.3762
275000000 1136.16 2980.17 1404.37 5860.76 182.54 68.67
276000000 1283.43 3026.36 1206.86 5770.66 210.32 138.493
277000000 1129.83 2934.82 1462.54 5886 89.4124 19.9239
278000000 1161.46 3069.53 1247.82 5594.92 236.863 -77.953
279000000 1324.74 2892.19 1233.82 5695.03 185.143 -49.8393
280000000 1380.27 2986.11 1308.36 5517.43 237.841 21.0544
281000000 1211.11 2792.55 1427.57 5363.98 157.95 -157.279
282000000 1302.21 2815.55 1187.4 5261.19 225.246 -504.578
283000000 1368.81 2747.16 1388.39 5162.1 189.703 -198.506
284000000 1245.75 3021.14 1098.6 4776.27 -267.777 -555.572
285000000 1249.34 3266.48 1042.66 4578.24 -200.625 -222.848
286000000 1203.51 3027.6 1173.81 4423.72 -216.453 -372.862
287000000 1296.99 3344.57 1038.25 3876.83 -105.188 -359.607
288000000 1459.81 2890.02 1248.11 3842.16 144.625 -402.562
289000000 1325.16 3012.11 1299.04 3583.31 -61.0203 -382.017
290000000 1336.23 2885.38 1331.51 3281.71 53.8062 -428.714
291000000 1336.11 2558.89 1545.74 2993.88 -126.242 -423.014
292000000 1408.75 2809.29 1327.38 2692.91 31.2808 -146.773
293000000 1480.54 3098.23 1016.19 2347.11 165.305 -212.242
294000000 1311.87 2991.92 1371.41 2136.2 54.3427 -310.234
295000000 1344.28 2857.89 1209.65 1659.21 6.23578 -219.357
296000000 1102.56 3050.23 1275.42 1351.68 -4.12107 -261.93
297000000 1214.77 2996.37 1250.23 846.917 70.3993 -234.261
298000000 1355.01 2847.6 1268.81 566.19 -60.4718 -210.014
299000000 1359.98 2771.43 1208.33 59.1024 -78.825 -197.987
300000000 1485.81 2677.39 1211.04 -235.48 -10.4543 -341.474
301000000 1433.16 2822.91 1283.01 -612.256 -72.1875 -230.916
302000000 1498.48 2838.06 1059.46 -830.323 79.1474 -486.361
303000000 1442.24 2550.68 1303.9 -1177.36 -70.621 -555.472
304000000 1587.89 2544.11 1273.25 -1622.43 -33.8293 -560.258
305000000 1289.59 2796.13 1133.81 -1919.61 27.0136 -591.366
306000000 1339.02 2642.16 1232.96 -2305.33 -114.119 -563.289
307000000 1373.88 2850.21 1155.25 -2449.7 -125.939 -615.466
308000000 1388.1 2814 1212.73 -2709.54 -112.829 -584.645
309000000 1313.75 3009.1 1168.56 -3150.35 -26.3797 -393.361
310000000 1250.89 2797.68 1242.88 -3441.26 -100.948 -513.25
311000000 1502.88 2586.38 1297.33 -3524.89 -229.86 -688.747
312000000 1398.54 2650.28 1432.22 -3955.76 -255.09 -625.05
313000000 1497.97 2752.57 1464.06 -4085.89 -82.1235 -708.816
314000000 1642.19 2799.01 1484.48 -4304.94 -108.234 -635.116
315000000 1682.28 2655.57 1607.96 -4457.41 -13.8849 -507.539
316000000 1664.75 2874.51 1522.68 -4644.96 -119.697 -597.105
317000000 1518.05 2757.71 1419.25 -4862.42 -49.3648 -496.965
318000000 1775.99 2901.66 1316.82 -4766.44 171.8 -322.396
319000000 1330.91 2887.77 1754.64 -4932.67 161.352 -159.549
320000000 1292.5 2931.31 1902.99 -4855.83 -50.5397 -272.793
321000000 1283.76 3038.11 1776.09 -4800.53 -71.348 -310.848
322000000 1635.43 2648.93 1847.21 -4927.8 -237.884 -260.575
323000000 1590.01 2705.25 1753.06 -4907.16 -17.663 46.5834
324000000 1647.23 2536.91 1835.22 -4552.23 -153.451 23.8151
325000000 1615.4 2490.29 1917.99 -4563.2 -107.514 -1.73836
326000000 1747.67 2348.52 1901.99 -4745.07 8.11748 -49.3585
327000000 1732.27 2287.46 2007.32 -4742.91 128.477 57.9752
328000000 1635.99 2425.56 1906.96 -4735.07 -110.013 -5.23262
329000000 2102.93 2206.88 1679.24 -4571.16 256.13 -23.9539
330000000 1918.55 2052.65 1792.31 -4357.25 294.038 -26.9752
331000000 1762.4 2277.41 1970.07 -4538.21 181.837 62.3631
332000000 1946.16 2263.21 1819.76 -4401.06 136.031 -0.79968
333000000 1792.93 2160.66 1884.54 -4204.31 199.734 246.486
334000000 1868.58 2176.66 1878.27 -3878.08 249.133 190.867
335000000 1812.44 2246.35 1886.02 -3530.87 328.003 230.674
336000000 2000.27 2129.67 1712.77 -3399.12 331.139 163.825
337000000 1618.95 2090.56 1859.45 -3140.97 169.049 -7.8569
338000000 1730.32 2230.28 1784.27 -2887.4 270.991 153.133
339000000 1734.47 2294.63 1788.48 -2587.63 195.753 127.968
340000000 1566.62 2578.02 1712.7 -2281.55 135.707 -33.7909
341000000 1536.09 2450.45 1830.31 -2107.09 68.4005 106.431
342000000 1617.66 2433.58 1683.83 -1732.41 169.545 39.0583
343000000 1910.69 2275.53 1621.15 -1407.99 401.09 231.481
344000000 1631.23 2217.55 1719.41 -1151.62 185.524 109.905
345000000 1496.44 2419.73 1843.07 -703.536 147.706 64.717
346000000 1704.43 2493.16 1744.21 -628.264 222.049 131.213
347000000 1655.56 2505.81 1561.25 -120.854 496.728 169.93
348000000 1800.87 2521.83 1354.7 131.872 249.397 125.462
349000000 1600.01 2439.05 1501.41 532.137 391.629 227.12
350000000 1673.02 2262.3 1793.85 835.552 296.769 147.538
351000000 1974.84 2283.23 1801.37 1141.99 604.337 316.257
352000000 1671.01 2265.5 1984.91 1536.24 303.851 213.711
353000000 1811.35 2322.07 1823.56 1888.12 146.984 51.045
354000000 1499.55 2521.2 1685.52 2068.32 329.371 -89.9058
355000000 1710.17 2500.85 1467.09 2215.25 202.525 261.904
356000000 1946.17 2724.77 1271.59 2220.03 70.4225 -79.3163
357000000 1782.73 2844.14 1654.16 2786.11 228.536 -308.123
358000000 1599.38 2966.25 1617.28 2877.87 33.0956 -384.23
359000000 1606.57 2672.54 1641.33 3168.84 207.639 -353.693
360000000 1601.12 2732.31 1653.94 3554.21 193.074 -303.123
361000000 1643.95 2690.29 1649.87 3798.82 245.627 -281.119
362000000 1603.35 2755.08 1581.58 4191.81 236.719 -185.762
363000000 1553.32 2617 1763.1 4264.65 310.026 -37.5549
364000000 1569.21 2702.81 1745.62 4446.86 231.364 -160.811
365000000 1520.04 2700.43 1824.98 4749.84 197.928 -201.621
366000000 1576.05 2617.35 1784.12 4879.77 200.93 -47.281
367000000 1677.74 2495.9 1600.79 4761.26 440.663 35.8113
368000000 1542.29 2528.37 1639.89 5116.2 383.263 4.87294
369000000 1623.08 2594.54 1789.71 5285.07 507.95 -42.4176
370000000 1480.34 2662.41 1711.5 5575.16 465.71 -40.2018
371000000 1467.42 2710.27 1656.75 5688.13 273.565 -46.1154
372000000 1362.95 2722.37 1655.58 5758.92 464.25 -71.8284
373000000 1544.14 2696.66 1540.28 5802.69 575.249 -32.1174
374000000 1380.61 2731.03 1613.91 5883.87 406.894 110.483
375000000 1413.4 2759.59 1523.47 5720.98 401.527 32.0759
376000000 1541.88 2403.52 1886.23 5778.62 318.96 -22.1348
377000000 1268.27 2929.01 1562 5706.13 581.693 224.056
378000000 1378.25 2790.2 1573.54 5655.49 397.68 64.8875
379000000 1485.17 2770.88 1655.47 5454.14 416.461 87.8508
380000000 946.191 2632.65 2010.18 5402.69 329.633 186.469
381000000 1103.85 2615.86 1976.6 5167.11 405.208 241.128
382000000 1188.51 2378.9 2078.07 5039.87 264.199 356.912
383000000 960.348 2451.09 2040.95 4894.52 185.492 274.015
384000000 1235.59 2491.24 2001.64 4659.33 290.567 361.046
385000000 1172.56 2230.94 2107.3 4487.73 342.146 181.746
386000000 1129.79 2384.48 1964.11 4349.23 434.204 165.379
387000000 1124.11 2218.23 1903.99 3935.09 239.931 196.979
388000000 1092.29 2496.86 1721.48 3557.32 262.517 108.457
389000000 1142.99 2337.68 1696.55 3472.21 218.072 208.825
390000000 1028.32 2307.9 1823.76 3213.34 205.293 142.782
391000000 951.176 2255.43 1887.58 2638.38 239.236 102.599
392000000 892.235 2281.09 2028.32 2297.3 182.064 68.94
393000000 825.206 2285.73 2067.32 1898.41 135.09 209.708
394000000 954.723 2287.18 2027.8 1746.85 128.295 21.33
395000000 913.929 2237.24 1993.09 1328.27 53.0647 62.4599
396000000 1020.79 2390.28 1996.79 1046.63 96.3921 121.797
397000000 1134.64 2501.26 1904.26 697.656 62.7195 260.51
398000000 999.979 2509.2 1888.48 373.866 16.6861 201.197
399000000 946.499 2443.52 2013.63 121.156 28.9853 127.631
400000000 987.056 2296.74 2124.07 -231.143 87.651 29.2415
401000000 923.2 2397.46 2033.46 -679.734 120.613 41.9475
402000000 858.399 2508.28 1939.02 -980.889 218.726 141.151
403000000 1005.55 2468.6 1770.46 -1338.03 -0.877946 -61.7153
404000000 1154.04 2512.28 1566.79 -1590.2 35.5988 -39.4427
405000000 879.652 2425.95 1756.23 -2008.54 169.996 64.6904
406000000 877.928 2553.04 1799 -2289.97 196.198 131.752
407000000 958.33 2499.98 1721.61 -2766.18 133.465 79.4608
408000000 899.075 2606.42 1689.03 -3069.98 109.58 99.6371
409000000 775.313 2358 2050.76 -3236.95 87.4563 81.4003
410000000 810.712 2416.03 1974 -3510.47 4.4831 177.366
411000000 811.169 2418.04 1820.25 -3790.15 -21.4044 161.075
412000000 741.406 2438.35 1914.56 -4143.14 -34.5584 197.18
413000000 746.572 2631.95 1868.46 -4204.15 -59.5058 -40.5006
414000000 757.271 2705.94 1858.49 -4325.82 -367.828 -13.4333
415000000 850.544 2580 1960.38 -4744.39 -264.161 -99.8306
416000000 777.46 2537.02 1944.15 -4844.22 -380.717 79.8147
417000000 816.44 2665.53 1866.02 -5006.63 -275.285 49.843
418000000 826.901 2492.65 1870.59 -5054.52 -127.39 147.124
419000000 947.928 2463.71 1695.48 -5331.41 -287.582 60.731
420000000 759.282 2644.14 1965.3 -5297.06 -163.167 22.7422
421000000 1133.58 2770.38 1636.98 -5431.34 -302.832 244.635
422000000 731.292 2742.63 1933.09 -5443.63 -91.0067 197.117
423000000 848.363 2689.51 2043.13 -5503.09 -275.168 175.757
424000000 1029.81 2697.35 1814.05 -5627.93 -271.034 265.661
425000000 1043.39 2837.65 1623.12 -5590.47 -299.359 382.383
426000000 917.454 2597.62 1807.23 -5273.9 -242.179 131.65
427000000 974.743 2557.8 1931.26 -5440.33 -328.98 127.789
428000000 633.644 2918.21 1957.74 -5323.38 -411.583 161.683
429000000 743.622 2717.01 2074.27 -4967.61 -470.964 -16.1163
430000000 791.525 2714.8 1881.61 -5019.34 -405.906 160.704
431000000 851.276 2702.11 1963.81 -4968.79 -390.288 92.2919
432000000 902.002 2923.85 1412.19 -4920.65 -502.397 208.619
433000000 1017.79 2463.67 1832.41 -4760.35 -358.782 205.252
434000000 1103.88 2671.4 1683.68 -4677.8 -482.541 136.209
435000000 1275.9 2375.28 1802.87 -4396.91 -481.769 286.726
436000000 1187.61 2227.24 1977.91 -4170.21 -424.176 353.123
437000000 1166.44 2069.36 2013.55 -3612.77 -570.997 253.108
438000000 1208.77 2282.83 1999.31 -3147.32 -515.901 366.234
439000000 911.541 2373.43 2031.91 -2992.7 -592.904 376.626
440000000 1073.96 2370.77 1880.49 -2750.07 -585.824 247.947
441000000 1160.88 2349.92 1854.35 -2347.87 -473.916 390.3
442000000 1206.29 2375.8 1670.35 -2260.48 -606.156 78.7392
443000000 1311.69 2419.58 1701.77 -1723.5 -324.054 86.5632
444000000 1061.63 2388.26 1637.88 -1613.01 -218.043 170.771
445000000 1294.82 2333.53 1533.66 -1232.76 -324.429 197.581
446000000 1001.96 2583.76 1585.64 -893.25 -154.704 366.406
447000000 1103.78 2374.35 1837.67 -426.56 -68.2311 340.92
448000000 1019.84 2436.23 1831.84 -189.687 -154.753 445.848
449000000 1143.82 2331 1931.52 334.904 -150.957 414.595
450000000 1132.65 2433.26 1726.12 402.482 -212.852 345.745
451000000 1022.64 2417.91 1829.49 852.108 -195.807 498.639
452000000 1048.47 2318.12 1753.33 1286.2 -33.1174 515.185
453000000 1077.94 2278.77 1788.46 1490.65 -131.546 506.268
454000000 1035.89 2532.51 1708.67 1890.99 -38.8772 485
455000000 1126.22 2526.84 1560.29 2201.13 -258.239 585.636
456000000 1039.71 2312.64 1718.19 2520.52 -194.219 566.594
457000000 1103.35 2428.81 1751.31 2820.63 -153.88 703.765
458000000 1123.96 2408.11 1819.38 3285.75 -201.798 614.822
459000000 860.155 2618.85 1803.26 3508.15 -286.854 704.38
460000000 941.926 2478.61 1853.35 3673.38 -285.111 759.078
461000000 983.801 2257.63 2055.26 3922.82 -172.509 647.335
462000000 790.487 2344.29 2231.43 4094.63 -223.276 558.36
463000000 943.265 2225.31 2177.79 4383.44 -329.916 520.175
464000000 992.247 2210.8 2260.98 4489.52 -396.382 467.532
465000000 913.671 2267.5 2209.03 4715.94 -377.688 559.504
466000000 1070.64 2385.13 2203.9 4890.99 -311.654 543.435
467000000 1033.3 2304.91 2249.35 5048.49 -342.322 482.928
468000000 1083.83 2259.39 2163.66 5113.18 -294.632 499.055
469000000 954.786 2334.47 2279.45 5284.33 -324.964 421.915
470000000 1081.47 2328.38 2256.09 5405.22 -406.98 481.603
471000000 1019.15 2260.75 2350.34 5683.49 -475.722 436.789
472000000 699.166 2679.49 2293.96 5621.86 -499.564 375.049
473000000 1012.47 2524.35 2340.53 5771.4 -490.324 402.018
474000000 876.73 2168.37 2650.35 5821.12 -441.001 253.362
475000000 962.091 2443.63 2414.84 5794.45 -352.628 372.313
476000000 941.701 2676.91 2205.84 5804.83 -304.354 296.775
477000000 951.454 2432.93 2311.07 5648.97 -430.262 265.591
478000000 828.12 2372.36 2331.29 5545.12 -511.647 242.654
479000000 871.154 2510.29 2267.6 5447.32 -445.073 302.93
480000000 856.134 2401.02 2204.52 5424.03 -424.86 263.118
481000000 931.235 2297.89 2288.26 5267.04 -488.294 415.361
482000000 858.685 2169.24 2237.36 5002.18 -513.597 387.726
483000000 963.926 2286.22 2268.6 4971.99 -458.604 360.772
484000000 924.671 2434.25 2074.67 4936.66 -444.601 367.493
485000000 956.732 2503.43 2146.64 4635.61 -338.124 348.368
486000000 716.992 2595.27 2227.58 4407.43 -459.161 335.621
487000000 1230.89 2458.48 1765.05 4011.44 -597.587 450.583
488000000 1327.78 2697.23 1655.39 3853.82 -497.862 544.035
489000000 1381.51 2871.4 1521.21 3551.41 -387.704 392.192
490000000 1252.32 2708.48 1542.52 3263.21 -452.072 406.67
491000000 1273.02 2641.11 1591.23 2910.09 -483.132 454.421
492000000 1365.75 2504.87 1531.94 2608.32 -398.603 402.575
493000000 1610.23 2485.78 1364.12 2181.28 -613.244 576.526
494000000 1579.86 2425.71 1390.66 1904.4 -488.768 412.47
495000000 1478.95 2617.62 1539.22 1764.11 -446.201 529.38
496000000 1484.74 2517.23 1389.98 1289.01 -418.768 335.44
497000000 1395.85 2600.03 1429.45 1038.75 -343.345 320.137
498000000 1404.3 2543.05 1460.49 674.532 -466.129 413.446
499000000 1503.53 2461.89 1447.99 148.415 -420.117 426.931
500000000 1575.73 2526.91 1349.67 12.3761 -394.966 337.357
