# Time-averaged data for fix ps1
# TimeStep c_thermo_press[1] c_thermo_press[2] c_thermo_press[3] c_thermo_press[4] c_thermo_press[5] c_thermo_press[6]
100000 381620 378048 0 366.09 0 0
200000 382600 377773 0 1021.81 0 0
300000 383394 377697 0 -1130.89 0 0
400000 382343 376756 0 -1117.84 0 0
500000 380723 378253 0 1868.18 0 0
600000 379006 380099 0 -1782.43 0 0
700000 379611 379200 0 -82.0015 0 0
800000 380744 377406 0 -1263.45 0 0
900000 379753 378076 0 -935.976 0 0
1000000 380778 376553 0 -869.272 0 0
1100000 377498 380977 0 -1929.53 0 0
1200000 378368 379992 0 -857.945 0 0
1300000 377597 380862 0 -1085.14 0 0
1400000 378511 379632 0 278.422 0 0
1500000 380705 378753 0 2361.68 0 0
1600000 380938 378556 0 1304.41 0 0
1700000 378985 380772 0 1484.03 0 0
1800000 381025 379417 0 267.924 0 0
1900000 378268 380695 0 401.8 0 0
2000000 380010 379121 0 232.633 0 0
2100000 380400 379193 0 3180.91 0 0
2200000 379497 379581 0 -1033.58 0 0
2300000 377683 381882 0 512.817 0 0
2400000 378809 380662 0 -832.905 0 0
2500000 378455 380761 0 -368.978 0 0
2600000 378569 381841 0 -849.019 0 0
2700000 379912 380254 0 -2232.56 0 0
2800000 380206 379462 0 -1826.16 0 0
2900000 379458 380329 0 -750.414 0 0
3000000 378178 382372 0 -3381.89 0 0
3100000 381002 378535 0 -2498.37 0 0
3200000 380545 379382 0 -1025.17 0 0
3300000 381118 379419 0 -657.529 0 0
3400000 380650 378536 0 -1133.35 0 0
3500000 380849 380514 0 -2477.61 0 0
3600000 381377 379141 0 -808.149 0 0
3700000 379149 381591 0 -1203 0 0
3800000 380122 380132 0 -313.493 0 0
3900000 378112 381817 0 1960.29 0 0
4000000 382446 377956 0 -288.865 0 0
4100000 380444 379065 0 1210.48 0 0
4200000 380922 377893 0 2296.49 0 0
4300000 379840 380058 0 1269.89 0 0
4400000 380589 379525 0 -899.553 0 0
4500000 379604 380376 0 -1912.08 0 0
4600000 378753 381846 0 -2343.41 0 0
4700000 381710 378919 0 -2760.25 0 0
4800000 379694 379917 0 -175.765 0 0
4900000 381177 378385 0 -623.419 0 0
5000000 380416 380141 0 -98.1128 0 0
5100000 380044 380764 0 -982.834 0 0
5200000 379940 380203 0 -1369.83 0 0
5300000 381452 379904 0 -1488.24 0 0
5400000 378823 380959 0 -807.694 0 0
5500000 379619 379424 0 210.868 0 0
5600000 377308 382990 0 884.047 0 0
5700000 377803 381537 0 1673.9 0 0
5800000 378399 379254 0 1141.24 0 0
5900000 379414 380222 0 840.465 0 0
6000000 381399 376893 0 1158.31 0 0
6100000 381012 376896 0 1228.73 0 0
6200000 379490 379820 0 715.238 0 0
6300000 381207 378142 0 902.985 0 0
6400000 382218 377790 0 2261.63 0 0
6500000 380550 379492 0 1301.67 0 0
6600000 381742 379159 0 1523.42 0 0
6700000 380074 379540 0 1602.87 0 0
6800000 378298 381874 0 -923.76 0 0
6900000 380236 379950 0 968.671 0 0
7000000 381362 379159 0 -2313.93 0 0
7100000 380447 379454 0 -124.692 0 0
7200000 378859 380816 0 -178.985 0 0
7300000 380177 379914 0 -244.233 0 0
7400000 379201 381471 0 -2173.08 0 0
7500000 380192 380216 0 100.421 0 0
7600000 381296 378604 0 -1717.85 0 0
7700000 380792 380618 0 2079.3 0 0
7800000 379842 380996 0 1787.38 0 0
7900000 380626 380241 0 -453.058 0 0
8000000 379254 381982 0 1392.6 0 0
8100000 379815 381061 0 -816.391 0 0
8200000 379324 381457 0 2532.98 0 0
8300000 377562 382300 0 863.967 0 0
8400000 378483 381922 0 530.446 0 0
8500000 380296 379104 0 2662.17 0 0
8600000 379616 380867 0 579.027 0 0
8700000 380928 379966 0 -2261.72 0 0
8800000 380357 379385 0 2465.68 0 0
8900000 377596 383790 0 2427.39 0 0
9000000 379853 381227 0 1120.18 0 0
9100000 380680 380123 0 -545.994 0 0
9200000 379395 380785 0 -1072.79 0 0
9300000 378682 381109 0 2093.22 0 0
9400000 380375 380924 0 2529.84 0 0
9500000 380559 380459 0 357.781 0 0
9600000 377692 382687 0 451.666 0 0
9700000 378237 382977 0 1187.94 0 0
9800000 380204 379425 0 690.07 0 0
9900000 380506 380613 0 -181.723 0 0
10000000 380149 379658 0 -1012.68 0 0
10100000 378634 380644 0 -2258.31 0 0
10200000 379286 381312 0 -1596.68 0 0
10300000 378318 381201 0 -341.533 0 0
10400000 380859 379610 0 -1231.15 0 0
10500000 381443 377789 0 -397.997 0 0
10600000 382777 376751 0 -1783.28 0 0
10700000 381864 378918 0 -1064.24 0 0
10800000 381231 377898 0 -375.874 0 0
10900000 381413 378217 0 70.0663 0 0
11000000 382982 376954 0 -458.144 0 0
11100000 379967 380049 0 15.5359 0 0
11200000 379041 380556 0 1337.14 0 0
11300000 379326 380610 0 1578.11 0 0
11400000 379588 381826 0 -161.833 0 0
11500000 379025 381667 0 -266.755 0 0
11600000 380759 380309 0 -1012.11 0 0
11700000 382197 379924 0 794.478 0 0
11800000 382931 377285 0 1653.93 0 0
11900000 381618 379028 0 390.411 0 0
12000000 380761 379168 0 -116.461 0 0
12100000 378364 382029 0 -17.7195 0 0
12200000 380633 379919 0 66.2549 0 0
12300000 381921 378660 0 777.33 0 0
12400000 377543 381915 0 1419.53 0 0
12500000 379656 381306 0 985.121 0 0
12600000 379400 381611 0 2078.46 0 0
12700000 380442 380281 0 57.7386 0 0
12800000 381845 378860 0 -2717.46 0 0
12900000 382123 378887 0 -995.325 0 0
13000000 380774 378750 0 -763.443 0 0
13100000 380543 379043 0 45.0023 0 0
13200000 382362 377102 0 1162.65 0 0
13300000 378202 381767 0 -229.956 0 0
13400000 379845 379365 0 4461.81 0 0
13500000 381830 376867 0 3723.08 0 0
13600000 379284 379291 0 1029.25 0 0
13700000 381066 378761 0 415.476 0 0
13800000 378115 381758 0 1724.9 0 0
13900000 378691 380429 0 1068.86 0 0
14000000 379277 380031 0 1051.14 0 0
14100000 378628 381398 0 3152.34 0 0
14200000 381049 378726 0 -397.031 0 0
14300000 379491 380876 0 -955.92 0 0
14400000 378419 381308 0 -629.99 0 0
14500000 379696 379452 0 -486.997 0 0
14600000 381585 379092 0 486.489 0 0
14700000 379789 380955 0 30.5035 0 0
14800000 378039 381826 0 -1108.04 0 0
14900000 379366 380775 0 1733.63 0 0
15000000 379320 382099 0 354.011 0 0
15100000 379509 380482 0 630.896 0 0
15200000 378171 380888 0 1743.05 0 0
15300000 381673 378789 0 2962.43 0 0
15400000 381742 378299 0 3762.24 0 0
15500000 378568 380332 0 3126.83 0 0
15600000 377226 382587 0 1693.36 0 0
15700000 379407 380475 0 1331.95 0 0
15800000 379165 380108 0 2789.13 0 0
15900000 378822 381026 0 1021.03 0 0
16000000 378208 382672 0 728.987 0 0
16100000 378859 381075 0 2533.36 0 0
16200000 378692 380825 0 11.5647 0 0
16300000 380096 379902 0 -36.5824 0 0
16400000 379471 381031 0 -1914.31 0 0
16500000 378576 381582 0 1642.44 0 0
16600000 378602 381843 0 724.061 0 0
16700000 378308 381170 0 -1828.16 0 0
16800000 379601 381864 0 -3366.56 0 0
16900000 378026 382274 0 -3976.65 0 0
17000000 381139 379561 0 -19.0132 0 0
17100000 378148 382047 0 -1247.99 0 0
17200000 380899 380316 0 1997.38 0 0
17300000 379504 380438 0 -673.865 0 0
17400000 380534 379873 0 258.235 0 0
17500000 379149 382062 0 1777.03 0 0
17600000 378890 382553 0 426.004 0 0
17700000 378087 382367 0 870.611 0 0
17800000 378471 381158 0 -1641.51 0 0
17900000 379420 381041 0 -803.767 0 0
18000000 381168 380744 0 1516.91 0 0
18100000 382509 378741 0 1004.73 0 0
18200000 381732 379354 0 500.578 0 0
18300000 379674 381231 0 137.658 0 0
18400000 378735 381537 0 -1781.18 0 0
18500000 378960 381646 0 -544.201 0 0
18600000 380379 380328 0 -2059.77 0 0
18700000 379535 382162 0 -98.2185 0 0
18800000 381285 379205 0 -130.311 0 0
18900000 380794 379570 0 -790.404 0 0
19000000 380753 379856 0 1510.3 0 0
19100000 379343 380721 0 585.328 0 0
19200000 380843 379136 0 1140.57 0 0
19300000 377455 381841 0 549.932 0 0
19400000 378485 381691 0 1621.22 0 0
19500000 378685 380968 0 1222.23 0 0
19600000 378862 381555 0 -1501.49 0 0
19700000 379139 380762 0 100.549 0 0
19800000 379262 381478 0 166.624 0 0
19900000 380344 380818 0 1832.84 0 0
20000000 382586 379252 0 -199.912 0 0
20100000 379939 380263 0 -1579.03 0 0
20200000 379639 380831 0 -2298.38 0 0
20300000 382087 378142 0 -674.672 0 0
20400000 380409 380173 0 -1432.79 0 0
20500000 384010 376651 0 -909.259 0 0
20600000 381989 378693 0 -1037.24 0 0
20700000 380695 380061 0 -1777.35 0 0
20800000 382412 378437 0 106.988 0 0
20900000 382087 379278 0 1690.47 0 0
21000000 380858 378563 0 2109.8 0 0
21100000 380743 379471 0 -107.222 0 0
21200000 381310 378877 0 -1187.9 0 0
21300000 379917 380486 0 -1616.23 0 0
21400000 380406 380967 0 -1129.85 0 0
21500000 379645 382457 0 591.836 0 0
21600000 378630 382097 0 -553.397 0 0
21700000 378799 380884 0 -1334.39 0 0
21800000 381232 378629 0 416.663 0 0
21900000 380410 379305 0 265.983 0 0
22000000 380787 379748 0 1315.85 0 0
22100000 378723 380701 0 -2531.46 0 0
22200000 379751 380008 0 -1728.32 0 0
22300000 378911 383199 0 -1519.12 0 0
22400000 379347 381004 0 430.236 0 0
22500000 380338 378602 0 3944 0 0
22600000 379975 377946 0 3225.15 0 0
22700000 377145 381852 0 -340.832 0 0
22800000 378919 381455 0 764.889 0 0
22900000 377495 381809 0 1438.3 0 0
23000000 380277 379550 0 1640.69 0 0
23100000 378294 381855 0 -1175.88 0 0
23200000 381135 378695 0 485.748 0 0
23300000 380345 379884 0 -739.889 0 0
23400000 380388 379114 0 1584.82 0 0
23500000 380567 379918 0 -1128.13 0 0
23600000 378963 380394 0 343.316 0 0
23700000 379035 380531 0 32.0018 0 0
23800000 378105 381597 0 151.74 0 0
23900000 380837 378866 0 717.67 0 0
24000000 381053 378827 0 1406.65 0 0
24100000 381893 378801 0 -95.4548 0 0
24200000 378183 382436 0 -298.569 0 0
24300000 378705 381910 0 1930.99 0 0
24400000 378440 381665 0 2583.5 0 0
24500000 379961 380739 0 -1169.07 0 0
24600000 378277 380898 0 37.8275 0 0
24700000 379990 380856 0 1269.03 0 0
24800000 380457 379056 0 -848.673 0 0
24900000 381154 379427 0 -98.949 0 0
25000000 380649 380671 0 -577.77 0 0
25100000 379718 379737 0 -146.455 0 0
25200000 381136 378199 0 -225.252 0 0
25300000 379790 379694 0 -875.631 0 0
25400000 378949 381994 0 310.982 0 0
25500000 381830 378097 0 259.375 0 0
25600000 380732 380716 0 938.542 0 0
25700000 380270 380609 0 2701.72 0 0
25800000 380655 379754 0 1803.92 0 0
25900000 380867 379392 0 1357.22 0 0
26000000 376753 382694 0 1197.01 0 0
26100000 379753 380424 0 -82.5473 0 0
26200000 379668 379510 0 -1923.52 0 0
26300000 378311 380509 0 569.225 0 0
26400000 380525 379938 0 -2356.67 0 0
26500000 379980 379701 0 -547.544 0 0
26600000 379702 380732 0 -3281.52 0 0
26700000 375347 384225 0 -1713.54 0 0
26800000 380883 379946 0 -2301.58 0 0
26900000 379375 381989 0 1221.63 0 0
27000000 379804 380835 0 77.7366 0 0
27100000 381000 379172 0 1256.17 0 0
27200000 380186 379367 0 336.59 0 0
27300000 381429 379891 0 -14.6314 0 0
27400000 380063 379698 0 -78.148 0 0
27500000 380812 379371 0 -812.194 0 0
27600000 383187 378204 0 -2991.94 0 0
27700000 382705 377152 0 -154.966 0 0
27800000 381761 379651 0 1254.06 0 0
27900000 380196 379349 0 -711.828 0 0
28000000 380680 378408 0 -946.078 0 0
28100000 380912 379839 0 -514.399 0 0
28200000 382174 378748 0 -1343.32 0 0
28300000 382588 378838 0 1079.16 0 0
28400000 379723 380733 0 -675.249 0 0
28500000 379846 380198 0 -976.499 0 0
28600000 380270 380251 0 -1204.03 0 0
28700000 380837 379956 0 426.757 0 0
28800000 380130 380380 0 199.016 0 0
28900000 377444 381244 0 -1379.01 0 0
29000000 376327 382254 0 -806.123 0 0
29100000 379222 379337 0 395.168 0 0
29200000 378509 380828 0 -1191.69 0 0
29300000 379800 379841 0 -1018.6 0 0
29400000 377809 381007 0 -1745.76 0 0
29500000 379782 379277 0 -839.531 0 0
29600000 380987 377612 0 -1429.06 0 0
29700000 383029 376303 0 181.455 0 0
29800000 381778 378267 0 -1452.71 0 0
29900000 382248 378073 0 -962.15 0 0
30000000 381505 377064 0 771.959 0 0
30100000 379909 379670 0 -206.445 0 0
30200000 380779 379342 0 -1099.33 0 0
30300000 380035 377539 0 -284.481 0 0
30400000 378367 380494 0 3379.38 0 0
30500000 381043 377842 0 -1040.46 0 0
30600000 380818 377854 0 -3029.59 0 0
30700000 381204 379222 0 -2793.25 0 0
30800000 382489 377035 0 -4411.21 0 0
30900000 382113 377096 0 -1134.56 0 0
31000000 382014 378294 0 -809.921 0 0
31100000 381044 379943 0 -2679 0 0
31200000 383967 375837 0 -415.826 0 0
31300000 379894 380474 0 618.753 0 0
31400000 377371 382533 0 1200.52 0 0
31500000 379020 380455 0 -1900.67 0 0
31600000 379708 379566 0 -2349.51 0 0
31700000 381124 378571 0 -1616.8 0 0
31800000 379811 379961 0 -3079.41 0 0
31900000 381585 378542 0 -174.541 0 0
32000000 381745 379366 0 -3345.92 0 0
32100000 381657 379026 0 -2279.57 0 0
32200000 382743 376702 0 -928.122 0 0
32300000 382866 377301 0 3016.28 0 0
32400000 380076 378728 0 952.54 0 0
32500000 379517 380591 0 1348.04 0 0
32600000 381239 378138 0 -1383.24 0 0
32700000 378223 381925 0 -1843.37 0 0
32800000 382137 378131 0 1080.25 0 0
32900000 377950 382012 0 143.077 0 0
33000000 380598 378795 0 -32.9127 0 0
33100000 383934 376455 0 -29.3832 0 0
33200000 381262 378839 0 190.568 0 0
33300000 380087 379561 0 819.431 0 0
33400000 379551 380324 0 -1184.55 0 0
33500000 381615 378777 0 -1642.42 0 0
33600000 381043 380015 0 -352.254 0 0
33700000 382426 378479 0 -1289.54 0 0
33800000 380908 380160 0 -838.262 0 0
33900000 380566 380585 0 -598.723 0 0
34000000 382406 378781 0 592.34 0 0
34100000 382078 379929 0 1872.67 0 0
34200000 380680 380458 0 1858.85 0 0
34300000 380437 380061 0 1842.65 0 0
34400000 380002 379255 0 178.678 0 0
34500000 379279 381223 0 -213.739 0 0
34600000 377865 382028 0 283.951 0 0
34700000 380496 378574 0 2844.58 0 0
34800000 379542 380401 0 1848.57 0 0
34900000 378784 381479 0 370.196 0 0
35000000 379024 382294 0 -3448.19 0 0
35100000 378287 381749 0 252.724 0 0
35200000 381634 380263 0 -523.721 0 0
35300000 378605 381643 0 2014.22 0 0
35400000 379317 382103 0 -594.009 0 0
35500000 381945 379704 0 2425.85 0 0
35600000 381376 379976 0 3070.88 0 0
35700000 380856 379332 0 1952.71 0 0
35800000 378576 380763 0 986.81 0 0
35900000 379844 380925 0 945.895 0 0
36000000 383128 377953 0 57.9156 0 0
36100000 382223 378661 0 923.149 0 0
36200000 379729 381412 0 1853.11 0 0
36300000 380586 380794 0 870.587 0 0
36400000 379267 380883 0 -708.933 0 0
36500000 379689 381819 0 5334.7 0 0
36600000 380054 381434 0 2130.18 0 0
36700000 379405 381304 0 539.649 0 0
36800000 381437 379371 0 902.216 0 0
36900000 380445 381583 0 742.088 0 0
37000000 381353 379797 0 -101.552 0 0
37100000 377386 383516 0 -1247.23 0 0
37200000 378641 381064 0 1010.32 0 0
37300000 377906 382479 0 -313.4 0 0
37400000 379058 381480 0 506.323 0 0
37500000 381070 378580 0 523.693 0 0
37600000 381619 379034 0 -416.797 0 0
37700000 381786 379658 0 984.913 0 0
37800000 379247 381292 0 3233.05 0 0
37900000 383231 378914 0 111.066 0 0
38000000 381188 380670 0 -1814.1 0 0
38100000 380105 380925 0 236.449 0 0
38200000 382462 378195 0 -664.086 0 0
38300000 380718 379489 0 -1546.9 0 0
38400000 379049 381008 0 -987.935 0 0
38500000 379808 381930 0 1555.33 0 0
38600000 379402 381136 0 -1632.22 0 0
38700000 378187 381954 0 -187.642 0 0
38800000 376358 384251 0 -2194.63 0 0
38900000 379907 381716 0 -815.816 0 0
39000000 379825 381714 0 -1781.21 0 0
39100000 382139 378570 0 -301.004 0 0
39200000 380116 380506 0 -1426.41 0 0
39300000 377885 382270 0 -496.157 0 0
39400000 380797 379947 0 -1402.88 0 0
39500000 378330 380576 0 -314.962 0 0
39600000 377485 381982 0 -749.146 0 0
39700000 380718 378645 0 -36.9918 0 0
39800000 378223 380968 0 -2419.45 0 0
39900000 381994 377835 0 -113.44 0 0
40000000 378705 380189 0 -1589.66 0 0
40100000 379489 380268 0 -1178.76 0 0
40200000 378667 381274 0 774.884 0 0
40300000 378411 381512 0 -2953.97 0 0
40400000 379056 381470 0 -218.46 0 0
40500000 378409 382145 0 -1996.57 0 0
40600000 379721 381539 0 -2568.26 0 0
40700000 380283 379793 0 -2654.34 0 0
40800000 379707 380057 0 -1542.54 0 0
40900000 381069 378828 0 -188.075 0 0
41000000 377318 381533 0 -1008.42 0 0
41100000 380769 378918 0 26.7714 0 0
41200000 377973 380547 0 -816.24 0 0
41300000 379546 379977 0 -1785.84 0 0
41400000 379706 380137 0 -954.754 0 0
41500000 377622 383037 0 -1387.24 0 0
41600000 377754 382095 0 -152.064 0 0
41700000 380551 380922 0 1065.46 0 0
41800000 380349 380529 0 -2537.24 0 0
41900000 379676 380998 0 -1507.3 0 0
42000000 378298 382420 0 1411.45 0 0
42100000 377151 382860 0 692.611 0 0
42200000 377811 382260 0 -41.109 0 0
42300000 379793 380245 0 -1129.04 0 0
42400000 378918 380746 0 -246.857 0 0
42500000 376005 384688 0 2499.71 0 0
42600000 377034 382663 0 -1063.28 0 0
42700000 376413 383295 0 2129.95 0 0
42800000 379387 381844 0 355.659 0 0
42900000 379155 380199 0 1189.41 0 0
43000000 381190 378063 0 -2679.03 0 0
43100000 380257 379125 0 1274.44 0 0
43200000 381011 379222 0 2519.16 0 0
43300000 382420 378044 0 -334.872 0 0
43400000 381255 378618 0 -1727.08 0 0
43500000 379272 382164 0 -245.833 0 0
43600000 377114 382337 0 -977.58 0 0
43700000 380808 378299 0 -1723.31 0 0
43800000 378494 379671 0 2320.14 0 0
43900000 379045 379565 0 705.407 0 0
44000000 378724 379118 0 207.986 0 0
44100000 379207 379116 0 1480.63 0 0
44200000 381767 378586 0 386.809 0 0
44300000 379041 379404 0 289.991 0 0
44400000 377912 380894 0 954.574 0 0
44500000 380635 378520 0 1469.11 0 0
44600000 379563 379287 0 1253.84 0 0
44700000 380501 378396 0 3489.16 0 0
44800000 379661 380155 0 33.86 0 0
44900000 380328 379021 0 -1175.41 0 0
45000000 383146 378347 0 1030.94 0 0
45100000 382641 377101 0 -863.21 0 0
45200000 379843 381467 0 1647.3 0 0
45300000 381010 379887 0 -820.903 0 0
45400000 380855 379655 0 2242.83 0 0
45500000 378392 381947 0 562.013 0 0
45600000 377665 382176 0 4156.96 0 0
45700000 378655 382273 0 2801.68 0 0
45800000 378301 381595 0 -137.005 0 0
45900000 379584 379951 0 501.651 0 0
46000000 379091 380179 0 907.606 0 0
46100000 380307 379288 0 2885.14 0 0
46200000 377824 381866 0 2990.62 0 0
46300000 379705 379840 0 3541.38 0 0
46400000 380200 379617 0 1525.66 0 0
46500000 380580 378692 0 1161.28 0 0
46600000 377856 380326 0 -1113.57 0 0
46700000 381177 378060 0 1837.12 0 0
46800000 381236 378041 0 1659.09 0 0
46900000 381987 376126 0 -1262.53 0 0
47000000 380187 378738 0 1320.16 0 0
47100000 380067 378968 0 -22.1037 0 0
47200000 379137 380409 0 -87.8246 0 0
47300000 379618 380303 0 -1062.29 0 0
47400000 380565 379612 0 -1369.67 0 0
47500000 381236 378647 0 -850.383 0 0
47600000 380964 378900 0 697.476 0 0
47700000 380885 378825 0 3007.6 0 0
47800000 380185 379321 0 -1915.08 0 0
47900000 379823 379647 0 258.052 0 0
48000000 381118 378994 0 -474.285 0 0
48100000 381176 379851 0 2387.42 0 0
48200000 380258 379469 0 -3200.52 0 0
48300000 379374 378817 0 -1136.97 0 0
48400000 378898 379554 0 -205.023 0 0
48500000 380500 377337 0 1065.28 0 0
48600000 378889 379264 0 1740.5 0 0
48700000 378465 380341 0 -439.577 0 0
48800000 379774 380307 0 248.749 0 0
48900000 379132 380566 0 214.142 0 0
49000000 384040 376392 0 1083.61 0 0
49100000 379373 379698 0 435.38 0 0
49200000 380205 379912 0 -809.502 0 0
49300000 379094 380529 0 -510.007 0 0
49400000 379750 379658 0 -3365.62 0 0
49500000 378739 381533 0 923.932 0 0
49600000 377385 381470 0 -4080.93 0 0
49700000 377285 381430 0 -4417.18 0 0
49800000 378013 381641 0 -1818.76 0 0
49900000 380256 379046 0 -3703.4 0 0
50000000 379009 378282 0 -1102.53 0 0
