# Time-averaged data for fix ps1
# TimeStep c_thermo_press[1] c_thermo_press[2] c_thermo_press[3] c_thermo_press[4] c_thermo_press[5] c_thermo_press[6]
100000 371275 369283 0 -881.503 0 0
200000 370611 369531 0 -1598 0 0
300000 371381 369277 0 -882.977 0 0
400000 371546 369352 0 -1829.78 0 0
500000 371970 369372 0 -490.558 0 0
600000 370956 370509 0 -576.501 0 0
700000 372465 368927 0 -1760.13 0 0
800000 371702 369552 0 -1574.74 0 0
900000 371007 369970 0 -278.007 0 0
1000000 371382 369709 0 -1553.04 0 0
1100000 371733 369832 0 -1344.09 0 0
1200000 371575 370530 0 -4178.59 0 0
1300000 371771 369865 0 -3831.76 0 0
1400000 371275 370490 0 -3299.52 0 0
1500000 371351 370467 0 -3011.47 0 0
1600000 369759 371936 0 -4012 0 0
1700000 370795 370412 0 -2178.45 0 0
1800000 370773 370319 0 -2694.49 0 0
1900000 371925 369321 0 -2024.06 0 0
2000000 371608 369736 0 -2449.38 0 0
2100000 372477 369020 0 -2066.35 0 0
2200000 370849 370025 0 -2160.1 0 0
2300000 370041 370796 0 -2184.38 0 0
2400000 371970 368968 0 -2876.86 0 0
2500000 370609 370221 0 -2164.29 0 0
2600000 370849 369958 0 -3321.51 0 0
2700000 370342 371391 0 -2011.5 0 0
2800000 370478 370880 0 -2826.24 0 0
2900000 371135 369969 0 -3462.83 0 0
3000000 369826 370821 0 -2773.23 0 0
3100000 370410 370578 0 -2408 0 0
3200000 371175 370038 0 -1889.26 0 0
3300000 373312 367396 0 -2799.81 0 0
3400000 372378 368497 0 -2363.16 0 0
3500000 370502 370621 0 -2824.13 0 0
3600000 369998 371647 0 -2290.62 0 0
3700000 370149 371317 0 -2302.42 0 0
3800000 370533 370588 0 -2798.18 0 0
3900000 371366 369399 0 -3277.71 0 0
4000000 371710 370184 0 -2933.81 0 0
4100000 370988 369827 0 -1962.5 0 0
4200000 371739 368497 0 -932.863 0 0
4300000 370587 370063 0 946.259 0 0
4400000 371831 369011 0 -1097.27 0 0
4500000 371443 370031 0 -792.904 0 0
4600000 370751 370405 0 -657.128 0 0
4700000 372925 368583 0 877.827 0 0
4800000 372245 369375 0 -24.4325 0 0
4900000 371279 370753 0 900.389 0 0
5000000 370844 370116 0 1475.44 0 0
5100000 372099 368885 0 949.19 0 0
5200000 371725 369409 0 -648.553 0 0
5300000 372201 369041 0 715.852 0 0
5400000 370746 370856 0 1901.97 0 0
5500000 370970 370188 0 2614.33 0 0
5600000 371100 369773 0 2050.25 0 0
5700000 369904 370651 0 2473.89 0 0
5800000 369844 371217 0 2207.38 0 0
5900000 372167 369101 0 2437.65 0 0
6000000 371554 369699 0 2040.19 0 0
6100000 371065 369473 0 2373.14 0 0
6200000 370258 369720 0 1797.3 0 0
6300000 371104 369136 0 2063.88 0 0
6400000 372025 368290 0 2102.89 0 0
6500000 372028 368469 0 3325.01 0 0
6600000 369209 370861 0 2435.88 0 0
6700000 371904 368257 0 3712.78 0 0
6800000 371460 369543 0 3423.78 0 0
6900000 372942 367924 0 3207.22 0 0
7000000 371159 368888 0 3972.83 0 0
7100000 371722 369360 0 3690.81 0 0
7200000 369823 370735 0 2290.92 0 0
7300000 371602 369301 0 3739.86 0 0
7400000 370787 370341 0 405.62 0 0
7500000 370955 370111 0 2235.83 0 0
7600000 370553 370495 0 1739.91 0 0
7700000 369703 371319 0 784.083 0 0
7800000 369085 371980 0 2339.03 0 0
7900000 369797 371086 0 1893.54 0 0
8000000 371666 369059 0 313.596 0 0
8100000 371383 368732 0 1262.88 0 0
8200000 370259 370018 0 1424.03 0 0
8300000 369927 370410 0 660.145 0 0
8400000 369901 371130 0 -118.83 0 0
8500000 370603 371453 0 657.605 0 0
8600000 369050 371859 0 548.924 0 0
8700000 371487 369206 0 -428.391 0 0
8800000 369504 371485 0 1385.04 0 0
8900000 369949 371234 0 1389.06 0 0
9000000 370623 370266 0 4178.34 0 0
9100000 371038 370402 0 342.904 0 0
9200000 369566 371369 0 171.805 0 0
9300000 370703 370104 0 398.568 0 0
9400000 371639 369537 0 -351.785 0 0
9500000 372181 369028 0 663.505 0 0
9600000 370635 370633 0 -508.951 0 0
9700000 369519 370655 0 -1088.77 0 0
9800000 371642 369339 0 -668.527 0 0
9900000 370081 370749 0 -1612.75 0 0
10000000 370668 370762 0 -2487.83 0 0
10100000 371639 369401 0 -1971.64 0 0
10200000 371339 370499 0 -3607.78 0 0
10300000 370903 370579 0 -3446.2 0 0
10400000 369492 371497 0 -3587.11 0 0
10500000 367689 373483 0 -4137.66 0 0
10600000 367726 372888 0 -3842.03 0 0
10700000 369993 371494 0 -4524.14 0 0
10800000 367388 373573 0 -5584.68 0 0
10900000 368525 373506 0 -5299.72 0 0
11000000 368694 372929 0 -4138.69 0 0
11100000 369463 372597 0 -5508.22 0 0
11200000 371411 370282 0 -4006.75 0 0
11300000 370851 370544 0 -4333.54 0 0
11400000 368561 371957 0 -2927.5 0 0
11500000 369636 371192 0 -3633.44 0 0
11600000 369048 371504 0 -1559.03 0 0
11700000 369786 371175 0 -2658.45 0 0
11800000 368574 372735 0 -2735.77 0 0
11900000 369688 371224 0 -2960.59 0 0
12000000 370427 370027 0 -3562.35 0 0
12100000 370845 370469 0 -2180.4 0 0
12200000 372200 369359 0 -2093.01 0 0
12300000 371626 369654 0 -2372.14 0 0
12400000 372336 369446 0 -2071.98 0 0
12500000 370494 370956 0 -4315.42 0 0
12600000 370043 370723 0 -3692.03 0 0
12700000 369663 371001 0 -3508.39 0 0
12800000 369324 371250 0 -3088.66 0 0
12900000 368540 372639 0 -2034.78 0 0
13000000 369482 371842 0 -394.446 0 0
13100000 369781 370419 0 -2625.52 0 0
13200000 369369 371189 0 -1253.26 0 0
13300000 370549 369440 0 -2741.33 0 0
13400000 370792 369962 0 -3391.14 0 0
13500000 369723 370314 0 -2536.48 0 0
13600000 369451 370117 0 -1207.33 0 0
13700000 369750 370527 0 -645.682 0 0
13800000 369990 370152 0 -874.36 0 0
13900000 371040 369022 0 -1209.3 0 0
14000000 370533 369795 0 -1646.01 0 0
14100000 371133 369692 0 1366.51 0 0
14200000 370501 370186 0 1990.74 0 0
14300000 369488 372042 0 1278.09 0 0
14400000 370210 369679 0 2905.38 0 0
14500000 370395 370017 0 1047.82 0 0
14600000 370712 369578 0 503.133 0 0
14700000 370465 370116 0 1160.65 0 0
14800000 369823 371042 0 3398.83 0 0
14900000 370226 369582 0 2333.88 0 0
15000000 370442 369970 0 3036.49 0 0
15100000 368950 370757 0 3776.37 0 0
15200000 368501 371979 0 1419.8 0 0
15300000 368547 371892 0 4130.54 0 0
15400000 367746 372197 0 4817.71 0 0
15500000 366567 373191 0 5233.11 0 0
15600000 366625 374141 0 4388.25 0 0
15700000 367285 373474 0 4665.51 0 0
15800000 367850 373185 0 3435.99 0 0
15900000 367636 372860 0 2890.49 0 0
16000000 368590 371892 0 2367.12 0 0
16100000 367509 373206 0 4548.72 0 0
16200000 368950 371915 0 3733.67 0 0
16300000 369020 370912 0 2750 0 0
16400000 367670 372170 0 3845.74 0 0
16500000 368005 372071 0 3267.31 0 0
16600000 369515 370975 0 2033.23 0 0
16700000 369984 369755 0 361.189 0 0
16800000 369924 370950 0 2172.59 0 0
16900000 369296 371038 0 1504.05 0 0
17000000 369348 370516 0 1082.21 0 0
17100000 368634 370733 0 229.374 0 0
17200000 370337 369005 0 143.963 0 0
17300000 369421 370072 0 457.516 0 0
17400000 369326 370276 0 174.462 0 0
17500000 368000 371861 0 -17.3243 0 0
17600000 368190 371703 0 1327.19 0 0
17700000 369832 369024 0 -161.837 0 0
17800000 368799 370860 0 -1298.98 0 0
17900000 368084 371640 0 -501.53 0 0
18000000 369651 370291 0 -392.967 0 0
18100000 368910 370953 0 -1244.57 0 0
18200000 371109 369537 0 -1078.63 0 0
18300000 371028 369141 0 -1211.13 0 0
18400000 370230 371501 0 -78.4744 0 0
18500000 368994 371364 0 -1675.4 0 0
18600000 370227 370678 0 282.063 0 0
18700000 370522 370300 0 -1736.35 0 0
18800000 370402 370310 0 -849.584 0 0
18900000 370111 370504 0 486.743 0 0
19000000 370174 370215 0 447.417 0 0
19100000 370448 370063 0 -2286.94 0 0
19200000 368565 371431 0 -1498.63 0 0
19300000 369773 371101 0 -3379.19 0 0
19400000 368482 372632 0 -1549.06 0 0
19500000 368147 371846 0 -3178.82 0 0
19600000 368480 372050 0 -3446.04 0 0
19700000 370101 371309 0 -2709.4 0 0
19800000 368833 371072 0 -2908.02 0 0
19900000 370611 370547 0 -4579.82 0 0
20000000 370593 369542 0 -3655.32 0 0
20100000 370851 369326 0 -4711.42 0 0
20200000 370826 369513 0 -4392.27 0 0
20300000 370122 371386 0 -1709.52 0 0
20400000 370926 369484 0 -2132.2 0 0
20500000 370586 369074 0 -2932.81 0 0
20600000 368569 371888 0 -3071.91 0 0
20700000 369171 370959 0 -3676.91 0 0
20800000 372158 368204 0 -2828.73 0 0
20900000 369568 370314 0 -3706.45 0 0
21000000 369616 370452 0 -4544.84 0 0
21100000 369520 371042 0 -2800.08 0 0
21200000 372681 367761 0 -2982.45 0 0
21300000 371050 368566 0 -4656.14 0 0
21400000 370323 369779 0 -3937.83 0 0
21500000 372187 368626 0 -4564.13 0 0
21600000 372541 367990 0 -1721.88 0 0
21700000 371967 368466 0 -3029.4 0 0
21800000 373002 367268 0 -2543.57 0 0
21900000 373449 367019 0 -3026.22 0 0
22000000 373630 366778 0 -3944.13 0 0
22100000 372393 367501 0 -3239.67 0 0
22200000 371828 368187 0 -5012.4 0 0
22300000 371243 368900 0 -4358.96 0 0
22400000 370404 369605 0 -4784.29 0 0
22500000 370546 369214 0 -4153.64 0 0
22600000 369354 370196 0 -5188.38 0 0
22700000 369411 369810 0 -2726.76 0 0
22800000 367763 371077 0 -1813.84 0 0
22900000 368850 370581 0 -2562.5 0 0
23000000 368385 370856 0 -3224.32 0 0
23100000 370881 369113 0 -4318.84 0 0
23200000 369547 370120 0 -2142.49 0 0
23300000 370206 369754 0 -2563.72 0 0
23400000 371337 368465 0 -2135.44 0 0
23500000 372078 367986 0 -1323.22 0 0
23600000 373645 368053 0 504.733 0 0
23700000 372368 369466 0 -2945.56 0 0
23800000 371885 369996 0 -1956.85 0 0
23900000 371387 369520 0 -510.542 0 0
24000000 372489 368297 0 -2162.85 0 0
24100000 371893 369005 0 -820.55 0 0
24200000 370186 371673 0 -1592.1 0 0
24300000 370704 371199 0 -1932.34 0 0
24400000 370379 370860 0 -2361.65 0 0
24500000 371928 369907 0 -2190.3 0 0
24600000 371498 370283 0 -1454.1 0 0
24700000 369940 371413 0 -1445.94 0 0
24800000 369056 371834 0 -882.25 0 0
24900000 370002 370921 0 -528.933 0 0
25000000 370631 370276 0 215.06 0 0
25100000 371378 369923 0 1949.49 0 0
25200000 371110 370172 0 2442.16 0 0
25300000 371416 369696 0 1649.16 0 0
25400000 370117 370598 0 2654.38 0 0
25500000 369755 371024 0 2240.77 0 0
25600000 369534 371592 0 2114.51 0 0
25700000 369250 372326 0 -1584.17 0 0
25800000 370631 370285 0 16.9812 0 0
25900000 369193 370953 0 916.887 0 0
26000000 370334 370946 0 843.243 0 0
26100000 370021 370937 0 739.445 0 0
26200000 369628 371138 0 1131.29 0 0
26300000 369482 370698 0 320.19 0 0
26400000 368379 372043 0 1035.46 0 0
26500000 369524 371193 0 377.041 0 0
26600000 369827 371082 0 382.913 0 0
26700000 370871 369936 0 2295.18 0 0
26800000 370326 370959 0 1850.92 0 0
26900000 369807 370495 0 908.876 0 0
27000000 370675 369764 0 967.563 0 0
27100000 371668 369280 0 948.011 0 0
27200000 371161 370450 0 1063.54 0 0
27300000 370596 370356 0 805.152 0 0
27400000 369456 371569 0 760.558 0 0
27500000 370093 370310 0 1410.76 0 0
27600000 369685 371077 0 526.842 0 0
27700000 370542 369656 0 1485.32 0 0
27800000 370276 370855 0 507.516 0 0
27900000 369618 371155 0 1167.72 0 0
28000000 370567 370959 0 731.704 0 0
28100000 370100 371237 0 838.932 0 0
28200000 370955 370040 0 1720.28 0 0
28300000 370399 370187 0 1584.15 0 0
28400000 371260 369519 0 538.036 0 0
28500000 371206 369164 0 1346.21 0 0
28600000 369848 370743 0 621.661 0 0
28700000 371116 369975 0 -0.987361 0 0
28800000 370937 370048 0 178.596 0 0
28900000 369911 370391 0 -601.934 0 0
29000000 369683 370965 0 -669.153 0 0
29100000 370526 370436 0 -1775.23 0 0
29200000 370323 370580 0 -1319.94 0 0
29300000 371659 369449 0 -144.603 0 0
29400000 370694 369855 0 -4442.47 0 0
29500000 371491 368921 0 -1013.15 0 0
29600000 371353 369305 0 -3787.89 0 0
29700000 371142 369988 0 -3264.15 0 0
29800000 368933 371924 0 -2566.8 0 0
29900000 369685 370844 0 -2107.86 0 0
30000000 370052 369928 0 -2974.56 0 0
30100000 369764 370314 0 -2522.65 0 0
30200000 369699 371164 0 -4033.13 0 0
30300000 369052 372286 0 -4223.82 0 0
30400000 369537 371097 0 -4562 0 0
30500000 368754 372075 0 -3255.02 0 0
30600000 369005 372276 0 -5819.56 0 0
30700000 370060 370618 0 -5412.83 0 0
30800000 370735 369534 0 -5906.79 0 0
30900000 370664 370373 0 -6329.9 0 0
31000000 370926 369732 0 -6645.98 0 0
31100000 369922 370570 0 -5553.19 0 0
31200000 369894 371322 0 -5968.78 0 0
31300000 370284 370336 0 -4147.52 0 0
31400000 371394 369671 0 -5271.65 0 0
31500000 370995 369778 0 -4818.49 0 0
31600000 372529 368890 0 -6880.98 0 0
31700000 369545 371618 0 -4571.33 0 0
31800000 369894 371643 0 -4975.63 0 0
31900000 369000 372608 0 -3314.43 0 0
32000000 370139 371522 0 -5374.68 0 0
32100000 369251 371974 0 -4178.03 0 0
32200000 369655 371231 0 -5981.4 0 0
32300000 369753 371660 0 -4551.93 0 0
32400000 368034 372511 0 -4424.24 0 0
32500000 368492 372324 0 -4233.55 0 0
32600000 368937 372366 0 -5170.6 0 0
32700000 370735 370819 0 -4079.68 0 0
32800000 369933 371783 0 -5298.31 0 0
32900000 368243 371960 0 -4673.25 0 0
33000000 368826 372304 0 -4094.96 0 0
33100000 368442 373193 0 -5097.87 0 0
33200000 370306 371731 0 -4113.6 0 0
33300000 370601 370615 0 -2963.75 0 0
33400000 369583 372751 0 -3022.32 0 0
33500000 368203 372720 0 -3769.65 0 0
33600000 368138 372691 0 -3308.34 0 0
33700000 367765 373469 0 -3305.18 0 0
33800000 368711 372484 0 -3996.03 0 0
33900000 369303 372212 0 -2004.39 0 0
34000000 368304 373350 0 -1037.79 0 0
34100000 367823 373318 0 -602.773 0 0
34200000 368549 372355 0 -826.174 0 0
34300000 369839 371782 0 52.2731 0 0
34400000 369977 371423 0 -1956.72 0 0
34500000 369285 372275 0 -1511.92 0 0
34600000 368206 372490 0 -900.254 0 0
34700000 369250 371595 0 784.1 0 0
34800000 369055 371711 0 -405.842 0 0
34900000 368091 371956 0 -528.9 0 0
35000000 369019 371697 0 500.821 0 0
35100000 370245 370650 0 -2010.6 0 0
35200000 367315 372986 0 617.078 0 0
35300000 367480 373374 0 1196.7 0 0
35400000 368824 371229 0 -888.81 0 0
35500000 369301 370765 0 -60.1166 0 0
35600000 368832 372381 0 177.913 0 0
35700000 368372 372761 0 719.097 0 0
35800000 369844 370863 0 345.435 0 0
35900000 370309 370393 0 727.075 0 0
36000000 370953 369673 0 2308.66 0 0
36100000 369514 370704 0 2685.01 0 0
36200000 369803 370692 0 2551.64 0 0
36300000 370053 370450 0 2444.92 0 0
36400000 370115 370486 0 2028.13 0 0
36500000 370383 370102 0 1132.79 0 0
36600000 369657 370971 0 2169.82 0 0
36700000 369126 371373 0 2356.63 0 0
36800000 370200 369918 0 2408.68 0 0
36900000 370301 369924 0 1870.68 0 0
37000000 371220 369082 0 692.086 0 0
37100000 371635 369522 0 568.901 0 0
37200000 370207 370151 0 759.471 0 0
37300000 368225 371358 0 162.895 0 0
37400000 369429 370393 0 991.806 0 0
37500000 368843 371327 0 1630.55 0 0
37600000 370398 369650 0 1746.61 0 0
37700000 370942 369935 0 1485.15 0 0
37800000 369809 371563 0 3183.45 0 0
37900000 367691 372963 0 2745.03 0 0
38000000 370292 369924 0 2421.7 0 0
38100000 370792 370034 0 763.494 0 0
38200000 369972 370510 0 1776.02 0 0
38300000 369957 370230 0 554.663 0 0
38400000 371639 369093 0 465.071 0 0
38500000 372047 369378 0 869.149 0 0
38600000 373548 367675 0 406.466 0 0
38700000 371406 369868 0 -305.667 0 0
38800000 371438 369789 0 949.629 0 0
38900000 371482 369634 0 -343.517 0 0
39000000 371971 369055 0 -257.444 0 0
39100000 371835 369459 0 -199.21 0 0
39200000 372855 368588 0 1667.93 0 0
39300000 371597 370457 0 -179.982 0 0
39400000 370382 370281 0 419.507 0 0
39500000 370280 371002 0 -1048.08 0 0
39600000 368430 372971 0 -337.937 0 0
39700000 372319 369324 0 3.46312 0 0
39800000 369971 371180 0 639.421 0 0
39900000 370335 369529 0 -1913.11 0 0
40000000 369234 370334 0 -2228.27 0 0
40100000 370561 369217 0 -1370.08 0 0
40200000 370839 369365 0 -1359.46 0 0
40300000 368690 371108 0 -241.971 0 0
40400000 368656 371250 0 -1059.66 0 0
40500000 368521 370772 0 -2317.35 0 0
40600000 367871 371510 0 -2237.43 0 0
40700000 367739 371280 0 -2736.62 0 0
40800000 367735 371059 0 -3598.85 0 0
40900000 369290 369505 0 -3860.64 0 0
41000000 369198 369800 0 -4169.47 0 0
41100000 370259 369597 0 -5160.79 0 0
41200000 370263 368478 0 -3360.22 0 0
41300000 369506 369153 0 -2652.53 0 0
41400000 370268 369634 0 -3062.06 0 0
41500000 369362 370365 0 -4466.53 0 0
41600000 371880 367753 0 -3817.89 0 0
41700000 371851 367880 0 -601.665 0 0
41800000 371391 368392 0 -2801.5 0 0
41900000 370497 369495 0 -2237.71 0 0
42000000 369089 370199 0 -2595.62 0 0
42100000 368938 371018 0 -1151.98 0 0
42200000 368595 369711 0 -2112.8 0 0
42300000 370455 368513 0 -2137.74 0 0
42400000 371375 368037 0 -1463.51 0 0
42500000 371222 367939 0 -2357.07 0 0
42600000 369600 369310 0 -2568.64 0 0
42700000 369477 370044 0 -2473.42 0 0
42800000 369530 369972 0 -2980.79 0 0
42900000 370655 369108 0 -2132.52 0 0
43000000 370114 369985 0 -2408.46 0 0
43100000 368698 371549 0 -2076.92 0 0
43200000 370108 369941 0 -2309.14 0 0
43300000 368220 372014 0 -1223.63 0 0
43400000 369555 369816 0 61.5609 0 0
43500000 369366 370680 0 -466.053 0 0
43600000 368839 370999 0 1517.89 0 0
43700000 369426 370859 0 1551.18 0 0
43800000 370068 371214 0 2259.84 0 0
43900000 369962 370576 0 2139.3 0 0
44000000 370535 370583 0 1043.99 0 0
44100000 369781 370335 0 1708.84 0 0
44200000 370325 370871 0 2288.18 0 0
44300000 371006 369774 0 1630.62 0 0
44400000 370414 371221 0 854.523 0 0
44500000 371769 369221 0 2003.38 0 0
44600000 371398 369566 0 3279.45 0 0
44700000 370863 371230 0 3508.04 0 0
44800000 371462 370517 0 2447.25 0 0
44900000 371181 370246 0 1716.63 0 0
45000000 369317 371079 0 2502.19 0 0
45100000 371701 369260 0 2470.21 0 0
45200000 372350 369760 0 1537.61 0 0
45300000 373185 368634 0 2283.92 0 0
45400000 370075 370624 0 696.003 0 0
45500000 371170 370436 0 -697.958 0 0
45600000 370472 371552 0 140.493 0 0
45700000 372585 368547 0 2332.62 0 0
45800000 373035 368795 0 132.879 0 0
45900000 372239 368798 0 499.035 0 0
46000000 372338 368948 0 700.73 0 0
46100000 372077 369093 0 752.995 0 0
46200000 371239 369635 0 1044.68 0 0
46300000 370835 369995 0 1661.96 0 0
46400000 370841 369777 0 167.54 0 0
46500000 371006 368392 0 -1121.75 0 0
46600000 370598 369504 0 -349.936 0 0
46700000 371668 368565 0 -801.062 0 0
46800000 371211 368879 0 409.005 0 0
46900000 372515 367983 0 -2044.58 0 0
47000000 371570 368523 0 1543.29 0 0
47100000 371999 367697 0 -582.573 0 0
47200000 372146 366829 0 -112.059 0 0
47300000 372542 367328 0 -291.913 0 0
47400000 371686 367884 0 547.258 0 0
47500000 371656 367994 0 -667.324 0 0
47600000 372207 368026 0 -734.855 0 0
47700000 370495 369625 0 841.68 0 0
47800000 372215 367459 0 1725.23 0 0
47900000 372285 366810 0 2553.64 0 0
48000000 372146 367787 0 2230.87 0 0
48100000 372568 367052 0 2756.76 0 0
48200000 372065 368072 0 2408.8 0 0
48300000 372620 368261 0 1128.09 0 0
48400000 372301 368832 0 2349.68 0 0
48500000 370770 370191 0 2103.55 0 0
48600000 371209 369342 0 2672.27 0 0
48700000 371295 369069 0 1524.39 0 0
48800000 371129 369200 0 -513.086 0 0
48900000 370924 369499 0 55.3392 0 0
49000000 371637 369942 0 -1419.26 0 0
49100000 371029 369408 0 -1732.65 0 0
49200000 370620 369265 0 -1062.06 0 0
49300000 370373 369784 0 -2756.98 0 0
49400000 372510 368419 0 -2695.19 0 0
49500000 372840 368319 0 -1591.84 0 0
49600000 372412 368357 0 -2153.68 0 0
49700000 370246 370436 0 -1972.44 0 0
49800000 371509 369398 0 -2713.57 0 0
49900000 370533 371087 0 -1950.27 0 0
50000000 369950 371499 0 -777.22 0 0
