# Time-averaged data for fix ps1
# TimeStep c_thermo_press[1] c_thermo_press[2] c_thermo_press[3] c_thermo_press[4] c_thermo_press[5] c_thermo_press[6]
100000 361355 359477 0 -563.477 0 0
200000 359928 360618 0 -977.745 0 0
300000 359660 360998 0 -1653.14 0 0
400000 360081 360381 0 -2377.82 0 0
500000 359196 361370 0 -2297.88 0 0
600000 358666 361727 0 -3469.89 0 0
700000 358963 361716 0 -3341.33 0 0
800000 360038 360930 0 -3647.02 0 0
900000 359419 361222 0 -3631.22 0 0
1000000 359827 361161 0 -3506.77 0 0
1100000 360187 360869 0 -5341 0 0
1200000 359108 361925 0 -4806.47 0 0
1300000 359288 361927 0 -4736.05 0 0
1400000 360715 360965 0 -4778.17 0 0
1500000 359364 361633 0 -3537.53 0 0
1600000 359031 361833 0 -4278.09 0 0
1700000 359358 361190 0 -4166.15 0 0
1800000 359621 361468 0 -5227.53 0 0
1900000 359306 361417 0 -6092.32 0 0
2000000 359059 361536 0 -4797.11 0 0
2100000 359358 361403 0 -4628.67 0 0
2200000 359310 361333 0 -4476.43 0 0
2300000 359105 361803 0 -5724.54 0 0
2400000 359263 361960 0 -4488.27 0 0
2500000 359089 361881 0 -5592.8 0 0
2600000 359736 361465 0 -4710.01 0 0
2700000 359362 362058 0 -4298.69 0 0
2800000 359359 361702 0 -5417.46 0 0
2900000 359270 361349 0 -5793.56 0 0
3000000 359988 361448 0 -4858.27 0 0
3100000 359405 361473 0 -5059.86 0 0
3200000 359577 361004 0 -4354.53 0 0
3300000 360445 360552 0 -4443.08 0 0
3400000 360286 360270 0 -3424.29 0 0
3500000 361056 359865 0 -1737.73 0 0
3600000 360870 360474 0 -2451.49 0 0
3700000 360056 361127 0 -1277.19 0 0
3800000 359645 361162 0 -1882.84 0 0
3900000 359693 361585 0 -2246.02 0 0
4000000 359919 360752 0 -2247.52 0 0
4100000 360353 360442 0 -2213.24 0 0
4200000 360071 360800 0 -1475.45 0 0
4300000 359751 360828 0 -1626.64 0 0
4400000 360224 360785 0 -640.129 0 0
4500000 360932 360139 0 -620.717 0 0
4600000 360464 360335 0 803.579 0 0
4700000 360248 360808 0 948.856 0 0
4800000 360085 361126 0 569.829 0 0
4900000 359978 361027 0 1058.26 0 0
5000000 360380 360819 0 2721.37 0 0
5100000 359305 361410 0 2834.26 0 0
5200000 360012 361347 0 2255.11 0 0
5300000 359306 361599 0 3718.64 0 0
5400000 360167 361085 0 3537.37 0 0
5500000 359485 361523 0 3269.91 0 0
5600000 359929 361057 0 4791.27 0 0
5700000 359906 361457 0 2595.86 0 0
5800000 359582 361559 0 3192.8 0 0
5900000 359815 361341 0 3017.57 0 0
6000000 360145 361020 0 4223.88 0 0
6100000 360085 361225 0 3779.62 0 0
6200000 359714 361518 0 4841.67 0 0
6300000 359835 361276 0 4643.21 0 0
6400000 359951 361858 0 4095.96 0 0
6500000 359953 361172 0 5487.24 0 0
6600000 359799 361504 0 5766.2 0 0
6700000 359812 361314 0 6096.43 0 0
6800000 359681 361607 0 6241.18 0 0
6900000 360357 361417 0 5913.94 0 0
7000000 360730 360982 0 5070.72 0 0
7100000 361094 360697 0 3844.32 0 0
7200000 361536 360278 0 5189.34 0 0
7300000 360753 361173 0 5397.34 0 0
7400000 359997 361992 0 6433.02 0 0
7500000 360366 361064 0 4253.38 0 0
7600000 359755 361511 0 4980.48 0 0
7700000 360382 360807 0 4413.42 0 0
7800000 360681 361054 0 4444.24 0 0
7900000 359821 361366 0 4885.72 0 0
8000000 359463 361027 0 4831.25 0 0
8100000 359531 361491 0 4511.55 0 0
8200000 360134 360594 0 4117.36 0 0
8300000 360227 360638 0 3807.19 0 0
8400000 360350 361105 0 3976.48 0 0
8500000 359105 361839 0 4230.18 0 0
8600000 359590 361332 0 2829.46 0 0
8700000 358588 362332 0 2230.55 0 0
8800000 359094 361481 0 1942.44 0 0
8900000 359316 361542 0 2154.76 0 0
9000000 359184 361382 0 1375.72 0 0
9100000 359188 361177 0 438.097 0 0
9200000 359378 361010 0 847.013 0 0
9300000 359621 360786 0 -47.5346 0 0
9400000 360228 360933 0 138.863 0 0
9500000 359982 360740 0 -930.949 0 0
9600000 359572 361577 0 -723.011 0 0
9700000 359421 361264 0 -486.059 0 0
9800000 359708 360476 0 -1821.02 0 0
9900000 361210 359015 0 -441.746 0 0
10000000 360643 360012 0 -1197.73 0 0
10100000 360292 360298 0 -1442.47 0 0
10200000 360073 361152 0 -827.674 0 0
10300000 359997 361353 0 -1108.2 0 0
10400000 361027 360352 0 -514.801 0 0
10500000 360430 360673 0 -2702.54 0 0
10600000 360109 361350 0 -2749.43 0 0
10700000 359037 361930 0 -2614.5 0 0
10800000 359929 361259 0 -4207.08 0 0
10900000 359647 361377 0 -3278.33 0 0
11000000 359262 361970 0 -4247.42 0 0
11100000 358770 362453 0 -4821.04 0 0
11200000 358679 362439 0 -4937.63 0 0
11300000 359645 361594 0 -4779.62 0 0
11400000 358978 362514 0 -5156.51 0 0
11500000 358764 362681 0 -4933.89 0 0
11600000 359311 362274 0 -4869.9 0 0
11700000 359824 362043 0 -4586.78 0 0
11800000 359405 361979 0 -5605.02 0 0
11900000 359137 361423 0 -5145.89 0 0
12000000 360016 361266 0 -5552.01 0 0
12100000 359408 362234 0 -6083.71 0 0
12200000 359351 362095 0 -6837.44 0 0
12300000 359335 361762 0 -6394.59 0 0
12400000 359343 361605 0 -6971.58 0 0
12500000 359136 361948 0 -6145.82 0 0
12600000 359298 361462 0 -6496.76 0 0
12700000 359987 361370 0 -5747.28 0 0
12800000 359272 361715 0 -6874.66 0 0
12900000 360476 360304 0 -5895.66 0 0
13000000 359420 361660 0 -6455.74 0 0
13100000 360981 360535 0 -4391.84 0 0
13200000 360158 360789 0 -5374.59 0 0
13300000 359989 361087 0 -5545.45 0 0
13400000 359462 361898 0 -5351.43 0 0
13500000 360225 361152 0 -4440.29 0 0
13600000 360110 361333 0 -5558.08 0 0
13700000 360616 361045 0 -5191.81 0 0
13800000 359610 362390 0 -4537.84 0 0
13900000 359675 361854 0 -3301.66 0 0
14000000 360004 361460 0 -3604.7 0 0
14100000 359635 361074 0 -3024.14 0 0
14200000 359754 361059 0 -2398.95 0 0
14300000 358574 362159 0 -2772.78 0 0
14400000 359247 361917 0 -2028.16 0 0
14500000 358744 362295 0 -1655.04 0 0
14600000 358881 362075 0 -1020.09 0 0
14700000 359865 361250 0 672.854 0 0
14800000 358990 361940 0 868.963 0 0
14900000 359007 362161 0 1146.57 0 0
15000000 358855 362329 0 889.944 0 0
15100000 359482 361561 0 1716.13 0 0
15200000 359124 361856 0 2171.27 0 0
15300000 359717 361402 0 2562.86 0 0
15400000 360029 361136 0 3617.96 0 0
15500000 359879 361089 0 4468.59 0 0
15600000 359998 361066 0 4410.84 0 0
15700000 359881 361163 0 3673.07 0 0
15800000 359417 361496 0 4555.23 0 0
15900000 359856 360834 0 5594.5 0 0
16000000 359446 361804 0 5990.77 0 0
16100000 360082 360793 0 5848.32 0 0
16200000 361061 360272 0 6432.8 0 0
16300000 360845 360944 0 6340.17 0 0
16400000 360742 360574 0 6451.36 0 0
16500000 360589 360696 0 6732.47 0 0
16600000 360886 360540 0 6961.25 0 0
16700000 360847 360498 0 7219.09 0 0
16800000 360316 360587 0 6400.49 0 0
16900000 359891 361402 0 6469.03 0 0
17000000 360456 361227 0 6317.17 0 0
17100000 360637 360494 0 7062.37 0 0
17200000 360282 361112 0 6742.58 0 0
17300000 360122 361512 0 6306.23 0 0
17400000 360971 360974 0 4965.64 0 0
17500000 361080 360832 0 4422.76 0 0
17600000 361073 361000 0 4358.11 0 0
17700000 361446 360640 0 5594.45 0 0
17800000 360927 360600 0 5275.34 0 0
17900000 360407 360675 0 4596.33 0 0
18000000 360690 360843 0 4052.79 0 0
18100000 359932 361616 0 3814.88 0 0
18200000 358967 361889 0 3580.55 0 0
18300000 359126 361386 0 4084.3 0 0
18400000 358818 361994 0 3722.5 0 0
18500000 358944 361678 0 1559.81 0 0
18600000 359542 361475 0 2541.08 0 0
18700000 359587 361569 0 2522.52 0 0
18800000 359976 361173 0 3166.28 0 0
18900000 360475 360188 0 1782.85 0 0
19000000 360259 360790 0 1108.28 0 0
19100000 360415 360870 0 1717.17 0 0
19200000 360314 361048 0 1258.9 0 0
19300000 360084 360983 0 820.395 0 0
19400000 360291 360721 0 44.0918 0 0
19500000 359883 361521 0 -1358.23 0 0
19600000 360817 360992 0 -940.661 0 0
19700000 359767 361340 0 -2128.86 0 0
19800000 361118 360239 0 -3410.15 0 0
19900000 359681 361426 0 -2707.4 0 0
20000000 360210 360766 0 -4337.91 0 0
20100000 361193 360208 0 -4002.6 0 0
20200000 359986 361798 0 -4331.69 0 0
20300000 360527 361149 0 -4350.99 0 0
20400000 359961 361777 0 -4423.42 0 0
20500000 360880 360994 0 -3794.11 0 0
20600000 360856 360583 0 -4609.18 0 0
20700000 360452 360705 0 -4760.59 0 0
20800000 360870 360586 0 -4163.69 0 0
20900000 359538 361786 0 -5081.89 0 0
21000000 360214 361496 0 -4782.65 0 0
21100000 360721 360661 0 -5726.12 0 0
21200000 360809 360751 0 -6119.92 0 0
21300000 360499 361176 0 -6591.71 0 0
21400000 360565 360740 0 -6022.52 0 0
21500000 361040 360284 0 -5502.36 0 0
21600000 361912 359713 0 -5906.72 0 0
21700000 360687 360760 0 -5353.34 0 0
21800000 360299 360964 0 -5302.13 0 0
21900000 361597 359877 0 -5492.49 0 0
22000000 361379 360155 0 -6473.91 0 0
22100000 361904 359900 0 -5867.14 0 0
22200000 360995 360141 0 -6090.67 0 0
22300000 360705 360806 0 -6000.62 0 0
22400000 360625 360913 0 -6320.44 0 0
22500000 361069 360198 0 -6037.36 0 0
22600000 361125 360507 0 -6276.66 0 0
22700000 361278 360435 0 -5726.85 0 0
22800000 361018 360395 0 -5196.22 0 0
22900000 360921 360237 0 -6212.29 0 0
23000000 361985 360024 0 -6763.89 0 0
23100000 360064 361471 0 -4685.5 0 0
23200000 359916 361325 0 -4525.44 0 0
23300000 361583 359625 0 -5215.62 0 0
23400000 360827 359949 0 -4107 0 0
23500000 361651 359511 0 -4599.39 0 0
23600000 361701 360102 0 -4783.59 0 0
23700000 361345 360976 0 -2809.64 0 0
23800000 362643 359221 0 -3077.07 0 0
23900000 363165 358473 0 -3921.34 0 0
24000000 361750 359770 0 -2028.91 0 0
24100000 361222 360149 0 -1973.94 0 0
24200000 360937 360930 0 -1772.1 0 0
24300000 361499 359653 0 -361.466 0 0
24400000 360927 360685 0 -826.322 0 0
24500000 361437 359756 0 -276.138 0 0
24600000 360384 361077 0 425.815 0 0
24700000 360922 360605 0 -250.238 0 0
24800000 360806 360366 0 774.392 0 0
24900000 361369 359945 0 1122.64 0 0
25000000 359311 361467 0 2161.94 0 0
25100000 358789 362034 0 2399.19 0 0
25200000 359410 362178 0 2990.47 0 0
25300000 358716 362352 0 3140.3 0 0
25400000 359871 361328 0 3485.22 0 0
25500000 359220 361889 0 3997.97 0 0
25600000 359562 361554 0 4448.02 0 0
25700000 359304 362052 0 4518.3 0 0
25800000 359775 361462 0 4836.27 0 0
25900000 359470 361439 0 5288.8 0 0
26000000 359591 361912 0 5431.53 0 0
26100000 358967 361925 0 5952.87 0 0
26200000 359137 361783 0 5448.55 0 0
26300000 359780 361108 0 6803.33 0 0
26400000 359545 361048 0 6945.6 0 0
26500000 359818 361736 0 6635.11 0 0
26600000 359281 362192 0 7109.38 0 0
26700000 358586 362563 0 7883.78 0 0
26800000 357127 363591 0 7744.26 0 0
26900000 357644 363212 0 7738.58 0 0
27000000 357694 363154 0 6416.09 0 0
27100000 358059 362776 0 6978.67 0 0
27200000 358633 362457 0 6738.78 0 0
27300000 357933 363134 0 6528.15 0 0
27400000 358443 362619 0 6342.94 0 0
27500000 358905 362300 0 6669.08 0 0
27600000 359108 361865 0 6582.03 0 0
27700000 359313 361499 0 6222.42 0 0
27800000 358355 362888 0 5860.47 0 0
27900000 358312 362550 0 6192.91 0 0
28000000 358607 362390 0 5118.02 0 0
28100000 359739 361557 0 3905.19 0 0
28200000 360531 361080 0 3539.51 0 0
28300000 360110 361615 0 3525.92 0 0
28400000 358901 361683 0 4614.53 0 0
28500000 360101 360531 0 3915.11 0 0
28600000 360171 360913 0 3801.53 0 0
28700000 359503 361288 0 4223.22 0 0
28800000 359491 361678 0 2151.85 0 0
28900000 359763 361199 0 1825.82 0 0
29000000 359414 361436 0 1283.47 0 0
29100000 359927 360813 0 433.3 0 0
29200000 360139 361094 0 295.924 0 0
29300000 360147 361077 0 552.082 0 0
29400000 360137 360659 0 -76.1383 0 0
29500000 359592 361459 0 -1359.6 0 0
29600000 359527 360974 0 -1451.17 0 0
29700000 358968 361564 0 -1213.97 0 0
29800000 359121 361756 0 -1064.46 0 0
29900000 359026 362173 0 -1698.95 0 0
30000000 359535 361155 0 -2633.19 0 0
30100000 359591 361050 0 -2909.44 0 0
30200000 360401 360532 0 -3575.83 0 0
30300000 359798 361603 0 -4029.77 0 0
30400000 359852 361607 0 -4878.64 0 0
30500000 361262 360483 0 -4838.36 0 0
30600000 360685 361171 0 -5352.87 0 0
30700000 361558 359918 0 -5790.19 0 0
30800000 361567 360444 0 -6395.24 0 0
30900000 360256 361597 0 -5483.69 0 0
31000000 359575 361592 0 -5617.26 0 0
31100000 360093 361309 0 -6104.71 0 0
31200000 359157 362278 0 -6016.17 0 0
31300000 360014 361568 0 -6386.62 0 0
31400000 360086 361845 0 -6856.51 0 0
31500000 359792 362140 0 -7331.76 0 0
31600000 359605 362469 0 -6983.06 0 0
31700000 360483 361341 0 -7062.29 0 0
31800000 360195 361474 0 -8039.05 0 0
31900000 360092 361396 0 -7613.29 0 0
32000000 360720 360859 0 -6740.72 0 0
32100000 360358 361052 0 -6579.02 0 0
32200000 359680 361956 0 -7366.94 0 0
32300000 360290 361175 0 -7975.48 0 0
32400000 359603 361693 0 -8505.62 0 0
32500000 359902 361527 0 -7980.37 0 0
32600000 359713 361315 0 -8336.44 0 0
32700000 360123 361178 0 -8726.15 0 0
32800000 359411 361468 0 -8667.35 0 0
32900000 359060 361725 0 -7675.83 0 0
33000000 359105 361581 0 -6957.28 0 0
33100000 359568 361472 0 -7028.84 0 0
33200000 360036 361666 0 -7214.21 0 0
33300000 359252 361954 0 -6981.57 0 0
33400000 358480 363016 0 -6062.56 0 0
33500000 359077 362100 0 -6384.36 0 0
33600000 360376 360244 0 -6679.58 0 0
33700000 359482 361649 0 -5281.1 0 0
33800000 359918 361027 0 -4282.7 0 0
33900000 359699 361431 0 -4411.13 0 0
34000000 360559 360782 0 -3474.1 0 0
34100000 360128 360678 0 -3647.17 0 0
34200000 360476 360630 0 -3340.99 0 0
34300000 360407 361023 0 -3020.38 0 0
34400000 360446 361040 0 -2653.67 0 0
34500000 360578 360179 0 -2337.07 0 0
34600000 360694 360370 0 -1654.96 0 0
34700000 361069 360274 0 -1264.19 0 0
34800000 361329 359907 0 -1220.79 0 0
34900000 361459 359445 0 -1594.09 0 0
35000000 360868 359623 0 -440.874 0 0
35100000 360161 360903 0 -230.813 0 0
35200000 360645 360178 0 -51.3916 0 0
35300000 359974 360696 0 852.453 0 0
35400000 360759 360162 0 1087 0 0
35500000 360561 360504 0 1587.02 0 0
35600000 360329 360440 0 2490.68 0 0
35700000 360343 360422 0 2970.62 0 0
35800000 360667 359864 0 3119.15 0 0
35900000 360782 360032 0 3186.89 0 0
36000000 360311 360346 0 3886.34 0 0
36100000 360296 360537 0 4191.49 0 0
36200000 360143 361274 0 3961.48 0 0
36300000 359708 361238 0 3740.21 0 0
36400000 360244 360902 0 4713.89 0 0
36500000 359036 361289 0 4314.49 0 0
36600000 359479 361008 0 5095.2 0 0
36700000 359471 361145 0 5708.55 0 0
36800000 359482 361856 0 5729.31 0 0
36900000 360009 361076 0 5191.42 0 0
37000000 359477 361095 0 4436.04 0 0
37100000 360258 360612 0 5271.96 0 0
37200000 360245 360551 0 5904.62 0 0
37300000 359962 360559 0 4516.83 0 0
37400000 360203 360822 0 5677.52 0 0
37500000 360165 360413 0 5175.7 0 0
37600000 359929 360638 0 4862.35 0 0
37700000 359871 360347 0 4953.44 0 0
37800000 359699 360688 0 4843.25 0 0
37900000 360699 360071 0 5469.22 0 0
38000000 361088 359721 0 5750.03 0 0
38100000 361036 359548 0 5308.71 0 0
38200000 360845 360152 0 4297.93 0 0
38300000 360244 360529 0 4522.1 0 0
38400000 360641 360380 0 5338.43 0 0
38500000 359611 361172 0 3423.13 0 0
38600000 359721 361041 0 2987.46 0 0
38700000 360016 360645 0 2527.85 0 0
38800000 360142 360531 0 2284.32 0 0
38900000 359761 360768 0 2556.39 0 0
39000000 360426 360269 0 1590.15 0 0
39100000 360182 360705 0 1320.23 0 0
39200000 359365 361512 0 1331.02 0 0
39300000 359817 360880 0 375.425 0 0
39400000 359233 362017 0 1130.74 0 0
39500000 359682 360933 0 -163.044 0 0
39600000 360146 360653 0 523.574 0 0
39700000 360061 361003 0 -42.381 0 0
39800000 359933 361057 0 -209.741 0 0
39900000 359857 361182 0 -1615.4 0 0
40000000 359835 361082 0 -1184.88 0 0
40100000 359268 362042 0 -2252.35 0 0
40200000 358693 362123 0 -2340.91 0 0
40300000 359963 361279 0 -2951.14 0 0
40400000 359268 361633 0 -3442.05 0 0
40500000 359903 361394 0 -3987.06 0 0
40600000 359435 361739 0 -4877.46 0 0
40700000 359048 361814 0 -5541.89 0 0
40800000 359275 361694 0 -6161.62 0 0
40900000 359975 361116 0 -6104.97 0 0
41000000 360262 360900 0 -6420.96 0 0
41100000 360435 360705 0 -6225.66 0 0
41200000 361258 360146 0 -6246.45 0 0
41300000 360794 360206 0 -7382.95 0 0
41400000 360820 360696 0 -7349.06 0 0
41500000 360730 360851 0 -7782.97 0 0
41600000 359605 361606 0 -6786.36 0 0
41700000 359904 361350 0 -7665.96 0 0
41800000 360496 360335 0 -6239.7 0 0
41900000 360001 360725 0 -6455.18 0 0
42000000 361148 359897 0 -6956.99 0 0
42100000 360449 359537 0 -5089.87 0 0
42200000 360204 360642 0 -6999.64 0 0
42300000 361124 359400 0 -7135.44 0 0
42400000 361691 359583 0 -5714.67 0 0
42500000 360483 360233 0 -4869.88 0 0
42600000 360567 360416 0 -5197.66 0 0
42700000 360831 360436 0 -4458.39 0 0
42800000 361137 359893 0 -3687.01 0 0
42900000 360417 360644 0 -3386.02 0 0
43000000 360567 360163 0 -3582.89 0 0
43100000 360886 360110 0 -3171.32 0 0
43200000 360568 361016 0 -2513.26 0 0
43300000 361102 360280 0 -2816.64 0 0
43400000 361295 360236 0 -1747.16 0 0
43500000 360989 360492 0 -1530.13 0 0
43600000 360331 361182 0 -1704.29 0 0
43700000 360627 360719 0 -1235.63 0 0
43800000 360841 360769 0 -645.506 0 0
43900000 360970 359987 0 -1308.32 0 0
44000000 362315 359026 0 -484.841 0 0
44100000 361909 359368 0 24.482 0 0
44200000 362116 359084 0 291.424 0 0
44300000 361258 359417 0 680.501 0 0
44400000 361189 360015 0 451.803 0 0
44500000 360646 360341 0 797.981 0 0
44600000 360272 360637 0 1584.02 0 0
44700000 360585 360398 0 2622.71 0 0
44800000 360365 360554 0 2620.61 0 0
44900000 362289 359053 0 2261.76 0 0
45000000 361113 359756 0 2951.54 0 0
45100000 360852 360124 0 4240.14 0 0
45200000 361006 360615 0 4878.23 0 0
45300000 360862 360094 0 4416.04 0 0
45400000 361188 359886 0 4830.25 0 0
45500000 362570 359012 0 4956.86 0 0
45600000 361029 360294 0 5926.72 0 0
45700000 361519 359901 0 5673.72 0 0
45800000 361381 360262 0 6328.92 0 0
45900000 361942 359559 0 6348.79 0 0
46000000 361416 359600 0 6891.76 0 0
46100000 360764 360165 0 5774.6 0 0
46200000 362420 359699 0 6879.51 0 0
46300000 361064 360336 0 7082.62 0 0
46400000 362244 359009 0 7503 0 0
46500000 361853 359304 0 6704.84 0 0
46600000 362428 359037 0 7050.89 0 0
46700000 362517 359013 0 7288.52 0 0
46800000 361832 359701 0 7825.53 0 0
46900000 361758 360103 0 8089.94 0 0
47000000 362136 359434 0 8120.74 0 0
47100000 361787 359424 0 8825.98 0 0
47200000 361556 360092 0 8692.96 0 0
47300000 361457 360046 0 8520.39 0 0
47400000 362775 358900 0 7787.71 0 0
47500000 362792 358626 0 7704.78 0 0
47600000 362287 358793 0 7691.66 0 0
47700000 361626 359596 0 6740.93 0 0
47800000 361099 360185 0 5190.61 0 0
47900000 361996 359634 0 5952.03 0 0
48000000 361438 359798 0 6389.71 0 0
48100000 361464 359766 0 6299.47 0 0
48200000 361647 360015 0 5852.84 0 0
48300000 361475 359590 0 5480.35 0 0
48400000 361703 359940 0 4825.34 0 0
48500000 361555 359758 0 4504.25 0 0
48600000 361771 359278 0 4240.55 0 0
48700000 362080 359329 0 3854.99 0 0
48800000 361024 360086 0 3265.67 0 0
48900000 361866 359636 0 3305.43 0 0
49000000 361503 359821 0 2973 0 0
49100000 361821 359028 0 2717.48 0 0
49200000 363328 358286 0 1825.02 0 0
49300000 362236 359662 0 744.87 0 0
49400000 362075 359363 0 1582.69 0 0
49500000 361916 359461 0 1471.22 0 0
49600000 361517 359598 0 533.665 0 0
49700000 361711 359557 0 372.345 0 0
49800000 361662 359685 0 -643.28 0 0
49900000 362142 359506 0 -324.412 0 0
50000000 361918 359484 0 -1593.19 0 0
