# Time-averaged data for fix ps1
# TimeStep c_thermo_press[1] c_thermo_press[2] c_thermo_press[3] c_thermo_press[4] c_thermo_press[5] c_thermo_press[6]
100000 379235 377683 0 -1405.28 0 0
200000 378331 377522 0 -126.727 0 0
300000 380480 376096 0 -2619.26 0 0
400000 380438 376505 0 -1364.62 0 0
500000 379984 377080 0 -1258.9 0 0
600000 379879 377052 0 -1303.16 0 0
700000 381153 377445 0 -589.342 0 0
800000 379803 378334 0 -2357.01 0 0
900000 380240 377853 0 791.797 0 0
1000000 378743 379330 0 1145.25 0 0
1100000 381337 377140 0 -321.4 0 0
1200000 381877 377076 0 1776.12 0 0
1300000 381351 376025 0 804.216 0 0
1400000 379439 377862 0 228.104 0 0
1500000 381602 376045 0 -1558.22 0 0
1600000 380070 376590 0 -2144.91 0 0
1700000 377424 379601 0 -2457.93 0 0
1800000 377146 379457 0 -934.75 0 0
1900000 379333 378321 0 493.346 0 0
2000000 378773 379150 0 -1923.05 0 0
2100000 380806 376202 0 -164.103 0 0
2200000 380126 377484 0 -1481.75 0 0
2300000 379131 379416 0 -422.78 0 0
2400000 377864 379702 0 164.669 0 0
2500000 377431 380494 0 920.223 0 0
2600000 378397 378873 0 2673.71 0 0
2700000 379876 377843 0 3451.87 0 0
2800000 378636 379764 0 3967.86 0 0
2900000 380057 377918 0 1416.48 0 0
3000000 377733 379849 0 1779.16 0 0
3100000 378958 377854 0 -440.957 0 0
3200000 382146 375230 0 -763.977 0 0
3300000 381457 377293 0 -1456.8 0 0
3400000 379758 378166 0 17.4755 0 0
3500000 381599 376312 0 879.062 0 0
3600000 379502 378393 0 2158.6 0 0
3700000 380258 377527 0 865.143 0 0
3800000 378171 379650 0 815.965 0 0
3900000 379820 378744 0 -557.606 0 0
4000000 380681 377502 0 -1349.5 0 0
4100000 378068 379809 0 -342.205 0 0
4200000 380435 378156 0 900.261 0 0
4300000 381397 376523 0 -191.608 0 0
4400000 380519 376980 0 724.767 0 0
4500000 380902 377489 0 800.481 0 0
4600000 380545 378634 0 767.329 0 0
4700000 382706 375769 0 1905.74 0 0
4800000 380718 377192 0 -334.515 0 0
4900000 379590 378693 0 -1405.77 0 0
5000000 379662 378967 0 2300.31 0 0
5100000 377340 379731 0 -214.027 0 0
5200000 377686 378611 0 993.711 0 0
5300000 379488 379443 0 1331.18 0 0
5400000 379857 379204 0 -945.226 0 0
5500000 380393 378678 0 621.45 0 0
5600000 376780 382468 0 1333.97 0 0
5700000 377370 381311 0 2093.88 0 0
5800000 377161 382340 0 1299.22 0 0
5900000 376557 382694 0 2168.79 0 0
6000000 380995 377790 0 427.791 0 0
6100000 378771 380020 0 957.075 0 0
6200000 378930 379619 0 1321.08 0 0
6300000 379350 378935 0 1199.68 0 0
6400000 380212 379285 0 -738.595 0 0
6500000 376239 382992 0 3194.43 0 0
6600000 377135 381079 0 -568.428 0 0
6700000 378764 381792 0 1906.42 0 0
6800000 380680 379573 0 265.292 0 0
6900000 380463 378632 0 1083.54 0 0
7000000 381820 378610 0 -2205.83 0 0
7100000 379755 379137 0 -2372.41 0 0
7200000 379557 379153 0 456.831 0 0
7300000 381175 379056 0 990.599 0 0
7400000 380940 379337 0 289.034 0 0
7500000 381289 377933 0 177.449 0 0
7600000 380716 379577 0 -3270.03 0 0
7700000 380441 380475 0 -2503.25 0 0
7800000 376863 381889 0 1083.46 0 0
7900000 380098 378210 0 -1335.63 0 0
8000000 379568 378661 0 -2523.81 0 0
8100000 379774 378634 0 -929.463 0 0
8200000 381471 378198 0 -261.916 0 0
8300000 379832 380848 0 -484.683 0 0
8400000 379489 380126 0 -1177.75 0 0
8500000 381501 378467 0 -1511.52 0 0
8600000 381128 378689 0 -2780.5 0 0
8700000 379240 379596 0 -1217.12 0 0
8800000 380854 379198 0 -1231.71 0 0
8900000 381396 379899 0 -2268.77 0 0
9000000 380994 379314 0 -466.509 0 0
9100000 381095 379087 0 -644.472 0 0
9200000 381203 379146 0 1191.05 0 0
9300000 380058 381282 0 -1785.09 0 0
9400000 381691 379079 0 -1201.93 0 0
9500000 380713 380307 0 -613.178 0 0
9600000 381719 378162 0 -1598.23 0 0
9700000 382358 378269 0 -2495.62 0 0
9800000 381974 378201 0 -2691.3 0 0
9900000 380266 379126 0 -241.714 0 0
10000000 380663 378484 0 -1067.79 0 0
10100000 381845 377241 0 -886.43 0 0
10200000 381544 378051 0 -798.905 0 0
10300000 380453 380226 0 -233.745 0 0
10400000 380382 378516 0 -559.021 0 0
10500000 378531 380294 0 662.608 0 0
10600000 379380 381170 0 -284.23 0 0
10700000 377999 382409 0 -632.851 0 0
10800000 379975 380601 0 -1345.93 0 0
10900000 377935 381606 0 -1178.18 0 0
11000000 379587 379302 0 -1602.28 0 0
11100000 377382 382112 0 -500.793 0 0
11200000 378459 379423 0 -487.067 0 0
11300000 380853 378693 0 -1553.77 0 0
11400000 381264 378107 0 -886.289 0 0
11500000 380257 380471 0 1802.17 0 0
11600000 381357 379113 0 -1984.85 0 0
11700000 382000 378200 0 -518.302 0 0
11800000 380425 380305 0 -1781.29 0 0
11900000 380839 379742 0 -63.6608 0 0
12000000 377532 381944 0 -1634.49 0 0
12100000 378175 381044 0 1505.81 0 0
12200000 379517 380463 0 751.067 0 0
12300000 379857 380662 0 2030.84 0 0
12400000 381961 378282 0 2375.2 0 0
12500000 381025 378399 0 -1239.33 0 0
12600000 379688 380938 0 -3708.9 0 0
12700000 380696 379043 0 -280.941 0 0
12800000 377394 382289 0 -1564.61 0 0
12900000 378608 381752 0 -821.276 0 0
13000000 382090 378070 0 456.46 0 0
13100000 380584 379251 0 -349.334 0 0
13200000 377828 381601 0 3191.08 0 0
13300000 380014 380122 0 3495.54 0 0
13400000 379128 380978 0 2876.1 0 0
13500000 379432 379270 0 578.119 0 0
13600000 381179 378836 0 341.583 0 0
13700000 379005 379698 0 -700.023 0 0
13800000 379351 380103 0 680.598 0 0
13900000 380035 380683 0 727.094 0 0
14000000 380037 381030 0 -627.462 0 0
14100000 380734 380513 0 2284.55 0 0
14200000 382228 378860 0 128.664 0 0
14300000 382014 379041 0 1768.9 0 0
14400000 381838 378860 0 282.063 0 0
14500000 382018 379198 0 1445.42 0 0
14600000 382754 377130 0 2227.18 0 0
14700000 378973 381321 0 467.157 0 0
14800000 379785 381436 0 -1826.68 0 0
14900000 380343 380502 0 -1418.17 0 0
15000000 379734 380972 0 1358.71 0 0
15100000 381346 378237 0 733.873 0 0
15200000 382175 378739 0 -1403.06 0 0
15300000 380237 380258 0 303.058 0 0
15400000 379352 380188 0 1317.02 0 0
15500000 379167 380805 0 -254.963 0 0
15600000 379338 380978 0 458.042 0 0
15700000 379068 381543 0 517.32 0 0
15800000 377931 382175 0 2281.84 0 0
15900000 380498 381522 0 -243.924 0 0
16000000 380543 380448 0 1509.83 0 0
16100000 379148 380716 0 2133.07 0 0
16200000 381395 379679 0 548.324 0 0
16300000 379270 380575 0 638.707 0 0
16400000 381041 379172 0 613.602 0 0
16500000 381667 377521 0 1186.6 0 0
16600000 380956 379741 0 141.253 0 0
16700000 380250 378682 0 -298.06 0 0
16800000 379444 379184 0 37.9818 0 0
16900000 380969 379104 0 851.877 0 0
17000000 379495 380159 0 -887.657 0 0
17100000 379343 380448 0 -835.557 0 0
17200000 379773 380379 0 -173.353 0 0
17300000 380732 379068 0 162.153 0 0
17400000 378906 380712 0 244.896 0 0
17500000 380995 378648 0 863.582 0 0
17600000 377455 381986 0 659.998 0 0
17700000 377474 382055 0 1215.91 0 0
17800000 378693 381831 0 801.091 0 0
17900000 375331 383960 0 5309.23 0 0
18000000 378455 380946 0 1608.27 0 0
18100000 379132 380071 0 2532.75 0 0
18200000 378323 380672 0 1433.85 0 0
18300000 379859 378894 0 562.483 0 0
18400000 379276 379734 0 1194.35 0 0
18500000 379873 379506 0 1457.85 0 0
18600000 381207 378323 0 98.188 0 0
18700000 379196 380472 0 -157.715 0 0
18800000 379281 381775 0 2097.13 0 0
18900000 378676 381003 0 110.129 0 0
19000000 380132 379600 0 142.101 0 0
19100000 379455 381335 0 -1042.33 0 0
19200000 379503 380224 0 25.0316 0 0
19300000 378106 381640 0 2137.85 0 0
19400000 379817 379556 0 -250.66 0 0
19500000 380576 378938 0 -468.549 0 0
19600000 378921 381622 0 -346.926 0 0
19700000 381658 378732 0 4239.61 0 0
19800000 380542 379656 0 -2647.07 0 0
19900000 381846 378263 0 -48.329 0 0
20000000 380497 378922 0 -1171.11 0 0
20100000 380552 379926 0 -1124.42 0 0
20200000 378731 380304 0 -596.715 0 0
20300000 381659 377265 0 -2104.11 0 0
20400000 380772 378633 0 57.2373 0 0
20500000 378866 381062 0 44.6916 0 0
20600000 375692 383839 0 -1096.87 0 0
20700000 377178 381635 0 46.8785 0 0
20800000 379010 380398 0 583.78 0 0
20900000 377845 380775 0 -956.904 0 0
21000000 378898 380197 0 -471.889 0 0
21100000 378143 381499 0 1543.29 0 0
21200000 380155 378534 0 1087.48 0 0
21300000 377639 381013 0 -187.652 0 0
21400000 379952 379261 0 -519.264 0 0
21500000 379535 379918 0 -1091.44 0 0
21600000 381482 377409 0 -1837.35 0 0
21700000 379384 379119 0 -764.31 0 0
21800000 379246 379750 0 853.088 0 0
21900000 380095 379866 0 1810.24 0 0
22000000 378437 381300 0 2241.55 0 0
22100000 382287 377010 0 943.173 0 0
22200000 380366 379782 0 2920.18 0 0
22300000 380276 379665 0 -2383.04 0 0
22400000 381223 378236 0 1725.89 0 0
22500000 380825 379328 0 -1327.46 0 0
22600000 378365 382021 0 439.802 0 0
22700000 378520 380954 0 220.606 0 0
22800000 379952 379185 0 -753.306 0 0
22900000 378910 379297 0 -194.499 0 0
23000000 379796 380148 0 761.827 0 0
23100000 380419 377826 0 -1358.8 0 0
23200000 378298 379427 0 -2176.65 0 0
23300000 380380 377623 0 -150.576 0 0
23400000 378562 379636 0 -958.771 0 0
23500000 379397 379132 0 822.52 0 0
23600000 377672 380295 0 2948.04 0 0
23700000 379043 378783 0 221.794 0 0
23800000 379446 378253 0 339.822 0 0
23900000 376467 380736 0 1950.46 0 0
24000000 375949 381972 0 1617.18 0 0
24100000 377646 379992 0 943.71 0 0
24200000 378338 380949 0 -557.242 0 0
24300000 375797 382803 0 -1762.4 0 0
24400000 377907 380301 0 1157.72 0 0
24500000 379115 379483 0 664.14 0 0
24600000 380048 379444 0 -1267.47 0 0
24700000 380704 377925 0 -758.659 0 0
24800000 379604 379042 0 -571.073 0 0
24900000 380432 377831 0 -13.1649 0 0
25000000 378463 379479 0 1190.05 0 0
25100000 379144 378541 0 1798.46 0 0
25200000 380537 376537 0 454.164 0 0
25300000 378879 378785 0 2450.37 0 0
25400000 376856 381592 0 -271.296 0 0
25500000 376602 381526 0 -557.554 0 0
25600000 376856 381324 0 -254.292 0 0
25700000 377346 379967 0 -1197.18 0 0
25800000 381407 376546 0 278.257 0 0
25900000 379802 377477 0 1417.83 0 0
26000000 378309 379197 0 1278.58 0 0
26100000 379529 378142 0 2416.77 0 0
26200000 380086 377880 0 -187.293 0 0
26300000 379353 378680 0 2715.17 0 0
26400000 379319 379418 0 1709.56 0 0
26500000 380158 378312 0 606.262 0 0
26600000 379560 378774 0 896.879 0 0
26700000 380763 379588 0 2021.87 0 0
26800000 380032 379470 0 -764.957 0 0
26900000 380361 378467 0 1235.15 0 0
27000000 377970 380926 0 240.463 0 0
27100000 379641 379091 0 -1880.22 0 0
27200000 379502 378478 0 -394.662 0 0
27300000 379547 378583 0 2139.89 0 0
27400000 382383 375477 0 321.446 0 0
27500000 379705 378693 0 -2725.96 0 0
27600000 379818 379092 0 23.8884 0 0
27700000 380340 379193 0 -557.41 0 0
27800000 377775 382126 0 -978.022 0 0
27900000 379894 379029 0 173.026 0 0
28000000 377360 381825 0 -612.701 0 0
28100000 379919 380710 0 57.3165 0 0
28200000 379970 380327 0 307.373 0 0
28300000 380920 377895 0 998.848 0 0
28400000 379733 380573 0 -539.971 0 0
28500000 378724 380845 0 -883.403 0 0
28600000 380930 378534 0 -1510.91 0 0
28700000 381015 378195 0 2088.84 0 0
28800000 381642 377167 0 126.224 0 0
28900000 382090 377599 0 -414.188 0 0
29000000 378042 380402 0 517.727 0 0
29100000 380005 378929 0 -626.113 0 0
29200000 380534 378483 0 -325.46 0 0
29300000 378494 379965 0 -2686.55 0 0
29400000 379579 378656 0 909.699 0 0
29500000 378480 379686 0 -1308.32 0 0
29600000 377883 379927 0 -373.042 0 0
29700000 380333 378567 0 183.869 0 0
29800000 381258 378927 0 670.952 0 0
29900000 379144 378782 0 -652.231 0 0
30000000 380615 378435 0 904.572 0 0
30100000 376603 382367 0 -152.853 0 0
30200000 378227 380435 0 2331.14 0 0
30300000 380333 379582 0 1026.69 0 0
30400000 380198 379133 0 -1535.68 0 0
30500000 379996 380530 0 -189.53 0 0
30600000 381496 377448 0 -760.775 0 0
30700000 378926 379964 0 -863.516 0 0
30800000 379154 378855 0 -443.121 0 0
30900000 376895 381461 0 -398.623 0 0
31000000 377688 380680 0 -1950.38 0 0
31100000 377418 381658 0 407.958 0 0
31200000 375697 381981 0 -1833.1 0 0
31300000 377796 380344 0 -1376.92 0 0
31400000 376057 382215 0 209.528 0 0
31500000 375931 382151 0 -892.476 0 0
31600000 377215 382007 0 -2316.1 0 0
31700000 377726 383152 0 -647.171 0 0
31800000 378376 382720 0 -1998.99 0 0
31900000 378030 382273 0 832.041 0 0
32000000 380613 380255 0 -1472.02 0 0
32100000 378518 381288 0 756.491 0 0
32200000 379840 380500 0 1279.73 0 0
32300000 381141 379500 0 -889.98 0 0
32400000 379336 380907 0 1878.31 0 0
32500000 380620 379787 0 191.753 0 0
32600000 379231 380895 0 1684.93 0 0
32700000 377292 383488 0 776.285 0 0
32800000 376855 382194 0 -419.595 0 0
32900000 379633 379399 0 1188.47 0 0
33000000 379752 379221 0 -369.681 0 0
33100000 380701 378737 0 997.885 0 0
33200000 379799 378997 0 -1149.44 0 0
33300000 377132 381724 0 -679.161 0 0
33400000 378235 380513 0 -1652.44 0 0
33500000 380517 377738 0 -466.275 0 0
33600000 377974 380720 0 -2074.31 0 0
33700000 376836 380847 0 -138.416 0 0
33800000 376717 381137 0 -1098.05 0 0
33900000 377143 381077 0 302.389 0 0
34000000 380052 379161 0 268.174 0 0
34100000 379631 380280 0 -488.187 0 0
34200000 378482 380595 0 -2170.75 0 0
34300000 381042 379247 0 -614.68 0 0
34400000 378438 380860 0 376.188 0 0
34500000 377655 381324 0 1619.42 0 0
34600000 379528 380546 0 -159.15 0 0
34700000 379489 380953 0 993.372 0 0
34800000 378767 381550 0 1629.25 0 0
34900000 377425 383121 0 3151.63 0 0
35000000 381276 379368 0 1827.62 0 0
35100000 380547 379660 0 869.63 0 0
35200000 382284 377666 0 1085.93 0 0
35300000 380310 379471 0 833.515 0 0
35400000 382251 376607 0 1053.58 0 0
35500000 381494 378844 0 1341.42 0 0
35600000 380895 378951 0 964.11 0 0
35700000 380399 379444 0 -553.997 0 0
35800000 380689 378189 0 -643.838 0 0
35900000 379225 380176 0 156.198 0 0
36000000 379065 379512 0 -597.7 0 0
36100000 379121 380524 0 352.375 0 0
36200000 379485 380224 0 -1771.43 0 0
36300000 380866 378172 0 715.388 0 0
36400000 378782 380548 0 956.405 0 0
36500000 377352 382248 0 2155.87 0 0
36600000 379392 379495 0 -1561.63 0 0
36700000 379817 379885 0 2128.02 0 0
36800000 380850 377956 0 2174.91 0 0
36900000 381313 377995 0 3663.17 0 0
37000000 378449 379580 0 2709.95 0 0
37100000 380935 377078 0 2322.18 0 0
37200000 378341 379555 0 809.727 0 0
37300000 377996 379942 0 -1063.97 0 0
37400000 378561 380701 0 -1209.58 0 0
37500000 376268 382759 0 -1069.33 0 0
37600000 377752 382307 0 228.95 0 0
37700000 378532 380475 0 1976.21 0 0
37800000 378467 380482 0 2043.74 0 0
37900000 379318 379703 0 1735.97 0 0
38000000 378065 380437 0 -531.055 0 0
38100000 377072 380963 0 1288.55 0 0
38200000 376740 381782 0 -129.502 0 0
38300000 376808 381996 0 604.35 0 0
38400000 376470 382420 0 451.91 0 0
38500000 376677 382071 0 127.772 0 0
38600000 378236 380366 0 900.223 0 0
38700000 375161 382254 0 1730.69 0 0
38800000 376446 381705 0 -374.726 0 0
38900000 378135 380382 0 -157.069 0 0
39000000 377980 380917 0 -391.153 0 0
39100000 381211 378037 0 -305.165 0 0
39200000 378148 380603 0 -1926.47 0 0
39300000 378807 380049 0 -2114.51 0 0
39400000 380404 378289 0 60.9318 0 0
39500000 377925 379729 0 708.228 0 0
39600000 380281 378899 0 -1229.9 0 0
39700000 379550 378929 0 -1617.34 0 0
39800000 378414 380337 0 2912.85 0 0
39900000 380384 378394 0 -1907.3 0 0
40000000 380390 379118 0 -1125.4 0 0
40100000 378057 380759 0 619.066 0 0
40200000 378212 380970 0 -2874.86 0 0
40300000 379597 378721 0 -654.657 0 0
40400000 376950 380796 0 -1498.31 0 0
40500000 376497 381686 0 -220.793 0 0
40600000 378619 380019 0 -78.3433 0 0
40700000 379465 378422 0 -1014.01 0 0
40800000 379141 380261 0 -28.3784 0 0
40900000 379692 377923 0 -2311.53 0 0
41000000 379805 379432 0 228.173 0 0
41100000 380031 378817 0 -923.82 0 0
41200000 380720 379448 0 -2742.22 0 0
41300000 379459 379565 0 -1587.31 0 0
41400000 381441 377752 0 -857.249 0 0
41500000 379828 378541 0 -196.679 0 0
41600000 377763 381556 0 -1023.64 0 0
41700000 380030 378755 0 70.9308 0 0
41800000 378709 380136 0 -921.323 0 0
41900000 381001 378157 0 -3661.09 0 0
42000000 379582 379070 0 -3536.34 0 0
42100000 376415 381266 0 1586.88 0 0
42200000 377091 381453 0 2029.39 0 0
42300000 377982 380909 0 2636.24 0 0
42400000 379573 379719 0 1763.05 0 0
42500000 380035 378913 0 1036.56 0 0
42600000 380032 379190 0 -632.95 0 0
42700000 380502 379399 0 112.505 0 0
42800000 379379 379897 0 -3257.09 0 0
42900000 377797 380647 0 -25.8887 0 0
43000000 379027 379776 0 1077.79 0 0
43100000 379696 380588 0 3013.04 0 0
43200000 381988 377467 0 1865.24 0 0
43300000 377211 382473 0 320.804 0 0
43400000 378910 380782 0 1036.05 0 0
43500000 379835 379143 0 531.748 0 0
43600000 378057 382345 0 4093.73 0 0
43700000 379712 380955 0 1210.24 0 0
43800000 380324 379043 0 1063.86 0 0
43900000 379304 380246 0 806.745 0 0
44000000 382053 377882 0 -863.504 0 0
44100000 379888 378690 0 999.5 0 0
44200000 379412 378927 0 -173.237 0 0
44300000 380455 379120 0 1970.4 0 0
44400000 381329 378471 0 417.693 0 0
44500000 379998 380114 0 780.091 0 0
44600000 378485 381226 0 534.195 0 0
44700000 382281 378602 0 290.192 0 0
44800000 381058 379659 0 3947.9 0 0
44900000 383328 376328 0 6.15598 0 0
45000000 380621 378593 0 1739.08 0 0
45100000 381288 377249 0 577.472 0 0
45200000 382119 377377 0 143.237 0 0
45300000 379770 379455 0 2695.11 0 0
45400000 381517 377455 0 1499.79 0 0
45500000 384269 374794 0 2330.96 0 0
45600000 380053 378286 0 2542.41 0 0
45700000 382853 376851 0 2967.14 0 0
45800000 382770 376956 0 3051.58 0 0
45900000 381681 376313 0 2189.6 0 0
46000000 378872 380430 0 -226.304 0 0
46100000 381337 378367 0 1210.22 0 0
46200000 379574 381103 0 -1019.53 0 0
46300000 379738 379952 0 715.027 0 0
46400000 380767 380192 0 -2275.67 0 0
46500000 380602 379694 0 1028.97 0 0
46600000 381460 379084 0 -945.807 0 0
46700000 382250 377199 0 1683.94 0 0
46800000 380713 377921 0 -1128.96 0 0
46900000 380544 379128 0 -438.177 0 0
47000000 378706 381673 0 484.953 0 0
47100000 381722 379079 0 -1969.16 0 0
47200000 382051 377772 0 -1277.04 0 0
47300000 380471 379998 0 -1108.09 0 0
47400000 380348 379587 0 -1694.99 0 0
47500000 378273 382321 0 -32.01 0 0
47600000 381159 377371 0 1111.48 0 0
47700000 379336 381257 0 341.772 0 0
47800000 379187 381863 0 -549.892 0 0
47900000 378994 381693 0 -985.711 0 0
48000000 379463 381553 0 1607.47 0 0
48100000 380202 380895 0 3626.83 0 0
48200000 379114 381027 0 1285.54 0 0
48300000 381562 378206 0 1040.69 0 0
48400000 378398 381895 0 -23.9288 0 0
48500000 381685 378621 0 -76.1596 0 0
48600000 380704 380063 0 -219.024 0 0
48700000 380295 380240 0 -3229.65 0 0
48800000 380022 379584 0 -2302.58 0 0
48900000 378020 382298 0 -1127.32 0 0
49000000 378557 379816 0 1480.68 0 0
49100000 381464 379120 0 1133 0 0
49200000 378821 379840 0 -218.041 0 0
49300000 378690 381111 0 1665.43 0 0
49400000 378978 379994 0 660.089 0 0
49500000 380377 379496 0 435.573 0 0
49600000 377270 381978 0 545.883 0 0
49700000 377376 381454 0 -976.655 0 0
49800000 380239 378476 0 578.029 0 0
49900000 379784 377909 0 -84.0931 0 0
50000000 380050 380521 0 -414.149 0 0
