# Time-averaged data for fix ps1
# TimeStep c_thermo_press[1] c_thermo_press[2] c_thermo_press[3] c_thermo_press[4] c_thermo_press[5] c_thermo_press[6]
0 4.2507 4.24208 0 -0.011417 0 0
1000 4.53758 4.50005 0 -0.10363 0 0
2000 4.47166 4.63451 0 -0.0797472 0 0
3000 4.58486 4.55701 0 -0.0617748 0 0
4000 4.6731 4.59614 0 -0.118493 0 0
5000 4.59685 4.51856 0 -0.0805291 0 0
6000 4.70186 4.55945 0 -0.157307 0 0
7000 4.50187 4.49897 0 -0.116941 0 0
8000 4.64817 4.53015 0 -0.110587 0 0
9000 4.64082 4.44171 0 -0.212585 0 0
10000 4.62035 4.51293 0 -0.228775 0 0
11000 4.54432 4.58833 0 -0.245419 0 0
12000 4.5662 4.48673 0 -0.186373 0 0
13000 4.5537 4.5652 0 -0.199643 0 0
14000 4.61447 4.4846 0 -0.236957 0 0
15000 4.52066 4.55024 0 -0.194981 0 0
16000 4.49237 4.51628 0 -0.270571 0 0
17000 4.57336 4.51339 0 -0.266811 0 0
18000 4.54499 4.54497 0 -0.249185 0 0
19000 4.64295 4.57114 0 -0.255854 0 0
20000 4.48405 4.56865 0 -0.295893 0 0
21000 4.56338 4.66686 0 -0.329653 0 0
22000 4.59704 4.57007 0 -0.245656 0 0
23000 4.49929 4.60138 0 -0.256632 0 0
24000 4.59082 4.46645 0 -0.321955 0 0
25000 4.60919 4.51305 0 -0.240513 0 0
26000 4.52586 4.58098 0 -0.261978 0 0
27000 4.66046 4.52917 0 -0.29565 0 0
28000 4.60205 4.63616 0 -0.263104 0 0
29000 4.55111 4.58161 0 -0.322297 0 0
30000 4.56633 4.56058 0 -0.291439 0 0
31000 4.65929 4.56513 0 -0.252479 0 0
32000 4.64844 4.52066 0 -0.242589 0 0
33000 4.59789 4.55192 0 -0.223013 0 0
34000 4.6031 4.52811 0 -0.22037 0 0
35000 4.58272 4.51837 0 -0.22987 0 0
36000 4.65956 4.49584 0 -0.175645 0 0
37000 4.55239 4.5411 0 -0.208285 0 0
38000 4.65619 4.63067 0 -0.21419 0 0
39000 4.64398 4.5377 0 -0.18551 0 0
40000 4.63833 4.45295 0 -0.127926 0 0
41000 4.57547 4.57017 0 -0.170495 0 0
42000 4.4953 4.57785 0 -0.138523 0 0
43000 4.60885 4.46743 0 -0.0635199 0 0
44000 4.56933 4.63576 0 -0.0573113 0 0
45000 4.58458 4.55664 0 -0.082521 0 0
46000 4.49353 4.57756 0 -0.0997215 0 0
47000 4.60313 4.57198 0 -0.114182 0 0
48000 4.62643 4.62454 0 0.00810385 0 0
49000 4.58137 4.53996 0 0.00718557 0 0
50000 4.59698 4.57794 0 -0.0582781 0 0
51000 4.61298 4.53678 0 -0.0171784 0 0
52000 4.62621 4.47525 0 -0.0421342 0 0
53000 4.65647 4.54701 0 0.0525895 0 0
54000 4.59399 4.561 0 -0.0107252 0 0
55000 4.63388 4.53173 0 0.0702944 0 0
56000 4.62751 4.50377 0 -0.0240674 0 0
57000 4.51468 4.52697 0 0.12338 0 0
58000 4.59108 4.5652 0 0.0416767 0 0
59000 4.57635 4.52193 0 0.11791 0 0
60000 4.64011 4.48817 0 0.101892 0 0
61000 4.57342 4.54983 0 0.168142 0 0
62000 4.56036 4.52872 0 0.120269 0 0
63000 4.5766 4.51884 0 0.125281 0 0
64000 4.69712 4.46161 0 0.14178 0 0
65000 4.6466 4.52152 0 0.266879 0 0
66000 4.53873 4.59554 0 0.227784 0 0
67000 4.56575 4.55622 0 0.223459 0 0
68000 4.64473 4.53625 0 0.167064 0 0
69000 4.6354 4.53332 0 0.221048 0 0
70000 4.55292 4.5029 0 0.166127 0 0
71000 4.69915 4.53005 0 0.139222 0 0
72000 4.57642 4.51937 0 0.186367 0 0
73000 4.50275 4.55129 0 0.201903 0 0
74000 4.54583 4.58587 0 0.186711 0 0
75000 4.60378 4.52551 0 0.238768 0 0
76000 4.59175 4.51984 0 0.240221 0 0
77000 4.63128 4.53975 0 0.188894 0 0
78000 4.593 4.43745 0 0.17708 0 0
79000 4.53695 4.62477 0 0.187195 0 0
80000 4.63529 4.39055 0 0.219554 0 0
81000 4.51534 4.57849 0 0.199572 0 0
82000 4.61485 4.5423 0 0.189626 0 0
83000 4.54643 4.4876 0 0.14852 0 0
84000 4.59562 4.51038 0 0.142829 0 0
85000 4.63614 4.51623 0 0.161159 0 0
86000 4.58738 4.46163 0 0.132122 0 0
87000 4.64344 4.49464 0 0.128627 0 0
88000 4.55527 4.5488 0 0.148967 0 0
89000 4.5566 4.57322 0 0.0813404 0 0
90000 4.62928 4.59126 0 0.115825 0 0
91000 4.64638 4.50898 0 0.0499761 0 0
92000 4.62843 4.52956 0 0.066866 0 0
93000 4.61168 4.50097 0 0.0455622 0 0
94000 4.53585 4.56407 0 0.0313741 0 0
95000 4.64337 4.53259 0 0.0462364 0 0
96000 4.50595 4.60806 0 0.0503878 0 0
97000 4.50035 4.55245 0 -0.0162112 0 0
98000 4.53741 4.49242 0 -0.0548611 0 0
99000 4.5244 4.4695 0 -0.0417656 0 0
100000 4.63258 4.47464 0 -0.156617 0 0
101000 4.56091 4.44148 0 -0.0850448 0 0
102000 4.6235 4.53754 0 -0.0537883 0 0
103000 4.57505 4.54727 0 -0.0758378 0 0
104000 4.48406 4.61936 0 -0.0847996 0 0
105000 4.57864 4.48365 0 -0.134421 0 0
106000 4.57107 4.60432 0 -0.164007 0 0
107000 4.51136 4.60327 0 -0.198325 0 0
108000 4.63012 4.54674 0 -0.22751 0 0
109000 4.60479 4.56191 0 -0.176288 0 0
110000 4.50669 4.5765 0 -0.302492 0 0
111000 4.61183 4.5137 0 -0.225171 0 0
112000 4.47975 4.62315 0 -0.235877 0 0
113000 4.59303 4.60055 0 -0.161085 0 0
114000 4.51384 4.58638 0 -0.251447 0 0
115000 4.68919 4.55283 0 -0.282227 0 0
116000 4.56419 4.58111 0 -0.267714 0 0
117000 4.604 4.57364 0 -0.248018 0 0
118000 4.6113 4.56665 0 -0.258874 0 0
119000 4.58803 4.53812 0 -0.282361 0 0
120000 4.61074 4.48713 0 -0.336465 0 0
121000 4.61666 4.55111 0 -0.285474 0 0
122000 4.68684 4.51038 0 -0.282607 0 0
123000 4.66404 4.48772 0 -0.298938 0 0
124000 4.57566 4.5834 0 -0.222326 0 0
125000 4.65265 4.55357 0 -0.271453 0 0
126000 4.59653 4.54173 0 -0.324963 0 0
127000 4.48496 4.58946 0 -0.238485 0 0
128000 4.65232 4.55674 0 -0.214443 0 0
129000 4.5646 4.5992 0 -0.308716 0 0
130000 4.63837 4.59628 0 -0.272621 0 0
131000 4.55628 4.62394 0 -0.23646 0 0
132000 4.47455 4.57868 0 -0.285653 0 0
133000 4.5968 4.50398 0 -0.313574 0 0
134000 4.59767 4.69034 0 -0.300356 0 0
135000 4.59172 4.52307 0 -0.213216 0 0
136000 4.5569 4.63667 0 -0.144729 0 0
137000 4.51874 4.58938 0 -0.214922 0 0
138000 4.5879 4.55156 0 -0.175945 0 0
139000 4.58035 4.46966 0 -0.193059 0 0
140000 4.54674 4.52822 0 -0.192129 0 0
141000 4.62651 4.49278 0 -0.156985 0 0
142000 4.58006 4.54339 0 -0.142383 0 0
143000 4.65426 4.5917 0 -0.0849072 0 0
144000 4.49788 4.59609 0 -0.145849 0 0
145000 4.59863 4.56923 0 -0.101359 0 0
146000 4.53938 4.61124 0 -0.0787307 0 0
147000 4.54435 4.5414 0 -0.0420623 0 0
148000 4.69746 4.5117 0 -0.0938234 0 0
149000 4.53563 4.49809 0 -0.0926913 0 0
150000 4.64846 4.47253 0 -0.062377 0 0
151000 4.54139 4.57549 0 -0.0840198 0 0
152000 4.61786 4.57608 0 0.067377 0 0
153000 4.61446 4.51069 0 0.000279874 0 0
154000 4.57905 4.60726 0 0.00273921 0 0
155000 4.54854 4.485 0 0.0247937 0 0
156000 4.56915 4.52994 0 -0.0115649 0 0
157000 4.61005 4.52877 0 0.0166321 0 0
158000 4.59552 4.52649 0 0.0853809 0 0
159000 4.6153 4.59854 0 0.0513974 0 0
160000 4.61184 4.47748 0 0.156209 0 0
161000 4.58599 4.54706 0 0.144813 0 0
162000 4.66061 4.55068 0 0.117395 0 0
163000 4.56906 4.45138 0 0.157113 0 0
164000 4.53143 4.56436 0 0.0475592 0 0
165000 4.60127 4.59137 0 0.192281 0 0
166000 4.5148 4.58669 0 0.101596 0 0
167000 4.58345 4.54316 0 0.237505 0 0
168000 4.50354 4.57674 0 0.150642 0 0
169000 4.64104 4.52091 0 0.153773 0 0
170000 4.55228 4.55295 0 0.193303 0 0
171000 4.65226 4.5247 0 0.175766 0 0
172000 4.57899 4.62395 0 0.145184 0 0
173000 4.51272 4.56053 0 0.204184 0 0
174000 4.59184 4.50701 0 0.218198 0 0
175000 4.57339 4.54098 0 0.187281 0 0
176000 4.58806 4.62004 0 0.159811 0 0
177000 4.57767 4.63513 0 0.176046 0 0
178000 4.62281 4.55127 0 0.22137 0 0
179000 4.59785 4.47381 0 0.214003 0 0
180000 4.62009 4.51356 0 0.116357 0 0
181000 4.57312 4.49419 0 0.230242 0 0
182000 4.58039 4.64545 0 0.155176 0 0
183000 4.55766 4.57672 0 0.216213 0 0
184000 4.70847 4.56564 0 0.215848 0 0
185000 4.56438 4.56474 0 0.105254 0 0
186000 4.44311 4.60956 0 0.076434 0 0
187000 4.60383 4.54325 0 0.113521 0 0
188000 4.4803 4.53555 0 0.16888 0 0
189000 4.47538 4.53784 0 0.129509 0 0
190000 4.51029 4.6233 0 0.0456999 0 0
191000 4.57996 4.6022 0 0.0119171 0 0
192000 4.56029 4.53244 0 0.0779294 0 0
193000 4.59249 4.50127 0 -0.070607 0 0
194000 4.60119 4.53566 0 0.00984239 0 0
195000 4.64993 4.55827 0 -0.0100504 0 0
196000 4.62432 4.617 0 0.0123815 0 0
197000 4.60885 4.50132 0 -0.0240688 0 0
198000 4.66099 4.51707 0 -0.0769095 0 0
199000 4.61447 4.49092 0 0.000245365 0 0
200000 4.55376 4.51244 0 -0.0443047 0 0
201000 4.6037 4.51662 0 -0.0751881 0 0
202000 4.61558 4.44584 0 -0.0958103 0 0
203000 4.5763 4.46643 0 -0.0934208 0 0
204000 4.59526 4.53993 0 -0.119202 0 0
205000 4.59922 4.48102 0 -0.150287 0 0
206000 4.59834 4.54021 0 -0.196771 0 0
207000 4.58237 4.56972 0 -0.150408 0 0
208000 4.61522 4.53421 0 -0.129499 0 0
209000 4.58698 4.61019 0 -0.141397 0 0
210000 4.56618 4.62316 0 -0.122534 0 0
211000 4.60094 4.53311 0 -0.15445 0 0
212000 4.56483 4.58377 0 -0.138415 0 0
213000 4.60719 4.58931 0 -0.234196 0 0
214000 4.48686 4.60273 0 -0.0804443 0 0
215000 4.41341 4.61392 0 -0.23007 0 0
216000 4.48968 4.58159 0 -0.218679 0 0
217000 4.52722 4.55857 0 -0.251304 0 0
218000 4.6345 4.50301 0 -0.301174 0 0
219000 4.62845 4.53367 0 -0.32288 0 0
220000 4.67445 4.49554 0 -0.247919 0 0
221000 4.60122 4.5564 0 -0.223449 0 0
222000 4.60238 4.57165 0 -0.234373 0 0
223000 4.5783 4.53236 0 -0.292488 0 0
224000 4.56604 4.5997 0 -0.302642 0 0
225000 4.59946 4.63378 0 -0.349437 0 0
226000 4.57816 4.50693 0 -0.278512 0 0
227000 4.64467 4.49601 0 -0.29277 0 0
228000 4.67777 4.51061 0 -0.279646 0 0
229000 4.53243 4.62264 0 -0.277561 0 0
230000 4.61557 4.52088 0 -0.319719 0 0
231000 4.49821 4.61025 0 -0.31958 0 0
232000 4.53742 4.5824 0 -0.331824 0 0
233000 4.56017 4.50675 0 -0.225718 0 0
234000 4.60077 4.5768 0 -0.206281 0 0
235000 4.54367 4.63746 0 -0.186326 0 0
236000 4.56965 4.54029 0 -0.337432 0 0
237000 4.53273 4.57663 0 -0.189946 0 0
238000 4.57599 4.53897 0 -0.201487 0 0
239000 4.5763 4.53955 0 -0.174916 0 0
240000 4.5892 4.55123 0 -0.189699 0 0
241000 4.55619 4.4959 0 -0.107875 0 0
242000 4.55634 4.57678 0 -0.0444072 0 0
243000 4.59903 4.55796 0 -0.145197 0 0
244000 4.60653 4.51771 0 -0.139834 0 0
245000 4.55449 4.47824 0 -0.146964 0 0
246000 4.61174 4.439 0 -0.109671 0 0
247000 4.6301 4.46614 0 -0.0935721 0 0
248000 4.54571 4.55326 0 -0.0758247 0 0
249000 4.53655 4.6066 0 -0.10247 0 0
250000 4.57972 4.56951 0 0.00774502 0 0
251000 4.52169 4.64417 0 -0.0708827 0 0
252000 4.51979 4.56027 0 -0.0160811 0 0
253000 4.50888 4.55358 0 0.00580467 0 0
254000 4.63413 4.41965 0 0.0905817 0 0
255000 4.59271 4.56153 0 0.0359212 0 0
256000 4.6244 4.53007 0 -0.00485302 0 0
257000 4.58709 4.57514 0 0.0807614 0 0
258000 4.56164 4.64513 0 0.104602 0 0
259000 4.56313 4.45562 0 0.0306174 0 0
260000 4.60859 4.55477 0 0.0356725 0 0
261000 4.47348 4.58767 0 0.115001 0 0
262000 4.60392 4.57884 0 0.155649 0 0
263000 4.58412 4.55341 0 0.107705 0 0
264000 4.4682 4.63867 0 0.166771 0 0
265000 4.54977 4.5209 0 0.14219 0 0
266000 4.52913 4.55823 0 0.107021 0 0
267000 4.5036 4.49625 0 0.192315 0 0
268000 4.5804 4.56423 0 0.102694 0 0
269000 4.58547 4.48589 0 0.178736 0 0
270000 4.58285 4.52749 0 0.208492 0 0
271000 4.53212 4.55965 0 0.203586 0 0
272000 4.5667 4.50742 0 0.172685 0 0
273000 4.49569 4.62855 0 0.171942 0 0
274000 4.55272 4.61252 0 0.216073 0 0
275000 4.3831 4.55377 0 0.207576 0 0
276000 4.48344 4.5909 0 0.111791 0 0
277000 4.57267 4.55883 0 0.147873 0 0
278000 4.55292 4.50417 0 0.265064 0 0
279000 4.59184 4.52429 0 0.13942 0 0
280000 4.56396 4.47258 0 0.229399 0 0
281000 4.61043 4.51405 0 0.108867 0 0
282000 4.54877 4.53147 0 0.152717 0 0
283000 4.70206 4.49827 0 0.111616 0 0
284000 4.53343 4.52449 0 0.157929 0 0
285000 4.66952 4.49416 0 0.141823 0 0
286000 4.64181 4.53838 0 0.154231 0 0
287000 4.58548 4.45359 0 0.124121 0 0
288000 4.61031 4.50991 0 0.0800472 0 0
289000 4.591 4.55845 0 0.0784465 0 0
290000 4.56633 4.49064 0 0.123798 0 0
291000 4.53983 4.49013 0 0.00802127 0 0
292000 4.57202 4.58632 0 0.0261602 0 0
293000 4.51926 4.53304 0 -0.00943315 0 0
294000 4.5749 4.53633 0 0.00397573 0 0
295000 4.59564 4.59653 0 0.0144553 0 0
296000 4.54665 4.61125 0 -0.00337615 0 0
297000 4.59404 4.5135 0 0.00394454 0 0
298000 4.60365 4.53746 0 -0.0475723 0 0
299000 4.54777 4.53603 0 -0.0296889 0 0
300000 4.65863 4.55749 0 -0.0932183 0 0
301000 4.56673 4.54531 0 -0.060857 0 0
302000 4.51136 4.56341 0 -0.0902102 0 0
303000 4.62909 4.53554 0 -0.113858 0 0
304000 4.61057 4.48917 0 -0.0973318 0 0
305000 4.66205 4.50447 0 -0.094829 0 0
306000 4.61199 4.53123 0 -0.193722 0 0
307000 4.50121 4.57008 0 -0.116812 0 0
308000 4.63778 4.49123 0 -0.129601 0 0
309000 4.6144 4.53381 0 -0.166119 0 0
310000 4.54479 4.49105 0 -0.135919 0 0
311000 4.62353 4.52948 0 -0.111693 0 0
312000 4.69305 4.58381 0 -0.192923 0 0
313000 4.55178 4.54795 0 -0.235367 0 0
314000 4.64966 4.48357 0 -0.14343 0 0
315000 4.53077 4.54622 0 -0.268165 0 0
316000 4.56355 4.52736 0 -0.101958 0 0
317000 4.63802 4.62263 0 -0.316788 0 0
318000 4.60664 4.57457 0 -0.234908 0 0
319000 4.68407 4.57233 0 -0.217214 0 0
320000 4.54975 4.54896 0 -0.31432 0 0
321000 4.57723 4.56736 0 -0.262699 0 0
322000 4.53164 4.55829 0 -0.331993 0 0
323000 4.65002 4.51288 0 -0.330629 0 0
324000 4.60163 4.49718 0 -0.326124 0 0
325000 4.52373 4.56607 0 -0.338284 0 0
326000 4.54699 4.61761 0 -0.300843 0 0
327000 4.57288 4.58225 0 -0.261531 0 0
328000 4.60361 4.59466 0 -0.23457 0 0
329000 4.50726 4.53213 0 -0.288833 0 0
330000 4.62593 4.64222 0 -0.290049 0 0
331000 4.6068 4.55109 0 -0.221042 0 0
332000 4.54991 4.55294 0 -0.144589 0 0
333000 4.57142 4.50014 0 -0.274871 0 0
334000 4.62314 4.50834 0 -0.238998 0 0
335000 4.52572 4.49331 0 -0.259678 0 0
336000 4.66547 4.60277 0 -0.211698 0 0
337000 4.6188 4.5697 0 -0.228832 0 0
338000 4.49765 4.54596 0 -0.271149 0 0
339000 4.59892 4.49738 0 -0.17319 0 0
340000 4.5712 4.59609 0 -0.18383 0 0
341000 4.58758 4.59126 0 -0.190564 0 0
342000 4.53061 4.57146 0 -0.144329 0 0
343000 4.59344 4.59427 0 -0.214157 0 0
344000 4.59704 4.51058 0 -0.167471 0 0
345000 4.52992 4.6568 0 -0.0490288 0 0
346000 4.62945 4.44044 0 -0.0461577 0 0
347000 4.51488 4.5889 0 -0.0321876 0 0
348000 4.59483 4.56483 0 -0.0485298 0 0
349000 4.61856 4.61039 0 -0.0157265 0 0
350000 4.56452 4.56512 0 -0.109445 0 0
351000 4.51381 4.53856 0 -0.0311118 0 0
352000 4.55762 4.56906 0 0.00905508 0 0
353000 4.56788 4.53762 0 0.015134 0 0
354000 4.59791 4.54504 0 -0.0538325 0 0
355000 4.55446 4.49957 0 -0.00734059 0 0
356000 4.66106 4.55992 0 0.043446 0 0
357000 4.55829 4.48984 0 0.0299358 0 0
358000 4.47487 4.58713 0 0.044071 0 0
359000 4.51867 4.58525 0 0.026604 0 0
360000 4.60547 4.55673 0 0.0518832 0 0
361000 4.59714 4.54775 0 0.0601575 0 0
362000 4.62948 4.58252 0 0.149254 0 0
363000 4.59462 4.62319 0 0.187018 0 0
364000 4.60674 4.44457 0 0.125441 0 0
365000 4.52826 4.50573 0 0.160371 0 0
366000 4.54684 4.49773 0 0.206095 0 0
367000 4.68097 4.50265 0 0.0962075 0 0
368000 4.58879 4.55322 0 0.198085 0 0
369000 4.58958 4.56805 0 0.172647 0 0
370000 4.52623 4.52489 0 0.175645 0 0
371000 4.58295 4.55392 0 0.17747 0 0
372000 4.60175 4.59139 0 0.194245 0 0
373000 4.53978 4.55228 0 0.205336 0 0
374000 4.63329 4.48491 0 0.190569 0 0
375000 4.47428 4.58506 0 0.142884 0 0
376000 4.52598 4.57688 0 0.214408 0 0
377000 4.58219 4.57197 0 0.230216 0 0
378000 4.57444 4.48004 0 0.170167 0 0
379000 4.56155 4.60526 0 0.185987 0 0
380000 4.62112 4.59966 0 0.185639 0 0
381000 4.61108 4.47699 0 0.227083 0 0
382000 4.63636 4.59775 0 0.108554 0 0
383000 4.62595 4.54658 0 0.15075 0 0
384000 4.46491 4.53392 0 0.0560391 0 0
385000 4.68493 4.46315 0 0.152839 0 0
386000 4.53683 4.66399 0 0.0626036 0 0
387000 4.60512 4.56802 0 0.0559572 0 0
388000 4.55471 4.50301 0 0.113196 0 0
389000 4.50889 4.60056 0 0.0816668 0 0
390000 4.47567 4.52735 0 0.0924483 0 0
391000 4.5082 4.55355 0 0.0494311 0 0
392000 4.54406 4.46225 0 -0.0205007 0 0
393000 4.46552 4.49431 0 0.0202823 0 0
394000 4.55441 4.5585 0 0.0392422 0 0
395000 4.55867 4.57431 0 0.0107729 0 0
396000 4.65654 4.47336 0 -0.0334521 0 0
397000 4.61673 4.60057 0 -0.0134281 0 0
398000 4.57887 4.57764 0 -0.00402994 0 0
399000 4.52477 4.56409 0 -0.0657286 0 0
400000 4.60691 4.5369 0 -0.0263669 0 0
401000 4.48782 4.61762 0 -0.0305351 0 0
402000 4.67173 4.49024 0 -0.0726833 0 0
403000 4.54265 4.55095 0 -0.137394 0 0
404000 4.56183 4.49631 0 -0.150594 0 0
405000 4.60101 4.40792 0 -0.107581 0 0
406000 4.52863 4.51291 0 -0.119434 0 0
407000 4.64111 4.57048 0 -0.185638 0 0
408000 4.5627 4.53209 0 -0.069373 0 0
409000 4.55164 4.50479 0 -0.237797 0 0
410000 4.64271 4.5002 0 -0.215736 0 0
411000 4.58904 4.54205 0 -0.197439 0 0
412000 4.59452 4.58664 0 -0.208708 0 0
413000 4.64612 4.5015 0 -0.282312 0 0
414000 4.64708 4.59492 0 -0.193934 0 0
415000 4.64607 4.59523 0 -0.287256 0 0
416000 4.54236 4.65105 0 -0.217761 0 0
417000 4.66774 4.61288 0 -0.228176 0 0
418000 4.60589 4.62449 0 -0.300167 0 0
419000 4.55523 4.6175 0 -0.251051 0 0
420000 4.67379 4.55045 0 -0.374533 0 0
421000 4.57663 4.61492 0 -0.328175 0 0
422000 4.66026 4.49977 0 -0.242103 0 0
423000 4.62918 4.62904 0 -0.277633 0 0
424000 4.6303 4.65151 0 -0.249682 0 0
425000 4.55394 4.64334 0 -0.354394 0 0
426000 4.54685 4.55878 0 -0.278824 0 0
427000 4.63387 4.55771 0 -0.289767 0 0
428000 4.57717 4.66413 0 -0.274744 0 0
429000 4.65001 4.54801 0 -0.244426 0 0
430000 4.59974 4.58249 0 -0.302957 0 0
431000 4.58155 4.46428 0 -0.259661 0 0
432000 4.5198 4.5722 0 -0.232163 0 0
433000 4.58457 4.60218 0 -0.285067 0 0
434000 4.59095 4.41032 0 -0.242158 0 0
435000 4.58715 4.60688 0 -0.27971 0 0
436000 4.53519 4.4859 0 -0.239139 0 0
437000 4.59662 4.6241 0 -0.203002 0 0
438000 4.62862 4.51687 0 -0.170962 0 0
439000 4.5317 4.60255 0 -0.177201 0 0
440000 4.57043 4.61874 0 -0.200746 0 0
441000 4.52821 4.62953 0 -0.21613 0 0
442000 4.45439 4.62108 0 -0.0745202 0 0
443000 4.60468 4.49344 0 -0.101454 0 0
444000 4.53453 4.58199 0 -0.120001 0 0
445000 4.59297 4.51515 0 -0.131743 0 0
446000 4.49284 4.54283 0 -0.0192502 0 0
447000 4.60534 4.55655 0 -0.155877 0 0
448000 4.54082 4.53578 0 -0.0492308 0 0
449000 4.59772 4.5051 0 -0.14117 0 0
450000 4.54607 4.51853 0 -0.081989 0 0
451000 4.49749 4.61224 0 -0.0480378 0 0
452000 4.59667 4.52412 0 -0.0909964 0 0
453000 4.57754 4.56754 0 -0.0103304 0 0
454000 4.60568 4.48831 0 -0.0102014 0 0
455000 4.56177 4.56618 0 0.0213943 0 0
456000 4.54609 4.52109 0 -0.00630523 0 0
457000 4.57537 4.5547 0 0.0482047 0 0
458000 4.62368 4.52041 0 0.00299333 0 0
459000 4.62103 4.55924 0 0.116744 0 0
460000 4.4848 4.57127 0 0.156566 0 0
461000 4.54457 4.55394 0 0.0640078 0 0
462000 4.65157 4.50126 0 0.0982055 0 0
463000 4.61758 4.547 0 0.0602235 0 0
464000 4.56487 4.61895 0 0.0759942 0 0
465000 4.53396 4.59809 0 0.0736184 0 0
466000 4.53814 4.58402 0 0.15073 0 0
467000 4.6198 4.64344 0 0.156894 0 0
468000 4.63867 4.48569 0 0.241221 0 0
469000 4.61019 4.63091 0 0.209227 0 0
470000 4.63756 4.51591 0 0.147289 0 0
471000 4.53017 4.53851 0 0.146661 0 0
472000 4.55467 4.62719 0 0.176078 0 0
473000 4.57633 4.54301 0 0.160552 0 0
474000 4.55533 4.56632 0 0.186335 0 0
475000 4.60247 4.5052 0 0.0860424 0 0
476000 4.55206 4.60878 0 0.161815 0 0
477000 4.60084 4.48021 0 0.178475 0 0
478000 4.64551 4.58195 0 0.11297 0 0
479000 4.51904 4.56488 0 0.209479 0 0
480000 4.54207 4.56817 0 0.145961 0 0
481000 4.53729 4.50384 0 0.28833 0 0
482000 4.53643 4.51469 0 0.136534 0 0
483000 4.57033 4.56459 0 0.125617 0 0
484000 4.5784 4.5868 0 0.162889 0 0
485000 4.60714 4.58219 0 0.127433 0 0
486000 4.61451 4.49329 0 0.143137 0 0
487000 4.52059 4.49641 0 0.0539869 0 0
488000 4.59908 4.56839 0 0.140324 0 0
489000 4.54589 4.5638 0 0.0661989 0 0
490000 4.57512 4.5213 0 0.0453558 0 0
491000 4.56584 4.54607 0 0.0187099 0 0
492000 4.64064 4.48314 0 0.00525674 0 0
493000 4.68107 4.50589 0 0.0915247 0 0
494000 4.548 4.57277 0 0.0173538 0 0
495000 4.59855 4.52345 0 0.00984683 0 0
496000 4.56811 4.55149 0 0.0493265 0 0
497000 4.60271 4.59374 0 -0.0806344 0 0
498000 4.57532 4.58951 0 -0.0179845 0 0
499000 4.63428 4.53941 0 -0.0837153 0 0
500000 4.61897 4.47311 0 -0.120166 0 0
