# Time-averaged data for fix ps1
# TimeStep c_thermo_press[1] c_thermo_press[2] c_thermo_press[3] c_thermo_press[4] c_thermo_press[5] c_thermo_press[6]
0 9.92677 9.85761 0 -0.0787396 0 0
1000 11.0581 10.6091 0 0.0591585 0 0
2000 10.6593 11.0229 0 -0.139358 0 0
3000 10.8433 10.7483 0 0.103554 0 0
4000 10.7635 10.8187 0 -0.0489889 0 0
5000 10.8501 10.5451 0 0.0227726 0 0
6000 10.7704 10.8202 0 0.0457272 0 0
7000 10.5369 10.6498 0 -0.148977 0 0
8000 10.8088 10.4792 0 0.087222 0 0
9000 10.5907 10.6625 0 -0.185569 0 0
10000 10.7024 10.4898 0 0.113273 0 0
11000 10.9111 10.6219 0 -0.0908202 0 0
12000 10.9004 10.7454 0 -0.130651 0 0
13000 10.6227 10.8142 0 -0.107914 0 0
14000 10.7291 10.7758 0 -0.00939617 0 0
15000 10.7037 10.7665 0 -0.0978244 0 0
16000 10.9134 10.5386 0 -0.034913 0 0
17000 10.7193 10.6885 0 0.0619966 0 0
18000 10.9589 10.9437 0 -0.0638345 0 0
19000 10.7729 10.8795 0 -0.12858 0 0
20000 10.8825 10.4851 0 0.0982258 0 0
21000 10.8922 10.5776 0 -0.0595131 0 0
22000 10.9077 10.9153 0 -0.0589962 0 0
23000 10.8632 10.546 0 0.0591459 0 0
24000 10.4375 10.6438 0 -0.00953564 0 0
25000 11.006 10.6822 0 -0.0124455 0 0
26000 10.6744 10.9342 0 0.096169 0 0
27000 10.8196 10.6432 0 0.010763 0 0
28000 10.6537 10.908 0 0.0710597 0 0
29000 10.9973 10.6756 0 0.0434417 0 0
30000 10.7509 10.7695 0 0.12717 0 0
31000 10.9957 10.7231 0 -0.0180653 0 0
32000 10.7437 10.8486 0 -0.146934 0 0
33000 10.6433 10.7868 0 -0.117711 0 0
34000 10.6622 10.9884 0 0.0908635 0 0
35000 10.6986 11.0186 0 0.0968405 0 0
36000 10.8396 10.6532 0 0.0278965 0 0
37000 10.758 10.7511 0 0.131637 0 0
38000 10.6639 10.8652 0 -0.0555577 0 0
39000 10.8567 11.0331 0 -0.0223703 0 0
40000 10.7773 10.9477 0 -0.0737725 0 0
41000 10.8315 10.7806 0 0.0112539 0 0
42000 10.4994 10.8038 0 0.0892459 0 0
43000 10.8733 11.0305 0 -0.0224506 0 0
44000 10.8031 10.614 0 -0.0684461 0 0
45000 11.0222 10.7892 0 0.00936238 0 0
46000 10.8609 10.7509 0 0.00062428 0 0
47000 10.8552 10.8128 0 -0.00430457 0 0
48000 10.8228 10.7743 0 -0.21923 0 0
49000 10.8054 10.874 0 -0.118207 0 0
50000 10.6874 10.7588 0 -0.0771589 0 0
51000 10.5611 10.7129 0 0.0899271 0 0
52000 10.6066 10.9647 0 0.0983515 0 0
53000 10.6433 10.8509 0 0.139866 0 0
54000 10.7843 10.69 0 -0.0118973 0 0
55000 10.4712 10.9567 0 0.0148359 0 0
56000 10.8601 10.7964 0 0.0993386 0 0
57000 10.4978 10.7957 0 0.0992246 0 0
58000 10.6419 10.9482 0 -0.0435159 0 0
59000 10.667 10.9462 0 0.203327 0 0
60000 10.9138 10.75 0 -0.201428 0 0
61000 10.6839 10.9296 0 0.110384 0 0
62000 11.0102 10.8112 0 0.0741345 0 0
63000 11.1243 10.809 0 -0.0357434 0 0
64000 11.0649 10.7951 0 -0.0499405 0 0
65000 10.7322 10.7966 0 -0.012617 0 0
66000 10.8604 10.8859 0 0.132929 0 0
67000 10.986 10.8047 0 0.0379064 0 0
68000 10.8483 10.7389 0 0.0863403 0 0
69000 10.8535 11.1266 0 0.12636 0 0
70000 10.8316 11.027 0 -0.0957951 0 0
71000 10.7875 10.7196 0 0.00692215 0 0
72000 10.6273 10.7759 0 0.0267343 0 0
73000 10.8837 10.7437 0 0.0567383 0 0
74000 10.5924 10.7654 0 -0.129731 0 0
75000 10.6481 10.6717 0 -0.031351 0 0
76000 10.683 10.9621 0 0.087369 0 0
77000 10.7378 10.775 0 0.0614215 0 0
78000 10.7375 10.9395 0 -0.226515 0 0
79000 10.7715 11 0 -0.0070837 0 0
80000 10.8756 10.8798 0 0.128747 0 0
81000 10.7196 10.7896 0 -0.254642 0 0
82000 10.8238 10.7405 0 0.00927504 0 0
83000 10.8305 10.5654 0 -0.132175 0 0
84000 10.8262 10.9105 0 0.00348982 0 0
85000 10.5691 10.6103 0 -0.095527 0 0
86000 10.5874 10.8033 0 -0.0574568 0 0
87000 10.8741 10.7756 0 -0.10553 0 0
88000 10.8715 10.8021 0 0.0190236 0 0
89000 10.6583 10.8016 0 -0.0627373 0 0
90000 10.8157 10.5388 0 -0.0524881 0 0
91000 10.6917 10.825 0 -0.130118 0 0
92000 10.9274 10.6261 0 0.0426566 0 0
93000 11.0775 10.7715 0 -0.117253 0 0
94000 10.7927 10.9147 0 -0.0648648 0 0
95000 10.8583 10.855 0 -0.059621 0 0
96000 10.675 10.8323 0 0.155249 0 0
97000 10.8118 10.7415 0 0.0395784 0 0
98000 10.606 10.5916 0 -0.0628081 0 0
99000 10.7919 10.6866 0 0.0955145 0 0
100000 10.6911 10.9198 0 -0.0480607 0 0
101000 10.6595 10.7833 0 0.180395 0 0
102000 10.8874 10.7551 0 -0.1792 0 0
103000 10.7872 10.7982 0 -0.158704 0 0
104000 10.6683 10.955 0 -0.120084 0 0
105000 10.7132 10.8512 0 -0.0027062 0 0
106000 10.7085 10.637 0 -0.143666 0 0
107000 10.7227 11.0043 0 -0.126738 0 0
108000 10.8128 10.8174 0 0.104995 0 0
109000 10.6188 10.7967 0 -0.0454662 0 0
110000 10.4771 10.9727 0 -0.11886 0 0
111000 10.7728 10.8407 0 -0.048729 0 0
112000 10.8033 11.0134 0 0.0270456 0 0
113000 10.8972 10.7985 0 0.113131 0 0
114000 10.4112 10.88 0 0.199152 0 0
115000 10.5659 10.7092 0 -0.0928251 0 0
116000 10.6795 10.6518 0 -0.0110304 0 0
117000 10.9449 10.8815 0 0.0459161 0 0
118000 10.8191 10.7534 0 -0.0372701 0 0
119000 10.7233 10.7249 0 -0.019923 0 0
120000 10.9211 10.8903 0 0.102895 0 0
121000 10.8763 10.7774 0 0.0404089 0 0
122000 10.6149 10.5181 0 -0.00310894 0 0
123000 10.7511 11.0382 0 0.0453251 0 0
124000 10.7791 10.7824 0 -0.0152762 0 0
125000 11.0381 10.4219 0 -0.0922247 0 0
126000 10.7925 10.9806 0 -0.0208247 0 0
127000 10.8974 10.8218 0 -0.116087 0 0
128000 10.9697 10.8344 0 0.1369 0 0
129000 10.7152 11.118 0 0.0485356 0 0
130000 10.6031 11.1419 0 -0.0346877 0 0
131000 10.8094 10.7785 0 0.0172515 0 0
132000 10.9719 10.7264 0 0.0488799 0 0
133000 10.9043 10.636 0 -0.0995892 0 0
134000 10.5687 10.7829 0 -0.120243 0 0
135000 10.7597 10.6439 0 -0.0053427 0 0
136000 10.7726 10.797 0 -0.0542676 0 0
137000 10.5155 10.7785 0 -0.0801557 0 0
138000 11.0437 10.6998 0 0.000641526 0 0
139000 10.668 10.8232 0 0.0725057 0 0
140000 10.9313 10.8091 0 -0.105484 0 0
141000 10.4898 10.6568 0 0.0781757 0 0
142000 10.9835 10.9169 0 0.0391161 0 0
143000 10.7028 10.7 0 -0.0877081 0 0
144000 10.6469 10.7905 0 0.0450903 0 0
145000 10.9289 10.9158 0 0.0545498 0 0
146000 10.7153 10.934 0 0.168435 0 0
147000 10.9059 10.5299 0 -0.067309 0 0
148000 10.9505 10.9152 0 -0.104072 0 0
149000 10.74 10.7643 0 -0.158207 0 0
150000 10.9002 11.1174 0 -0.108418 0 0
151000 10.8899 10.7015 0 0.117917 0 0
152000 10.636 10.7104 0 -0.00581535 0 0
153000 10.7894 10.6112 0 0.0997356 0 0
154000 10.5365 10.6019 0 -0.174274 0 0
155000 10.541 10.7792 0 0.184075 0 0
156000 10.525 10.8798 0 -0.0346108 0 0
157000 10.6896 10.9109 0 0.112723 0 0
158000 10.8776 10.6946 0 0.0998931 0 0
159000 10.7747 10.7213 0 0.0453552 0 0
160000 10.7247 10.4836 0 -0.0321912 0 0
161000 10.5417 10.7183 0 0.0133953 0 0
162000 10.7511 10.9169 0 0.0798013 0 0
163000 10.8568 10.5275 0 0.166288 0 0
164000 10.9292 10.6679 0 0.0586888 0 0
165000 11.0164 10.8621 0 0.11735 0 0
166000 10.7188 11.0024 0 -0.105755 0 0
167000 10.7235 10.9163 0 -0.0738033 0 0
168000 10.7171 10.8459 0 0.0307722 0 0
169000 10.5985 10.8298 0 0.0275964 0 0
170000 10.7046 10.5033 0 0.0674999 0 0
171000 10.7953 10.6629 0 -0.176799 0 0
172000 10.4863 10.882 0 0.00023002 0 0
173000 10.6875 10.6788 0 -0.0646692 0 0
174000 10.7417 10.6271 0 0.0770152 0 0
175000 10.8821 10.9227 0 0.134915 0 0
176000 10.6592 10.711 0 -0.194815 0 0
177000 10.7488 10.8296 0 -0.0575073 0 0
178000 10.8865 10.524 0 0.0367207 0 0
179000 10.8258 10.6102 0 -0.0204072 0 0
180000 10.7975 10.8291 0 -0.0935592 0 0
181000 10.7193 10.727 0 0.066916 0 0
182000 10.5664 10.8601 0 0.0499287 0 0
183000 10.6076 10.7602 0 0.0965694 0 0
184000 10.8189 10.7312 0 0.0389457 0 0
185000 10.7311 11.1313 0 -0.160321 0 0
186000 10.881 10.7386 0 0.21779 0 0
187000 10.5731 10.8667 0 0.0684241 0 0
188000 10.7885 10.534 0 0.0227828 0 0
189000 10.7149 10.8774 0 -0.0325653 0 0
190000 10.8719 10.7839 0 0.0682592 0 0
191000 10.8981 10.8382 0 -0.0267695 0 0
192000 10.7236 10.9658 0 -0.196823 0 0
193000 10.7546 10.6817 0 0.0121128 0 0
194000 10.8521 10.7174 0 -0.0346489 0 0
195000 10.43 10.8844 0 -0.0749929 0 0
196000 10.4759 10.845 0 0.106485 0 0
197000 10.8384 10.7853 0 0.0894575 0 0
198000 10.666 10.6414 0 0.144384 0 0
199000 10.634 10.7444 0 0.124439 0 0
200000 11.0075 10.9982 0 0.117895 0 0
201000 10.791 10.914 0 0.0708901 0 0
202000 11.0594 10.7181 0 0.0231638 0 0
203000 10.9458 10.9134 0 0.0684501 0 0
204000 10.8539 10.9888 0 -0.0656588 0 0
205000 10.8266 10.8612 0 -0.0965751 0 0
206000 10.7833 10.6482 0 -0.0706758 0 0
207000 10.8374 10.6813 0 0.0704692 0 0
208000 10.8373 10.6984 0 0.0618381 0 0
209000 10.5899 10.7684 0 -0.0859714 0 0
210000 10.6791 10.8406 0 -0.00764207 0 0
211000 10.829 10.9951 0 0.00194648 0 0
212000 10.7323 10.7877 0 0.163527 0 0
213000 10.704 10.7685 0 0.0672297 0 0
214000 10.7884 10.8735 0 -0.0895398 0 0
215000 10.7801 10.575 0 0.0460916 0 0
216000 10.9296 10.7563 0 -0.146459 0 0
217000 10.6869 10.7441 0 -0.0843935 0 0
218000 10.6753 10.6835 0 0.0233714 0 0
219000 10.7959 10.6665 0 -0.0597401 0 0
220000 10.8999 11.071 0 -0.0129886 0 0
221000 10.8624 10.7894 0 -0.181173 0 0
222000 10.8643 10.6601 0 -0.0877485 0 0
223000 11.0745 10.858 0 0.0836224 0 0
224000 10.7608 11.0065 0 0.00198898 0 0
225000 10.5916 10.8092 0 0.0692334 0 0
226000 10.8347 10.7354 0 -0.0290914 0 0
227000 10.7453 10.8081 0 0.00383873 0 0
228000 10.914 10.5875 0 0.0941196 0 0
229000 11.0053 10.838 0 0.0711146 0 0
230000 10.5823 10.7755 0 0.0185705 0 0
231000 10.6028 10.7332 0 0.134719 0 0
232000 10.5403 10.8569 0 -0.0912516 0 0
233000 10.5259 10.6432 0 0.0271252 0 0
234000 10.8589 11.0139 0 -0.117609 0 0
235000 11.0373 10.9665 0 0.106788 0 0
236000 10.8283 10.68 0 0.0557236 0 0
237000 10.6666 10.6292 0 0.134574 0 0
238000 10.8071 10.6717 0 -0.0136782 0 0
239000 10.5036 10.9634 0 -0.114026 0 0
240000 10.7825 10.6522 0 0.140146 0 0
241000 10.8961 10.7142 0 -0.088193 0 0
242000 10.7923 10.8946 0 0.0352793 0 0
243000 11.0339 10.777 0 -0.0129568 0 0
244000 10.7554 10.8443 0 0.0412185 0 0
245000 10.748 10.8379 0 0.125564 0 0
246000 10.8992 11.0158 0 -0.0894061 0 0
247000 10.5829 10.6833 0 0.00138293 0 0
248000 10.827 10.6381 0 0.0461311 0 0
249000 10.971 10.7577 0 -0.123469 0 0
250000 10.8375 10.8929 0 -0.135894 0 0
251000 10.6678 10.7655 0 0.108071 0 0
252000 10.7691 10.8638 0 0.0752575 0 0
253000 10.7397 10.9437 0 0.0350647 0 0
254000 10.7406 10.6964 0 -0.109785 0 0
255000 11.1248 10.5345 0 0.0787677 0 0
256000 10.7443 10.5794 0 0.0968767 0 0
257000 10.7456 10.9886 0 -0.162492 0 0
258000 10.8306 10.6047 0 0.0632542 0 0
259000 10.6612 10.6239 0 -0.0703465 0 0
260000 10.7798 10.7573 0 -0.0441591 0 0
261000 10.5878 10.6601 0 -0.0691394 0 0
262000 10.6817 10.729 0 -0.0499886 0 0
263000 10.7079 10.8999 0 0.0514297 0 0
264000 10.6865 10.6729 0 -0.149726 0 0
265000 10.7958 10.6068 0 -0.0621358 0 0
266000 10.6947 10.8609 0 -0.0599765 0 0
267000 10.855 10.8241 0 -0.0860205 0 0
268000 10.8934 10.8414 0 -0.129389 0 0
269000 10.8886 10.7387 0 -0.0447275 0 0
270000 10.6428 10.6839 0 -0.170711 0 0
271000 10.6276 10.8347 0 -0.0939763 0 0
272000 10.7885 10.7439 0 0.103998 0 0
273000 10.6457 10.5391 0 0.0139705 0 0
274000 10.9789 10.4719 0 -0.0702898 0 0
275000 10.9086 10.6211 0 -0.0864229 0 0
276000 10.48 10.6234 0 0.0450176 0 0
277000 10.7004 10.9534 0 0.163174 0 0
278000 10.592 10.8534 0 -0.00852715 0 0
279000 10.8146 10.715 0 -0.0115985 0 0
280000 10.6955 10.6771 0 0.0703014 0 0
281000 10.8751 10.9353 0 -0.127765 0 0
282000 10.674 10.6727 0 -0.0237861 0 0
283000 10.7579 10.7058 0 -0.062549 0 0
284000 10.6531 11.1086 0 -0.097549 0 0
285000 10.8404 10.8383 0 -0.125326 0 0
286000 10.6963 11.0277 0 0.0742839 0 0
287000 10.6805 10.8078 0 -0.00739241 0 0
288000 10.7305 10.6002 0 0.0429575 0 0
289000 10.8571 10.7236 0 0.0946976 0 0
290000 10.7104 10.7027 0 -0.0938571 0 0
291000 10.801 10.9551 0 -0.031967 0 0
292000 10.8833 10.8479 0 0.159024 0 0
293000 10.657 10.7413 0 -0.0188413 0 0
294000 11.1057 10.8962 0 0.0396589 0 0
295000 10.8105 10.621 0 0.123606 0 0
296000 10.8648 10.8305 0 0.0695278 0 0
297000 10.7685 10.7294 0 -0.0407909 0 0
298000 10.7852 10.5918 0 0.0060243 0 0
299000 11.0423 10.5353 0 0.0698068 0 0
300000 10.9999 10.8782 0 0.0973486 0 0
301000 10.8931 10.7852 0 0.0829447 0 0
302000 10.6557 10.7013 0 0.0918904 0 0
303000 10.8702 11.0217 0 0.107693 0 0
304000 10.6403 10.8853 0 -0.107739 0 0
305000 10.9432 10.6863 0 0.0251146 0 0
306000 10.7315 10.8934 0 -0.114656 0 0
307000 10.6847 10.8471 0 -0.00640546 0 0
308000 10.6212 10.807 0 -0.070282 0 0
309000 10.5282 10.7177 0 -0.0126883 0 0
310000 10.7948 10.5775 0 -0.0352387 0 0
311000 10.6023 10.6465 0 0.0131223 0 0
312000 10.7381 11.0331 0 -0.172894 0 0
313000 10.7632 10.636 0 0.0297238 0 0
314000 10.7654 10.8745 0 -0.186713 0 0
315000 10.7834 10.9143 0 0.0410749 0 0
316000 10.8055 10.7383 0 0.128605 0 0
317000 10.6701 11.207 0 -0.0555272 0 0
318000 10.8218 10.7302 0 -0.116486 0 0
319000 10.8616 10.8363 0 0.0243207 0 0
320000 10.8696 10.9195 0 -0.0923395 0 0
321000 10.7148 10.6685 0 0.0272285 0 0
322000 10.7363 10.8291 0 0.0517379 0 0
323000 10.6891 10.755 0 0.147482 0 0
324000 10.7588 10.8683 0 -0.083192 0 0
325000 10.8129 10.6371 0 0.0312687 0 0
326000 10.7655 10.8419 0 0.0546965 0 0
327000 11.0325 10.7213 0 0.0890124 0 0
328000 10.9686 10.7025 0 -0.0882269 0 0
329000 10.7881 10.8516 0 0.139134 0 0
330000 10.7562 10.8216 0 -0.0676925 0 0
331000 10.8526 11.1095 0 0.0407642 0 0
332000 10.9428 10.8451 0 -0.0220021 0 0
333000 11.0283 10.602 0 0.12819 0 0
334000 11.1081 10.8622 0 0.115474 0 0
335000 10.7561 10.604 0 0.0704754 0 0
336000 10.6986 11.093 0 -0.0182831 0 0
337000 10.5629 10.6089 0 0.133373 0 0
338000 10.8795 10.8585 0 -0.0728544 0 0
339000 10.6934 10.7074 0 0.00670997 0 0
340000 10.7686 11.026 0 -0.100272 0 0
341000 10.6952 10.7679 0 0.0605149 0 0
342000 10.7396 10.8592 0 0.0667665 0 0
343000 10.6994 10.6332 0 0.0656817 0 0
344000 10.6495 11.0186 0 -0.0169562 0 0
345000 10.9698 10.5854 0 0.0963838 0 0
346000 10.7361 10.7058 0 0.0042126 0 0
347000 10.6205 10.8032 0 0.0977672 0 0
348000 10.789 10.9747 0 -0.0883325 0 0
349000 10.7191 10.8842 0 0.023541 0 0
350000 10.6803 10.748 0 0.144091 0 0
351000 10.8639 10.8196 0 -0.0424235 0 0
352000 11.1783 10.6454 0 -0.0258776 0 0
353000 10.8154 10.7722 0 -0.115133 0 0
354000 10.5641 10.677 0 0.0954123 0 0
355000 10.5939 10.7018 0 0.0638855 0 0
356000 10.6606 10.7028 0 -0.0491057 0 0
357000 10.9159 10.685 0 0.0735065 0 0
358000 10.5548 10.7413 0 -0.0611587 0 0
359000 10.6619 10.6217 0 0.104846 0 0
360000 10.9552 10.7654 0 0.184134 0 0
361000 10.9684 10.8627 0 -0.0345276 0 0
362000 10.8954 10.7671 0 -0.0699468 0 0
363000 10.5577 10.6437 0 0.0213514 0 0
364000 10.772 10.9413 0 -0.118011 0 0
365000 10.6982 10.7076 0 -0.0440266 0 0
366000 10.9582 10.7871 0 0.0479261 0 0
367000 10.8694 10.8103 0 -0.201057 0 0
368000 10.9107 10.6774 0 0.15553 0 0
369000 10.9139 10.8627 0 -0.192449 0 0
370000 11.0132 10.823 0 -0.0519695 0 0
371000 10.6855 10.7893 0 -0.011165 0 0
372000 10.7649 11.0122 0 -0.148363 0 0
373000 10.8456 10.7553 0 -0.0831853 0 0
374000 10.6858 10.928 0 0.0632874 0 0
375000 10.5955 10.685 0 0.0570067 0 0
376000 10.703 10.7348 0 0.0733805 0 0
377000 10.8361 10.8063 0 -0.0375824 0 0
378000 10.885 10.5563 0 0.155945 0 0
379000 10.8324 10.771 0 -0.0109921 0 0
380000 10.8889 10.9804 0 -0.122874 0 0
381000 10.8474 10.6524 0 0.0617774 0 0
382000 10.4761 10.674 0 0.0677624 0 0
383000 10.7844 10.8774 0 -0.0670331 0 0
384000 10.6831 11.0574 0 -0.0226056 0 0
385000 10.7148 10.965 0 -0.103803 0 0
386000 10.6427 10.69 0 0.0262748 0 0
387000 10.7901 10.6659 0 0.18983 0 0
388000 10.4478 10.9257 0 0.0176619 0 0
389000 10.872 10.6393 0 -0.0167771 0 0
390000 10.7258 10.9684 0 -0.047612 0 0
391000 10.6355 11.0223 0 0.00944741 0 0
392000 10.6856 10.9199 0 0.0110453 0 0
393000 10.9858 10.7699 0 -0.0348861 0 0
394000 10.7871 10.8832 0 -0.0503919 0 0
395000 10.7725 10.7559 0 -0.0722647 0 0
396000 10.7583 10.7463 0 -0.0160517 0 0
397000 10.6879 10.5639 0 0.153081 0 0
398000 10.5387 10.7585 0 0.0070601 0 0
399000 10.8341 10.5893 0 -0.0763409 0 0
400000 10.7766 10.8189 0 -0.0217345 0 0
401000 10.7605 10.8477 0 -0.0493461 0 0
402000 10.6358 10.7219 0 0.0827161 0 0
403000 10.8249 10.6584 0 0.0715698 0 0
404000 10.7621 11.0399 0 0.123826 0 0
405000 10.7563 10.8455 0 -0.088498 0 0
406000 10.7159 10.805 0 0.197669 0 0
407000 10.7012 10.5473 0 -0.00566966 0 0
408000 10.6665 10.8678 0 -0.125084 0 0
409000 10.5147 10.8061 0 0.0582282 0 0
410000 10.6516 10.8298 0 0.0392605 0 0
411000 10.8175 10.9252 0 0.100251 0 0
412000 10.9473 10.7542 0 0.0392421 0 0
413000 10.9619 10.6385 0 0.0610075 0 0
414000 10.7343 10.6506 0 0.13053 0 0
415000 10.6336 10.8348 0 -0.00271727 0 0
416000 10.7442 10.886 0 0.234478 0 0
417000 10.9384 10.7744 0 0.105456 0 0
418000 10.8167 10.8632 0 0.00737516 0 0
419000 10.8539 11.0697 0 -0.0163855 0 0
420000 10.819 11.0098 0 0.0141407 0 0
421000 10.8601 11.0374 0 0.0434232 0 0
422000 10.8002 10.946 0 0.038744 0 0
423000 10.9185 10.8887 0 0.105349 0 0
424000 10.6381 10.7591 0 0.162783 0 0
425000 10.7499 10.8803 0 -0.110013 0 0
426000 10.896 10.6041 0 0.0523137 0 0
427000 10.7547 10.6976 0 -0.114807 0 0
428000 10.9788 10.8852 0 -0.0749234 0 0
429000 10.9376 10.5641 0 -0.0775279 0 0
430000 10.6661 10.8251 0 0.0215539 0 0
431000 10.7667 10.7916 0 0.0517878 0 0
432000 10.9177 10.7112 0 0.00812548 0 0
433000 10.7595 11.0705 0 -0.0388499 0 0
434000 10.8425 10.7414 0 0.0231212 0 0
435000 10.6689 10.8417 0 0.030817 0 0
436000 10.7347 10.7206 0 -0.0758845 0 0
437000 10.9003 10.6952 0 -0.0516625 0 0
438000 10.7133 10.7231 0 0.0261476 0 0
439000 11.0871 10.7866 0 0.0814153 0 0
440000 10.5531 10.7683 0 -0.021675 0 0
441000 10.7613 10.7199 0 -0.143067 0 0
442000 10.8829 10.8812 0 0.0484751 0 0
443000 10.8377 10.9707 0 -0.0201818 0 0
444000 10.7905 10.8366 0 -0.0184186 0 0
445000 10.956 10.8835 0 0.0317555 0 0
446000 10.9862 10.908 0 0.188082 0 0
447000 10.6781 11.0781 0 -0.0956322 0 0
448000 10.626 10.723 0 -0.0703553 0 0
449000 10.5958 10.7188 0 0.125572 0 0
450000 10.9412 10.8843 0 -0.0764241 0 0
451000 10.9603 10.8881 0 0.0157035 0 0
452000 11.0588 10.932 0 -0.173385 0 0
453000 10.7377 10.7628 0 0.0483331 0 0
454000 10.7157 11.0588 0 0.0714507 0 0
455000 10.6972 10.9318 0 -0.0163727 0 0
456000 10.8199 10.7974 0 0.133383 0 0
457000 10.7239 10.7758 0 -0.139934 0 0
458000 10.9119 10.6921 0 0.0628275 0 0
459000 10.7097 10.6619 0 -0.0821196 0 0
460000 10.8013 10.6296 0 0.00210341 0 0
461000 10.7689 10.6302 0 0.0897761 0 0
462000 10.6258 10.8091 0 0.100185 0 0
463000 10.7505 10.6347 0 -0.1016 0 0
464000 10.89 10.9766 0 -0.0678113 0 0
465000 10.8066 10.9156 0 0.118612 0 0
466000 10.7665 10.7078 0 -0.0666521 0 0
467000 10.7742 10.6589 0 -0.0478328 0 0
468000 10.8752 10.5131 0 0.37487 0 0
469000 10.828 10.6756 0 -0.129135 0 0
470000 11.0752 10.5237 0 0.0525462 0 0
471000 10.8261 10.9343 0 0.0486396 0 0
472000 10.7827 10.8448 0 -0.112636 0 0
473000 10.7364 10.8357 0 0.0634102 0 0
474000 10.8124 10.8512 0 -0.0409157 0 0
475000 10.8822 10.7678 0 0.139409 0 0
476000 10.9912 10.9971 0 -0.0700531 0 0
477000 10.6358 10.8744 0 0.0263549 0 0
478000 10.6183 10.9195 0 -0.0316194 0 0
479000 10.8069 10.8685 0 -0.041497 0 0
480000 10.7186 10.7457 0 0.0141156 0 0
481000 10.9013 10.8001 0 -0.142881 0 0
482000 10.8872 10.9203 0 -0.134559 0 0
483000 10.8122 10.8244 0 -0.0281801 0 0
484000 10.9093 10.8672 0 0.0177433 0 0
485000 11.0099 10.9078 0 -0.193634 0 0
486000 10.7578 10.7849 0 0.107736 0 0
487000 10.9052 10.5811 0 -0.0788715 0 0
488000 10.6893 10.8105 0 -0.0464599 0 0
489000 10.8095 10.8009 0 0.126771 0 0
490000 10.6607 10.8081 0 -0.00516996 0 0
491000 10.6426 10.8166 0 -0.00530717 0 0
492000 10.6705 10.7297 0 0.0541298 0 0
493000 10.6831 10.7906 0 -0.0418974 0 0
494000 10.6361 10.6144 0 -0.0120888 0 0
495000 10.9019 10.7241 0 -0.0783446 0 0
496000 10.444 10.5405 0 -0.0596596 0 0
497000 10.7134 10.6336 0 0.0158537 0 0
498000 10.9155 10.803 0 0.00376833 0 0
499000 10.6859 10.9383 0 -0.202108 0 0
500000 10.9011 10.7375 0 0.00909911 0 0
