# Time-averaged data for fix ps1
# TimeStep c_thermo_press[1] c_thermo_press[2] c_thermo_press[3] c_thermo_press[4] c_thermo_press[5] c_thermo_press[6]
0 3.46957 3.51071 0 -0.0318593 0 0
1000 3.65526 3.6803 0 -0.0670323 0 0
2000 3.67553 3.72317 0 -0.0424167 0 0
3000 3.59849 3.70388 0 -0.055231 0 0
4000 3.69373 3.6739 0 -0.0887828 0 0
5000 3.69775 3.73075 0 -0.0528181 0 0
6000 3.62283 3.79373 0 -0.116669 0 0
7000 3.75536 3.66724 0 -0.118385 0 0
8000 3.67159 3.74905 0 -0.112054 0 0
9000 3.67428 3.70059 0 -0.206926 0 0
10000 3.70878 3.65445 0 -0.186494 0 0
11000 3.69683 3.71928 0 -0.232012 0 0
12000 3.66489 3.7471 0 -0.204197 0 0
13000 3.73487 3.68971 0 -0.232913 0 0
14000 3.62464 3.71857 0 -0.217896 0 0
15000 3.67337 3.72861 0 -0.241059 0 0
16000 3.65496 3.71092 0 -0.23011 0 0
17000 3.66408 3.67908 0 -0.334181 0 0
18000 3.7183 3.72508 0 -0.250812 0 0
19000 3.68796 3.7216 0 -0.266799 0 0
20000 3.6521 3.77923 0 -0.305846 0 0
21000 3.62856 3.73619 0 -0.297015 0 0
22000 3.6851 3.77479 0 -0.224676 0 0
23000 3.73636 3.73302 0 -0.256781 0 0
24000 3.62654 3.8119 0 -0.306172 0 0
25000 3.71277 3.72262 0 -0.350377 0 0
26000 3.75422 3.66442 0 -0.271767 0 0
27000 3.69276 3.74503 0 -0.28365 0 0
28000 3.65005 3.72294 0 -0.271698 0 0
29000 3.64476 3.74665 0 -0.271155 0 0
30000 3.72173 3.65178 0 -0.252954 0 0
31000 3.7967 3.67793 0 -0.27559 0 0
32000 3.78789 3.69733 0 -0.284416 0 0
33000 3.69394 3.78463 0 -0.302213 0 0
34000 3.72877 3.68286 0 -0.207322 0 0
35000 3.63122 3.71572 0 -0.291888 0 0
36000 3.68843 3.71802 0 -0.251962 0 0
37000 3.68445 3.79816 0 -0.177093 0 0
38000 3.65271 3.73478 0 -0.157074 0 0
39000 3.62544 3.83122 0 -0.177284 0 0
40000 3.72025 3.71615 0 -0.182248 0 0
41000 3.62515 3.72189 0 -0.159504 0 0
42000 3.70095 3.70815 0 -0.225227 0 0
43000 3.67495 3.68996 0 -0.141557 0 0
44000 3.63577 3.76558 0 -0.12826 0 0
45000 3.6947 3.7233 0 -0.0977319 0 0
46000 3.72851 3.72133 0 -0.112026 0 0
47000 3.71099 3.72283 0 -0.0434482 0 0
48000 3.65967 3.69391 0 -0.0273718 0 0
49000 3.68167 3.69382 0 -0.0779239 0 0
50000 3.64547 3.71895 0 -0.0280943 0 0
51000 3.70451 3.70807 0 0.0175295 0 0
52000 3.68134 3.73548 0 -0.0667897 0 0
53000 3.65338 3.68507 0 0.0582983 0 0
54000 3.67531 3.70908 0 0.0338625 0 0
55000 3.74412 3.65954 0 0.0922813 0 0
56000 3.66002 3.71459 0 0.0637789 0 0
57000 3.6383 3.74011 0 0.0593695 0 0
58000 3.6502 3.65129 0 0.132357 0 0
59000 3.72391 3.67479 0 0.0886869 0 0
60000 3.65395 3.6909 0 0.0924426 0 0
61000 3.61921 3.77527 0 0.175362 0 0
62000 3.72023 3.72414 0 0.0932706 0 0
63000 3.63698 3.74833 0 0.131519 0 0
64000 3.69361 3.7043 0 0.151166 0 0
65000 3.66446 3.69514 0 0.16141 0 0
66000 3.6872 3.75516 0 0.187974 0 0
67000 3.63712 3.72118 0 0.164493 0 0
68000 3.6653 3.75562 0 0.191163 0 0
69000 3.68461 3.63082 0 0.175266 0 0
70000 3.73068 3.69939 0 0.159477 0 0
71000 3.66397 3.68347 0 0.181107 0 0
72000 3.72034 3.70544 0 0.157484 0 0
73000 3.57758 3.80985 0 0.159158 0 0
74000 3.64367 3.71949 0 0.27937 0 0
75000 3.64433 3.72186 0 0.207075 0 0
76000 3.62216 3.7941 0 0.191191 0 0
77000 3.64395 3.7089 0 0.240048 0 0
78000 3.67126 3.73826 0 0.250559 0 0
79000 3.6782 3.69725 0 0.268028 0 0
80000 3.64489 3.73541 0 0.247989 0 0
81000 3.71349 3.70278 0 0.234763 0 0
82000 3.63869 3.7844 0 0.201661 0 0
83000 3.62155 3.75398 0 0.210342 0 0
84000 3.61558 3.80193 0 0.147633 0 0
85000 3.63183 3.75022 0 0.104002 0 0
86000 3.62374 3.67668 0 0.116334 0 0
87000 3.75257 3.76185 0 0.116325 0 0
88000 3.65195 3.71761 0 0.150033 0 0
89000 3.67302 3.6697 0 0.0882872 0 0
90000 3.63404 3.74937 0 0.100473 0 0
91000 3.62729 3.78973 0 0.085978 0 0
92000 3.63541 3.74789 0 0.0879386 0 0
93000 3.62339 3.73893 0 0.0118858 0 0
94000 3.71467 3.76545 0 0.061478 0 0
95000 3.67316 3.68835 0 0.0253627 0 0
96000 3.63612 3.73398 0 0.0337644 0 0
97000 3.72347 3.67854 0 -0.00682797 0 0
98000 3.65468 3.65947 0 0.000332203 0 0
99000 3.62983 3.70654 0 -0.0331603 0 0
100000 3.63545 3.67773 0 -0.045043 0 0
101000 3.71141 3.67441 0 -0.0412384 0 0
102000 3.67988 3.69943 0 -0.070184 0 0
103000 3.70498 3.70789 0 -0.083702 0 0
104000 3.71412 3.66753 0 -0.13272 0 0
105000 3.72161 3.71823 0 -0.102322 0 0
106000 3.61684 3.72152 0 -0.170543 0 0
107000 3.66356 3.70188 0 -0.16107 0 0
108000 3.68541 3.72038 0 -0.188601 0 0
109000 3.66077 3.70288 0 -0.19797 0 0
110000 3.68629 3.69542 0 -0.125516 0 0
111000 3.66422 3.67048 0 -0.197011 0 0
112000 3.71983 3.6986 0 -0.216587 0 0
113000 3.73022 3.67648 0 -0.22429 0 0
114000 3.69447 3.7414 0 -0.237454 0 0
115000 3.76457 3.70682 0 -0.229973 0 0
116000 3.68807 3.71269 0 -0.243058 0 0
117000 3.65049 3.71103 0 -0.220068 0 0
118000 3.70844 3.74524 0 -0.247015 0 0
119000 3.67031 3.69812 0 -0.235723 0 0
120000 3.63869 3.73602 0 -0.277964 0 0
121000 3.72136 3.65119 0 -0.255361 0 0
122000 3.59889 3.77948 0 -0.248421 0 0
123000 3.71473 3.75831 0 -0.318488 0 0
124000 3.64522 3.72076 0 -0.229088 0 0
125000 3.64904 3.77513 0 -0.30448 0 0
126000 3.73901 3.71531 0 -0.2429 0 0
127000 3.67509 3.7046 0 -0.25665 0 0
128000 3.622 3.73178 0 -0.281917 0 0
129000 3.75524 3.69631 0 -0.218716 0 0
130000 3.70455 3.70903 0 -0.265209 0 0
131000 3.71213 3.72614 0 -0.2502 0 0
132000 3.62075 3.75579 0 -0.263172 0 0
133000 3.64808 3.70514 0 -0.280239 0 0
134000 3.68881 3.72098 0 -0.246754 0 0
135000 3.78904 3.6559 0 -0.214683 0 0
136000 3.61115 3.72238 0 -0.219776 0 0
137000 3.7551 3.69255 0 -0.252738 0 0
138000 3.63114 3.72273 0 -0.19613 0 0
139000 3.65396 3.74853 0 -0.162799 0 0
140000 3.71559 3.68476 0 -0.183585 0 0
141000 3.66567 3.74126 0 -0.18277 0 0
142000 3.71556 3.68556 0 -0.152435 0 0
143000 3.69617 3.71668 0 -0.142839 0 0
144000 3.65077 3.80512 0 -0.101679 0 0
145000 3.71295 3.7468 0 -0.163706 0 0
146000 3.68543 3.73949 0 -0.111359 0 0
147000 3.64618 3.74721 0 -0.0170073 0 0
148000 3.63278 3.71496 0 -0.0666424 0 0
149000 3.77005 3.6587 0 -0.0434706 0 0
150000 3.66823 3.72783 0 -0.0479075 0 0
151000 3.64991 3.69013 0 -0.00859844 0 0
152000 3.57483 3.77831 0 0.0358295 0 0
153000 3.66692 3.72437 0 -0.0341056 0 0
154000 3.65345 3.70341 0 0.00295627 0 0
155000 3.62696 3.74921 0 -0.029537 0 0
156000 3.70322 3.66136 0 0.0309518 0 0
157000 3.64289 3.66149 0 0.0899556 0 0
158000 3.59432 3.79571 0 0.110062 0 0
159000 3.75299 3.65756 0 0.07942 0 0
160000 3.58908 3.79345 0 0.062054 0 0
161000 3.62728 3.79733 0 0.104037 0 0
162000 3.70536 3.73184 0 0.0991519 0 0
163000 3.65414 3.76062 0 0.133314 0 0
164000 3.68501 3.70968 0 0.145889 0 0
165000 3.70824 3.76147 0 0.127599 0 0
166000 3.64434 3.72356 0 0.165535 0 0
167000 3.66819 3.73241 0 0.149758 0 0
168000 3.67238 3.70569 0 0.187234 0 0
169000 3.64887 3.74326 0 0.205143 0 0
170000 3.59289 3.73326 0 0.207673 0 0
171000 3.66683 3.74692 0 0.16757 0 0
172000 3.65762 3.75277 0 0.230376 0 0
173000 3.62717 3.7671 0 0.189956 0 0
174000 3.64083 3.73757 0 0.205824 0 0
175000 3.69755 3.75787 0 0.206659 0 0
176000 3.59845 3.72735 0 0.227009 0 0
177000 3.64898 3.70862 0 0.213554 0 0
178000 3.6599 3.69124 0 0.231781 0 0
179000 3.67046 3.77974 0 0.21492 0 0
180000 3.62328 3.74706 0 0.145007 0 0
181000 3.69992 3.71129 0 0.196469 0 0
182000 3.69212 3.70689 0 0.172772 0 0
183000 3.67213 3.68927 0 0.167303 0 0
184000 3.63901 3.74644 0 0.202567 0 0
185000 3.60504 3.76439 0 0.193395 0 0
186000 3.69099 3.68366 0 0.116099 0 0
187000 3.71622 3.72792 0 0.097693 0 0
188000 3.69089 3.7258 0 0.0403072 0 0
189000 3.62356 3.75332 0 0.13643 0 0
190000 3.57372 3.78166 0 0.0787104 0 0
191000 3.6306 3.72596 0 0.0492981 0 0
192000 3.64586 3.79589 0 0.0769915 0 0
193000 3.70677 3.65709 0 0.00403388 0 0
194000 3.6526 3.66422 0 0.0872791 0 0
195000 3.57503 3.73672 0 0.0351821 0 0
196000 3.65945 3.72809 0 0.0301805 0 0
197000 3.74108 3.69202 0 0.0291346 0 0
198000 3.69849 3.70875 0 -0.00283082 0 0
199000 3.66017 3.70015 0 -0.0126081 0 0
200000 3.65054 3.69459 0 -0.0364394 0 0
201000 3.65889 3.74839 0 -0.0257505 0 0
202000 3.68609 3.69565 0 0.0285372 0 0
203000 3.67162 3.71505 0 -0.0845682 0 0
204000 3.67862 3.69308 0 -0.116609 0 0
205000 3.62737 3.75479 0 -0.0958833 0 0
206000 3.65049 3.7377 0 -0.0742589 0 0
207000 3.66768 3.65973 0 -0.146739 0 0
208000 3.6778 3.74805 0 -0.123139 0 0
209000 3.69322 3.74832 0 -0.213591 0 0
210000 3.79587 3.64145 0 -0.136414 0 0
211000 3.73222 3.70839 0 -0.19788 0 0
212000 3.6305 3.73082 0 -0.161766 0 0
213000 3.60891 3.79999 0 -0.266445 0 0
214000 3.6712 3.72095 0 -0.144642 0 0
215000 3.67115 3.67914 0 -0.257892 0 0
216000 3.78207 3.67947 0 -0.248204 0 0
217000 3.63286 3.70541 0 -0.25915 0 0
218000 3.75741 3.73202 0 -0.241211 0 0
219000 3.69719 3.726 0 -0.231255 0 0
220000 3.66572 3.7226 0 -0.244857 0 0
221000 3.6922 3.73568 0 -0.288409 0 0
222000 3.65857 3.75998 0 -0.338747 0 0
223000 3.66219 3.79388 0 -0.266259 0 0
224000 3.67748 3.70373 0 -0.29353 0 0
225000 3.66373 3.73244 0 -0.275774 0 0
226000 3.75271 3.72582 0 -0.29822 0 0
227000 3.67582 3.77902 0 -0.272075 0 0
228000 3.71607 3.77522 0 -0.305376 0 0
229000 3.6662 3.73313 0 -0.292316 0 0
230000 3.67406 3.66844 0 -0.242896 0 0
231000 3.69809 3.75407 0 -0.259842 0 0
232000 3.63669 3.72965 0 -0.291077 0 0
233000 3.72291 3.72732 0 -0.251005 0 0
234000 3.66175 3.76781 0 -0.259674 0 0
235000 3.72813 3.63046 0 -0.258582 0 0
236000 3.68817 3.75922 0 -0.198242 0 0
237000 3.66516 3.73835 0 -0.235023 0 0
238000 3.7297 3.75423 0 -0.199397 0 0
239000 3.69126 3.67313 0 -0.223571 0 0
240000 3.63888 3.76223 0 -0.167707 0 0
241000 3.63924 3.72273 0 -0.174768 0 0
242000 3.64537 3.69193 0 -0.104042 0 0
243000 3.61882 3.79961 0 -0.151995 0 0
244000 3.67632 3.71385 0 -0.179383 0 0
245000 3.56774 3.76488 0 -0.135531 0 0
246000 3.67597 3.68943 0 -0.0931809 0 0
247000 3.64212 3.72939 0 -0.151312 0 0
248000 3.6193 3.70829 0 -0.101899 0 0
249000 3.72224 3.68964 0 -0.0417991 0 0
250000 3.66169 3.67714 0 -0.0227374 0 0
251000 3.6553 3.70718 0 0.0101149 0 0
252000 3.60703 3.73252 0 -0.0515366 0 0
253000 3.65938 3.68987 0 0.0494587 0 0
254000 3.67907 3.70281 0 -0.0122708 0 0
255000 3.68925 3.64482 0 0.0264968 0 0
256000 3.6227 3.70182 0 0.0376037 0 0
257000 3.67844 3.69331 0 0.0525469 0 0
258000 3.69162 3.72428 0 0.0529333 0 0
259000 3.66279 3.7314 0 0.0439109 0 0
260000 3.6828 3.69492 0 0.182384 0 0
261000 3.66818 3.76493 0 0.100362 0 0
262000 3.63621 3.76038 0 0.117402 0 0
263000 3.61811 3.77051 0 0.139605 0 0
264000 3.69249 3.72478 0 0.202742 0 0
265000 3.66366 3.72839 0 0.209559 0 0
266000 3.72186 3.73489 0 0.203615 0 0
267000 3.64701 3.695 0 0.0995323 0 0
268000 3.64109 3.72545 0 0.183885 0 0
269000 3.67749 3.75175 0 0.209258 0 0
270000 3.64868 3.78994 0 0.182972 0 0
271000 3.64031 3.76028 0 0.203039 0 0
272000 3.62287 3.7251 0 0.200782 0 0
273000 3.67331 3.69511 0 0.147471 0 0
274000 3.66171 3.76514 0 0.223885 0 0
275000 3.63743 3.78452 0 0.187949 0 0
276000 3.64268 3.73773 0 0.195055 0 0
277000 3.63934 3.75022 0 0.187573 0 0
278000 3.70205 3.86421 0 0.203137 0 0
279000 3.60161 3.82563 0 0.178292 0 0
280000 3.67797 3.69518 0 0.228824 0 0
281000 3.67558 3.73736 0 0.195009 0 0
282000 3.68108 3.74069 0 0.140503 0 0
283000 3.65549 3.75131 0 0.205556 0 0
284000 3.60282 3.78808 0 0.14907 0 0
285000 3.68715 3.68006 0 0.130572 0 0
286000 3.67652 3.76981 0 0.112916 0 0
287000 3.6627 3.75566 0 0.117896 0 0
288000 3.70289 3.76875 0 0.149824 0 0
289000 3.56052 3.76037 0 0.170898 0 0
290000 3.61177 3.70583 0 0.103832 0 0
291000 3.66572 3.7186 0 0.0837697 0 0
292000 3.6721 3.63767 0 0.0851381 0 0
293000 3.64631 3.70941 0 0.0343347 0 0
294000 3.68574 3.62895 0 0.0452863 0 0
295000 3.65681 3.77676 0 0.0492088 0 0
296000 3.68007 3.76863 0 -0.0168652 0 0
297000 3.64859 3.71086 0 -0.00681048 0 0
298000 3.66846 3.74712 0 -0.021281 0 0
299000 3.66363 3.69998 0 -0.0381471 0 0
300000 3.58727 3.73748 0 -0.0562683 0 0
301000 3.70838 3.70978 0 -0.0232617 0 0
302000 3.67498 3.72272 0 -0.0903035 0 0
303000 3.65954 3.70466 0 -0.111714 0 0
304000 3.63695 3.76337 0 -0.133884 0 0
305000 3.6888 3.70778 0 -0.124294 0 0
306000 3.57125 3.75888 0 -0.14476 0 0
307000 3.67316 3.69049 0 -0.180086 0 0
308000 3.67953 3.69852 0 -0.143418 0 0
309000 3.64523 3.7395 0 -0.156478 0 0
310000 3.68473 3.74534 0 -0.155804 0 0
311000 3.74325 3.69418 0 -0.126708 0 0
312000 3.71499 3.74691 0 -0.205801 0 0
313000 3.7335 3.66217 0 -0.21115 0 0
314000 3.69634 3.65343 0 -0.225089 0 0
315000 3.66574 3.665 0 -0.2257 0 0
316000 3.63835 3.70093 0 -0.243873 0 0
317000 3.62264 3.71773 0 -0.271527 0 0
318000 3.74556 3.72981 0 -0.254156 0 0
319000 3.5958 3.71894 0 -0.240881 0 0
320000 3.62601 3.77393 0 -0.227185 0 0
321000 3.62183 3.6885 0 -0.294668 0 0
322000 3.67402 3.71033 0 -0.283403 0 0
323000 3.71179 3.71679 0 -0.27714 0 0
324000 3.6212 3.70068 0 -0.34224 0 0
325000 3.7057 3.71716 0 -0.269426 0 0
326000 3.7021 3.72745 0 -0.255735 0 0
327000 3.73043 3.66821 0 -0.296072 0 0
328000 3.67637 3.7644 0 -0.250413 0 0
329000 3.6172 3.75485 0 -0.300071 0 0
330000 3.78203 3.73478 0 -0.311083 0 0
331000 3.69115 3.71998 0 -0.237456 0 0
332000 3.67487 3.71917 0 -0.290294 0 0
333000 3.78039 3.64484 0 -0.212347 0 0
334000 3.78055 3.67414 0 -0.271081 0 0
335000 3.69237 3.72538 0 -0.313891 0 0
336000 3.69385 3.75254 0 -0.249933 0 0
337000 3.69284 3.70925 0 -0.2124 0 0
338000 3.66188 3.80327 0 -0.180602 0 0
339000 3.72667 3.68328 0 -0.157144 0 0
340000 3.78011 3.69724 0 -0.184319 0 0
341000 3.65502 3.75318 0 -0.154513 0 0
342000 3.62508 3.73382 0 -0.212759 0 0
343000 3.68348 3.67454 0 -0.0853285 0 0
344000 3.6321 3.71228 0 -0.120945 0 0
345000 3.71815 3.6869 0 -0.127578 0 0
346000 3.74049 3.67801 0 -0.0869509 0 0
347000 3.68483 3.67239 0 -0.0637308 0 0
348000 3.69695 3.71459 0 -0.0258058 0 0
349000 3.70234 3.69095 0 -0.0894253 0 0
350000 3.6542 3.66226 0 -0.0494653 0 0
351000 3.68593 3.67998 0 -0.00373908 0 0
352000 3.65028 3.68681 0 -0.079485 0 0
353000 3.602 3.69467 0 0.0344548 0 0
354000 3.64048 3.77109 0 0.0407789 0 0
355000 3.70934 3.65257 0 0.0149168 0 0
356000 3.57266 3.7989 0 0.100638 0 0
357000 3.63603 3.66822 0 0.0501636 0 0
358000 3.66796 3.73715 0 0.0803199 0 0
359000 3.68429 3.6946 0 0.113712 0 0
360000 3.68397 3.74155 0 0.140499 0 0
361000 3.68176 3.71277 0 0.119659 0 0
362000 3.59363 3.73013 0 0.114051 0 0
363000 3.68055 3.66398 0 0.139251 0 0
364000 3.70343 3.71843 0 0.183116 0 0
365000 3.64626 3.72276 0 0.196076 0 0
366000 3.62533 3.72276 0 0.183823 0 0
367000 3.63618 3.76176 0 0.214837 0 0
368000 3.63933 3.7574 0 0.224242 0 0
369000 3.66116 3.74638 0 0.16889 0 0
370000 3.6238 3.73697 0 0.208008 0 0
371000 3.67149 3.77261 0 0.203062 0 0
372000 3.63714 3.81779 0 0.181804 0 0
373000 3.70471 3.77735 0 0.256656 0 0
374000 3.65734 3.79488 0 0.163708 0 0
375000 3.66981 3.6695 0 0.188935 0 0
376000 3.6271 3.77387 0 0.226529 0 0
377000 3.6432 3.7323 0 0.241463 0 0
378000 3.60604 3.80125 0 0.204304 0 0
379000 3.68776 3.70826 0 0.19776 0 0
380000 3.646 3.75735 0 0.143657 0 0
381000 3.63854 3.71312 0 0.21919 0 0
382000 3.66355 3.71506 0 0.173772 0 0
383000 3.71977 3.72772 0 0.175522 0 0
384000 3.71298 3.64862 0 0.115854 0 0
385000 3.61241 3.71541 0 0.134245 0 0
386000 3.69221 3.67055 0 0.162115 0 0
387000 3.59993 3.67221 0 0.101918 0 0
388000 3.71647 3.69694 0 0.0566301 0 0
389000 3.64234 3.79607 0 0.0969075 0 0
390000 3.58836 3.72544 0 0.0679145 0 0
391000 3.71323 3.71073 0 0.025011 0 0
392000 3.66196 3.69274 0 0.0495732 0 0
393000 3.63324 3.70377 0 0.115863 0 0
394000 3.67528 3.7159 0 0.024807 0 0
395000 3.58883 3.79184 0 -0.0188371 0 0
396000 3.62556 3.72739 0 0.0139529 0 0
397000 3.62149 3.7416 0 0.0240962 0 0
398000 3.65709 3.72294 0 -0.0620531 0 0
399000 3.67813 3.72791 0 0.00198983 0 0
400000 3.67386 3.70625 0 -0.031743 0 0
401000 3.6244 3.71874 0 -0.0734383 0 0
402000 3.69838 3.70395 0 -0.0449175 0 0
403000 3.615 3.70253 0 -0.0344972 0 0
404000 3.69858 3.68747 0 -0.136776 0 0
405000 3.65476 3.69132 0 -0.13457 0 0
406000 3.63334 3.68667 0 -0.139497 0 0
407000 3.66823 3.71229 0 -0.182567 0 0
408000 3.72201 3.74791 0 -0.159089 0 0
409000 3.66405 3.69064 0 -0.171637 0 0
410000 3.64682 3.72338 0 -0.188078 0 0
411000 3.69889 3.69356 0 -0.17715 0 0
412000 3.65907 3.71669 0 -0.233599 0 0
413000 3.73405 3.73327 0 -0.193724 0 0
414000 3.67779 3.65286 0 -0.253229 0 0
415000 3.70117 3.70442 0 -0.254799 0 0
416000 3.67653 3.75676 0 -0.235268 0 0
417000 3.6419 3.71275 0 -0.222861 0 0
418000 3.7083 3.7688 0 -0.229049 0 0
419000 3.71084 3.71547 0 -0.213876 0 0
420000 3.69951 3.70934 0 -0.255362 0 0
421000 3.68174 3.71063 0 -0.232819 0 0
422000 3.65133 3.78243 0 -0.319162 0 0
423000 3.7013 3.7041 0 -0.292831 0 0
424000 3.68776 3.71441 0 -0.258195 0 0
425000 3.63413 3.68077 0 -0.321016 0 0
426000 3.77611 3.72077 0 -0.337037 0 0
427000 3.73442 3.75859 0 -0.313036 0 0
428000 3.72495 3.74162 0 -0.264578 0 0
429000 3.69257 3.77606 0 -0.274163 0 0
430000 3.71269 3.77798 0 -0.278284 0 0
431000 3.66589 3.71856 0 -0.238516 0 0
432000 3.68617 3.74693 0 -0.263446 0 0
433000 3.73509 3.69344 0 -0.249705 0 0
434000 3.67912 3.77584 0 -0.32104 0 0
435000 3.73515 3.66696 0 -0.249596 0 0
436000 3.68293 3.75423 0 -0.274976 0 0
437000 3.65153 3.7363 0 -0.247751 0 0
438000 3.6954 3.7293 0 -0.16529 0 0
439000 3.67868 3.69528 0 -0.163859 0 0
440000 3.65228 3.75153 0 -0.208129 0 0
441000 3.61977 3.68779 0 -0.199139 0 0
442000 3.70765 3.70301 0 -0.155681 0 0
443000 3.6957 3.72567 0 -0.199314 0 0
444000 3.62552 3.74928 0 -0.158291 0 0
445000 3.67799 3.71472 0 -0.156172 0 0
446000 3.61718 3.75221 0 -0.0999099 0 0
447000 3.67433 3.70994 0 -0.133291 0 0
448000 3.70144 3.64379 0 -0.0716703 0 0
449000 3.6833 3.73515 0 -0.0392722 0 0
450000 3.66769 3.73466 0 -0.00293813 0 0
451000 3.70051 3.71887 0 -0.0778044 0 0
452000 3.70054 3.77499 0 -0.0316771 0 0
453000 3.66116 3.68052 0 -0.0225261 0 0
454000 3.66331 3.72751 0 0.0128958 0 0
455000 3.65957 3.7491 0 0.0253066 0 0
456000 3.70598 3.77187 0 0.0183306 0 0
457000 3.60581 3.75568 0 0.0780353 0 0
458000 3.65852 3.71382 0 0.0852831 0 0
459000 3.68498 3.70636 0 0.0296806 0 0
460000 3.61847 3.79609 0 0.0719487 0 0
461000 3.62064 3.7808 0 0.0981775 0 0
462000 3.64097 3.73144 0 0.127215 0 0
463000 3.64865 3.73804 0 0.118634 0 0
464000 3.67487 3.79938 0 0.103967 0 0
465000 3.63362 3.77548 0 0.110458 0 0
466000 3.70962 3.71127 0 0.188703 0 0
467000 3.65923 3.69901 0 0.138778 0 0
468000 3.66318 3.7101 0 0.221283 0 0
469000 3.66682 3.68982 0 0.201532 0 0
470000 3.65185 3.7779 0 0.235266 0 0
471000 3.63053 3.76994 0 0.174595 0 0
472000 3.68329 3.6927 0 0.169945 0 0
473000 3.67627 3.67455 0 0.20238 0 0
474000 3.66787 3.80641 0 0.253333 0 0
475000 3.67643 3.73165 0 0.166742 0 0
476000 3.71636 3.7147 0 0.203878 0 0
477000 3.67848 3.70717 0 0.187908 0 0
478000 3.63583 3.78794 0 0.182436 0 0
479000 3.62857 3.7971 0 0.169213 0 0
480000 3.71116 3.7071 0 0.123256 0 0
481000 3.65663 3.69154 0 0.215638 0 0
482000 3.62409 3.70104 0 0.169703 0 0
483000 3.68541 3.71071 0 0.195799 0 0
484000 3.59722 3.7959 0 0.146445 0 0
485000 3.70671 3.70569 0 0.118151 0 0
486000 3.68838 3.71691 0 0.167132 0 0
487000 3.65744 3.62651 0 0.153669 0 0
488000 3.67876 3.73197 0 0.161303 0 0
489000 3.62274 3.71136 0 0.172937 0 0
490000 3.7132 3.71893 0 0.0986883 0 0
491000 3.6635 3.72384 0 0.0509441 0 0
492000 3.63523 3.77872 0 0.103083 0 0
493000 3.65235 3.6651 0 0.0812078 0 0
494000 3.6652 3.76107 0 0.0447412 0 0
495000 3.65983 3.67908 0 0.0591272 0 0
496000 3.61748 3.78621 0 0.0215538 0 0
497000 3.77938 3.70548 0 -0.057167 0 0
498000 3.65658 3.67736 0 -0.0481277 0 0
499000 3.69204 3.72723 0 -0.00953502 0 0
500000 3.65609 3.68043 0 -0.0468287 0 0
