# Time-averaged data for fix ps1
# TimeStep c_thermo_press[1] c_thermo_press[2] c_thermo_press[3] c_thermo_press[4] c_thermo_press[5] c_thermo_press[6]
0 4.46355 4.37313 0 0.012322 0 0
1000 4.86882 4.76089 0 -0.0656124 0 0
2000 4.89363 4.83527 0 -0.0602517 0 0
3000 4.80361 4.80996 0 -0.0283477 0 0
4000 4.88497 4.62411 0 -0.102251 0 0
5000 4.76787 4.78354 0 -0.155896 0 0
6000 4.95661 4.65133 0 -0.0864542 0 0
7000 4.85742 4.68569 0 -0.138311 0 0
8000 4.79109 4.81046 0 -0.192968 0 0
9000 4.83377 4.72363 0 -0.15481 0 0
10000 4.75782 4.8601 0 -0.172513 0 0
11000 4.88928 4.75497 0 -0.190415 0 0
12000 4.80825 4.86243 0 -0.208723 0 0
13000 4.84173 4.7202 0 -0.204447 0 0
14000 4.87615 4.70304 0 -0.222514 0 0
15000 4.85329 4.79945 0 -0.230369 0 0
16000 4.87566 4.76905 0 -0.217028 0 0
17000 4.8319 4.83383 0 -0.298729 0 0
18000 4.80364 4.71148 0 -0.266554 0 0
19000 4.80945 4.74871 0 -0.296653 0 0
20000 4.78239 4.86873 0 -0.250259 0 0
21000 4.81564 4.84305 0 -0.304139 0 0
22000 4.77299 4.71517 0 -0.284779 0 0
23000 4.83243 4.71591 0 -0.225511 0 0
24000 4.8853 4.88001 0 -0.291992 0 0
25000 4.76984 4.74882 0 -0.291432 0 0
26000 4.81271 4.78589 0 -0.241833 0 0
27000 4.84345 4.74873 0 -0.274625 0 0
28000 4.76265 4.72874 0 -0.330783 0 0
29000 4.84289 4.74709 0 -0.34136 0 0
30000 4.81806 4.74775 0 -0.261791 0 0
31000 4.873 4.78682 0 -0.276047 0 0
32000 4.84688 4.73778 0 -0.29348 0 0
33000 4.79537 4.80767 0 -0.258267 0 0
34000 4.86237 4.83344 0 -0.327844 0 0
35000 4.76378 4.74295 0 -0.180246 0 0
36000 4.68393 4.87118 0 -0.280019 0 0
37000 4.78766 4.77585 0 -0.241126 0 0
38000 4.74755 4.80443 0 -0.139365 0 0
39000 4.82751 4.79067 0 -0.171714 0 0
40000 4.78653 4.83904 0 -0.216076 0 0
41000 4.86774 4.83332 0 -0.214419 0 0
42000 4.85189 4.79091 0 -0.196913 0 0
43000 4.83706 4.74469 0 -0.225655 0 0
44000 4.81196 4.72661 0 -0.19713 0 0
45000 4.86601 4.74489 0 -0.0914973 0 0
46000 4.82509 4.7496 0 -0.154137 0 0
47000 4.8577 4.7866 0 -0.139116 0 0
48000 4.84439 4.81875 0 -0.080033 0 0
49000 4.82144 4.75331 0 -0.0562485 0 0
50000 4.82645 4.78992 0 -0.0781025 0 0
51000 4.82981 4.70391 0 -0.0100976 0 0
52000 4.91391 4.73612 0 -0.0528757 0 0
53000 4.83784 4.71281 0 -0.078114 0 0
54000 4.78933 4.76299 0 0.0591621 0 0
55000 4.87382 4.73022 0 0.00373502 0 0
56000 4.85611 4.79052 0 0.0111651 0 0
57000 4.82099 4.8449 0 -0.0631971 0 0
58000 4.80136 4.7327 0 0.0136041 0 0
59000 4.81618 4.81416 0 0.0329652 0 0
60000 4.85982 4.6882 0 -0.027662 0 0
61000 4.78272 4.65248 0 0.0688921 0 0
62000 4.77795 4.67043 0 0.113478 0 0
63000 4.74397 4.80341 0 0.126527 0 0
64000 4.83787 4.7437 0 0.123322 0 0
65000 4.82711 4.73993 0 0.12025 0 0
66000 4.78756 4.72931 0 0.0743266 0 0
67000 4.73815 4.74243 0 0.15108 0 0
68000 4.8412 4.81281 0 0.100884 0 0
69000 4.8948 4.68948 0 0.0613984 0 0
70000 4.76562 4.79923 0 0.20123 0 0
71000 4.84226 4.67918 0 0.140295 0 0
72000 4.8466 4.68978 0 0.189072 0 0
73000 4.71482 4.88709 0 0.143283 0 0
74000 4.81347 4.79454 0 0.131973 0 0
75000 4.83085 4.82056 0 0.190047 0 0
76000 4.87808 4.76164 0 0.163124 0 0
77000 4.84723 4.73253 0 0.153813 0 0
78000 4.76538 4.7606 0 0.230188 0 0
79000 4.87375 4.69 0 0.0778335 0 0
80000 4.79398 4.78406 0 0.175488 0 0
81000 4.79669 4.74561 0 0.059951 0 0
82000 4.82278 4.76556 0 0.0761805 0 0
83000 4.82753 4.82202 0 0.0492194 0 0
84000 4.82237 4.77322 0 0.143649 0 0
85000 4.80769 4.71617 0 0.112537 0 0
86000 4.84492 4.73292 0 0.0790572 0 0
87000 4.7817 4.6412 0 0.0681437 0 0
88000 4.74092 4.81239 0 0.10177 0 0
89000 4.74394 4.69368 0 0.0378762 0 0
90000 4.88412 4.82336 0 0.0614959 0 0
91000 4.7323 4.81732 0 -0.0993914 0 0
92000 4.81384 4.73197 0 -0.0348431 0 0
93000 4.70854 4.72933 0 0.0264341 0 0
94000 4.79773 4.68355 0 -0.105358 0 0
95000 4.88537 4.7289 0 -0.0334379 0 0
96000 4.79283 4.77344 0 -0.0691438 0 0
97000 4.80298 4.73746 0 -0.0852344 0 0
98000 4.76133 4.77 0 -0.0455431 0 0
99000 4.76244 4.77625 0 -0.00244624 0 0
100000 4.87646 4.76174 0 -0.0935191 0 0
101000 4.70663 4.76533 0 -0.124478 0 0
102000 4.75208 4.8274 0 -0.224818 0 0
103000 4.78226 4.72843 0 -0.175078 0 0
104000 4.79513 4.7108 0 -0.238572 0 0
105000 4.85029 4.71549 0 -0.199727 0 0
106000 4.83887 4.7031 0 -0.171478 0 0
107000 4.80935 4.85561 0 -0.206056 0 0
108000 4.85603 4.70485 0 -0.166535 0 0
109000 4.87289 4.81513 0 -0.191829 0 0
110000 4.82078 4.76721 0 -0.178701 0 0
111000 4.91863 4.64912 0 -0.238697 0 0
112000 4.79783 4.77646 0 -0.201205 0 0
113000 4.74613 4.81356 0 -0.200953 0 0
114000 4.90953 4.66847 0 -0.196502 0 0
115000 4.91257 4.76599 0 -0.324258 0 0
116000 4.84207 4.78316 0 -0.319883 0 0
117000 4.83327 4.69972 0 -0.342763 0 0
118000 4.74716 4.77678 0 -0.231507 0 0
119000 4.85522 4.82583 0 -0.363307 0 0
120000 4.85014 4.68524 0 -0.201495 0 0
121000 4.85851 4.84138 0 -0.249572 0 0
122000 4.86399 4.82559 0 -0.288145 0 0
123000 4.85251 4.764 0 -0.272064 0 0
124000 4.76291 4.77746 0 -0.334204 0 0
125000 4.86347 4.73346 0 -0.37191 0 0
126000 4.86791 4.70836 0 -0.303868 0 0
127000 4.81875 4.72213 0 -0.324371 0 0
128000 4.81971 4.72374 0 -0.312301 0 0
129000 4.83955 4.82168 0 -0.297575 0 0
130000 4.73657 4.763 0 -0.282217 0 0
131000 4.79011 4.76665 0 -0.330808 0 0
132000 4.81429 4.68901 0 -0.284969 0 0
133000 4.79487 4.79604 0 -0.327277 0 0
134000 4.91264 4.77749 0 -0.269802 0 0
135000 4.85011 4.71636 0 -0.26106 0 0
136000 4.73764 4.83972 0 -0.247175 0 0
137000 4.77689 4.82284 0 -0.239002 0 0
138000 4.77306 4.79324 0 -0.192945 0 0
139000 4.80391 4.78687 0 -0.231505 0 0
140000 4.7767 4.79704 0 -0.197578 0 0
141000 4.83972 4.77187 0 -0.179559 0 0
142000 4.82531 4.74155 0 -0.179834 0 0
143000 4.88942 4.74501 0 -0.213814 0 0
144000 4.81154 4.82232 0 -0.122607 0 0
145000 4.86294 4.78691 0 -0.105228 0 0
146000 4.88085 4.75654 0 -0.155308 0 0
147000 4.87026 4.79811 0 -0.131339 0 0
148000 4.89903 4.65191 0 -0.0455881 0 0
149000 4.83124 4.74867 0 -0.0237841 0 0
150000 4.75624 4.76211 0 -0.0766216 0 0
151000 4.77108 4.72438 0 -0.00774672 0 0
152000 4.83909 4.6636 0 0.0286166 0 0
153000 4.81662 4.77873 0 -0.0598928 0 0
154000 4.80266 4.74556 0 0.0470342 0 0
155000 4.80958 4.77655 0 0.0301906 0 0
156000 4.84774 4.71456 0 -0.0483592 0 0
157000 4.73909 4.76373 0 -0.00622493 0 0
158000 4.82425 4.76628 0 0.0908191 0 0
159000 4.8238 4.73499 0 0.0307528 0 0
160000 4.81131 4.69969 0 0.0250043 0 0
161000 4.79016 4.82174 0 0.0722971 0 0
162000 4.84487 4.76188 0 0.0786719 0 0
163000 4.79295 4.7991 0 0.0481381 0 0
164000 4.80784 4.83751 0 0.027432 0 0
165000 4.72697 4.74157 0 0.0976708 0 0
166000 4.86844 4.72605 0 0.120534 0 0
167000 4.77336 4.76259 0 0.0745415 0 0
168000 4.81268 4.77073 0 0.107493 0 0
169000 4.82894 4.78178 0 0.095826 0 0
170000 4.89172 4.74906 0 0.15915 0 0
171000 4.77007 4.66928 0 0.187305 0 0
172000 4.8149 4.66101 0 0.186042 0 0
173000 4.8139 4.7584 0 0.0944396 0 0
174000 4.73408 4.82653 0 0.174386 0 0
175000 4.73892 4.80989 0 0.164519 0 0
176000 4.79464 4.67385 0 0.150912 0 0
177000 4.74571 4.86739 0 0.17618 0 0
178000 4.78783 4.87961 0 0.148834 0 0
179000 4.79177 4.77184 0 0.14814 0 0
180000 4.89287 4.84505 0 0.152806 0 0
181000 4.81022 4.76919 0 0.130664 0 0
182000 4.81177 4.67931 0 0.1106 0 0
183000 4.89424 4.73212 0 0.102302 0 0
184000 4.78869 4.80196 0 0.128984 0 0
185000 4.72651 4.82205 0 0.117549 0 0
186000 4.80641 4.68177 0 0.0801339 0 0
187000 4.71938 4.76237 0 0.0525713 0 0
188000 4.74958 4.79202 0 0.083848 0 0
189000 4.74849 4.77225 0 0.110584 0 0
190000 4.90113 4.68814 0 0.0820678 0 0
191000 4.86383 4.78294 0 0.0912816 0 0
192000 4.74191 4.77643 0 0.0450309 0 0
193000 4.77146 4.74842 0 -0.00590816 0 0
194000 4.85137 4.70759 0 0.0282694 0 0
195000 4.76027 4.75671 0 -0.0713742 0 0
196000 4.81438 4.71971 0 -0.0620736 0 0
197000 4.75812 4.78261 0 -0.0273018 0 0
198000 4.81045 4.82337 0 0.0667085 0 0
199000 4.87107 4.75838 0 -0.0771732 0 0
200000 4.83638 4.7807 0 -0.0579661 0 0
201000 4.88017 4.73404 0 0.0050181 0 0
202000 4.83804 4.79146 0 -0.103921 0 0
203000 4.78938 4.84233 0 -0.0804659 0 0
204000 4.85017 4.74119 0 -0.221557 0 0
205000 4.84908 4.81816 0 -0.211674 0 0
206000 4.77084 4.80599 0 -0.180389 0 0
207000 4.76307 4.78109 0 -0.246979 0 0
208000 4.741 4.68179 0 -0.280392 0 0
209000 4.78222 4.78067 0 -0.251274 0 0
210000 4.83504 4.76977 0 -0.326181 0 0
211000 4.77979 4.75198 0 -0.23115 0 0
212000 4.85959 4.7809 0 -0.22952 0 0
213000 4.76594 4.78151 0 -0.241766 0 0
214000 4.81294 4.85321 0 -0.271029 0 0
215000 4.86552 4.7424 0 -0.234603 0 0
216000 4.79419 4.81524 0 -0.298964 0 0
217000 4.88907 4.74765 0 -0.217963 0 0
218000 4.78002 4.77289 0 -0.255549 0 0
219000 4.76756 4.78759 0 -0.393616 0 0
220000 4.8321 4.84307 0 -0.304817 0 0
221000 4.88658 4.70647 0 -0.252449 0 0
222000 4.74488 4.73366 0 -0.2503 0 0
223000 4.84278 4.79735 0 -0.291336 0 0
224000 4.8222 4.78353 0 -0.190767 0 0
225000 4.8352 4.71174 0 -0.311731 0 0
226000 4.79294 4.77595 0 -0.315056 0 0
227000 4.87489 4.77158 0 -0.298656 0 0
228000 4.79229 4.80618 0 -0.304229 0 0
229000 4.78227 4.83247 0 -0.287249 0 0
230000 4.80819 4.76302 0 -0.268201 0 0
231000 4.7855 4.76869 0 -0.29194 0 0
232000 4.81848 4.78025 0 -0.281517 0 0
233000 4.87886 4.76983 0 -0.243307 0 0
234000 4.83238 4.7728 0 -0.278801 0 0
235000 4.85991 4.73879 0 -0.25869 0 0
236000 4.9041 4.80401 0 -0.34536 0 0
237000 4.79352 4.73254 0 -0.24005 0 0
238000 4.76514 4.78272 0 -0.230261 0 0
239000 4.90593 4.73301 0 -0.272949 0 0
240000 4.83766 4.8678 0 -0.254254 0 0
241000 4.83972 4.66989 0 -0.194986 0 0
242000 4.77375 4.7319 0 -0.239345 0 0
243000 4.81207 4.75827 0 -0.167353 0 0
244000 4.76396 4.69517 0 -0.204598 0 0
245000 4.77909 4.81503 0 -0.190036 0 0
246000 4.89712 4.6823 0 -0.124301 0 0
247000 4.85369 4.72549 0 -0.173181 0 0
248000 4.89399 4.72993 0 -0.154716 0 0
249000 4.77125 4.84964 0 -0.0667611 0 0
250000 4.78655 4.72985 0 0.00325153 0 0
251000 4.84329 4.72404 0 -0.0960744 0 0
252000 4.82452 4.7686 0 -0.0256145 0 0
253000 4.81522 4.69483 0 -0.111365 0 0
254000 4.78436 4.74774 0 -0.0295453 0 0
255000 4.81404 4.7866 0 -0.0147289 0 0
256000 4.74693 4.77708 0 -0.0529257 0 0
257000 4.88639 4.72685 0 0.0371807 0 0
258000 4.87826 4.71516 0 0.0561693 0 0
259000 4.87133 4.7878 0 -0.0188193 0 0
260000 4.76267 4.75573 0 0.135801 0 0
261000 4.79322 4.73109 0 0.110195 0 0
262000 4.78071 4.70366 0 0.143662 0 0
263000 4.92939 4.75006 0 0.150321 0 0
264000 4.86197 4.66423 0 0.0713704 0 0
265000 4.81317 4.79044 0 0.184571 0 0
266000 4.78063 4.74482 0 0.14308 0 0
267000 4.84158 4.83625 0 0.151377 0 0
268000 4.88291 4.75782 0 0.134177 0 0
269000 4.83736 4.69705 0 0.134235 0 0
270000 4.75522 4.81156 0 0.13789 0 0
271000 4.82692 4.82282 0 0.092149 0 0
272000 4.84394 4.81576 0 0.181041 0 0
273000 4.85053 4.84753 0 0.1256 0 0
274000 4.79397 4.82443 0 0.156628 0 0
275000 4.78477 4.81934 0 0.117216 0 0
276000 4.83161 4.76134 0 0.191127 0 0
277000 4.73468 4.80196 0 0.163063 0 0
278000 4.90478 4.69779 0 0.124171 0 0
279000 4.75066 4.73568 0 0.156365 0 0
280000 4.82515 4.7081 0 0.114976 0 0
281000 4.87987 4.87164 0 0.0775401 0 0
282000 4.78072 4.74763 0 0.0857301 0 0
283000 4.97977 4.66048 0 0.146886 0 0
284000 4.8651 4.82234 0 0.0573156 0 0
285000 4.82436 4.80323 0 0.105851 0 0
286000 4.80137 4.77535 0 0.0603826 0 0
287000 4.7927 4.7541 0 0.116948 0 0
288000 4.82374 4.7643 0 0.136494 0 0
289000 4.77257 4.77544 0 0.140938 0 0
290000 4.82918 4.71193 0 0.0669864 0 0
291000 4.9316 4.77861 0 -0.00165679 0 0
292000 4.73395 4.85173 0 0.0226519 0 0
293000 4.81408 4.73156 0 0.000764289 0 0
294000 4.80577 4.73884 0 -0.0181453 0 0
295000 4.84769 4.81428 0 0.0095228 0 0
296000 4.77738 4.7261 0 -0.043338 0 0
297000 4.85157 4.77336 0 -0.0376519 0 0
298000 4.79755 4.68512 0 -0.102882 0 0
299000 4.75504 4.78995 0 -0.0540411 0 0
300000 4.80424 4.73552 0 -0.0669762 0 0
301000 4.74143 4.73974 0 -0.0652151 0 0
302000 4.73681 4.70123 0 -0.0114826 0 0
303000 4.75149 4.72341 0 -0.081344 0 0
304000 4.84773 4.70359 0 -0.170441 0 0
305000 4.92951 4.71908 0 -0.126153 0 0
306000 4.79832 4.77042 0 -0.149897 0 0
307000 4.79652 4.77573 0 -0.217347 0 0
308000 4.84537 4.77536 0 -0.154757 0 0
309000 4.81756 4.7433 0 -0.211111 0 0
310000 4.91409 4.72705 0 -0.231531 0 0
311000 4.82414 4.76489 0 -0.247273 0 0
312000 4.7298 4.80795 0 -0.209814 0 0
313000 4.78408 4.7762 0 -0.253246 0 0
314000 4.83246 4.73785 0 -0.294149 0 0
315000 4.90116 4.77237 0 -0.293339 0 0
316000 4.88411 4.87291 0 -0.309064 0 0
317000 4.89762 4.85669 0 -0.287471 0 0
318000 4.8284 4.78412 0 -0.292861 0 0
319000 4.88095 4.86946 0 -0.295639 0 0
320000 4.86613 4.77242 0 -0.339972 0 0
321000 4.85984 4.82654 0 -0.360404 0 0
322000 4.8831 4.79038 0 -0.339362 0 0
323000 4.86173 4.77071 0 -0.339658 0 0
324000 4.84911 4.82653 0 -0.315906 0 0
325000 4.75521 4.7585 0 -0.297204 0 0
326000 4.85152 4.77287 0 -0.289439 0 0
327000 4.91299 4.75422 0 -0.254954 0 0
328000 4.90963 4.63465 0 -0.317263 0 0
329000 4.78411 4.88338 0 -0.295296 0 0
330000 4.821 4.73215 0 -0.283288 0 0
331000 4.82168 4.79616 0 -0.331814 0 0
332000 4.91177 4.68606 0 -0.228602 0 0
333000 4.91465 4.8289 0 -0.321486 0 0
334000 4.80506 4.81009 0 -0.267299 0 0
335000 4.82748 4.80588 0 -0.268109 0 0
336000 4.89066 4.76222 0 -0.280409 0 0
337000 4.85336 4.69778 0 -0.194204 0 0
338000 4.7406 4.81009 0 -0.26569 0 0
339000 4.88682 4.76385 0 -0.236602 0 0
340000 4.81891 4.80211 0 -0.187013 0 0
341000 4.79062 4.78517 0 -0.193096 0 0
342000 4.77685 4.78416 0 -0.114426 0 0
343000 4.71082 4.7706 0 -0.186739 0 0
344000 4.84424 4.74701 0 -0.159558 0 0
345000 4.81478 4.67604 0 -0.114164 0 0
346000 4.79522 4.73928 0 -0.0245085 0 0
347000 4.87708 4.77865 0 -0.0662247 0 0
348000 4.8174 4.75319 0 -0.0450082 0 0
349000 4.76573 4.72428 0 -0.111196 0 0
350000 4.87029 4.75558 0 -0.1229 0 0
351000 4.86694 4.73201 0 0.0250431 0 0
352000 4.83109 4.73901 0 0.00104246 0 0
353000 4.87505 4.74413 0 -0.0403608 0 0
354000 4.8916 4.74464 0 0.0543186 0 0
355000 4.84096 4.67784 0 0.02507 0 0
356000 4.79688 4.72581 0 0.055266 0 0
357000 4.82652 4.68913 0 0.0362465 0 0
358000 4.74729 4.7637 0 0.058007 0 0
359000 4.85636 4.71101 0 0.075167 0 0
360000 4.83242 4.73497 0 0.0854741 0 0
361000 4.75823 4.82226 0 0.138315 0 0
362000 4.83748 4.76684 0 0.0384754 0 0
363000 4.8441 4.75325 0 0.0596527 0 0
364000 4.73835 4.81577 0 0.0962887 0 0
365000 4.8425 4.7524 0 0.0628072 0 0
366000 4.8293 4.66475 0 0.0722662 0 0
367000 4.76193 4.75709 0 0.150848 0 0
368000 4.71313 4.82342 0 0.187512 0 0
369000 4.81698 4.8459 0 0.192887 0 0
370000 4.83478 4.7748 0 0.151791 0 0
371000 4.79421 4.80285 0 0.164729 0 0
372000 4.72295 4.87159 0 0.156993 0 0
373000 4.81322 4.80903 0 0.0903368 0 0
374000 4.75995 4.75237 0 0.179659 0 0
375000 4.72649 4.7776 0 0.128123 0 0
376000 4.79078 4.65938 0 0.137684 0 0
377000 4.85832 4.76298 0 0.160311 0 0
378000 4.71684 4.74861 0 0.165675 0 0
379000 4.87632 4.7362 0 0.0422828 0 0
380000 4.83481 4.68823 0 0.100139 0 0
381000 4.80141 4.65691 0 0.146167 0 0
382000 4.84243 4.70723 0 0.154689 0 0
383000 4.8374 4.75987 0 0.121786 0 0
384000 4.85889 4.70005 0 0.0720719 0 0
385000 4.86129 4.85991 0 0.149449 0 0
386000 4.73739 4.78561 0 0.0278633 0 0
387000 4.84643 4.79466 0 0.109795 0 0
388000 4.87802 4.8516 0 0.0251058 0 0
389000 4.80234 4.8189 0 0.0639682 0 0
390000 4.86386 4.83302 0 -1.53725e-05 0 0
391000 4.70158 4.7138 0 0.0937613 0 0
392000 4.80043 4.79634 0 0.0944218 0 0
393000 4.86049 4.78717 0 0.0316883 0 0
394000 4.78694 4.78652 0 0.0432448 0 0
395000 4.76133 4.87022 0 0.0627809 0 0
396000 4.94839 4.71453 0 0.00425979 0 0
397000 4.82751 4.75594 0 0.0183723 0 0
398000 4.82966 4.68088 0 -0.0640956 0 0
399000 4.82129 4.85762 0 -0.12958 0 0
400000 4.92679 4.66552 0 -0.0508298 0 0
401000 4.83008 4.72998 0 -0.0614004 0 0
402000 4.842 4.73231 0 -0.094406 0 0
403000 4.76625 4.73428 0 -0.111613 0 0
404000 4.78912 4.73117 0 -0.136054 0 0
405000 4.90279 4.71711 0 -0.207517 0 0
406000 4.79622 4.80834 0 -0.156021 0 0
407000 4.89386 4.74397 0 -0.129932 0 0
408000 4.81734 4.7896 0 -0.188843 0 0
409000 4.77894 4.71924 0 -0.189479 0 0
410000 4.85428 4.66865 0 -0.204137 0 0
411000 4.78852 4.68388 0 -0.195789 0 0
412000 4.8701 4.68282 0 -0.144994 0 0
413000 4.75849 4.831 0 -0.306435 0 0
414000 4.82336 4.81037 0 -0.214331 0 0
415000 4.87754 4.88594 0 -0.250288 0 0
416000 4.85384 4.72414 0 -0.327931 0 0
417000 4.85543 4.81075 0 -0.375964 0 0
418000 4.91225 4.72901 0 -0.273095 0 0
419000 4.71273 4.88632 0 -0.332438 0 0
420000 4.87977 4.75 0 -0.260064 0 0
421000 4.81585 4.7499 0 -0.268439 0 0
422000 4.84389 4.746 0 -0.323254 0 0
423000 4.84487 4.82057 0 -0.296326 0 0
424000 4.82765 4.73254 0 -0.372951 0 0
425000 4.90763 4.84704 0 -0.323498 0 0
426000 4.75338 4.83732 0 -0.305638 0 0
427000 4.99188 4.76251 0 -0.341704 0 0
428000 4.81417 4.71653 0 -0.27587 0 0
429000 4.79286 4.86256 0 -0.347612 0 0
430000 4.77039 4.78014 0 -0.237498 0 0
431000 4.80576 4.8115 0 -0.304432 0 0
432000 4.81316 4.72684 0 -0.293385 0 0
433000 4.89573 4.74919 0 -0.272672 0 0
434000 4.81387 4.70941 0 -0.311313 0 0
435000 4.76504 4.77095 0 -0.168622 0 0
436000 4.69682 4.91453 0 -0.211329 0 0
437000 4.7606 4.8181 0 -0.211461 0 0
438000 4.74197 4.89249 0 -0.229913 0 0
439000 4.77329 4.83707 0 -0.211508 0 0
440000 4.8631 4.69283 0 -0.194068 0 0
441000 4.66979 4.85335 0 -0.155931 0 0
442000 4.73712 4.74701 0 -0.156019 0 0
443000 4.81779 4.79854 0 -0.16078 0 0
444000 4.8415 4.68776 0 -0.137844 0 0
445000 4.82985 4.75303 0 -0.116346 0 0
446000 4.84826 4.75726 0 -0.13581 0 0
447000 4.84671 4.79007 0 -0.0893498 0 0
448000 4.87166 4.77895 0 -0.0462252 0 0
449000 4.80791 4.72885 0 -0.0728179 0 0
450000 4.90373 4.78827 0 -0.0603548 0 0
451000 4.76134 4.76175 0 -0.0205114 0 0
452000 4.87967 4.76415 0 -0.0858872 0 0
453000 4.78355 4.79084 0 0.0104663 0 0
454000 4.82158 4.70391 0 -0.0423787 0 0
455000 4.91278 4.68638 0 -0.0157119 0 0
456000 4.8081 4.82275 0 0.0595965 0 0
457000 4.79868 4.79956 0 0.0902 0 0
458000 4.80524 4.81551 0 -0.0125895 0 0
459000 4.74485 4.85455 0 0.00335493 0 0
460000 4.76331 4.72257 0 0.105534 0 0
461000 4.82595 4.8419 0 0.0686631 0 0
462000 4.83835 4.77867 0 0.0759936 0 0
463000 4.84335 4.81532 0 0.116313 0 0
464000 4.79867 4.82128 0 0.0901678 0 0
465000 4.82066 4.69157 0 0.133464 0 0
466000 4.79008 4.80549 0 0.22443 0 0
467000 4.89605 4.65458 0 0.15812 0 0
468000 4.81032 4.77705 0 0.185967 0 0
469000 4.84848 4.75145 0 0.163558 0 0
470000 4.77981 4.78458 0 0.173592 0 0
471000 4.81157 4.78084 0 0.144855 0 0
472000 4.79562 4.78974 0 0.132297 0 0
473000 4.7488 4.79802 0 0.188492 0 0
474000 4.85451 4.77117 0 0.150714 0 0
475000 4.81189 4.7892 0 0.17683 0 0
476000 4.83271 4.82098 0 0.148811 0 0
477000 4.74843 4.78527 0 0.235433 0 0
478000 4.76661 4.75279 0 0.184217 0 0
479000 4.78116 4.834 0 0.168792 0 0
480000 4.81551 4.75174 0 0.151039 0 0
481000 4.79031 4.76708 0 0.188234 0 0
482000 4.71646 4.77522 0 0.0823444 0 0
483000 4.83554 4.77032 0 0.148906 0 0
484000 4.83716 4.71162 0 0.0878948 0 0
485000 4.76206 4.849 0 0.0480303 0 0
486000 4.75751 4.84472 0 0.0774946 0 0
487000 4.88133 4.70457 0 0.12598 0 0
488000 4.8442 4.7413 0 0.154278 0 0
489000 4.81588 4.76267 0 0.11313 0 0
490000 4.81769 4.77958 0 0.0912649 0 0
491000 4.88059 4.66633 0 0.119604 0 0
492000 4.79157 4.73037 0 -0.0208947 0 0
493000 4.76588 4.76344 0 0.0795275 0 0
494000 4.83907 4.76748 0 -0.0715737 0 0
495000 4.78204 4.76648 0 -0.0365718 0 0
496000 4.86988 4.61159 0 0.0296681 0 0
497000 4.81516 4.80855 0 -0.0378724 0 0
498000 4.80044 4.82043 0 0.00415943 0 0
499000 4.80351 4.74992 0 -0.0462548 0 0
500000 4.80596 4.757 0 -0.0452403 0 0
