# Time-averaged data for fix ps1
# TimeStep c_thermo_press[1] c_thermo_press[2] c_thermo_press[3] c_thermo_press[4] c_thermo_press[5] c_thermo_press[6]
0 9.75915 9.53604 0 -0.0231761 0 0
1000 10.596 10.5693 0 0.0787134 0 0
2000 10.5649 10.6216 0 0.103424 0 0
3000 10.4905 10.4051 0 -0.0176369 0 0
4000 10.4648 10.6587 0 0.152577 0 0
5000 10.7824 10.539 0 0.116657 0 0
6000 10.4062 10.6523 0 0.0338695 0 0
7000 10.5829 10.5245 0 0.177651 0 0
8000 10.368 10.6402 0 -0.0641738 0 0
9000 10.4844 10.2882 0 -0.0264156 0 0
10000 10.536 10.4571 0 -0.0492193 0 0
11000 10.6011 10.6456 0 -0.0370613 0 0
12000 10.6351 10.5397 0 -0.121895 0 0
13000 10.6336 10.4953 0 0.0186208 0 0
14000 10.5791 10.5099 0 0.0749863 0 0
15000 10.6772 10.6313 0 -0.0531478 0 0
16000 10.526 10.6564 0 -0.117023 0 0
17000 10.6697 10.5198 0 0.00936292 0 0
18000 10.4585 10.3558 0 -0.0852525 0 0
19000 10.5233 10.3779 0 -0.0902356 0 0
20000 10.2782 10.5584 0 -0.081603 0 0
21000 10.4686 10.6635 0 -0.0484324 0 0
22000 10.5788 10.4959 0 0.0395235 0 0
23000 10.5482 10.5502 0 -0.0452043 0 0
24000 10.728 10.4904 0 0.0135057 0 0
25000 10.6853 10.504 0 0.0820928 0 0
26000 10.5424 10.5593 0 0.0712591 0 0
27000 10.4427 10.4452 0 -0.0301817 0 0
28000 10.6337 10.3872 0 0.104741 0 0
29000 10.6479 10.5594 0 0.249525 0 0
30000 10.7272 10.5458 0 0.0932521 0 0
31000 10.5235 10.6871 0 0.0311681 0 0
32000 10.5068 10.5647 0 0.0889835 0 0
33000 10.3681 10.5017 0 -0.045373 0 0
34000 10.5832 10.6601 0 -0.16974 0 0
35000 10.4196 10.455 0 -0.182206 0 0
36000 10.7041 10.6063 0 0.199807 0 0
37000 10.6898 10.5382 0 0.298178 0 0
38000 10.8699 10.4844 0 -0.0190277 0 0
39000 10.5068 10.4892 0 0.148393 0 0
40000 10.4748 10.5167 0 0.0834734 0 0
41000 10.5897 10.3676 0 0.104922 0 0
42000 10.7477 10.4124 0 0.12588 0 0
43000 10.7469 10.3959 0 0.181802 0 0
44000 10.4287 10.7653 0 0.037828 0 0
45000 10.3783 10.5091 0 -0.141474 0 0
46000 10.3546 10.386 0 -0.025029 0 0
47000 10.7123 10.4947 0 -0.110293 0 0
48000 10.5003 10.7024 0 -0.145785 0 0
49000 10.502 10.5447 0 0.0215741 0 0
50000 10.6659 10.5475 0 0.070317 0 0
51000 10.6749 10.3515 0 -0.10022 0 0
52000 10.5629 10.4164 0 0.0669808 0 0
53000 10.4412 10.5593 0 0.00348699 0 0
54000 10.629 10.2272 0 0.105496 0 0
55000 10.5383 10.7564 0 0.12659 0 0
56000 10.8805 10.3913 0 0.0283178 0 0
57000 10.3898 10.6559 0 0.0135067 0 0
58000 10.4171 10.4972 0 -0.00700363 0 0
59000 10.5591 10.5631 0 -0.218468 0 0
60000 10.526 10.5673 0 0.000262132 0 0
61000 10.6344 10.5631 0 0.129976 0 0
62000 10.576 10.3895 0 0.0505898 0 0
63000 10.505 10.4502 0 0.0558678 0 0
64000 10.6381 10.719 0 -0.0889778 0 0
65000 10.5314 10.2848 0 0.162851 0 0
66000 10.485 10.424 0 0.189909 0 0
67000 10.51 10.599 0 -0.12264 0 0
68000 10.4067 10.4369 0 -0.13289 0 0
69000 10.5537 10.6708 0 -0.00743109 0 0
70000 10.4119 10.5806 0 -0.0432033 0 0
71000 10.5557 10.6 0 0.0379658 0 0
72000 10.6247 10.3494 0 0.0291752 0 0
73000 10.665 10.3653 0 -0.106872 0 0
74000 10.7295 10.4343 0 -0.0497448 0 0
75000 10.5013 10.6425 0 0.0170093 0 0
76000 10.6314 10.78 0 -0.0701375 0 0
77000 10.4083 10.6071 0 0.0467055 0 0
78000 10.5516 10.4033 0 0.0454186 0 0
79000 10.444 10.6344 0 0.0407212 0 0
80000 10.5946 10.6493 0 0.00253596 0 0
81000 10.5677 10.7799 0 -0.0290296 0 0
82000 10.4935 10.474 0 0.139293 0 0
83000 10.7072 10.3426 0 0.0556135 0 0
84000 10.547 10.6559 0 0.0311494 0 0
85000 10.5919 10.3847 0 -0.0142215 0 0
86000 10.8481 10.555 0 0.0218273 0 0
87000 10.579 10.6313 0 -0.0099595 0 0
88000 10.4567 10.6423 0 -0.0250167 0 0
89000 10.5049 10.5502 0 -0.110135 0 0
90000 10.5475 10.5006 0 0.0575269 0 0
91000 10.4025 10.4828 0 -0.0295244 0 0
92000 10.8343 10.5127 0 0.0367138 0 0
93000 10.5473 10.6688 0 -0.14106 0 0
94000 10.4504 10.8307 0 0.153618 0 0
95000 10.4349 10.6344 0 0.119915 0 0
96000 10.4899 10.5204 0 0.0167955 0 0
97000 10.4339 10.6578 0 -0.0672803 0 0
98000 10.4978 10.5907 0 0.0287389 0 0
99000 10.3652 10.5866 0 -0.0770164 0 0
100000 10.6067 10.6804 0 -0.056797 0 0
101000 10.5943 10.6982 0 -0.00863304 0 0
102000 10.5976 10.4342 0 0.0915785 0 0
103000 10.6331 10.5971 0 -0.0324585 0 0
104000 10.5409 10.303 0 0.0447731 0 0
105000 10.4244 10.6009 0 -0.0964655 0 0
106000 10.2616 10.6144 0 -0.0140261 0 0
107000 10.4949 10.5247 0 0.0490634 0 0
108000 10.4883 10.6435 0 0.0401956 0 0
109000 10.6767 10.7884 0 0.0449115 0 0
110000 10.5397 10.3759 0 0.0623156 0 0
111000 10.4954 10.4142 0 -0.147946 0 0
112000 10.6735 10.4639 0 -0.0695776 0 0
113000 10.5151 10.6339 0 0.176475 0 0
114000 10.6993 10.4473 0 0.0874453 0 0
115000 10.3589 10.5277 0 0.202905 0 0
116000 10.7103 10.4009 0 -0.0194023 0 0
117000 10.5003 10.5132 0 0.160099 0 0
118000 10.4866 10.5236 0 -0.0263585 0 0
119000 10.417 10.5592 0 -0.0344311 0 0
120000 10.4186 10.7428 0 0.0029616 0 0
121000 10.3763 10.6543 0 -0.00774496 0 0
122000 10.5054 10.2985 0 0.00749888 0 0
123000 10.6932 10.3833 0 -0.0141126 0 0
124000 10.6988 10.1282 0 -0.187719 0 0
125000 10.3947 10.5938 0 0.0744725 0 0
126000 10.6362 10.3605 0 -0.0815414 0 0
127000 10.365 10.5802 0 -0.0625085 0 0
128000 10.7489 10.7345 0 0.0386456 0 0
129000 10.7182 10.6168 0 0.159007 0 0
130000 10.5451 10.4455 0 -0.00134318 0 0
131000 10.2309 10.419 0 -0.0100328 0 0
132000 10.6144 10.4206 0 -0.0821725 0 0
133000 10.8705 10.575 0 0.0166644 0 0
134000 10.6027 10.5843 0 -0.0742485 0 0
135000 10.3679 10.507 0 0.0125961 0 0
136000 10.4647 10.5433 0 -0.126968 0 0
137000 10.6254 10.689 0 -0.201123 0 0
138000 10.7088 10.6331 0 0.0707011 0 0
139000 10.6593 10.7228 0 0.0295038 0 0
140000 10.4084 10.5938 0 0.0370383 0 0
141000 10.6845 10.5862 0 0.094332 0 0
142000 10.7511 10.5395 0 0.118327 0 0
143000 10.4577 10.7427 0 0.145409 0 0
144000 10.4475 10.5782 0 -0.179057 0 0
145000 10.9796 10.5178 0 -0.147612 0 0
146000 10.3923 10.7855 0 -0.112236 0 0
147000 10.7436 10.311 0 0.00230014 0 0
148000 10.5158 10.2996 0 0.00701305 0 0
149000 10.6175 10.5924 0 -0.0343622 0 0
150000 10.5739 10.3223 0 -0.0906526 0 0
151000 10.5235 10.6536 0 0.050187 0 0
152000 10.5212 10.6754 0 0.00618773 0 0
153000 10.5893 10.5277 0 0.110104 0 0
154000 10.6708 10.596 0 0.0783001 0 0
155000 10.7471 10.3058 0 -0.0405537 0 0
156000 10.3913 10.5646 0 -0.0864018 0 0
157000 10.3097 10.6877 0 0.0335509 0 0
158000 10.7467 10.5658 0 0.0407812 0 0
159000 10.6492 10.4602 0 0.0591819 0 0
160000 10.433 10.3706 0 -0.157634 0 0
161000 10.5054 10.562 0 -0.0786511 0 0
162000 10.5834 10.3357 0 -0.062445 0 0
163000 10.468 10.6061 0 0.0532556 0 0
164000 10.6675 10.491 0 0.135904 0 0
165000 10.578 10.5859 0 0.0900596 0 0
166000 10.5663 10.5229 0 0.0190392 0 0
167000 10.3778 10.5875 0 0.0677631 0 0
168000 10.7749 10.5893 0 0.0884438 0 0
169000 10.6292 10.4536 0 -0.0688371 0 0
170000 10.419 10.4052 0 0.151706 0 0
171000 10.6341 10.451 0 0.0736229 0 0
172000 10.4664 10.5589 0 -0.0171584 0 0
173000 10.5956 10.3072 0 0.124564 0 0
174000 10.518 10.4697 0 -0.110481 0 0
175000 10.5978 10.639 0 0.125932 0 0
176000 10.6053 10.5409 0 -0.0584834 0 0
177000 10.4314 10.6833 0 0.00579516 0 0
178000 10.55 10.7491 0 0.103701 0 0
179000 10.5045 10.5483 0 0.0726515 0 0
180000 10.4059 10.7034 0 0.0241962 0 0
181000 10.5203 10.7573 0 -0.0218933 0 0
182000 10.6047 10.4781 0 0.037577 0 0
183000 10.4284 10.3936 0 0.105465 0 0
184000 10.4611 10.4508 0 -0.0914926 0 0
185000 10.475 10.4483 0 -0.0914693 0 0
186000 10.2865 10.3203 0 -0.083504 0 0
187000 10.4928 10.3544 0 -0.00521869 0 0
188000 10.5209 10.5803 0 -0.05775 0 0
189000 10.793 10.3638 0 0.126297 0 0
190000 10.7969 10.4298 0 -0.0691188 0 0
191000 10.5298 10.4993 0 -0.00546325 0 0
192000 10.4696 10.5764 0 0.0776042 0 0
193000 10.6142 10.5129 0 0.0708925 0 0
194000 10.39 10.4529 0 0.0711877 0 0
195000 10.587 10.4277 0 -0.033339 0 0
196000 10.7091 10.5211 0 0.131264 0 0
197000 10.3552 10.5853 0 -0.0394923 0 0
198000 10.7024 10.3359 0 0.158121 0 0
199000 10.4969 10.6262 0 0.0742823 0 0
200000 10.4686 10.5689 0 0.0535344 0 0
201000 10.4354 10.7591 0 -0.139381 0 0
202000 10.5224 10.8165 0 0.0267531 0 0
203000 10.5795 10.7416 0 0.0271826 0 0
204000 10.4269 10.7774 0 -0.0446109 0 0
205000 10.5733 10.6075 0 0.00885827 0 0
206000 10.4051 10.8032 0 0.0258835 0 0
207000 10.6657 10.6191 0 -0.138921 0 0
208000 10.5036 10.6131 0 0.0333347 0 0
209000 10.5113 10.4427 0 -0.0167105 0 0
210000 10.6457 10.4945 0 0.038722 0 0
211000 10.5846 10.6014 0 0.0405437 0 0
212000 10.5464 10.6827 0 -0.130971 0 0
213000 10.6433 10.5399 0 0.0636012 0 0
214000 10.6322 10.6713 0 0.0536787 0 0
215000 10.6383 10.4582 0 0.0581076 0 0
216000 10.8223 10.572 0 0.045631 0 0
217000 10.7044 10.5662 0 -0.0589666 0 0
218000 10.502 10.83 0 -0.056351 0 0
219000 10.6482 10.4604 0 -0.0259502 0 0
220000 10.6098 10.6516 0 -0.0162368 0 0
221000 10.5989 10.5391 0 -0.0788365 0 0
222000 10.532 10.3315 0 -0.176164 0 0
223000 10.6259 10.5793 0 0.0390423 0 0
224000 10.5907 10.3972 0 -0.0907315 0 0
225000 10.625 10.7178 0 -0.139253 0 0
226000 10.403 10.544 0 -0.0327387 0 0
227000 10.6638 10.5656 0 -0.151195 0 0
228000 10.4342 10.4251 0 -0.155599 0 0
229000 10.7429 10.4206 0 0.154744 0 0
230000 10.5112 10.3608 0 -0.0196869 0 0
231000 10.5457 10.5094 0 0.0966522 0 0
232000 10.4918 10.6586 0 0.0978595 0 0
233000 10.4188 10.5563 0 -0.106931 0 0
234000 10.6144 10.3835 0 0.0719615 0 0
235000 10.5909 10.4502 0 0.158186 0 0
236000 10.6279 10.4311 0 0.209454 0 0
237000 10.6253 10.3283 0 0.0918756 0 0
238000 10.6563 10.425 0 -0.129028 0 0
239000 10.6503 10.4522 0 0.0202689 0 0
240000 10.9597 10.5831 0 0.0602692 0 0
241000 10.5046 10.6905 0 0.0113572 0 0
242000 10.4464 10.3671 0 -0.063568 0 0
243000 10.3367 10.8388 0 0.0712955 0 0
244000 10.5256 10.6537 0 -0.0195784 0 0
245000 10.7312 10.5669 0 -0.0202156 0 0
246000 10.5285 10.2914 0 -0.0343066 0 0
247000 10.7282 10.3683 0 0.0460801 0 0
248000 10.5462 10.5649 0 -0.0417393 0 0
249000 10.5843 10.3097 0 0.047682 0 0
250000 10.6011 10.6541 0 0.0902365 0 0
251000 10.68 10.467 0 0.00226295 0 0
252000 10.8098 10.6373 0 -0.114014 0 0
253000 10.543 10.501 0 0.0545518 0 0
254000 10.5004 10.4566 0 0.172201 0 0
255000 10.6381 10.3822 0 -0.0307364 0 0
256000 10.4869 10.5013 0 -0.00810474 0 0
257000 10.477 10.4878 0 -0.0314495 0 0
258000 10.5104 10.6113 0 0.0988127 0 0
259000 10.482 10.7238 0 -0.127431 0 0
260000 10.2599 10.6475 0 -0.171422 0 0
261000 10.6012 10.4811 0 -0.160473 0 0
262000 10.6111 10.5469 0 0.121118 0 0
263000 10.3638 10.3974 0 0.0637178 0 0
264000 10.6212 10.288 0 0.0331117 0 0
265000 10.4129 10.4699 0 -0.162626 0 0
266000 10.4941 10.5246 0 -0.0256323 0 0
267000 10.4856 10.907 0 -0.080724 0 0
268000 10.4231 10.4661 0 0.042304 0 0
269000 10.4121 10.818 0 0.154645 0 0
270000 10.6135 10.5796 0 -0.0407748 0 0
271000 10.6799 10.4792 0 -0.0213827 0 0
272000 10.6461 10.634 0 -0.0303152 0 0
273000 10.5581 10.4185 0 -0.11365 0 0
274000 10.7736 10.6611 0 0.0290822 0 0
275000 10.64 10.5676 0 0.0368501 0 0
276000 10.391 10.4826 0 -0.175494 0 0
277000 10.5929 10.4496 0 0.178197 0 0
278000 10.5942 10.3217 0 0.03815 0 0
279000 10.6789 10.2875 0 0.0897439 0 0
280000 10.4763 10.5982 0 -0.0127261 0 0
281000 10.5053 10.6112 0 -0.0972763 0 0
282000 10.4489 10.5296 0 -0.195354 0 0
283000 10.5088 10.6702 0 0.156297 0 0
284000 10.8411 10.5875 0 -0.248863 0 0
285000 10.3069 10.5276 0 0.0501105 0 0
286000 10.5493 10.5447 0 -0.162881 0 0
287000 10.4888 10.5472 0 -0.0496922 0 0
288000 10.7265 10.3874 0 0.057161 0 0
289000 10.6736 10.6135 0 0.0715208 0 0
290000 10.7202 10.5084 0 0.099016 0 0
291000 10.5835 10.4921 0 -0.0423345 0 0
292000 10.6216 10.1487 0 0.10541 0 0
293000 10.5893 10.5629 0 0.0344791 0 0
294000 10.6604 10.6005 0 -0.0236191 0 0
295000 10.4358 10.6842 0 0.128901 0 0
296000 10.734 10.5811 0 0.00140231 0 0
297000 10.6262 10.3917 0 0.0758658 0 0
298000 10.6534 10.5177 0 -0.0560054 0 0
299000 10.5261 10.42 0 -0.0864242 0 0
300000 10.5339 10.4414 0 0.012844 0 0
301000 10.5898 10.4253 0 -0.0426261 0 0
302000 10.4579 10.5108 0 0.0851697 0 0
303000 10.4318 10.5192 0 -0.110915 0 0
304000 10.8081 10.5289 0 0.201616 0 0
305000 10.743 10.4841 0 -0.0495377 0 0
306000 10.4387 10.5858 0 -0.159232 0 0
307000 10.5919 10.6083 0 -0.0830277 0 0
308000 10.6373 10.5323 0 -0.0389279 0 0
309000 10.5548 10.4073 0 0.0267059 0 0
310000 10.5187 10.547 0 0.0898726 0 0
311000 10.7071 10.5357 0 0.0589583 0 0
312000 10.7092 10.6215 0 0.0745942 0 0
313000 10.61 10.6236 0 -0.0387638 0 0
314000 10.7123 10.5956 0 -0.0740294 0 0
315000 10.6571 10.5402 0 -0.0418163 0 0
316000 10.7464 10.7792 0 0.0105288 0 0
317000 10.5202 10.5043 0 -0.203579 0 0
318000 10.73 10.4632 0 -0.0999957 0 0
319000 10.6279 10.6909 0 0.0763273 0 0
320000 10.3461 10.6724 0 -0.0690019 0 0
321000 10.5573 10.5946 0 -0.00330765 0 0
322000 10.6132 10.4899 0 0.0242351 0 0
323000 10.7058 10.5194 0 0.169451 0 0
324000 10.5297 10.6933 0 -0.135114 0 0
325000 10.6126 10.5503 0 0.138057 0 0
326000 10.3297 10.6243 0 0.0957667 0 0
327000 10.5522 10.5881 0 -0.00636403 0 0
328000 10.4855 10.607 0 0.0519767 0 0
329000 10.4019 10.5056 0 0.115742 0 0
330000 10.5166 10.7818 0 -0.0685469 0 0
331000 10.6684 10.7369 0 0.117695 0 0
332000 10.5572 10.5413 0 -0.0268253 0 0
333000 10.5003 10.4419 0 0.107465 0 0
334000 10.7025 10.7414 0 -0.0366481 0 0
335000 10.4197 10.4374 0 0.175833 0 0
336000 10.4857 10.6933 0 0.0688809 0 0
337000 10.5464 10.5752 0 0.111144 0 0
338000 10.7156 10.5465 0 -0.0900715 0 0
339000 10.1723 10.5765 0 -0.0348095 0 0
340000 10.5308 10.5766 0 0.0316888 0 0
341000 10.6235 10.7587 0 0.100309 0 0
342000 10.4053 10.5825 0 0.133733 0 0
343000 10.6279 10.5036 0 0.179111 0 0
344000 10.4598 10.7536 0 -0.0332826 0 0
345000 10.6226 10.6479 0 0.100002 0 0
346000 10.2996 10.5491 0 -0.0307707 0 0
347000 10.7475 10.7123 0 0.0946443 0 0
348000 10.548 10.5516 0 -0.0798412 0 0
349000 10.6633 10.7414 0 0.0730833 0 0
350000 10.5513 10.5554 0 -0.120297 0 0
351000 10.5478 10.3481 0 0.0290096 0 0
352000 10.6346 10.4386 0 0.0493827 0 0
353000 10.7987 10.5136 0 0.0593988 0 0
354000 10.5141 10.5413 0 -0.141959 0 0
355000 10.5694 10.519 0 -0.0115763 0 0
356000 10.6544 10.1913 0 -0.1444 0 0
357000 10.8355 10.6098 0 0.0933922 0 0
358000 10.5375 10.5488 0 -0.0680373 0 0
359000 10.4982 10.5095 0 -0.0469741 0 0
360000 10.5228 10.7856 0 -0.0464019 0 0
361000 10.6915 10.6637 0 0.0611457 0 0
362000 10.6792 10.6905 0 0.102546 0 0
363000 10.3434 10.5774 0 -0.0320264 0 0
364000 10.5503 10.3104 0 0.109005 0 0
365000 10.4877 10.5959 0 0.106597 0 0
366000 10.6347 10.5692 0 -0.0290924 0 0
367000 10.6778 10.5045 0 -0.0418239 0 0
368000 10.4276 10.6474 0 0.0689722 0 0
369000 10.4645 10.6178 0 0.0512437 0 0
370000 10.615 10.7978 0 -0.0444565 0 0
371000 10.7975 10.4262 0 0.00108483 0 0
372000 10.6955 10.4551 0 -0.152489 0 0
373000 10.6131 10.5688 0 0.0608957 0 0
374000 10.4731 10.5425 0 0.0986486 0 0
375000 10.479 10.6114 0 0.0104733 0 0
376000 10.4584 10.6092 0 -0.135593 0 0
377000 10.5707 10.3587 0 -0.012913 0 0
378000 10.6805 10.4828 0 -0.219861 0 0
379000 10.724 10.5605 0 -0.00164841 0 0
380000 10.6595 10.5503 0 -0.00501564 0 0
381000 10.6558 10.5129 0 -0.00656729 0 0
382000 10.6195 10.6394 0 -0.0813867 0 0
383000 10.8233 10.3414 0 -0.0605711 0 0
384000 10.6463 10.5893 0 0.0311861 0 0
385000 10.4137 10.6092 0 -0.167949 0 0
386000 10.5159 10.5323 0 0.0235303 0 0
387000 10.5595 10.6558 0 0.145581 0 0
388000 10.7048 10.7397 0 -0.0104208 0 0
389000 10.6405 10.6538 0 0.0741902 0 0
390000 10.6203 10.5811 0 0.0738405 0 0
391000 10.5828 10.6022 0 0.047228 0 0
392000 10.81 10.7266 0 -0.177513 0 0
393000 10.6893 10.652 0 -0.0298713 0 0
394000 10.6221 10.3735 0 0.0026438 0 0
395000 10.7268 10.3922 0 -0.0702094 0 0
396000 10.3689 10.3198 0 -0.0453998 0 0
397000 10.6576 10.5753 0 -0.0846489 0 0
398000 10.5996 10.5654 0 0.0778871 0 0
399000 10.5705 10.5058 0 0.0253752 0 0
400000 10.4952 10.6313 0 0.0634347 0 0
401000 10.6623 10.4603 0 -0.0268692 0 0
402000 10.4952 10.5451 0 0.0927213 0 0
403000 10.3177 10.7621 0 0.0549362 0 0
404000 10.6421 10.7414 0 -0.0268033 0 0
405000 10.3671 10.5023 0 0.0838471 0 0
406000 10.4213 10.5336 0 0.200233 0 0
407000 10.3872 10.3337 0 0.128963 0 0
408000 10.7554 10.557 0 -0.0821977 0 0
409000 10.5354 10.6253 0 0.0679155 0 0
410000 10.6144 10.6774 0 0.013695 0 0
411000 10.3356 10.6322 0 -0.0193489 0 0
412000 10.5999 10.4916 0 -0.0331359 0 0
413000 10.6197 10.5818 0 0.0546426 0 0
414000 10.5548 10.5661 0 -0.0893179 0 0
415000 10.731 10.6298 0 0.00495944 0 0
416000 10.55 10.5553 0 -0.0386665 0 0
417000 10.3425 10.6418 0 -0.0113662 0 0
418000 10.496 10.4724 0 -0.0955495 0 0
419000 10.478 10.6049 0 0.000679915 0 0
420000 10.5343 10.5478 0 -0.046117 0 0
421000 10.8063 10.8034 0 -0.0466101 0 0
422000 10.5897 10.7527 0 0.0435762 0 0
423000 10.5911 10.4458 0 -0.132337 0 0
424000 10.6748 10.5948 0 -0.177297 0 0
425000 10.5565 10.4903 0 -0.055185 0 0
426000 10.5481 10.731 0 -0.129718 0 0
427000 10.781 10.4028 0 0.0716151 0 0
428000 10.3942 10.7163 0 0.0785424 0 0
429000 10.5792 10.5281 0 0.0139914 0 0
430000 10.5998 10.4447 0 0.172897 0 0
431000 10.6637 10.6341 0 -0.0399465 0 0
432000 10.7226 10.6077 0 -0.0865673 0 0
433000 10.7032 10.4155 0 -0.0292785 0 0
434000 10.5144 10.5881 0 -0.146931 0 0
435000 10.8718 10.3661 0 -0.0978857 0 0
436000 10.6805 10.3862 0 -0.0930615 0 0
437000 10.5858 10.4774 0 0.103202 0 0
438000 10.5531 10.3356 0 -0.113683 0 0
439000 10.5502 10.5665 0 0.00973116 0 0
440000 10.6099 10.4157 0 -0.0582674 0 0
441000 10.4598 10.5564 0 -0.155569 0 0
442000 10.4263 10.5193 0 0.124847 0 0
443000 10.6577 10.6741 0 -0.0797565 0 0
444000 10.3226 10.608 0 -0.0773511 0 0
445000 10.5186 10.4007 0 -0.0112349 0 0
446000 10.3415 10.72 0 0.0816895 0 0
447000 10.5799 10.3852 0 -0.125255 0 0
448000 10.5412 10.7408 0 0.0500528 0 0
449000 10.71 10.7297 0 -0.0336231 0 0
450000 10.4193 10.7428 0 -0.0153301 0 0
451000 10.6413 10.3891 0 0.120245 0 0
452000 10.6417 10.6791 0 0.201329 0 0
453000 10.4376 10.542 0 -0.0870865 0 0
454000 10.614 10.4141 0 -0.00030658 0 0
455000 10.7195 10.2279 0 -0.0701819 0 0
456000 10.442 10.6493 0 0.134064 0 0
457000 10.5677 10.5853 0 0.0699509 0 0
458000 10.5768 10.6398 0 -0.059107 0 0
459000 10.6458 10.3229 0 -0.142993 0 0
460000 10.7048 10.5018 0 -0.0405138 0 0
461000 10.6561 10.5215 0 -0.0867377 0 0
462000 10.6134 10.7262 0 0.0397713 0 0
463000 10.5447 10.6398 0 -0.0411696 0 0
464000 10.43 10.4788 0 0.0637469 0 0
465000 10.4944 10.4529 0 0.0712284 0 0
466000 10.651 10.4475 0 -0.0216075 0 0
467000 10.4307 10.443 0 -0.176831 0 0
468000 10.2802 10.7747 0 -0.0227099 0 0
469000 10.3931 10.4129 0 -0.0871135 0 0
470000 10.5089 10.3936 0 0.135938 0 0
471000 10.54 10.4141 0 0.0236284 0 0
472000 10.3377 10.508 0 -0.0834845 0 0
473000 10.473 10.424 0 0.0378115 0 0
474000 10.7387 10.5109 0 0.0838285 0 0
475000 10.5876 10.5765 0 0.0717067 0 0
476000 10.54 10.509 0 0.0837731 0 0
477000 10.69 10.5221 0 0.094525 0 0
478000 10.6993 10.4701 0 0.137849 0 0
479000 10.4696 10.4935 0 -0.0873756 0 0
480000 10.3304 10.664 0 -0.0899549 0 0
481000 10.5793 10.549 0 0.0274526 0 0
482000 10.4837 10.4365 0 0.248155 0 0
483000 10.6832 10.456 0 0.0697145 0 0
484000 10.5371 10.5425 0 -0.0317959 0 0
485000 10.5072 10.5312 0 -0.174693 0 0
486000 10.4153 10.599 0 -0.060664 0 0
487000 10.561 10.6647 0 -0.061614 0 0
488000 10.5035 10.5971 0 -0.047023 0 0
489000 10.5968 10.5332 0 0.117629 0 0
490000 10.5932 10.4267 0 -0.121397 0 0
491000 10.5475 10.5907 0 -0.0360402 0 0
492000 10.5113 10.5792 0 0.0244052 0 0
493000 10.455 10.5811 0 -0.0202618 0 0
494000 10.8401 10.505 0 0.166852 0 0
495000 10.4993 10.6407 0 0.0752834 0 0
496000 10.5805 10.6251 0 0.00220169 0 0
497000 10.6296 10.3242 0 -0.00586115 0 0
498000 10.628 10.7298 0 -0.0272007 0 0
499000 10.4448 10.5489 0 0.150427 0 0
500000 10.404 10.5309 0 0.0827387 0 0
