# Time-averaged data for fix ps1
# TimeStep c_thermo_press[1] c_thermo_press[2] c_thermo_press[3] c_thermo_press[4] c_thermo_press[5] c_thermo_press[6]
0 6.97428 6.7576 0 0.0346506 0 0
1000 7.5221 7.50128 0 0.121018 0 0
2000 7.57166 7.77663 0 0.0581583 0 0
3000 7.50666 7.56073 0 0.12073 0 0
4000 7.53244 7.49732 0 -0.120582 0 0
5000 7.49313 7.67303 0 -0.0246675 0 0
6000 7.59699 7.6461 0 -0.0645093 0 0
7000 7.49502 7.69752 0 0.0209861 0 0
8000 7.36758 7.50515 0 0.00162739 0 0
9000 7.60079 7.57612 0 -0.159112 0 0
10000 7.64656 7.68879 0 -0.139731 0 0
11000 7.58928 7.59658 0 0.0763704 0 0
12000 7.52777 7.76937 0 -0.0639123 0 0
13000 7.60908 7.61854 0 0.0345594 0 0
14000 7.56675 7.55441 0 -0.0138276 0 0
15000 7.6315 7.5761 0 -0.0445107 0 0
16000 7.71792 7.661 0 -0.011985 0 0
17000 7.47724 7.51708 0 0.0728259 0 0
18000 7.72765 7.60656 0 0.111025 0 0
19000 7.6513 7.44182 0 0.0920767 0 0
20000 7.6168 7.42427 0 0.0523031 0 0
21000 7.42657 7.50825 0 0.0638977 0 0
22000 7.65292 7.52207 0 0.0495937 0 0
23000 7.62371 7.62573 0 0.0329771 0 0
24000 7.56499 7.69376 0 0.0418398 0 0
25000 7.53564 7.50685 0 -0.0298653 0 0
26000 7.41905 7.51668 0 0.106437 0 0
27000 7.65981 7.60362 0 0.084546 0 0
28000 7.54819 7.60347 0 -0.0704778 0 0
29000 7.56715 7.55292 0 0.0746424 0 0
30000 7.64103 7.62491 0 0.0155904 0 0
31000 7.54134 7.60024 0 0.0492403 0 0
32000 7.54241 7.55994 0 -0.017021 0 0
33000 7.53257 7.59423 0 0.0131594 0 0
34000 7.51577 7.61597 0 -0.0208149 0 0
35000 7.58847 7.63662 0 -0.00672605 0 0
36000 7.41712 7.54384 0 0.111236 0 0
37000 7.58066 7.54307 0 0.0301003 0 0
38000 7.65774 7.54791 0 0.15486 0 0
39000 7.5403 7.53242 0 0.0335148 0 0
40000 7.57248 7.65263 0 -0.0194976 0 0
41000 7.66194 7.54948 0 0.0591774 0 0
42000 7.50668 7.4055 0 0.0187801 0 0
43000 7.64059 7.67179 0 -0.0278186 0 0
44000 7.61992 7.58121 0 0.0192466 0 0
45000 7.52848 7.36615 0 0.0790913 0 0
46000 7.62419 7.5631 0 0.0416352 0 0
47000 7.64652 7.31812 0 0.100675 0 0
48000 7.60917 7.57251 0 -0.0313034 0 0
49000 7.79056 7.59319 0 0.120891 0 0
50000 7.61344 7.55565 0 0.0331031 0 0
51000 7.4356 7.67822 0 -0.0184597 0 0
52000 7.49403 7.53033 0 0.101675 0 0
53000 7.50038 7.68827 0 0.0581436 0 0
54000 7.49094 7.70903 0 0.1062 0 0
55000 7.53088 7.5039 0 0.0264735 0 0
56000 7.60091 7.51888 0 0.109939 0 0
57000 7.59259 7.61701 0 0.0589016 0 0
58000 7.58051 7.61705 0 0.191568 0 0
59000 7.55696 7.60321 0 -0.00410302 0 0
60000 7.66374 7.42523 0 0.0332151 0 0
61000 7.49455 7.85277 0 0.25001 0 0
62000 7.60332 7.56191 0 0.00902393 0 0
63000 7.67073 7.69749 0 0.133235 0 0
64000 7.47014 7.73051 0 0.0999707 0 0
65000 7.57176 7.68714 0 0.0516979 0 0
66000 7.56109 7.65055 0 -0.148406 0 0
67000 7.51973 7.67848 0 0.125018 0 0
68000 7.42857 7.63121 0 0.00150722 0 0
69000 7.4902 7.67864 0 0.0687654 0 0
70000 7.43762 7.83646 0 0.0555342 0 0
71000 7.69184 7.66269 0 0.160858 0 0
72000 7.73294 7.71765 0 0.107419 0 0
73000 7.62629 7.53812 0 0.213406 0 0
74000 7.49403 7.55504 0 -0.0303801 0 0
75000 7.58651 7.70332 0 0.0339704 0 0
76000 7.50841 7.74463 0 0.180425 0 0
77000 7.67509 7.685 0 0.0888229 0 0
78000 7.51948 7.64144 0 0.0978114 0 0
79000 7.6255 7.5564 0 0.0477734 0 0
80000 7.57447 7.36638 0 0.0100247 0 0
81000 7.65217 7.49097 0 -0.0549015 0 0
82000 7.5459 7.62958 0 -0.0758276 0 0
83000 7.53171 7.49552 0 0.0400984 0 0
84000 7.44039 7.59848 0 0.0162007 0 0
85000 7.61544 7.46336 0 -0.0495898 0 0
86000 7.68624 7.59264 0 0.0929497 0 0
87000 7.44054 7.62556 0 0.120225 0 0
88000 7.57496 7.49062 0 -9.695e-05 0 0
89000 7.63221 7.54836 0 0.00385872 0 0
90000 7.55015 7.51255 0 -0.045344 0 0
91000 7.53775 7.55654 0 0.0738975 0 0
92000 7.52961 7.6351 0 -0.0203272 0 0
93000 7.55938 7.56627 0 -0.026077 0 0
94000 7.47976 7.74907 0 0.0742715 0 0
95000 7.43129 7.62242 0 -0.00990336 0 0
96000 7.72112 7.46129 0 -0.0859759 0 0
97000 7.50486 7.70072 0 0.0218099 0 0
98000 7.3953 7.65986 0 -0.0548028 0 0
99000 7.42091 7.53004 0 -0.0828471 0 0
100000 7.58892 7.48296 0 0.0323299 0 0
101000 7.57751 7.69551 0 -0.0255662 0 0
102000 7.65189 7.61305 0 -0.0990895 0 0
103000 7.53412 7.58632 0 -0.0603639 0 0
104000 7.44073 7.532 0 -0.191259 0 0
105000 7.62456 7.38804 0 0.0389785 0 0
106000 7.63723 7.70224 0 -0.0656558 0 0
107000 7.55008 7.55653 0 -0.0977957 0 0
108000 7.52794 7.63571 0 -0.048844 0 0
109000 7.57821 7.46802 0 -0.0473506 0 0
110000 7.50011 7.75142 0 -0.110621 0 0
111000 7.352 7.49239 0 -0.0831259 0 0
112000 7.4478 7.57022 0 -0.121152 0 0
113000 7.42213 7.54735 0 -0.0731699 0 0
114000 7.64578 7.63803 0 -0.00596007 0 0
115000 7.44517 7.59506 0 -0.0308489 0 0
116000 7.50904 7.45263 0 -0.033405 0 0
117000 7.684 7.5771 0 -0.00339988 0 0
118000 7.67758 7.38214 0 -0.104089 0 0
119000 7.607 7.73619 0 -0.0129975 0 0
120000 7.6951 7.45838 0 -0.0909773 0 0
121000 7.49267 7.74448 0 -0.0971584 0 0
122000 7.6388 7.65812 0 -0.133893 0 0
123000 7.51225 7.67005 0 -0.118701 0 0
124000 7.53007 7.52813 0 -0.164034 0 0
125000 7.50863 7.71544 0 0.0184497 0 0
126000 7.59235 7.51417 0 -0.0961907 0 0
127000 7.55699 7.61273 0 -0.00610731 0 0
128000 7.5335 7.52207 0 -0.136907 0 0
129000 7.66455 7.37372 0 -0.0401936 0 0
130000 7.60078 7.68162 0 -0.121104 0 0
131000 7.5846 7.52261 0 0.0427003 0 0
132000 7.47353 7.62896 0 -0.0531804 0 0
133000 7.67573 7.51738 0 -0.0210369 0 0
134000 7.71644 7.41991 0 -0.120923 0 0
135000 7.61321 7.501 0 0.0908842 0 0
136000 7.45551 7.56726 0 0.0500724 0 0
137000 7.43226 7.4585 0 0.12004 0 0
138000 7.62086 7.42102 0 0.0526811 0 0
139000 7.58823 7.55697 0 -0.0795517 0 0
140000 7.75015 7.53802 0 0.0831033 0 0
141000 7.79881 7.55535 0 0.0781831 0 0
142000 7.63835 7.6802 0 0.0345288 0 0
143000 7.64066 7.4876 0 -0.0394808 0 0
144000 7.76604 7.35886 0 -0.0794674 0 0
145000 7.69419 7.69627 0 0.155498 0 0
146000 7.73657 7.57637 0 0.0334109 0 0
147000 7.74938 7.47057 0 -0.0107569 0 0
148000 7.60051 7.58678 0 0.0191191 0 0
149000 7.37361 7.56689 0 -0.073991 0 0
150000 7.49879 7.45303 0 0.0994099 0 0
151000 7.42634 7.64492 0 0.0752075 0 0
152000 7.52267 7.47747 0 -0.074854 0 0
153000 7.43598 7.45693 0 0.0311375 0 0
154000 7.56819 7.66088 0 -0.0659227 0 0
155000 7.43815 7.6067 0 0.0726124 0 0
156000 7.54792 7.53601 0 0.101846 0 0
157000 7.5702 7.61743 0 0.161057 0 0
158000 7.50811 7.59965 0 0.0985615 0 0
159000 7.58166 7.81427 0 0.106932 0 0
160000 7.61593 7.57478 0 0.0336082 0 0
161000 7.44065 7.68816 0 0.0752965 0 0
162000 7.6278 7.56417 0 0.191063 0 0
163000 7.61415 7.64234 0 -0.0422548 0 0
164000 7.59806 7.55643 0 0.0314136 0 0
165000 7.58104 7.47339 0 0.0224345 0 0
166000 7.7849 7.44121 0 0.0208894 0 0
167000 7.82591 7.55871 0 0.0241936 0 0
168000 7.37275 7.64394 0 -0.035983 0 0
169000 7.52414 7.52826 0 0.0549882 0 0
170000 7.31493 7.6617 0 -0.00678871 0 0
171000 7.45017 7.45106 0 -0.0194915 0 0
172000 7.46342 7.70102 0 -0.11074 0 0
173000 7.48655 7.60057 0 0.0377838 0 0
174000 7.4909 7.64058 0 0.045629 0 0
175000 7.45763 7.75485 0 -0.0457389 0 0
176000 7.41179 7.53835 0 0.038391 0 0
177000 7.53141 7.464 0 -0.0160226 0 0
178000 7.56475 7.57821 0 0.046849 0 0
179000 7.55611 7.5849 0 0.0467857 0 0
180000 7.46791 7.68232 0 0.0222453 0 0
181000 7.68099 7.53769 0 -0.10957 0 0
182000 7.48221 7.60962 0 -0.0634368 0 0
183000 7.52226 7.63146 0 -0.0358018 0 0
184000 7.55336 7.60464 0 -0.132302 0 0
185000 7.54757 7.65675 0 -0.150733 0 0
186000 7.48264 7.63849 0 -0.031074 0 0
187000 7.38134 7.74974 0 -0.0149785 0 0
188000 7.36244 7.53169 0 -0.148731 0 0
189000 7.61299 7.64956 0 -0.033798 0 0
190000 7.758 7.68845 0 -0.1375 0 0
191000 7.64419 7.80722 0 0.115816 0 0
192000 7.7399 7.42121 0 -0.0827053 0 0
193000 7.70584 7.51302 0 -0.160162 0 0
194000 7.41492 7.58222 0 -0.0938106 0 0
195000 7.59369 7.56833 0 -0.141674 0 0
196000 7.61945 7.63992 0 -0.0639233 0 0
197000 7.62105 7.70273 0 -0.183216 0 0
198000 7.54185 7.57197 0 -0.0806397 0 0
199000 7.56422 7.61629 0 -0.0290774 0 0
200000 7.82097 7.58574 0 -0.111737 0 0
201000 7.68469 7.41341 0 -0.0986006 0 0
202000 7.60102 7.50147 0 -0.0113992 0 0
203000 7.80641 7.59795 0 -0.0233835 0 0
204000 7.64171 7.63291 0 -0.124582 0 0
205000 7.55506 7.74115 0 -0.0545627 0 0
206000 7.70407 7.72384 0 -0.111718 0 0
207000 7.66334 7.6067 0 -0.0829156 0 0
208000 7.63663 7.57827 0 -0.04168 0 0
209000 7.56556 7.46505 0 -0.0578018 0 0
210000 7.59244 7.57962 0 -0.0752091 0 0
211000 7.54014 7.54992 0 -0.150627 0 0
212000 7.58537 7.63439 0 -0.0214542 0 0
213000 7.69037 7.52065 0 -0.122358 0 0
214000 7.72587 7.63244 0 0.0935489 0 0
215000 7.65882 7.57087 0 0.00432661 0 0
216000 7.64839 7.49136 0 0.0429169 0 0
217000 7.68804 7.46875 0 -0.0468885 0 0
218000 7.62687 7.62171 0 -0.00174884 0 0
219000 7.51892 7.41194 0 0.0158165 0 0
220000 7.63804 7.65624 0 0.0270313 0 0
221000 7.54184 7.60509 0 -0.0106882 0 0
222000 7.51364 7.54813 0 0.000143595 0 0
223000 7.687 7.71488 0 0.0426652 0 0
224000 7.55992 7.65785 0 0.0933053 0 0
225000 7.56576 7.5223 0 -0.0062348 0 0
226000 7.68746 7.56242 0 -0.0457358 0 0
227000 7.56866 7.43955 0 0.0691473 0 0
228000 7.39658 7.72042 0 0.0864224 0 0
229000 7.59714 7.6021 0 -0.0639149 0 0
230000 7.62393 7.59659 0 -0.0246275 0 0
231000 7.57113 7.57615 0 0.0417772 0 0
232000 7.6438 7.45873 0 0.11958 0 0
233000 7.54936 7.56941 0 0.105732 0 0
234000 7.54946 7.63478 0 0.0163169 0 0
235000 7.70158 7.56565 0 0.0357665 0 0
236000 7.51257 7.68691 0 -0.00629526 0 0
237000 7.42816 7.77848 0 0.0301516 0 0
238000 7.53375 7.73945 0 -0.0496286 0 0
239000 7.57714 7.59147 0 0.0695953 0 0
240000 7.4261 7.67576 0 0.0466327 0 0
241000 7.62906 7.58957 0 0.124195 0 0
242000 7.58892 7.61791 0 -0.128888 0 0
243000 7.77768 7.55966 0 0.00661787 0 0
244000 7.48759 7.65562 0 -0.0539787 0 0
245000 7.53029 7.72481 0 0.248584 0 0
246000 7.59299 7.65003 0 0.091488 0 0
247000 7.52817 7.68134 0 0.084605 0 0
248000 7.72448 7.63309 0 0.03526 0 0
249000 7.63445 7.76638 0 0.198959 0 0
250000 7.64979 7.64331 0 0.189163 0 0
251000 7.70439 7.57286 0 0.0854243 0 0
252000 7.69514 7.54778 0 0.0894421 0 0
253000 7.57897 7.5843 0 -0.0605193 0 0
254000 7.40187 7.619 0 0.0696675 0 0
255000 7.52271 7.56788 0 -0.0873025 0 0
256000 7.69504 7.70282 0 0.0294644 0 0
257000 7.58165 7.80756 0 0.0884995 0 0
258000 7.61273 7.67796 0 -0.0383317 0 0
259000 7.72357 7.61879 0 0.0982662 0 0
260000 7.48613 7.4733 0 -0.0154181 0 0
261000 7.67046 7.54521 0 0.152355 0 0
262000 7.76778 7.59131 0 0.014369 0 0
263000 7.81986 7.56722 0 -0.0192837 0 0
264000 7.53263 7.69034 0 -0.0413996 0 0
265000 7.76922 7.61535 0 0.0696819 0 0
266000 7.52963 7.63915 0 0.0433424 0 0
267000 7.76152 7.72117 0 -0.0274363 0 0
268000 7.71259 7.80176 0 -0.0156454 0 0
269000 7.50795 7.67632 0 0.081988 0 0
270000 7.50338 7.60406 0 0.0397432 0 0
271000 7.65713 7.46619 0 0.0631082 0 0
272000 7.61727 7.65393 0 0.0483714 0 0
273000 7.58202 7.48078 0 0.0413799 0 0
274000 7.56683 7.61238 0 0.174191 0 0
275000 7.68368 7.54459 0 0.16854 0 0
276000 7.52334 7.53183 0 0.101272 0 0
277000 7.56563 7.67591 0 0.0608121 0 0
278000 7.61716 7.52407 0 0.054978 0 0
279000 7.65188 7.58731 0 0.042621 0 0
280000 7.6041 7.46187 0 0.0198379 0 0
281000 7.73835 7.59005 0 0.0524381 0 0
282000 7.67188 7.54988 0 0.0452698 0 0
283000 7.54999 7.54921 0 0.0800499 0 0
284000 7.51289 7.47245 0 0.017538 0 0
285000 7.53594 7.60596 0 0.0621607 0 0
286000 7.54721 7.51048 0 0.108702 0 0
287000 7.72295 7.44893 0 -0.0419895 0 0
288000 7.72308 7.50552 0 -0.0743756 0 0
289000 7.73213 7.50204 0 -0.0124085 0 0
290000 7.61568 7.54449 0 0.0174561 0 0
291000 7.57517 7.697 0 0.00724917 0 0
292000 7.59278 7.67015 0 -0.00996818 0 0
293000 7.79995 7.57983 0 -0.0548395 0 0
294000 7.72852 7.64932 0 -0.0479494 0 0
295000 7.43846 7.45902 0 -0.0239106 0 0
296000 7.67205 7.65444 0 0.0264635 0 0
297000 7.6576 7.60408 0 -0.046013 0 0
298000 7.59259 7.70197 0 -0.0490656 0 0
299000 7.62572 7.58817 0 -0.0625914 0 0
300000 7.72213 7.57502 0 -0.0598411 0 0
301000 7.7146 7.64899 0 -0.0376779 0 0
302000 7.48298 7.77119 0 -0.016146 0 0
303000 7.63871 7.4555 0 -0.184756 0 0
304000 7.63546 7.57668 0 -0.0957866 0 0
305000 7.65652 7.55958 0 -0.131033 0 0
306000 7.71953 7.45805 0 -0.107104 0 0
307000 7.68485 7.65833 0 -0.0600671 0 0
308000 7.7418 7.43752 0 -0.0946739 0 0
309000 7.56672 7.40512 0 -0.0712446 0 0
310000 7.67545 7.39744 0 -0.18429 0 0
311000 7.62602 7.52182 0 -0.0656317 0 0
312000 7.60676 7.59107 0 0.108174 0 0
313000 7.38202 7.68348 0 -0.00269042 0 0
314000 7.6058 7.62728 0 -0.002353 0 0
315000 7.6964 7.54459 0 0.0180335 0 0
316000 7.55505 7.60565 0 -0.00170263 0 0
317000 7.72371 7.51011 0 -0.0497109 0 0
318000 7.55003 7.54772 0 0.0466928 0 0
319000 7.66907 7.53776 0 0.0281867 0 0
320000 7.61635 7.67646 0 -0.0414883 0 0
321000 7.6341 7.58937 0 -0.102416 0 0
322000 7.48881 7.61689 0 0.0501264 0 0
323000 7.53705 7.53911 0 -0.0908481 0 0
324000 7.53452 7.52329 0 -0.105781 0 0
325000 7.49349 7.58463 0 0.0768627 0 0
326000 7.49671 7.53957 0 -0.0883752 0 0
327000 7.72881 7.5198 0 -0.0280833 0 0
328000 7.68381 7.53844 0 0.0327399 0 0
329000 7.5138 7.53179 0 -0.0447595 0 0
330000 7.46959 7.38703 0 0.0344744 0 0
331000 7.58679 7.68243 0 -0.0763768 0 0
332000 7.45632 7.5576 0 0.012113 0 0
333000 7.59114 7.5493 0 -0.00776904 0 0
334000 7.50852 7.4855 0 0.166569 0 0
335000 7.57857 7.59515 0 0.0482051 0 0
336000 7.54193 7.53558 0 0.060082 0 0
337000 7.4523 7.71038 0 -0.0305719 0 0
338000 7.60916 7.55579 0 0.111721 0 0
339000 7.48713 7.52019 0 -0.00150083 0 0
340000 7.60984 7.44063 0 0.138877 0 0
341000 7.42258 7.47255 0 0.0310216 0 0
342000 7.46665 7.51671 0 0.0701019 0 0
343000 7.66249 7.7062 0 -0.0161067 0 0
344000 7.64497 7.55164 0 -0.0194594 0 0
345000 7.609 7.47168 0 0.0711638 0 0
346000 7.76097 7.54494 0 0.100853 0 0
347000 7.53845 7.51039 0 -0.0254259 0 0
348000 7.69932 7.62388 0 0.0654165 0 0
349000 7.6134 7.63476 0 0.0201183 0 0
350000 7.62523 7.5612 0 -0.0519783 0 0
351000 7.54165 7.54136 0 0.0132675 0 0
352000 7.53727 7.80404 0 -0.10765 0 0
353000 7.81979 7.59604 0 0.00966053 0 0
354000 7.73696 7.5058 0 0.053543 0 0
355000 7.69475 7.61575 0 0.131845 0 0
356000 7.5028 7.53326 0 0.117139 0 0
357000 7.71542 7.54534 0 0.11401 0 0
358000 7.49888 7.52236 0 0.178171 0 0
359000 7.67949 7.59238 0 0.0695056 0 0
360000 7.62165 7.58965 0 0.180916 0 0
361000 7.49064 7.43674 0 0.0695095 0 0
362000 7.71781 7.68213 0 0.0665289 0 0
363000 7.66301 7.48043 0 0.126933 0 0
364000 7.76157 7.62672 0 0.0303892 0 0
365000 7.54774 7.53872 0 0.0110663 0 0
366000 7.55911 7.65155 0 -0.06594 0 0
367000 7.49665 7.52382 0 0.0203996 0 0
368000 7.429 7.60257 0 0.0556776 0 0
369000 7.66627 7.57616 0 0.176856 0 0
370000 7.5456 7.46495 0 0.0190228 0 0
371000 7.47394 7.52935 0 0.155922 0 0
372000 7.52689 7.43579 0 0.0245094 0 0
373000 7.50864 7.65241 0 -0.0185008 0 0
374000 7.60625 7.63142 0 -0.042462 0 0
375000 7.66626 7.5906 0 0.030036 0 0
376000 7.66678 7.45599 0 0.0240331 0 0
377000 7.70151 7.4918 0 0.177149 0 0
378000 7.4744 7.63671 0 -0.0783669 0 0
379000 7.66289 7.52176 0 0.0239618 0 0
380000 7.59378 7.61137 0 0.154062 0 0
381000 7.52813 7.61171 0 0.0697954 0 0
382000 7.50312 7.60474 0 -0.0444742 0 0
383000 7.37135 7.41257 0 -0.0294834 0 0
384000 7.70146 7.50956 0 0.0706702 0 0
385000 7.56448 7.53865 0 -0.0521842 0 0
386000 7.67058 7.53764 0 -0.0130414 0 0
387000 7.47155 7.4374 0 -0.0471598 0 0
388000 7.63497 7.58835 0 -0.025448 0 0
389000 7.53463 7.58951 0 -0.0825104 0 0
390000 7.54527 7.60763 0 -0.0387718 0 0
391000 7.43956 7.58786 0 -0.0430283 0 0
392000 7.5668 7.49288 0 -0.0620625 0 0
393000 7.71071 7.2772 0 -0.00228513 0 0
394000 7.73346 7.59332 0 -0.0679228 0 0
395000 7.53675 7.68032 0 -0.0392873 0 0
396000 7.67147 7.67449 0 0.0617669 0 0
397000 7.7494 7.50733 0 -0.111198 0 0
398000 7.69941 7.49841 0 -0.00447658 0 0
399000 7.50283 7.40651 0 -0.0359775 0 0
400000 7.47026 7.55621 0 -0.0917246 0 0
401000 7.72675 7.69243 0 -0.112467 0 0
402000 7.39657 7.70166 0 -0.00974057 0 0
403000 7.38361 7.68019 0 0.049518 0 0
404000 7.54789 7.66026 0 -0.00434396 0 0
405000 7.62308 7.69391 0 0.0320213 0 0
406000 7.53966 7.58511 0 -0.154893 0 0
407000 7.61729 7.60442 0 0.00192103 0 0
408000 7.42179 7.48549 0 0.0280271 0 0
409000 7.41305 7.64831 0 -0.0299801 0 0
410000 7.39372 7.7779 0 -2.70812e-05 0 0
411000 7.52427 7.6994 0 -0.0760161 0 0
412000 7.48584 7.51907 0 -0.0880083 0 0
413000 7.76444 7.58131 0 0.0877284 0 0
414000 7.57514 7.54588 0 -0.183238 0 0
415000 7.56048 7.70866 0 0.00199624 0 0
416000 7.58205 7.52393 0 -0.0174628 0 0
417000 7.58612 7.62793 0 -0.118879 0 0
418000 7.45403 7.64426 0 -0.0923951 0 0
419000 7.62008 7.63899 0 -0.026156 0 0
420000 7.56456 7.44214 0 -0.0725967 0 0
421000 7.52011 7.494 0 0.0323783 0 0
422000 7.69992 7.6297 0 -0.0128476 0 0
423000 7.56845 7.5787 0 -0.00489716 0 0
424000 7.6831 7.61969 0 -0.00122174 0 0
425000 7.5523 7.45456 0 -0.044237 0 0
426000 7.70191 7.6303 0 -0.0323693 0 0
427000 7.64764 7.51087 0 0.053136 0 0
428000 7.60303 7.5766 0 -0.0752086 0 0
429000 7.69437 7.50215 0 -0.0283243 0 0
430000 7.63776 7.42971 0 0.0309637 0 0
431000 7.57202 7.6505 0 -0.0666985 0 0
432000 7.57737 7.76206 0 -0.0460444 0 0
433000 7.76007 7.647 0 -0.0477084 0 0
434000 7.63965 7.62182 0 0.0390574 0 0
435000 7.55884 7.72389 0 0.00131575 0 0
436000 7.65289 7.68422 0 0.0532142 0 0
437000 7.60468 7.58563 0 0.112775 0 0
438000 7.55988 7.53647 0 -0.0349717 0 0
439000 7.64085 7.44692 0 -0.00667123 0 0
440000 7.71392 7.6561 0 -0.0712485 0 0
441000 7.57928 7.66251 0 -0.106323 0 0
442000 7.55514 7.59548 0 -0.0293558 0 0
443000 7.69415 7.57636 0 0.0101584 0 0
444000 7.62591 7.61949 0 0.155341 0 0
445000 7.74974 7.61107 0 0.00831545 0 0
446000 7.53676 7.47491 0 -0.0939514 0 0
447000 7.64578 7.56588 0 -0.0613051 0 0
448000 7.43869 7.60067 0 0.0528597 0 0
449000 7.62635 7.59086 0 -0.00685357 0 0
450000 7.49302 7.65898 0 0.144808 0 0
451000 7.63979 7.55331 0 0.0834368 0 0
452000 7.66584 7.53082 0 0.106629 0 0
453000 7.66675 7.64349 0 0.146784 0 0
454000 7.53953 7.67161 0 0.181922 0 0
455000 7.62778 7.75846 0 0.108021 0 0
456000 7.66662 7.666 0 0.101231 0 0
457000 7.64476 7.60839 0 0.174842 0 0
458000 7.44429 7.59418 0 0.209581 0 0
459000 7.57928 7.67934 0 0.0872307 0 0
460000 7.6634 7.47081 0 -0.0844889 0 0
461000 7.59809 7.69837 0 0.166288 0 0
462000 7.53301 7.64119 0 0.0531292 0 0
463000 7.60306 7.49773 0 -0.0500212 0 0
464000 7.61823 7.66137 0 0.0527654 0 0
465000 7.69081 7.65409 0 -0.0211483 0 0
466000 7.67276 7.66429 0 0.0510108 0 0
467000 7.63308 7.59555 0 0.119166 0 0
468000 7.75192 7.47806 0 0.129912 0 0
469000 7.69966 7.5743 0 0.0878198 0 0
470000 7.50081 7.57773 0 0.115518 0 0
471000 7.45197 7.44762 0 0.136444 0 0
472000 7.57687 7.75116 0 0.0657048 0 0
473000 7.50622 7.53607 0 -0.0247167 0 0
474000 7.51419 7.68492 0 0.12078 0 0
475000 7.6555 7.615 0 0.00565534 0 0
476000 7.52037 7.54104 0 0.0317941 0 0
477000 7.44886 7.61948 0 0.0645546 0 0
478000 7.48242 7.67862 0 0.152494 0 0
479000 7.54083 7.4777 0 0.149845 0 0
480000 7.35477 7.56865 0 -0.086907 0 0
481000 7.65072 7.50849 0 0.00141542 0 0
482000 7.64208 7.55962 0 0.105424 0 0
483000 7.52921 7.57075 0 0.0462588 0 0
484000 7.49087 7.56033 0 0.147708 0 0
485000 7.68898 7.5629 0 0.060299 0 0
486000 7.64703 7.59372 0 0.0743297 0 0
487000 7.68963 7.59453 0 -0.0121125 0 0
488000 7.62838 7.67976 0 0.00243865 0 0
489000 7.5355 7.5783 0 -0.0638927 0 0
490000 7.56876 7.57911 0 -0.0599587 0 0
491000 7.64582 7.53164 0 -0.0804255 0 0
492000 7.41706 7.54127 0 -0.117327 0 0
493000 7.46262 7.50331 0 -0.0202248 0 0
494000 7.40085 7.75251 0 0.0256235 0 0
495000 7.52611 7.5708 0 0.0155018 0 0
496000 7.57398 7.61045 0 -0.00536189 0 0
497000 7.5129 7.70325 0 0.0428019 0 0
498000 7.62183 7.63022 0 0.0602133 0 0
499000 7.54463 7.78917 0 -0.0403139 0 0
500000 7.42309 7.75337 0 -0.116407 0 0
