# Time-averaged data for fix ps1
# TimeStep c_thermo_press[1] c_thermo_press[2] c_thermo_press[3] c_thermo_press[4] c_thermo_press[5] c_thermo_press[6]
0 3.21512 3.18254 0 -0.00553217 0 0
1000 3.35767 3.40451 0 -0.0304361 0 0
2000 3.36334 3.39828 0 -0.0640401 0 0
3000 3.34979 3.39781 0 -0.0915528 0 0
4000 3.28931 3.4477 0 -0.104785 0 0
5000 3.35073 3.38695 0 -0.121619 0 0
6000 3.32976 3.36044 0 -0.105221 0 0
7000 3.26784 3.41476 0 -0.182869 0 0
8000 3.37414 3.3823 0 -0.126203 0 0
9000 3.39061 3.34905 0 -0.214345 0 0
10000 3.33642 3.38122 0 -0.179246 0 0
11000 3.31085 3.39632 0 -0.166014 0 0
12000 3.32649 3.42553 0 -0.182543 0 0
13000 3.40334 3.43386 0 -0.220636 0 0
14000 3.38797 3.37671 0 -0.232963 0 0
15000 3.39036 3.37319 0 -0.259701 0 0
16000 3.3647 3.35334 0 -0.316281 0 0
17000 3.34378 3.38266 0 -0.279533 0 0
18000 3.41055 3.41353 0 -0.290468 0 0
19000 3.42061 3.37587 0 -0.316594 0 0
20000 3.36211 3.344 0 -0.317334 0 0
21000 3.35334 3.38531 0 -0.297204 0 0
22000 3.34124 3.38565 0 -0.262379 0 0
23000 3.34549 3.40353 0 -0.271621 0 0
24000 3.39385 3.36972 0 -0.294211 0 0
25000 3.32725 3.3949 0 -0.285796 0 0
26000 3.38179 3.38486 0 -0.263479 0 0
27000 3.36882 3.42069 0 -0.268928 0 0
28000 3.37904 3.36296 0 -0.230691 0 0
29000 3.43328 3.35711 0 -0.254504 0 0
30000 3.37275 3.38599 0 -0.347545 0 0
31000 3.36155 3.36959 0 -0.268216 0 0
32000 3.37224 3.36007 0 -0.24195 0 0
33000 3.40181 3.385 0 -0.26396 0 0
34000 3.3725 3.40931 0 -0.225646 0 0
35000 3.41756 3.41458 0 -0.256298 0 0
36000 3.30815 3.40681 0 -0.210725 0 0
37000 3.32484 3.44387 0 -0.182982 0 0
38000 3.33914 3.40956 0 -0.237101 0 0
39000 3.37117 3.38493 0 -0.217177 0 0
40000 3.38399 3.42256 0 -0.167418 0 0
41000 3.30104 3.38092 0 -0.177049 0 0
42000 3.30427 3.43689 0 -0.11836 0 0
43000 3.37654 3.34212 0 -0.164027 0 0
44000 3.30904 3.38297 0 -0.110666 0 0
45000 3.31303 3.42942 0 -0.139501 0 0
46000 3.35549 3.35303 0 -0.0862272 0 0
47000 3.37454 3.38386 0 -0.0867037 0 0
48000 3.38153 3.32856 0 -0.0634635 0 0
49000 3.34013 3.4068 0 -0.0697065 0 0
50000 3.2898 3.42119 0 -0.0322968 0 0
51000 3.39895 3.35486 0 -0.0453178 0 0
52000 3.28898 3.37851 0 -0.0641615 0 0
53000 3.37081 3.35763 0 0.0645782 0 0
54000 3.33212 3.39319 0 -0.0242403 0 0
55000 3.34919 3.37872 0 0.0386186 0 0
56000 3.29141 3.40497 0 0.0201282 0 0
57000 3.31162 3.37072 0 0.119235 0 0
58000 3.31618 3.37807 0 0.0724976 0 0
59000 3.33972 3.41485 0 0.0535506 0 0
60000 3.35086 3.34398 0 0.114185 0 0
61000 3.33356 3.39718 0 0.137974 0 0
62000 3.34374 3.39033 0 0.135906 0 0
63000 3.34051 3.38653 0 0.138405 0 0
64000 3.29034 3.4316 0 0.1319 0 0
65000 3.35916 3.35603 0 0.196021 0 0
66000 3.34318 3.41688 0 0.143794 0 0
67000 3.31464 3.42471 0 0.183181 0 0
68000 3.33731 3.38426 0 0.211548 0 0
69000 3.26209 3.4129 0 0.208429 0 0
70000 3.35231 3.40422 0 0.195033 0 0
71000 3.30095 3.3948 0 0.183227 0 0
72000 3.2895 3.46127 0 0.200946 0 0
73000 3.36033 3.43033 0 0.210646 0 0
74000 3.31943 3.42967 0 0.184099 0 0
75000 3.34409 3.40482 0 0.207668 0 0
76000 3.36828 3.41635 0 0.205201 0 0
77000 3.33154 3.36152 0 0.211592 0 0
78000 3.33324 3.41716 0 0.23731 0 0
79000 3.36037 3.33987 0 0.218679 0 0
80000 3.29654 3.41243 0 0.185834 0 0
81000 3.34695 3.44172 0 0.159229 0 0
82000 3.32926 3.38479 0 0.192962 0 0
83000 3.36621 3.41381 0 0.151888 0 0
84000 3.38932 3.38458 0 0.165919 0 0
85000 3.27926 3.4772 0 0.164864 0 0
86000 3.33511 3.34838 0 0.120201 0 0
87000 3.3289 3.37244 0 0.118339 0 0
88000 3.38206 3.42442 0 0.14373 0 0
89000 3.31 3.38796 0 0.119561 0 0
90000 3.28374 3.3886 0 0.163498 0 0
91000 3.29697 3.38439 0 0.0874012 0 0
92000 3.2902 3.46834 0 0.0609776 0 0
93000 3.33116 3.36355 0 0.058059 0 0
94000 3.33654 3.45681 0 0.0761944 0 0
95000 3.36983 3.30723 0 0.00870844 0 0
96000 3.2981 3.39251 0 0.0533391 0 0
97000 3.3676 3.37177 0 0.01385 0 0
98000 3.35662 3.36699 0 -0.0739245 0 0
99000 3.33696 3.38423 0 -0.0267515 0 0
100000 3.35405 3.35133 0 -0.0261342 0 0
101000 3.31169 3.3801 0 -0.0831913 0 0
102000 3.2994 3.44716 0 -0.040449 0 0
103000 3.30243 3.39691 0 -0.116119 0 0
104000 3.33366 3.41767 0 -0.101461 0 0
105000 3.34221 3.34377 0 -0.0928324 0 0
106000 3.34807 3.38238 0 -0.110819 0 0
107000 3.39646 3.4377 0 -0.156995 0 0
108000 3.33878 3.38587 0 -0.162833 0 0
109000 3.35287 3.38533 0 -0.19107 0 0
110000 3.37086 3.36486 0 -0.18963 0 0
111000 3.38526 3.35099 0 -0.223431 0 0
112000 3.33045 3.34938 0 -0.201721 0 0
113000 3.38593 3.41852 0 -0.251347 0 0
114000 3.3728 3.37024 0 -0.222121 0 0
115000 3.35677 3.39171 0 -0.298914 0 0
116000 3.36127 3.37199 0 -0.202638 0 0
117000 3.36187 3.34216 0 -0.247102 0 0
118000 3.41946 3.31528 0 -0.251689 0 0
119000 3.35836 3.43016 0 -0.227687 0 0
120000 3.35842 3.42019 0 -0.253662 0 0
121000 3.31688 3.40777 0 -0.339474 0 0
122000 3.38113 3.39108 0 -0.270489 0 0
123000 3.36061 3.40154 0 -0.312936 0 0
124000 3.36914 3.42447 0 -0.30604 0 0
125000 3.30495 3.44949 0 -0.24657 0 0
126000 3.35395 3.40561 0 -0.297863 0 0
127000 3.32553 3.40713 0 -0.290526 0 0
128000 3.37924 3.33502 0 -0.272948 0 0
129000 3.33304 3.40514 0 -0.306549 0 0
130000 3.38719 3.31919 0 -0.263794 0 0
131000 3.3704 3.3616 0 -0.290452 0 0
132000 3.38544 3.39651 0 -0.253509 0 0
133000 3.357 3.37962 0 -0.265256 0 0
134000 3.39181 3.40464 0 -0.26589 0 0
135000 3.37911 3.3748 0 -0.251996 0 0
136000 3.359 3.39035 0 -0.235937 0 0
137000 3.37394 3.37858 0 -0.14404 0 0
138000 3.3289 3.44514 0 -0.171681 0 0
139000 3.36099 3.41531 0 -0.218521 0 0
140000 3.31503 3.37382 0 -0.175739 0 0
141000 3.38558 3.32745 0 -0.144704 0 0
142000 3.32958 3.40607 0 -0.162931 0 0
143000 3.33525 3.45521 0 -0.141841 0 0
144000 3.32288 3.43285 0 -0.152363 0 0
145000 3.35212 3.41899 0 -0.128936 0 0
146000 3.38695 3.36047 0 -0.135567 0 0
147000 3.30734 3.4256 0 -0.0822583 0 0
148000 3.37616 3.42249 0 -0.0600956 0 0
149000 3.33092 3.42838 0 -0.0626181 0 0
150000 3.27552 3.40818 0 -0.0671304 0 0
151000 3.3512 3.36058 0 -0.0215006 0 0
152000 3.26738 3.47754 0 0.0028485 0 0
153000 3.30827 3.42134 0 0.0293464 0 0
154000 3.37622 3.33683 0 0.0301503 0 0
155000 3.31953 3.39486 0 0.0400468 0 0
156000 3.41611 3.32782 0 0.0346908 0 0
157000 3.37468 3.3238 0 0.0978726 0 0
158000 3.33563 3.38603 0 0.0918653 0 0
159000 3.34117 3.389 0 0.123109 0 0
160000 3.32769 3.40128 0 0.186538 0 0
161000 3.29123 3.41945 0 0.0804944 0 0
162000 3.35149 3.42096 0 0.1924 0 0
163000 3.30877 3.39267 0 0.14699 0 0
164000 3.3881 3.43202 0 0.129938 0 0
165000 3.30788 3.44974 0 0.165368 0 0
166000 3.3445 3.38309 0 0.155337 0 0
167000 3.30521 3.39812 0 0.181841 0 0
168000 3.33329 3.43583 0 0.151554 0 0
169000 3.34659 3.41605 0 0.176932 0 0
170000 3.37159 3.45704 0 0.188668 0 0
171000 3.36356 3.41756 0 0.174231 0 0
172000 3.29625 3.41472 0 0.198841 0 0
173000 3.34227 3.42793 0 0.218907 0 0
174000 3.34022 3.40511 0 0.206142 0 0
175000 3.29134 3.43797 0 0.196882 0 0
176000 3.33762 3.39088 0 0.212223 0 0
177000 3.32223 3.3945 0 0.248933 0 0
178000 3.33797 3.35812 0 0.269097 0 0
179000 3.33561 3.42169 0 0.197889 0 0
180000 3.31343 3.48219 0 0.18611 0 0
181000 3.30076 3.39873 0 0.21088 0 0
182000 3.34544 3.3271 0 0.186751 0 0
183000 3.35357 3.37874 0 0.192852 0 0
184000 3.35105 3.39456 0 0.196879 0 0
185000 3.31049 3.39522 0 0.168924 0 0
186000 3.34584 3.39425 0 0.198353 0 0
187000 3.32792 3.39184 0 0.0802588 0 0
188000 3.38876 3.35589 0 0.121645 0 0
189000 3.31403 3.38519 0 0.0861191 0 0
190000 3.23978 3.39055 0 0.0995706 0 0
191000 3.38843 3.35163 0 0.0875893 0 0
192000 3.32011 3.44821 0 0.0835435 0 0
193000 3.37392 3.34077 0 0.0712915 0 0
194000 3.36941 3.36639 0 0.103553 0 0
195000 3.38124 3.37632 0 0.0352328 0 0
196000 3.40019 3.34215 0 0.0169194 0 0
197000 3.3086 3.39829 0 0.028526 0 0
198000 3.34461 3.34774 0 0.0154686 0 0
199000 3.32095 3.35088 0 -0.0317215 0 0
200000 3.33003 3.41228 0 -0.0450874 0 0
201000 3.3385 3.37721 0 -0.0303052 0 0
202000 3.32527 3.35528 0 -0.0143693 0 0
203000 3.38844 3.35118 0 -0.106819 0 0
204000 3.31765 3.32467 0 -0.0575229 0 0
205000 3.32111 3.38178 0 -0.108876 0 0
206000 3.34047 3.36792 0 -0.1193 0 0
207000 3.36719 3.45044 0 -0.188965 0 0
208000 3.34256 3.39177 0 -0.165189 0 0
209000 3.37977 3.40135 0 -0.149092 0 0
210000 3.36178 3.41195 0 -0.226296 0 0
211000 3.35032 3.36972 0 -0.153651 0 0
212000 3.33693 3.3907 0 -0.184578 0 0
213000 3.34936 3.36333 0 -0.210956 0 0
214000 3.40148 3.40526 0 -0.230077 0 0
215000 3.36963 3.38476 0 -0.250058 0 0
216000 3.33866 3.42188 0 -0.250239 0 0
217000 3.38424 3.39521 0 -0.297375 0 0
218000 3.34201 3.37161 0 -0.225054 0 0
219000 3.33774 3.39879 0 -0.306319 0 0
220000 3.41272 3.34773 0 -0.299151 0 0
221000 3.35717 3.43295 0 -0.277994 0 0
222000 3.3915 3.34419 0 -0.279153 0 0
223000 3.36359 3.41133 0 -0.316511 0 0
224000 3.35903 3.35056 0 -0.225825 0 0
225000 3.40922 3.31286 0 -0.295844 0 0
226000 3.38896 3.40858 0 -0.285159 0 0
227000 3.3196 3.44988 0 -0.241358 0 0
228000 3.34996 3.3883 0 -0.303417 0 0
229000 3.40779 3.32869 0 -0.276422 0 0
230000 3.35501 3.39034 0 -0.293905 0 0
231000 3.39362 3.38156 0 -0.265904 0 0
232000 3.37898 3.38603 0 -0.224392 0 0
233000 3.37387 3.40163 0 -0.221691 0 0
234000 3.35584 3.41745 0 -0.291091 0 0
235000 3.36343 3.40591 0 -0.235902 0 0
236000 3.36534 3.37143 0 -0.261036 0 0
237000 3.36825 3.38365 0 -0.193482 0 0
238000 3.30452 3.46022 0 -0.221745 0 0
239000 3.34481 3.37971 0 -0.212294 0 0
240000 3.43462 3.37883 0 -0.199336 0 0
241000 3.34614 3.39375 0 -0.14188 0 0
242000 3.31989 3.38172 0 -0.15879 0 0
243000 3.35961 3.3675 0 -0.0913773 0 0
244000 3.40862 3.37417 0 -0.110317 0 0
245000 3.33554 3.39221 0 -0.105574 0 0
246000 3.34314 3.35473 0 -0.074973 0 0
247000 3.3169 3.4639 0 -0.0548063 0 0
248000 3.31059 3.41535 0 -0.0619432 0 0
249000 3.38898 3.35958 0 -0.0982767 0 0
250000 3.33389 3.44031 0 -0.0980385 0 0
251000 3.34083 3.34393 0 -0.0604931 0 0
252000 3.33016 3.4227 0 0.0128888 0 0
253000 3.35421 3.37406 0 -0.00642554 0 0
254000 3.36368 3.32524 0 0.043146 0 0
255000 3.37909 3.37481 0 0.0942277 0 0
256000 3.36726 3.30905 0 0.0386766 0 0
257000 3.35588 3.36252 0 0.0816784 0 0
258000 3.33043 3.42692 0 0.12918 0 0
259000 3.29318 3.38902 0 0.0792853 0 0
260000 3.34473 3.39944 0 0.0740357 0 0
261000 3.37318 3.38229 0 0.125361 0 0
262000 3.34164 3.40289 0 0.171759 0 0
263000 3.27779 3.40565 0 0.15352 0 0
264000 3.34288 3.42161 0 0.16359 0 0
265000 3.34328 3.43541 0 0.167849 0 0
266000 3.27952 3.47179 0 0.197057 0 0
267000 3.33399 3.40666 0 0.191391 0 0
268000 3.30862 3.43354 0 0.199645 0 0
269000 3.33135 3.33837 0 0.212842 0 0
270000 3.32261 3.42051 0 0.169924 0 0
271000 3.25158 3.45667 0 0.217436 0 0
272000 3.34165 3.4322 0 0.184557 0 0
273000 3.34307 3.44018 0 0.184792 0 0
274000 3.32743 3.44784 0 0.215753 0 0
275000 3.37158 3.41317 0 0.212723 0 0
276000 3.33065 3.41805 0 0.198676 0 0
277000 3.32293 3.4168 0 0.164316 0 0
278000 3.28468 3.42795 0 0.214652 0 0
279000 3.37247 3.4394 0 0.215498 0 0
280000 3.36455 3.39045 0 0.184179 0 0
281000 3.33806 3.35412 0 0.170598 0 0
282000 3.36667 3.43103 0 0.1526 0 0
283000 3.36654 3.33756 0 0.177338 0 0
284000 3.28281 3.46956 0 0.176735 0 0
285000 3.36333 3.39548 0 0.141458 0 0
286000 3.33154 3.45085 0 0.123132 0 0
287000 3.36202 3.36545 0 0.137175 0 0
288000 3.35851 3.40801 0 0.171891 0 0
289000 3.35787 3.38854 0 0.0873194 0 0
290000 3.31855 3.44341 0 0.0731097 0 0
291000 3.2974 3.4419 0 0.116467 0 0
292000 3.32472 3.38393 0 0.106885 0 0
293000 3.33904 3.44402 0 0.0385215 0 0
294000 3.3025 3.39152 0 0.0165059 0 0
295000 3.34114 3.35699 0 0.0219146 0 0
296000 3.32429 3.36023 0 -0.00562065 0 0
297000 3.35686 3.39661 0 -0.0312728 0 0
298000 3.36069 3.42529 0 -0.0210007 0 0
299000 3.41239 3.29511 0 -0.0267407 0 0
300000 3.40319 3.36418 0 -0.0398778 0 0
301000 3.36434 3.4206 0 -0.101285 0 0
302000 3.32128 3.40645 0 -0.0739273 0 0
303000 3.32046 3.3624 0 -0.0798814 0 0
304000 3.36353 3.37898 0 -0.11249 0 0
305000 3.38199 3.36084 0 -0.0777022 0 0
306000 3.36648 3.3322 0 -0.119072 0 0
307000 3.35948 3.42336 0 -0.128522 0 0
308000 3.39675 3.40962 0 -0.180755 0 0
309000 3.33144 3.43255 0 -0.185157 0 0
310000 3.39395 3.36238 0 -0.1754 0 0
311000 3.31848 3.40451 0 -0.125312 0 0
312000 3.2793 3.38011 0 -0.18326 0 0
313000 3.30911 3.41338 0 -0.204182 0 0
314000 3.37496 3.40782 0 -0.227291 0 0
315000 3.33964 3.41262 0 -0.254852 0 0
316000 3.27808 3.44413 0 -0.297607 0 0
317000 3.34589 3.37487 0 -0.291989 0 0
318000 3.36089 3.47325 0 -0.238212 0 0
319000 3.33765 3.37409 0 -0.299848 0 0
320000 3.36006 3.37863 0 -0.298988 0 0
321000 3.40387 3.38649 0 -0.311228 0 0
322000 3.3942 3.37608 0 -0.271059 0 0
323000 3.35127 3.40208 0 -0.266088 0 0
324000 3.39067 3.44143 0 -0.305612 0 0
325000 3.39605 3.36547 0 -0.305565 0 0
326000 3.40148 3.35213 0 -0.298115 0 0
327000 3.30477 3.40715 0 -0.280923 0 0
328000 3.36216 3.4056 0 -0.325374 0 0
329000 3.35356 3.34009 0 -0.281932 0 0
330000 3.35921 3.39203 0 -0.305751 0 0
331000 3.42063 3.38765 0 -0.300791 0 0
332000 3.35344 3.41336 0 -0.259301 0 0
333000 3.38368 3.43729 0 -0.261673 0 0
334000 3.32788 3.42555 0 -0.24636 0 0
335000 3.36933 3.39275 0 -0.189466 0 0
336000 3.35104 3.39026 0 -0.25409 0 0
337000 3.33816 3.38082 0 -0.254271 0 0
338000 3.39291 3.35044 0 -0.161058 0 0
339000 3.36412 3.35638 0 -0.179347 0 0
340000 3.31087 3.38006 0 -0.215225 0 0
341000 3.36139 3.36833 0 -0.160277 0 0
342000 3.32093 3.43706 0 -0.142527 0 0
343000 3.35572 3.37714 0 -0.113275 0 0
344000 3.31431 3.37993 0 -0.124739 0 0
345000 3.36752 3.39851 0 -0.0430624 0 0
346000 3.32943 3.40075 0 -0.129402 0 0
347000 3.31458 3.41095 0 -0.0994564 0 0
348000 3.38317 3.35539 0 -0.0342009 0 0
349000 3.29237 3.42531 0 -0.0436291 0 0
350000 3.30371 3.39732 0 -0.0360127 0 0
351000 3.37947 3.37779 0 0.0216805 0 0
352000 3.33925 3.34897 0 0.054155 0 0
353000 3.32791 3.33216 0 0.0429495 0 0
354000 3.29935 3.34753 0 0.00569628 0 0
355000 3.34094 3.43256 0 0.020412 0 0
356000 3.25837 3.39657 0 0.065286 0 0
357000 3.37354 3.37463 0 0.0798203 0 0
358000 3.31651 3.39244 0 0.0831108 0 0
359000 3.33054 3.41759 0 0.106452 0 0
360000 3.35476 3.32558 0 0.0586265 0 0
361000 3.34443 3.39174 0 0.0987688 0 0
362000 3.34104 3.37618 0 0.131268 0 0
363000 3.391 3.36157 0 0.175409 0 0
364000 3.31126 3.36169 0 0.146126 0 0
365000 3.44165 3.34248 0 0.146406 0 0
366000 3.3279 3.39186 0 0.139036 0 0
367000 3.31547 3.41064 0 0.17127 0 0
368000 3.3639 3.41164 0 0.0929716 0 0
369000 3.26013 3.40805 0 0.186522 0 0
370000 3.2996 3.46389 0 0.177977 0 0
371000 3.37025 3.43168 0 0.188682 0 0
372000 3.29537 3.4023 0 0.191191 0 0
373000 3.31595 3.41198 0 0.206755 0 0
374000 3.35983 3.40453 0 0.191784 0 0
375000 3.35827 3.39548 0 0.165267 0 0
376000 3.39515 3.33738 0 0.234117 0 0
377000 3.36583 3.35813 0 0.241096 0 0
378000 3.35336 3.41077 0 0.177287 0 0
379000 3.3305 3.36075 0 0.176578 0 0
380000 3.29399 3.39667 0 0.198567 0 0
381000 3.39563 3.44055 0 0.181479 0 0
382000 3.42941 3.32179 0 0.221534 0 0
383000 3.34807 3.41907 0 0.171248 0 0
384000 3.35726 3.3708 0 0.187509 0 0
385000 3.29475 3.43379 0 0.175845 0 0
386000 3.33642 3.40011 0 0.106442 0 0
387000 3.35803 3.34737 0 0.160932 0 0
388000 3.29517 3.38322 0 0.110296 0 0
389000 3.37011 3.33773 0 0.0936091 0 0
390000 3.37834 3.36936 0 0.111917 0 0
391000 3.29754 3.41376 0 0.108122 0 0
392000 3.34213 3.39397 0 0.090315 0 0
393000 3.35425 3.3665 0 0.0160076 0 0
394000 3.34816 3.33177 0 0.0851896 0 0
395000 3.38345 3.4189 0 -0.0064738 0 0
396000 3.3558 3.33244 0 0.0401748 0 0
397000 3.37295 3.42541 0 -0.0124879 0 0
398000 3.34272 3.40315 0 -0.0226932 0 0
399000 3.33089 3.38351 0 -0.0303288 0 0
400000 3.2355 3.40262 0 -0.00921215 0 0
401000 3.34211 3.35971 0 -0.0406983 0 0
402000 3.33304 3.4317 0 -0.0265619 0 0
403000 3.30128 3.4099 0 -0.071505 0 0
404000 3.34521 3.39512 0 -0.0726874 0 0
405000 3.34436 3.36338 0 -0.113355 0 0
406000 3.32855 3.42424 0 -0.132375 0 0
407000 3.35756 3.39919 0 -0.099382 0 0
408000 3.37231 3.42905 0 -0.172233 0 0
409000 3.30318 3.38627 0 -0.208358 0 0
410000 3.35393 3.34175 0 -0.171448 0 0
411000 3.36074 3.3963 0 -0.21892 0 0
412000 3.35312 3.36044 0 -0.200651 0 0
413000 3.35811 3.34301 0 -0.289622 0 0
414000 3.39793 3.37439 0 -0.297775 0 0
415000 3.3414 3.39036 0 -0.284313 0 0
416000 3.38899 3.41283 0 -0.27724 0 0
417000 3.38466 3.34933 0 -0.33026 0 0
418000 3.36664 3.36583 0 -0.318709 0 0
419000 3.36008 3.40482 0 -0.254961 0 0
420000 3.35028 3.44172 0 -0.295802 0 0
421000 3.38159 3.40536 0 -0.299172 0 0
422000 3.40369 3.37976 0 -0.256888 0 0
423000 3.37105 3.42074 0 -0.293138 0 0
424000 3.38613 3.35744 0 -0.274328 0 0
425000 3.3787 3.32945 0 -0.322349 0 0
426000 3.35004 3.42724 0 -0.303786 0 0
427000 3.37053 3.35384 0 -0.287642 0 0
428000 3.42957 3.34851 0 -0.283074 0 0
429000 3.40557 3.33203 0 -0.282954 0 0
430000 3.31912 3.39597 0 -0.298435 0 0
431000 3.3061 3.35757 0 -0.272318 0 0
432000 3.36628 3.40428 0 -0.264219 0 0
433000 3.36363 3.37955 0 -0.216668 0 0
434000 3.35808 3.38377 0 -0.260478 0 0
435000 3.33876 3.42965 0 -0.245333 0 0
436000 3.33294 3.37958 0 -0.261231 0 0
437000 3.39479 3.3698 0 -0.218053 0 0
438000 3.34399 3.35372 0 -0.212587 0 0
439000 3.30777 3.41529 0 -0.187547 0 0
440000 3.37256 3.39255 0 -0.159782 0 0
441000 3.37968 3.43172 0 -0.22266 0 0
442000 3.31213 3.3865 0 -0.151121 0 0
443000 3.35824 3.3793 0 -0.0915827 0 0
444000 3.38183 3.40832 0 -0.0833654 0 0
445000 3.36436 3.35552 0 -0.127524 0 0
446000 3.29899 3.37365 0 -0.055017 0 0
447000 3.36722 3.37633 0 -0.110373 0 0
448000 3.31977 3.39878 0 -0.0631176 0 0
449000 3.34458 3.39237 0 -0.0297187 0 0
450000 3.27958 3.45975 0 -0.0560315 0 0
451000 3.32137 3.41141 0 -0.007781 0 0
452000 3.34542 3.40335 0 -0.0424367 0 0
453000 3.30154 3.42324 0 -0.0402101 0 0
454000 3.34486 3.36719 0 0.0765498 0 0
455000 3.32031 3.4396 0 0.0946556 0 0
456000 3.34208 3.39681 0 0.0436551 0 0
457000 3.33323 3.36339 0 0.0723675 0 0
458000 3.33715 3.3972 0 0.0793318 0 0
459000 3.365 3.37114 0 0.074017 0 0
460000 3.37768 3.42235 0 0.114005 0 0
461000 3.35039 3.3796 0 0.188084 0 0
462000 3.30035 3.39051 0 0.18147 0 0
463000 3.29042 3.43565 0 0.181307 0 0
464000 3.3116 3.42741 0 0.137532 0 0
465000 3.3996 3.35118 0 0.169648 0 0
466000 3.35864 3.38877 0 0.162639 0 0
467000 3.35351 3.36957 0 0.163329 0 0
468000 3.33312 3.40508 0 0.154199 0 0
469000 3.32526 3.43048 0 0.205967 0 0
470000 3.29853 3.41728 0 0.206683 0 0
471000 3.32441 3.41853 0 0.258053 0 0
472000 3.27658 3.41468 0 0.233641 0 0
473000 3.29453 3.3427 0 0.218677 0 0
474000 3.33748 3.45867 0 0.211613 0 0
475000 3.4192 3.38779 0 0.152681 0 0
476000 3.34355 3.41588 0 0.168673 0 0
477000 3.32215 3.41684 0 0.257823 0 0
478000 3.3786 3.38247 0 0.227593 0 0
479000 3.31715 3.43194 0 0.102303 0 0
480000 3.29922 3.41373 0 0.176115 0 0
481000 3.28975 3.40419 0 0.22162 0 0
482000 3.32137 3.37614 0 0.151627 0 0
483000 3.27735 3.46214 0 0.163964 0 0
484000 3.35146 3.42642 0 0.168373 0 0
485000 3.26894 3.45493 0 0.144641 0 0
486000 3.33637 3.40645 0 0.185909 0 0
487000 3.3152 3.41982 0 0.185644 0 0
488000 3.38056 3.36331 0 0.106505 0 0
489000 3.26012 3.43322 0 0.145811 0 0
490000 3.34359 3.37955 0 0.142693 0 0
491000 3.36491 3.35498 0 0.0690648 0 0
492000 3.32247 3.4017 0 0.0940129 0 0
493000 3.34598 3.41107 0 0.0678718 0 0
494000 3.36728 3.39064 0 0.0705596 0 0
495000 3.33176 3.34228 0 0.0146489 0 0
496000 3.31923 3.36304 0 0.00682794 0 0
497000 3.33038 3.39227 0 0.0413354 0 0
498000 3.37867 3.41855 0 0.00540098 0 0
499000 3.35884 3.3447 0 -0.0351419 0 0
500000 3.37924 3.34158 0 -0.0602532 0 0
