# Time-averaged data for fix ps1
# TimeStep c_thermo_press[1] c_thermo_press[2] c_thermo_press[3] c_thermo_press[4] c_thermo_press[5] c_thermo_press[6]
0 8.94234 8.85273 0 -0.0122559 0 0
1000 9.85574 9.86288 0 -0.066208 0 0
2000 9.81341 9.66605 0 -0.105054 0 0
3000 9.92771 9.89776 0 -0.00180126 0 0
4000 9.94628 9.82157 0 -0.0453984 0 0
5000 9.85871 9.84034 0 -0.135386 0 0
6000 9.95061 9.87275 0 -0.0405347 0 0
7000 9.82989 9.82192 0 -0.042277 0 0
8000 9.82418 10.1386 0 0.10981 0 0
9000 9.8794 9.90261 0 -0.0107459 0 0
10000 9.75417 9.58798 0 0.0998901 0 0
11000 9.77789 9.88195 0 -0.100638 0 0
12000 9.83532 9.91478 0 0.186148 0 0
13000 9.78707 9.82475 0 0.249451 0 0
14000 9.92741 10.013 0 0.0484728 0 0
15000 9.7493 10.1158 0 0.0118819 0 0
16000 9.53609 10.1318 0 -0.0304366 0 0
17000 9.87092 9.81453 0 -0.134659 0 0
18000 9.67767 9.8128 0 0.0282324 0 0
19000 9.76592 9.90503 0 -0.217702 0 0
20000 9.8358 9.70695 0 -0.0261688 0 0
21000 9.6317 9.70317 0 -0.0598432 0 0
22000 9.83492 9.88134 0 -0.0851982 0 0
23000 9.8854 9.85768 0 -0.0209529 0 0
24000 9.87642 9.90064 0 -0.0930326 0 0
25000 10.1553 9.65722 0 -0.0171274 0 0
26000 9.88294 9.80958 0 -0.0660422 0 0
27000 9.72604 9.86126 0 0.00544812 0 0
28000 9.57369 9.73583 0 -0.127421 0 0
29000 9.86907 9.88979 0 0.0626284 0 0
30000 9.87431 9.75353 0 -0.0197085 0 0
31000 9.86543 9.7982 0 0.150995 0 0
32000 9.91856 9.75193 0 -0.113861 0 0
33000 9.95508 9.86646 0 -0.189393 0 0
34000 9.84304 9.734 0 -0.104384 0 0
35000 9.98567 9.82148 0 -0.0305596 0 0
36000 10.0019 9.86085 0 -0.0432468 0 0
37000 9.70711 9.61495 0 0.114694 0 0
38000 9.72462 10.0805 0 -0.0753193 0 0
39000 9.77781 9.77683 0 -0.0849839 0 0
40000 9.8028 9.81204 0 0.0118466 0 0
41000 9.83262 9.72403 0 0.0471048 0 0
42000 9.75662 9.83237 0 0.0967174 0 0
43000 9.66187 9.8259 0 0.0367472 0 0
44000 9.75325 9.85066 0 -0.0224547 0 0
45000 9.67852 9.80088 0 -0.0939329 0 0
46000 9.78812 9.87045 0 0.153505 0 0
47000 9.99395 9.7928 0 -0.0331913 0 0
48000 10.0292 9.94408 0 0.109054 0 0
49000 9.93091 9.73995 0 -0.009131 0 0
50000 9.9224 9.89882 0 0.113898 0 0
51000 9.89238 10.0902 0 -0.137988 0 0
52000 9.98531 9.9078 0 -0.0625752 0 0
53000 9.85772 9.73226 0 0.0356372 0 0
54000 9.71883 9.85083 0 -0.037678 0 0
55000 9.79471 9.93533 0 -0.0765929 0 0
56000 10.0283 9.80807 0 0.0164458 0 0
57000 9.61839 9.67435 0 -0.116668 0 0
58000 9.74041 10.0566 0 0.097624 0 0
59000 9.71143 9.9838 0 0.125239 0 0
60000 9.90262 9.9291 0 0.132352 0 0
61000 9.94248 9.89328 0 0.0141783 0 0
62000 9.9822 9.83101 0 -0.10027 0 0
63000 9.97733 9.86458 0 0.076008 0 0
64000 9.93968 9.85492 0 0.0802484 0 0
65000 9.8111 9.73729 0 -0.0584517 0 0
66000 9.71574 9.82975 0 -0.00487091 0 0
67000 9.80864 9.87492 0 -0.0173339 0 0
68000 9.90728 9.69757 0 -0.0797392 0 0
69000 9.72569 10.0187 0 0.00740553 0 0
70000 10.1318 9.8185 0 -0.0396823 0 0
71000 9.82148 9.88918 0 0.0800947 0 0
72000 9.71048 10.0385 0 0.0305488 0 0
73000 10.1324 9.79528 0 0.0805223 0 0
74000 9.93108 9.81512 0 0.132704 0 0
75000 9.88833 9.75895 0 -0.0433512 0 0
76000 9.76156 10.0025 0 0.0241492 0 0
77000 10.106 9.81343 0 0.0166679 0 0
78000 9.75606 9.66504 0 0.0386005 0 0
79000 9.94125 9.9441 0 0.12122 0 0
80000 9.77831 10.1003 0 -0.0669481 0 0
81000 9.7367 10.0187 0 0.0429245 0 0
82000 9.83741 9.71331 0 -0.0116161 0 0
83000 9.88837 9.81125 0 0.0977932 0 0
84000 9.76705 9.8828 0 0.00693868 0 0
85000 9.89475 9.79682 0 0.0438158 0 0
86000 9.9234 9.95878 0 -0.0846425 0 0
87000 9.81736 9.94154 0 0.115672 0 0
88000 9.96867 10.0369 0 0.0555385 0 0
89000 9.93948 9.67564 0 -0.145087 0 0
90000 9.87932 9.91915 0 0.0954801 0 0
91000 9.80245 9.92985 0 -0.0246116 0 0
92000 9.87154 9.64643 0 -0.0398571 0 0
93000 9.73411 9.73285 0 0.0331104 0 0
94000 9.70549 9.57416 0 0.118337 0 0
95000 9.74795 9.75211 0 -0.0178377 0 0
96000 9.98877 9.70825 0 -0.00400501 0 0
97000 9.99638 9.91423 0 0.0383096 0 0
98000 9.51157 9.86353 0 -0.0520244 0 0
99000 9.7929 9.68494 0 -0.00300723 0 0
100000 9.72696 9.62759 0 -0.0293243 0 0
101000 9.81341 9.90031 0 -0.0880695 0 0
102000 9.64449 9.94864 0 0.0251795 0 0
103000 9.8984 9.84409 0 -0.0456014 0 0
104000 9.75171 9.82913 0 -0.0275008 0 0
105000 9.87271 10.0613 0 0.0296828 0 0
106000 9.8145 9.98078 0 -0.127373 0 0
107000 9.84786 9.99606 0 -0.0356435 0 0
108000 9.8517 9.57631 0 0.160137 0 0
109000 9.83438 9.95135 0 0.0287454 0 0
110000 9.89212 9.8494 0 -0.00153219 0 0
111000 9.61495 9.85021 0 -0.167973 0 0
112000 10.0766 9.69719 0 0.201848 0 0
113000 9.75952 10.0283 0 -0.101646 0 0
114000 9.78523 9.5804 0 0.00878096 0 0
115000 9.77244 9.91247 0 0.131711 0 0
116000 9.97436 10.0213 0 0.134362 0 0
117000 9.74493 9.83176 0 -0.0993264 0 0
118000 9.665 10.0494 0 -0.00698131 0 0
119000 9.81213 10.0061 0 0.0959917 0 0
120000 9.95189 9.7653 0 -0.060145 0 0
121000 9.84331 9.79417 0 -0.0469422 0 0
122000 9.85251 9.82611 0 -0.0308327 0 0
123000 9.92592 10.0009 0 0.0451286 0 0
124000 9.64158 9.7562 0 -0.145838 0 0
125000 9.93897 10.0119 0 0.017698 0 0
126000 9.78213 9.75459 0 -0.00491161 0 0
127000 9.89706 9.8551 0 0.0415304 0 0
128000 9.82174 9.8652 0 -0.0934813 0 0
129000 9.78889 9.96821 0 0.0449431 0 0
130000 9.75425 9.74658 0 -0.0712475 0 0
131000 9.95305 10.1038 0 -0.00254529 0 0
132000 9.85422 9.90642 0 -0.00398663 0 0
133000 9.96475 9.90216 0 0.10995 0 0
134000 9.82258 9.83969 0 0.111383 0 0
135000 9.78229 9.94479 0 0.035309 0 0
136000 9.85159 9.9539 0 0.0402534 0 0
137000 9.89504 9.88135 0 0.16312 0 0
138000 9.66605 9.82905 0 0.148251 0 0
139000 9.72962 9.74558 0 0.103774 0 0
140000 9.70442 9.71209 0 -0.0913483 0 0
141000 9.85667 9.89413 0 -0.0612509 0 0
142000 9.93353 9.80376 0 -0.136361 0 0
143000 9.80999 9.73711 0 0.0418067 0 0
144000 9.64899 9.97944 0 0.143331 0 0
145000 9.7388 9.98365 0 -0.238558 0 0
146000 9.7715 9.83225 0 -0.0529926 0 0
147000 9.92004 9.94759 0 -0.0695812 0 0
148000 9.78801 9.65515 0 -0.0543568 0 0
149000 9.87792 9.76637 0 -0.0716092 0 0
150000 9.94659 9.81787 0 0.169233 0 0
151000 9.83238 9.94419 0 -0.0654236 0 0
152000 9.94555 10.1286 0 -0.0696806 0 0
153000 9.72734 9.78395 0 -0.0954325 0 0
154000 9.70388 9.56351 0 -0.0726935 0 0
155000 9.97373 9.93494 0 0.0649132 0 0
156000 9.89974 10.057 0 -0.00646739 0 0
157000 9.81914 9.66075 0 0.0821187 0 0
158000 9.93771 9.74046 0 -0.0607526 0 0
159000 9.64679 9.88881 0 0.0266591 0 0
160000 9.8388 9.8388 0 0.0675606 0 0
161000 9.74208 9.90268 0 -0.168794 0 0
162000 9.74989 9.73971 0 0.0433413 0 0
163000 9.84608 9.74223 0 0.0947855 0 0
164000 9.88376 9.91775 0 -0.0300832 0 0
165000 9.78757 9.90139 0 -0.188016 0 0
166000 9.75291 10.0096 0 -0.0957373 0 0
167000 9.67132 9.84623 0 0.0821374 0 0
168000 9.63497 10.022 0 -0.0296327 0 0
169000 9.99983 9.75015 0 -0.21291 0 0
170000 9.99085 9.79265 0 0.0107731 0 0
171000 10.0187 9.96664 0 0.164359 0 0
172000 10.0009 9.65893 0 0.100264 0 0
173000 9.90075 9.78861 0 0.0722736 0 0
174000 9.97355 10.0335 0 -0.0917423 0 0
175000 9.88759 9.67562 0 -0.025432 0 0
176000 9.76737 9.94936 0 -0.0393485 0 0
177000 9.85187 9.88643 0 -0.0854512 0 0
178000 9.96466 9.71192 0 -0.0270011 0 0
179000 9.85312 9.88581 0 -0.053421 0 0
180000 9.78897 9.75324 0 0.0420244 0 0
181000 9.59383 9.76594 0 -0.165533 0 0
182000 9.74295 10.0366 0 -0.113915 0 0
183000 9.91041 9.76262 0 -0.0537698 0 0
184000 10.0035 9.77407 0 -0.0389279 0 0
185000 9.78935 9.97641 0 0.0386794 0 0
186000 9.82332 9.86425 0 -0.164217 0 0
187000 10.0228 9.53934 0 -0.111689 0 0
188000 9.68463 9.81065 0 -0.150827 0 0
189000 9.96818 9.76365 0 0.00850014 0 0
190000 9.95646 9.68216 0 -0.00300372 0 0
191000 9.83439 9.64443 0 -0.0685718 0 0
192000 9.85127 9.54532 0 -0.0306606 0 0
193000 9.95419 9.78688 0 -0.011422 0 0
194000 10.1074 9.76716 0 0.0334162 0 0
195000 9.83239 9.64087 0 0.0333082 0 0
196000 9.98801 9.6811 0 -0.114819 0 0
197000 9.92725 9.77672 0 -0.0542329 0 0
198000 9.98208 9.73793 0 -0.0894924 0 0
199000 9.71258 9.66418 0 -0.0927258 0 0
200000 9.86304 9.88435 0 0.0860259 0 0
201000 9.80921 9.74178 0 -0.125934 0 0
202000 9.77657 9.93344 0 -0.0119079 0 0
203000 9.91824 9.72338 0 -0.139427 0 0
204000 9.86826 9.91018 0 -0.112044 0 0
205000 9.73329 9.80146 0 -0.111841 0 0
206000 9.84302 9.87751 0 -0.0539758 0 0
207000 9.65345 9.75077 0 -0.104151 0 0
208000 9.95803 9.66085 0 0.0081469 0 0
209000 9.816 9.96829 0 0.163085 0 0
210000 9.61421 10.0625 0 0.077007 0 0
211000 10.0598 9.88564 0 -0.164555 0 0
212000 9.91767 9.82256 0 -0.0675987 0 0
213000 9.74418 9.74913 0 -0.023188 0 0
214000 9.86015 9.79862 0 -0.0771409 0 0
215000 9.79516 9.78741 0 0.180452 0 0
216000 9.69839 9.88914 0 -0.0177081 0 0
217000 9.87045 9.8533 0 0.0162092 0 0
218000 9.7748 9.56812 0 -0.209477 0 0
219000 10.0342 9.82162 0 0.0442812 0 0
220000 9.74253 9.89648 0 -0.0557358 0 0
221000 9.8871 9.66429 0 0.00112371 0 0
222000 10.0334 9.82051 0 -0.133053 0 0
223000 9.93241 10.0357 0 -0.0686856 0 0
224000 9.96136 9.70222 0 -0.033665 0 0
225000 9.97508 9.65831 0 -0.12797 0 0
226000 9.94961 9.80551 0 0.108268 0 0
227000 9.66477 9.97267 0 -0.0425603 0 0
228000 10.1158 9.74731 0 0.013654 0 0
229000 9.96321 9.78179 0 0.0491303 0 0
230000 9.85791 10.0145 0 0.0658676 0 0
231000 9.9971 10.1262 0 0.0067884 0 0
232000 9.74798 9.75273 0 -0.0277707 0 0
233000 9.89676 9.82134 0 0.0237809 0 0
234000 9.70019 9.95469 0 -0.142897 0 0
235000 9.72357 9.94836 0 0.0452133 0 0
236000 10.0399 9.83524 0 0.00418049 0 0
237000 9.93665 9.86504 0 -0.0458439 0 0
238000 9.83622 9.75279 0 -0.053624 0 0
239000 9.92282 9.84396 0 0.0260168 0 0
240000 10.0047 9.73782 0 -0.0799966 0 0
241000 9.95123 9.384 0 0.0449522 0 0
242000 9.9913 9.71124 0 0.0601452 0 0
243000 9.64641 9.65747 0 0.155505 0 0
244000 9.62336 9.77603 0 -0.0701144 0 0
245000 9.81749 9.84051 0 -0.0534307 0 0
246000 10.0011 9.8222 0 -0.0160449 0 0
247000 9.9325 9.93607 0 -0.166002 0 0
248000 9.94591 9.86934 0 -0.0111325 0 0
249000 9.97724 9.79114 0 0.178569 0 0
250000 9.98363 10.0248 0 -0.0281123 0 0
251000 9.99623 9.8334 0 0.0285444 0 0
252000 9.84799 9.98962 0 -0.0459482 0 0
253000 9.6885 9.91068 0 0.0827851 0 0
254000 9.60164 9.76254 0 0.0707361 0 0
255000 9.89065 9.87475 0 -0.0121709 0 0
256000 9.93003 9.67845 0 -0.0202895 0 0
257000 9.95709 10.063 0 -0.220048 0 0
258000 9.77465 9.84473 0 -0.0699836 0 0
259000 9.74268 9.84699 0 -0.175663 0 0
260000 9.96258 9.89932 0 -0.0601022 0 0
261000 9.77488 9.79635 0 -0.0570872 0 0
262000 9.90477 9.85708 0 0.00960393 0 0
263000 9.6978 9.95832 0 -0.0409261 0 0
264000 9.95318 9.82143 0 -0.0490119 0 0
265000 9.9119 9.97004 0 -0.00762905 0 0
266000 10.0141 10.1275 0 -0.00350715 0 0
267000 10.0718 9.92498 0 0.0637179 0 0
268000 9.9304 9.81029 0 0.0246159 0 0
269000 9.6709 9.87524 0 -0.158701 0 0
270000 9.80998 9.86947 0 0.0297753 0 0
271000 9.92877 9.87541 0 0.016549 0 0
272000 9.81915 9.86801 0 0.00369913 0 0
273000 10.0498 9.90179 0 -0.137352 0 0
274000 9.86091 9.78368 0 -0.0294224 0 0
275000 9.78967 9.92925 0 0.0462609 0 0
276000 9.8897 9.72008 0 0.025639 0 0
277000 10.0728 9.86519 0 -0.00732246 0 0
278000 9.97848 9.84463 0 0.109118 0 0
279000 9.80815 9.9943 0 -0.112192 0 0
280000 9.78783 9.59875 0 -0.0167477 0 0
281000 9.81159 9.86059 0 0.0999821 0 0
282000 9.9163 9.83108 0 -0.0626391 0 0
283000 9.79584 9.71046 0 -0.0294929 0 0
284000 10.0168 9.85296 0 -0.00281281 0 0
285000 9.81377 9.64666 0 -0.0945338 0 0
286000 9.77345 9.91292 0 -0.0334412 0 0
287000 9.85412 9.849 0 -0.0752074 0 0
288000 9.74407 9.86511 0 -0.103489 0 0
289000 9.7087 9.73188 0 0.00580166 0 0
290000 9.88914 9.8616 0 -0.0962537 0 0
291000 9.74098 9.98498 0 -0.00593669 0 0
292000 9.80616 10.0647 0 0.0600404 0 0
293000 9.81206 9.67998 0 -0.0928684 0 0
294000 10.0645 9.93401 0 -0.073128 0 0
295000 9.84405 10.0593 0 -0.0528241 0 0
296000 9.84528 9.89207 0 0.050942 0 0
297000 9.95716 9.94965 0 0.0215233 0 0
298000 10.118 9.98564 0 -0.0292176 0 0
299000 9.9796 9.64598 0 -0.190184 0 0
300000 9.78969 9.81098 0 -0.0898843 0 0
301000 9.90693 9.76069 0 -0.0143299 0 0
302000 9.8593 9.91423 0 0.0376446 0 0
303000 9.94324 9.91901 0 0.0512138 0 0
304000 9.80397 9.87295 0 0.0840723 0 0
305000 9.78424 9.79198 0 0.130119 0 0
306000 9.93343 9.68625 0 0.096105 0 0
307000 9.94434 9.75922 0 -0.0716959 0 0
308000 9.73648 10.0495 0 0.00185121 0 0
309000 9.94349 9.82378 0 -0.0351522 0 0
310000 9.92484 9.55567 0 -0.0761092 0 0
311000 9.74378 9.75668 0 -0.00692024 0 0
312000 9.8462 9.97228 0 -0.0514894 0 0
313000 9.8298 9.91728 0 0.0285232 0 0
314000 9.86994 9.74121 0 -0.0628266 0 0
315000 10.0176 9.70278 0 -0.00459572 0 0
316000 9.87717 9.84995 0 -0.0488811 0 0
317000 9.63626 9.61578 0 -0.0360271 0 0
318000 9.78976 9.85637 0 -0.0706344 0 0
319000 9.86863 9.8974 0 -0.0410241 0 0
320000 9.67086 9.90871 0 0.0695821 0 0
321000 9.63878 9.72904 0 0.0126535 0 0
322000 9.90289 9.78125 0 -0.0808001 0 0
323000 9.85894 9.82227 0 0.0114675 0 0
324000 9.8102 9.9688 0 -0.26261 0 0
325000 9.79814 9.70335 0 0.0388855 0 0
326000 9.91107 9.95741 0 -0.0519513 0 0
327000 9.93066 9.74271 0 0.0809968 0 0
328000 9.76566 9.86719 0 -0.205319 0 0
329000 9.95059 9.6377 0 -0.01465 0 0
330000 9.87106 9.8794 0 0.0888703 0 0
331000 9.78948 9.69625 0 0.0120094 0 0
332000 9.71327 9.76376 0 0.0189519 0 0
333000 10.0935 9.80285 0 -0.218664 0 0
334000 9.84621 9.79027 0 -0.0732934 0 0
335000 9.68646 9.93373 0 -0.0318228 0 0
336000 9.75778 9.67107 0 0.0776287 0 0
337000 9.64397 9.81318 0 0.0510828 0 0
338000 9.83215 9.85855 0 0.0546727 0 0
339000 9.97134 9.8673 0 0.000565125 0 0
340000 9.79543 9.80039 0 -0.118697 0 0
341000 10.0666 9.82095 0 0.0862108 0 0
342000 10.0146 9.98379 0 -0.0258978 0 0
343000 9.82779 9.84824 0 0.0214541 0 0
344000 9.73823 9.62364 0 0.0941101 0 0
345000 9.80795 9.99928 0 -0.0541853 0 0
346000 9.81459 10.209 0 -0.0432359 0 0
347000 10.0202 9.97793 0 -0.0317197 0 0
348000 9.7246 10.028 0 0.104423 0 0
349000 9.7578 9.74911 0 -0.0935228 0 0
350000 9.64888 9.95207 0 -0.00838451 0 0
351000 9.8164 9.9569 0 -0.0863656 0 0
352000 10.0256 9.60835 0 0.0295209 0 0
353000 9.97722 9.89658 0 -0.00820822 0 0
354000 9.95272 9.61222 0 -0.105128 0 0
355000 9.89676 9.69131 0 -0.0329918 0 0
356000 9.90265 9.86751 0 -0.173715 0 0
357000 9.90949 9.77362 0 0.0610571 0 0
358000 9.88335 9.8916 0 -0.011456 0 0
359000 9.89419 9.94353 0 0.0267929 0 0
360000 9.79873 9.88656 0 0.0120877 0 0
361000 9.73288 9.81756 0 -0.0363845 0 0
362000 9.84813 9.79788 0 -0.00016543 0 0
363000 9.88489 9.79777 0 0.0457754 0 0
364000 9.70635 9.9391 0 -0.0214431 0 0
365000 9.75135 9.88218 0 -0.133653 0 0
366000 9.79233 9.85947 0 0.0638648 0 0
367000 9.81846 10.0936 0 -0.109411 0 0
368000 9.68328 9.94628 0 -0.116715 0 0
369000 9.41271 9.69218 0 -0.157899 0 0
370000 9.82846 10.0494 0 0.0347365 0 0
371000 9.87662 9.77588 0 -0.058148 0 0
372000 9.83565 10.0099 0 0.00352506 0 0
373000 9.95424 9.85164 0 0.00130055 0 0
374000 9.66691 9.73339 0 0.0323643 0 0
375000 9.7192 9.85834 0 -0.0623266 0 0
376000 9.69778 9.83557 0 0.0895019 0 0
377000 9.94348 9.84735 0 0.112273 0 0
378000 9.7952 9.75505 0 -0.0760806 0 0
379000 9.93489 9.79665 0 -0.0564881 0 0
380000 10.1317 9.90174 0 0.0998777 0 0
381000 9.93388 9.6873 0 0.194208 0 0
382000 9.70011 9.97587 0 0.00908237 0 0
383000 9.87141 9.9062 0 0.0859094 0 0
384000 9.67186 9.86361 0 -0.0574547 0 0
385000 9.90516 9.58555 0 0.0192611 0 0
386000 10.0508 9.71947 0 0.00280879 0 0
387000 9.64399 9.90407 0 -0.0650592 0 0
388000 9.73432 9.63991 0 -0.14236 0 0
389000 9.81927 9.8462 0 -0.0757799 0 0
390000 9.86489 9.65025 0 -0.151528 0 0
391000 9.71521 9.93931 0 0.0278153 0 0
392000 9.798 9.83551 0 -0.00298516 0 0
393000 9.85246 9.76323 0 0.0200835 0 0
394000 9.72085 9.61176 0 -0.136124 0 0
395000 9.8317 9.91172 0 -0.0275291 0 0
396000 9.68706 9.84143 0 0.0213555 0 0
397000 9.76273 9.68926 0 -0.00645737 0 0
398000 9.88983 9.86888 0 -0.0278549 0 0
399000 9.70822 9.79357 0 -0.0231194 0 0
400000 9.58171 9.92496 0 -0.0424058 0 0
401000 9.59941 9.92237 0 -0.171874 0 0
402000 9.64014 9.71059 0 -0.106709 0 0
403000 9.94191 9.88971 0 0.0280184 0 0
404000 9.88102 9.86193 0 0.117703 0 0
405000 9.86711 9.87941 0 0.00453146 0 0
406000 9.7079 10.0097 0 0.0425326 0 0
407000 9.58587 9.73352 0 0.0446358 0 0
408000 9.79056 9.87983 0 -0.0143907 0 0
409000 9.8498 9.73848 0 0.0881358 0 0
410000 9.69823 9.82471 0 -0.0223205 0 0
411000 9.80732 9.6316 0 -0.148934 0 0
412000 9.7984 9.70188 0 0.0641154 0 0
413000 9.87588 9.74019 0 -0.0366303 0 0
414000 9.70832 9.65483 0 -0.0531392 0 0
415000 9.82306 9.81315 0 0.0352753 0 0
416000 9.78406 9.79563 0 -0.0646433 0 0
417000 9.60522 9.73494 0 -0.128287 0 0
418000 9.67935 9.70433 0 -0.00596322 0 0
419000 9.92039 9.97586 0 -0.0566106 0 0
420000 9.90603 9.83868 0 -0.0816065 0 0
421000 9.75001 9.77351 0 -0.0506898 0 0
422000 9.91618 9.74489 0 -0.145179 0 0
423000 9.80301 9.49867 0 0.0342987 0 0
424000 9.82648 9.8635 0 0.0715821 0 0
425000 9.9872 9.90189 0 0.138953 0 0
426000 9.88993 9.71912 0 -0.0399615 0 0
427000 9.92524 9.38068 0 0.0644987 0 0
428000 9.87065 9.75275 0 0.121672 0 0
429000 10.0802 9.92156 0 -0.0001843 0 0
430000 9.85875 9.93008 0 0.0245954 0 0
431000 9.63117 9.89558 0 -0.0665662 0 0
432000 9.87216 9.84057 0 0.0925645 0 0
433000 9.7253 9.80323 0 0.170388 0 0
434000 10.0008 9.69149 0 0.0935904 0 0
435000 9.80928 9.86742 0 0.0580097 0 0
436000 9.74694 9.67894 0 0.0172746 0 0
437000 9.80355 9.87643 0 -0.162663 0 0
438000 9.93146 9.93298 0 0.143591 0 0
439000 9.85788 9.95974 0 0.0284132 0 0
440000 9.68804 9.83671 0 0.0415024 0 0
441000 9.7814 9.85552 0 0.131425 0 0
442000 9.65426 9.92147 0 -0.0714081 0 0
443000 9.91983 9.90526 0 0.121589 0 0
444000 9.86682 9.88415 0 0.0606139 0 0
445000 9.87264 9.82427 0 0.178443 0 0
446000 9.9193 9.66147 0 -0.0649981 0 0
447000 9.80382 9.98409 0 0.0148502 0 0
448000 9.86438 9.79806 0 0.117306 0 0
449000 9.93503 9.82396 0 -0.0041951 0 0
450000 10.022 10.0178 0 -0.0765658 0 0
451000 9.8593 9.69681 0 0.0151628 0 0
452000 10.1467 9.87589 0 0.0387965 0 0
453000 10.0097 9.87376 0 -0.0101793 0 0
454000 10.0061 9.9788 0 0.15317 0 0
455000 9.82719 9.84515 0 0.0735823 0 0
456000 9.78334 10.1232 0 -0.101039 0 0
457000 9.62741 9.62247 0 -0.0251673 0 0
458000 10.0632 9.69049 0 0.0693308 0 0
459000 9.73664 9.8508 0 -0.0708185 0 0
460000 9.59564 10.0146 0 0.112795 0 0
461000 9.79239 9.89053 0 0.0613432 0 0
462000 9.97873 9.97431 0 0.0834763 0 0
463000 9.81438 9.90854 0 -0.130326 0 0
464000 9.70657 9.91457 0 -0.0816234 0 0
465000 9.87516 9.68751 0 -0.0236789 0 0
466000 9.96072 9.92742 0 -0.0838618 0 0
467000 9.74218 9.73855 0 0.0896462 0 0
468000 9.70401 9.90853 0 -0.108165 0 0
469000 10.0928 9.74669 0 -0.0119051 0 0
470000 10.1726 9.82597 0 -0.0228466 0 0
471000 9.94689 9.88856 0 0.172977 0 0
472000 9.95121 9.79277 0 0.0463168 0 0
473000 9.85717 9.65065 0 0.0591754 0 0
474000 9.88484 9.94743 0 -0.111497 0 0
475000 9.73777 9.76408 0 0.0110038 0 0
476000 9.89052 9.73719 0 -0.124908 0 0
477000 9.8869 9.73656 0 -0.0504229 0 0
478000 9.50106 9.86335 0 0.0343297 0 0
479000 9.79293 9.8659 0 -0.180415 0 0
480000 9.79329 9.94177 0 -0.116572 0 0
481000 9.68252 9.99128 0 0.138847 0 0
482000 9.89675 9.88818 0 0.0458318 0 0
483000 9.68321 9.85182 0 -0.251579 0 0
484000 9.83043 9.72197 0 0.0889368 0 0
485000 9.95456 9.76343 0 0.0913464 0 0
486000 10.1295 9.74657 0 0.0942057 0 0
487000 9.7707 9.80944 0 -0.0237868 0 0
488000 9.58593 9.69512 0 0.0838262 0 0
489000 9.86289 9.69778 0 0.115224 0 0
490000 9.78595 9.6917 0 -0.0618414 0 0
491000 9.80726 9.90843 0 0.0996252 0 0
492000 10.0262 9.94615 0 -0.0645353 0 0
493000 9.96873 9.90444 0 0.0615807 0 0
494000 9.82392 9.76667 0 0.0453069 0 0
495000 9.87484 9.96887 0 0.0365931 0 0
496000 9.78941 9.74532 0 -0.00579669 0 0
497000 9.90811 9.77653 0 -0.00923039 0 0
498000 9.8225 9.73303 0 -0.0135252 0 0
499000 9.83052 9.80823 0 0.123474 0 0
500000 10.0371 9.9392 0 -0.00612963 0 0
