# Time-averaged data for fix ps1
# TimeStep c_thermo_press[1] c_thermo_press[2] c_thermo_press[3] c_thermo_press[4] c_thermo_press[5] c_thermo_press[6]
0 3.66114 3.6751 0 -0.0227678 0 0
1000 3.85231 3.93843 0 -0.0976017 0 0
2000 3.86088 3.9781 0 -0.0980985 0 0
3000 3.90427 3.93076 0 -0.0491259 0 0
4000 3.85053 3.89951 0 -0.0790072 0 0
5000 3.93255 3.88105 0 -0.100029 0 0
6000 3.88422 3.91765 0 -0.137721 0 0
7000 3.94685 3.87579 0 -0.119689 0 0
8000 3.84751 3.91851 0 -0.131113 0 0
9000 3.88203 3.93739 0 -0.175466 0 0
10000 3.82659 3.91603 0 -0.189211 0 0
11000 3.95879 3.93597 0 -0.199559 0 0
12000 3.95381 3.95445 0 -0.219348 0 0
13000 3.93963 3.92402 0 -0.221492 0 0
14000 3.90947 3.92261 0 -0.20546 0 0
15000 3.91676 3.91246 0 -0.221189 0 0
16000 3.9097 3.91593 0 -0.18365 0 0
17000 3.91394 3.99398 0 -0.296272 0 0
18000 3.88533 3.91201 0 -0.204249 0 0
19000 3.98198 3.83134 0 -0.208634 0 0
20000 3.91161 4.0071 0 -0.319461 0 0
21000 3.90531 3.91839 0 -0.292047 0 0
22000 3.92474 3.94488 0 -0.30209 0 0
23000 3.97351 3.97171 0 -0.192724 0 0
24000 3.91023 3.90707 0 -0.250654 0 0
25000 3.91036 3.90002 0 -0.242898 0 0
26000 3.84037 3.91895 0 -0.265323 0 0
27000 3.91377 3.98757 0 -0.323767 0 0
28000 3.86018 3.97717 0 -0.300293 0 0
29000 3.87029 4.02676 0 -0.256717 0 0
30000 3.89161 3.94292 0 -0.204819 0 0
31000 3.93106 3.91246 0 -0.276262 0 0
32000 3.8965 3.96428 0 -0.286949 0 0
33000 3.88738 3.92341 0 -0.174702 0 0
34000 3.87846 3.91813 0 -0.280345 0 0
35000 3.856 3.88253 0 -0.225863 0 0
36000 3.84284 3.9049 0 -0.246076 0 0
37000 3.98078 3.89721 0 -0.256846 0 0
38000 3.88973 3.95698 0 -0.227679 0 0
39000 3.86945 3.94812 0 -0.204974 0 0
40000 3.9418 3.91847 0 -0.200588 0 0
41000 3.89393 3.9319 0 -0.158043 0 0
42000 3.89506 3.89096 0 -0.132776 0 0
43000 3.85843 3.95553 0 -0.116733 0 0
44000 3.886 3.95718 0 -0.130246 0 0
45000 3.91348 3.95342 0 -0.0996771 0 0
46000 3.87917 3.9862 0 -0.118151 0 0
47000 3.88528 3.99504 0 -0.157892 0 0
48000 3.92461 3.87155 0 -0.00515394 0 0
49000 3.90218 3.93849 0 -0.104499 0 0
50000 3.93967 3.89754 0 -0.0131206 0 0
51000 3.88739 3.89702 0 -0.0351233 0 0
52000 3.9479 3.87291 0 -0.0292271 0 0
53000 3.88585 3.95396 0 0.0594594 0 0
54000 3.89869 3.89462 0 0.0593555 0 0
55000 3.86639 3.91517 0 0.102538 0 0
56000 3.96812 3.88607 0 0.0720404 0 0
57000 3.87514 3.95137 0 0.0492077 0 0
58000 3.8755 3.97294 0 0.0295036 0 0
59000 3.84176 3.92465 0 0.0924339 0 0
60000 3.88272 3.93718 0 0.10042 0 0
61000 3.97443 3.91668 0 0.128558 0 0
62000 3.89118 3.91901 0 0.161832 0 0
63000 3.93774 3.91266 0 0.123959 0 0
64000 3.93654 3.89711 0 0.0593218 0 0
65000 3.82031 3.95273 0 0.108934 0 0
66000 3.94316 3.9038 0 0.157634 0 0
67000 3.8909 3.98165 0 0.183794 0 0
68000 3.87536 3.96536 0 0.156838 0 0
69000 3.86743 3.98352 0 0.110408 0 0
70000 3.89987 3.98556 0 0.145672 0 0
71000 3.8845 3.95408 0 0.154126 0 0
72000 3.95942 3.9321 0 0.193412 0 0
73000 3.83936 3.9891 0 0.177698 0 0
74000 3.91888 3.89916 0 0.25439 0 0
75000 3.88306 3.93799 0 0.193791 0 0
76000 3.90537 3.92444 0 0.206106 0 0
77000 3.94056 3.93985 0 0.15486 0 0
78000 3.86497 4.00622 0 0.248558 0 0
79000 3.97186 3.8838 0 0.167902 0 0
80000 3.86577 3.98785 0 0.179168 0 0
81000 3.90526 3.90418 0 0.203207 0 0
82000 3.84641 3.94485 0 0.207868 0 0
83000 3.91161 3.95117 0 0.208804 0 0
84000 3.90707 3.90553 0 0.126148 0 0
85000 3.90317 4.01277 0 0.113272 0 0
86000 3.8235 3.98801 0 0.0824418 0 0
87000 3.93913 3.91997 0 0.0672877 0 0
88000 3.86243 3.88908 0 0.144116 0 0
89000 3.87943 3.93271 0 0.123659 0 0
90000 3.89903 3.91676 0 0.100738 0 0
91000 3.94167 3.86616 0 0.0273567 0 0
92000 3.83176 3.96409 0 0.0505201 0 0
93000 3.93388 3.93869 0 0.119379 0 0
94000 3.90314 3.99975 0 0.0627201 0 0
95000 3.89468 3.9758 0 -0.0132227 0 0
96000 3.95501 3.88659 0 0.0504162 0 0
97000 3.91357 3.98181 0 -0.00695356 0 0
98000 3.93277 3.92453 0 -0.0427146 0 0
99000 3.93864 3.89219 0 -0.0150832 0 0
100000 3.80614 3.93363 0 -0.0750692 0 0
101000 3.89998 3.89288 0 -0.0997344 0 0
102000 3.90739 3.89585 0 -0.0669556 0 0
103000 3.89521 3.87616 0 -0.131025 0 0
104000 3.93735 3.84564 0 -0.0786607 0 0
105000 3.83325 3.99348 0 -0.136769 0 0
106000 3.8644 3.9132 0 -0.146317 0 0
107000 3.91867 3.93056 0 -0.168613 0 0
108000 3.85011 3.95506 0 -0.195526 0 0
109000 3.89674 3.91466 0 -0.152424 0 0
110000 3.85307 3.92073 0 -0.138421 0 0
111000 3.90003 3.95356 0 -0.220168 0 0
112000 3.93799 3.8977 0 -0.250141 0 0
113000 3.9077 3.93063 0 -0.239992 0 0
114000 3.83974 3.95915 0 -0.244724 0 0
115000 3.9278 3.92432 0 -0.143538 0 0
116000 3.93197 3.94046 0 -0.226049 0 0
117000 3.88221 4.02191 0 -0.174031 0 0
118000 3.90843 3.93048 0 -0.353853 0 0
119000 3.89729 3.89688 0 -0.229865 0 0
120000 3.89563 3.90929 0 -0.236661 0 0
121000 3.94864 3.94266 0 -0.294299 0 0
122000 3.90715 3.95667 0 -0.281879 0 0
123000 3.84219 3.92145 0 -0.300034 0 0
124000 3.93761 3.97685 0 -0.284993 0 0
125000 3.85834 3.91296 0 -0.255765 0 0
126000 3.91007 3.89597 0 -0.32513 0 0
127000 3.92458 3.9463 0 -0.272959 0 0
128000 3.8732 3.92912 0 -0.260878 0 0
129000 3.86112 3.90472 0 -0.265582 0 0
130000 3.93104 3.9157 0 -0.271272 0 0
131000 3.84224 3.88902 0 -0.284737 0 0
132000 3.8993 3.96139 0 -0.263021 0 0
133000 3.98587 3.90929 0 -0.283861 0 0
134000 3.94178 3.92448 0 -0.28504 0 0
135000 3.8495 3.91527 0 -0.223634 0 0
136000 3.88073 3.91593 0 -0.246952 0 0
137000 3.96772 3.89944 0 -0.201661 0 0
138000 3.89009 3.92674 0 -0.236497 0 0
139000 3.90959 3.90156 0 -0.221873 0 0
140000 3.92465 3.91521 0 -0.116552 0 0
141000 3.90932 4.00022 0 -0.145712 0 0
142000 3.89525 3.99233 0 -0.141826 0 0
143000 3.83044 3.9376 0 -0.145156 0 0
144000 3.86096 3.96404 0 -0.127021 0 0
145000 3.86066 3.90194 0 -0.0620901 0 0
146000 3.8125 3.95413 0 -0.0275879 0 0
147000 3.8672 3.96083 0 -0.0522678 0 0
148000 3.90175 3.90552 0 -0.0590641 0 0
149000 3.88239 3.92786 0 -0.0137028 0 0
150000 3.85406 3.9971 0 -0.0646512 0 0
151000 3.86667 3.9959 0 -0.0309515 0 0
152000 3.84051 3.89806 0 -0.000497751 0 0
153000 3.89571 3.88925 0 0.0400554 0 0
154000 3.8936 3.89984 0 0.0605722 0 0
155000 3.83282 3.99661 0 0.0516068 0 0
156000 3.90742 3.87979 0 0.0760853 0 0
157000 3.91214 3.99766 0 0.122221 0 0
158000 3.88323 3.95612 0 0.0908367 0 0
159000 3.88337 3.94887 0 0.0796951 0 0
160000 3.8668 3.97319 0 0.0381563 0 0
161000 3.85061 3.99537 0 0.0815737 0 0
162000 3.85752 3.84586 0 0.163219 0 0
163000 3.93686 3.9042 0 0.229452 0 0
164000 3.94356 3.92188 0 0.141221 0 0
165000 3.84127 4.00696 0 0.126913 0 0
166000 3.899 3.97632 0 0.133317 0 0
167000 3.94848 3.88667 0 0.238212 0 0
168000 3.88115 3.97189 0 0.143637 0 0
169000 3.84959 4.00169 0 0.191548 0 0
170000 3.84336 3.97138 0 0.178072 0 0
171000 3.86231 4.01496 0 0.209738 0 0
172000 3.89867 3.99235 0 0.164023 0 0
173000 3.85132 3.9912 0 0.230574 0 0
174000 3.8548 3.98043 0 0.218274 0 0
175000 3.89007 3.91645 0 0.229634 0 0
176000 3.86663 3.92049 0 0.194905 0 0
177000 3.87457 3.97008 0 0.169366 0 0
178000 3.8636 3.93591 0 0.193403 0 0
179000 3.84468 4.01686 0 0.221089 0 0
180000 3.82215 3.91979 0 0.144131 0 0
181000 3.87135 3.97299 0 0.166255 0 0
182000 3.9756 3.95863 0 0.168276 0 0
183000 3.95614 3.89827 0 0.134948 0 0
184000 3.92125 3.90764 0 0.163549 0 0
185000 3.8937 3.8951 0 0.145255 0 0
186000 3.94169 3.97903 0 0.16539 0 0
187000 3.80942 4.0102 0 0.128786 0 0
188000 3.80699 3.93662 0 0.159681 0 0
189000 3.87119 3.98024 0 0.1912 0 0
190000 3.80301 3.88779 0 0.132256 0 0
191000 3.89969 3.90759 0 0.0781908 0 0
192000 3.90701 3.90592 0 0.0703505 0 0
193000 3.85666 3.93459 0 0.0808794 0 0
194000 3.86928 3.94476 0 0.0397979 0 0
195000 3.90579 3.9176 0 0.0508076 0 0
196000 3.88738 3.87543 0 0.00101682 0 0
197000 3.85302 3.94405 0 0.0397126 0 0
198000 3.87864 3.99367 0 -0.0152044 0 0
199000 3.88837 3.91027 0 -0.0726043 0 0
200000 3.92928 3.93855 0 -0.0853535 0 0
201000 3.95959 3.87679 0 -0.0976201 0 0
202000 3.94863 3.90555 0 0.0523063 0 0
203000 3.84791 3.95221 0 -0.0821852 0 0
204000 3.88043 3.9098 0 -0.169705 0 0
205000 3.88313 3.97963 0 -0.105588 0 0
206000 3.91311 3.91772 0 -0.14793 0 0
207000 3.85897 3.96464 0 -0.115426 0 0
208000 3.85963 4.02881 0 -0.174928 0 0
209000 3.82771 3.90742 0 -0.0805909 0 0
210000 3.97979 3.8709 0 -0.183039 0 0
211000 3.8919 3.87825 0 -0.181853 0 0
212000 3.88727 3.87795 0 -0.174401 0 0
213000 3.90582 3.91772 0 -0.230923 0 0
214000 3.87571 3.98321 0 -0.257626 0 0
215000 3.86931 3.98468 0 -0.220364 0 0
216000 3.92228 3.9665 0 -0.235197 0 0
217000 3.85695 4.0063 0 -0.249152 0 0
218000 3.91624 3.88932 0 -0.276958 0 0
219000 3.94677 4.01068 0 -0.294339 0 0
220000 3.96944 3.92423 0 -0.26832 0 0
221000 3.94961 3.95486 0 -0.320555 0 0
222000 3.88518 3.96942 0 -0.301788 0 0
223000 3.85718 3.95923 0 -0.279032 0 0
224000 3.84169 3.9315 0 -0.272158 0 0
225000 3.91486 3.9431 0 -0.302904 0 0
226000 3.9001 3.93726 0 -0.291312 0 0
227000 3.87356 3.8994 0 -0.298919 0 0
228000 3.8459 4.01059 0 -0.23032 0 0
229000 3.91005 4.02198 0 -0.220323 0 0
230000 3.87386 3.89861 0 -0.244631 0 0
231000 3.87863 3.95743 0 -0.203582 0 0
232000 3.95651 3.89543 0 -0.176853 0 0
233000 3.9502 3.90035 0 -0.319651 0 0
234000 3.93737 3.85546 0 -0.262073 0 0
235000 3.94872 3.9337 0 -0.2698 0 0
236000 3.89012 3.96876 0 -0.243992 0 0
237000 3.87241 3.93358 0 -0.226585 0 0
238000 3.82199 3.92223 0 -0.233008 0 0
239000 3.872 3.92674 0 -0.188786 0 0
240000 3.98799 3.91744 0 -0.16087 0 0
241000 3.81206 3.95348 0 -0.150588 0 0
242000 3.82694 3.97884 0 -0.108822 0 0
243000 3.84565 3.89108 0 -0.173664 0 0
244000 3.93189 3.91639 0 -0.118144 0 0
245000 3.86729 3.94236 0 -0.130959 0 0
246000 3.86306 3.94465 0 -0.141472 0 0
247000 3.98644 3.94027 0 -0.0924052 0 0
248000 3.84918 3.97795 0 -0.0838565 0 0
249000 3.8575 3.94921 0 -0.0535295 0 0
250000 3.8394 4.00625 0 -0.0108023 0 0
251000 3.93273 3.94643 0 0.0414567 0 0
252000 3.90383 3.91903 0 0.0429642 0 0
253000 3.87347 3.97674 0 0.0678864 0 0
254000 3.91107 3.88845 0 0.0828689 0 0
255000 3.80643 3.94475 0 0.0956811 0 0
256000 3.86708 3.90386 0 0.0688772 0 0
257000 3.80473 3.99746 0 0.09163 0 0
258000 3.93819 3.95844 0 0.0874689 0 0
259000 3.89695 3.94437 0 0.0897619 0 0
260000 3.86617 3.88939 0 0.0655705 0 0
261000 3.95484 3.89393 0 0.103331 0 0
262000 3.93087 3.8454 0 0.142001 0 0
263000 3.82726 3.98077 0 0.172851 0 0
264000 3.88002 3.97576 0 0.105578 0 0
265000 3.96295 3.89739 0 0.174364 0 0
266000 3.95837 3.91907 0 0.184266 0 0
267000 3.84123 3.98672 0 0.161188 0 0
268000 3.87115 3.92707 0 0.157493 0 0
269000 3.86515 3.96983 0 0.211528 0 0
270000 3.92802 3.88618 0 0.189889 0 0
271000 3.82795 3.97711 0 0.245254 0 0
272000 3.89954 3.90609 0 0.190192 0 0
273000 3.82598 3.99101 0 0.235514 0 0
274000 3.85384 3.91206 0 0.137245 0 0
275000 3.86249 3.89948 0 0.237186 0 0
276000 3.91293 3.95058 0 0.196245 0 0
277000 3.8692 3.89766 0 0.183523 0 0
278000 3.91937 3.94817 0 0.156252 0 0
279000 3.95139 3.92092 0 0.257941 0 0
280000 3.8718 3.96095 0 0.104906 0 0
281000 3.83122 3.97291 0 0.164148 0 0
282000 3.83534 3.88873 0 0.178372 0 0
283000 3.9721 3.88036 0 0.16153 0 0
284000 3.89965 3.93012 0 0.147231 0 0
285000 3.85676 3.92825 0 0.133087 0 0
286000 3.88978 3.98672 0 0.120199 0 0
287000 3.96465 3.88431 0 0.123449 0 0
288000 3.92746 3.91263 0 0.0816363 0 0
289000 3.8847 3.9531 0 0.106122 0 0
290000 3.90834 3.98316 0 0.121037 0 0
291000 3.97754 3.9196 0 0.0831841 0 0
292000 3.87659 3.94624 0 0.102162 0 0
293000 3.85495 3.97153 0 0.0854879 0 0
294000 3.93346 3.91904 0 0.059146 0 0
295000 3.86757 3.89382 0 0.029439 0 0
296000 3.78819 3.9831 0 0.00295103 0 0
297000 3.85589 3.88448 0 0.0279253 0 0
298000 3.87793 3.94432 0 -0.0190312 0 0
299000 3.93689 3.92568 0 -0.00214066 0 0
300000 3.87746 3.88319 0 -0.018631 0 0
301000 3.91462 3.91719 0 -0.0320585 0 0
302000 3.89398 3.89313 0 -0.100619 0 0
303000 4.00851 3.89909 0 -0.115018 0 0
304000 3.91694 3.89681 0 -0.0836966 0 0
305000 3.88711 3.88669 0 -0.12636 0 0
306000 3.93792 3.90953 0 -0.156037 0 0
307000 3.90912 3.90388 0 -0.162215 0 0
308000 3.75847 3.99765 0 -0.20164 0 0
309000 3.8574 3.93406 0 -0.186788 0 0
310000 3.94255 3.93354 0 -0.174856 0 0
311000 3.7847 3.9229 0 -0.186632 0 0
312000 3.86964 3.91083 0 -0.222026 0 0
313000 3.8895 3.86514 0 -0.239585 0 0
314000 3.97496 3.92547 0 -0.227252 0 0
315000 3.81408 3.99961 0 -0.310726 0 0
316000 3.89397 3.99811 0 -0.25042 0 0
317000 3.87412 3.95719 0 -0.264354 0 0
318000 3.95814 3.87576 0 -0.184792 0 0
319000 3.9761 3.9501 0 -0.230595 0 0
320000 3.85668 3.95371 0 -0.230912 0 0
321000 3.93625 3.90711 0 -0.27067 0 0
322000 3.86864 4.01782 0 -0.169725 0 0
323000 3.92816 3.9327 0 -0.301713 0 0
324000 3.91585 3.92933 0 -0.303231 0 0
325000 3.94803 3.86814 0 -0.261802 0 0
326000 3.96358 3.92319 0 -0.263273 0 0
327000 3.86872 3.98555 0 -0.214943 0 0
328000 3.8943 3.94786 0 -0.257473 0 0
329000 3.96456 3.872 0 -0.288774 0 0
330000 3.90204 3.95315 0 -0.223393 0 0
331000 3.87209 3.9112 0 -0.30339 0 0
332000 3.96622 3.83908 0 -0.244725 0 0
333000 3.93474 3.94127 0 -0.264806 0 0
334000 3.86507 4.00262 0 -0.247372 0 0
335000 3.89515 3.93316 0 -0.238012 0 0
336000 3.9096 3.8941 0 -0.232244 0 0
337000 3.91607 3.91352 0 -0.211088 0 0
338000 3.91 3.95024 0 -0.166253 0 0
339000 3.87825 3.93609 0 -0.216478 0 0
340000 3.88488 3.93699 0 -0.203039 0 0
341000 3.86484 3.89855 0 -0.139425 0 0
342000 3.91264 3.90213 0 -0.177418 0 0
343000 3.8869 3.88861 0 -0.126847 0 0
344000 3.91108 3.93523 0 -0.14235 0 0
345000 3.93468 3.90077 0 -0.113686 0 0
346000 3.89591 3.96834 0 -0.105678 0 0
347000 3.8514 3.96791 0 -0.0488238 0 0
348000 3.88826 3.93878 0 -0.0705473 0 0
349000 3.87557 3.91642 0 -0.118171 0 0
350000 3.81138 3.95328 0 -0.036449 0 0
351000 3.91439 3.89042 0 -0.00745384 0 0
352000 3.89615 3.95588 0 -0.0605289 0 0
353000 3.81607 3.96152 0 -0.013693 0 0
354000 3.86334 3.90298 0 0.0169639 0 0
355000 3.93983 3.88406 0 0.0375819 0 0
356000 3.84847 3.94319 0 0.0805004 0 0
357000 3.88814 3.93651 0 0.0513527 0 0
358000 3.80789 3.94579 0 0.0594568 0 0
359000 3.88735 3.94338 0 0.13265 0 0
360000 3.89291 3.94254 0 0.120272 0 0
361000 3.90674 3.93913 0 0.125586 0 0
362000 3.92097 3.97203 0 0.141291 0 0
363000 3.93242 3.95535 0 0.122646 0 0
364000 3.81401 3.97281 0 0.236172 0 0
365000 3.8637 3.95553 0 0.197491 0 0
366000 3.81681 3.92668 0 0.214131 0 0
367000 3.88085 3.96541 0 0.209485 0 0
368000 3.87716 3.93903 0 0.202974 0 0
369000 3.89286 4.00398 0 0.214721 0 0
370000 3.91255 3.89168 0 0.151728 0 0
371000 3.93196 3.93639 0 0.236159 0 0
372000 3.87036 3.97319 0 0.174557 0 0
373000 3.84937 3.93636 0 0.192948 0 0
374000 3.9075 3.87858 0 0.246684 0 0
375000 3.87163 3.91313 0 0.211729 0 0
376000 3.88511 3.95303 0 0.193297 0 0
377000 3.92171 3.91226 0 0.167951 0 0
378000 3.84666 3.95378 0 0.161354 0 0
379000 3.87033 3.92272 0 0.147669 0 0
380000 3.90179 3.92808 0 0.136709 0 0
381000 3.90385 3.89181 0 0.213565 0 0
382000 3.93145 3.86058 0 0.209687 0 0
383000 3.90536 3.87775 0 0.135664 0 0
384000 3.87192 3.92543 0 0.153209 0 0
385000 3.91092 3.92553 0 0.158787 0 0
386000 3.88348 3.94059 0 0.106153 0 0
387000 3.92046 3.90171 0 0.191176 0 0
388000 3.90431 3.93626 0 0.148656 0 0
389000 3.94595 3.85142 0 0.105068 0 0
390000 3.94997 3.89958 0 0.107964 0 0
391000 3.88523 3.91577 0 0.0645297 0 0
392000 3.87816 3.93823 0 0.0617331 0 0
393000 3.91282 3.97316 0 0.11482 0 0
394000 3.93494 3.96679 0 0.135806 0 0
395000 3.87199 3.8982 0 0.0736501 0 0
396000 3.79656 3.91905 0 0.0308519 0 0
397000 3.88028 3.99272 0 -0.0189901 0 0
398000 3.91836 3.97343 0 0.0127501 0 0
399000 3.91525 3.90928 0 -0.0283769 0 0
400000 3.87592 3.92413 0 -0.152013 0 0
401000 3.91238 3.88145 0 -0.0380948 0 0
402000 3.91968 3.85967 0 -0.0838662 0 0
403000 3.94181 3.84064 0 -0.0472339 0 0
404000 3.79532 3.93015 0 -0.136368 0 0
405000 3.93442 3.85132 0 -0.12384 0 0
406000 3.86755 3.93403 0 -0.169659 0 0
407000 3.97995 3.91694 0 -0.143952 0 0
408000 3.83231 3.98885 0 -0.162597 0 0
409000 3.89829 3.88928 0 -0.173952 0 0
410000 3.90234 3.90661 0 -0.153764 0 0
411000 3.89799 3.98206 0 -0.142333 0 0
412000 3.93733 3.95485 0 -0.168287 0 0
413000 3.80595 3.98324 0 -0.229655 0 0
414000 3.82666 3.98878 0 -0.204645 0 0
415000 3.89958 3.84129 0 -0.295358 0 0
416000 3.90439 3.92248 0 -0.219929 0 0
417000 3.90569 3.946 0 -0.263902 0 0
418000 3.85425 3.99159 0 -0.284992 0 0
419000 3.9572 3.93164 0 -0.222367 0 0
420000 3.86104 3.92326 0 -0.334502 0 0
421000 3.88248 4.00136 0 -0.251721 0 0
422000 3.9393 3.98093 0 -0.293703 0 0
423000 3.89468 3.97397 0 -0.295546 0 0
424000 3.94285 3.94853 0 -0.28851 0 0
425000 3.90768 3.89778 0 -0.262646 0 0
426000 3.90911 3.92763 0 -0.238119 0 0
427000 3.97556 3.85191 0 -0.270885 0 0
428000 3.85853 3.95956 0 -0.261077 0 0
429000 3.91278 3.96989 0 -0.241741 0 0
430000 3.90885 3.87669 0 -0.224563 0 0
431000 3.91746 3.89182 0 -0.221597 0 0
432000 3.87778 3.96492 0 -0.271653 0 0
433000 3.96593 3.89298 0 -0.245655 0 0
434000 3.92309 3.95289 0 -0.220574 0 0
435000 3.90987 3.95261 0 -0.246885 0 0
436000 3.88942 3.91833 0 -0.238205 0 0
437000 3.87136 3.91897 0 -0.247664 0 0
438000 3.92073 3.96235 0 -0.146933 0 0
439000 3.88197 3.97776 0 -0.154608 0 0
440000 3.89083 3.96618 0 -0.143688 0 0
441000 3.90731 3.94998 0 -0.1546 0 0
442000 3.89944 3.89411 0 -0.151235 0 0
443000 3.87425 3.94949 0 -0.139009 0 0
444000 3.81942 3.98164 0 -0.128512 0 0
445000 3.89431 3.96626 0 -0.11502 0 0
446000 3.88996 3.94319 0 -0.105986 0 0
447000 3.93928 3.94308 0 -0.101375 0 0
448000 3.89314 3.93886 0 -0.00968465 0 0
449000 3.9036 3.98582 0 0.00492366 0 0
450000 3.97496 3.88702 0 -0.0252573 0 0
451000 3.89073 3.87857 0 -0.0315533 0 0
452000 3.88501 3.93823 0 0.00800843 0 0
453000 3.84867 4.01395 0 0.0322807 0 0
454000 3.90839 3.85757 0 0.040955 0 0
455000 3.88148 3.91301 0 0.058058 0 0
456000 3.83489 3.94577 0 0.0356316 0 0
457000 3.84546 3.96654 0 0.0901887 0 0
458000 3.98274 3.9598 0 0.121628 0 0
459000 3.8351 3.95928 0 0.0910564 0 0
460000 3.84085 3.90516 0 0.101677 0 0
461000 3.93312 3.84147 0 0.157295 0 0
462000 3.97042 3.93352 0 0.191582 0 0
463000 3.89387 3.97227 0 0.153816 0 0
464000 3.88753 3.90222 0 0.155979 0 0
465000 3.8763 3.9743 0 0.112517 0 0
466000 3.9353 3.95293 0 0.194985 0 0
467000 3.86634 3.95095 0 0.23214 0 0
468000 3.86709 3.95451 0 0.218977 0 0
469000 3.8592 3.96188 0 0.129074 0 0
470000 3.97129 3.92296 0 0.210876 0 0
471000 3.86315 3.86689 0 0.206854 0 0
472000 3.94329 3.96501 0 0.210224 0 0
473000 3.8534 3.95034 0 0.17002 0 0
474000 3.92254 3.88528 0 0.285023 0 0
475000 3.85492 4.01522 0 0.266089 0 0
476000 3.87587 3.88457 0 0.202098 0 0
477000 3.89759 3.84989 0 0.186265 0 0
478000 3.86625 4.0346 0 0.210659 0 0
479000 3.85062 3.95533 0 0.190957 0 0
480000 3.89325 4.00267 0 0.216921 0 0
481000 3.92617 3.98648 0 0.229046 0 0
482000 3.95998 3.87146 0 0.224411 0 0
483000 3.92681 3.95663 0 0.192056 0 0
484000 3.8807 3.94567 0 0.18392 0 0
485000 3.91879 3.97264 0 0.119378 0 0
486000 3.85023 3.91661 0 0.173909 0 0
487000 3.78915 3.89271 0 0.101051 0 0
488000 3.92992 3.95934 0 0.150639 0 0
489000 3.87347 3.93075 0 0.0973462 0 0
490000 3.95704 3.91667 0 0.0753127 0 0
491000 3.88606 3.85916 0 0.0620329 0 0
492000 3.95122 3.89386 0 0.0990933 0 0
493000 3.90161 3.97734 0 0.0774895 0 0
494000 3.84247 4.0253 0 -0.0101471 0 0
495000 3.92458 3.93546 0 0.066656 0 0
496000 3.85057 3.9833 0 -0.00450263 0 0
497000 3.94743 3.86445 0 -0.0295222 0 0
498000 3.90595 3.9849 0 -0.0563257 0 0
499000 3.88597 3.89528 0 -0.0269273 0 0
500000 3.87825 3.88889 0 0.020919 0 0
