# Time-averaged data for fix ps1
# TimeStep c_thermo_press[1] c_thermo_press[2] c_thermo_press[3] c_thermo_press[4] c_thermo_press[5] c_thermo_press[6]
0 3.59024 3.58054 0 -0.0196447 0 0
1000 3.83421 3.8083 0 -0.0972516 0 0
2000 3.79388 3.78288 0 -0.0639503 0 0
3000 3.75467 3.8735 0 -0.0537372 0 0
4000 3.76131 3.84629 0 -0.134618 0 0
5000 3.89205 3.81071 0 -0.133118 0 0
6000 3.82689 3.83969 0 -0.0996417 0 0
7000 3.79855 3.86313 0 -0.231706 0 0
8000 3.80841 3.8176 0 -0.213642 0 0
9000 3.81887 3.84289 0 -0.163106 0 0
10000 3.84527 3.78498 0 -0.0952564 0 0
11000 3.85153 3.81824 0 -0.195052 0 0
12000 3.79784 3.84535 0 -0.187144 0 0
13000 3.75509 3.8816 0 -0.300738 0 0
14000 3.90363 3.76212 0 -0.21099 0 0
15000 3.74694 3.80982 0 -0.269516 0 0
16000 3.7369 3.84891 0 -0.301121 0 0
17000 3.74444 3.75895 0 -0.226376 0 0
18000 3.79036 3.88281 0 -0.234429 0 0
19000 3.8594 3.85271 0 -0.272129 0 0
20000 3.79634 3.89081 0 -0.304418 0 0
21000 3.83975 3.76329 0 -0.232867 0 0
22000 3.74194 3.84789 0 -0.343702 0 0
23000 3.80016 3.82482 0 -0.266412 0 0
24000 3.75104 3.86204 0 -0.328352 0 0
25000 3.80318 3.87682 0 -0.26927 0 0
26000 3.83937 3.82818 0 -0.290104 0 0
27000 3.85669 3.81836 0 -0.297814 0 0
28000 3.81495 3.87888 0 -0.246392 0 0
29000 3.75985 3.90829 0 -0.329866 0 0
30000 3.76154 3.7816 0 -0.300292 0 0
31000 3.80524 3.83069 0 -0.309865 0 0
32000 3.72707 3.88529 0 -0.215556 0 0
33000 3.80455 3.8645 0 -0.230743 0 0
34000 3.74997 3.85848 0 -0.246669 0 0
35000 3.81239 3.82877 0 -0.194519 0 0
36000 3.7787 3.82389 0 -0.191712 0 0
37000 3.80184 3.79694 0 -0.254265 0 0
38000 3.82929 3.82989 0 -0.25058 0 0
39000 3.77335 3.84954 0 -0.158192 0 0
40000 3.74861 3.81379 0 -0.184502 0 0
41000 3.78669 3.83201 0 -0.161719 0 0
42000 3.78009 3.76724 0 -0.212992 0 0
43000 3.76989 3.85665 0 -0.121191 0 0
44000 3.83749 3.6865 0 -0.141731 0 0
45000 3.80927 3.82869 0 -0.115317 0 0
46000 3.74651 3.77916 0 -0.109151 0 0
47000 3.77026 3.78327 0 -0.105749 0 0
48000 3.66313 3.85046 0 -0.0626322 0 0
49000 3.77955 3.76856 0 -0.0764584 0 0
50000 3.73252 3.88192 0 -0.0256626 0 0
51000 3.74861 3.80987 0 -0.0382828 0 0
52000 3.82643 3.80211 0 -0.037388 0 0
53000 3.81951 3.81228 0 0.0239787 0 0
54000 3.77073 3.79782 0 0.00649261 0 0
55000 3.78813 3.81749 0 0.062248 0 0
56000 3.82327 3.82095 0 0.0953316 0 0
57000 3.76879 3.87728 0 0.0378348 0 0
58000 3.78778 3.82977 0 0.123243 0 0
59000 3.78242 3.82366 0 0.0374243 0 0
60000 3.73222 3.89791 0 0.120821 0 0
61000 3.79032 3.82337 0 0.11028 0 0
62000 3.71988 3.8487 0 0.151557 0 0
63000 3.83677 3.78134 0 0.0679201 0 0
64000 3.7823 3.78406 0 0.145158 0 0
65000 3.79949 3.77005 0 0.141329 0 0
66000 3.76514 3.80316 0 0.137612 0 0
67000 3.7611 3.81131 0 0.14649 0 0
68000 3.72056 3.81159 0 0.217633 0 0
69000 3.72974 3.85341 0 0.226055 0 0
70000 3.78321 3.82223 0 0.228595 0 0
71000 3.84331 3.77598 0 0.163488 0 0
72000 3.72727 3.84927 0 0.201622 0 0
73000 3.7539 3.88387 0 0.121962 0 0
74000 3.77087 3.90918 0 0.193184 0 0
75000 3.78651 3.85006 0 0.124364 0 0
76000 3.7278 3.83918 0 0.155038 0 0
77000 3.78651 3.88579 0 0.189266 0 0
78000 3.74605 3.83988 0 0.19349 0 0
79000 3.82784 3.77464 0 0.23306 0 0
80000 3.8456 3.80598 0 0.16014 0 0
81000 3.78736 3.80946 0 0.226757 0 0
82000 3.77384 3.8755 0 0.19903 0 0
83000 3.67219 3.80582 0 0.16963 0 0
84000 3.77294 3.78432 0 0.165446 0 0
85000 3.77369 3.84259 0 0.125799 0 0
86000 3.78972 3.78906 0 0.108913 0 0
87000 3.79855 3.83713 0 0.108802 0 0
88000 3.72095 3.89071 0 0.0958729 0 0
89000 3.78624 3.88993 0 0.109229 0 0
90000 3.71411 3.8146 0 0.149898 0 0
91000 3.68885 3.79122 0 0.13903 0 0
92000 3.78667 3.79303 0 0.0329889 0 0
93000 3.74287 3.85416 0 0.0449971 0 0
94000 3.7711 3.7889 0 0.0149075 0 0
95000 3.7808 3.86717 0 0.00592739 0 0
96000 3.80064 3.84938 0 0.0156916 0 0
97000 3.81012 3.83802 0 -0.0192679 0 0
98000 3.75994 3.77997 0 0.029318 0 0
99000 3.84566 3.89458 0 -0.0311505 0 0
100000 3.75906 3.82784 0 -0.105716 0 0
101000 3.74621 3.80297 0 -0.0698399 0 0
102000 3.74014 3.82013 0 -0.0604868 0 0
103000 3.75798 3.8774 0 -0.107239 0 0
104000 3.7824 3.83712 0 -0.0993794 0 0
105000 3.76562 3.84185 0 -0.08869 0 0
106000 3.72478 3.84395 0 -0.0901624 0 0
107000 3.77364 3.85786 0 -0.149719 0 0
108000 3.77454 3.80059 0 -0.176291 0 0
109000 3.76304 3.85544 0 -0.167049 0 0
110000 3.80764 3.84719 0 -0.175245 0 0
111000 3.7241 3.91359 0 -0.190319 0 0
112000 3.80743 3.81871 0 -0.188829 0 0
113000 3.80844 3.81325 0 -0.242667 0 0
114000 3.79164 3.8098 0 -0.223073 0 0
115000 3.75878 3.86377 0 -0.243709 0 0
116000 3.77371 3.8729 0 -0.25883 0 0
117000 3.75048 3.93582 0 -0.265574 0 0
118000 3.77103 3.81333 0 -0.270768 0 0
119000 3.86843 3.87659 0 -0.222229 0 0
120000 3.78935 3.85587 0 -0.242977 0 0
121000 3.80875 3.87808 0 -0.257511 0 0
122000 3.71628 3.83794 0 -0.250123 0 0
123000 3.84323 3.86586 0 -0.272139 0 0
124000 3.75269 3.82868 0 -0.248037 0 0
125000 3.84801 3.73909 0 -0.255479 0 0
126000 3.74079 3.91347 0 -0.275043 0 0
127000 3.76551 3.85683 0 -0.261826 0 0
128000 3.90237 3.75044 0 -0.309455 0 0
129000 3.80135 3.80836 0 -0.274933 0 0
130000 3.82715 3.78624 0 -0.289614 0 0
131000 3.77057 3.87092 0 -0.279708 0 0
132000 3.81222 3.89377 0 -0.25432 0 0
133000 3.82596 3.84482 0 -0.215493 0 0
134000 3.78679 3.85927 0 -0.263358 0 0
135000 3.76768 3.82567 0 -0.199076 0 0
136000 3.73855 3.83116 0 -0.23374 0 0
137000 3.79962 3.76673 0 -0.21742 0 0
138000 3.77355 3.86985 0 -0.181223 0 0
139000 3.78339 3.78428 0 -0.255846 0 0
140000 3.7346 3.83449 0 -0.167981 0 0
141000 3.75513 3.76465 0 -0.145757 0 0
142000 3.72898 3.89169 0 -0.139259 0 0
143000 3.75455 3.81511 0 -0.133057 0 0
144000 3.78848 3.89586 0 -0.146914 0 0
145000 3.75954 3.81094 0 -0.143026 0 0
146000 3.73639 3.85503 0 -0.0824069 0 0
147000 3.75331 3.86594 0 -0.1002 0 0
148000 3.77259 3.80409 0 -0.100553 0 0
149000 3.80672 3.78618 0 -0.05103 0 0
150000 3.85547 3.81344 0 -0.00453897 0 0
151000 3.74587 3.85149 0 0.0108581 0 0
152000 3.75313 3.83383 0 -0.0105746 0 0
153000 3.80512 3.87489 0 0.0469658 0 0
154000 3.81364 3.84778 0 0.00928204 0 0
155000 3.68484 3.79387 0 0.0241248 0 0
156000 3.73325 3.8392 0 0.0687679 0 0
157000 3.7338 3.86299 0 0.0227266 0 0
158000 3.7308 3.91831 0 0.0619492 0 0
159000 3.72401 3.89453 0 0.0797053 0 0
160000 3.78214 3.84763 0 0.117421 0 0
161000 3.72669 3.91561 0 0.0859198 0 0
162000 3.69502 3.89585 0 0.12736 0 0
163000 3.71608 3.83991 0 0.12599 0 0
164000 3.75361 3.86642 0 0.175938 0 0
165000 3.76842 3.82217 0 0.159463 0 0
166000 3.79501 3.79567 0 0.111656 0 0
167000 3.78091 3.84832 0 0.150843 0 0
168000 3.74411 3.77203 0 0.197173 0 0
169000 3.7621 3.82809 0 0.121943 0 0
170000 3.7599 3.94302 0 0.118646 0 0
171000 3.72335 3.82845 0 0.23373 0 0
172000 3.76578 3.90733 0 0.214833 0 0
173000 3.77199 3.7932 0 0.180363 0 0
174000 3.78083 3.80998 0 0.221697 0 0
175000 3.77309 3.81692 0 0.184166 0 0
176000 3.73197 3.88252 0 0.178032 0 0
177000 3.77261 3.86718 0 0.182512 0 0
178000 3.78377 3.84111 0 0.182941 0 0
179000 3.7135 3.88925 0 0.203092 0 0
180000 3.7525 3.84308 0 0.185201 0 0
181000 3.75186 3.83676 0 0.167302 0 0
182000 3.75129 3.85974 0 0.170517 0 0
183000 3.7402 3.86941 0 0.16338 0 0
184000 3.74713 3.83004 0 0.193301 0 0
185000 3.68895 3.915 0 0.195024 0 0
186000 3.75653 3.85547 0 0.125414 0 0
187000 3.77886 3.82901 0 0.0882282 0 0
188000 3.78525 3.84673 0 0.153591 0 0
189000 3.74664 3.87537 0 0.0874267 0 0
190000 3.74037 3.8361 0 0.147068 0 0
191000 3.74275 3.81854 0 0.0647938 0 0
192000 3.75602 3.86324 0 0.0682995 0 0
193000 3.76066 3.82626 0 0.118689 0 0
194000 3.76061 3.82148 0 0.0228781 0 0
195000 3.7884 3.82886 0 -0.00348448 0 0
196000 3.83635 3.84973 0 0.0166564 0 0
197000 3.77994 3.84348 0 -0.00593733 0 0
198000 3.70753 3.8532 0 0.00158622 0 0
199000 3.81611 3.83682 0 -0.0313459 0 0
200000 3.75205 3.84252 0 -0.0854109 0 0
201000 3.7841 3.79781 0 -0.0799772 0 0
202000 3.76238 3.78503 0 -0.0657034 0 0
203000 3.72893 3.89566 0 -0.071249 0 0
204000 3.83072 3.76159 0 -0.149513 0 0
205000 3.73817 3.79566 0 -0.132265 0 0
206000 3.74249 3.82732 0 -0.14484 0 0
207000 3.7849 3.82804 0 -0.111915 0 0
208000 3.74155 3.80059 0 -0.163587 0 0
209000 3.74781 3.84454 0 -0.156422 0 0
210000 3.77884 3.84389 0 -0.183519 0 0
211000 3.84727 3.76655 0 -0.193638 0 0
212000 3.8113 3.75139 0 -0.241747 0 0
213000 3.78002 3.80433 0 -0.17578 0 0
214000 3.74757 3.82745 0 -0.219654 0 0
215000 3.83709 3.88629 0 -0.290856 0 0
216000 3.77283 3.80658 0 -0.30125 0 0
217000 3.73863 3.8598 0 -0.26397 0 0
218000 3.78379 3.89793 0 -0.368686 0 0
219000 3.83365 3.79694 0 -0.310492 0 0
220000 3.73462 3.89005 0 -0.323148 0 0
221000 3.82023 3.87505 0 -0.284873 0 0
222000 3.86122 3.8341 0 -0.291265 0 0
223000 3.78649 3.81705 0 -0.307002 0 0
224000 3.75215 3.85403 0 -0.275492 0 0
225000 3.81771 3.81853 0 -0.299937 0 0
226000 3.74599 3.85725 0 -0.316956 0 0
227000 3.79624 3.86379 0 -0.292202 0 0
228000 3.76501 3.80653 0 -0.221234 0 0
229000 3.78201 3.87786 0 -0.284772 0 0
230000 3.7237 3.87735 0 -0.20108 0 0
231000 3.76482 3.81128 0 -0.256867 0 0
232000 3.72554 3.84489 0 -0.19513 0 0
233000 3.80827 3.82354 0 -0.224686 0 0
234000 3.75934 3.90484 0 -0.223914 0 0
235000 3.81253 3.78215 0 -0.235671 0 0
236000 3.8379 3.76204 0 -0.25646 0 0
237000 3.7789 3.85843 0 -0.175415 0 0
238000 3.79232 3.86343 0 -0.232633 0 0
239000 3.75356 3.87433 0 -0.220667 0 0
240000 3.82126 3.96826 0 -0.173382 0 0
241000 3.70759 3.88466 0 -0.150556 0 0
242000 3.80881 3.85824 0 -0.165149 0 0
243000 3.72092 3.84104 0 -0.136495 0 0
244000 3.8084 3.81613 0 -0.13086 0 0
245000 3.74589 3.87607 0 -0.0994982 0 0
246000 3.77664 3.8659 0 -0.1231 0 0
247000 3.77384 3.79086 0 -0.0489739 0 0
248000 3.7668 3.83889 0 0.0415688 0 0
249000 3.72335 3.88294 0 -0.0116838 0 0
250000 3.79318 3.85951 0 -0.0194766 0 0
251000 3.6779 3.83717 0 -0.0412869 0 0
252000 3.71402 3.82522 0 -0.0112394 0 0
253000 3.74192 3.86875 0 -0.0346148 0 0
254000 3.72174 3.83301 0 0.0365658 0 0
255000 3.79321 3.80165 0 0.0484533 0 0
256000 3.69173 3.82848 0 0.0673919 0 0
257000 3.7194 3.86091 0 0.00622298 0 0
258000 3.70955 3.84175 0 0.0539776 0 0
259000 3.72076 3.88624 0 0.10582 0 0
260000 3.69203 3.85114 0 0.164467 0 0
261000 3.75841 3.88731 0 0.155502 0 0
262000 3.77499 3.82384 0 0.129614 0 0
263000 3.8049 3.86629 0 0.137182 0 0
264000 3.8218 3.74632 0 0.15764 0 0
265000 3.78116 3.79945 0 0.197089 0 0
266000 3.77035 3.89884 0 0.0883422 0 0
267000 3.78321 3.82064 0 0.188336 0 0
268000 3.73915 3.78125 0 0.190527 0 0
269000 3.79104 3.93366 0 0.190444 0 0
270000 3.80727 3.88028 0 0.216541 0 0
271000 3.74777 3.81341 0 0.221949 0 0
272000 3.73922 3.8564 0 0.202229 0 0
273000 3.72246 3.9184 0 0.156127 0 0
274000 3.75037 3.81036 0 0.204562 0 0
275000 3.80694 3.80486 0 0.231976 0 0
276000 3.71239 3.81208 0 0.177794 0 0
277000 3.83365 3.80578 0 0.208282 0 0
278000 3.775 3.91531 0 0.194081 0 0
279000 3.73946 3.79991 0 0.163107 0 0
280000 3.73871 3.85675 0 0.180461 0 0
281000 3.78123 3.84333 0 0.214975 0 0
282000 3.6902 3.8651 0 0.16006 0 0
283000 3.7357 3.85563 0 0.151748 0 0
284000 3.74133 3.8552 0 0.141848 0 0
285000 3.77192 3.88992 0 0.180621 0 0
286000 3.74295 3.85926 0 0.0992891 0 0
287000 3.8181 3.78993 0 0.1324 0 0
288000 3.75326 3.77601 0 0.0953118 0 0
289000 3.78022 3.80238 0 0.141994 0 0
290000 3.75192 3.87413 0 0.102701 0 0
291000 3.7894 3.85717 0 0.105448 0 0
292000 3.80404 3.80046 0 0.0825541 0 0
293000 3.85317 3.81772 0 -0.0122242 0 0
294000 3.7679 3.86527 0 0.0218743 0 0
295000 3.7714 3.76476 0 0.0501912 0 0
296000 3.80899 3.79095 0 0.0221333 0 0
297000 3.79677 3.78947 0 0.0227404 0 0
298000 3.78626 3.82471 0 -0.0295477 0 0
299000 3.78367 3.80235 0 0.00980836 0 0
300000 3.79091 3.8456 0 -0.0443261 0 0
301000 3.785 3.83066 0 -0.033537 0 0
302000 3.81034 3.78313 0 -0.065115 0 0
303000 3.81412 3.78426 0 -0.107193 0 0
304000 3.70921 3.80851 0 -0.117688 0 0
305000 3.7386 3.79445 0 -0.0935893 0 0
306000 3.75616 3.84049 0 -0.180662 0 0
307000 3.85707 3.82078 0 -0.199195 0 0
308000 3.77719 3.88544 0 -0.146885 0 0
309000 3.78143 3.85308 0 -0.12279 0 0
310000 3.81849 3.81977 0 -0.176344 0 0
311000 3.76785 3.8743 0 -0.166367 0 0
312000 3.80714 3.81442 0 -0.252222 0 0
313000 3.80833 3.76556 0 -0.220378 0 0
314000 3.78353 3.81281 0 -0.185554 0 0
315000 3.81403 3.74626 0 -0.203962 0 0
316000 3.78032 3.79745 0 -0.258586 0 0
317000 3.73968 3.92655 0 -0.269763 0 0
318000 3.77147 3.83524 0 -0.244079 0 0
319000 3.75309 3.87491 0 -0.32301 0 0
320000 3.80401 3.83142 0 -0.27315 0 0
321000 3.74023 3.84538 0 -0.248418 0 0
322000 3.81276 3.87437 0 -0.2245 0 0
323000 3.73465 3.89445 0 -0.278247 0 0
324000 3.81042 3.82982 0 -0.272635 0 0
325000 3.81946 3.82694 0 -0.297387 0 0
326000 3.75083 3.8339 0 -0.252903 0 0
327000 3.82798 3.78636 0 -0.326792 0 0
328000 3.74649 3.83301 0 -0.269229 0 0
329000 3.83765 3.80131 0 -0.324933 0 0
330000 3.75541 3.91193 0 -0.232718 0 0
331000 3.79754 3.84425 0 -0.219578 0 0
332000 3.78794 3.80453 0 -0.280686 0 0
333000 3.84931 3.79791 0 -0.244289 0 0
334000 3.69234 3.9018 0 -0.19661 0 0
335000 3.78143 3.79776 0 -0.230536 0 0
336000 3.74771 3.83398 0 -0.235849 0 0
337000 3.7767 3.78386 0 -0.23591 0 0
338000 3.79313 3.8223 0 -0.226645 0 0
339000 3.77218 3.83328 0 -0.168497 0 0
340000 3.90722 3.73658 0 -0.207004 0 0
341000 3.74166 3.80316 0 -0.137676 0 0
342000 3.79434 3.81414 0 -0.0648863 0 0
343000 3.76169 3.84356 0 -0.0807613 0 0
344000 3.72895 3.81554 0 -0.13127 0 0
345000 3.7644 3.82283 0 -0.123753 0 0
346000 3.74774 3.86923 0 -0.120122 0 0
347000 3.79397 3.79699 0 -0.0418155 0 0
348000 3.72287 3.88463 0 -0.0758876 0 0
349000 3.77515 3.86493 0 -0.0474328 0 0
350000 3.75885 3.87327 0 -0.052298 0 0
351000 3.72153 3.88129 0 -0.0305668 0 0
352000 3.82326 3.86953 0 0.047164 0 0
353000 3.77276 3.81029 0 -0.0046792 0 0
354000 3.78582 3.90501 0 0.0698025 0 0
355000 3.73566 3.85361 0 -0.00107023 0 0
356000 3.74137 3.86351 0 0.0213165 0 0
357000 3.74415 3.8278 0 0.104445 0 0
358000 3.70494 3.96844 0 0.0888647 0 0
359000 3.75357 3.83002 0 0.119199 0 0
360000 3.79153 3.86357 0 0.0630509 0 0
361000 3.73613 3.91512 0 0.145816 0 0
362000 3.73211 3.823 0 0.145377 0 0
363000 3.78335 3.77634 0 0.173081 0 0
364000 3.75333 3.84855 0 0.121708 0 0
365000 3.83154 3.75411 0 0.217758 0 0
366000 3.7443 3.86076 0 0.232618 0 0
367000 3.79011 3.80312 0 0.214187 0 0
368000 3.74611 3.81631 0 0.174092 0 0
369000 3.79219 3.80944 0 0.189033 0 0
370000 3.77856 3.86494 0 0.181456 0 0
371000 3.76282 3.87736 0 0.246788 0 0
372000 3.75272 3.87287 0 0.206225 0 0
373000 3.75166 3.87262 0 0.210563 0 0
374000 3.88839 3.85743 0 0.173142 0 0
375000 3.78859 3.82219 0 0.220828 0 0
376000 3.72295 3.85143 0 0.190781 0 0
377000 3.81668 3.83779 0 0.238134 0 0
378000 3.75812 3.83219 0 0.203208 0 0
379000 3.77038 3.90585 0 0.246351 0 0
380000 3.78025 3.86098 0 0.152224 0 0
381000 3.75553 3.90988 0 0.179452 0 0
382000 3.76117 3.87734 0 0.159505 0 0
383000 3.85851 3.82186 0 0.178469 0 0
384000 3.75484 3.86825 0 0.217849 0 0
385000 3.71896 3.92987 0 0.128063 0 0
386000 3.79666 3.82434 0 0.183207 0 0
387000 3.75401 3.8121 0 0.127632 0 0
388000 3.68743 3.8813 0 0.185362 0 0
389000 3.72118 3.8956 0 0.100703 0 0
390000 3.70688 3.83088 0 0.122673 0 0
391000 3.79926 3.75255 0 0.112907 0 0
392000 3.77015 3.82164 0 0.0894682 0 0
393000 3.80881 3.77415 0 0.072515 0 0
394000 3.79191 3.78603 0 0.0693465 0 0
395000 3.7237 3.81956 0 0.0490484 0 0
396000 3.70432 3.83431 0 0.0195479 0 0
397000 3.72189 3.81534 0 0.0401761 0 0
398000 3.74112 3.87973 0 0.0070394 0 0
399000 3.79224 3.82618 0 -0.00326585 0 0
400000 3.79106 3.83512 0 -0.0409191 0 0
401000 3.8275 3.74935 0 -0.0230356 0 0
402000 3.77766 3.90489 0 -0.0746275 0 0
403000 3.78319 3.78527 0 -0.074472 0 0
404000 3.8214 3.83661 0 -0.0691149 0 0
405000 3.85446 3.77874 0 -0.0600756 0 0
406000 3.78683 3.79749 0 -0.118453 0 0
407000 3.78716 3.81146 0 -0.192324 0 0
408000 3.74637 3.84519 0 -0.162347 0 0
409000 3.77748 3.87715 0 -0.164783 0 0
410000 3.73934 3.80166 0 -0.158664 0 0
411000 3.75224 3.87043 0 -0.212114 0 0
412000 3.75818 3.84014 0 -0.210366 0 0
413000 3.84559 3.76625 0 -0.228214 0 0
414000 3.78772 3.86117 0 -0.246267 0 0
415000 3.80293 3.84787 0 -0.235491 0 0
416000 3.80338 3.86818 0 -0.247237 0 0
417000 3.83074 3.86234 0 -0.301154 0 0
418000 3.80706 3.82166 0 -0.191683 0 0
419000 3.82493 3.81199 0 -0.187661 0 0
420000 3.83508 3.805 0 -0.283225 0 0
421000 3.86737 3.84043 0 -0.262608 0 0
422000 3.81774 3.79522 0 -0.266754 0 0
423000 3.81923 3.7964 0 -0.217933 0 0
424000 3.82178 3.85375 0 -0.290003 0 0
425000 3.80316 3.8086 0 -0.310072 0 0
426000 3.74961 3.85456 0 -0.23675 0 0
427000 3.8944 3.84364 0 -0.327955 0 0
428000 3.87237 3.84694 0 -0.318682 0 0
429000 3.74185 3.90682 0 -0.265658 0 0
430000 3.89655 3.8377 0 -0.265445 0 0
431000 3.75848 3.90903 0 -0.187954 0 0
432000 3.79971 3.83992 0 -0.26227 0 0
433000 3.79661 3.80879 0 -0.294194 0 0
434000 3.86272 3.83884 0 -0.24826 0 0
435000 3.82625 3.80428 0 -0.230966 0 0
436000 3.72818 3.80282 0 -0.277626 0 0
437000 3.80917 3.81809 0 -0.136611 0 0
438000 3.77487 3.82952 0 -0.146594 0 0
439000 3.7661 3.84348 0 -0.210145 0 0
440000 3.78104 3.77785 0 -0.168669 0 0
441000 3.81468 3.80986 0 -0.162297 0 0
442000 3.77688 3.84781 0 -0.151526 0 0
443000 3.82801 3.79868 0 -0.179465 0 0
444000 3.7257 3.8719 0 -0.123622 0 0
445000 3.82238 3.79303 0 -0.133952 0 0
446000 3.77855 3.81407 0 -0.121358 0 0
447000 3.76884 3.8198 0 -0.14397 0 0
448000 3.8204 3.79119 0 -0.017453 0 0
449000 3.79314 3.81639 0 0.0169177 0 0
450000 3.75364 3.80266 0 -0.0491526 0 0
451000 3.7334 3.88284 0 -0.00717284 0 0
452000 3.79952 3.80156 0 -0.00651202 0 0
453000 3.89076 3.70721 0 0.043598 0 0
454000 3.72709 3.84855 0 0.0268835 0 0
455000 3.81318 3.75305 0 0.0458677 0 0
456000 3.75924 3.84646 0 0.102848 0 0
457000 3.79055 3.83969 0 0.0378718 0 0
458000 3.82002 3.8121 0 0.0295654 0 0
459000 3.8245 3.77798 0 0.139464 0 0
460000 3.73491 3.8288 0 0.143854 0 0
461000 3.74505 3.85126 0 0.161426 0 0
462000 3.76753 3.83308 0 0.183093 0 0
463000 3.7739 3.84896 0 0.159584 0 0
464000 3.77733 3.82692 0 0.128078 0 0
465000 3.80024 3.83087 0 0.226715 0 0
466000 3.84091 3.82434 0 0.193251 0 0
467000 3.78328 3.8882 0 0.1322 0 0
468000 3.81561 3.78806 0 0.126299 0 0
469000 3.72518 3.83191 0 0.20361 0 0
470000 3.7539 3.83657 0 0.223653 0 0
471000 3.86064 3.83684 0 0.195954 0 0
472000 3.81018 3.82972 0 0.209748 0 0
473000 3.76751 3.89629 0 0.167497 0 0
474000 3.74718 3.79707 0 0.226078 0 0
475000 3.73071 3.853 0 0.203557 0 0
476000 3.81361 3.808 0 0.235319 0 0
477000 3.76031 3.83504 0 0.162058 0 0
478000 3.80796 3.85454 0 0.252427 0 0
479000 3.72075 3.87985 0 0.183272 0 0
480000 3.85956 3.83825 0 0.184782 0 0
481000 3.81068 3.83974 0 0.167485 0 0
482000 3.80972 3.83563 0 0.170712 0 0
483000 3.79706 3.80844 0 0.166469 0 0
484000 3.84105 3.768 0 0.150177 0 0
485000 3.78057 3.84043 0 0.210506 0 0
486000 3.76365 3.78467 0 0.13722 0 0
487000 3.7864 3.82887 0 0.161269 0 0
488000 3.84815 3.79229 0 0.0736522 0 0
489000 3.71772 3.80646 0 0.138121 0 0
490000 3.79717 3.78921 0 0.165381 0 0
491000 3.86331 3.84734 0 0.078294 0 0
492000 3.72662 3.89543 0 0.0801427 0 0
493000 3.76628 3.85793 0 0.0716671 0 0
494000 3.75319 3.90892 0 -0.00330002 0 0
495000 3.71405 3.83858 0 -0.0093947 0 0
496000 3.80402 3.77049 0 0.0445391 0 0
497000 3.80331 3.81469 0 0.00352374 0 0
498000 3.79574 3.80452 0 0.00171671 0 0
499000 3.809 3.84637 0 -0.0182422 0 0
500000 3.75833 3.82056 0 -0.0722286 0 0
