# Time-averaged data for fix ps1
# TimeStep c_thermo_press[1] c_thermo_press[2] c_thermo_press[3] c_thermo_press[4] c_thermo_press[5] c_thermo_press[6]
0 8.63585 8.35593 0 0.0397488 0 0
1000 9.14194 9.23837 0 -0.0103321 0 0
2000 9.40451 9.24608 0 -0.0510785 0 0
3000 9.38565 9.29701 0 -0.0631532 0 0
4000 9.31289 9.16573 0 -0.0548411 0 0
5000 9.25843 9.3909 0 0.00890741 0 0
6000 9.35477 9.37139 0 0.114481 0 0
7000 9.0124 9.56022 0 0.00714957 0 0
8000 9.39208 9.21316 0 -0.0265607 0 0
9000 9.4478 9.19694 0 -0.104732 0 0
10000 9.33367 9.13492 0 -0.0920269 0 0
11000 9.29429 9.51963 0 0.0661604 0 0
12000 9.3471 9.43416 0 -0.106587 0 0
13000 9.30274 9.42433 0 -0.007878 0 0
14000 9.35695 9.30692 0 -0.0863188 0 0
15000 9.37107 9.28264 0 -0.0184137 0 0
16000 9.29126 9.42079 0 0.0849144 0 0
17000 9.36481 9.34545 0 -0.0445992 0 0
18000 9.35277 9.03722 0 -0.0570648 0 0
19000 9.55278 9.39784 0 0.0632063 0 0
20000 9.39627 9.60234 0 -0.0210962 0 0
21000 9.40948 9.49016 0 -0.120692 0 0
22000 9.48262 9.3187 0 -0.206495 0 0
23000 9.32698 9.1929 0 -0.021326 0 0
24000 9.49482 9.28185 0 -0.130263 0 0
25000 9.5639 9.23285 0 -0.148324 0 0
26000 9.44895 9.40999 0 -0.0373722 0 0
27000 9.23104 9.16428 0 -0.0320542 0 0
28000 9.23253 9.08585 0 0.0671786 0 0
29000 9.26181 9.45508 0 -0.0165155 0 0
30000 9.44022 9.296 0 0.00940429 0 0
31000 9.36345 9.23938 0 0.00303155 0 0
32000 9.31409 9.32314 0 -0.00901493 0 0
33000 9.34907 9.44947 0 -0.0698176 0 0
34000 9.32958 9.43362 0 -0.0400914 0 0
35000 9.33091 9.34449 0 0.0732811 0 0
36000 9.3027 9.36919 0 -0.0217123 0 0
37000 9.16073 9.44922 0 0.135365 0 0
38000 9.31802 9.38799 0 0.0975861 0 0
39000 9.29235 9.22316 0 0.0962406 0 0
40000 9.34773 9.35711 0 -0.0915037 0 0
41000 9.21301 9.38292 0 -0.183534 0 0
42000 9.2494 9.32343 0 -0.105181 0 0
43000 9.33377 9.46157 0 0.168967 0 0
44000 9.3368 9.31714 0 -0.131162 0 0
45000 9.07046 9.23122 0 -0.0590136 0 0
46000 9.18281 9.43346 0 -0.00840485 0 0
47000 9.3248 9.38827 0 0.142351 0 0
48000 9.24278 9.16185 0 0.0241054 0 0
49000 9.29743 9.42792 0 0.0786737 0 0
50000 9.35774 9.41226 0 0.0421525 0 0
51000 9.23513 9.34159 0 0.0125388 0 0
52000 9.24224 9.28149 0 -0.00426844 0 0
53000 9.23696 9.29318 0 -0.0384813 0 0
54000 9.18146 9.26945 0 0.0105315 0 0
55000 9.35881 9.22439 0 -0.0100104 0 0
56000 9.28871 9.12193 0 0.165715 0 0
57000 9.35073 9.29231 0 0.0212861 0 0
58000 9.36342 9.28961 0 0.0805909 0 0
59000 9.29744 9.51972 0 0.0360716 0 0
60000 9.3237 9.28073 0 0.113008 0 0
61000 9.29763 9.24264 0 -0.0733601 0 0
62000 9.52035 9.30897 0 -0.0530489 0 0
63000 9.28812 9.43484 0 0.0717252 0 0
64000 9.28775 9.45326 0 -0.160549 0 0
65000 9.49639 9.0853 0 -0.0158518 0 0
66000 9.24339 9.41178 0 0.0344171 0 0
67000 9.41514 9.29564 0 -0.026781 0 0
68000 9.24769 9.11857 0 -0.0412842 0 0
69000 9.24309 9.43461 0 0.0842541 0 0
70000 9.4208 9.50077 0 0.0234946 0 0
71000 9.20283 9.15917 0 -0.0664101 0 0
72000 9.39985 9.3193 0 -0.0026326 0 0
73000 9.29752 9.68244 0 0.00241004 0 0
74000 9.28271 9.2828 0 -0.128636 0 0
75000 9.46899 9.35646 0 -0.103079 0 0
76000 9.40562 9.61095 0 -0.0409445 0 0
77000 9.55031 9.43735 0 -0.00617074 0 0
78000 9.4384 9.32173 0 -0.122006 0 0
79000 9.44327 9.30803 0 0.00187997 0 0
80000 9.38596 9.21384 0 -0.0235308 0 0
81000 9.31636 9.15555 0 -0.0942404 0 0
82000 9.45324 9.17457 0 0.0873528 0 0
83000 9.53518 9.12062 0 -0.032648 0 0
84000 9.35679 9.29389 0 0.0610687 0 0
85000 9.4111 9.53466 0 0.0315891 0 0
86000 9.34287 9.07712 0 -0.0729741 0 0
87000 9.47592 9.20648 0 -0.0579363 0 0
88000 9.18968 9.18105 0 -0.133091 0 0
89000 9.12145 9.4073 0 0.0662152 0 0
90000 9.19981 9.37191 0 -0.0293673 0 0
91000 9.32774 9.30365 0 0.00202504 0 0
92000 9.32313 9.28138 0 0.0331575 0 0
93000 9.41733 9.1732 0 -0.0259056 0 0
94000 9.35343 9.29513 0 -0.122947 0 0
95000 9.44756 9.34057 0 0.0213025 0 0
96000 9.38154 9.42319 0 -0.0968364 0 0
97000 9.37039 9.40444 0 0.0646956 0 0
98000 9.44507 9.41636 0 0.0450388 0 0
99000 9.39449 9.49404 0 -0.0873271 0 0
100000 9.5206 9.32048 0 -0.00459429 0 0
101000 9.38855 9.4579 0 0.118564 0 0
102000 9.23879 9.48609 0 0.0945425 0 0
103000 9.3293 9.34148 0 -0.0863703 0 0
104000 9.45459 9.39853 0 -0.0079884 0 0
105000 9.27684 9.54115 0 -0.109077 0 0
106000 9.52158 9.38072 0 0.113181 0 0
107000 9.35669 9.51481 0 -0.0295862 0 0
108000 9.26057 9.38984 0 0.0957542 0 0
109000 9.47409 9.3895 0 -0.0521208 0 0
110000 9.4558 9.62224 0 -0.0429827 0 0
111000 9.34286 9.41572 0 -0.169717 0 0
112000 9.44171 9.28867 0 0.0327823 0 0
113000 9.36423 9.31208 0 -0.0746164 0 0
114000 9.33257 9.27246 0 0.0165028 0 0
115000 9.4881 9.19685 0 -0.0413419 0 0
116000 9.32483 9.29512 0 0.0131005 0 0
117000 9.5101 9.36936 0 0.0839361 0 0
118000 9.3256 9.32032 0 0.0494112 0 0
119000 9.3749 9.4211 0 -0.0972677 0 0
120000 9.19374 9.37192 0 -0.0637471 0 0
121000 9.4206 9.17868 0 0.110755 0 0
122000 9.2978 9.39872 0 -0.151787 0 0
123000 9.15041 9.34081 0 -0.0308403 0 0
124000 9.35386 9.34038 0 0.0365872 0 0
125000 9.46261 9.36599 0 -0.124228 0 0
126000 9.36477 9.27847 0 0.0535882 0 0
127000 9.26745 9.30153 0 0.0673379 0 0
128000 9.30169 9.36668 0 0.0398865 0 0
129000 9.43064 9.13192 0 -0.0153462 0 0
130000 9.23067 9.38421 0 0.040998 0 0
131000 9.2323 9.11797 0 -0.0123009 0 0
132000 9.18368 9.37053 0 -0.0792599 0 0
133000 9.13419 9.32466 0 -0.0269792 0 0
134000 9.35055 9.39847 0 0.0293551 0 0
135000 9.12432 9.55895 0 0.0350533 0 0
136000 9.44355 9.34958 0 0.177936 0 0
137000 9.34186 9.25408 0 -0.117491 0 0
138000 9.32604 9.52369 0 0.111735 0 0
139000 9.06929 9.41765 0 0.0277281 0 0
140000 9.19067 9.19948 0 0.0834344 0 0
141000 9.41321 9.23335 0 -0.00446573 0 0
142000 9.45174 9.40353 0 0.124014 0 0
143000 9.52832 9.44247 0 0.12459 0 0
144000 9.40932 9.23253 0 -0.11145 0 0
145000 9.29558 9.27771 0 -0.0393916 0 0
146000 9.31218 9.3775 0 -0.149008 0 0
147000 9.32043 9.38005 0 0.00440689 0 0
148000 9.42808 9.28275 0 -0.209086 0 0
149000 9.15226 9.22206 0 -0.0161081 0 0
150000 9.3837 9.18315 0 -0.0452914 0 0
151000 9.26058 9.43737 0 -0.0119512 0 0
152000 9.40151 9.1818 0 0.11509 0 0
153000 9.28611 9.43395 0 0.0119599 0 0
154000 9.40904 9.37678 0 0.0968689 0 0
155000 9.30072 9.30564 0 0.0211034 0 0
156000 9.26441 9.44455 0 -0.0876088 0 0
157000 9.20128 9.41299 0 0.0999427 0 0
158000 9.28014 9.30899 0 -0.0613362 0 0
159000 9.43953 9.34849 0 -0.0303331 0 0
160000 9.12657 9.37565 0 0.135194 0 0
161000 9.24654 9.32572 0 0.165779 0 0
162000 9.36915 9.37411 0 0.0756569 0 0
163000 9.38405 9.3795 0 0.110736 0 0
164000 9.425 9.39204 0 0.00849154 0 0
165000 9.29947 9.31066 0 -0.0658746 0 0
166000 9.28926 9.49219 0 0.0818635 0 0
167000 9.26041 9.30183 0 0.11831 0 0
168000 9.2472 9.36131 0 0.0108895 0 0
169000 9.1894 9.45298 0 -0.161745 0 0
170000 9.57213 9.15542 0 0.0355712 0 0
171000 9.51137 9.44045 0 -0.0524729 0 0
172000 9.52127 9.27945 0 -0.0367591 0 0
173000 9.6217 9.14911 0 -0.0257711 0 0
174000 9.36035 9.35169 0 0.0160491 0 0
175000 9.29647 9.29727 0 0.0568888 0 0
176000 9.25528 9.2114 0 0.00970154 0 0
177000 9.28638 9.34659 0 -0.198284 0 0
178000 9.36204 9.36459 0 0.0875467 0 0
179000 9.26267 9.43631 0 0.0112785 0 0
180000 9.27733 9.43354 0 0.104639 0 0
181000 9.36183 9.26007 0 0.0478177 0 0
182000 9.26346 9.37272 0 0.0923218 0 0
183000 9.44848 9.26274 0 0.0353839 0 0
184000 9.17298 9.5604 0 -0.0128754 0 0
185000 9.55138 9.38161 0 -0.0665776 0 0
186000 9.43488 9.47356 0 0.0753447 0 0
187000 9.27831 9.34752 0 0.0475248 0 0
188000 9.38331 9.35306 0 0.01668 0 0
189000 9.1859 9.5013 0 -0.0807814 0 0
190000 9.13887 9.35558 0 -0.0544263 0 0
191000 9.38262 9.18605 0 0.167216 0 0
192000 9.2078 9.20953 0 -0.00823149 0 0
193000 9.35556 9.4177 0 0.152472 0 0
194000 9.37339 9.35972 0 0.0605956 0 0
195000 9.30936 9.10018 0 0.161948 0 0
196000 9.52919 9.32248 0 -0.0553298 0 0
197000 9.42868 9.29036 0 0.0855101 0 0
198000 9.39436 9.39396 0 0.0328299 0 0
199000 9.41256 9.39476 0 -0.028933 0 0
200000 9.29502 9.08444 0 -0.00154142 0 0
201000 9.42319 9.34123 0 0.0450761 0 0
202000 9.45816 9.49409 0 -0.103797 0 0
203000 9.50572 9.27521 0 0.0468796 0 0
204000 9.36581 9.14521 0 0.00389248 0 0
205000 9.29917 9.27341 0 0.000110241 0 0
206000 9.46231 9.26775 0 -0.130362 0 0
207000 9.32629 9.36472 0 -0.103261 0 0
208000 9.41577 9.34553 0 -0.140248 0 0
209000 9.34438 9.1624 0 0.0333089 0 0
210000 9.36399 9.22077 0 -0.0403505 0 0
211000 9.33471 9.22611 0 -0.137344 0 0
212000 9.23425 9.30748 0 -0.017973 0 0
213000 9.27126 9.33761 0 -0.148716 0 0
214000 9.47202 9.10234 0 -0.0786585 0 0
215000 9.144 9.47308 0 -0.0268061 0 0
216000 9.28841 9.4306 0 -0.0931305 0 0
217000 9.41225 9.21216 0 -0.167178 0 0
218000 9.42218 9.24667 0 -0.0950547 0 0
219000 9.34071 9.41018 0 0.053343 0 0
220000 9.32436 9.30674 0 0.210851 0 0
221000 9.26443 9.08279 0 0.0266849 0 0
222000 9.04175 9.48298 0 0.0541201 0 0
223000 9.47013 9.26487 0 0.106555 0 0
224000 9.31633 9.38397 0 0.0287216 0 0
225000 9.16543 9.45979 0 0.122095 0 0
226000 9.43832 9.26466 0 -0.0524549 0 0
227000 9.25302 9.55311 0 -0.0166202 0 0
228000 9.30434 9.42094 0 0.112086 0 0
229000 9.44084 9.43067 0 0.0217745 0 0
230000 9.27427 9.43574 0 0.0721506 0 0
231000 9.40685 9.4901 0 0.103513 0 0
232000 9.45215 9.49453 0 -0.0192216 0 0
233000 9.25021 9.34772 0 -0.0437835 0 0
234000 9.19876 9.37761 0 0.0301426 0 0
235000 9.18646 9.28996 0 -0.258461 0 0
236000 9.31053 9.18656 0 0.138023 0 0
237000 9.375 9.40245 0 -0.0529715 0 0
238000 9.3762 9.162 0 0.0131256 0 0
239000 9.44591 9.39861 0 0.0664609 0 0
240000 9.33868 9.28196 0 0.0645637 0 0
241000 9.19015 9.25464 0 0.0227719 0 0
242000 9.28666 9.15473 0 0.0969495 0 0
243000 9.03609 9.63444 0 -0.0746764 0 0
244000 9.347 9.40445 0 0.0838734 0 0
245000 9.19062 9.41667 0 -0.0598278 0 0
246000 9.16936 9.25528 0 0.198643 0 0
247000 9.38206 9.33745 0 0.0647963 0 0
248000 9.5 9.3348 0 -0.0541323 0 0
249000 9.19424 9.33824 0 0.163878 0 0
250000 9.19405 9.34409 0 0.0349704 0 0
251000 9.43191 9.51308 0 -0.0429521 0 0
252000 9.24118 9.49655 0 0.0206004 0 0
253000 9.3351 9.42508 0 -0.0225553 0 0
254000 9.3937 9.05397 0 0.0404474 0 0
255000 9.46938 9.33062 0 -0.154852 0 0
256000 9.53487 9.1968 0 -0.174762 0 0
257000 9.16338 9.16812 0 -0.0994094 0 0
258000 9.18132 9.44754 0 0.0129115 0 0
259000 9.23973 9.33072 0 0.0901698 0 0
260000 9.35834 9.29775 0 0.101008 0 0
261000 9.32654 9.34751 0 -0.0333117 0 0
262000 9.23523 9.62682 0 -0.0441459 0 0
263000 9.47359 9.42436 0 -0.170464 0 0
264000 9.5092 9.25773 0 0.0904312 0 0
265000 9.33676 9.35402 0 0.0247301 0 0
266000 9.29925 9.34027 0 -0.154189 0 0
267000 9.28503 9.26968 0 -0.0803404 0 0
268000 9.43749 9.42224 0 -0.12321 0 0
269000 9.38244 9.29585 0 -0.131663 0 0
270000 9.33486 9.24899 0 -0.0716419 0 0
271000 9.3806 9.5103 0 -0.00487775 0 0
272000 9.22959 9.28607 0 0.0154522 0 0
273000 9.16368 9.12164 0 -0.0445554 0 0
274000 9.25378 9.26649 0 0.0132014 0 0
275000 9.37243 9.21418 0 -0.0592569 0 0
276000 9.31713 9.2704 0 -0.0121301 0 0
277000 9.19533 9.35481 0 -0.136038 0 0
278000 9.31141 9.42157 0 0.0385067 0 0
279000 9.65306 9.26835 0 -0.194042 0 0
280000 9.27687 9.36667 0 0.0467383 0 0
281000 9.4166 9.5368 0 -0.0947537 0 0
282000 9.5214 9.30986 0 0.0617886 0 0
283000 9.23224 9.44831 0 0.00566808 0 0
284000 9.34249 9.44575 0 -0.0353635 0 0
285000 9.53886 9.28405 0 0.0323565 0 0
286000 9.22109 9.45652 0 0.00466521 0 0
287000 9.28179 9.39163 0 0.00706323 0 0
288000 9.27938 9.17145 0 0.0241049 0 0
289000 9.43547 9.60725 0 0.0197265 0 0
290000 9.41573 9.30532 0 -0.105702 0 0
291000 9.32251 9.42848 0 0.112699 0 0
292000 9.51441 9.4935 0 -0.0594353 0 0
293000 9.33437 9.32005 0 -0.0986088 0 0
294000 9.53346 9.2833 0 -0.14649 0 0
295000 9.27264 9.48929 0 0.0411935 0 0
296000 9.40562 9.27106 0 0.132811 0 0
297000 9.38428 9.30214 0 0.0291214 0 0
298000 9.37021 9.40376 0 -0.00172457 0 0
299000 9.10142 9.27092 0 -0.0124497 0 0
300000 9.38589 9.46003 0 0.00608411 0 0
301000 9.49847 9.24613 0 -0.221415 0 0
302000 9.40274 9.37741 0 -0.0748075 0 0
303000 9.27279 9.46459 0 -0.0368938 0 0
304000 9.40388 9.36405 0 -0.0263924 0 0
305000 9.32727 9.48875 0 0.115437 0 0
306000 9.32585 9.4027 0 -0.013784 0 0
307000 9.41045 9.39877 0 -0.0925806 0 0
308000 9.36505 9.28618 0 -0.0265433 0 0
309000 9.46183 9.3746 0 -0.0636274 0 0
310000 9.16431 9.36577 0 -0.0613406 0 0
311000 9.26682 9.34314 0 -0.0695902 0 0
312000 9.29296 9.08446 0 -0.080152 0 0
313000 9.18472 9.46143 0 0.07671 0 0
314000 9.24357 9.30154 0 0.0725344 0 0
315000 9.31239 9.38263 0 -0.0450315 0 0
316000 9.4745 9.30987 0 -0.0772508 0 0
317000 9.4028 9.69745 0 -0.119391 0 0
318000 9.39433 9.38043 0 -0.186048 0 0
319000 9.42694 9.40843 0 0.0910664 0 0
320000 9.35599 9.36778 0 0.00325327 0 0
321000 9.26363 9.34689 0 -0.109087 0 0
322000 9.47918 9.2519 0 0.0412362 0 0
323000 9.4644 9.39956 0 0.0514534 0 0
324000 9.36987 9.38147 0 0.122381 0 0
325000 9.29314 9.51491 0 -0.115208 0 0
326000 9.4127 9.34507 0 0.0618404 0 0
327000 9.41332 9.51596 0 0.0380186 0 0
328000 9.4416 9.22156 0 -0.0212984 0 0
329000 9.43545 9.33683 0 -0.139918 0 0
330000 9.54533 9.24245 0 -0.0970707 0 0
331000 9.44464 9.36441 0 -0.211581 0 0
332000 9.39256 9.43029 0 -0.279341 0 0
333000 9.42137 9.31234 0 0.0620892 0 0
334000 9.49089 9.25881 0 0.114105 0 0
335000 9.29667 9.47918 0 -0.0408114 0 0
336000 9.28937 9.27205 0 -0.0531582 0 0
337000 9.49788 9.2318 0 0.0144964 0 0
338000 9.39634 9.50861 0 0.0511226 0 0
339000 9.50418 9.24831 0 -0.0201865 0 0
340000 9.35397 9.43267 0 0.185509 0 0
341000 9.44596 9.19703 0 0.102663 0 0
342000 9.54415 9.33878 0 0.175081 0 0
343000 9.3404 9.42122 0 -0.0843916 0 0
344000 9.27313 9.37002 0 0.113595 0 0
345000 9.27112 9.22872 0 0.132603 0 0
346000 9.18584 9.53244 0 0.0868413 0 0
347000 9.30193 9.32207 0 -0.0379126 0 0
348000 9.45071 9.41339 0 0.0713157 0 0
349000 9.45291 9.20715 0 -0.162213 0 0
350000 9.34355 9.30575 0 -0.0276621 0 0
351000 9.32007 9.45346 0 0.0495254 0 0
352000 9.29604 9.42016 0 0.0594994 0 0
353000 9.38949 9.3105 0 -0.0747788 0 0
354000 9.1497 9.41114 0 -0.126937 0 0
355000 9.39585 9.39356 0 -0.0221027 0 0
356000 9.16896 9.30333 0 0.132268 0 0
357000 9.37113 9.32355 0 0.0349934 0 0
358000 9.37544 9.48342 0 0.164391 0 0
359000 9.4025 9.49058 0 -0.026243 0 0
360000 9.42899 9.30606 0 0.10191 0 0
361000 9.39342 9.63935 0 0.136875 0 0
362000 9.21184 9.63355 0 0.230203 0 0
363000 9.08789 9.51986 0 -0.0394493 0 0
364000 9.41227 9.51929 0 -0.0184076 0 0
365000 9.46581 9.26697 0 0.0129893 0 0
366000 9.23895 9.45877 0 -0.0891436 0 0
367000 9.42177 9.37042 0 0.0657713 0 0
368000 9.46078 9.39284 0 0.0469674 0 0
369000 9.42127 9.1859 0 0.0786371 0 0
370000 9.30768 9.13685 0 0.0492105 0 0
371000 9.62043 9.19255 0 -0.0369101 0 0
372000 9.40704 9.34807 0 0.105585 0 0
373000 9.33769 9.56813 0 -0.26677 0 0
374000 9.11213 9.07516 0 -0.0516018 0 0
375000 9.40802 9.3324 0 0.154646 0 0
376000 9.38745 9.51787 0 0.024175 0 0
377000 9.26477 9.16993 0 0.0412374 0 0
378000 9.53189 9.16122 0 0.0336898 0 0
379000 9.30328 9.34886 0 0.053282 0 0
380000 8.98484 9.52055 0 -0.127796 0 0
381000 9.17375 9.31553 0 0.028916 0 0
382000 9.42278 9.25635 0 -0.0739826 0 0
383000 8.98323 9.46076 0 -0.113431 0 0
384000 9.25273 9.21126 0 -0.052189 0 0
385000 9.48402 9.113 0 -0.0199421 0 0
386000 9.22583 9.34329 0 -0.0134566 0 0
387000 9.33599 9.37808 0 0.0481401 0 0
388000 9.23097 9.52408 0 0.0619132 0 0
389000 9.19006 9.4402 0 -0.0738686 0 0
390000 9.34844 9.46484 0 -0.16477 0 0
391000 9.4275 9.46415 0 -0.0612341 0 0
392000 9.32483 9.26717 0 -0.058289 0 0
393000 9.53503 9.38157 0 0.0238786 0 0
394000 9.49668 9.16067 0 -0.019073 0 0
395000 9.26251 9.21961 0 -0.0467847 0 0
396000 9.27788 9.15809 0 0.127178 0 0
397000 9.26635 9.27529 0 -0.0588329 0 0
398000 9.29604 9.16953 0 0.0276618 0 0
399000 9.40014 9.43168 0 0.0609857 0 0
400000 9.48 9.39619 0 -0.0223827 0 0
401000 9.50477 9.3265 0 0.0194666 0 0
402000 9.3744 9.23992 0 -0.0297872 0 0
403000 9.27975 9.3674 0 -0.088999 0 0
404000 9.30624 9.32641 0 -0.185106 0 0
405000 9.38256 9.4434 0 -0.108528 0 0
406000 9.37306 9.26827 0 0.0218032 0 0
407000 9.65969 9.29843 0 -0.0149148 0 0
408000 9.4669 9.28615 0 -0.115064 0 0
409000 9.40495 9.42954 0 -0.0885465 0 0
410000 9.33272 9.55756 0 -0.0521145 0 0
411000 9.34651 9.34875 0 -0.120236 0 0
412000 9.43127 9.50931 0 -0.0521669 0 0
413000 9.2126 9.45338 0 -0.0716824 0 0
414000 9.28388 9.44235 0 -0.114559 0 0
415000 9.40841 9.2383 0 0.132913 0 0
416000 9.44506 9.2906 0 -0.154409 0 0
417000 9.5324 9.41256 0 0.0139648 0 0
418000 9.40779 9.59804 0 0.120677 0 0
419000 9.43836 9.36765 0 -0.0160423 0 0
420000 9.45556 9.3311 0 -0.0301811 0 0
421000 9.43404 9.26287 0 -0.0518501 0 0
422000 9.43685 9.22114 0 -0.019999 0 0
423000 9.3621 9.27857 0 -0.0224055 0 0
424000 9.40696 9.35232 0 0.162947 0 0
425000 9.35835 9.37535 0 0.0185968 0 0
426000 9.5068 9.31581 0 0.0735022 0 0
427000 9.43 9.15605 0 0.0738583 0 0
428000 9.25698 9.27227 0 0.0610014 0 0
429000 9.42885 9.23195 0 0.0747791 0 0
430000 9.18986 9.24416 0 0.0380418 0 0
431000 9.27168 9.32436 0 -0.0478466 0 0
432000 9.58693 9.25289 0 0.164214 0 0
433000 9.42348 9.40552 0 -0.0972552 0 0
434000 9.33688 9.10597 0 -0.00422163 0 0
435000 9.21673 9.29583 0 -0.00503446 0 0
436000 9.34408 9.4323 0 -0.00259576 0 0
437000 9.3784 9.39944 0 0.0215527 0 0
438000 9.43937 9.66082 0 -0.0827781 0 0
439000 9.20156 9.49269 0 -0.0688181 0 0
440000 9.38708 9.30751 0 -0.0824757 0 0
441000 9.29818 9.34695 0 0.0657361 0 0
442000 9.31923 9.40512 0 -0.00458561 0 0
443000 9.52957 9.33208 0 -0.0720088 0 0
444000 9.41001 9.43347 0 -0.0884017 0 0
445000 9.18702 9.40776 0 -0.0348143 0 0
446000 9.38898 9.7019 0 -0.0904439 0 0
447000 9.22632 9.60497 0 0.0424549 0 0
448000 9.27267 9.29076 0 0.0314286 0 0
449000 9.11553 9.47023 0 -0.102098 0 0
450000 9.19496 9.09716 0 -0.00579418 0 0
451000 9.30672 9.41271 0 0.00655884 0 0
452000 9.06023 9.38259 0 0.142368 0 0
453000 9.41607 9.11529 0 -0.0164773 0 0
454000 9.30455 9.43126 0 0.00205117 0 0
455000 9.54229 9.35212 0 -0.101898 0 0
456000 9.51019 9.31078 0 0.0368282 0 0
457000 9.29634 9.25124 0 0.102677 0 0
458000 9.43174 9.4495 0 0.0877599 0 0
459000 9.34013 9.4875 0 -0.110646 0 0
460000 9.33251 9.36615 0 0.0750709 0 0
461000 9.34981 9.29917 0 0.00660669 0 0
462000 9.46733 9.32023 0 0.0382242 0 0
463000 9.43959 9.25038 0 -0.053668 0 0
464000 9.45628 9.16879 0 0.0572255 0 0
465000 9.46682 9.33936 0 0.091379 0 0
466000 9.407 9.2956 0 -0.0568976 0 0
467000 9.34726 9.29157 0 0.0184401 0 0
468000 9.37452 9.29634 0 -0.0851577 0 0
469000 9.43947 9.13393 0 0.0705989 0 0
470000 9.39601 9.19729 0 0.061403 0 0
471000 9.51065 9.28018 0 -0.0454467 0 0
472000 9.46073 9.3632 0 0.0860818 0 0
473000 9.37239 9.24383 0 0.0829479 0 0
474000 9.52212 9.24028 0 0.0143147 0 0
475000 9.39508 9.20791 0 0.134075 0 0
476000 9.36037 9.12837 0 0.204654 0 0
477000 9.05901 9.32045 0 0.016753 0 0
478000 9.37995 9.2369 0 -0.0274966 0 0
479000 9.4203 9.12775 0 -0.174777 0 0
480000 9.30835 9.23415 0 -0.143463 0 0
481000 9.25876 9.39753 0 -0.0911845 0 0
482000 9.2779 9.25588 0 -0.0366808 0 0
483000 9.22407 9.20412 0 -0.0233031 0 0
484000 9.25779 9.27081 0 -0.0222879 0 0
485000 9.50135 9.16931 0 -0.117596 0 0
486000 9.53089 9.24276 0 -0.0451697 0 0
487000 9.52262 9.12413 0 -0.0342977 0 0
488000 9.3069 9.36786 0 0.090011 0 0
489000 9.42708 9.29079 0 -0.241465 0 0
490000 9.23809 9.29788 0 0.001747 0 0
491000 9.36818 9.2159 0 -0.149549 0 0
492000 9.33165 9.13624 0 -0.0044076 0 0
493000 9.30251 9.21034 0 -0.10743 0 0
494000 9.30281 9.11486 0 -0.0450073 0 0
495000 9.33497 9.52837 0 -0.0598596 0 0
496000 9.28743 9.27067 0 -0.132229 0 0
497000 9.22141 9.44428 0 0.0209955 0 0
498000 9.49198 9.1946 0 0.0373899 0 0
499000 9.46428 9.37177 0 -0.169693 0 0
500000 9.15365 9.36747 0 -0.132067 0 0
