# Time-averaged data for fix ps1
# TimeStep c_thermo_press[1] c_thermo_press[2] c_thermo_press[3] c_thermo_press[4] c_thermo_press[5] c_thermo_press[6]
0 3.7055 3.78508 0 -0.0581359 0 0
1000 3.99736 4.03982 0 -0.0719469 0 0
2000 4.00414 4.12031 0 -0.0723166 0 0
3000 3.91795 4.08037 0 -0.0541613 0 0
4000 4.00554 3.97155 0 -0.149151 0 0
5000 3.983 4.04207 0 -0.0648988 0 0
6000 3.98454 4.01372 0 -0.126078 0 0
7000 4.03593 4.09002 0 -0.177556 0 0
8000 4.01613 3.97314 0 -0.145508 0 0
9000 3.93651 4.07974 0 -0.136647 0 0
10000 4.00998 4.00246 0 -0.219728 0 0
11000 3.99628 4.07126 0 -0.187307 0 0
12000 3.9856 4.01671 0 -0.216611 0 0
13000 3.975 4.03801 0 -0.225488 0 0
14000 4.03343 4.01415 0 -0.198897 0 0
15000 4.01799 4.00233 0 -0.320712 0 0
16000 4.02261 4.08272 0 -0.280994 0 0
17000 4.06062 4.05995 0 -0.279379 0 0
18000 3.9505 4.05714 0 -0.280729 0 0
19000 4.02912 3.98132 0 -0.218588 0 0
20000 4.02929 4.00111 0 -0.276389 0 0
21000 3.95699 4.1021 0 -0.297422 0 0
22000 3.98994 4.05105 0 -0.331896 0 0
23000 4.09973 3.99625 0 -0.33092 0 0
24000 4.03774 4.03668 0 -0.267873 0 0
25000 3.95681 4.08324 0 -0.24624 0 0
26000 4.06173 4.05475 0 -0.273214 0 0
27000 3.99533 3.96239 0 -0.311651 0 0
28000 4.00937 4.07747 0 -0.340499 0 0
29000 3.97513 4.03393 0 -0.233454 0 0
30000 3.9901 3.96499 0 -0.251153 0 0
31000 4.04514 4.11799 0 -0.246816 0 0
32000 4.03672 4.08769 0 -0.325729 0 0
33000 3.98408 4.09901 0 -0.230702 0 0
34000 4.05152 3.98612 0 -0.249702 0 0
35000 4.06139 4.02038 0 -0.176828 0 0
36000 4.01645 4.06883 0 -0.206801 0 0
37000 3.97769 4.10709 0 -0.199982 0 0
38000 4.00636 4.05713 0 -0.157116 0 0
39000 4.02262 4.06942 0 -0.167136 0 0
40000 4.07295 3.95198 0 -0.140509 0 0
41000 4.00822 4.04584 0 -0.126461 0 0
42000 3.99544 4.05328 0 -0.0666074 0 0
43000 3.9745 3.99519 0 -0.148085 0 0
44000 3.91198 4.11224 0 -0.142567 0 0
45000 3.96012 4.11583 0 -0.0637359 0 0
46000 4.00565 4.00122 0 -0.0751429 0 0
47000 3.99548 4.02409 0 -0.0622892 0 0
48000 4.02162 4.03988 0 -0.0709856 0 0
49000 4.03251 4.02956 0 -0.0111805 0 0
50000 4.02511 4.05858 0 -0.0396848 0 0
51000 4.00508 3.99899 0 -0.00732357 0 0
52000 3.91934 4.11656 0 -0.045796 0 0
53000 4.02049 3.94681 0 0.0348558 0 0
54000 4.02742 3.99172 0 0.00629134 0 0
55000 3.94731 4.06383 0 0.112846 0 0
56000 3.94602 4.06635 0 0.0348482 0 0
57000 4.01106 3.99147 0 0.0417451 0 0
58000 4.02879 4.00872 0 0.0851296 0 0
59000 3.98784 4.03079 0 0.11593 0 0
60000 4.03197 3.98781 0 0.0862401 0 0
61000 4.03417 4.05435 0 0.123833 0 0
62000 4.01604 4.09559 0 0.146743 0 0
63000 4.02476 3.99391 0 0.142625 0 0
64000 4.01373 4.00711 0 0.12012 0 0
65000 3.91314 4.02202 0 0.174223 0 0
66000 4.02091 4.0782 0 0.142086 0 0
67000 4.00945 3.96549 0 0.166654 0 0
68000 4.0153 4.03008 0 0.166587 0 0
69000 3.96694 4.0843 0 0.216959 0 0
70000 4.04666 4.04577 0 0.176814 0 0
71000 4.06376 4.00782 0 0.190292 0 0
72000 3.96529 4.03689 0 0.285025 0 0
73000 3.9464 4.00432 0 0.139633 0 0
74000 3.93471 4.07607 0 0.225416 0 0
75000 3.96184 4.09537 0 0.225688 0 0
76000 4.02567 4.05114 0 0.176512 0 0
77000 3.98342 4.0886 0 0.206619 0 0
78000 4.00752 4.07121 0 0.228194 0 0
79000 4.06305 3.95873 0 0.212432 0 0
80000 4.03112 4.06781 0 0.191676 0 0
81000 3.94782 4.06662 0 0.182621 0 0
82000 3.93873 4.03424 0 0.168764 0 0
83000 3.95114 4.09702 0 0.218706 0 0
84000 3.99444 4.05437 0 0.169181 0 0
85000 3.93823 4.09101 0 0.153147 0 0
86000 4.01562 4.0631 0 0.165207 0 0
87000 4.08186 4.02372 0 0.158875 0 0
88000 4.02952 4.00536 0 0.0742391 0 0
89000 3.94356 4.0966 0 0.157527 0 0
90000 4.02977 4.00109 0 0.0435279 0 0
91000 3.87416 4.03697 0 0.0421411 0 0
92000 4.03256 4.01998 0 -0.0060031 0 0
93000 3.97334 4.05159 0 0.0311799 0 0
94000 3.99993 4.03947 0 0.0284392 0 0
95000 3.999 4.04475 0 0.0162218 0 0
96000 3.99412 4.10954 0 0.0196257 0 0
97000 4.01168 4.05371 0 0.0239575 0 0
98000 4.00408 4.14294 0 -0.0509738 0 0
99000 3.97764 4.04537 0 0.0186403 0 0
100000 4.00845 4.06977 0 -0.0647146 0 0
101000 4.02195 3.96712 0 -0.037635 0 0
102000 3.93895 4.09543 0 -0.0455292 0 0
103000 3.95384 4.11929 0 -0.100679 0 0
104000 4.03385 4.05238 0 -0.0482811 0 0
105000 4.1103 3.99436 0 -0.0664951 0 0
106000 4.02258 4.06255 0 -0.131419 0 0
107000 3.92471 4.10987 0 -0.152581 0 0
108000 3.96566 4.1126 0 -0.189219 0 0
109000 3.96733 4.0563 0 -0.159061 0 0
110000 4.08092 4.00964 0 -0.158217 0 0
111000 4.0171 4.0285 0 -0.176441 0 0
112000 4.10174 4.0438 0 -0.259151 0 0
113000 3.98282 4.01189 0 -0.16323 0 0
114000 3.97364 4.06796 0 -0.242136 0 0
115000 4.05431 4.0504 0 -0.207611 0 0
116000 4.02252 4.01644 0 -0.249239 0 0
117000 4.03055 4.08367 0 -0.174067 0 0
118000 3.9952 4.06157 0 -0.274263 0 0
119000 4.04089 4.01547 0 -0.230334 0 0
120000 4.03556 4.04699 0 -0.286545 0 0
121000 4.05717 4.05386 0 -0.331705 0 0
122000 4.00759 4.04472 0 -0.292355 0 0
123000 3.995 4.01458 0 -0.315266 0 0
124000 4.07038 4.04455 0 -0.307231 0 0
125000 4.01406 4.03333 0 -0.250535 0 0
126000 4.00603 4.02827 0 -0.257447 0 0
127000 4.00205 4.11498 0 -0.248951 0 0
128000 4.0996 4.03589 0 -0.280334 0 0
129000 4.05082 4.07039 0 -0.275118 0 0
130000 4.06334 4.08583 0 -0.259269 0 0
131000 4.05703 4.01609 0 -0.225826 0 0
132000 3.96392 4.03773 0 -0.153645 0 0
133000 4.00821 4.0158 0 -0.193313 0 0
134000 3.99116 4.12094 0 -0.257719 0 0
135000 4.08072 4.03542 0 -0.219422 0 0
136000 3.97903 4.00495 0 -0.223931 0 0
137000 4.00267 4.03834 0 -0.151139 0 0
138000 3.97096 4.07609 0 -0.268246 0 0
139000 4.04334 4.08412 0 -0.166065 0 0
140000 4.08839 4.01871 0 -0.125285 0 0
141000 4.08106 3.99937 0 -0.207439 0 0
142000 4.0095 4.01591 0 -0.192266 0 0
143000 4.02085 3.96902 0 -0.13908 0 0
144000 4.00204 3.98084 0 -0.166664 0 0
145000 4.10831 4.06762 0 -0.0995582 0 0
146000 4.03626 4.05996 0 -0.116089 0 0
147000 3.97798 3.99964 0 -0.0788837 0 0
148000 4.03348 4.05281 0 -0.0890025 0 0
149000 4.04537 4.06145 0 -0.00113642 0 0
150000 3.97764 4.11641 0 -0.0586149 0 0
151000 3.93798 4.1038 0 0.0255421 0 0
152000 3.95769 4.12887 0 -0.0652823 0 0
153000 4.05577 4.06852 0 0.000771142 0 0
154000 3.98986 4.06286 0 -0.00324802 0 0
155000 3.93306 4.15422 0 0.0761527 0 0
156000 3.92759 4.0307 0 0.059488 0 0
157000 3.96678 3.97821 0 0.107205 0 0
158000 4.02468 4.06067 0 0.0318955 0 0
159000 3.97544 4.04634 0 0.141281 0 0
160000 3.9313 4.14683 0 0.093893 0 0
161000 3.99188 4.06064 0 0.106582 0 0
162000 4.02859 4.06144 0 0.10881 0 0
163000 4.02668 4.01191 0 0.087865 0 0
164000 4.00553 4.04741 0 0.185999 0 0
165000 3.96635 4.08667 0 0.0960579 0 0
166000 3.90265 4.09856 0 0.225529 0 0
167000 4.03732 4.10941 0 0.190238 0 0
168000 3.97 4.06326 0 0.203688 0 0
169000 3.99838 3.98141 0 0.202667 0 0
170000 3.99264 4.02036 0 0.222519 0 0
171000 3.99717 4.06968 0 0.232504 0 0
172000 3.94367 4.10284 0 0.212674 0 0
173000 3.96193 4.11769 0 0.21238 0 0
174000 3.97657 4.09811 0 0.175867 0 0
175000 3.96599 4.10166 0 0.225894 0 0
176000 3.95459 4.06414 0 0.187907 0 0
177000 3.98412 4.03828 0 0.278053 0 0
178000 3.91985 4.03512 0 0.181517 0 0
179000 3.93692 4.07767 0 0.234174 0 0
180000 3.96324 4.05567 0 0.245029 0 0
181000 3.9893 3.99718 0 0.185685 0 0
182000 4.01288 4.00346 0 0.237439 0 0
183000 3.93167 4.05148 0 0.13439 0 0
184000 4.06386 4.10986 0 0.142789 0 0
185000 3.96311 4.07925 0 0.124443 0 0
186000 3.94231 4.0777 0 0.156084 0 0
187000 4.05135 3.98066 0 0.132788 0 0
188000 4.05119 4.00224 0 0.17155 0 0
189000 3.94908 4.05707 0 0.0586033 0 0
190000 3.97361 4.01626 0 0.111639 0 0
191000 3.9878 4.05618 0 0.0797514 0 0
192000 3.95319 4.09778 0 0.0793777 0 0
193000 3.98957 4.13821 0 0.055993 0 0
194000 3.8942 4.05983 0 0.028422 0 0
195000 3.91935 4.09714 0 0.0642627 0 0
196000 3.98373 4.00206 0 -0.00145642 0 0
197000 3.93307 4.08264 0 0.0577802 0 0
198000 3.94792 4.08558 0 -0.0218023 0 0
199000 3.95312 4.08947 0 -0.0588037 0 0
200000 4.04859 3.98979 0 -0.0946258 0 0
201000 3.95704 4.00951 0 -0.0538061 0 0
202000 4.00214 4.04364 0 -0.12721 0 0
203000 3.97801 4.00398 0 -0.135815 0 0
204000 3.98629 4.04549 0 -0.0720084 0 0
205000 4.04795 3.96662 0 -0.114409 0 0
206000 4.00168 3.98765 0 -0.175874 0 0
207000 3.94679 4.05343 0 -0.155231 0 0
208000 4.06356 4.05547 0 -0.123441 0 0
209000 4.01309 4.05483 0 -0.196948 0 0
210000 3.98196 4.06343 0 -0.181865 0 0
211000 4.03247 4.00692 0 -0.166549 0 0
212000 4.08661 4.02365 0 -0.200505 0 0
213000 4.0201 4.03015 0 -0.21037 0 0
214000 3.96938 4.02049 0 -0.263578 0 0
215000 4.0759 4.01717 0 -0.25547 0 0
216000 4.07236 3.98033 0 -0.22604 0 0
217000 4.03246 4.03583 0 -0.247216 0 0
218000 3.98078 4.11198 0 -0.291149 0 0
219000 4.02202 4.08235 0 -0.272727 0 0
220000 3.96095 4.05533 0 -0.280178 0 0
221000 4.06411 4.0186 0 -0.288105 0 0
222000 4.01042 4.08469 0 -0.314801 0 0
223000 4.04338 4.05482 0 -0.297767 0 0
224000 4.09721 3.99903 0 -0.243957 0 0
225000 3.98967 4.04925 0 -0.264984 0 0
226000 4.01861 4.04153 0 -0.30015 0 0
227000 4.05569 3.94836 0 -0.286372 0 0
228000 3.97776 4.13036 0 -0.305368 0 0
229000 3.99756 4.07058 0 -0.263593 0 0
230000 3.9947 4.03736 0 -0.313256 0 0
231000 4.02326 4.0817 0 -0.241591 0 0
232000 4.0683 4.0769 0 -0.215411 0 0
233000 4.0206 4.01768 0 -0.206448 0 0
234000 4.03546 4.07724 0 -0.261173 0 0
235000 4.02718 4.01244 0 -0.217098 0 0
236000 3.99383 4.04479 0 -0.184587 0 0
237000 4.00558 4.13832 0 -0.212511 0 0
238000 4.05823 4.09127 0 -0.159204 0 0
239000 4.00138 4.03694 0 -0.188454 0 0
240000 3.99468 4.14692 0 -0.181629 0 0
241000 3.97135 4.13182 0 -0.115624 0 0
242000 4.11687 3.9435 0 -0.13106 0 0
243000 3.95105 4.0794 0 -0.158232 0 0
244000 3.99172 4.10646 0 -0.0867306 0 0
245000 4.02039 3.9472 0 -0.0497819 0 0
246000 4.01438 4.06699 0 -0.158102 0 0
247000 3.98053 4.022 0 -0.112804 0 0
248000 4.0366 4.07226 0 -0.0313827 0 0
249000 4.00335 4.03835 0 -0.0223275 0 0
250000 4.0526 4.00994 0 -0.0187726 0 0
251000 4.05657 4.06913 0 -0.0422022 0 0
252000 4.04497 4.08461 0 -0.0345178 0 0
253000 4.02736 4.01553 0 0.0285174 0 0
254000 3.97488 4.04113 0 0.0182367 0 0
255000 3.98982 3.99589 0 0.0120344 0 0
256000 4.02023 3.96475 0 0.0769915 0 0
257000 3.94815 4.03851 0 0.0650084 0 0
258000 4.02585 4.09569 0 0.0354879 0 0
259000 3.99268 4.06522 0 0.100202 0 0
260000 4.05074 4.01987 0 0.143496 0 0
261000 4.09726 3.99301 0 0.0582242 0 0
262000 3.99374 4.08244 0 0.16525 0 0
263000 3.9505 4.1154 0 0.0716576 0 0
264000 3.98427 3.99817 0 0.136514 0 0
265000 4.05959 4.0076 0 0.148037 0 0
266000 4.03339 3.9691 0 0.130098 0 0
267000 4.06051 4.02821 0 0.175614 0 0
268000 4.03038 3.98576 0 0.15487 0 0
269000 4.01631 3.99069 0 0.130037 0 0
270000 3.97345 4.04967 0 0.159254 0 0
271000 3.98439 4.03381 0 0.191298 0 0
272000 3.99126 4.02354 0 0.219146 0 0
273000 3.98443 4.1271 0 0.211584 0 0
274000 3.95382 4.03606 0 0.198896 0 0
275000 3.96607 4.03069 0 0.130282 0 0
276000 3.95971 4.08714 0 0.161894 0 0
277000 4.08235 4.07126 0 0.147726 0 0
278000 3.96601 4.08956 0 0.166219 0 0
279000 4.03205 4.03179 0 0.154622 0 0
280000 3.92075 4.10221 0 0.155941 0 0
281000 4.00095 4.0647 0 0.190123 0 0
282000 3.96959 4.07931 0 0.221731 0 0
283000 3.94591 4.03663 0 0.140054 0 0
284000 4.0589 4.02113 0 0.144289 0 0
285000 4.06159 4.08229 0 0.151569 0 0
286000 4.05236 4.00314 0 0.112576 0 0
287000 4.00653 3.97263 0 0.118277 0 0
288000 4.09343 4.05517 0 0.107202 0 0
289000 3.91793 4.04107 0 0.0201447 0 0
290000 3.98436 4.00415 0 0.108783 0 0
291000 3.96464 4.10549 0 0.128286 0 0
292000 4.00744 4.0707 0 0.0403308 0 0
293000 4.04381 4.02137 0 0.0582468 0 0
294000 4.03506 4.00893 0 0.0988172 0 0
295000 3.93585 4.07278 0 0.0282373 0 0
296000 3.99356 4.10969 0 -0.0414443 0 0
297000 4.0124 4.03523 0 -0.00940174 0 0
298000 3.96485 4.07515 0 -0.0234625 0 0
299000 3.94227 4.05171 0 -0.0206969 0 0
300000 4.06458 4.00661 0 -0.0440343 0 0
301000 3.9151 4.01611 0 -0.0229371 0 0
302000 3.99312 4.0087 0 -0.125099 0 0
303000 4.00355 4.05812 0 -0.175391 0 0
304000 3.98747 4.04318 0 -0.115585 0 0
305000 4.02151 4.00227 0 -0.172035 0 0
306000 4.00492 4.04516 0 -0.118901 0 0
307000 3.99561 4.08582 0 -0.128014 0 0
308000 3.98824 4.08344 0 -0.175083 0 0
309000 4.03715 4.02075 0 -0.157535 0 0
310000 4.06627 4.01922 0 -0.197391 0 0
311000 4.00289 4.06673 0 -0.231438 0 0
312000 3.97081 4.06459 0 -0.207433 0 0
313000 4.07346 4.06027 0 -0.209507 0 0
314000 4.05683 4.02741 0 -0.255842 0 0
315000 3.98894 4.11586 0 -0.22222 0 0
316000 4.08174 3.98133 0 -0.264618 0 0
317000 3.98818 4.00548 0 -0.240206 0 0
318000 3.99574 4.07056 0 -0.263751 0 0
319000 4.01719 3.97321 0 -0.233637 0 0
320000 4.11042 4.0319 0 -0.278657 0 0
321000 3.98597 4.05185 0 -0.316622 0 0
322000 3.99344 4.11078 0 -0.323913 0 0
323000 4.00446 4.08369 0 -0.253656 0 0
324000 4.01234 4.0608 0 -0.28643 0 0
325000 4.07521 4.01994 0 -0.270478 0 0
326000 3.92222 4.0849 0 -0.341228 0 0
327000 3.96916 3.99369 0 -0.194059 0 0
328000 3.95876 4.12078 0 -0.245247 0 0
329000 3.97798 4.16186 0 -0.24776 0 0
330000 4.00465 4.06299 0 -0.220932 0 0
331000 3.96705 4.02647 0 -0.282284 0 0
332000 3.98966 4.11159 0 -0.242463 0 0
333000 4.05275 3.98609 0 -0.156294 0 0
334000 3.96693 4.08273 0 -0.186505 0 0
335000 3.99502 4.07637 0 -0.204511 0 0
336000 4.0608 3.98864 0 -0.283163 0 0
337000 4.05949 4.07021 0 -0.199751 0 0
338000 3.98295 4.02822 0 -0.244455 0 0
339000 3.91679 4.08562 0 -0.175267 0 0
340000 4.0188 4.0561 0 -0.179042 0 0
341000 3.94035 4.12459 0 -0.178403 0 0
342000 3.98111 4.01105 0 -0.14907 0 0
343000 4.01724 4.00762 0 -0.131092 0 0
344000 3.9888 4.03609 0 -0.131143 0 0
345000 4.02136 4.03584 0 -0.0567919 0 0
346000 3.94608 4.0524 0 -0.0548356 0 0
347000 4.02661 4.08078 0 -0.0317368 0 0
348000 4.11618 4.01084 0 -0.0617833 0 0
349000 3.94976 4.04481 0 0.0146944 0 0
350000 4.08234 4.05087 0 -0.0299574 0 0
351000 3.95713 4.04805 0 0.0105723 0 0
352000 3.94523 4.06973 0 -0.013196 0 0
353000 3.97035 4.11022 0 -0.0269279 0 0
354000 4.05254 4.01297 0 0.0893579 0 0
355000 4.01962 4.03859 0 0.0652817 0 0
356000 3.98354 4.01189 0 0.0283632 0 0
357000 4.01218 3.99718 0 0.0624907 0 0
358000 3.99976 4.17595 0 0.0500063 0 0
359000 4.02453 4.01486 0 0.114086 0 0
360000 3.98676 4.01792 0 0.0832393 0 0
361000 3.98325 4.07027 0 0.0932697 0 0
362000 4.05918 3.91534 0 0.170008 0 0
363000 3.96399 4.04804 0 0.0914556 0 0
364000 4.01085 4.04121 0 0.143951 0 0
365000 3.97264 4.05134 0 0.165866 0 0
366000 3.97128 4.03977 0 0.164351 0 0
367000 4.04074 4.03542 0 0.215436 0 0
368000 3.89568 4.06563 0 0.127753 0 0
369000 4.09777 4.01313 0 0.119347 0 0
370000 3.94048 4.08944 0 0.190451 0 0
371000 4.02891 4.05635 0 0.237668 0 0
372000 3.93605 4.05123 0 0.205892 0 0
373000 4.06772 4.02593 0 0.146961 0 0
374000 3.98261 3.97591 0 0.201841 0 0
375000 4.08315 3.95515 0 0.237133 0 0
376000 4.05007 4.01081 0 0.209189 0 0
377000 3.89667 4.04943 0 0.224165 0 0
378000 4.04229 4.01477 0 0.138237 0 0
379000 3.97675 4.11515 0 0.20863 0 0
380000 4.01668 4.03818 0 0.244794 0 0
381000 3.96032 3.98469 0 0.195717 0 0
382000 3.93486 4.04925 0 0.193258 0 0
383000 3.97945 4.04257 0 0.156212 0 0
384000 4.04041 4.03935 0 0.181774 0 0
385000 3.99392 4.02485 0 0.150538 0 0
386000 3.99949 4.00239 0 0.13409 0 0
387000 3.95572 4.05691 0 0.128168 0 0
388000 3.97174 4.00104 0 0.18097 0 0
389000 3.96472 4.10347 0 0.120938 0 0
390000 4.02226 4.07257 0 0.131494 0 0
391000 3.99072 4.0766 0 0.170888 0 0
392000 4.03128 4.0566 0 0.0839861 0 0
393000 4.02463 3.99123 0 0.0149928 0 0
394000 3.94394 4.0701 0 0.0295808 0 0
395000 3.88682 4.05706 0 0.0609148 0 0
396000 3.98816 4.04101 0 0.0791588 0 0
397000 3.97715 4.0293 0 -0.0387843 0 0
398000 3.96884 4.06264 0 -0.0177358 0 0
399000 3.99273 4.02739 0 -0.0871167 0 0
400000 3.95241 3.97601 0 -0.0335481 0 0
401000 3.97947 4.05216 0 -0.0240816 0 0
402000 4.05096 3.98585 0 -0.0599963 0 0
403000 4.02429 3.97964 0 -0.0663549 0 0
404000 3.99253 4.03995 0 -0.0664048 0 0
405000 3.96685 4.09096 0 -0.139896 0 0
406000 4.00567 3.98653 0 -0.144344 0 0
407000 4.00317 4.00309 0 -0.136256 0 0
408000 3.98964 4.07992 0 -0.112769 0 0
409000 4.06075 4.00363 0 -0.118847 0 0
410000 3.97936 3.99691 0 -0.181301 0 0
411000 3.9928 4.05466 0 -0.236781 0 0
412000 4.09367 4.04897 0 -0.155549 0 0
413000 3.96967 4.04736 0 -0.192881 0 0
414000 3.98193 4.03416 0 -0.260738 0 0
415000 4.00341 4.01396 0 -0.216101 0 0
416000 4.01892 4.00307 0 -0.27042 0 0
417000 4.04885 4.05869 0 -0.297246 0 0
418000 4.03047 4.1327 0 -0.18015 0 0
419000 4.04284 4.05362 0 -0.331423 0 0
420000 4.00788 4.07025 0 -0.290685 0 0
421000 4.03063 4.06785 0 -0.310792 0 0
422000 4.01882 4.03272 0 -0.270162 0 0
423000 4.08473 4.08207 0 -0.293753 0 0
424000 4.0312 4.13163 0 -0.30188 0 0
425000 4.08843 4.10224 0 -0.181995 0 0
426000 4.01233 4.00238 0 -0.270908 0 0
427000 4.03388 4.00483 0 -0.271308 0 0
428000 4.01406 4.05513 0 -0.358093 0 0
429000 3.96116 4.0818 0 -0.273834 0 0
430000 4.09623 4.01276 0 -0.285557 0 0
431000 4.01644 4.09839 0 -0.244639 0 0
432000 3.98577 3.99505 0 -0.181552 0 0
433000 3.92782 3.99385 0 -0.234632 0 0
434000 3.98349 4.06989 0 -0.23246 0 0
435000 3.98719 4.03336 0 -0.216935 0 0
436000 4.00848 4.0472 0 -0.244944 0 0
437000 4.02348 4.08377 0 -0.215548 0 0
438000 3.98725 4.15924 0 -0.183679 0 0
439000 3.97149 4.00966 0 -0.217255 0 0
440000 4.02476 4.01627 0 -0.131717 0 0
441000 3.94658 4.09349 0 -0.197355 0 0
442000 3.99432 4.05653 0 -0.238294 0 0
443000 3.96739 4.02972 0 -0.13636 0 0
444000 4.02321 4.05233 0 -0.116917 0 0
445000 4.03684 3.9818 0 -0.19335 0 0
446000 3.94399 4.10723 0 -0.117808 0 0
447000 3.96509 4.06904 0 -0.118077 0 0
448000 3.97708 3.99643 0 -0.0552202 0 0
449000 3.94882 4.11822 0 -0.149778 0 0
450000 3.94803 4.07313 0 -0.000873775 0 0
451000 3.97198 4.1056 0 0.0309631 0 0
452000 3.95716 4.05774 0 -0.0537412 0 0
453000 4.07544 3.97773 0 0.0332558 0 0
454000 4.02648 4.01493 0 0.0534188 0 0
455000 3.97778 4.02866 0 0.0334984 0 0
456000 4.05336 4.00672 0 0.0863231 0 0
457000 4.02988 4.02226 0 0.0516744 0 0
458000 3.97739 4.05726 0 0.133241 0 0
459000 4.03956 4.06007 0 0.0304162 0 0
460000 3.94236 4.0423 0 0.115677 0 0
461000 3.98035 4.06507 0 0.0622636 0 0
462000 4.01121 3.96655 0 0.115646 0 0
463000 3.96134 4.08102 0 0.0701079 0 0
464000 3.99634 4.09168 0 0.125556 0 0
465000 4.05921 3.98242 0 0.180059 0 0
466000 4.02542 4.01504 0 0.162503 0 0
467000 4.03035 3.98681 0 0.173007 0 0
468000 3.997 4.08234 0 0.215222 0 0
469000 4.0317 4.09838 0 0.216465 0 0
470000 4.06389 4.0551 0 0.235546 0 0
471000 4.02569 4.03284 0 0.270466 0 0
472000 4.01785 3.98138 0 0.188592 0 0
473000 3.93754 4.08362 0 0.177104 0 0
474000 4.03785 4.04544 0 0.249876 0 0
475000 4.03228 4.05263 0 0.272918 0 0
476000 4.06107 3.99883 0 0.169213 0 0
477000 4.01085 4.06263 0 0.233785 0 0
478000 3.98157 4.07199 0 0.172582 0 0
479000 3.98441 4.0044 0 0.218331 0 0
480000 3.97476 4.01955 0 0.180167 0 0
481000 3.99058 4.0704 0 0.220299 0 0
482000 3.9651 3.99777 0 0.193236 0 0
483000 4.0207 4.02538 0 0.143635 0 0
484000 4.07266 4.0843 0 0.162541 0 0
485000 3.9354 4.08506 0 0.131401 0 0
486000 4.04041 4.00336 0 0.167386 0 0
487000 4.04662 4.04671 0 0.104086 0 0
488000 4.03459 4.01971 0 0.102977 0 0
489000 4.00214 4.04141 0 0.0999251 0 0
490000 3.9755 4.03439 0 0.0997193 0 0
491000 3.9742 4.07197 0 0.023352 0 0
492000 4.00791 4.05399 0 0.1027 0 0
493000 3.90828 4.02457 0 0.106634 0 0
494000 4.03155 4.0611 0 0.0524067 0 0
495000 4.02359 4.07488 0 0.0779657 0 0
496000 4.02512 4.02562 0 -0.0185783 0 0
497000 3.93012 4.03982 0 -0.0324768 0 0
498000 4.04239 4.043 0 -0.0439341 0 0
499000 4.0024 4.03565 0 -0.047122 0 0
500000 4.03276 3.99598 0 -0.0777091 0 0
