# Time-averaged data for fix ps1
# TimeStep c_thermo_press[1] c_thermo_press[2] c_thermo_press[3] c_thermo_press[4] c_thermo_press[5] c_thermo_press[6]
100000 382063 386399 0 -919.39 0 0
200000 384370 383597 0 1326.72 0 0
300000 384954 382511 0 -3375.84 0 0
400000 384386 383172 0 -829.03 0 0
500000 384903 382867 0 -1598.17 0 0
600000 384260 382834 0 1238.55 0 0
700000 383759 384584 0 131.102 0 0
800000 384765 382833 0 -984.258 0 0
900000 384497 384272 0 -1001.93 0 0
1000000 384928 382547 0 431.966 0 0
1100000 383408 384432 0 -905.872 0 0
1200000 385188 382677 0 -649.95 0 0
1300000 386202 382253 0 -449.334 0 0
1400000 384903 382086 0 1137.71 0 0
1500000 384449 383166 0 -845.048 0 0
1600000 386867 380629 0 1149.04 0 0
1700000 382749 384783 0 -191.55 0 0
1800000 382528 385101 0 -336.189 0 0
1900000 382712 385275 0 690.027 0 0
2000000 384843 383075 0 -3139.07 0 0
2100000 384192 384417 0 1263.93 0 0
2200000 383245 383300 0 -1066.57 0 0
2300000 384975 382035 0 -1535.28 0 0
2400000 383396 383511 0 444.871 0 0
2500000 383675 382758 0 -188.391 0 0
2600000 383564 383513 0 618.72 0 0
2700000 384671 382380 0 770.828 0 0
2800000 382588 383304 0 -1144.44 0 0
2900000 383872 382035 0 178.571 0 0
3000000 385119 380994 0 -567.61 0 0
3100000 384908 381194 0 1954.17 0 0
3200000 381948 384941 0 -840.331 0 0
3300000 382476 385397 0 -2710.92 0 0
3400000 383472 385135 0 1437.2 0 0
3500000 383340 385784 0 1969.66 0 0
3600000 385530 382237 0 -623.211 0 0
3700000 386984 382141 0 -1359.83 0 0
3800000 385821 383812 0 864.576 0 0
3900000 385626 384919 0 1301.94 0 0
4000000 384048 385475 0 368.275 0 0
4100000 383015 385540 0 -1010.74 0 0
4200000 384736 384012 0 -2712.61 0 0
4300000 382024 386777 0 390.817 0 0
4400000 385309 383448 0 1206.65 0 0
4500000 383091 384527 0 2116.58 0 0
4600000 385394 380084 0 839.924 0 0
4700000 383633 382415 0 -3268.7 0 0
4800000 385387 381931 0 1263.54 0 0
4900000 385397 382231 0 1283.85 0 0
5000000 384587 384169 0 1418.78 0 0
5100000 384126 384314 0 1441.66 0 0
5200000 381213 387580 0 -863.967 0 0
5300000 381891 386339 0 1084.44 0 0
5400000 383570 384259 0 -8.53393 0 0
5500000 380134 386115 0 1075.57 0 0
5600000 382030 386236 0 1711.38 0 0
5700000 382259 385633 0 -25.2669 0 0
5800000 386338 382577 0 1805.77 0 0
5900000 384414 383043 0 -478.053 0 0
6000000 384324 383616 0 53.5413 0 0
6100000 382431 386442 0 -431.122 0 0
6200000 382483 384630 0 -850.512 0 0
6300000 380412 387363 0 -1359.18 0 0
6400000 380666 385765 0 -2433.29 0 0
6500000 383717 383633 0 -1223.02 0 0
6600000 381865 385005 0 1435.57 0 0
6700000 382321 385875 0 290.057 0 0
6800000 385114 381244 0 -4096.57 0 0
6900000 384862 382568 0 -2092.26 0 0
7000000 384037 384306 0 -645.518 0 0
7100000 382096 385610 0 582.262 0 0
7200000 383160 383668 0 -2060.94 0 0
7300000 385155 382018 0 -125.163 0 0
7400000 382510 384008 0 -1343.61 0 0
7500000 384401 381622 0 367.625 0 0
7600000 383807 382149 0 1546.18 0 0
7700000 384838 382598 0 1376.15 0 0
7800000 387401 380616 0 -1563.08 0 0
7900000 384024 384397 0 -2116.09 0 0
8000000 381264 386354 0 -142.377 0 0
8100000 385132 382557 0 -1353.19 0 0
8200000 383588 383102 0 -728.24 0 0
8300000 385845 383387 0 -862.977 0 0
8400000 383307 384361 0 615.884 0 0
8500000 382568 385426 0 1295.32 0 0
8600000 383939 384594 0 167.021 0 0
8700000 384290 383986 0 1853.94 0 0
8800000 386210 383178 0 -2473.98 0 0
8900000 388121 381350 0 -779.587 0 0
9000000 385440 383263 0 -2108.49 0 0
9100000 382532 385703 0 3123.44 0 0
9200000 384611 383341 0 -219.763 0 0
9300000 386298 381830 0 -964.1 0 0
9400000 384865 383958 0 408.405 0 0
9500000 384385 384896 0 -365.012 0 0
9600000 386350 381507 0 2580.44 0 0
9700000 383120 384925 0 360.937 0 0
9800000 384463 384314 0 -438.309 0 0
9900000 384265 383927 0 -715.637 0 0
10000000 384188 383732 0 -1937.52 0 0
10100000 382940 385411 0 472.953 0 0
10200000 385495 384021 0 -223.705 0 0
10300000 386072 382245 0 68.7265 0 0
10400000 385764 381504 0 -2547.82 0 0
10500000 385280 384819 0 -852.892 0 0
10600000 385127 383856 0 210.607 0 0
10700000 383180 384939 0 -45.6557 0 0
10800000 384858 383884 0 1909.15 0 0
10900000 383000 385317 0 -323.198 0 0
11000000 384800 383427 0 -52.1308 0 0
11100000 381678 386204 0 -60.7036 0 0
11200000 383507 385450 0 293.442 0 0
11300000 382191 386565 0 -687.558 0 0
11400000 385584 382878 0 332.955 0 0
11500000 384541 383992 0 -1892.69 0 0
11600000 385095 384372 0 -408.391 0 0
11700000 384912 384389 0 820.014 0 0
11800000 382643 385085 0 -311.938 0 0
11900000 384720 383754 0 310.052 0 0
12000000 380287 387874 0 174.144 0 0
12100000 385517 382620 0 1381.85 0 0
12200000 383944 385004 0 1060.68 0 0
12300000 388101 379899 0 644.168 0 0
12400000 385017 382453 0 999.881 0 0
12500000 386359 381906 0 -2543.95 0 0
12600000 384893 383169 0 597.251 0 0
12700000 382689 385156 0 -871.022 0 0
12800000 384493 384000 0 -942.861 0 0
12900000 387410 381849 0 -375.394 0 0
13000000 389325 381563 0 1215.63 0 0
13100000 387538 381079 0 -764.174 0 0
13200000 387340 381043 0 -1722.47 0 0
13300000 388170 380681 0 -2314.91 0 0
13400000 387468 380687 0 -3078.81 0 0
13500000 385412 382914 0 -569.085 0 0
13600000 385646 381869 0 667.953 0 0
13700000 384737 382904 0 -505.137 0 0
13800000 384838 383430 0 1169.52 0 0
13900000 384355 385944 0 -734.432 0 0
14000000 384198 384379 0 -1248.6 0 0
14100000 388815 380501 0 670.942 0 0
14200000 386850 382922 0 -346.517 0 0
14300000 385330 384613 0 840.112 0 0
14400000 384971 382415 0 530.679 0 0
14500000 385507 382990 0 -436.326 0 0
14600000 384914 382906 0 415.628 0 0
14700000 385774 383094 0 -755.926 0 0
14800000 385561 384046 0 2447.52 0 0
14900000 384024 384822 0 -728.303 0 0
15000000 382909 385172 0 -2147 0 0
15100000 387272 381112 0 4084.56 0 0
15200000 383421 385339 0 563.19 0 0
15300000 382217 385681 0 1526.63 0 0
15400000 383741 383864 0 -206.956 0 0
15500000 383064 384324 0 1913.11 0 0
15600000 384805 382725 0 -1040.32 0 0
15700000 383265 385450 0 444.742 0 0
15800000 383675 385051 0 -1054.92 0 0
15900000 382540 385327 0 12.4561 0 0
16000000 382985 385082 0 -1939.68 0 0
16100000 384306 384754 0 2193.01 0 0
16200000 381832 386565 0 1834.99 0 0
16300000 385027 384049 0 -2112.38 0 0
16400000 384549 383922 0 -746.649 0 0
16500000 382561 384399 0 -2789 0 0
16600000 385660 382103 0 -2823.84 0 0
16700000 383504 385413 0 784.888 0 0
16800000 383156 384147 0 192.325 0 0
16900000 383872 383560 0 538.731 0 0
17000000 385238 382201 0 764.905 0 0
17100000 386088 381746 0 808.927 0 0
17200000 382352 385241 0 1674.77 0 0
17300000 384587 382832 0 2065.51 0 0
17400000 385173 384020 0 -1868.3 0 0
17500000 385494 384749 0 -529.945 0 0
17600000 384445 383282 0 454.319 0 0
17700000 383601 384906 0 302.8 0 0
17800000 382858 386313 0 -394.881 0 0
17900000 384212 384337 0 737.607 0 0
18000000 383534 385428 0 -1058.33 0 0
18100000 383353 387631 0 101.893 0 0
18200000 384187 385787 0 1175.74 0 0
18300000 382502 386760 0 210.618 0 0
18400000 386287 384127 0 329.811 0 0
18500000 384203 387106 0 -157.164 0 0
18600000 382992 384647 0 -2240.78 0 0
18700000 385704 382501 0 405.343 0 0
18800000 387002 381294 0 -800.299 0 0
18900000 385021 384718 0 -104.945 0 0
19000000 385298 383677 0 1448.04 0 0
19100000 383704 384449 0 -273.102 0 0
19200000 384495 383423 0 -2522.79 0 0
19300000 385226 383987 0 977.183 0 0
19400000 382539 385124 0 70.6615 0 0
19500000 382911 385153 0 744.183 0 0
19600000 385829 383169 0 -1825.01 0 0
19700000 384823 384093 0 -1339.62 0 0
19800000 384031 383967 0 -1050.09 0 0
19900000 383349 384889 0 -1116.78 0 0
20000000 383791 383938 0 -14.203 0 0
20100000 383856 384754 0 18.6421 0 0
20200000 382472 385063 0 -323.066 0 0
20300000 383212 384690 0 2073.53 0 0
20400000 382887 384614 0 -551.743 0 0
20500000 384653 383566 0 302.232 0 0
20600000 385632 382898 0 -1409.81 0 0
20700000 380659 387515 0 2010 0 0
20800000 386461 382150 0 1900.26 0 0
20900000 384933 382261 0 65.9221 0 0
21000000 383913 384554 0 1371.4 0 0
21100000 383210 384305 0 1306.03 0 0
21200000 385417 383398 0 643.995 0 0
21300000 385254 384335 0 -121.935 0 0
21400000 384629 383421 0 -1313.84 0 0
21500000 387885 379290 0 884.421 0 0
21600000 385615 381674 0 538.74 0 0
21700000 385502 382434 0 2028.47 0 0
21800000 384560 383372 0 1366.39 0 0
21900000 384831 382110 0 -214.504 0 0
22000000 386214 383265 0 1682.92 0 0
22100000 383265 384650 0 1000.19 0 0
22200000 383474 384495 0 -1035.13 0 0
22300000 385581 385271 0 -378.36 0 0
22400000 383809 385351 0 1718.68 0 0
22500000 386006 382942 0 613.064 0 0
22600000 383958 383959 0 1801.23 0 0
22700000 385144 383505 0 2208.29 0 0
22800000 384266 383119 0 -1231.55 0 0
22900000 381957 385788 0 -295.393 0 0
23000000 382869 384913 0 -1404.63 0 0
23100000 382798 386223 0 3187.04 0 0
23200000 383280 386511 0 -771.968 0 0
23300000 385481 383768 0 -950.523 0 0
23400000 384436 385457 0 1504.68 0 0
23500000 381625 387999 0 726.17 0 0
23600000 384706 383498 0 1870.56 0 0
23700000 383709 384874 0 -679.609 0 0
23800000 383939 384534 0 1078.5 0 0
23900000 384112 384828 0 1454.79 0 0
24000000 383574 385453 0 1404.84 0 0
24100000 383932 385149 0 -594.406 0 0
24200000 385630 382116 0 2034.81 0 0
24300000 384167 384430 0 -2257.06 0 0
24400000 385360 384565 0 -2611.77 0 0
24500000 383467 384788 0 -1105.99 0 0
24600000 384544 385008 0 -725.143 0 0
24700000 385326 384542 0 390.311 0 0
24800000 385680 384593 0 -2696.3 0 0
24900000 384611 384619 0 -1370.49 0 0
25000000 386242 382331 0 -798.724 0 0
25100000 386470 382355 0 2872.72 0 0
25200000 384919 383867 0 -13.8199 0 0
25300000 385318 382774 0 883.6 0 0
25400000 386276 383705 0 -250.844 0 0
25500000 385560 384420 0 -2402.96 0 0
25600000 381783 387158 0 -1023.63 0 0
25700000 381833 387075 0 1290.57 0 0
25800000 387319 382526 0 736.831 0 0
25900000 384211 384776 0 -2031.2 0 0
26000000 381695 387127 0 -1570.6 0 0
26100000 382563 387222 0 -67.4962 0 0
26200000 386768 381730 0 914.036 0 0
26300000 386095 383143 0 777.712 0 0
26400000 383240 384292 0 -1712.53 0 0
26500000 386635 381892 0 625.063 0 0
26600000 387478 380795 0 374.13 0 0
26700000 384803 382397 0 896.988 0 0
26800000 385158 383135 0 1104.83 0 0
26900000 380421 387050 0 -1980.06 0 0
27000000 383659 383087 0 1693.08 0 0
27100000 381795 384906 0 384.145 0 0
27200000 382029 385284 0 164.915 0 0
27300000 384500 383074 0 -706.723 0 0
27400000 384949 383227 0 -1597.13 0 0
27500000 383723 383716 0 -1077.44 0 0
27600000 384218 382575 0 -475.461 0 0
27700000 385200 382459 0 -1683.07 0 0
27800000 385119 384057 0 -1068.21 0 0
27900000 388133 380653 0 -384.015 0 0
28000000 385601 382841 0 1363.32 0 0
28100000 383283 385127 0 -611.061 0 0
28200000 384706 382117 0 257.643 0 0
28300000 385450 383150 0 -294.876 0 0
28400000 382416 384744 0 1356.9 0 0
28500000 385352 381899 0 -969.97 0 0
28600000 385299 381746 0 -1140.34 0 0
28700000 383608 385820 0 1326.9 0 0
28800000 385303 382617 0 -2048.42 0 0
28900000 384752 382569 0 412.889 0 0
29000000 382744 384295 0 1176.45 0 0
29100000 384078 383448 0 395.265 0 0
29200000 383507 384960 0 39.9691 0 0
29300000 382087 384545 0 -2648.66 0 0
29400000 383423 384232 0 -245.269 0 0
29500000 382732 384499 0 2853.12 0 0
29600000 384007 382376 0 -1021.87 0 0
29700000 382401 383856 0 -254.399 0 0
29800000 382540 383807 0 -514.392 0 0
29900000 384951 382535 0 851.851 0 0
30000000 383092 383778 0 2908.74 0 0
30100000 384739 381980 0 1041.63 0 0
30200000 385320 383691 0 2622.59 0 0
30300000 385008 382684 0 -1718.04 0 0
30400000 383489 384601 0 339.666 0 0
30500000 384391 383358 0 -680.736 0 0
30600000 384746 383062 0 -734.936 0 0
30700000 384290 382876 0 485.656 0 0
30800000 384356 384185 0 -1390.84 0 0
30900000 383670 385080 0 -238.013 0 0
31000000 381345 385323 0 -1339.27 0 0
31100000 380486 386888 0 279.136 0 0
31200000 382240 384488 0 1557.77 0 0
31300000 380797 385308 0 -1447.71 0 0
31400000 383051 382210 0 263.276 0 0
31500000 383451 384346 0 -402.309 0 0
31600000 383320 383718 0 -1352.06 0 0
31700000 383970 382892 0 -1414.05 0 0
31800000 383452 384255 0 -80.4004 0 0
31900000 385481 381292 0 -169.191 0 0
32000000 385020 382061 0 -1995.84 0 0
32100000 383653 383120 0 -1177.75 0 0
32200000 385157 382265 0 -1850.16 0 0
32300000 385602 381348 0 1390.78 0 0
32400000 383717 383639 0 -1663.2 0 0
32500000 384290 383315 0 236.493 0 0
32600000 384235 383569 0 -665.415 0 0
32700000 381880 384914 0 2074.36 0 0
32800000 382192 383728 0 2073.61 0 0
32900000 384730 383082 0 -2548.28 0 0
33000000 382371 384969 0 -2289.67 0 0
33100000 382109 384901 0 -2653.76 0 0
33200000 383787 381143 0 -1441.76 0 0
33300000 384728 382200 0 -1563.11 0 0
33400000 384819 382051 0 -630.545 0 0
33500000 383989 384346 0 -2390.33 0 0
33600000 383863 384188 0 672.335 0 0
33700000 381831 385759 0 228.48 0 0
33800000 381452 385584 0 1083.42 0 0
33900000 383425 384109 0 -1594.56 0 0
34000000 384381 381872 0 -590.163 0 0
34100000 382677 384885 0 -564.21 0 0
34200000 382775 384331 0 -2455.86 0 0
34300000 383029 385102 0 -786.436 0 0
34400000 384143 384300 0 -2843.46 0 0
34500000 385272 383010 0 683.164 0 0
34600000 385116 383224 0 1420.58 0 0
34700000 383632 385032 0 1539.27 0 0
34800000 382190 385158 0 1823.76 0 0
34900000 384388 382277 0 -410.321 0 0
35000000 384282 383645 0 244.197 0 0
35100000 382576 386167 0 2260.12 0 0
35200000 382350 385952 0 -120.344 0 0
35300000 386317 382464 0 -76.6802 0 0
35400000 382518 384550 0 2326.86 0 0
35500000 385275 381995 0 2961.89 0 0
35600000 381790 384868 0 1864.21 0 0
35700000 385633 382956 0 -907.743 0 0
35800000 384066 383790 0 1074.29 0 0
35900000 384277 385816 0 -20.5838 0 0
36000000 384354 384442 0 -51.4 0 0
36100000 386283 380732 0 -312.678 0 0
36200000 383300 384997 0 -1114.23 0 0
36300000 384701 383662 0 595.207 0 0
36400000 385077 382292 0 -1119.36 0 0
36500000 383504 385362 0 696.088 0 0
36600000 384212 383546 0 -1790.22 0 0
36700000 382531 387225 0 -2688.22 0 0
36800000 382045 385462 0 675.872 0 0
36900000 384179 384273 0 -178.555 0 0
37000000 381728 385325 0 -483.231 0 0
37100000 384261 383150 0 -24.334 0 0
37200000 385218 384138 0 523.592 0 0
37300000 382078 386671 0 -1051.91 0 0
37400000 381076 388046 0 638.856 0 0
37500000 384356 385136 0 2318.01 0 0
37600000 383899 386929 0 -1690.36 0 0
37700000 382869 386727 0 2011.18 0 0
37800000 384809 385703 0 -2067.86 0 0
37900000 384370 385573 0 2937.63 0 0
38000000 384295 385101 0 649.567 0 0
38100000 383044 385922 0 1400.47 0 0
38200000 384615 385109 0 -579.497 0 0
38300000 385882 383763 0 -1595.23 0 0
38400000 385589 385322 0 2390.25 0 0
38500000 381457 388187 0 920.515 0 0
38600000 385582 385005 0 565.684 0 0
38700000 384161 385632 0 309.926 0 0
38800000 386321 383953 0 415.552 0 0
38900000 384861 385131 0 -1980.37 0 0
39000000 385433 382850 0 -243.391 0 0
39100000 386509 382522 0 1996.31 0 0
39200000 386687 383282 0 -2250.93 0 0
39300000 384493 385081 0 -2341.59 0 0
39400000 383258 386662 0 -1253.96 0 0
39500000 383525 385115 0 -978.839 0 0
39600000 386464 382575 0 -1012.71 0 0
39700000 383439 386246 0 -1122.04 0 0
39800000 383893 384338 0 -3759.65 0 0
39900000 385658 384398 0 -38.9499 0 0
40000000 385748 384469 0 -410.968 0 0
40100000 383291 386026 0 -276.871 0 0
40200000 386091 383120 0 1667.96 0 0
40300000 385867 383415 0 -136.765 0 0
40400000 385258 384141 0 -187.347 0 0
40500000 385599 383497 0 877.841 0 0
40600000 384519 384050 0 -646.865 0 0
40700000 383445 386474 0 -421.788 0 0
40800000 384460 385837 0 2363.09 0 0
40900000 382267 386065 0 1899.16 0 0
41000000 385237 385372 0 246.281 0 0
41100000 383379 385165 0 353.875 0 0
41200000 384336 384788 0 469.574 0 0
41300000 386774 383362 0 -310.38 0 0
41400000 384619 386739 0 -142.482 0 0
41500000 385551 386195 0 -24.6057 0 0
41600000 387813 382250 0 -52.8333 0 0
41700000 382950 386906 0 -2224.51 0 0
41800000 384562 385632 0 -1311.55 0 0
41900000 382606 387155 0 -412.804 0 0
42000000 382994 385955 0 -2131.54 0 0
42100000 384877 383955 0 1548.17 0 0
42200000 384734 385092 0 -1352.95 0 0
42300000 385149 385056 0 760.744 0 0
42400000 385020 384078 0 -1218.84 0 0
42500000 383778 385379 0 -1283.26 0 0
42600000 384298 383581 0 -825.253 0 0
42700000 384786 383487 0 -1052.78 0 0
42800000 383759 385098 0 205.439 0 0
42900000 387367 383131 0 335.011 0 0
43000000 384272 385226 0 -815.715 0 0
43100000 386664 382893 0 1944.96 0 0
43200000 384885 383484 0 1368.08 0 0
43300000 386616 382980 0 2298.27 0 0
43400000 384332 384759 0 -954.474 0 0
43500000 382973 386268 0 -407.531 0 0
43600000 384401 384770 0 745.129 0 0
43700000 384979 385887 0 636.428 0 0
43800000 384866 385925 0 -83.421 0 0
43900000 385220 385599 0 -1015.14 0 0
44000000 385873 383817 0 -2102.64 0 0
44100000 383129 385262 0 -588.67 0 0
44200000 384806 383967 0 382.293 0 0
44300000 383715 384685 0 -1984.31 0 0
44400000 384920 384912 0 -2978.9 0 0
44500000 388371 380975 0 -897.822 0 0
44600000 387897 382789 0 3313.11 0 0
44700000 386459 383063 0 -1629.22 0 0
44800000 383444 386060 0 804.669 0 0
44900000 384188 384489 0 223.759 0 0
45000000 384179 384434 0 -1999.6 0 0
45100000 386145 382440 0 -1657.7 0 0
45200000 380548 387507 0 889.809 0 0
45300000 384050 384677 0 -262.986 0 0
45400000 385948 383048 0 -544.726 0 0
45500000 385966 381862 0 682.06 0 0
45600000 384808 383098 0 -451.667 0 0
45700000 383694 385055 0 1717.2 0 0
45800000 384530 384592 0 1011.47 0 0
45900000 383491 384880 0 565.155 0 0
46000000 386602 381407 0 95.6186 0 0
46100000 386612 382381 0 -1211.24 0 0
46200000 384533 384990 0 1533.84 0 0
46300000 382795 385869 0 -393.343 0 0
46400000 386043 382356 0 457.106 0 0
46500000 383623 384607 0 -395.402 0 0
46600000 384804 382149 0 2644.92 0 0
46700000 381757 386223 0 2399.25 0 0
46800000 382814 385535 0 -2158.81 0 0
46900000 385545 383723 0 -1005.5 0 0
47000000 386161 383084 0 1524.88 0 0
47100000 384399 383900 0 -445.834 0 0
47200000 381133 386230 0 2259.02 0 0
47300000 384507 383280 0 79.1468 0 0
47400000 381293 387119 0 -23.4682 0 0
47500000 379025 388019 0 2237.15 0 0
47600000 380865 387329 0 3671.3 0 0
47700000 384108 383975 0 2052.04 0 0
47800000 384746 384189 0 1419.54 0 0
47900000 382058 385821 0 3422.76 0 0
48000000 380393 388676 0 1827.58 0 0
48100000 383979 385734 0 -1115.21 0 0
48200000 384303 384285 0 -1966.97 0 0
48300000 382788 385445 0 160.93 0 0
48400000 383954 384254 0 -2123.4 0 0
48500000 383192 384191 0 765.97 0 0
48600000 384505 385168 0 -413.015 0 0
48700000 384198 383996 0 -2314.2 0 0
48800000 380839 388412 0 2176.04 0 0
48900000 383880 384335 0 588.646 0 0
49000000 386507 383395 0 204.7 0 0
49100000 383601 384688 0 3629.03 0 0
49200000 383906 385319 0 467.489 0 0
49300000 386591 382633 0 1307.14 0 0
49400000 384663 383196 0 -1578.39 0 0
49500000 382816 385097 0 -780.116 0 0
49600000 385303 384921 0 -1688.67 0 0
49700000 382650 384021 0 -1138.92 0 0
49800000 382063 383034 0 -946.952 0 0
49900000 383856 383051 0 -365.234 0 0
50000000 384796 381007 0 -3072.76 0 0
