# Time-averaged data for fix ps1
# TimeStep c_thermo_press[1] c_thermo_press[2] c_thermo_press[3] c_thermo_press[4] c_thermo_press[5] c_thermo_press[6]
100000 333843 331952 0 -1366.58 0 0
200000 333856 331813 0 -1341.93 0 0
300000 333975 331776 0 -2009.44 0 0
400000 333603 332214 0 -2605.81 0 0
500000 333900 331886 0 -3082.36 0 0
600000 333660 331904 0 -3631.76 0 0
700000 334030 331763 0 -4247.59 0 0
800000 333698 332208 0 -4695.6 0 0
900000 333924 331880 0 -4859.41 0 0
1000000 333800 331970 0 -5449.71 0 0
1100000 333848 332113 0 -5976.59 0 0
1200000 333871 332286 0 -6511.31 0 0
1300000 333828 332188 0 -6434.97 0 0
1400000 333851 332329 0 -6802.19 0 0
1500000 333865 332099 0 -7458.44 0 0
1600000 334245 332031 0 -7880.04 0 0
1700000 334394 332079 0 -8125.7 0 0
1800000 334182 331974 0 -8470.05 0 0
1900000 334077 332253 0 -8538.52 0 0
2000000 333814 332296 0 -8678.86 0 0
2100000 334128 332112 0 -8839.24 0 0
2200000 334002 332264 0 -8813.46 0 0
2300000 334119 332210 0 -8947.47 0 0
2400000 333766 332330 0 -9057.74 0 0
2500000 334109 332223 0 -8933.53 0 0
2600000 334222 332110 0 -9086.41 0 0
2700000 333911 332253 0 -9042.27 0 0
2800000 333796 332407 0 -9174.1 0 0
2900000 334003 332350 0 -8826.23 0 0
3000000 333894 332023 0 -8710.77 0 0
3100000 333944 332441 0 -8391.69 0 0
3200000 333999 332152 0 -8575.22 0 0
3300000 333893 332332 0 -7897.58 0 0
3400000 334031 331941 0 -7824.28 0 0
3500000 334043 332007 0 -7421.32 0 0
3600000 334403 331975 0 -6998.63 0 0
3700000 334283 332112 0 -6847.01 0 0
3800000 334082 331833 0 -6078.75 0 0
3900000 334029 331682 0 -5922.17 0 0
4000000 333861 331936 0 -5678.08 0 0
4100000 333904 332203 0 -5096.54 0 0
4200000 333886 332024 0 -4643.86 0 0
4300000 333944 331784 0 -4099.7 0 0
4400000 333782 332077 0 -3569.23 0 0
4500000 334465 331498 0 -3060 0 0
4600000 333943 332088 0 -2534.25 0 0
4700000 334169 331767 0 -2251.81 0 0
4800000 334226 331844 0 -1456.06 0 0
4900000 333693 331733 0 -846.388 0 0
5000000 334080 331681 0 -635.245 0 0
5100000 333941 331830 0 143.034 0 0
5200000 333737 331824 0 974.041 0 0
5300000 333641 331698 0 1338.34 0 0
5400000 333971 331629 0 1708.74 0 0
5500000 333681 331763 0 2547.33 0 0
5600000 334432 331550 0 2759.91 0 0
5700000 334031 331688 0 3299.71 0 0
5800000 333728 331929 0 4009.03 0 0
5900000 334277 331425 0 4414.77 0 0
6000000 334131 331636 0 4981.89 0 0
6100000 333889 331956 0 4899.78 0 0
6200000 334139 331679 0 5131.55 0 0
6300000 334375 331571 0 5624.59 0 0
6400000 333912 331704 0 6014.8 0 0
6500000 334482 331383 0 5739.37 0 0
6600000 333954 331821 0 6571.89 0 0
6700000 334129 331791 0 6761.55 0 0
6800000 333964 331838 0 7113.32 0 0
6900000 334321 331709 0 7528.6 0 0
7000000 334280 331708 0 7629.09 0 0
7100000 334090 331660 0 7815.2 0 0
7200000 333974 331818 0 7739.1 0 0
7300000 334379 331699 0 7399.27 0 0
7400000 334523 331566 0 7579.9 0 0
7500000 334110 331851 0 7520.82 0 0
7600000 334180 331650 0 7606.73 0 0
7700000 334293 331640 0 7928.23 0 0
7800000 334002 331856 0 7973.27 0 0
7900000 334075 331680 0 7659.45 0 0
8000000 334294 331533 0 7593.07 0 0
8100000 333915 331834 0 7425.22 0 0
8200000 334630 331351 0 6698.04 0 0
8300000 334039 331618 0 6987.51 0 0
8400000 334106 331821 0 6745.35 0 0
8500000 333671 332040 0 5923.49 0 0
8600000 334222 331694 0 5913.87 0 0
8700000 334424 331662 0 5670.25 0 0
8800000 333934 331740 0 5154.85 0 0
8900000 334006 331615 0 4674.9 0 0
9000000 333978 331742 0 4435.44 0 0
9100000 334414 331420 0 3839.87 0 0
9200000 334036 331969 0 3255.86 0 0
9300000 333817 331867 0 2882.33 0 0
9400000 333958 331726 0 2362.85 0 0
9500000 333972 331779 0 1998.81 0 0
9600000 334152 331746 0 1278.15 0 0
9700000 334008 331874 0 724.532 0 0
9800000 334161 331845 0 185.231 0 0
9900000 334193 331692 0 -330.605 0 0
10000000 334066 331888 0 -870.415 0 0
10100000 333922 332056 0 -1207.29 0 0
10200000 334267 331396 0 -1504.16 0 0
10300000 333564 332005 0 -1918.51 0 0
10400000 333833 331964 0 -2648.19 0 0
10500000 333883 331841 0 -3140 0 0
10600000 333911 331947 0 -3606.92 0 0
10700000 333929 331779 0 -4116.76 0 0
10800000 334043 331885 0 -4764.63 0 0
10900000 334161 331862 0 -5277.9 0 0
11000000 333815 332326 0 -5561.11 0 0
11100000 334309 331867 0 -6195.62 0 0
11200000 334124 332083 0 -6501.65 0 0
11300000 333953 332083 0 -6916.72 0 0
11400000 333778 332178 0 -7391.48 0 0
11500000 333946 332131 0 -7547.42 0 0
11600000 333870 332183 0 -7809.08 0 0
11700000 334224 332162 0 -8159.05 0 0
11800000 333973 332469 0 -8187.84 0 0
11900000 333809 332426 0 -8494.48 0 0
12000000 333580 332439 0 -8439.43 0 0
12100000 334026 332250 0 -8790.67 0 0
12200000 333982 332465 0 -8684.17 0 0
12300000 334028 332188 0 -8974.2 0 0
12400000 334211 332136 0 -9084.8 0 0
12500000 333688 332648 0 -8740.25 0 0
12600000 334051 332328 0 -9235.47 0 0
12700000 333864 332377 0 -8889.6 0 0
12800000 334086 332093 0 -9024.23 0 0
12900000 333712 332347 0 -8917.55 0 0
13000000 334159 332212 0 -8686.27 0 0
13100000 333949 332298 0 -8506.89 0 0
13200000 333753 332332 0 -8294.3 0 0
13300000 333961 332198 0 -8089.32 0 0
13400000 333818 332209 0 -7880.26 0 0
13500000 333733 332254 0 -7241.88 0 0
13600000 333836 332243 0 -7076.59 0 0
13700000 334102 332173 0 -6696.2 0 0
13800000 334182 332078 0 -6473.33 0 0
13900000 334055 332002 0 -6175.2 0 0
14000000 334052 332006 0 -5773.2 0 0
14100000 333805 332043 0 -5099.74 0 0
14200000 334087 331901 0 -4547.85 0 0
14300000 334393 331629 0 -4414.32 0 0
14400000 333751 332179 0 -3576.05 0 0
14500000 333841 331737 0 -3278.78 0 0
14600000 333951 331727 0 -2321.73 0 0
14700000 333913 331619 0 -2211.41 0 0
14800000 334040 331729 0 -1481.75 0 0
14900000 334483 331488 0 -1066.87 0 0
15000000 334061 331801 0 -426.306 0 0
15100000 333990 331782 0 -21.5282 0 0
15200000 334147 331513 0 685.63 0 0
15300000 333808 331960 0 897.093 0 0
15400000 334446 331540 0 1774.65 0 0
15500000 333915 331763 0 2464.34 0 0
15600000 333286 332156 0 2694.59 0 0
15700000 334171 331441 0 3188.13 0 0
15800000 333627 332150 0 3903.38 0 0
15900000 333816 331569 0 4435.5 0 0
16000000 334199 331711 0 4289.29 0 0
16100000 333631 332217 0 4915.4 0 0
16200000 334122 331664 0 5591.3 0 0
16300000 334048 331642 0 6285.73 0 0
16400000 333719 331673 0 6894.36 0 0
16500000 333931 331857 0 6777.48 0 0
16600000 333823 331783 0 6698.74 0 0
16700000 334222 331797 0 6591.67 0 0
16800000 334040 331727 0 7033.97 0 0
16900000 333947 331841 0 7445.2 0 0
17000000 333949 331787 0 7635.87 0 0
17100000 334149 331893 0 7478.28 0 0
17200000 333946 331861 0 7899.26 0 0
17300000 334230 331812 0 7794.45 0 0
17400000 333930 331898 0 8107.27 0 0
17500000 334411 331572 0 8086.03 0 0
17600000 334068 331916 0 7864.29 0 0
17700000 334087 331941 0 7697.95 0 0
17800000 334125 331757 0 7313.31 0 0
17900000 334403 331388 0 7701.83 0 0
18000000 333991 332030 0 7607.55 0 0
18100000 334534 331487 0 7408.64 0 0
18200000 334122 331888 0 6847.27 0 0
18300000 334209 331454 0 6802.25 0 0
18400000 334370 331391 0 6603.11 0 0
18500000 334219 331642 0 5882.66 0 0
18600000 334325 331514 0 5836.24 0 0
18700000 333853 331769 0 5675.96 0 0
18800000 334186 331622 0 4689.39 0 0
18900000 333909 331740 0 4356.24 0 0
19000000 334336 331443 0 4135.07 0 0
19100000 333901 331748 0 3939.71 0 0
19200000 333870 331816 0 3444.05 0 0
19300000 334256 331557 0 2769.86 0 0
19400000 333802 331711 0 2348.09 0 0
19500000 333946 331815 0 1840.48 0 0
19600000 334090 331726 0 1346.35 0 0
19700000 334297 331786 0 774.517 0 0
19800000 333743 331798 0 269.001 0 0
19900000 334024 331923 0 -709.799 0 0
20000000 334118 331747 0 -1097.94 0 0
20100000 333826 331998 0 -1518.27 0 0
20200000 333746 332016 0 -1245.62 0 0
20300000 334097 331955 0 -1970.71 0 0
20400000 334060 331889 0 -2602.19 0 0
20500000 333762 331935 0 -3022.24 0 0
20600000 334158 332053 0 -3777.79 0 0
20700000 333899 331879 0 -3863.49 0 0
20800000 333749 332239 0 -4580.73 0 0
20900000 334026 331977 0 -5098.16 0 0
21000000 333758 332254 0 -5373.12 0 0
21100000 334115 331925 0 -6112.08 0 0
21200000 333914 332049 0 -6484.76 0 0
21300000 334291 331935 0 -6884.28 0 0
21400000 334068 331935 0 -7115.29 0 0
21500000 333959 332130 0 -7397.83 0 0
21600000 334171 331975 0 -8052.3 0 0
21700000 333982 332390 0 -8190.54 0 0
21800000 333927 332131 0 -8194.39 0 0
21900000 333935 332299 0 -8511.27 0 0
22000000 334141 332047 0 -8515.95 0 0
22100000 334040 332302 0 -8820.66 0 0
22200000 333742 332526 0 -8823.25 0 0
22300000 334283 332134 0 -8907.66 0 0
22400000 334128 332309 0 -9183.8 0 0
22500000 333851 332356 0 -8935.91 0 0
22600000 333676 332412 0 -9022.59 0 0
22700000 334001 332511 0 -9004.14 0 0
22800000 333924 332242 0 -9052.73 0 0
22900000 334102 332191 0 -8700.24 0 0
23000000 334130 332068 0 -8835.62 0 0
23100000 333852 332186 0 -8571.04 0 0
23200000 334037 332323 0 -8352.07 0 0
23300000 334279 332011 0 -7996.45 0 0
23400000 333671 332256 0 -8014.48 0 0
23500000 334070 332065 0 -7495.47 0 0
23600000 333951 331960 0 -7178.89 0 0
23700000 333946 332255 0 -6667.12 0 0
23800000 334016 332167 0 -6510.21 0 0
23900000 333992 332052 0 -5933.76 0 0
24000000 334035 332143 0 -5388.9 0 0
24100000 334148 331721 0 -4986.63 0 0
24200000 333849 332051 0 -4647.97 0 0
24300000 334002 331991 0 -4357.09 0 0
24400000 333866 331999 0 -3822.06 0 0
24500000 333907 331877 0 -3040.48 0 0
24600000 333912 331975 0 -2622.43 0 0
24700000 333815 331914 0 -1916.9 0 0
24800000 333944 331944 0 -1462.54 0 0
24900000 333865 331833 0 -818.332 0 0
25000000 333852 332012 0 -361.887 0 0
25100000 333763 331893 0 167.616 0 0
25200000 333899 331942 0 579.408 0 0
25300000 333934 331572 0 1246.7 0 0
25400000 333638 331814 0 1783 0 0
25500000 334030 331622 0 2395.27 0 0
25600000 334193 331520 0 2650.66 0 0
25700000 334344 331554 0 3404.26 0 0
25800000 333767 331643 0 3976.39 0 0
25900000 333790 331961 0 4167.18 0 0
26000000 334022 331755 0 4888.63 0 0
26100000 333889 331703 0 5269.64 0 0
26200000 334484 331908 0 5082 0 0
26300000 334115 331659 0 6183.11 0 0
26400000 334036 331602 0 6391.55 0 0
26500000 334128 331670 0 6557.64 0 0
26600000 334022 331700 0 6737.18 0 0
26700000 333509 331746 0 7562.3 0 0
26800000 334229 331595 0 7467.8 0 0
26900000 334195 331474 0 7894.56 0 0
27000000 334259 331526 0 8121.75 0 0
27100000 334352 331552 0 7899.56 0 0
27200000 333198 332344 0 7005.72 0 0
27300000 333750 332074 0 6859.57 0 0
27400000 334260 331624 0 8504.65 0 0
27500000 334482 331400 0 8499.19 0 0
27600000 334170 331839 0 8590.57 0 0
27700000 333956 331710 0 7948.48 0 0
27800000 334871 330763 0 8292.62 0 0
27900000 334541 331073 0 7494.04 0 0
28000000 334313 331351 0 7257.95 0 0
28100000 334191 331348 0 7263.55 0 0
28200000 334809 330721 0 7404.55 0 0
28300000 334455 331092 0 6942.6 0 0
28400000 334625 330978 0 6287.76 0 0
28500000 334708 331049 0 6069.99 0 0
28600000 334584 331326 0 5891.99 0 0
28700000 334734 330733 0 5865.58 0 0
28800000 334464 331131 0 5584.53 0 0
28900000 334555 331211 0 5119.22 0 0
29000000 334396 331249 0 4622.42 0 0
29100000 334513 331248 0 4269.34 0 0
29200000 334236 331106 0 4024.94 0 0
29300000 334349 331358 0 3485.49 0 0
29400000 334631 331041 0 2853.89 0 0
29500000 334434 331247 0 2526.42 0 0
29600000 334777 331072 0 1871.85 0 0
29700000 334882 330957 0 1314.8 0 0
29800000 334690 330837 0 561.618 0 0
29900000 334779 330854 0 -203.83 0 0
30000000 334880 331187 0 -381.566 0 0
30100000 334657 331119 0 -583.79 0 0
30200000 334702 331257 0 -1569.17 0 0
30300000 334836 330866 0 -2030.35 0 0
30400000 334637 331034 0 -2697.65 0 0
30500000 334572 331261 0 -3350.88 0 0
30600000 334515 331469 0 -3566.16 0 0
30700000 334814 330879 0 -4359.38 0 0
30800000 334851 331243 0 -4673.65 0 0
30900000 334629 331336 0 -5370.4 0 0
31000000 334469 331438 0 -5443.58 0 0
31100000 334395 331466 0 -6138.04 0 0
31200000 334604 331422 0 -6423.52 0 0
31300000 334426 331315 0 -6763.94 0 0
31400000 334612 331450 0 -7200.43 0 0
31500000 334828 331415 0 -7562.29 0 0
31600000 334441 331495 0 -7903.85 0 0
31700000 334542 331680 0 -8389.91 0 0
31800000 334528 331636 0 -8187.35 0 0
31900000 334652 331465 0 -8570.22 0 0
32000000 334579 331765 0 -8982.35 0 0
32100000 334593 331574 0 -8767.54 0 0
32200000 334644 331404 0 -8997.09 0 0
32300000 334666 331795 0 -8959.3 0 0
32400000 334980 331555 0 -9023.97 0 0
32500000 334627 331505 0 -9297.74 0 0
32600000 334838 331546 0 -9357.72 0 0
32700000 334432 331648 0 -8994.25 0 0
32800000 335015 331384 0 -8995.04 0 0
32900000 334603 331444 0 -9182.01 0 0
33000000 334669 331461 0 -8659.31 0 0
33100000 334742 331504 0 -8655.58 0 0
33200000 334754 331528 0 -8215.29 0 0
33300000 334711 331477 0 -7963.41 0 0
33400000 334734 331536 0 -7973.31 0 0
33500000 334516 331439 0 -7479.45 0 0
33600000 334809 331334 0 -7206.13 0 0
33700000 334489 331543 0 -6886.48 0 0
33800000 334607 331182 0 -6361.87 0 0
33900000 334529 331424 0 -5713.66 0 0
34000000 334468 331575 0 -5445.03 0 0
34100000 334609 331265 0 -5202.84 0 0
34200000 334641 331237 0 -4457 0 0
34300000 334633 331116 0 -4192.97 0 0
34400000 334628 331162 0 -3679.61 0 0
34500000 334434 331273 0 -3110.18 0 0
34600000 334543 331287 0 -2755.18 0 0
34700000 334428 331345 0 -2079.89 0 0
34800000 334917 331147 0 -1812.83 0 0
34900000 334082 331531 0 -1252.01 0 0
35000000 333899 331697 0 -40.8815 0 0
35100000 334196 331929 0 -125.836 0 0
35200000 334051 331900 0 769.154 0 0
35300000 334258 331662 0 1185.31 0 0
35400000 334096 331664 0 1708.35 0 0
35500000 333642 331888 0 2034.28 0 0
35600000 333824 331686 0 2980.38 0 0
35700000 334242 331721 0 2772.02 0 0
35800000 334100 331582 0 3852.78 0 0
35900000 334422 331562 0 4097.67 0 0
36000000 333733 331776 0 5090.24 0 0
36100000 333969 331498 0 5154.07 0 0
36200000 334127 331682 0 5275 0 0
36300000 334258 331447 0 5822.71 0 0
36400000 334461 331361 0 6374.31 0 0
36500000 333944 331652 0 6348.1 0 0
36600000 334100 331378 0 6960.31 0 0
36700000 333538 332254 0 7184.48 0 0
36800000 333570 332058 0 7484.99 0 0
36900000 333552 332408 0 7171.08 0 0
37000000 334023 331722 0 7606.42 0 0
37100000 333802 331832 0 7577.46 0 0
37200000 334101 331797 0 7980.85 0 0
37300000 334278 331494 0 7943.99 0 0
37400000 333888 331910 0 7697.11 0 0
37500000 334265 331762 0 8131.19 0 0
37600000 333979 331843 0 8072.74 0 0
37700000 334257 331778 0 7459.57 0 0
37800000 334228 331758 0 7874.3 0 0
37900000 333993 331960 0 7439.84 0 0
38000000 333866 331818 0 7671.96 0 0
38100000 334385 331573 0 7346.58 0 0
38200000 334148 331664 0 7061.57 0 0
38300000 334324 331455 0 6741.64 0 0
38400000 333902 331961 0 7082.15 0 0
38500000 334095 331697 0 6187.87 0 0
38600000 333907 331886 0 5591.05 0 0
38700000 333962 331886 0 5715.38 0 0
38800000 334277 331611 0 5317.65 0 0
38900000 334143 331831 0 4304 0 0
39000000 334135 331604 0 4398.1 0 0
39100000 334220 331702 0 3844.34 0 0
39200000 334118 331654 0 3504.56 0 0
39300000 334160 331854 0 2842.19 0 0
39400000 334137 331877 0 2422.59 0 0
39500000 334206 331501 0 1885.04 0 0
39600000 334128 331957 0 1283.74 0 0
39700000 334428 331632 0 627.693 0 0
39800000 333790 331886 0 320.229 0 0
39900000 333910 331795 0 -435.404 0 0
40000000 334437 331716 0 -980.769 0 0
40100000 334069 331872 0 -1343.44 0 0
40200000 333933 332011 0 -2029.07 0 0
40300000 333854 332139 0 -2351.9 0 0
40400000 334583 331505 0 -3197.44 0 0
40500000 334379 331818 0 -3813.52 0 0
40600000 334087 331842 0 -4134.07 0 0
40700000 333918 331759 0 -4186.37 0 0
40800000 333780 332135 0 -4568.84 0 0
40900000 333690 332063 0 -5174.54 0 0
41000000 333842 332033 0 -5409.31 0 0
41100000 334082 331905 0 -5947.23 0 0
41200000 334078 332181 0 -6483.02 0 0
41300000 333933 332118 0 -6838.35 0 0
41400000 333920 332142 0 -7067.19 0 0
41500000 334207 332014 0 -7602.47 0 0
41600000 333728 332298 0 -7606.07 0 0
41700000 334120 332187 0 -8107.82 0 0
41800000 334171 332198 0 -8497.25 0 0
41900000 334020 332185 0 -8553.54 0 0
42000000 333823 332210 0 -8498.36 0 0
42100000 333951 332232 0 -8516.51 0 0
42200000 333937 332287 0 -8971.71 0 0
42300000 334076 332071 0 -9097.95 0 0
42400000 333945 332439 0 -8923.62 0 0
42500000 334084 332346 0 -9298.17 0 0
42600000 334174 332115 0 -9151.93 0 0
42700000 334053 332106 0 -9020.81 0 0
42800000 333818 332374 0 -8789.02 0 0
42900000 333926 332266 0 -8655.28 0 0
43000000 334001 332340 0 -8749.91 0 0
43100000 334000 332269 0 -8549.51 0 0
43200000 333906 332219 0 -8139.4 0 0
43300000 333862 332246 0 -7977.09 0 0
43400000 334212 332051 0 -7931.19 0 0
43500000 334255 331836 0 -7658.39 0 0
43600000 333622 332416 0 -6792.61 0 0
43700000 333684 332256 0 -6566.86 0 0
43800000 333908 332188 0 -6293.84 0 0
43900000 334190 331899 0 -6097.7 0 0
44000000 333855 332133 0 -5554.08 0 0
44100000 334101 331920 0 -5176.41 0 0
44200000 333827 332006 0 -4617.68 0 0
44300000 333961 331895 0 -4238.7 0 0
44400000 334063 331921 0 -3615.5 0 0
44500000 333878 331953 0 -3133.13 0 0
44600000 333886 331960 0 -2388.03 0 0
44700000 333899 331920 0 -1972.36 0 0
44800000 333830 331926 0 -1214.85 0 0
44900000 333776 331991 0 -651.245 0 0
45000000 333820 331968 0 -488.138 0 0
45100000 334134 331663 0 171.7 0 0
45200000 333992 331639 0 585.103 0 0
45300000 333793 331943 0 1356.02 0 0
45400000 333622 332055 0 1480.82 0 0
45500000 333763 331878 0 2411.23 0 0
45600000 333832 331836 0 2885.17 0 0
45700000 334123 331733 0 3233.98 0 0
45800000 334366 331270 0 3703.7 0 0
45900000 334332 331453 0 4196.98 0 0
46000000 334070 331911 0 4826.04 0 0
46100000 334073 331650 0 5146.8 0 0
46200000 334083 331412 0 5762.01 0 0
46300000 334436 331491 0 6023.84 0 0
46400000 334215 331718 0 6448.97 0 0
46500000 334100 331720 0 7031.28 0 0
46600000 334317 331542 0 6691.07 0 0
46700000 334380 331656 0 7191.71 0 0
46800000 334117 331531 0 7634.08 0 0
46900000 334434 331403 0 7851.05 0 0
47000000 333675 331789 0 7881.17 0 0
47100000 333812 331805 0 7852.77 0 0
47200000 334365 331513 0 8344.37 0 0
47300000 334266 331534 0 7911.53 0 0
47400000 333971 331646 0 8733.56 0 0
47500000 333601 332137 0 8100.97 0 0
47600000 333895 331840 0 7771.36 0 0
47700000 334340 331859 0 7621.05 0 0
47800000 333542 332118 0 7500.58 0 0
47900000 334044 331883 0 7872.32 0 0
48000000 334354 331676 0 7205.27 0 0
48100000 334172 331784 0 7531.83 0 0
48200000 334385 331487 0 7027.67 0 0
48300000 334007 331779 0 6969.21 0 0
48400000 334221 331643 0 6179.08 0 0
48500000 333979 331877 0 6481.72 0 0
48600000 334306 331518 0 5989.37 0 0
48700000 333979 331991 0 5605.54 0 0
48800000 333996 331818 0 5349.08 0 0
48900000 334033 331816 0 5020.12 0 0
49000000 334270 331708 0 4018.28 0 0
49100000 333706 332004 0 3607.23 0 0
49200000 333825 332125 0 3122.14 0 0
49300000 333790 331962 0 3073.72 0 0
49400000 333805 331798 0 2421.13 0 0
49500000 333999 331892 0 1838.33 0 0
49600000 334118 331735 0 1449.96 0 0
49700000 333958 331816 0 610.776 0 0
49800000 333809 332189 0 217.676 0 0
49900000 334267 331489 0 -323.4 0 0
50000000 333963 331908 0 -850.507 0 0
