# Time-averaged data for fix ps1
# TimeStep c_thermo_press[1] c_thermo_press[2] c_thermo_press[3] c_thermo_press[4] c_thermo_press[5] c_thermo_press[6]
100000 316297 313152 0 -912.997 0 0
200000 316685 312758 0 -1680.63 0 0
300000 316302 313130 0 -2111.12 0 0
400000 316690 312761 0 -2723.52 0 0
500000 316683 312820 0 -3275.08 0 0
600000 316700 312912 0 -3889.43 0 0
700000 316480 313064 0 -4185.31 0 0
800000 316462 312955 0 -4907.19 0 0
900000 316617 312891 0 -5206.91 0 0
1000000 316373 313307 0 -5771.37 0 0
1100000 316312 313321 0 -5980.14 0 0
1200000 316782 312830 0 -6599.19 0 0
1300000 316447 313320 0 -6958.28 0 0
1400000 316419 313304 0 -7136.79 0 0
1500000 316258 313248 0 -7901.06 0 0
1600000 316285 313537 0 -7892.24 0 0
1700000 316605 313234 0 -8308.5 0 0
1800000 316664 313195 0 -8609.7 0 0
1900000 316614 313283 0 -8772.47 0 0
2000000 316362 313437 0 -8887.03 0 0
2100000 316753 313210 0 -9141.24 0 0
2200000 316348 313313 0 -9466.39 0 0
2300000 316420 313458 0 -9201.61 0 0
2400000 316467 313393 0 -9256.12 0 0
2500000 316308 313426 0 -9425.02 0 0
2600000 316367 313461 0 -9267.31 0 0
2700000 316396 313409 0 -9360.24 0 0
2800000 316432 313497 0 -9238.29 0 0
2900000 316303 313433 0 -9076.24 0 0
3000000 316408 313422 0 -8947.48 0 0
3100000 316351 313375 0 -8955.7 0 0
3200000 316525 313383 0 -8458.8 0 0
3300000 316332 313459 0 -8164.74 0 0
3400000 316847 313052 0 -8410.82 0 0
3500000 316377 313327 0 -7731.17 0 0
3600000 316063 313785 0 -7142.21 0 0
3700000 316620 313025 0 -7286.84 0 0
3800000 316654 313023 0 -6729.31 0 0
3900000 316255 313353 0 -5926.22 0 0
4000000 316693 313020 0 -5850.52 0 0
4100000 316245 313260 0 -5011.25 0 0
4200000 316387 313237 0 -4861.48 0 0
4300000 316676 312932 0 -4492.11 0 0
4400000 316266 313264 0 -3463.68 0 0
4500000 316332 313029 0 -3274.55 0 0
4600000 316211 313373 0 -2355.71 0 0
4700000 316427 313016 0 -2018.82 0 0
4800000 316270 313120 0 -1577.14 0 0
4900000 316345 312963 0 -825.951 0 0
5000000 316715 312726 0 -875.331 0 0
5100000 316380 312977 0 280.004 0 0
5200000 316265 312909 0 905.6 0 0
5300000 316583 312582 0 1267.93 0 0
5400000 316274 312998 0 1969.32 0 0
5500000 316955 312323 0 2381.99 0 0
5600000 316668 312717 0 2947.2 0 0
5700000 316238 313011 0 3575.43 0 0
5800000 316235 312888 0 4122.05 0 0
5900000 316157 313190 0 4332 0 0
6000000 316162 313160 0 4799.03 0 0
6100000 316273 312860 0 5067.27 0 0
6200000 316680 312668 0 5513.5 0 0
6300000 316669 312615 0 6186.47 0 0
6400000 316419 312790 0 5901.92 0 0
6500000 316284 312924 0 7207.42 0 0
6600000 316390 312898 0 7062.3 0 0
6700000 316569 312746 0 7511.71 0 0
6800000 316365 312838 0 7136.7 0 0
6900000 316658 312651 0 7742.23 0 0
7000000 316315 312975 0 8115.89 0 0
7100000 316830 312656 0 8490.03 0 0
7200000 316664 312711 0 8388.02 0 0
7300000 316720 312602 0 8463.26 0 0
7400000 316404 312792 0 9003.08 0 0
7500000 316432 312735 0 8460.42 0 0
7600000 316768 312691 0 7921.62 0 0
7700000 316684 312699 0 8420.41 0 0
7800000 316614 312609 0 8622.72 0 0
7900000 316344 312936 0 8219.15 0 0
8000000 316353 312863 0 8530.47 0 0
8100000 316561 312675 0 7701 0 0
8200000 316329 312974 0 7682.05 0 0
8300000 316904 312427 0 7196.59 0 0
8400000 316578 312624 0 6954.76 0 0
8500000 316851 312549 0 6753.21 0 0
8600000 316675 312660 0 6304.28 0 0
8700000 316454 312871 0 6424.03 0 0
8800000 316639 312731 0 5558.39 0 0
8900000 316239 312893 0 5668.38 0 0
9000000 316408 312911 0 5066.98 0 0
9100000 316358 312908 0 4569.31 0 0
9200000 316434 312958 0 3665.04 0 0
9300000 316280 312992 0 3130.25 0 0
9400000 316673 312748 0 2966.06 0 0
9500000 316430 313012 0 2455.72 0 0
9600000 316333 312948 0 2000.78 0 0
9700000 316687 312720 0 1295.31 0 0
9800000 316373 312988 0 720.41 0 0
9900000 316490 312758 0 242.478 0 0
10000000 316307 312935 0 -400.364 0 0
10100000 316323 313083 0 -873.132 0 0
10200000 316298 313065 0 -1549.48 0 0
10300000 316690 312764 0 -2196.63 0 0
10400000 316272 313153 0 -2641.85 0 0
10500000 316652 312973 0 -3104.19 0 0
10600000 316357 313195 0 -3631.04 0 0
10700000 316423 312962 0 -4358.02 0 0
10800000 316262 313297 0 -4532.84 0 0
10900000 316318 313177 0 -5289.75 0 0
11000000 316456 313154 0 -5907.92 0 0
11100000 316609 313098 0 -6237.89 0 0
11200000 316545 313062 0 -6770.57 0 0
11300000 316303 313342 0 -6729.37 0 0
11400000 316278 313371 0 -7231.33 0 0
11500000 316180 313400 0 -7513.39 0 0
11600000 316247 313379 0 -7925.2 0 0
11700000 316372 313388 0 -8123.09 0 0
11800000 316549 313156 0 -8557.59 0 0
11900000 316314 313449 0 -8626.18 0 0
12000000 316521 313339 0 -9023.31 0 0
12100000 316566 313227 0 -9003.29 0 0
12200000 316320 313321 0 -9285.23 0 0
12300000 316669 313279 0 -9248.9 0 0
12400000 316479 313485 0 -9166.96 0 0
12500000 316458 313403 0 -9556.21 0 0
12600000 316430 313458 0 -9261.39 0 0
12700000 316580 313140 0 -9301.41 0 0
12800000 316287 313466 0 -9210.19 0 0
12900000 316355 313377 0 -9222.21 0 0
13000000 316591 313383 0 -9158.53 0 0
13100000 316326 313416 0 -8875.82 0 0
13200000 316439 313360 0 -8489.67 0 0
13300000 316372 313446 0 -8146.11 0 0
13400000 316388 313336 0 -8101.09 0 0
13500000 316312 313439 0 -7459.1 0 0
13600000 316368 313345 0 -7141.24 0 0
13700000 316396 313301 0 -6915.52 0 0
13800000 316266 313360 0 -6443.53 0 0
13900000 316370 313185 0 -6143.28 0 0
14000000 316623 313146 0 -5844.45 0 0
14100000 316160 313215 0 -5107.67 0 0
14200000 316422 313100 0 -4862.62 0 0
14300000 316489 313072 0 -4313.35 0 0
14400000 316319 313071 0 -3760.81 0 0
14500000 316478 313008 0 -3186.98 0 0
14600000 316722 312764 0 -2799.23 0 0
14700000 316419 312971 0 -2019.47 0 0
14800000 316307 313068 0 -1516.39 0 0
14900000 316241 313036 0 -814.819 0 0
15000000 316580 312746 0 -385.174 0 0
15100000 316326 312903 0 211.439 0 0
15200000 316635 312740 0 729.806 0 0
15300000 316348 312967 0 1469.74 0 0
15400000 316367 312880 0 2009.56 0 0
15500000 316716 312697 0 2443.78 0 0
15600000 316322 312913 0 3105.39 0 0
15700000 316552 312783 0 3567.92 0 0
15800000 316294 312941 0 4172.7 0 0
15900000 316663 312697 0 4140.86 0 0
16000000 316377 312885 0 4651.84 0 0
16100000 316704 312659 0 5036.95 0 0
16200000 316722 312634 0 5975.31 0 0
16300000 316323 312922 0 6124.42 0 0
16400000 316206 312883 0 6901.48 0 0
16500000 316422 312818 0 6734.74 0 0
16600000 316542 312864 0 7043.26 0 0
16700000 316516 312899 0 7398.42 0 0
16800000 316509 312812 0 7454.2 0 0
16900000 316330 313122 0 7548.49 0 0
17000000 316504 312852 0 7547.02 0 0
17100000 316582 312867 0 8191.9 0 0
17200000 316553 312943 0 8028.23 0 0
17300000 316670 312624 0 8363.68 0 0
17400000 316753 312552 0 8814.55 0 0
17500000 316664 312520 0 8401.88 0 0
17600000 316267 312861 0 8380.24 0 0
17700000 316446 312895 0 8408.54 0 0
17800000 316674 312763 0 8249.34 0 0
17900000 316644 312628 0 8099.02 0 0
18000000 316598 312648 0 7986.18 0 0
18100000 316457 312918 0 7848.69 0 0
18200000 316307 313026 0 7691.34 0 0
18300000 316759 312520 0 7232.82 0 0
18400000 316418 312992 0 7618.8 0 0
18500000 316666 312620 0 6992.05 0 0
18600000 316331 312945 0 6292.11 0 0
18700000 316681 312553 0 6364.27 0 0
18800000 316801 312612 0 5940.28 0 0
18900000 316597 312609 0 5276.15 0 0
19000000 316735 312631 0 5028.17 0 0
19100000 316338 312945 0 4129.07 0 0
19200000 316358 312948 0 3619.18 0 0
19300000 316683 312677 0 3475.49 0 0
19400000 316609 312609 0 2805.25 0 0
19500000 316730 312719 0 2479.34 0 0
19600000 316285 313005 0 1866.02 0 0
19700000 316392 312837 0 1380.9 0 0
19800000 316523 312811 0 796.537 0 0
19900000 316449 313032 0 236.93 0 0
20000000 316298 313030 0 -395.538 0 0
20100000 316312 312914 0 -939.296 0 0
20200000 316674 312720 0 -1592.73 0 0
20300000 316695 312801 0 -2205.92 0 0
20400000 316329 313090 0 -2680.8 0 0
20500000 316455 313171 0 -3114.9 0 0
20600000 316259 313193 0 -3511.35 0 0
20700000 316580 313183 0 -4074.3 0 0
20800000 316345 313106 0 -4801.54 0 0
20900000 316326 313186 0 -4978.61 0 0
21000000 316470 313133 0 -5888.31 0 0
21100000 316497 313090 0 -6217.46 0 0
21200000 316275 313154 0 -6517.65 0 0
21300000 316498 313165 0 -7233.4 0 0
21400000 316184 313411 0 -7185.94 0 0
21500000 316302 313227 0 -7798.12 0 0
21600000 316271 313446 0 -7913.3 0 0
21700000 316410 313324 0 -8128.61 0 0
21800000 316436 313311 0 -8516.63 0 0
21900000 316434 313480 0 -8774.87 0 0
22000000 316391 313506 0 -8903.78 0 0
22100000 316277 313397 0 -9063.38 0 0
22200000 316498 313207 0 -9196.85 0 0
22300000 316310 313504 0 -9277.84 0 0
22400000 316750 313246 0 -9743.67 0 0
22500000 316517 313250 0 -9574.59 0 0
22600000 316493 313464 0 -9259.63 0 0
22700000 316385 313488 0 -9282.41 0 0
22800000 316310 313509 0 -9236.8 0 0
22900000 316453 313355 0 -8980.96 0 0
23000000 316591 313100 0 -8829.97 0 0
23100000 316613 313226 0 -8841.79 0 0
23200000 316366 313427 0 -8482.66 0 0
23300000 316294 313415 0 -8189.62 0 0
23400000 316402 313364 0 -8202.79 0 0
23500000 316247 313402 0 -7588.82 0 0
23600000 316633 313091 0 -7528.63 0 0
23700000 316292 313358 0 -6779.34 0 0
23800000 316807 312989 0 -6755.98 0 0
23900000 316350 313173 0 -6255.15 0 0
24000000 316410 313056 0 -5794.5 0 0
24100000 316428 313154 0 -5329.08 0 0
24200000 316376 313171 0 -4471.15 0 0
24300000 316245 313179 0 -4334.63 0 0
24400000 316449 313098 0 -3704.42 0 0
24500000 316172 313262 0 -2978.03 0 0
24600000 316593 312954 0 -2578.87 0 0
24700000 316465 312831 0 -2263.21 0 0
24800000 316365 313024 0 -1606.68 0 0
24900000 316212 313064 0 -858.541 0 0
25000000 316325 313018 0 -610.586 0 0
25100000 316500 312793 0 190.24 0 0
25200000 316191 313106 0 795.832 0 0
25300000 316294 312958 0 1501.86 0 0
25400000 316374 312939 0 1924.67 0 0
25500000 316233 313039 0 2504.33 0 0
25600000 316746 312590 0 2926.81 0 0
25700000 316236 313048 0 3288.76 0 0
25800000 316356 312954 0 4139.03 0 0
25900000 316277 312867 0 4728.76 0 0
26000000 316592 312743 0 4567.01 0 0
26100000 316716 312629 0 5208.33 0 0
26200000 316308 312982 0 5551.32 0 0
26300000 316581 312761 0 5951.11 0 0
26400000 316402 312876 0 6929.75 0 0
26500000 316676 312678 0 6709.02 0 0
26600000 316793 312640 0 7262.18 0 0
26700000 316716 312630 0 7703.33 0 0
26800000 316342 313005 0 7536.48 0 0
26900000 316589 312678 0 7743.43 0 0
27000000 316383 313001 0 8517.63 0 0
27100000 316735 312599 0 8614.34 0 0
27200000 316690 312586 0 8214.95 0 0
27300000 316747 312702 0 8396.84 0 0
27400000 316691 312666 0 8336.8 0 0
27500000 316666 312728 0 8379.31 0 0
27600000 316278 312983 0 8285.06 0 0
27700000 316373 312993 0 8371.21 0 0
27800000 316698 312714 0 8174.39 0 0
27900000 316491 312806 0 7745.49 0 0
28000000 316452 312888 0 8573.03 0 0
28100000 316247 313021 0 8028.8 0 0
28200000 316420 312867 0 7570.26 0 0
28300000 316469 312795 0 7325.37 0 0
28400000 316435 312837 0 7011.79 0 0
28500000 316418 312816 0 6690.34 0 0
28600000 316635 312821 0 6443.3 0 0
28700000 316193 313048 0 6055.57 0 0
28800000 316552 312792 0 5573.52 0 0
28900000 316710 312619 0 5313.43 0 0
29000000 316673 312717 0 4937.7 0 0
29100000 316704 312525 0 4536.88 0 0
29200000 316296 312900 0 3831.31 0 0
29300000 316664 312633 0 3534.49 0 0
29400000 316279 312886 0 2959.73 0 0
29500000 316707 312592 0 2501.14 0 0
29600000 316274 313064 0 1988.76 0 0
29700000 316273 312996 0 1441.91 0 0
29800000 316272 313014 0 1138.54 0 0
29900000 316394 312973 0 213.484 0 0
30000000 316285 313140 0 -244.653 0 0
30100000 316140 313175 0 -1343.52 0 0
30200000 316380 313056 0 -1493.62 0 0
30300000 316690 312818 0 -2128.28 0 0
30400000 316363 313124 0 -2630.19 0 0
30500000 316627 312955 0 -3219.06 0 0
30600000 316423 313090 0 -3748.73 0 0
30700000 316387 313072 0 -4361.72 0 0
30800000 316442 313164 0 -4760.39 0 0
30900000 316308 313327 0 -5033.97 0 0
31000000 316409 313260 0 -5809.44 0 0
31100000 316318 313288 0 -6237.42 0 0
31200000 316246 313292 0 -6544 0 0
31300000 316413 313218 0 -7001.8 0 0
31400000 316379 313365 0 -7385.65 0 0
31500000 316416 313365 0 -7944.97 0 0
31600000 316394 313420 0 -7774.98 0 0
31700000 316381 313329 0 -8224.75 0 0
31800000 316286 313322 0 -8355.84 0 0
31900000 316541 313317 0 -8891.95 0 0
32000000 316537 313379 0 -9067.9 0 0
32100000 316209 313590 0 -9072.86 0 0
32200000 316420 313418 0 -9169.12 0 0
32300000 316569 313371 0 -9485.52 0 0
32400000 316568 313358 0 -9530.79 0 0
32500000 316670 313335 0 -9395.92 0 0
32600000 316342 313535 0 -9461.91 0 0
32700000 316401 313520 0 -9017.52 0 0
32800000 316445 313398 0 -9096.27 0 0
32900000 316251 313480 0 -9066.63 0 0
33000000 316290 313460 0 -8842.75 0 0
33100000 316667 313236 0 -8848.54 0 0
33200000 316491 313431 0 -8706.24 0 0
33300000 316518 313394 0 -8156.92 0 0
33400000 316332 313407 0 -8081.73 0 0
33500000 316256 313439 0 -7456.28 0 0
33600000 316424 313235 0 -7526.72 0 0
33700000 316298 313333 0 -6938.38 0 0
33800000 316364 313396 0 -6419.19 0 0
33900000 316359 313258 0 -6279.46 0 0
34000000 316459 313074 0 -5485.8 0 0
34100000 316315 313226 0 -5407.64 0 0
34200000 316188 313222 0 -4805.84 0 0
34300000 316388 313125 0 -4252.29 0 0
34400000 316646 312874 0 -3857.27 0 0
34500000 316313 313078 0 -3219.94 0 0
34600000 316296 313076 0 -2572.05 0 0
34700000 316325 313056 0 -2095.03 0 0
34800000 316249 313008 0 -1504.67 0 0
34900000 316381 312942 0 -867.501 0 0
35000000 316642 312645 0 -486.744 0 0
35100000 316611 312621 0 127.269 0 0
35200000 316670 312880 0 731.099 0 0
35300000 316375 313018 0 1394.91 0 0
35400000 316673 312816 0 1910.17 0 0
35500000 316331 312906 0 2552.04 0 0
35600000 316348 312928 0 2624.36 0 0
35700000 316554 312699 0 3521.41 0 0
35800000 316347 312874 0 3668.72 0 0
35900000 316683 312697 0 4538.71 0 0
36000000 316417 312819 0 5207.96 0 0
36100000 316700 312626 0 5079.41 0 0
36200000 316693 313011 0 5260.78 0 0
36300000 316650 312650 0 6366.95 0 0
36400000 316664 312671 0 6723.91 0 0
36500000 316639 312680 0 6596.64 0 0
36600000 316319 312907 0 7365.99 0 0
36700000 316384 312982 0 7337.07 0 0
36800000 316298 312984 0 7831.47 0 0
36900000 316811 312599 0 8214.26 0 0
37000000 316193 313204 0 7838.14 0 0
37100000 316608 312601 0 8481.75 0 0
37200000 316793 312569 0 8194.7 0 0
37300000 316691 312701 0 8343.53 0 0
37400000 316686 312670 0 8219.58 0 0
37500000 316340 312908 0 8487.93 0 0
37600000 316687 312800 0 8011.41 0 0
37700000 316485 312797 0 7970.73 0 0
37800000 316847 312631 0 8230.63 0 0
37900000 316735 312610 0 8110.01 0 0
38000000 316528 312820 0 7924.65 0 0
38100000 316762 312655 0 7827.99 0 0
38200000 316679 312681 0 7957.45 0 0
38300000 316328 312969 0 7433.8 0 0
38400000 316390 312879 0 7198.06 0 0
38500000 316734 312671 0 6738.93 0 0
38600000 316305 313036 0 6910.01 0 0
38700000 316309 312998 0 6463.3 0 0
38800000 316685 312712 0 5496.75 0 0
38900000 316574 312734 0 5086.94 0 0
39000000 316435 312825 0 5104.44 0 0
39100000 316588 312748 0 4541.4 0 0
39200000 316642 312581 0 4067.03 0 0
39300000 316359 312945 0 3572.19 0 0
39400000 316605 312697 0 2489.94 0 0
39500000 316245 312948 0 2544.54 0 0
39600000 316772 312703 0 1476.68 0 0
39700000 316255 312918 0 1309.49 0 0
39800000 316440 313014 0 792.94 0 0
39900000 316253 313035 0 207.032 0 0
40000000 316672 312829 0 -384.824 0 0
40100000 316404 312961 0 -867.691 0 0
40200000 316338 312981 0 -1495.58 0 0
40300000 316252 313078 0 -2088.54 0 0
40400000 316252 313029 0 -2694.83 0 0
40500000 316551 312899 0 -3244.92 0 0
40600000 316778 312927 0 -3855.68 0 0
40700000 316858 312753 0 -4169.61 0 0
40800000 316208 313353 0 -4515.33 0 0
40900000 316350 313129 0 -5127.56 0 0
41000000 316340 313102 0 -5859.78 0 0
41100000 316472 313036 0 -6164.45 0 0
41200000 316391 313214 0 -6774.96 0 0
41300000 316274 313264 0 -6710.39 0 0
41400000 316598 313152 0 -7555.07 0 0
41500000 316423 313375 0 -7642.15 0 0
41600000 316400 313307 0 -8145.08 0 0
41700000 316274 313332 0 -8290.75 0 0
41800000 316395 313338 0 -8437.85 0 0
41900000 316226 313424 0 -8840.9 0 0
42000000 316379 313329 0 -8910.58 0 0
42100000 316370 313408 0 -8979.86 0 0
42200000 316230 313449 0 -9299.16 0 0
42300000 316327 313513 0 -9332.43 0 0
42400000 316435 313493 0 -9310.53 0 0
42500000 316367 313418 0 -9402.5 0 0
42600000 316588 313211 0 -9263.33 0 0
42700000 316284 313550 0 -9402.6 0 0
42800000 316505 313234 0 -9176.24 0 0
42900000 316537 313253 0 -9031.06 0 0
43000000 316400 313345 0 -9027.32 0 0
43100000 316440 313270 0 -8774.01 0 0
43200000 316512 313363 0 -8434.82 0 0
43300000 316285 313518 0 -8192.57 0 0
43400000 316259 313471 0 -7889.95 0 0
43500000 316478 313288 0 -7815 0 0
43600000 316416 313280 0 -7308.6 0 0
43700000 316491 313217 0 -7010.33 0 0
43800000 316345 313212 0 -6423.65 0 0
43900000 316443 313282 0 -5896.65 0 0
44000000 316370 313178 0 -5487.18 0 0
44100000 316373 313090 0 -5396.27 0 0
44200000 316524 313060 0 -4585.11 0 0
44300000 316480 313131 0 -4277.42 0 0
44400000 316306 313099 0 -3777.98 0 0
44500000 316651 312928 0 -3390.93 0 0
44600000 316193 313149 0 -2419.41 0 0
44700000 316210 313111 0 -1763.62 0 0
44800000 316280 312996 0 -1467.34 0 0
44900000 316699 312821 0 -931.168 0 0
45000000 316676 312652 0 -390.281 0 0
45100000 316373 312930 0 185.996 0 0
45200000 316249 312951 0 842.017 0 0
45300000 316775 312778 0 1285.69 0 0
45400000 316719 312576 0 1855.54 0 0
45500000 316567 312794 0 2097.35 0 0
45600000 316708 312648 0 2947.35 0 0
45700000 316672 312694 0 3200.94 0 0
45800000 316571 312538 0 4052.62 0 0
45900000 316633 312581 0 4536.3 0 0
46000000 316292 312972 0 5107.78 0 0
46100000 316306 312924 0 5540.82 0 0
46200000 316578 312611 0 5448.9 0 0
46300000 316664 312537 0 6376.42 0 0
46400000 316724 312700 0 6296.69 0 0
46500000 316570 312664 0 6583.05 0 0
46600000 316249 312904 0 7042.03 0 0
46700000 316609 312774 0 7284.43 0 0
46800000 316690 312654 0 7469.06 0 0
46900000 316298 313012 0 7923.74 0 0
47000000 316746 312700 0 8422.28 0 0
47100000 316732 312783 0 8051.44 0 0
47200000 316346 313049 0 8378 0 0
47300000 316349 312910 0 8414.62 0 0
47400000 316690 312784 0 8460.33 0 0
47500000 316544 312586 0 8257.76 0 0
47600000 316376 312872 0 8086.58 0 0
47700000 316208 313314 0 8112.4 0 0
47800000 316415 312935 0 8069.42 0 0
47900000 316231 313058 0 8050.29 0 0
48000000 316609 312871 0 8032.45 0 0
48100000 316473 312684 0 7796.23 0 0
48200000 316381 312925 0 7664.05 0 0
48300000 316615 312674 0 7235.57 0 0
48400000 316633 312597 0 7493.62 0 0
48500000 316633 312821 0 6654.5 0 0
48600000 316388 312707 0 6428.06 0 0
48700000 316279 312864 0 5982.34 0 0
48800000 316301 312852 0 6077.45 0 0
48900000 316645 312586 0 5529.75 0 0
49000000 316603 312703 0 4517.05 0 0
49100000 316480 312739 0 4169.48 0 0
49200000 316643 312681 0 3962.82 0 0
49300000 316560 312739 0 3570.1 0 0
49400000 316456 312922 0 3039.98 0 0
49500000 316271 312953 0 2488.96 0 0
49600000 316265 313005 0 1991.78 0 0
49700000 316372 312949 0 1448.16 0 0
49800000 316247 312882 0 971.05 0 0
49900000 316316 313097 0 272.308 0 0
50000000 316697 312789 0 -457.028 0 0
