# Time-averaged data for fix ps1
# TimeStep c_thermo_press[1] c_thermo_press[2] c_thermo_press[3] c_thermo_press[4] c_thermo_press[5] c_thermo_press[6]
0 565.456 429.994 336.023 -91.9542 -212.914 138.164
1000000 622.619 934.382 986.767 210.667 -538.529 18.9577
2000000 183.918 693.302 499.123 12.9625 134.636 356.688
3000000 207.264 1093.07 182.655 -256.258 -71.8648 128.815
4000000 -250.658 1226.92 558.254 -214.651 -155.649 253.686
5000000 -467.558 1674.59 722.941 -59.794 -135.637 232.109
6000000 -1041.49 1613.7 919.66 8.19272 -320.79 537.222
7000000 -1209.99 1502.91 1607.81 118.182 -133.695 635.607
8000000 -990.124 1904.88 711.94 58.2522 33.7816 144.503
9000000 -1389.92 1643.93 1418.29 383.927 -266.073 95.7593
10000000 -1139.34 1168.79 1734.55 118.809 -179.587 231.685
11000000 -1636.21 2037.55 1223.19 -2.94226 -197.26 262.348
12000000 -1212.78 2223.17 1482 -103.246 -449.055 188.039
13000000 -1640.94 1877.93 1767.56 149.992 30.3678 253.484
14000000 -2077.61 1984.91 1536.44 1.20695 -192.033 154.87
15000000 -1867.34 2097.52 1555.49 323.288 258.947 58.5392
16000000 -2372.86 2184.53 1499.39 -46.0609 -178.135 254.301
17000000 -2696.22 1939.56 1604.91 199.784 -387.358 178.091
18000000 -2460.98 2140.27 1552.87 120.67 -357.801 158.793
19000000 -2905.44 2475.23 2091.89 72.1153 -234.549 314.33
20000000 -2337.22 2600.78 1723.45 15.1406 -222.397 386.59
21000000 -2360.64 2600.89 2010.06 57.1612 35.6896 -145.326
22000000 -2881.3 2854.58 1880.42 270.443 -199.77 207.015
23000000 -2698.57 2619.79 2109.07 159.504 -296.672 194.095
24000000 -2787.51 2623.05 1564.94 116.113 -468.02 459.168
25000000 -2564.27 2553.41 2150.17 523.519 -131.165 -17.1345
26000000 -2533.75 2587.69 1832.85 190.211 -175.442 71.527
27000000 -2300.4 2131.99 2110.05 27.3393 -461.454 567.212
28000000 -2700.2 1959.52 2191.84 250.374 -123.328 389.073
29000000 -2610.96 2394.94 1919.33 107.443 -332.165 338.834
30000000 -2544.74 2525.6 1631.66 -71.4521 -544.999 276.223
31000000 -2241.64 1903.54 1664.29 151.298 -504.043 291.276
32000000 -2741.16 2166 1516.12 221.606 -134.008 552.256
33000000 -1963.74 2199.76 1613.13 -6.54296 -431.864 322.394
34000000 -1700.5 1726.85 1324.53 -174.457 -303.075 341.371
35000000 -1861.97 1609.18 1525.63 412.959 -431.309 311.432
36000000 -1530.88 1826.43 1064.8 439.057 -306.335 421.56
37000000 -1921.57 1742.81 980.206 101.575 -366.179 19.8259
38000000 -1075.2 1805.27 1054.42 79.2272 -554.851 408.092
39000000 -1139.4 1682.04 918.481 433.503 -209.182 359.871
40000000 -1278.29 1646.1 841.562 164.606 -395.861 311.289
41000000 -706.707 775.59 677.311 26.8238 -630.19 536.302
42000000 -534.347 1192.97 282.419 222.285 -546.396 327.64
43000000 11.5262 1161 -10.6228 48.8685 -710.936 216.815
44000000 -49.17 224.047 388.566 248.791 -1128.65 451.919
45000000 650.026 1038.06 -73.5006 -38.7448 -587.514 812.817
46000000 400.758 213.369 -88.7138 82.4074 -526.861 255.699
47000000 1313.06 647.406 -270.63 -45.5396 -613.405 424.365
48000000 1339.04 218.879 -339.601 243.407 -610.729 523.247
49000000 1451.59 178.532 -173.494 255.929 -633.277 438.363
50000000 1588.54 -221.304 -103.412 31.319 -843.851 382.145
51000000 1605.02 -8.56219 -78.5847 58.3566 -566.463 174.569
52000000 2381.51 -235.618 -455.366 -49.7358 -612.261 47.6165
53000000 2373.05 -558.744 -535.936 -427.481 -448.627 436.059
54000000 2273.97 -221.008 -601.699 174.302 -629.039 476.173
55000000 2647.46 -193.049 -582.591 152.007 -691.952 498.092
56000000 3268.4 -776.653 -1395.12 -14.6332 -803.766 30.3059
57000000 3381.2 -266.827 -880.118 244.731 -688.792 189.21
58000000 3526.58 -510.208 -940.793 196.37 -434.065 288.893
59000000 3358 -1137.42 -1266.58 6.00148 -508.956 515.547
60000000 4047.26 -1557 -1479.26 -25.858 -535.102 265.8
61000000 3319.35 -715.952 -939.13 378.779 -528.892 116.005
62000000 3658.89 -779.739 -1607.6 269.273 72.468 235.512
63000000 3465.92 -750.787 -1159.35 172.26 -143.304 758.42
64000000 4716.12 -1198.19 -1419.91 -108.816 -161.583 -97.8311
65000000 4161.26 -1183.76 -1330.05 -24.5723 -629.643 312.749
66000000 4235.98 -1090.37 -1641.29 -43.2677 -539.176 218.853
67000000 4660.12 -1240.37 -1346.94 258.425 -138.614 242.353
68000000 5058.35 -1187.04 -1443.17 -62.3571 -488.659 125.021
69000000 4574.9 -1056.95 -1626.8 -63.4653 -302.675 300.614
70000000 4481.71 -1585.81 -1354.04 -124.061 -564.379 283.803
71000000 4702.46 -1446.47 -1168.46 -120.401 -474.538 278.648
72000000 4441.04 -906.503 -1845.31 -16.5032 -439.468 166.096
73000000 4645.52 -1134.52 -1700.23 286.056 -639.364 171.47
74000000 4366.33 -1304.42 -1536.32 -129.369 -512.686 182.834
75000000 4340.91 -994.362 -1530.41 -12.3334 -434.272 326.118
76000000 3889.03 -941.522 -1539.53 -166.143 -698.045 229.483
77000000 4686.06 -1041.01 -1463.59 123.5 -584.19 224.992
78000000 4326.7 -729.358 -1401.88 -62.095 -853.908 76.0066
79000000 4158.14 -1279.69 -1269.29 -210.151 -424.109 202.99
80000000 4051.17 -1288.76 -1160.65 46.1722 -788.441 546.569
81000000 4047.02 -1171.65 -1042.96 -244.497 -176.076 280.738
82000000 3459.24 -735.276 -1226.64 122.347 -266.971 379.922
83000000 3268.25 -828.433 -931.632 254.307 -801.916 177.104
84000000 3222.08 -858.111 -367.473 208.178 -480.54 -75.4807
85000000 3075.87 -1117.81 -689.639 -20.5574 -554.552 382.479
86000000 2905.68 -689.936 -602.061 279.397 -229.844 -135.216
87000000 2883.62 -511.493 220.49 -220.437 -942.484 173.593
88000000 1900.31 -92.2815 -130.55 -96.9593 -605.172 95.714
89000000 1953 -598.703 -151.777 -55.6958 -552.773 106.928
90000000 2347.6 -158.041 71.5749 -81.0771 -817.789 89.6526
91000000 1558.4 -203.945 -47.133 -126.437 -475.564 343.964
92000000 1388.53 157.608 -260.24 -266.213 -670.964 7.05541
93000000 1273.32 262.304 249.029 103.063 -670.511 327.417
94000000 856.972 -73.7331 709.237 184.221 -831.599 -129.548
95000000 720.568 383.606 306.786 231.215 -624.865 238.883
96000000 849.827 405.274 669.34 -151.321 -579.304 80.1313
97000000 454.498 487.369 582.232 -20.6391 -624.203 13.0686
98000000 82.0958 512.859 923.052 -185.594 -595.034 424.029
99000000 -17.0158 635.36 866.824 -155.022 -602.741 419.052
100000000 -620.875 569.562 1160.53 -67.8032 -675.684 63.8387
101000000 -749.707 1116.38 1300.58 -243.943 -568.814 249.687
102000000 -536.378 1290.3 1137.71 -573.029 -937.534 202.913
103000000 -677.606 859.093 1615.81 -114.298 -467.493 221.75
104000000 -995.826 1160.19 1081.62 -221.578 -286.468 5.01949
105000000 -1443.09 496.305 1599.12 57.2393 -717.13 293.67
106000000 -1682.93 1625.38 1714.48 -199.416 -615.592 127.108
107000000 -1329.89 1496.68 1643.1 -171.647 -571.442 394.616
108000000 -1616.79 2000.84 1669.15 41.1412 -497.595 -17.9031
109000000 -1999.76 1782.96 2155.29 -271.143 -574.808 73.7273
110000000 -1966.44 1744.45 1586.79 -377.212 -806.636 111.586
111000000 -2490.37 1875.69 2025.37 -254.882 -510.827 164.405
112000000 -2813.53 2122.71 2176.14 134.451 -459.145 9.79107
113000000 -2913 2149.86 2350.16 -187.649 -408.221 256.461
114000000 -3026.17 2566.52 2438.19 -107.511 -525.725 181.106
115000000 -3536.88 1843.02 2431.39 -261.054 -808.252 438.942
116000000 -3281.72 2630.34 2483.57 -399.415 -476.475 309.487
117000000 -3040.13 2542.47 2782.32 -182.792 -816.099 208.469
118000000 -3394.4 2238.68 2793.04 -110.206 -637.533 519.799
119000000 -3396.11 2437.14 2500.86 -366.844 -581.858 564.818
120000000 -3329.82 1909.83 3100.35 -117.519 -359.673 632.64
121000000 -3283.66 2144.23 2856.05 -185.474 -712.891 193.455
122000000 -3444.68 2341.64 2611.58 -102.254 -966.01 487.879
123000000 -3181.12 2071.81 2773.16 -203.359 -661.951 509.638
124000000 -3417.67 2211.86 2919.68 -50.4741 -713.364 310.123
125000000 -3310.57 2102.01 2552.24 -148.721 -680.358 394.589
126000000 -3279.48 2445.63 2625.62 -192.032 -680.24 364.665
127000000 -3110.08 2004.7 3003.69 -228.067 -635.084 220.49
128000000 -3060.93 2009.64 2752.59 -127.85 -403.016 385.265
129000000 -2790.13 2417.45 2424.96 -460.044 -532.834 403.415
130000000 -2810.44 1813.67 2342.64 -29.9788 -884.643 158.643
131000000 -2479.13 1741.87 2280 -199.967 -726.486 298.198
132000000 -2479.94 1854.67 1892.53 20.3962 -404.458 248.838
133000000 -2815.33 1978.03 1943.47 -374.257 -353.948 -36.3267
134000000 -1623.94 1282.28 1589.84 -292.873 -458.928 -7.29127
135000000 -2030.25 1805.9 2156.93 -373.554 -319.713 474.419
136000000 -1658 1421.13 1678.63 2.65723 -149.07 529.564
137000000 -1893.85 1262.34 1807.75 -131.837 -484.588 249.161
138000000 -1608.79 1177.33 1937.31 -15.5183 -242.078 240.934
139000000 -1794.6 1112.34 1854.47 -38.208 -559.149 393.035
140000000 -1283.59 811.404 1961.72 -328.783 -185.222 183.78
141000000 -1296.15 1046.01 1630.81 -272.538 -653.53 90.6975
142000000 -640.327 822.438 1997.27 -214.947 -452.735 324.894
143000000 -463.336 639.881 1532.8 -342.611 -193.728 -208.141
144000000 -426.179 739.915 1115.2 -237.722 -92.8452 189.969
145000000 152.659 386.836 966.44 -489.375 -382.77 412.083
146000000 16.0916 548.873 778.376 -150.038 -97.884 262.705
147000000 730.93 73.8012 474.224 1.53738 -400.433 528.202
148000000 549.238 -333.835 624.653 -349.36 -567.564 292.347
149000000 1063.7 -359.42 475.606 -223.642 -516.065 539.363
150000000 1477.1 -269.294 318.783 60.0955 -638.456 304.59
151000000 1967.16 -432.825 575.021 255.586 -645.219 664.059
152000000 2274.31 -541.882 -86.4007 62.1334 -454.981 229.488
153000000 2192.37 -1088.94 530.893 -17.0142 -507.752 539.218
154000000 2398.39 -974.727 -459.891 -32.331 -908.19 396.557
155000000 3036.89 -1349.34 -518.52 -107.192 -712.429 504.967
156000000 2810.29 -1720.7 -540.902 -136.23 -413.485 682.178
157000000 3263.7 -1317.69 -7.63991 -397.576 -613.155 290.582
158000000 3538.79 -1173.15 -639.669 140.488 -186.032 333.947
159000000 3628.19 -1511.69 -596.416 -72.5254 -779.092 79.308
160000000 3631.48 -1611.62 -809.699 -367.389 -503.729 360.412
161000000 3739.16 -1580.27 -506.434 -124.27 -575.873 383.557
162000000 3866.73 -1752.49 -775.138 -265.826 -482.81 501.666
163000000 4093.19 -2152.84 -1211.93 142.878 -709.921 302.097
164000000 4200.14 -1782.48 -1029.76 -585.713 -248.018 361.225
165000000 4439.46 -1924.43 -589.297 -100.964 -379.312 677.559
166000000 4306.26 -2124.24 -914.234 -139.277 -361.474 560.837
167000000 4324.04 -1885.52 -1102.33 -318.206 -688.64 365.986
168000000 4242.85 -1930.35 -1121.55 57.9391 -461.743 419.205
169000000 4041.61 -1651.22 -948.237 -137.884 -535.901 440.364
170000000 4520.14 -2280.63 -777.469 -200.82 -327.299 342.561
171000000 4398.92 -1751.31 -614.459 -2.22312 -347.961 385.503
172000000 4299.09 -1748.07 -934.381 44.3064 -207.089 255.982
173000000 4275.39 -1668.88 -738.76 51.9568 -214.659 279.529
174000000 4315.4 -1507.46 -1230.64 -416.092 -315.684 261.964
175000000 4122.01 -1773.29 -1171.04 -211.505 -641.099 128.551
176000000 4480.04 -1736.72 -729.064 34.3544 -189.522 574.235
177000000 4187.69 -1812.79 -1020.71 -457.929 -349.822 489.896
178000000 4052.92 -1488.6 -1344.6 -166.836 82.9727 333.865
179000000 4054.44 -1551.96 -1003.18 -282.9 -507.889 81.8762
180000000 3970.98 -1509.18 -882.351 -431.818 -405.963 275.509
181000000 3673.61 -1842.19 -795.651 -233.136 -331.26 405.81
182000000 3847.57 -1690.44 63.059 -458.255 -553.29 373.976
183000000 3611.98 -1258.65 -426.123 -217.062 -356.107 421.674
184000000 3217.48 -1481.31 -682.789 -101.706 -238.271 346.624
185000000 2682.42 -1291.01 -395.669 -496.352 -406.412 156.829
186000000 2937.11 -1307.9 -391.021 -479.333 -304.768 17.4183
187000000 2784.45 -1221.18 -962.385 -170.872 -99.2306 113.569
188000000 2303.88 -865.458 76.5246 -174.371 -122.882 165.04
189000000 2510.9 -1015.51 -277.252 -183.298 134.875 270.265
190000000 2057.56 -731.907 136.551 -432.184 -443.391 142.102
191000000 1791.62 -767.437 11.6173 -412.635 -125.911 361.302
192000000 1467.91 -876.175 279.42 -454.674 -444.112 78.9718
193000000 1325.55 -77.3452 -8.40494 -365.561 -558.465 -159.115
194000000 915.54 -450.941 666.388 -630.371 -238.003 431.047
195000000 822.325 -221.43 584.345 -256.11 -207.716 330.531
196000000 546.009 428.473 469.6 -479.407 -333.596 -174.216
197000000 -201.158 222.327 818.747 -811.649 -297.284 406.008
198000000 -328.991 363.416 1106.26 -802.281 -510.687 93.889
199000000 -481.825 404.123 1041.71 -763.193 -459.089 248.844
200000000 -244.361 423.157 1344.55 -571.439 -237.741 370.333
201000000 -742.412 559.165 1153.02 -316.842 -325.624 310.149
202000000 -839.831 1041.27 1005.66 -386.143 -469.906 9.06743
203000000 -714.143 1007.51 1170.79 -574.401 -354.018 252.116
204000000 -1473.74 1506.66 1435.5 -372.782 -176.505 300.199
205000000 -1343.64 1251.65 1827.5 -223.081 -204.011 261.918
206000000 -1775.34 1228.7 1573.42 -465.23 -205.056 321.197
207000000 -1535.1 1487.89 1891.4 -287.529 399.372 249.788
208000000 -2278.82 1494.65 2135.09 -507.105 -156.919 249.506
209000000 -2268.88 1896.01 1398.06 -546.153 -116.771 63.5548
210000000 -1979.3 1765.5 2233.96 -585.393 -325.133 184.414
211000000 -2584.52 2157.25 1905.62 -391.28 -730.943 258.698
212000000 -2740.95 1662.09 2119.45 -560.503 -309.223 320.034
213000000 -2808.26 2223.76 2321.11 -488.47 -284.397 94.5636
214000000 -3036.46 2141.28 2526.75 -831.474 -136.004 431.052
215000000 -2980.04 1768.3 2330.81 -889.229 -360.482 122.583
216000000 -2991.01 2279.2 2643.64 -583.34 -422.777 156.708
217000000 -2946.63 2642.87 1888.7 -548.603 -28.1218 125.959
218000000 -3328.28 2307.82 2105.22 -654.733 -166.556 297.75
219000000 -2949.12 2350.56 2623.64 -566.337 -348.987 122.172
220000000 -2609.39 2579.73 2292.14 -383.31 -155.646 -46.877
221000000 -3058.11 2196.62 2308.82 -317.635 -588.21 -4.56845
222000000 -2858.06 2099.32 2447.59 -291.832 -55.8378 229.036
223000000 -3082.58 2033.32 2359.25 -293.698 -402.182 163.384
224000000 -3323.39 2112.4 2631.79 -516.474 -298.001 355.206
225000000 -2864.78 2736.3 2005.63 -489.495 121.531 163.535
226000000 -2720.93 1939.92 2273.31 -540.273 -136.763 529.297
227000000 -3072.99 1857.3 2484.58 -629.176 -393.736 198.094
228000000 -2702.61 2822.8 2243.71 -429.242 -291.451 295.108
229000000 -2866.59 2075.19 2365.36 -624.904 -100.362 169.297
230000000 -2818.61 1938.1 2448.96 -643.743 -551.555 320.345
231000000 -2650.92 1935.11 2248.62 -521.818 -559.097 176.107
232000000 -2395.18 1675.02 2322.1 -747.363 -545.43 344.768
233000000 -2372.92 1771.13 2335.89 -707.542 -53.5015 81.9752
234000000 -2541.23 1605.38 2564.75 -772.438 -406.034 109.831
235000000 -2354.38 1584.07 2011.3 -744.59 -546.083 30.2827
236000000 -1752.67 1319.1 2100.36 -766.397 -671.218 411.629
237000000 -1936.65 1854.72 1327.26 -490.311 -121.072 370.579
238000000 -1260.98 1351.76 1387.64 -635.834 -521.228 -69.7716
239000000 -1488.04 1098.6 1984.56 -806.244 -533.408 367.023
240000000 -1075.09 1228.71 1531.07 -466.228 -629.423 4.61006
241000000 -843.163 668.894 1406.98 -607.098 -501.456 388.54
242000000 -504.032 569.192 1218.19 -621.354 -210.043 396.485
243000000 -258.571 977.93 757.832 -591.518 -498.202 456.387
244000000 -283.642 779.978 1017.31 -564.119 -541.63 299.911
245000000 223.872 89.7607 712.543 -577.314 -104.554 227.511
246000000 485.345 306.525 353.604 -567.057 -510.507 124.776
247000000 354.58 693.353 842.144 -646.766 -577.934 386.12
248000000 1051.02 381.374 113.103 -448.803 -268.953 -33.7273
249000000 962.243 228.451 167.503 -298.682 -553.714 35.5461
250000000 1287.22 -68.2975 117.715 -348.454 -243.2 377.889
251000000 1711.09 -792.698 -270.122 -527.865 -628.693 453.695
252000000 1681.75 -202.196 -46.3466 -401.275 -301.113 541.767
253000000 2053.37 -655.397 -227.467 -308.726 -707.271 626.269
254000000 2238.17 -1326.36 -290.673 -901.79 -374.243 230.016
255000000 2746.14 -474.525 -638.985 -591.998 -304.059 738.272
256000000 2424.66 -1121.19 -876.959 -641.358 -280.731 371.221
257000000 2983.93 -1062.26 -684.551 -512.848 -186.158 316.099
258000000 3083.37 -991.478 -954.689 -524.204 -754.054 620.738
259000000 3137.81 -1415.27 -844.76 -266.211 -424.85 190.603
260000000 3404.1 -1385.3 -972.463 -128.647 -471.854 191.535
261000000 3693.29 -1631.97 -1067.96 -142.765 -435.651 103.11
262000000 3850.38 -1279.44 -992.564 -603.389 -564.153 283.504
263000000 3850.48 -1739.99 -1299.11 -183.19 -615.466 402.641
264000000 4023.3 -1159.79 -1011.77 -247.94 -590.934 235.126
265000000 4120.01 -1827.13 -1511.59 -506.765 -230.797 628.418
266000000 4472.32 -1801.77 -1222.49 -270.574 -641.861 296.288
267000000 4615.27 -1700.41 -1242.61 -241.094 -387.027 515.058
268000000 4781.34 -1583.47 -1916.47 -292.983 -537.376 465.48
269000000 4069.38 -1283.19 -1844.41 -216.328 -313.247 724.872
270000000 4578.7 -1683.64 -1719.08 -124.499 -448.489 514.216
271000000 4603.93 -1714.32 -1670.45 -126.205 -579.542 417.213
272000000 4629.9 -1853.03 -1501.4 -208.662 -428.865 400.044
273000000 4586.72 -1227.71 -1158.09 -226.986 -501.541 461.49
274000000 4357 -1537.22 -1409.06 -209.984 -298.142 215.619
275000000 4365.99 -1660.27 -1219.11 16.1951 -503.403 139.411
276000000 4278.79 -1519.12 -1424.57 -174.822 -65.0022 155.378
277000000 4416.89 -1934.67 -1433.32 61.858 -343.828 637.632
278000000 4041.96 -1426.22 -1617.43 -129.762 -545.235 271.118
279000000 4260.99 -1518.15 -956.893 -248.461 -277.674 347.116
280000000 4131.67 -1490.1 -1332.34 -496.377 -461.03 411.093
281000000 3897.46 -959.996 -1587.46 -241.993 -502.97 311.496
282000000 3895.67 -1584.95 -918.139 -233.277 -340.738 290.554
283000000 3577.19 -1056.42 -867.156 -329.282 -404.081 514.983
284000000 3395.23 -1247.38 -1069.23 -287.068 -347.575 585.059
285000000 3112.7 -1008.07 -1003.01 -144.533 -140.872 300.519
286000000 2699.4 -681.648 -502.202 -171.744 -512.626 221.223
287000000 2747.8 -311.82 -691.524 -163.517 -341.802 72.9849
288000000 2927.66 -549.732 -557.046 -275.598 -300.234 -82.5945
289000000 2238.41 -574.625 -373.353 -377.978 -260.216 527.167
290000000 1996.7 -141.784 -449.693 -490.298 -447.577 285.957
291000000 2123.49 -101.117 -220.944 -254.143 -555.267 183.262
292000000 1291.65 81.2699 -65.6809 -383.266 -440.946 9.72902
293000000 1438.32 -236.11 144.739 -73.8549 -212.672 262.843
294000000 1022.59 71.523 245.732 -729.696 -634.332 83.4706
295000000 1380.45 85.9148 350.379 -159.091 -315.072 70.4989
296000000 848.422 374.965 181.092 -178.16 -323.032 212.471
297000000 454.633 629.582 579.138 -233.186 16.7764 182.606
298000000 472.032 657.598 559.986 28.469 -208.115 373.72
299000000 65.4505 901.304 1001.26 -122.702 -209.755 374.038
300000000 -143.407 622.473 1029.35 -452.438 -154.425 255.933
301000000 -404.212 817.048 805.176 -111.712 -26.182 150.213
302000000 -479.593 609.521 1154.08 14.1657 -38.3992 225.591
303000000 -1136.69 764.028 1529.66 -215.927 -378.937 239.522
304000000 -1042.29 1021.14 1730.15 -41.5249 -376.986 199.069
305000000 -1137.07 969.447 1536.06 -259.509 -113.899 90.6582
306000000 -1894.87 1002.26 1654.33 -214.766 -106.558 164.326
307000000 -1796.44 1518.41 1980.99 -443.818 5.54899 219.126
308000000 -2304.8 1267.92 1480.24 -330.145 -131.119 181.144
309000000 -2314.63 1769.39 1494.33 -23.7908 -233.174 13.179
310000000 -2646.51 1786.77 2018.79 -578.06 -251.255 128.024
311000000 -2503.18 1494.28 2153.07 -560.197 -452.063 275.118
312000000 -2775.65 1810.82 2604.39 -177.122 -401.115 168.104
313000000 -3497.03 2356.71 2297.58 -149.676 11.7197 140.699
314000000 -3151.38 2170.21 2384.14 -133.446 62.0734 121.01
315000000 -3483.79 2210.58 2663.32 18.841 -304.363 125.089
316000000 -3349.34 2142.01 2387.44 -229.649 -297.886 -109.192
317000000 -3148.56 2081.72 2485.78 -287.019 -420.455 108.002
318000000 -3403.85 2063.75 2547.71 -156.113 -327.071 526.176
319000000 -3750.09 2150.27 2746.92 25.3289 -300.916 19.033
320000000 -3668.93 2991.56 2450.94 -359.317 -265.163 125.202
321000000 -3643.02 2263.78 2507.97 -309.049 -349.644 420.692
322000000 -3596.44 2313.83 2499.92 83.0575 -274.737 435.917
323000000 -3870.34 2512.77 2350.01 -194.088 -299.308 146.368
324000000 -3497.42 2180.82 2829.37 -152.454 -365.251 182.838
325000000 -3963.01 2649.31 2567.93 129.442 -7.50643 242.985
326000000 -3646.13 2354.34 2666.76 -299.967 -235.45 94.696
327000000 -3569.04 2629.88 2457.45 -424.168 76.7416 443.845
328000000 -3472.17 2588.31 2647.17 -37.5485 -434.923 165.949
329000000 -3591.48 2406.5 2753.65 -290.518 -96.6587 275.146
330000000 -3428.89 2248.32 2596.69 -302.652 -84.4763 247.577
331000000 -3145.86 2212.48 2357.82 -308.556 -399.354 103.103
332000000 -3304.69 2321.42 2240.47 -121.315 -80.4703 276.617
333000000 -2841.72 2034.8 2251.55 -197.429 -126.423 253.649
334000000 -2782.87 2015.45 1982.86 -482.352 -370.696 182.683
335000000 -2735.24 1601.23 1773.49 -14.3049 -290.207 174.327
336000000 -1935.68 1119.82 2241.11 -420.731 -152.858 286.909
337000000 -2167.32 1614.65 1306.08 -250.56 -499.332 1.33132
338000000 -2166.95 1410.87 1556.72 -179.795 -345.804 211.498
339000000 -1889.75 1372.68 1410.94 -315.875 -272.16 199.686
340000000 -1571.26 1166.3 1248.15 -241.265 -50.7893 225.689
341000000 -1681.96 1167.18 1466.84 -161.425 -182.361 81.3657
342000000 -1079.65 1286.93 1053.99 -180.849 -54.9348 192.082
343000000 -1107.18 1008.25 1177.66 -282.982 -312.348 352.068
344000000 -1340.4 867.446 1173.28 -458.895 -621.23 20.393
345000000 -417.98 428.53 692.202 -261.038 -155.767 215.767
346000000 -258.175 659.605 699.701 -243.65 -189.859 248.445
347000000 213.9 175.591 142.098 -453.927 -476.983 161.459
348000000 449.474 364.894 477.058 -350.344 -124.727 38.3468
349000000 686.345 -26.8543 281.117 -425.273 -242.442 323.766
350000000 708.15 -174.93 16.6825 -466.702 -399.716 422.714
351000000 819.175 -180.217 -191.549 -174.479 -206.114 -73.5273
352000000 1591.27 -788.334 -204.953 -539.29 -206.579 292.956
353000000 1645.7 -497.484 -407.942 -177.303 -250.76 226.445
354000000 1916.37 -491.845 -603.913 -70.4949 -262.581 44.8841
355000000 2086.86 -669.573 -541.134 -170.542 -231.806 218.355
356000000 2240.94 -1141.97 -497.783 -341.491 -304.534 143.737
357000000 2812.12 -1332.09 -869.419 -356.356 29.7009 362.551
358000000 2785.21 -1282.71 -1001.88 -308.026 -279.983 275.263
359000000 3276.22 -1212.54 -929.025 -220.418 -438.478 450.546
360000000 2914.05 -1272.61 -1098.48 -223.282 181.9 278.596
361000000 3564.54 -1249.73 -788.521 -212.424 -320.441 443.251
362000000 3308.31 -1305.31 -836.276 -221.135 36.8676 434.205
363000000 3782.53 -1341.14 -974.905 -193.223 -187.162 391.416
364000000 4079.44 -1501.43 -1664.57 -200.136 -286.274 255.88
365000000 3841.85 -1793.2 -1260.78 -390.633 -144.301 526.128
366000000 4091.31 -1444.11 -1353.15 -625.091 -203.918 274.75
367000000 4227.38 -1401.48 -1175.86 -307.061 -256.505 308.123
368000000 4043.5 -1929.54 -1619.52 -106.176 -225.103 101.182
369000000 4202.26 -1596.35 -1481.78 -312.077 -40.9591 108.857
370000000 4517.01 -2132.98 -1612.85 -332.579 -383.156 -54.6496
371000000 4834.81 -1980.19 -1532.96 -312.043 -435.558 82.9541
372000000 4440 -1819.32 -1234.86 -288.93 -314.783 -18.7486
373000000 4485.46 -1839.94 -1417.05 -71.5611 -416.082 358.619
374000000 4141.38 -1984.1 -1545.96 -19.1708 -92.1358 255.376
375000000 4060.3 -1871.96 -911.807 -528.545 34.3767 26.4849
376000000 4191.91 -1911.97 -1476.07 -374.128 -73.8072 -38.0192
377000000 4531.63 -1897.89 -1233.55 -306.65 -124.383 115.712
378000000 3680.66 -1961.29 -1145.07 43.0797 -221.113 216.701
379000000 3475.85 -1408.16 -911.915 -488.655 -167.519 194.183
380000000 3319.71 -1298.34 -1033.52 -495.183 -92.9434 67.104
381000000 3145.85 -1254.78 -1322.36 -396.626 0.39425 -100.408
382000000 3521.22 -1417.98 -1000.59 -356.543 -159.27 289.924
383000000 3799.54 -1747.12 -1048.98 -350.495 190.6 -26.2195
384000000 3827.11 -1208.73 -1125.21 -675.561 -112.309 103.709
385000000 2964.73 -1210.22 -861.974 -414.634 254.211 231.575
386000000 2856.35 -1297.75 -772.812 -165.745 92.3452 -309.854
387000000 2895.71 -1092.54 -910.823 -425.915 -8.56352 286.723
388000000 2115.13 -926.095 -715.759 -560.176 -116.597 42.1186
389000000 1936.91 -661.659 -179.281 -51.2 261.817 -191.083
390000000 1876.17 -441.148 118.599 -409.385 306.187 25.7001
391000000 1677.85 -67.3258 -440.983 -358.766 -170.536 -9.29132
392000000 1695.52 -331.599 -403.315 -716.746 110.737 171.359
393000000 1317.1 106.476 -530.102 -656.58 -225.224 288.778
394000000 840.117 -127.084 154.142 -457.09 -281.511 -13.7041
395000000 1247.42 342.354 -11.9615 -651.9 98.3622 -106.59
396000000 547.179 227.507 -368.262 -213.47 -261.049 -91.0457
397000000 507.472 -59.646 523.818 -77.8757 -65.1569 -76.6775
398000000 261.493 217.165 670.219 -419.225 -106.808 329.726
399000000 140.066 434.394 531.17 -228.174 149.705 49.5163
400000000 -378.3 360.861 935.395 -208.494 -175.489 -409.182
401000000 -665.577 739.304 746.406 -130.188 -172.277 9.16512
402000000 -609.178 587.105 1097.07 -185.795 97.4478 102.318
403000000 -1239.45 695.335 1161.33 -53.3576 -100.412 278.224
404000000 -1536.58 1067.61 1075.07 -446.42 -149.669 -257.68
405000000 -1949.71 1660.4 1557.71 -423.957 -32.3291 66.7701
406000000 -2272.55 1500.44 1144.42 -81.6917 -169.876 102.041
407000000 -2396.79 1915.22 1591.59 -205.246 -209.304 -90.2466
408000000 -2475.8 1737.74 1897.61 -351.681 -152.476 -93.8293
409000000 -2745.11 1824.91 1746.96 -8.3776 187.587 -31.5526
410000000 -2659.08 1730.29 1822.93 -263.455 -376.424 319.581
411000000 -3032.89 2040.83 1707.48 -216.307 98.9196 176.787
412000000 -3533.03 1610.67 2129.68 -253.808 -154.278 198.239
413000000 -3136.56 1845.93 1977.05 -55.9067 -69.5645 208.415
414000000 -3269.34 1977.12 2440.87 -306.417 14.6155 -279.634
415000000 -3235.92 1800.52 2633.12 -132.019 -232.385 230.773
416000000 -3460.21 2061.02 2371.43 -162.627 -89.9117 51.9617
417000000 -3105.06 2146.35 2685.26 -251.361 -257.829 -336.512
418000000 -3461.57 2216.85 2347.02 -365.669 69.9156 301.69
419000000 -3724.6 2452.21 2846.77 -309.212 -216.87 413.546
420000000 -3557.95 2605.28 2552.55 -353.394 -276.801 307.056
421000000 -3533.44 2034.06 2164.48 -333.381 102.303 106.812
422000000 -3501.84 1923.82 2481.01 -140.768 82.3245 93.5819
423000000 -3328.35 2361.02 2291.85 -239.554 103.15 -258.807
424000000 -3399.99 2343.4 2484.45 -198.417 169.456 16.854
425000000 -3449.39 2706.48 2697.8 -172.442 -365.843 348.188
426000000 -3364.08 2701.14 2556.07 -642.662 -367.357 -53.8859
427000000 -3642.06 2246.28 2477.87 -359.69 -233.135 -24.2363
428000000 -3402.33 2030.82 2244.05 -185.389 -151.753 34.8503
429000000 -3243.58 2371.92 2376.1 2.20613 -184.684 -148.02
430000000 -3101.07 2019.12 2097.82 -70.8237 -437.132 24.0357
431000000 -2471.02 1894.21 2477.09 -51.8742 -626.605 39.8193
432000000 -2894.11 1900.78 1743.81 -340.219 75.1419 -30.0875
433000000 -2522.51 1666.59 1757.96 34.7567 -290.127 16.7874
434000000 -2511.72 2109.18 1698.1 -480.1 13.7316 -26.8902
435000000 -2628.57 1593.69 2022.84 92.2868 -207.578 -37.468
436000000 -2133.96 2031.64 1491.04 -219.353 107.295 239.864
437000000 -1853.46 1512.45 1773.04 -127.047 27.8584 -84.4792
438000000 -1964.51 1621.27 1895.26 -291.548 -16.9939 124.248
439000000 -1578.57 1197.08 1348.51 -40.2462 -301.139 -101.88
440000000 -1956.47 822.149 1544.62 -321.369 -229.281 454.079
441000000 -751.578 1119.19 1127.94 -502.57 -175.577 -141.093
442000000 -1082.31 477.512 973.644 -417.409 -319.528 -179.546
443000000 -854.361 967.435 395.973 55.8081 -388.483 -320.743
444000000 -535.268 643.56 808.199 -447.066 -284.612 107.913
445000000 7.26594 931.321 659.368 -190.124 -63.0434 -235.247
446000000 12.2126 418.645 402.25 -408.424 -164.993 -215.314
447000000 387.679 273.361 535.047 -82.3051 -488.183 487.61
448000000 885.988 -160.994 24.7771 -493.325 93.1977 85.0645
449000000 998.302 215.184 -241.703 -292.68 -212.618 20.3756
450000000 996.285 -214.604 382.089 -244.724 78.4824 46.6096
451000000 1600.08 -144.919 -370.955 -391.551 95.8406 107.397
452000000 1755.85 -443.78 147.005 19.4507 19.0115 -187.748
453000000 2107.64 -636.979 57.5878 -393 -191.091 -9.64036
454000000 2025.62 -507.889 -247.381 -367.131 -309.832 -183.598
455000000 2371.92 -122.009 -769.178 -450.268 215.46 -146.618
456000000 2334.84 -1026.04 -570.251 -155.442 336.616 109.229
457000000 2617.79 -926.918 -484.019 -232.424 5.23629 156.4
458000000 2705.19 -1314.97 -494.923 -263.219 -22.7407 62.8547
459000000 2545.31 -1137.01 -1014.02 -492.276 -48.7661 61.6524
460000000 3178.26 -1454.75 -908.692 -25.1494 58.7235 45.1982
461000000 3112.22 -1009.86 -870.676 -80.033 -29.8538 -158.461
462000000 3780.6 -1181.13 -717.778 -43.2258 38.2946 -26.2071
463000000 3633.69 -1738.72 -1092.96 89.3098 -13.7806 126.472
464000000 3377.68 -1378.39 -1166.91 -285.028 -119.759 104.587
465000000 3684.71 -1328.32 -1027.57 -234.841 120.414 -337.921
466000000 3663.39 -1741.02 -1511.58 -56.164 125.371 -96.146
467000000 3943.31 -1565.8 -1043.58 -524.657 -180.099 198.072
468000000 3937.64 -1098.99 -829.271 -474.749 -120.959 -201.134
469000000 4047.01 -1558.17 -1078.78 -182.45 40.7504 -211.999
470000000 4369.72 -1708.05 -1158.59 -506.445 65.7459 100.902
471000000 4274.98 -1792.06 -1169.22 -364.197 -150.702 81.1169
472000000 4041.41 -1402.61 -1029.85 -421.703 193.843 240.378
473000000 4046.41 -1241.07 -1013.67 -318.674 429.159 -31.7259
474000000 3446.55 -1089.59 -1364.95 -252.279 377.305 415.312
475000000 4125.05 -1460.31 -1097.51 22.8796 423.519 481.673
476000000 4076.52 -1412.03 -1510.46 0.84956 -55.2371 106.85
477000000 3817.85 -1244.95 -1280.99 -125.563 54.256 344.682
478000000 4073.75 -1418.11 -1155.94 -220.241 126.195 394.758
479000000 3775.43 -1080.56 -940.87 -164.993 530.501 -121.17
480000000 3629.64 -1494.19 -816.227 -370.364 -146.885 -140.911
481000000 3217.01 -1381.43 -795.537 -459.478 113.129 -138.012
482000000 3548.9 -1768.25 -945.823 -106.687 238.418 259.023
483000000 3064.3 -1147.28 -707.004 -152.063 51.9784 147.291
484000000 2743.47 -855.912 -725.736 23.32 -73.4458 70.6642
485000000 2725.21 -1099.83 -734.004 -167.433 77.9339 -87.9256
486000000 2766.4 -963.694 -486.627 -375.005 307.557 -126.502
487000000 2231.36 -558.747 -340.916 -285.276 173.321 130.715
488000000 2188.36 -751.09 -516.478 -187.808 -21.4072 22.5926
489000000 1863.75 -900.711 -15.8434 -136.805 -99.8214 -93.7722
490000000 1570.65 -457.114 190.567 -173.352 6.90222 31.4807
491000000 1136.02 -666.433 -167.3 -82.9989 478.442 277.493
492000000 1388.43 -507.556 461.071 -445.028 187.898 -25.2749
493000000 856.264 -35.9473 -87.25 -361.055 -13.2028 -51.192
494000000 836.615 -56.3649 108.461 -218.734 419.32 35.0269
495000000 289.638 -86.6547 236.196 -290.036 160.928 -289.049
496000000 116.238 194.454 404.007 -170.073 -172.981 285.501
497000000 -166.915 114.899 885.951 -531.075 339.975 -96.3593
498000000 -334.378 386.139 631.236 -363.263 399.238 22.7026
499000000 -632.781 514.45 1543.9 -658.995 285.254 -138.657
500000000 -1045.3 505.939 1650.09 -470.269 242.949 199.513
501000000 -1049.73 1095.82 1478.1 -241.688 55.7699 99.7761
502000000 -1044.19 730.07 1433.91 -673.635 204.497 -158.446
503000000 -1771.06 1449.05 1304 -151.584 166.708 193.929
504000000 -1961.61 1662.78 1801.23 -367.394 263.877 -337.285
505000000 -1847.64 1276.9 1753.21 -403.351 -40.9044 -56.6288
506000000 -1984.48 1205.57 2053.12 -114.164 149.95 -88.2447
507000000 -2720.03 1957.19 2238.2 -358.621 118.703 -235.638
508000000 -2773.77 1774.04 2166.5 -136.424 381.747 100.527
509000000 -3033.5 1998.76 2290.61 -284.287 353.891 -21.6101
510000000 -3056.31 1829.16 2371.22 -127.923 -40.9507 -144.425
511000000 -3135.54 2144.56 2097.75 -29.7089 343.733 -210.048
512000000 -3223.68 2296.84 2132.79 -52.3224 395.867 135.439
513000000 -2901.69 1936.29 2649.29 -139.109 111.401 -132.702
514000000 -3190.6 1657.23 2527.2 -222.626 483.856 -20.1836
515000000 -3620.48 2045.2 2804.43 -2.89297 275.073 -87.0702
516000000 -3616.55 1803.38 2645.09 -473.932 375.983 -356.447
517000000 -3912.05 2426.52 2499.62 -58.5524 472.667 -81.7468
518000000 -3542.35 2318.8 2691.29 -214.071 235.7 73.3045
519000000 -3641.16 2201.9 2761.12 -329.675 -130.884 -11.9777
520000000 -4011.51 2110.51 2477.76 -449.558 61.083 -12.6647
521000000 -3703.73 1935.21 3264.51 -324.273 267.711 -258.231
522000000 -4021.74 2329.31 2626.89 -356.749 165.062 127.919
523000000 -3565.53 1952.13 2905.87 -559.787 47.621 -378.952
524000000 -3632.41 1783.15 2559.85 -268.613 168.122 -17.3624
525000000 -3608.79 2057.38 2808.58 -428.958 478.023 49.7384
526000000 -3473.27 2286.95 2654.64 -201.625 569.831 39.1091
527000000 -3665.28 2321.23 3360.13 -485.697 355.013 -183.09
528000000 -3533.93 2219 2632.86 90.6352 201.25 174.526
529000000 -3350.02 2053.41 2727.77 -302.434 -45.9133 -251.807
530000000 -3282.29 1596.93 2800.43 -403.983 76.6048 130.697
531000000 -3551.42 2286.22 2179.65 -340.639 433.348 34.697
532000000 -2884.78 1495.85 2460.76 -163.086 115.393 45.6704
533000000 -2997.02 1269.68 2678.41 -350.928 296.742 301.785
534000000 -2568.62 1311.86 2099.44 -109.177 237.359 45.4976
535000000 -2794.19 1089.83 2442.27 -48.348 100.183 11.7853
536000000 -2302.01 1042.69 2091.09 -498.394 253.794 225.023
537000000 -2494.15 740.705 1992.17 -350.572 -18.2299 -1.02162
538000000 -2682.4 1308.31 1868.38 -180.139 319.247 142.527
539000000 -1818.23 774.347 1727.26 -447.381 260.864 -25.1105
540000000 -1491.36 755.754 1813.18 -384.959 350.578 42.6295
541000000 -1835.47 650.679 1462.91 -127.087 332.482 -141.453
542000000 -1368.76 601.79 1464.89 -125.302 421.746 275.102
543000000 -1193.36 752.668 970.548 -179.351 305.802 64.4666
544000000 -1460.67 603.731 1113.11 -39.5726 531.772 53.581
545000000 -508.119 630.485 699.154 -597.409 418.659 282.366
546000000 -939.169 164.976 703.564 -101.493 237.991 162.539
547000000 -227.725 241.289 1019.41 77.2003 387.137 -191.825
548000000 19.409 -73.9831 409.619 -232.547 247.818 236.181
549000000 513.873 -86.9276 383.512 -304.087 152.141 222.113
550000000 230.974 -180.267 306.818 -175.311 508.764 225.711
551000000 789.515 -348.906 403.022 -11.2984 -3.77383 -86.6392
552000000 989.761 -669.528 109.459 -199.091 490.869 258.878
553000000 983.464 -46.1601 27.0332 -171.921 226.705 134.006
554000000 1408.17 -1244.42 -151.749 -479.36 437.084 219.485
555000000 1391.79 -844.928 -478.863 -156.336 180.786 -24.3825
556000000 1654.83 -758.62 -387.942 13.4245 262.29 66.0624
557000000 2263.55 -1459.03 -271.808 -472.831 336.504 169.917
558000000 2118.95 -1143.89 -418.395 -244.019 342.914 103.158
559000000 2503.77 -1279.66 -536.26 -332.98 493.347 -291.524
560000000 2826.86 -1301.8 -746.684 -70.7664 -194.561 -119.344
561000000 3156.92 -1385 -667.584 -159.154 274.21 337.768
562000000 3087 -1865.67 -285.776 45.58 -149.846 216.356
563000000 3413.25 -1452.77 -1065.55 142.19 28.4221 150.357
564000000 3442.41 -1401.22 -981.768 -282.479 -55.3173 -255.231
565000000 3486.89 -1790.1 -662.333 -152.298 654.697 -116.768
566000000 3732.48 -2008.77 -1233.34 -281.135 298.579 154.682
567000000 3838.04 -1670.73 -1096.23 33.0328 188.785 -143.71
568000000 3771.35 -1591.85 -1227.74 -264.407 304.919 -289.477
569000000 4031.16 -1289.93 -1237.9 -243.816 76.7957 275.322
570000000 4090.49 -1938.58 -1624.64 -567.6 263.934 -229.487
571000000 4286.95 -2113.07 -1494.7 -545.974 -186.631 48.2997
572000000 3778.81 -2009.31 -1220.33 -55.2896 -144.118 24.4296
573000000 3877.01 -1641.32 -1334.98 -160.065 361.755 250.974
574000000 3990.29 -1648.34 -1299.58 -312.965 91.0027 -109.229
575000000 3880.12 -1660.51 -1282.71 -196.213 289.099 71.0661
576000000 3941.35 -2262.03 -1069.68 -194.508 377.18 -78.8401
577000000 3858.71 -2403.4 -1195.3 -143.95 335.952 -260.23
578000000 3838.62 -1588.03 -1148.81 -371.033 158.227 36.0401
579000000 3439.66 -2354.87 -1108.04 -37.3322 437.21 94.2309
580000000 3651.49 -2211.27 -1211.39 -283.779 367.522 -323.094
581000000 3519.86 -1958.51 -722.067 86.6641 180.52 16.5205
582000000 2822 -1936.69 -993.322 -110.121 122.07 -313.735
583000000 3305.55 -1690.56 -946.419 -326.701 185.094 -527.26
584000000 2852.98 -1777.75 -822.782 -60.011 277.68 -212.097
585000000 2294.44 -1468.35 -911.642 -238.223 211.857 98.9831
586000000 2425.26 -1139.34 -392.264 -118.22 -66.0702 -389.272
587000000 2626.36 -1169.1 -493.651 -207.08 38.5267 -68.5256
588000000 2541.27 -1287.92 -780.572 -5.48022 282.646 -414.812
589000000 1917.14 -1343.4 -342.877 -212.176 143.858 -395.726
590000000 2066.73 -1215.45 -478.416 -713.268 33.1769 -209.02
591000000 1258.44 -1153.65 273.771 -345.377 170.462 -313.553
592000000 1203.56 -651.247 91.829 -163.493 294.742 -62.5152
593000000 731.666 -959.982 -50.7559 -364.858 178.048 38.2277
594000000 783.007 -431.14 208.105 -309.04 91.1323 -193.839
595000000 340.829 -476.707 520.878 -438.383 73.5752 -201.66
596000000 122.547 -510.872 533.722 -347.588 85.132 -182.772
597000000 -319.277 -417.683 627.986 69.9875 83.2772 -196.618
598000000 -395.273 19.5626 753.43 -82.5508 349.488 -63.5223
599000000 -660.283 -239.099 729.712 -111.201 26.4896 176.213
600000000 -1239.12 35.1405 1063.62 6.86467 159.973 -240.407
601000000 -1206.8 38.7344 1262.04 -315.56 50.5555 -716.398
602000000 -1475.85 671.175 1632.86 90.1409 290.926 205.853
603000000 -1854.06 548.561 1017.78 -369.568 299.357 -88.4141
604000000 -1815.72 552.551 952.047 -297.17 195.083 155.289
605000000 -2167.92 653.082 1425.41 -332.746 220.384 67.8969
606000000 -2505.38 1170.12 1533.9 126.14 139.098 -1.58298
607000000 -2695.32 830.127 2081.07 -217.393 -0.868869 -18.005
608000000 -2804.72 1355.09 2143.24 -128.931 -65.8742 251.977
609000000 -2960.49 1052.65 1879.62 -277.815 181.068 -197.091
610000000 -3615.55 917.003 2317.29 -144.772 -104.44 -246.343
611000000 -3289.36 1643.51 2268.41 73.3334 -5.91196 151.015
612000000 -3737.97 1607.15 2491 -113.405 -76.9037 -79.0016
613000000 -3564.67 2204.21 2896.01 -203.984 -38.0634 -89.7204
614000000 -3777.69 1462.52 2918.44 -320.625 -3.13945 -118.664
615000000 -3920.24 1774.08 2510.88 -61.9556 279.295 63.0232
616000000 -3983.76 2246.95 2700.46 -302.511 -293.91 -163.434
617000000 -3842.95 2179.18 3204.13 -136.27 38.6083 -164.46
618000000 -4178.6 1651.65 3132.23 -105.617 -352.399 78.5093
619000000 -4467.92 1711.12 3148.39 -513.24 -94.1686 13.6386
620000000 -4783.94 1937.19 3041.59 -156.461 250.612 208.277
621000000 -4257.05 1892.26 3156.89 -552.395 -151.008 -78.8825
622000000 -4284.55 2579.84 2820.78 -193.502 21.8062 -67.0417
623000000 -4469.44 2232.65 3298.73 -351.175 -67.0704 -368.794
624000000 -4474.35 2077.2 3060.61 -208.777 221.254 -83.3929
625000000 -4626.46 2089.31 3291.36 -382.257 -143.026 105.42
626000000 -4259.51 2448.35 2903.52 -132.335 -29.9871 -246.885
627000000 -4184.69 1922.31 2914.66 -444.008 205.704 6.20045
628000000 -3892.58 1851.06 2647.07 -635.657 -79.5111 -107.209
629000000 -4138.35 2267.42 2824.18 -331.766 -56.817 -35.7769
630000000 -4307.9 2059.37 2563.96 -484.302 -156.721 -41.0275
631000000 -3626.82 1636.96 2621.52 -470.521 -38.5855 124.737
632000000 -3783.34 1901.27 2317.08 -608.415 241.386 -176.072
633000000 -3497.24 1421.9 2171.22 -427.399 340.747 198.868
634000000 -3428.99 1447.63 2531.93 -636.095 33.7599 -69.7402
635000000 -3293.74 1271.4 1984.78 -451.182 72.073 -304.584
636000000 -3210.5 1323.19 2359.69 -742.227 132.041 -178.026
637000000 -3121.13 1252.75 1628.32 -659.288 -353.848 -133.485
638000000 -2822.07 1424.67 1934.12 -309.987 81.9991 -14.1788
639000000 -2494.22 1097.22 1429.62 -295.577 -47.228 -51.6987
640000000 -2500.59 1426.31 1759.1 -578.347 -32.0504 -144.95
641000000 -1918.42 1056.6 1427.39 -434.32 85.419 1.07041
642000000 -2212.88 766.281 2033.18 -523.65 -48.8509 157.781
643000000 -1632.34 298.383 1369.81 -592.845 61.3347 67.7386
644000000 -1601.8 712.189 1386.07 -464.747 -334.003 -99.3997
645000000 -951.019 133.353 1075.72 -381.321 48.881 -44.3002
646000000 -614.949 -86.6815 1200.23 -493.624 278.216 48.3626
647000000 -405.795 -257.054 1114.56 -176.076 209.955 -220.828
648000000 -63.6832 -299.612 423.869 -193.737 29.5622 -56.8696
649000000 -73.9956 -34.6542 490.349 -230.654 -266.526 -344.493
650000000 -35.9622 -438.684 255.795 -371.76 -43.5739 226.916
651000000 567.295 -876.753 397.709 -302.676 8.18134 -124.279
652000000 1118.74 -217.521 -60.2077 -535.907 -96.5507 6.01385
653000000 1001.58 -832.393 11.0327 -365.153 157.417 51.762
654000000 1186.96 -229.936 260.77 -503.843 71.1027 62.7229
655000000 1537.79 -955.393 460.565 -481.058 217.724 -43.4953
656000000 1520.4 -1113.98 81.7529 -124.119 82.5178 -1.43019
657000000 2016.33 -1215.4 -235.497 -756.849 287.391 -230.733
658000000 2398.9 -862.164 -749.742 -312.483 148.366 -254.828
659000000 2377.76 -1567.19 -783.204 -229.728 344.113 -111.493
660000000 2658.23 -1467.41 -650.781 -350.257 53.8846 -231.747
661000000 2962.75 -1363.07 -1091.69 -665.02 98.6023 -298.956
662000000 2876.04 -1633.58 -486.855 -434.542 4.16456 365.837
663000000 3095.01 -1402.51 -925.838 -90.2725 245.134 -305.466
664000000 3547.51 -1756.19 -1368.34 -66.1111 -1.83429 -398.485
665000000 3368.59 -1645.12 -1497.1 -36.9985 221.546 -410.573
666000000 3457.02 -2053.66 -1143.28 -439.101 222.214 -305.084
667000000 3430.68 -2266.41 -1203.65 -24.4187 -103.571 21.7765
668000000 3869.83 -1576.5 -1437.01 -95.8392 195.742 -415.459
669000000 3496.71 -1366.54 -1061.06 -28.3916 -234.179 -197.609
670000000 3440.04 -1555.79 -1324.04 -414.066 235.286 -18.0714
671000000 4219.27 -1876.5 -1748.4 -108.348 -184.952 -560.447
672000000 3964.75 -1719.84 -903.991 -268.018 140.251 -304.048
673000000 3934.59 -2018.04 -1691.72 -352.307 267.967 -87.7217
674000000 3879.05 -1856.01 -1691.93 -266.786 150.214 -235.459
675000000 3609.47 -1690.23 -932.785 -194.17 -286.629 305.241
676000000 3474.06 -1954.05 -1202.55 -272.928 189.826 66.3161
677000000 3435.13 -2028.58 -968.978 -514.099 -201.256 -33.3873
678000000 3694.85 -1932.66 -1093.92 63.1885 116.884 -168.66
679000000 3795.63 -2030.92 -1549.8 -105.465 29.0513 -205.855
680000000 3672.77 -1595.14 -1357.13 -236.195 213.78 94.3729
681000000 3236.07 -1286.89 -508.973 -250.759 342.373 -86.3019
682000000 3244.39 -1467.49 -1251.61 -72.2809 89.0718 28.2409
683000000 3721.58 -1974.21 -897.202 -351.745 -161.881 29.5369
684000000 2784.3 -1516.36 -835.586 -141.8 185.908 -327.975
685000000 2532.5 -1786.23 -644.001 141.949 -70.6709 25.9059
686000000 2535.99 -1523.21 -417.507 112.601 -110.135 199.378
687000000 2007.88 -1053.26 -830.164 -334.399 37.9386 40.1912
688000000 2331.22 -1128.04 -328.852 -328.885 9.14156 -168.091
689000000 2109.65 -1152.57 -382.152 -106.283 190.736 -61.0665
690000000 1851.02 -948.739 -180.563 -383.632 -29.1858 9.30535
691000000 1405.28 -854.391 -385.784 -144.735 -46.1277 -110.534
692000000 1154.71 -622.581 -133.16 26.8819 -181.11 13.6425
693000000 967.064 -801.278 43.3723 -312.324 186.775 392.413
694000000 492.562 -717.1 180.875 -376.585 171.439 -214.609
695000000 576.212 -515.83 77.0721 -178.884 -303.926 -127.498
696000000 132.163 -560.801 557.062 -220.906 1.58804 -378.239
697000000 -240.531 -101.79 518.675 -19.8878 -169.572 61.6486
698000000 -519.24 -311.491 637.146 -163.864 219.553 -239.189
699000000 -153.023 -386.705 697.42 -103.648 233.217 -159.528
700000000 -756.468 301.134 1221.36 -204.882 51.5521 30.2648
701000000 -910.557 380.755 1085.12 -212.314 -231.241 7.99986
702000000 -1668.76 458.419 1220.57 -309.784 180.313 210.291
703000000 -1791.3 487.786 1533.71 -418.408 -41.6797 94.1113
704000000 -1904.32 548.417 923.634 -393.985 -6.85281 42.6769
705000000 -2174.76 676.127 1617.05 -51.254 -322.537 -116.256
706000000 -2147.92 880.717 1066.78 -254.101 267.652 -35.0963
707000000 -2459.69 902.621 1901.2 -139.525 -146.386 8.33698
708000000 -2386.04 896.929 1918.49 -435.23 290.35 101.708
709000000 -3047.89 1121.93 1890.24 -557.149 132.376 -316.671
710000000 -3132.38 928.055 1865.07 -185.835 53.9912 -68.7738
711000000 -3168.81 1393.48 2270.32 -108.498 348.161 -94.1754
712000000 -3070.61 1279.22 2371.91 -304.847 253.749 -149.983
713000000 -3243.4 1363.83 2549.45 -235.171 289.235 -102.715
714000000 -3690.74 1340.25 2450.14 -538.769 83.2848 -53.6415
715000000 -3972.16 1839.08 2443.82 -524.682 -300.662 162.608
716000000 -3921.97 1809.9 2424.53 -435.904 104.941 152.357
717000000 -4678.09 1522.78 2964.34 -451.933 552.401 107.418
718000000 -4258.61 1935.01 2687.79 -96.7409 73.7028 -30.5525
719000000 -4060.76 1946.46 2882.02 -304.104 -222.971 -244.225
720000000 -4149.4 1812.31 3090.65 -135.954 146.134 122.315
721000000 -4210.8 1997.29 2819.38 -26.6093 47.7539 70.5232
722000000 -4098.33 1852.07 2875.12 -280.081 487.363 -6.36333
723000000 -4131.79 2344.17 2753.93 39.5748 -34.108 -106.139
724000000 -4245.21 1723.04 2689.58 -20.7222 -8.14711 167.863
725000000 -4529.16 1670.87 2764.83 -156.626 92.6335 -44.0963
726000000 -3435.06 1809.61 2640.43 -343.621 128.042 -93.024
727000000 -4247.59 1954.72 2907.33 -162.377 248.301 86.2191
728000000 -3694.67 1546.57 2827.95 -119.151 136.239 -175.875
729000000 -3523.09 1613.44 2761.76 -317.36 438.404 -184.339
730000000 -3671.86 1624.38 2155.94 -598.496 -60.4436 20.0745
731000000 -3818.89 1820.6 2207.12 -248.195 316.445 -112.876
732000000 -3701.72 1525.07 1874 -429.58 49.973 -97.4141
733000000 -3351.22 1684.51 2390.05 -385.299 11.5964 -359.124
734000000 -3360.48 1472.62 2351.76 -434.35 61.242 -382.767
735000000 -2831.3 1528.48 2608.45 -270.918 82.0655 -468.892
736000000 -3073.39 1805.25 1738.98 -346.875 -74.8294 -444.346
737000000 -3064.23 1413.48 1859.13 -495.089 -93.3326 109.841
738000000 -2606.38 1363.4 1847.49 -361.304 17.9111 -83.7657
739000000 -2405.34 1044.13 1664.36 -108.219 -35.5227 -383.563
740000000 -2349.86 922.127 1269.26 219.496 148.817 -182.568
741000000 -2178.76 1323.17 1282.32 -195.644 411.027 -249.396
742000000 -1848.23 820.757 993.111 -68.3738 52.5979 75.1157
743000000 -2039.72 406.245 1945.2 -391.702 -44.225 -254.563
744000000 -1480.17 89.1014 1192.56 -309.539 12.0094 -258.891
745000000 -1257.78 357.953 807.588 -557.935 202.712 -46.9463
746000000 -539.143 83.0201 416.592 -267.666 -4.68417 -166.676
747000000 -92.7631 -267.324 261.022 142.01 -7.75756 40.7494
748000000 440.21 -51.3043 302.702 -47.7455 79.9924 -31.2951
749000000 -167.933 91.3998 289.8 -42.5853 60.4373 -51.897
750000000 407.568 -133.026 315.434 114.219 -19.9723 10.0124
751000000 408.506 -577.642 -105.365 30.4014 82.3721 261.078
752000000 281.475 -180.559 -481.67 4.84685 234.883 -208.632
753000000 926.355 -567.618 -483.89 -30.7151 -191.342 186.803
754000000 1258.1 -959.081 -333.677 -339.266 58.1996 -116.466
755000000 1428.49 -871.673 -556.096 -10.106 353.972 19.1471
756000000 2038.45 -1161.51 -992.615 -187.647 407.121 141.864
757000000 2222.92 -1427.8 -555.095 -119.643 209.806 -144.814
758000000 2351.02 -1683.09 -661.22 -659.229 -22.6692 -173.645
759000000 2651.21 -1307.94 -1127.18 206.039 152.715 -202.345
760000000 2101.24 -1480.12 -1269.27 -298.565 360.418 -4.51187
761000000 3136.39 -1730.74 -921.799 -45.3376 284.942 141.894
762000000 3509.56 -1889.51 -713.601 -66.1598 71.9136 -169.385
763000000 3757.71 -1767.21 -1044.29 -478.784 248.906 -37.9076
764000000 3439.36 -2061.27 -1462.88 -19.3712 116.449 -223.844
765000000 3462.67 -2107.46 -1538.19 -686.166 226.887 -288.838
766000000 3931.86 -2052.4 -1216.32 -135.568 802.376 60.8224
767000000 3853.42 -1828.98 -2241.11 205.883 277.13 -48.8951
768000000 3501.9 -2027.41 -1685.7 -219.948 266.964 -321.689
769000000 4299.12 -1894.21 -1685.85 48.3048 569.062 106.027
770000000 4192.8 -2154.8 -1664.77 -425.484 560.827 165.759
771000000 3740.3 -1948.65 -1637.46 -105.881 178.432 -389.697
772000000 3921.02 -2072.56 -1568.92 -65.7922 135.581 -36.5782
773000000 3582.23 -1975.52 -1446.22 -121.468 335.426 69.5866
774000000 4181.76 -2258.13 -1444.58 -62.1983 222.134 262.034
775000000 4052.32 -2057.88 -1610.14 -252.697 249.614 -157.557
776000000 3845.33 -2169.94 -1192.87 -259.918 361.646 186.043
777000000 3678.25 -1826.35 -1491.96 -96.6165 224.781 263.883
778000000 4003.58 -2264.52 -1395.89 -251.678 30.4906 242.56
779000000 3785.08 -1863.19 -910.581 -48.0269 355.876 233.601
780000000 3171.71 -1903.67 -852.769 -203.42 30.6149 -80.966
781000000 3517.83 -1892.54 -1540.38 -36.9705 256.463 73.8224
782000000 3224.72 -2282.69 -1117.61 -122.847 -381.504 484.646
783000000 3001.48 -1697.4 -1072.22 -284.711 -13.1926 181.916
784000000 3009.92 -1938.05 -1280.53 -307.061 -47.7038 348.098
785000000 2842.62 -1657.96 -1087.29 -174.242 325.271 212.902
786000000 2762.15 -1772.04 -729.069 143.95 -184.121 -203.203
787000000 1979.71 -1584.38 -590.248 -190.689 -66.6766 175.361
788000000 2268.91 -1307.76 -931.03 -284.181 56.9613 148.129
789000000 2151.97 -1249.63 -503.45 -202.815 120.448 170.736
790000000 1384.81 -1129.89 -517.15 -132.23 -33.0996 52.8809
791000000 1253.35 -977.177 -402.518 -370.081 -110.121 173.257
792000000 945.209 -565.13 -263.865 -218.394 -139.764 168.491
793000000 1152.87 -621.045 -206.162 -40.1267 5.90032 134.536
794000000 606.132 -65.4144 394.714 -147.616 -169.997 341.289
795000000 467.223 -279.74 -41.0926 -169.989 119.638 146.728
796000000 301.83 -458.801 184.192 -139.865 -359.345 248.66
797000000 117.376 245.917 406.264 -142.32 271.461 -27.2803
798000000 -505.744 -300.676 393.16 -558.543 -68.9382 56.9162
799000000 -215.209 289.293 312.601 -152.082 158.353 -22.1493
800000000 -878.16 388.767 570.963 -554.579 133.572 101.92
801000000 -1268 158.924 853.176 -116.406 70.3058 0.966348
802000000 -1577.84 665.582 1066.11 -218.733 -230.853 -113.382
803000000 -1647.13 780.072 1461.45 -464.74 151.351 142.785
804000000 -2133.08 858.925 1076.62 -87.6851 -50.6141 3.50086
805000000 -2008.45 775.304 1193.84 -301.592 131.632 -183.702
806000000 -2424.99 868.771 1755.29 -373.429 73.5175 -110.811
807000000 -2690.41 1054.07 1656.3 -232.285 -56.4132 -18.6403
808000000 -2648.45 1215.89 1396.16 -495.514 -146.015 345.205
809000000 -2849.27 997.38 2036.79 -235.821 27.3855 -44.2693
810000000 -3263.77 1992.07 1855.46 -224.957 -18.5319 -14.1645
811000000 -3067.31 1713.26 1926.76 -174.099 -547.009 58.7135
812000000 -3254.08 1557.64 2291.29 -107.468 -78.8265 -136.783
813000000 -3576.29 1824.67 2005.58 -281.847 -79.5223 -37.0303
814000000 -3666.23 1960.86 2207.53 -1.93335 -247.969 131.489
815000000 -4026.89 1906.21 2446.9 -232.916 -187.357 -78.8487
816000000 -3870.7 2357.18 2280.9 -316.949 -304.887 248.054
817000000 -4117.03 1649.78 2488 -192.329 -0.0154442 -222.477
818000000 -4148.56 2032.46 2271.76 -84.8506 -28.3298 157.484
819000000 -3900.42 2046.63 2521.88 -586.385 13.4245 143.711
820000000 -3975.38 2730.56 2240.24 -274.856 -30.1416 -56.6829
821000000 -4341.15 2008.36 2794.63 -337.962 -466.471 160.429
822000000 -4639.71 2537.88 2813.03 -614.829 -150.599 134.193
823000000 -4311 2449.89 2327.14 32.7044 -229.231 109.277
824000000 -4028.9 2155.12 2578.47 -241.963 67.6212 150.188
825000000 -4228.86 2373.98 2508.4 -135.923 -549.84 317.205
826000000 -4671.14 2515.21 2712.87 -316.948 -182.79 186.14
827000000 -4157.15 2475.15 2639.84 -117.355 127.765 335.177
828000000 -4579.5 2548.71 2345.15 -83.1971 74.1513 128.971
829000000 -4056.8 2405.33 2285.57 -389.032 120.919 311.016
830000000 -4069.2 1861.29 2442.69 -316.2 -307.297 229.098
831000000 -3864.21 2031.85 2054.67 -585.294 350.926 37.667
832000000 -3747.36 1835.89 1845.98 -453.761 -277.509 212.941
833000000 -2960.42 1481 1769.33 214.648 -323.172 233.28
834000000 -3781.89 1751.17 2073.85 -95.4026 -279.955 127.415
835000000 -2612.47 1626.4 1699.51 -225.115 30.7876 140.925
836000000 -2879.06 1739.28 1500.96 -302.555 -42.6885 251.223
837000000 -2845.83 1811.13 1348.44 -123.124 5.89061 445.464
838000000 -2834.41 1165.51 1477.53 -109.587 181.551 -13.0433
839000000 -2827.65 1324.14 1560.01 2.6757 -131.987 365.934
840000000 -2441.31 1210.5 1206.14 -604.834 346.072 76.2999
841000000 -2055.94 1595.54 1225.12 -849.449 324.585 252.961
842000000 -1674.36 720.407 765.965 -401.206 -342.793 41.43
843000000 -1365.67 694.01 910.388 -495.433 -259.295 -61.1053
844000000 -1103.42 861.6 746.237 -327.287 -328.722 10.9262
845000000 -822.321 215.909 747.756 -150.943 147.402 142.396
846000000 -463.778 106.267 231.162 -488.285 83.5399 271.132
847000000 -330.177 546.93 346.748 -113.563 -25.1372 293.719
848000000 190.522 106.064 73.6378 -313.54 9.08462 358.935
849000000 8.80164 495.81 260.269 -638.127 -66.7081 136.499
850000000 352.981 -135 -451.044 -192.253 92.7893 280.49
851000000 523.377 -519.66 -386.225 -9.68363 183.015 305.369
852000000 871.465 -380.168 -50.8479 -121.1 -203.923 311.317
853000000 803.739 -238.111 -116.81 -365.129 133.517 654.371
854000000 1141.64 -602.868 -265.602 -84.9113 -78.6662 585.72
855000000 1461.31 -921.096 -306.653 -304.019 66.0811 148.894
856000000 1709.51 -291.236 -451.801 -138.181 97.6982 105.001
857000000 2278.11 -1604.8 -863.521 -125.757 -51.545 197.895
858000000 2243.27 -931.917 -913.983 -209.627 15.7417 -82.5225
859000000 2448.34 -1224.47 -1179.03 -62.607 91.849 53.1436
860000000 2442.7 -1207.48 -1286.99 -341.199 45.6967 244.947
861000000 2857.72 -1152.48 -956.005 -152.807 194.55 425.298
862000000 2729.61 -1304.35 -1047.34 -323.374 195.391 -287.259
863000000 3052.28 -1538.67 -1378.82 -102.463 -48.7444 216.151
864000000 3680.36 -1560.84 -1302.41 -26.576 -95.6356 317.412
865000000 3822.77 -1394.31 -1515.41 -94.871 -289.772 222.589
866000000 3576.14 -1831.87 -1660.43 -145.489 176.006 336.045
867000000 3847.16 -1634.47 -1963.73 -298.904 -63.6132 163.804
868000000 3844.71 -1762.66 -2084.66 78.6379 -155.089 366.376
869000000 3922.8 -1604.49 -1473.99 -498.13 214.636 344.671
870000000 3666.38 -1974.64 -1797.43 -309.932 125.437 54.7038
871000000 3699.61 -1829.86 -1730.82 -130.751 -36.9616 177.891
872000000 3756.59 -1725.6 -1866.52 -266.774 -46.4794 252.792
873000000 3778.33 -1953.72 -1687.15 -169.818 -34.6738 70.6993
874000000 3683.13 -1680.7 -1580.4 -353.787 -23.9445 321.124
875000000 4305.8 -1912.41 -2071.34 -73.4217 178.217 234.873
876000000 4297.18 -2129.55 -1731.4 -214.46 93.1851 266.603
877000000 4022.7 -1708.71 -1610.32 -270.589 126.529 164.742
878000000 3828.45 -1809.28 -1354.23 -231.09 118.818 557.082
879000000 3413.96 -1752.18 -1592.61 -106.63 -71.8601 300.697
880000000 3905.62 -1669.8 -1680.39 -117.863 135.139 620.701
881000000 3544.35 -1720.76 -1460.09 32.4752 216.033 312.003
882000000 3267.68 -1363.12 -1572.98 -311.169 -111.098 241.039
883000000 3470.56 -1450.64 -1471.31 -215.564 341.206 660.43
884000000 2878.45 -1786.61 -1258.2 -115.244 51.8754 73.9325
885000000 3243.45 -1468.99 -988.372 -330.904 90.036 512.976
886000000 2620.68 -1398.8 -1504.67 -330.315 -34.3765 223.237
887000000 2812.29 -1591.77 -1286.88 -453.254 299.259 421.025
888000000 2314.04 -1072.73 -1115.28 -84.0242 353.381 649.832
889000000 2524.62 -1199.37 -577.381 -406.331 327.495 356.166
890000000 1852.12 -1057.74 -899.496 -377.034 -201.466 253.733
891000000 1976.41 -806.765 -526.508 -160.489 117.338 189.022
892000000 1472.89 -743.855 -609.205 -137.948 -134.357 261.29
893000000 729.286 -643.208 -23.2419 -297.033 -145.643 282.638
894000000 1039.19 -978.402 -173.748 -375.676 14.9457 164.746
895000000 749.561 -131.721 448.415 -122.688 -55.6033 50.5402
896000000 537.903 -160.558 427.409 -305.266 -18.0632 263.452
897000000 -145.698 -122.445 -59.1137 -396.183 163.289 4.56138
898000000 -425.378 140.191 541.349 -258.698 282.982 146.87
899000000 10.2957 507.459 343.767 -141.208 29.3753 97.4249
900000000 -1115.14 506.387 570.357 -166.852 159.476 11.7186
901000000 -519.628 640.445 956.294 -363.372 16.0804 -94.5257
902000000 -1327.58 703.291 1059.73 39.8229 110.797 123.397
903000000 -1650.69 815.728 956.52 -230.011 -77.0737 294.976
904000000 -1892.32 446.569 931.273 -328.142 -170.089 223.667
905000000 -1812.82 520.259 1547.51 -232.515 -179.012 631.491
906000000 -1745.84 1394.31 1251.13 -151.346 -261.875 368.835
907000000 -2266.93 1324.79 1046.98 -212.116 186.077 242.293
908000000 -2515.69 1362.33 1796.16 -52.5237 18.1547 232.208
909000000 -3289.13 1149.67 1364.92 -81.1338 -78.2119 137.151
910000000 -3184.24 1367.92 2051.05 -78.3437 228.565 87.9707
911000000 -2721.7 1489.6 1528.79 210.278 -56.2013 17.7777
912000000 -3472.17 1523.62 1460.83 -173.973 -2.74063 84.8264
913000000 -3307.63 1902.98 2317.82 -339.597 173.213 333.591
914000000 -3533.72 1533.21 2481.78 184.185 315.038 -125.477
915000000 -3422.35 2029.26 2277.78 -232.316 -102.689 -1.37517
916000000 -3913.69 1990.83 2525 -142.766 296.928 187.493
917000000 -4054.24 2167.76 2782.55 -276.34 160.409 -204.761
918000000 -4060.81 1809.67 2541.22 -150.537 149.389 163.972
919000000 -4069.36 1672.85 2514.06 -105.013 206.207 -69.6248
920000000 -4127.29 2107.55 2823.61 -65.6923 197.256 193.539
921000000 -4217.48 1737.87 2395.91 -414.319 327.792 173.512
922000000 -4224.24 1988.67 2791.33 -103.665 196.232 10.1014
923000000 -4286.82 1764.79 2587.65 -141.076 297.614 -168.137
924000000 -3645.23 1715.59 2340.52 -182.293 467.775 194.105
925000000 -3978.11 2099.6 2805.78 -223.456 -195.875 -117.113
926000000 -4306.5 1853.93 2201.8 -111.478 396.478 157.112
927000000 -3982.97 1781.01 2473.29 -211.742 6.85829 -142.678
928000000 -3922.9 2382.2 2266.8 -41.7442 262.115 19.9833
929000000 -4241.14 1963.1 2130.48 112.321 372.911 -165.254
930000000 -4073.71 1851.54 2110.28 130.071 160.235 198.417
931000000 -3859.08 1479.75 2561.04 -311.988 159.788 181.544
932000000 -3550.12 1909.38 2324.28 -229.713 156.508 -129.342
933000000 -3524.15 1761.22 2160.32 -291.762 240.869 -15.5984
934000000 -3108.01 1653.22 1592.18 -233.527 177.276 -146.135
935000000 -3252.18 1751.95 1820.32 89.8474 -128.734 -235.695
936000000 -2620.29 1389.59 1865.11 -205.135 240.989 173.448
937000000 -2906.52 1288.66 1851.32 -475.257 86.8509 -95.3908
938000000 -2459.79 1369.44 1833.56 -381.316 49.1155 139.142
939000000 -2596.52 1081.72 1005.09 -278.531 256.901 149.291
940000000 -1929.98 1236.88 1100.56 -244.372 -95.8351 -90.2215
941000000 -2225.27 817.014 1492.71 -115.735 -19.4916 -55.4733
942000000 -1676.11 1088.63 857.215 -342.425 93.8077 -3.30678
943000000 -1393.61 769.398 1214.86 -56.9051 13.0711 -64.7205
944000000 -1316.55 322.831 808.649 -96.644 -39.1236 124.485
945000000 -1094.67 403.464 753.07 -102.79 -18.0652 -24.5245
946000000 -345.114 9.82867 632.816 -360.874 264.54 -345.454
947000000 -119.467 26.193 802.749 -287.591 -1.2122 142.737
948000000 -20.3641 -489.39 860.282 -405.51 102.132 84.9057
949000000 -124.4 -537.263 66.6194 -213.656 -182.419 71.071
950000000 577.36 -197.293 69.2104 -112.351 58.7702 -202.862
951000000 447.824 -587.932 28.3918 -85.2958 139.83 242.964
952000000 958.294 -567.307 -675.708 -510.515 113.714 -42.2841
953000000 1388.29 -880.436 -217.839 -53.7265 -114.143 -67.0379
954000000 1753.72 -988.795 -524.903 -305.788 -159.428 43.7284
955000000 2155.55 -1167.45 -738.414 -235.121 77.6108 -209.602
956000000 2430.93 -1378.35 -783.569 -226.228 -26.9855 -96.4327
957000000 2386.13 -1875.4 -381.328 -366.126 323.114 157.446
958000000 2575.98 -1667.95 -890.503 -210.63 -82.9138 203.943
959000000 2381.17 -1383.35 -956.35 -94.3994 -199.121 160.798
960000000 2842.78 -1401.35 -1089.72 -586.604 124.061 239.741
961000000 2936.08 -1984.89 -896.453 -849.645 68.7344 -171.285
962000000 3666.49 -2028.1 -1130.71 -148.27 133.234 305.252
963000000 3764.64 -1935.45 -1601.99 -299.175 43.6416 64.0659
964000000 3494.93 -1758.45 -1211.23 -155.555 -143.375 134.519
965000000 3908.16 -1966.69 -1492.76 30.4988 -185.35 -75.5869
966000000 3808.3 -1974.85 -1436.09 -552.386 -24.686 -311.258
967000000 3717.43 -1846.12 -1891.99 -209.339 73.2215 -27.9935
968000000 4140.77 -1806.08 -1612.47 -166.351 156.422 -80.2592
969000000 3944.48 -2108.79 -1946.22 -285.434 -196.438 -115.026
970000000 4328.69 -1983.08 -1644.44 -252.424 -207.778 222.882
971000000 4337.23 -2413.9 -1406.85 -34.9738 19.7801 225.084
972000000 4428.6 -1980.21 -1590.59 46.964 36.4793 -196.98
973000000 4663.86 -2067.93 -1834.48 -276.24 241.701 126.62
974000000 4348.89 -2043.5 -2044.34 -154.902 178.037 59.2994
975000000 4593.1 -2256.8 -1890.66 -149.648 21.0554 -137.481
976000000 4666.48 -2192.23 -1986.9 145.032 360.805 -50.2878
977000000 4372.94 -2142.31 -1841.93 -160.905 120.518 269.321
978000000 3972.58 -2469.44 -1863.94 -392.264 -244.676 -3.56115
979000000 4011.15 -2334 -1864.68 -487.432 -173.99 -185.777
980000000 4121.64 -2175.59 -1996.18 -271.249 -46.793 -54.6284
981000000 3882.6 -1755.9 -1850.34 -100.968 188.559 -223.418
982000000 3594.28 -1784.34 -1575.5 59.8786 261.802 40.0218
983000000 3903.95 -2029.03 -1301.76 -215.614 -126.935 118.597
984000000 3365.82 -1449.74 -1546.86 -212.846 11.7189 219.855
985000000 3121.01 -1798.1 -1584.87 -44.0682 129.679 -82.6645
986000000 2907.41 -1857.31 -1162.69 -283.763 212.692 53.4227
987000000 3060.3 -1191.46 -1353.32 -154.46 127.561 82.181
988000000 2778.74 -670.694 -831.281 -404.286 73.4381 106.892
989000000 2456.39 -1271.05 -1132.16 -72.4588 208.893 62.8072
990000000 2738.9 -925.317 -1206.02 -170.051 -165.56 331.886
991000000 1969.43 -858.917 -470.34 -280.61 -73.6251 55.8598
992000000 1787.56 -1161.26 -950.801 -165.504 -192.001 -97.0924
993000000 1478.99 -656.879 -784.78 -151.222 -71.3312 86.3348
994000000 1536.09 -40.3653 -892.58 -200.839 -86.1604 -89.7823
995000000 1043.14 -978.62 -319.029 -121.556 376.801 -15.5233
996000000 668.41 -554.52 -150.926 111.695 67.3466 81.7172
997000000 153.668 -436.246 159.24 93.2164 56.0234 7.07551
998000000 348.881 -30.1994 -664.877 159.573 -103.342 267.6
999000000 -175.332 72.1453 -79.729 92.3816 -221.089 -52.8952
1000000000 -587.171 176.151 74.8735 -298.736 302.326 204.633
