# Time-averaged data for fix ps1
# TimeStep c_thermo_press[1] c_thermo_press[2] c_thermo_press[3] c_thermo_press[4] c_thermo_press[5] c_thermo_press[6]
0 7.45581 7.41102 0 -0.00579034 0 0
10000 8.27112 8.07821 0 -0.00687043 0 0
20000 8.23265 8.35681 0 -0.0467202 0 0
30000 8.26775 8.14934 0 -0.0294506 0 0
40000 8.29646 8.10909 0 -0.0780025 0 0
50000 8.27375 8.16151 0 -0.0506454 0 0
60000 8.24273 8.13925 0 -0.0415613 0 0
70000 8.15903 8.16825 0 0.136759 0 0
80000 8.19472 8.27988 0 0.0571808 0 0
90000 8.31096 8.18032 0 -0.0532985 0 0
100000 8.26717 8.24373 0 -0.200746 0 0
110000 8.16628 8.29547 0 0.079584 0 0
120000 8.23845 8.38948 0 0.0924544 0 0
130000 8.19456 8.38696 0 -0.00734578 0 0
140000 8.24525 8.30077 0 -0.0749464 0 0
150000 8.04892 8.11098 0 -0.00809259 0 0
160000 8.40405 8.22138 0 0.00237012 0 0
170000 8.00429 8.19038 0 0.0499677 0 0
180000 8.21366 8.34941 0 0.0231218 0 0
190000 8.16447 8.10365 0 0.0551094 0 0
200000 8.11299 8.17192 0 0.0258881 0 0
210000 8.25621 8.14943 0 0.0292357 0 0
220000 8.26029 8.10774 0 0.029304 0 0
230000 8.31688 8.19521 0 0.10305 0 0
240000 8.22937 8.10238 0 -0.121714 0 0
250000 8.20112 7.96526 0 -0.0682684 0 0
260000 8.18486 8.31206 0 0.0104438 0 0
270000 8.10953 8.14876 0 0.124397 0 0
280000 8.19342 8.07754 0 0.125753 0 0
290000 8.16664 8.32586 0 -0.0192864 0 0
300000 8.40314 8.3579 0 0.140694 0 0
310000 8.28329 8.12835 0 -0.00470545 0 0
320000 8.29879 8.17158 0 0.0336682 0 0
330000 8.45415 8.21153 0 -0.116183 0 0
340000 8.23959 8.28534 0 -0.180021 0 0
350000 8.11069 8.24922 0 -0.00575318 0 0
360000 8.37273 8.22307 0 -0.0457758 0 0
370000 8.18966 8.22271 0 -0.0511849 0 0
380000 8.27943 8.14966 0 -0.155028 0 0
390000 8.12776 8.39641 0 -0.0160236 0 0
400000 8.22694 8.43548 0 0.0378436 0 0
410000 8.10365 8.21958 0 -0.0578638 0 0
420000 8.30352 8.22372 0 0.140378 0 0
430000 8.21248 8.23634 0 -0.131465 0 0
440000 8.37037 8.0653 0 -0.0421429 0 0
450000 8.13417 8.22864 0 -0.00616588 0 0
460000 8.29059 8.17721 0 0.1017 0 0
470000 8.26286 8.02938 0 -0.00793185 0 0
480000 8.17514 8.15401 0 -0.127315 0 0
490000 8.3728 8.11007 0 -0.0761707 0 0
500000 8.30148 8.16781 0 -0.029554 0 0
510000 8.28258 8.24339 0 -0.0308724 0 0
520000 8.11219 8.29358 0 0.0243762 0 0
530000 8.35091 8.13832 0 -0.0202757 0 0
540000 8.30716 8.14697 0 0.0880918 0 0
550000 8.14727 8.25167 0 0.0683543 0 0
560000 8.2295 8.15673 0 -0.0681646 0 0
570000 8.10417 8.12439 0 -0.0870943 0 0
580000 8.25376 8.12773 0 0.02877 0 0
590000 8.29039 8.16244 0 -0.00559376 0 0
600000 8.1438 8.4326 0 0.0659578 0 0
610000 8.21357 8.31646 0 -0.0915818 0 0
620000 8.24162 8.29573 0 0.0599936 0 0
630000 8.2736 8.19845 0 0.0723165 0 0
640000 8.16224 8.14007 0 0.0938253 0 0
650000 8.37504 8.1979 0 0.0919602 0 0
660000 8.35681 8.27772 0 0.0357452 0 0
670000 8.19742 8.28347 0 0.119673 0 0
680000 8.10277 8.14309 0 -0.0103518 0 0
690000 8.19576 8.3418 0 0.113266 0 0
700000 8.3835 8.3453 0 -0.0148869 0 0
710000 8.36136 8.0335 0 -0.0787518 0 0
720000 8.19961 8.17017 0 0.018537 0 0
730000 8.24573 8.33961 0 0.0317933 0 0
740000 8.02148 8.37119 0 -0.0663397 0 0
750000 8.22829 8.2195 0 -0.0128131 0 0
760000 8.48889 8.21104 0 0.122247 0 0
770000 8.30284 8.3337 0 -0.021579 0 0
780000 8.07689 8.2791 0 -0.0419087 0 0
790000 8.13146 8.16949 0 -0.190059 0 0
800000 8.20227 8.03972 0 0.121399 0 0
810000 8.28093 8.10846 0 0.0299423 0 0
820000 8.18573 8.07843 0 0.0679199 0 0
830000 8.35549 8.10551 0 0.0647785 0 0
840000 8.19417 8.22323 0 0.104396 0 0
850000 8.26053 8.08677 0 0.11597 0 0
860000 8.30775 8.13355 0 -0.0284024 0 0
870000 8.40232 8.19891 0 -0.000356423 0 0
880000 8.26031 8.2186 0 0.0493184 0 0
890000 8.29682 8.10744 0 -0.0235229 0 0
900000 8.30325 8.20984 0 0.12182 0 0
910000 8.28882 8.12322 0 0.0299914 0 0
920000 8.27093 8.2889 0 -0.0231553 0 0
930000 8.36631 8.13346 0 -0.0979436 0 0
940000 8.28905 8.25314 0 0.0922685 0 0
950000 8.38412 8.07476 0 -0.0195442 0 0
960000 8.17264 8.36206 0 -0.0448016 0 0
970000 8.32133 8.31409 0 -0.0723963 0 0
980000 8.22104 7.97255 0 -0.0702466 0 0
990000 8.38154 8.3273 0 -0.0650077 0 0
1000000 8.26504 8.25864 0 -0.106063 0 0
1010000 8.36238 8.07721 0 0.0376747 0 0
1020000 8.15229 8.26469 0 0.134229 0 0
1030000 8.09248 8.08074 0 0.0774893 0 0
1040000 8.17358 8.39395 0 -0.0111219 0 0
1050000 8.16272 7.95284 0 0.161075 0 0
1060000 8.12843 8.45743 0 -0.0126811 0 0
1070000 8.20419 8.10577 0 0.0773207 0 0
1080000 8.28596 8.11009 0 -0.113455 0 0
1090000 8.09613 8.2374 0 0.0306929 0 0
1100000 8.25132 8.25549 0 -0.0118098 0 0
1110000 8.20718 8.15347 0 -0.100198 0 0
1120000 8.29877 8.27047 0 -0.0832358 0 0
1130000 8.28942 8.30346 0 -0.0742081 0 0
1140000 8.36012 8.26508 0 -0.0618674 0 0
1150000 8.09775 8.24315 0 0.0618061 0 0
1160000 8.37459 8.30241 0 0.0275032 0 0
1170000 8.14608 8.42824 0 -0.0362577 0 0
1180000 8.31119 8.31679 0 0.0105919 0 0
1190000 8.0885 8.18991 0 0.191923 0 0
1200000 8.08242 8.26313 0 0.129638 0 0
1210000 8.4649 8.19456 0 -0.0898884 0 0
1220000 8.17472 8.2405 0 0.0806271 0 0
1230000 8.26607 8.35341 0 0.159897 0 0
1240000 8.12523 8.28379 0 0.0350495 0 0
1250000 8.1468 8.45516 0 0.0137487 0 0
1260000 8.30502 8.11965 0 -0.00508195 0 0
1270000 8.19659 8.06059 0 0.0456234 0 0
1280000 8.06585 8.28745 0 -0.0978781 0 0
1290000 8.31907 8.17189 0 0.0736025 0 0
1300000 8.08589 8.16276 0 0.11559 0 0
1310000 8.26466 8.12404 0 0.0225961 0 0
1320000 8.19279 8.38937 0 -0.00208577 0 0
1330000 8.33315 8.31854 0 -0.0663868 0 0
1340000 8.29422 8.17761 0 -0.118561 0 0
1350000 8.15599 8.28924 0 0.129433 0 0
1360000 8.42804 8.13537 0 -0.158948 0 0
1370000 8.28509 8.14461 0 0.0723667 0 0
1380000 8.12713 8.16559 0 0.0015032 0 0
1390000 8.12047 8.14774 0 -0.041766 0 0
1400000 8.16191 8.32319 0 -0.161664 0 0
1410000 8.29772 8.31318 0 -0.0198496 0 0
1420000 8.33085 8.27664 0 -0.00374082 0 0
1430000 8.3951 8.14325 0 0.0560492 0 0
1440000 8.12789 8.21714 0 0.0741252 0 0
1450000 8.14945 8.41822 0 -0.0255737 0 0
1460000 8.18555 8.20819 0 -0.0378073 0 0
1470000 8.29923 8.31007 0 0.0949429 0 0
1480000 8.20974 8.20782 0 0.021947 0 0
1490000 8.28844 8.31849 0 0.178196 0 0
1500000 8.23721 8.31251 0 -0.0293134 0 0
1510000 8.22589 8.14111 0 0.0714536 0 0
1520000 8.36463 8.23141 0 -0.0119673 0 0
1530000 8.27362 8.08559 0 -0.0516301 0 0
1540000 8.13257 8.2442 0 -0.00513682 0 0
1550000 8.06402 8.448 0 0.0280784 0 0
1560000 8.2879 8.33885 0 0.103686 0 0
1570000 8.29673 8.1867 0 0.157398 0 0
1580000 8.14624 8.21358 0 -0.0248543 0 0
1590000 8.12841 8.23494 0 -0.0494237 0 0
1600000 8.28436 8.1887 0 0.0575038 0 0
1610000 8.25496 8.2494 0 0.0676111 0 0
1620000 8.16857 8.24382 0 -0.0543408 0 0
1630000 8.14592 8.23819 0 0.0445524 0 0
1640000 8.09997 8.37889 0 0.0361789 0 0
1650000 8.36453 8.24149 0 0.0149826 0 0
1660000 8.36741 8.31227 0 -0.0533109 0 0
1670000 8.10357 8.2498 0 -0.0075281 0 0
1680000 8.13911 8.36581 0 -0.114983 0 0
1690000 8.31161 8.33131 0 0.00293298 0 0
1700000 8.29713 8.3225 0 0.112831 0 0
1710000 8.25592 8.26745 0 -0.0659683 0 0
1720000 8.37092 8.18688 0 -0.0340221 0 0
1730000 8.16082 8.57036 0 0.0178046 0 0
1740000 8.34407 8.2217 0 0.0989299 0 0
1750000 8.27076 8.19213 0 0.0319402 0 0
1760000 8.27005 8.10295 0 0.00210182 0 0
1770000 8.28833 8.21755 0 0.0113801 0 0
1780000 8.18585 8.29981 0 0.0955723 0 0
1790000 8.32782 8.42591 0 -0.0656921 0 0
1800000 8.34714 8.19139 0 0.0174847 0 0
1810000 8.22953 8.32351 0 0.0505667 0 0
1820000 8.40136 8.21117 0 0.00101504 0 0
1830000 8.32007 8.18456 0 -0.109857 0 0
1840000 8.18884 8.31361 0 0.0995731 0 0
1850000 8.41691 8.23766 0 -0.0372033 0 0
1860000 8.18244 8.16654 0 -0.0572554 0 0
1870000 8.24048 8.29593 0 -0.176205 0 0
1880000 8.1585 8.35651 0 -0.111056 0 0
1890000 8.12012 8.30619 0 -0.0497467 0 0
1900000 8.15737 8.41601 0 -0.0599054 0 0
1910000 8.17723 8.2743 0 -0.0488559 0 0
1920000 8.16431 8.32573 0 -0.0913245 0 0
1930000 8.06761 8.34271 0 -0.0293804 0 0
1940000 8.13478 8.35271 0 -0.0839388 0 0
1950000 8.19114 8.35833 0 -0.0169961 0 0
1960000 8.13272 8.1319 0 -0.00934353 0 0
1970000 8.2595 8.19785 0 0.0583747 0 0
1980000 8.44592 8.22098 0 0.0758596 0 0
1990000 8.19578 8.27921 0 -0.0116044 0 0
2000000 8.16545 8.16414 0 0.0141689 0 0
2010000 8.36739 8.22598 0 -0.0221396 0 0
2020000 8.11781 8.33856 0 -0.0826426 0 0
2030000 8.14556 8.26892 0 -0.0690544 0 0
2040000 8.08314 8.12422 0 -0.0166944 0 0
2050000 8.27022 8.07586 0 0.0303705 0 0
2060000 8.08133 8.27546 0 0.0778855 0 0
2070000 8.29985 8.108 0 0.0987317 0 0
2080000 8.3163 7.9521 0 -0.0850676 0 0
2090000 8.19838 8.15495 0 0.0624948 0 0
2100000 8.23925 8.16627 0 0.0233047 0 0
2110000 8.05561 8.06716 0 0.0457182 0 0
2120000 8.37429 8.32123 0 -0.0552194 0 0
2130000 8.10457 8.18684 0 0.0173788 0 0
2140000 8.10568 8.25877 0 -0.0330599 0 0
2150000 8.21498 8.43988 0 0.0110002 0 0
2160000 8.28579 8.12375 0 0.0366294 0 0
2170000 8.35333 8.22998 0 0.050224 0 0
2180000 8.30357 8.13621 0 0.0874388 0 0
2190000 8.4391 8.23657 0 -0.0295385 0 0
2200000 8.4521 8.30393 0 -0.11693 0 0
2210000 8.48386 8.0903 0 -0.155188 0 0
2220000 8.14979 8.47643 0 -0.102667 0 0
2230000 8.12941 8.24738 0 -0.169595 0 0
2240000 8.23261 8.27238 0 -0.0103456 0 0
2250000 8.30938 8.36668 0 -0.0251473 0 0
2260000 8.19039 8.25093 0 0.0546281 0 0
2270000 8.39343 8.28404 0 -0.001328 0 0
2280000 8.20254 8.40365 0 -0.0772268 0 0
2290000 8.14825 8.49403 0 -0.00966511 0 0
2300000 8.1166 8.27203 0 0.0984481 0 0
2310000 8.25743 8.33034 0 -0.0456207 0 0
2320000 8.36074 8.2584 0 -0.0423342 0 0
2330000 8.19905 8.13839 0 0.0989104 0 0
2340000 8.28912 8.02417 0 0.0151826 0 0
2350000 8.21328 8.21779 0 0.0923091 0 0
2360000 8.30828 8.39903 0 -0.00881159 0 0
2370000 8.27803 8.11115 0 0.0385556 0 0
2380000 8.25753 8.32822 0 0.0726175 0 0
2390000 8.47855 8.18313 0 0.00528853 0 0
2400000 8.44554 8.20797 0 0.0932422 0 0
2410000 8.28498 8.36954 0 0.0474215 0 0
2420000 8.32356 8.04128 0 0.0415422 0 0
2430000 8.15469 8.33598 0 -0.0531148 0 0
2440000 8.38291 8.22182 0 -0.000679811 0 0
2450000 8.1424 8.20672 0 -0.0112608 0 0
2460000 8.18814 8.27182 0 0.076495 0 0
2470000 8.22878 8.13253 0 -0.0172138 0 0
2480000 8.09224 8.2855 0 0.0213894 0 0
2490000 8.0728 8.1267 0 0.0750999 0 0
2500000 8.35896 8.17289 0 -0.0038011 0 0
2510000 8.17546 8.32694 0 0.198223 0 0
2520000 8.29996 8.4014 0 -0.0852499 0 0
2530000 8.1315 8.14402 0 -0.0702479 0 0
2540000 8.35356 8.11615 0 -0.0315453 0 0
2550000 8.44327 8.13058 0 0.0923859 0 0
2560000 8.24331 8.14514 0 0.068698 0 0
2570000 8.13999 8.19582 0 0.0360586 0 0
2580000 8.24218 8.24209 0 0.00484709 0 0
2590000 8.09062 8.17568 0 -0.00953753 0 0
2600000 8.25907 8.19823 0 0.0327851 0 0
2610000 8.03144 8.43384 0 0.131054 0 0
2620000 8.34686 8.21865 0 0.0724176 0 0
2630000 8.02925 8.06098 0 -0.0571924 0 0
2640000 8.33471 8.15861 0 0.111932 0 0
2650000 8.35389 8.32892 0 0.0651378 0 0
2660000 8.40158 7.97276 0 -0.0410149 0 0
2670000 8.13366 8.22406 0 0.00685978 0 0
2680000 8.19645 8.21034 0 -0.121816 0 0
2690000 8.21166 7.99218 0 0.0100743 0 0
2700000 8.26868 8.01857 0 0.0380262 0 0
2710000 8.19334 8.17194 0 -0.0280796 0 0
2720000 8.22897 8.26386 0 0.00366447 0 0
2730000 8.29722 8.27312 0 0.0604096 0 0
2740000 8.28069 8.38946 0 -0.0483256 0 0
2750000 8.27992 8.31335 0 0.0275522 0 0
2760000 8.1423 8.37333 0 -0.011801 0 0
2770000 8.28105 8.33117 0 -0.0526719 0 0
2780000 8.24953 8.28295 0 -0.171528 0 0
2790000 8.18822 8.19001 0 -0.0532644 0 0
2800000 8.41547 8.26536 0 -0.0233362 0 0
2810000 8.08238 8.19463 0 -0.185124 0 0
2820000 8.3587 7.9752 0 -0.049391 0 0
2830000 8.04594 8.18372 0 -0.163207 0 0
2840000 8.16087 8.17995 0 -0.0574091 0 0
2850000 8.13872 7.99371 0 -0.00622771 0 0
2860000 8.11249 8.26001 0 0.0598232 0 0
2870000 8.06207 8.34007 0 0.0796357 0 0
2880000 8.3546 8.11659 0 -0.00877045 0 0
2890000 8.40377 8.2072 0 -0.0625832 0 0
2900000 8.43276 8.42552 0 -0.0278277 0 0
2910000 8.30997 8.23688 0 0.0221168 0 0
2920000 8.39033 8.07933 0 0.160707 0 0
2930000 8.26084 8.09663 0 0.0156004 0 0
2940000 8.367 8.39897 0 0.0472428 0 0
2950000 8.29546 8.24536 0 0.00201655 0 0
2960000 8.2077 8.3257 0 -0.0341 0 0
2970000 8.34525 8.21462 0 0.0397234 0 0
2980000 8.36443 8.18597 0 -0.144384 0 0
2990000 8.1862 8.00935 0 0.0223259 0 0
3000000 8.19645 8.14411 0 -0.0207757 0 0
3010000 8.25581 8.24436 0 0.122981 0 0
3020000 8.22062 8.43766 0 -0.0510384 0 0
3030000 8.47615 8.11207 0 0.011664 0 0
3040000 8.24701 8.17415 0 -0.062641 0 0
3050000 8.12973 8.41351 0 0.00635134 0 0
3060000 8.42195 8.351 0 0.00301092 0 0
3070000 8.16283 8.18813 0 0.0668304 0 0
3080000 8.28724 8.14757 0 -0.0858585 0 0
3090000 8.06446 8.3581 0 0.0970296 0 0
3100000 8.37282 8.12645 0 -0.0359871 0 0
3110000 8.28467 8.41801 0 0.0234043 0 0
3120000 8.31771 8.35725 0 -0.0637675 0 0
3130000 8.20525 8.32818 0 0.0779405 0 0
3140000 8.32941 8.27252 0 0.0712305 0 0
3150000 8.43843 8.49603 0 0.0714498 0 0
3160000 8.27033 8.23012 0 0.0189766 0 0
3170000 8.37604 8.30263 0 -0.0355517 0 0
3180000 8.20139 8.33019 0 0.0481384 0 0
3190000 8.30348 8.19805 0 0.0460523 0 0
3200000 8.37273 8.48747 0 -0.0142971 0 0
3210000 8.10779 8.5 0 0.04184 0 0
3220000 8.17969 8.14326 0 0.00140686 0 0
3230000 8.33134 8.26141 0 0.00804169 0 0
3240000 8.28819 8.26741 0 -0.03537 0 0
3250000 8.22195 8.23536 0 0.00203353 0 0
3260000 8.21195 8.24892 0 0.016411 0 0
3270000 8.05701 8.32831 0 -0.0773221 0 0
3280000 8.39171 8.13759 0 0.0243614 0 0
3290000 8.24621 8.24249 0 -0.0310032 0 0
3300000 8.22934 8.1914 0 0.0499697 0 0
3310000 8.27362 8.22878 0 0.146484 0 0
3320000 8.21095 8.13695 0 -0.0557416 0 0
3330000 8.20946 8.13895 0 0.0102013 0 0
3340000 8.31078 8.22255 0 0.076736 0 0
3350000 8.16975 8.20934 0 -0.030326 0 0
3360000 8.14502 8.2837 0 0.0515869 0 0
3370000 8.19129 8.25732 0 -0.0870263 0 0
3380000 8.08061 8.41268 0 0.035396 0 0
3390000 8.20126 8.27616 0 -0.0150041 0 0
3400000 8.22431 8.18282 0 0.0445957 0 0
3410000 8.29919 8.12308 0 0.0185217 0 0
3420000 8.34539 8.17074 0 0.0557946 0 0
3430000 8.17771 8.17401 0 0.0728706 0 0
3440000 8.18466 8.23331 0 -0.0510287 0 0
3450000 8.23142 8.22751 0 -0.0365016 0 0
3460000 8.31922 8.21817 0 -0.0556909 0 0
3470000 8.14372 8.11751 0 0.0913948 0 0
3480000 8.10396 8.21966 0 0.066771 0 0
3490000 8.29107 8.06619 0 -0.0479239 0 0
3500000 8.34489 8.19939 0 -0.0485781 0 0
3510000 8.28552 8.08196 0 -0.0745612 0 0
3520000 8.12897 8.41071 0 -0.0075989 0 0
3530000 8.06332 8.26499 0 0.0532332 0 0
3540000 8.37377 8.25684 0 -0.00739416 0 0
3550000 8.39983 8.25313 0 0.12718 0 0
3560000 8.11894 8.06029 0 0.0158619 0 0
3570000 8.21508 8.26979 0 0.0370206 0 0
3580000 8.27408 8.24459 0 0.100168 0 0
3590000 8.27814 8.26745 0 -0.0316281 0 0
3600000 8.03947 8.2698 0 -0.0352798 0 0
3610000 8.15266 8.27812 0 -0.116895 0 0
3620000 8.36003 8.25895 0 -0.0292449 0 0
3630000 8.23868 8.38577 0 -0.010309 0 0
3640000 8.38989 8.22191 0 0.0618839 0 0
3650000 8.28763 8.41032 0 0.064274 0 0
3660000 8.32588 8.23875 0 -0.099284 0 0
3670000 8.21843 8.20277 0 0.0512294 0 0
3680000 8.25987 8.26041 0 -0.180021 0 0
3690000 8.23223 8.23965 0 -0.149836 0 0
3700000 8.45031 8.22061 0 -0.0945289 0 0
3710000 8.18667 8.15312 0 0.00530442 0 0
3720000 8.19017 8.34834 0 0.0471627 0 0
3730000 8.38727 8.24633 0 -0.0408561 0 0
3740000 8.13786 8.13661 0 0.135751 0 0
3750000 8.13843 8.14281 0 0.0645716 0 0
3760000 8.21536 8.26984 0 0.0494054 0 0
3770000 8.29224 8.16517 0 -0.0493885 0 0
3780000 8.33621 8.14359 0 -0.0326873 0 0
3790000 8.10516 8.27969 0 0.0916018 0 0
3800000 8.14874 8.16413 0 -5.21834e-05 0 0
3810000 8.20268 8.25961 0 -0.0767468 0 0
3820000 8.36146 8.17701 0 -0.0716827 0 0
3830000 8.15286 8.27577 0 0.0431232 0 0
3840000 8.1989 8.42187 0 -0.0160263 0 0
3850000 8.17473 8.18749 0 0.0186823 0 0
3860000 8.10809 8.23586 0 0.0437125 0 0
3870000 8.38671 8.28524 0 -0.0199548 0 0
3880000 8.21556 8.3039 0 0.127315 0 0
3890000 8.23449 8.34659 0 0.0391498 0 0
3900000 8.28684 8.08552 0 0.083822 0 0
3910000 8.23427 8.40392 0 -0.00749745 0 0
3920000 8.26181 8.29603 0 0.0653243 0 0
3930000 8.31021 8.10018 0 0.111535 0 0
3940000 8.20885 8.17179 0 0.00521146 0 0
3950000 8.39156 8.22225 0 -0.165977 0 0
3960000 8.28388 8.2439 0 0.047376 0 0
3970000 8.2947 8.10873 0 0.00640629 0 0
3980000 8.38535 8.15961 0 -0.095343 0 0
3990000 8.09349 8.36084 0 0.101662 0 0
4000000 8.32246 8.25125 0 -0.0607723 0 0
4010000 8.17885 8.27624 0 -0.0129679 0 0
4020000 8.3099 8.25483 0 -0.115031 0 0
4030000 8.11668 8.25353 0 0.00715481 0 0
4040000 8.26775 8.26996 0 -0.0647087 0 0
4050000 8.34552 8.2313 0 0.0293373 0 0
4060000 8.30906 8.22797 0 0.030753 0 0
4070000 8.28677 8.23726 0 -0.0303011 0 0
4080000 8.14958 8.16185 0 -0.0703968 0 0
4090000 8.39249 8.17641 0 0.0337628 0 0
4100000 8.22861 8.13587 0 -0.0886803 0 0
4110000 8.2131 8.27874 0 -0.00465046 0 0
4120000 8.19671 8.15994 0 -0.0657416 0 0
4130000 8.14963 8.33415 0 -0.0356226 0 0
4140000 8.36363 8.27133 0 -0.0949693 0 0
4150000 8.37104 7.99831 0 0.0524166 0 0
4160000 8.40087 8.32937 0 0.0104666 0 0
4170000 8.19529 8.14191 0 0.0467065 0 0
4180000 8.24356 8.18931 0 0.00693906 0 0
4190000 8.1695 8.1595 0 0.0328213 0 0
4200000 8.05991 8.17221 0 -0.0520393 0 0
4210000 8.29071 8.26971 0 0.0102404 0 0
4220000 8.2178 8.31947 0 -0.0640284 0 0
4230000 8.42231 8.14794 0 0.0128381 0 0
4240000 8.26233 8.29289 0 0.0178485 0 0
4250000 8.19136 8.16649 0 -0.0433067 0 0
4260000 8.27329 8.2966 0 0.0549974 0 0
4270000 8.22864 8.32636 0 -0.0492059 0 0
4280000 8.35026 8.10412 0 -0.0927484 0 0
4290000 8.32765 8.27968 0 0.0823269 0 0
4300000 8.2521 8.24472 0 0.0649854 0 0
4310000 8.14975 8.18843 0 0.0318187 0 0
4320000 8.16759 8.31561 0 -0.0113037 0 0
4330000 8.37126 8.27066 0 -0.0526845 0 0
4340000 8.22062 8.36652 0 -0.101528 0 0
4350000 8.15506 8.23882 0 0.188545 0 0
4360000 8.21261 8.2587 0 -0.0354186 0 0
4370000 8.17866 8.34412 0 -0.00149118 0 0
4380000 8.15054 8.19549 0 0.161081 0 0
4390000 8.45944 8.13404 0 0.0634778 0 0
4400000 8.32924 8.15236 0 0.0591781 0 0
4410000 8.2105 8.23631 0 -0.00290263 0 0
4420000 8.23573 8.28094 0 -0.0675561 0 0
4430000 8.25145 8.22801 0 0.140242 0 0
4440000 8.31885 8.37854 0 0.0276542 0 0
4450000 8.37796 8.20391 0 -0.0865418 0 0
4460000 8.18343 8.16292 0 0.129047 0 0
4470000 8.23102 8.29606 0 0.0268255 0 0
4480000 8.04326 8.21015 0 0.0549024 0 0
4490000 8.35869 8.13062 0 -0.00698856 0 0
4500000 8.19048 8.06061 0 -0.040758 0 0
4510000 8.2803 8.06733 0 -0.014901 0 0
4520000 8.13661 8.3347 0 0.0207641 0 0
4530000 8.30671 8.20657 0 -0.0682483 0 0
4540000 8.11456 8.02062 0 -0.0296466 0 0
4550000 8.14622 8.11194 0 0.0195167 0 0
4560000 8.17291 8.21642 0 0.157376 0 0
4570000 8.25108 8.03677 0 -0.0253369 0 0
4580000 8.31742 8.10761 0 0.0593843 0 0
4590000 8.22737 8.06139 0 0.0359267 0 0
4600000 8.03257 8.34354 0 -0.0270094 0 0
4610000 8.1988 8.28951 0 -0.000599574 0 0
4620000 8.3855 8.28354 0 -0.0475021 0 0
4630000 8.3883 8.34292 0 0.1293 0 0
4640000 8.16991 8.29779 0 0.0902268 0 0
4650000 8.08655 8.0211 0 0.103416 0 0
4660000 8.28007 8.07217 0 0.153182 0 0
4670000 8.11117 8.06563 0 -0.101635 0 0
4680000 8.08308 8.4116 0 0.0306638 0 0
4690000 8.37253 8.18524 0 -0.118291 0 0
4700000 8.23063 8.27804 0 0.13173 0 0
4710000 8.30764 8.33243 0 -0.0818901 0 0
4720000 8.33272 8.26765 0 -0.0844794 0 0
4730000 8.26771 8.19014 0 -0.0172484 0 0
4740000 8.18367 8.13426 0 0.0242545 0 0
4750000 8.42071 8.2157 0 -0.174279 0 0
4760000 8.08839 8.21806 0 0.00108886 0 0
4770000 8.20889 8.14429 0 0.0741388 0 0
4780000 8.27663 8.24759 0 -0.064438 0 0
4790000 8.19255 8.40082 0 0.069571 0 0
4800000 8.34001 8.32127 0 -0.103148 0 0
4810000 8.21468 8.18329 0 0.00820735 0 0
4820000 8.09166 8.20626 0 -0.00822034 0 0
4830000 8.3821 8.25201 0 0.0575191 0 0
4840000 8.20427 8.18797 0 0.0810723 0 0
4850000 8.34023 8.1706 0 -0.107196 0 0
4860000 8.44246 8.19933 0 -0.0485134 0 0
4870000 8.17518 8.15053 0 -0.00600917 0 0
4880000 8.12336 8.20769 0 0.135404 0 0
4890000 8.1677 8.35327 0 -0.0268836 0 0
4900000 8.11618 8.23755 0 -0.0338903 0 0
4910000 8.14308 8.13415 0 -0.00924285 0 0
4920000 8.40506 8.07009 0 0.0609468 0 0
4930000 8.30033 8.23093 0 0.0813065 0 0
4940000 8.45436 8.13806 0 0.0641699 0 0
4950000 8.16527 8.4095 0 -0.0707749 0 0
4960000 8.13036 8.28705 0 -0.0494859 0 0
4970000 8.34819 8.21903 0 -0.0960319 0 0
4980000 8.15555 8.28207 0 -0.00696042 0 0
4990000 8.3244 8.2196 0 0.0405255 0 0
5000000 8.14939 8.34636 0 -0.111137 0 0
