# Time-averaged data for fix ps1
# TimeStep c_thermo_press[1] c_thermo_press[2] c_thermo_press[3] c_thermo_press[4] c_thermo_press[5] c_thermo_press[6]
0 6.75115 6.56175 0 0.0637152 0 0
10000 7.26278 6.98553 0 0.0256205 0 0
20000 7.17675 7.15295 0 0.141516 0 0
30000 7.14252 7.09618 0 0.000644779 0 0
40000 7.22056 7.15783 0 -0.0993109 0 0
50000 7.26595 7.20026 0 -0.0620053 0 0
60000 7.13165 7.22755 0 -0.0827701 0 0
70000 7.28439 7.07703 0 0.00436391 0 0
80000 7.13991 7.12641 0 -0.0945443 0 0
90000 7.12229 7.21153 0 0.102355 0 0
100000 7.17557 7.34332 0 -0.0194544 0 0
110000 7.32545 7.19825 0 -0.110647 0 0
120000 7.23486 7.22799 0 0.123448 0 0
130000 7.06795 7.13316 0 0.00787891 0 0
140000 7.17747 7.20457 0 0.125857 0 0
150000 7.07953 7.2998 0 0.0687806 0 0
160000 7.20976 7.09362 0 0.0708869 0 0
170000 7.34203 7.07783 0 0.0254286 0 0
180000 7.13913 7.31435 0 -0.0200355 0 0
190000 7.4047 7.20941 0 -0.200573 0 0
200000 7.25303 7.02453 0 -0.104509 0 0
210000 7.16799 7.14829 0 -0.071775 0 0
220000 7.1938 7.29622 0 -0.0891329 0 0
230000 6.99712 7.2242 0 -0.167618 0 0
240000 7.16091 7.22391 0 -0.112294 0 0
250000 7.2876 7.18843 0 -0.211698 0 0
260000 6.96328 7.20611 0 -0.0663165 0 0
270000 7.29213 7.311 0 -0.122724 0 0
280000 7.08391 7.19645 0 0.0445202 0 0
290000 7.00333 7.22694 0 -0.0335182 0 0
300000 7.22887 7.11429 0 0.152862 0 0
310000 7.20732 7.19925 0 -0.0199396 0 0
320000 7.11901 7.21584 0 0.115136 0 0
330000 7.1112 7.20142 0 0.00299522 0 0
340000 6.96187 7.17348 0 -0.0435374 0 0
350000 7.25147 7.08545 0 -0.0386452 0 0
360000 7.09182 7.22097 0 0.0687604 0 0
370000 6.96773 7.03154 0 -0.0286996 0 0
380000 7.20784 7.13891 0 -0.028604 0 0
390000 7.07884 7.21936 0 -0.0229052 0 0
400000 7.32346 7.19623 0 0.0238461 0 0
410000 7.13147 7.23099 0 0.0709993 0 0
420000 7.23268 7.29632 0 -0.0539858 0 0
430000 6.97127 7.10689 0 -0.112186 0 0
440000 7.09746 7.22758 0 -0.0350992 0 0
450000 7.0008 7.16542 0 0.110373 0 0
460000 7.1049 7.16678 0 0.0545613 0 0
470000 7.0782 7.24213 0 0.0465614 0 0
480000 7.27122 7.17914 0 -0.0829044 0 0
490000 7.2348 7.1606 0 -0.0640077 0 0
500000 7.29261 7.05763 0 -0.0848988 0 0
510000 7.25613 7.19501 0 -0.00239343 0 0
520000 7.18381 7.23867 0 -0.133635 0 0
530000 7.15189 7.25553 0 -0.0111906 0 0
540000 7.17558 7.02909 0 0.0156136 0 0
550000 7.13093 7.2538 0 -0.113926 0 0
560000 7.2293 7.04672 0 0.120618 0 0
570000 7.22229 7.10476 0 -0.0974461 0 0
580000 7.09214 7.29503 0 0.120543 0 0
590000 7.22677 7.04764 0 -0.117585 0 0
600000 7.07442 7.25519 0 0.0521973 0 0
610000 7.18816 7.19687 0 -0.132013 0 0
620000 7.24289 7.17976 0 -0.0254312 0 0
630000 7.25824 7.2654 0 -0.0278034 0 0
640000 7.19049 7.32032 0 0.130485 0 0
650000 7.27082 7.21133 0 0.00166894 0 0
660000 7.29485 7.21103 0 -0.117167 0 0
670000 7.04545 7.16517 0 0.019243 0 0
680000 7.2721 7.01028 0 0.0636289 0 0
690000 7.22932 7.15792 0 0.0331757 0 0
700000 7.14373 7.26843 0 -0.0310843 0 0
710000 7.20204 7.21556 0 0.0626442 0 0
720000 7.32446 7.17265 0 -0.0674421 0 0
730000 7.05942 7.30909 0 -0.0329004 0 0
740000 7.27864 7.11595 0 -0.0387773 0 0
750000 7.05489 7.00695 0 -0.0711547 0 0
760000 7.07886 7.08953 0 -0.0228933 0 0
770000 7.10499 7.05942 0 0.0845835 0 0
780000 6.97352 7.19082 0 -0.0392347 0 0
790000 7.16133 7.17639 0 -0.0522594 0 0
800000 7.23986 7.11738 0 0.0568978 0 0
810000 7.19836 7.25176 0 -0.0232602 0 0
820000 7.05104 7.26779 0 -0.018536 0 0
830000 7.17663 7.32201 0 -0.0275857 0 0
840000 7.16036 7.20926 0 -0.0453729 0 0
850000 7.12133 7.03733 0 0.0586847 0 0
860000 7.2761 7.10527 0 -0.0631663 0 0
870000 7.14106 7.19903 0 -0.1454 0 0
880000 7.19249 7.24476 0 -0.101688 0 0
890000 7.33112 7.16645 0 -0.087149 0 0
900000 7.159 7.28578 0 -0.0807015 0 0
910000 7.11111 7.17923 0 -0.0271102 0 0
920000 7.18431 7.46265 0 -0.0946514 0 0
930000 7.10346 7.19187 0 0.159755 0 0
940000 7.2305 7.22472 0 0.0240044 0 0
950000 7.31629 7.12379 0 -0.0697021 0 0
960000 7.24968 7.36468 0 0.032564 0 0
970000 7.13384 7.06704 0 -0.12414 0 0
980000 7.11384 7.17371 0 -0.000507849 0 0
990000 7.21897 7.13542 0 0.00518253 0 0
1000000 7.02377 7.1995 0 -0.0609251 0 0
1010000 7.18484 7.3315 0 0.00870549 0 0
1020000 7.27862 7.21869 0 0.00200673 0 0
1030000 7.28169 7.17732 0 0.0414933 0 0
1040000 7.04708 7.19544 0 -0.115305 0 0
1050000 7.24099 7.21525 0 0.0393735 0 0
1060000 7.19347 7.1352 0 0.068568 0 0
1070000 7.19055 7.28871 0 -0.0276744 0 0
1080000 7.11012 7.24009 0 0.0383799 0 0
1090000 7.32501 7.29556 0 -0.00885802 0 0
1100000 7.18333 7.23834 0 -0.0721536 0 0
1110000 7.23002 7.2259 0 -0.055242 0 0
1120000 7.43244 7.21953 0 -0.0550942 0 0
1130000 7.2056 7.21692 0 -0.00209121 0 0
1140000 7.28875 7.26829 0 -0.0671162 0 0
1150000 7.21014 7.14747 0 0.0118002 0 0
1160000 7.29719 7.3191 0 -0.0125342 0 0
1170000 7.18607 7.12576 0 -0.0121893 0 0
1180000 7.13038 7.23605 0 0.0506859 0 0
1190000 7.24938 7.21591 0 0.111427 0 0
1200000 7.13623 7.2368 0 -0.0617725 0 0
1210000 7.39324 7.16834 0 0.0553003 0 0
1220000 7.10241 7.26525 0 0.0577478 0 0
1230000 6.9248 7.25263 0 -0.0476076 0 0
1240000 7.39475 7.04238 0 0.0372091 0 0
1250000 7.18745 7.34914 0 0.0365042 0 0
1260000 6.99917 7.2341 0 0.112523 0 0
1270000 7.19649 7.14138 0 -0.0365318 0 0
1280000 6.99865 7.21551 0 0.0155683 0 0
1290000 7.18922 7.14111 0 0.0555409 0 0
1300000 6.94283 7.20329 0 -0.0118999 0 0
1310000 7.18602 7.17436 0 -0.010407 0 0
1320000 7.36378 7.02667 0 -0.0700305 0 0
1330000 7.11923 7.10498 0 0.00713803 0 0
1340000 7.16858 7.25604 0 0.0077472 0 0
1350000 7.16523 7.11913 0 0.0622835 0 0
1360000 7.04283 7.18214 0 0.0212127 0 0
1370000 7.12519 7.17938 0 -0.0551263 0 0
1380000 7.10014 7.12591 0 -0.050567 0 0
1390000 7.04983 6.98822 0 0.0322318 0 0
1400000 7.32476 7.08903 0 0.126285 0 0
1410000 7.2214 6.9857 0 -0.0459598 0 0
1420000 7.44053 6.99639 0 0.0408222 0 0
1430000 6.99336 7.10454 0 0.159852 0 0
1440000 7.16234 7.00089 0 0.0496274 0 0
1450000 7.12404 7.13731 0 0.0590394 0 0
1460000 7.32142 7.07461 0 -0.124976 0 0
1470000 7.18425 7.11318 0 0.0782975 0 0
1480000 7.04183 7.1074 0 0.168511 0 0
1490000 7.06106 6.99633 0 0.0734193 0 0
1500000 6.97726 7.07519 0 -0.0777136 0 0
1510000 7.08253 7.27899 0 -0.0374822 0 0
1520000 7.16951 7.11975 0 0.0544535 0 0
1530000 7.24407 7.26618 0 0.116095 0 0
1540000 7.22853 7.17011 0 -0.145101 0 0
1550000 7.29519 7.02849 0 -0.0211953 0 0
1560000 7.05395 7.41094 0 -0.0342257 0 0
1570000 7.30091 7.16588 0 0.0325453 0 0
1580000 7.22462 7.15172 0 -0.16648 0 0
1590000 7.2031 7.24624 0 -0.0138638 0 0
1600000 7.1362 7.13207 0 -0.0722975 0 0
1610000 7.28601 7.20785 0 0.0348477 0 0
1620000 7.07611 7.15409 0 -0.0142297 0 0
1630000 7.19413 7.26136 0 -0.0366635 0 0
1640000 7.11877 7.08049 0 0.0997261 0 0
1650000 7.18281 7.11029 0 -0.00566667 0 0
1660000 7.2638 7.04835 0 -0.0060948 0 0
1670000 7.17661 7.3334 0 0.0419956 0 0
1680000 7.1434 7.14186 0 0.0180427 0 0
1690000 7.29058 7.24983 0 0.031356 0 0
1700000 7.14033 7.15646 0 -0.0834775 0 0
1710000 7.36134 7.06231 0 0.0561597 0 0
1720000 7.27164 7.16986 0 -0.0448006 0 0
1730000 7.15259 7.22666 0 0.160673 0 0
1740000 7.29268 7.20531 0 0.0283498 0 0
1750000 7.25159 7.20555 0 0.0875025 0 0
1760000 7.32856 7.20494 0 -0.0281298 0 0
1770000 7.11455 7.19422 0 -0.0771901 0 0
1780000 7.19476 7.13565 0 0.0533341 0 0
1790000 7.17995 7.32955 0 -0.00466273 0 0
1800000 7.18675 7.12494 0 0.037871 0 0
1810000 7.13943 7.22777 0 -0.0124551 0 0
1820000 7.08522 7.23184 0 0.0710821 0 0
1830000 7.08084 7.37479 0 0.122035 0 0
1840000 7.34926 7.22197 0 0.139336 0 0
1850000 7.20767 7.2671 0 0.0707672 0 0
1860000 7.11606 7.20878 0 -0.0591975 0 0
1870000 7.2003 7.05669 0 -0.00671297 0 0
1880000 7.20788 7.24256 0 -0.00058995 0 0
1890000 7.15164 7.16861 0 -0.0341497 0 0
1900000 7.00864 7.25017 0 -0.0365771 0 0
1910000 7.19518 7.141 0 -0.00761158 0 0
1920000 7.0337 7.16098 0 0.00700181 0 0
1930000 6.99648 7.15623 0 -0.0208742 0 0
1940000 7.04852 7.12801 0 -0.0531701 0 0
1950000 7.20556 7.07607 0 0.0987024 0 0
1960000 7.08457 7.13685 0 0.0231337 0 0
1970000 7.19265 7.15862 0 0.00361696 0 0
1980000 7.0289 7.03885 0 -0.0239048 0 0
1990000 7.14987 7.09438 0 0.0335612 0 0
2000000 7.14998 7.16948 0 0.0154308 0 0
2010000 7.13053 7.10127 0 -0.130823 0 0
2020000 7.2823 7.09532 0 -0.109042 0 0
2030000 7.21612 7.1694 0 0.0431874 0 0
2040000 7.15816 7.16783 0 -0.00860769 0 0
2050000 7.12237 7.41725 0 -0.041489 0 0
2060000 7.07187 7.29619 0 -0.00531338 0 0
2070000 7.06076 7.14912 0 0.0866512 0 0
2080000 7.11452 7.27692 0 -0.0189691 0 0
2090000 7.06579 7.1623 0 0.0554678 0 0
2100000 7.21603 7.14962 0 -0.123125 0 0
2110000 7.19258 7.2027 0 0.0225303 0 0
2120000 7.23649 7.25606 0 -0.0808921 0 0
2130000 7.21431 7.33387 0 0.139525 0 0
2140000 7.16829 7.27511 0 -0.0776004 0 0
2150000 7.14122 7.23738 0 0.0480092 0 0
2160000 7.29573 7.24981 0 0.0676628 0 0
2170000 7.17465 7.22283 0 -0.0351234 0 0
2180000 7.29429 7.1009 0 0.014672 0 0
2190000 7.25639 7.1003 0 -0.153413 0 0
2200000 7.27468 7.16113 0 0.0905148 0 0
2210000 7.20257 7.18922 0 0.00862464 0 0
2220000 7.29575 7.27006 0 -0.0515117 0 0
2230000 7.08805 7.29231 0 0.0635791 0 0
2240000 6.97447 7.27406 0 0.0161287 0 0
2250000 7.05347 7.112 0 -0.100096 0 0
2260000 7.13135 7.16381 0 -0.0340207 0 0
2270000 7.05821 7.19292 0 0.000526091 0 0
2280000 7.20293 7.17666 0 -0.105265 0 0
2290000 7.25954 7.06981 0 -0.0415799 0 0
2300000 7.07224 7.14541 0 -0.00787905 0 0
2310000 7.13231 7.27491 0 -0.135173 0 0
2320000 7.31045 7.36776 0 -0.0509901 0 0
2330000 7.27312 7.34896 0 -0.0385747 0 0
2340000 7.2258 7.24951 0 -0.0517594 0 0
2350000 7.20827 7.39563 0 -0.0454983 0 0
2360000 7.08757 7.16926 0 -0.0834011 0 0
2370000 7.07944 7.34994 0 0.0269157 0 0
2380000 7.11995 7.25568 0 -0.100586 0 0
2390000 6.94027 7.19281 0 -0.141804 0 0
2400000 7.2862 7.17165 0 -0.072061 0 0
2410000 7.14807 7.23524 0 0.0605365 0 0
2420000 7.24412 7.08867 0 -0.0406473 0 0
2430000 7.07438 7.23698 0 0.110285 0 0
2440000 7.09629 7.22894 0 0.0912842 0 0
2450000 7.31782 7.10322 0 0.112825 0 0
2460000 7.20221 7.2034 0 0.0815634 0 0
2470000 7.21448 7.12588 0 -0.0240922 0 0
2480000 7.21859 7.16184 0 0.0133123 0 0
2490000 7.02648 7.10989 0 0.0286432 0 0
2500000 7.07581 7.25158 0 0.0054358 0 0
2510000 7.19899 7.13825 0 0.0349595 0 0
2520000 7.06451 7.12968 0 -0.0853925 0 0
2530000 7.34463 7.16673 0 0.0427046 0 0
2540000 7.16293 7.30933 0 0.142143 0 0
2550000 7.26215 7.07281 0 0.0235851 0 0
2560000 7.15124 7.31357 0 -0.0340585 0 0
2570000 7.32356 7.08538 0 -0.0612674 0 0
2580000 7.0684 7.08413 0 -0.0782376 0 0
2590000 7.11718 7.20117 0 -0.0292036 0 0
2600000 7.14391 7.14794 0 -0.0421603 0 0
2610000 7.19137 7.20533 0 0.0687627 0 0
2620000 6.99618 7.07914 0 -0.0622705 0 0
2630000 7.04752 7.2513 0 0.0569232 0 0
2640000 7.29401 7.17722 0 -0.0529635 0 0
2650000 7.04739 7.04902 0 0.0146805 0 0
2660000 7.30637 7.09773 0 0.0340518 0 0
2670000 7.12927 7.28911 0 0.0646613 0 0
2680000 7.21614 7.25146 0 0.0631953 0 0
2690000 7.21464 7.20434 0 0.042772 0 0
2700000 7.26532 7.16003 0 -0.0549859 0 0
2710000 7.18707 7.14712 0 0.00879435 0 0
2720000 7.19253 7.09406 0 0.0530903 0 0
2730000 7.23565 7.17932 0 0.0862588 0 0
2740000 7.12978 7.15638 0 -0.124617 0 0
2750000 7.25387 7.22409 0 0.0156045 0 0
2760000 7.19364 7.16846 0 0.0580183 0 0
2770000 7.2152 7.2039 0 -0.039402 0 0
2780000 7.05201 7.1585 0 0.0126963 0 0
2790000 7.1013 7.17776 0 0.113123 0 0
2800000 7.15104 7.27724 0 -0.0203961 0 0
2810000 7.20134 7.16538 0 0.0467556 0 0
2820000 7.23528 7.26776 0 -0.159332 0 0
2830000 7.3283 7.17545 0 0.0188299 0 0
2840000 6.93533 7.24768 0 0.020131 0 0
2850000 7.04775 7.11233 0 -0.00664165 0 0
2860000 7.0875 7.24641 0 0.0461453 0 0
2870000 7.19256 7.14069 0 -0.0954458 0 0
2880000 7.06731 7.28211 0 0.0905201 0 0
2890000 7.17831 7.31739 0 0.0812938 0 0
2900000 7.17115 7.09646 0 0.0614756 0 0
2910000 7.2537 7.07301 0 -0.0340409 0 0
2920000 7.2341 7.23845 0 0.0509298 0 0
2930000 7.18882 7.17405 0 -0.0445762 0 0
2940000 7.1517 7.48547 0 0.0598939 0 0
2950000 6.97238 7.10165 0 -0.0939747 0 0
2960000 7.21678 7.11017 0 0.00676532 0 0
2970000 7.08954 7.30653 0 -0.0121129 0 0
2980000 7.13354 7.14993 0 -0.090501 0 0
2990000 7.15048 7.19244 0 -0.116797 0 0
3000000 7.06016 7.11135 0 0.0452133 0 0
3010000 7.099 7.19995 0 -0.0171965 0 0
3020000 7.12655 7.26082 0 0.0196154 0 0
3030000 7.12746 7.08118 0 0.0410575 0 0
3040000 7.10574 7.08569 0 -0.0427442 0 0
3050000 7.14769 6.99281 0 -0.0681332 0 0
3060000 7.11352 7.27212 0 0.0351755 0 0
3070000 7.21164 7.20287 0 -0.0116809 0 0
3080000 7.03726 7.09793 0 -0.0529932 0 0
3090000 7.18608 7.14836 0 -0.0181354 0 0
3100000 7.18572 7.0849 0 -0.0734663 0 0
3110000 7.27527 7.12717 0 0.0942343 0 0
3120000 7.18388 7.13892 0 -0.109172 0 0
3130000 6.9999 7.24984 0 0.0763724 0 0
3140000 7.06325 7.23662 0 0.0349342 0 0
3150000 7.20365 7.28703 0 0.0636728 0 0
3160000 7.06741 7.02382 0 -0.125795 0 0
3170000 7.04418 7.27043 0 -0.0720136 0 0
3180000 7.26184 7.05224 0 -0.00980296 0 0
3190000 6.96427 7.15782 0 -0.133292 0 0
3200000 7.17302 7.16839 0 -0.0062428 0 0
3210000 7.11844 7.14765 0 -0.0459694 0 0
3220000 7.06596 7.08783 0 0.0801992 0 0
3230000 7.13101 7.1442 0 -0.0554837 0 0
3240000 7.08859 7.16185 0 0.00594583 0 0
3250000 7.06562 7.1781 0 0.0041972 0 0
3260000 7.11943 7.2171 0 -0.0176227 0 0
3270000 7.1799 7.20599 0 -0.135855 0 0
3280000 7.21216 7.088 0 -0.040382 0 0
3290000 7.12751 7.2939 0 -0.0447615 0 0
3300000 7.1973 7.18664 0 -0.00218095 0 0
3310000 7.04707 6.98682 0 0.118324 0 0
3320000 7.17063 7.08131 0 -0.0418323 0 0
3330000 7.19405 7.09729 0 -0.111764 0 0
3340000 7.26048 7.19524 0 0.0267403 0 0
3350000 7.16815 7.07541 0 0.00833519 0 0
3360000 7.23719 7.04306 0 -0.0360805 0 0
3370000 7.10076 7.2575 0 -0.0302667 0 0
3380000 7.1066 7.09647 0 0.0519403 0 0
3390000 7.26485 7.14363 0 0.21634 0 0
3400000 7.10927 7.27741 0 -0.00119815 0 0
3410000 7.19594 6.95581 0 0.124827 0 0
3420000 7.15946 7.23621 0 -0.0784308 0 0
3430000 7.17736 7.2698 0 0.0471762 0 0
3440000 7.22808 7.11732 0 0.0314185 0 0
3450000 7.07817 7.20646 0 0.0152494 0 0
3460000 7.29986 7.07159 0 -0.0401525 0 0
3470000 7.13165 7.03181 0 0.0497893 0 0
3480000 7.06014 7.09838 0 -0.0326999 0 0
3490000 7.04937 7.15408 0 0.0374155 0 0
3500000 7.06954 7.16514 0 -0.0704342 0 0
3510000 6.99226 7.1927 0 0.0694475 0 0
3520000 7.22114 7.14282 0 0.153984 0 0
3530000 7.11052 7.02413 0 -0.0725421 0 0
3540000 7.25424 7.26721 0 0.0268662 0 0
3550000 7.22919 7.20639 0 -0.047786 0 0
3560000 7.18734 7.21225 0 0.0849654 0 0
3570000 7.00058 7.1376 0 -0.045568 0 0
3580000 6.98919 7.18587 0 -0.0736732 0 0
3590000 7.11554 7.06876 0 -0.0308854 0 0
3600000 7.18373 7.15482 0 -0.00469172 0 0
3610000 7.06704 7.09373 0 -0.0560819 0 0
3620000 7.30202 7.09183 0 -0.0452885 0 0
3630000 7.31578 7.26838 0 -0.0300498 0 0
3640000 7.07183 7.01362 0 -0.0678962 0 0
3650000 7.27124 7.02131 0 0.0255929 0 0
3660000 7.26887 7.11807 0 0.134352 0 0
3670000 7.0473 7.13459 0 0.0843935 0 0
3680000 6.95065 7.05742 0 0.0850938 0 0
3690000 7.24615 7.06608 0 -0.0468832 0 0
3700000 7.24253 7.12171 0 -0.00413427 0 0
3710000 7.03685 7.02073 0 -0.0905606 0 0
3720000 7.04373 7.18842 0 -0.117262 0 0
3730000 7.03361 7.09138 0 -0.0230828 0 0
3740000 7.0204 7.15882 0 -0.0977867 0 0
3750000 7.04294 7.1216 0 -0.0609453 0 0
3760000 7.27047 7.04278 0 0.00917822 0 0
3770000 7.29376 7.10777 0 0.0375439 0 0
3780000 7.13205 7.06272 0 0.0619606 0 0
3790000 7.13904 7.10539 0 0.061021 0 0
3800000 7.00731 7.24821 0 -0.00665062 0 0
3810000 7.19121 7.19642 0 -0.0309149 0 0
3820000 6.92245 7.17148 0 -0.0247348 0 0
3830000 6.98234 7.13659 0 -0.088298 0 0
3840000 7.12331 7.016 0 -0.0626515 0 0
3850000 7.14536 7.1536 0 0.0391939 0 0
3860000 7.1488 7.07306 0 0.0293199 0 0
3870000 7.11443 7.08057 0 0.0601135 0 0
3880000 7.28467 7.24777 0 -0.0677513 0 0
3890000 7.22901 6.95693 0 -0.0334539 0 0
3900000 7.09521 7.14936 0 -0.0814546 0 0
3910000 7.19277 7.27307 0 -0.055122 0 0
3920000 7.13307 7.21466 0 0.0397237 0 0
3930000 6.90957 7.19395 0 0.152323 0 0
3940000 7.06374 7.268 0 0.0559027 0 0
3950000 7.06612 7.27967 0 0.060432 0 0
3960000 7.14189 7.13861 0 -0.0154084 0 0
3970000 7.28402 7.17505 0 -0.00690094 0 0
3980000 7.16525 7.26308 0 -0.0145463 0 0
3990000 7.14219 7.23995 0 0.0817799 0 0
4000000 7.08724 7.12088 0 0.0370373 0 0
4010000 7.08556 7.07539 0 -0.115792 0 0
4020000 7.12883 7.15703 0 -0.0764719 0 0
4030000 7.02335 7.14696 0 0.0520407 0 0
4040000 7.05931 7.15317 0 -0.149462 0 0
4050000 7.01032 7.19081 0 -0.0754352 0 0
4060000 7.16767 7.14662 0 -0.0532463 0 0
4070000 7.09671 7.29902 0 -0.0877148 0 0
4080000 7.03272 7.25617 0 0.0451561 0 0
4090000 7.16359 7.03827 0 -0.0636229 0 0
4100000 7.31651 7.05683 0 0.102456 0 0
4110000 7.18826 7.10885 0 -0.07707 0 0
4120000 7.18412 7.15945 0 0.0628402 0 0
4130000 7.15479 7.13424 0 -0.00262462 0 0
4140000 7.16183 7.05839 0 -0.0425895 0 0
4150000 7.15338 7.08597 0 -0.110691 0 0
4160000 7.01204 7.04077 0 -0.0708241 0 0
4170000 7.06496 7.08183 0 0.0488962 0 0
4180000 7.30118 7.07972 0 -0.0218789 0 0
4190000 7.13559 7.12097 0 0.060843 0 0
4200000 7.03987 7.08661 0 0.0348416 0 0
4210000 7.03512 7.19277 0 0.102201 0 0
4220000 7.12822 7.18739 0 0.0213515 0 0
4230000 6.91154 7.26206 0 -0.0211232 0 0
4240000 7.09531 7.26396 0 0.0131628 0 0
4250000 6.94421 7.23026 0 0.0316707 0 0
4260000 7.30711 7.00397 0 -0.012157 0 0
4270000 7.02879 7.15117 0 -0.0270586 0 0
4280000 7.15381 7.20967 0 0.0954992 0 0
4290000 7.03859 7.24153 0 -0.00257067 0 0
4300000 7.04803 7.18254 0 -0.0501683 0 0
4310000 7.02371 7.29163 0 -0.0373619 0 0
4320000 7.16674 7.15207 0 -0.00419268 0 0
4330000 7.23585 7.21505 0 0.007026 0 0
4340000 7.07256 7.11763 0 0.0717515 0 0
4350000 7.10585 7.19123 0 0.105372 0 0
4360000 7.21106 7.09039 0 0.0341274 0 0
4370000 7.13061 7.08189 0 0.00598651 0 0
4380000 7.11758 7.23583 0 0.0196216 0 0
4390000 7.04474 7.13502 0 -0.0214906 0 0
4400000 7.12524 7.19134 0 -0.179204 0 0
4410000 7.0722 7.12194 0 -0.0884626 0 0
4420000 7.05184 7.07545 0 0.026578 0 0
4430000 7.15809 7.16382 0 0.0804683 0 0
4440000 7.08335 7.22622 0 0.107101 0 0
4450000 7.27599 7.08143 0 -0.0978729 0 0
4460000 7.0667 7.17144 0 -0.0908032 0 0
4470000 7.15279 7.11596 0 0.098565 0 0
4480000 7.1239 7.16716 0 0.170219 0 0
4490000 7.2205 7.19659 0 0.141925 0 0
4500000 7.08484 7.07063 0 0.0143367 0 0
4510000 7.11994 7.0002 0 -0.0594802 0 0
4520000 7.09524 7.1078 0 0.0372056 0 0
4530000 7.11519 7.06561 0 0.0843532 0 0
4540000 7.26023 6.98773 0 0.029993 0 0
4550000 7.07329 6.94655 0 0.0792547 0 0
4560000 7.22452 6.94226 0 0.0047132 0 0
4570000 7.09293 7.11068 0 -0.0255403 0 0
4580000 7.20136 7.21504 0 -0.0191405 0 0
4590000 7.14276 7.231 0 0.00764871 0 0
4600000 7.17004 7.2174 0 0.0511078 0 0
4610000 7.06211 7.08908 0 -0.0717652 0 0
4620000 7.06783 6.99612 0 -0.0238934 0 0
4630000 7.03573 7.14528 0 0.0254241 0 0
4640000 7.07835 6.999 0 -0.0694513 0 0
4650000 6.95033 7.00712 0 0.0250669 0 0
4660000 7.05133 7.074 0 0.136029 0 0
4670000 7.18268 7.07054 0 -0.0223665 0 0
4680000 7.1631 6.99494 0 0.0666089 0 0
4690000 7.1031 7.15429 0 -0.0413484 0 0
4700000 7.01148 7.218 0 0.0457838 0 0
4710000 7.22337 7.02305 0 0.0690607 0 0
4720000 7.03635 7.20887 0 0.0663186 0 0
4730000 7.17618 7.21857 0 0.0685935 0 0
4740000 7.17188 7.21723 0 -0.190023 0 0
4750000 7.15627 7.13451 0 -0.0365004 0 0
4760000 7.15023 7.13262 0 0.0484865 0 0
4770000 7.09314 6.98625 0 -0.137931 0 0
4780000 7.10755 7.12109 0 -0.0337198 0 0
4790000 7.19217 7.0887 0 0.0204685 0 0
4800000 7.11996 7.21674 0 -0.117673 0 0
4810000 7.14712 6.96075 0 0.0357383 0 0
4820000 7.13321 7.05044 0 -0.0117439 0 0
4830000 7.12639 7.17011 0 0.0789916 0 0
4840000 7.24544 7.18864 0 -0.00590747 0 0
4850000 7.14012 7.29252 0 -0.0130639 0 0
4860000 7.18792 7.2867 0 0.0456047 0 0
4870000 7.17719 7.17104 0 -0.0242733 0 0
4880000 6.98516 7.22279 0 -0.0222096 0 0
4890000 7.27173 7.18003 0 0.0487104 0 0
4900000 7.29046 7.10992 0 -0.0426904 0 0
4910000 7.1619 7.16345 0 -0.0976563 0 0
4920000 7.19909 7.39657 0 0.153545 0 0
4930000 7.16992 7.19584 0 -0.0357407 0 0
4940000 7.15985 7.1358 0 0.106676 0 0
4950000 7.1751 7.13208 0 0.0428093 0 0
4960000 7.27789 7.30842 0 -0.0871945 0 0
4970000 7.10856 7.25434 0 0.040744 0 0
4980000 7.2319 7.23483 0 -0.0267382 0 0
4990000 7.08419 7.15241 0 0.150465 0 0
5000000 7.26407 7.18171 0 -0.0956148 0 0
