# Time-averaged data for fix ps1
# TimeStep c_thermo_press[1] c_thermo_press[2] c_thermo_press[3] c_thermo_press[4] c_thermo_press[5] c_thermo_press[6]
0 3.22714 3.33824 0 -0.00809782 0 0
10000 3.43955 3.54389 0 -0.0059048 0 0
20000 3.43561 3.5122 0 -0.094711 0 0
30000 3.42529 3.51431 0 -0.0779448 0 0
40000 3.4538 3.56156 0 -0.102903 0 0
50000 3.43203 3.44514 0 -0.102963 0 0
60000 3.49775 3.52308 0 -0.141219 0 0
70000 3.45723 3.48376 0 -0.121909 0 0
80000 3.48697 3.51021 0 -0.201497 0 0
90000 3.44064 3.51705 0 -0.157178 0 0
100000 3.43595 3.48681 0 -0.160204 0 0
110000 3.49615 3.44058 0 -0.162999 0 0
120000 3.46398 3.52052 0 -0.1725 0 0
130000 3.55633 3.47039 0 -0.136488 0 0
140000 3.4932 3.47654 0 -0.245829 0 0
150000 3.50365 3.47594 0 -0.175459 0 0
160000 3.45992 3.4846 0 -0.240981 0 0
170000 3.53249 3.5045 0 -0.223886 0 0
180000 3.43343 3.54971 0 -0.222528 0 0
190000 3.49186 3.50669 0 -0.234408 0 0
200000 3.50533 3.43872 0 -0.219986 0 0
210000 3.51376 3.47283 0 -0.258395 0 0
220000 3.50657 3.53153 0 -0.252518 0 0
230000 3.49533 3.42765 0 -0.297619 0 0
240000 3.44156 3.54192 0 -0.281334 0 0
250000 3.50081 3.48469 0 -0.264774 0 0
260000 3.43353 3.46506 0 -0.235747 0 0
270000 3.47972 3.51167 0 -0.282551 0 0
280000 3.52632 3.47789 0 -0.277984 0 0
290000 3.52303 3.50301 0 -0.237277 0 0
300000 3.47019 3.51736 0 -0.250711 0 0
310000 3.47869 3.42892 0 -0.273316 0 0
320000 3.49235 3.45818 0 -0.161594 0 0
330000 3.51313 3.47262 0 -0.237096 0 0
340000 3.48017 3.44981 0 -0.240075 0 0
350000 3.38886 3.55363 0 -0.216146 0 0
360000 3.50338 3.46982 0 -0.199568 0 0
370000 3.40364 3.52173 0 -0.26027 0 0
380000 3.39847 3.51129 0 -0.168904 0 0
390000 3.45237 3.49431 0 -0.172494 0 0
400000 3.51963 3.48773 0 -0.140253 0 0
410000 3.43574 3.51193 0 -0.126584 0 0
420000 3.45056 3.52915 0 -0.127579 0 0
430000 3.44822 3.50959 0 -0.156732 0 0
440000 3.45145 3.48536 0 -0.116271 0 0
450000 3.47899 3.45012 0 -0.10725 0 0
460000 3.39639 3.49885 0 -0.134263 0 0
470000 3.44178 3.54286 0 -0.0870853 0 0
480000 3.46978 3.48102 0 -0.0539384 0 0
490000 3.42032 3.51746 0 -0.0782949 0 0
500000 3.44397 3.50478 0 -0.0161326 0 0
510000 3.45596 3.45201 0 -0.073745 0 0
520000 3.41455 3.50686 0 -0.0696911 0 0
530000 3.40571 3.52391 0 0.0149968 0 0
540000 3.40314 3.50534 0 0.0058389 0 0
550000 3.47493 3.46862 0 0.0252643 0 0
560000 3.50352 3.43752 0 0.0387851 0 0
570000 3.44966 3.47535 0 0.0885244 0 0
580000 3.38955 3.53706 0 0.0720521 0 0
590000 3.50929 3.50384 0 0.103056 0 0
600000 3.3966 3.49827 0 0.0623145 0 0
610000 3.41739 3.51443 0 0.116546 0 0
620000 3.44784 3.53694 0 0.123808 0 0
630000 3.45997 3.50076 0 0.174738 0 0
640000 3.47575 3.48113 0 0.111512 0 0
650000 3.39413 3.4923 0 0.149277 0 0
660000 3.42899 3.46947 0 0.150034 0 0
670000 3.47725 3.48911 0 0.215778 0 0
680000 3.37705 3.5419 0 0.198594 0 0
690000 3.43736 3.52008 0 0.156614 0 0
700000 3.38854 3.52778 0 0.170556 0 0
710000 3.39198 3.60508 0 0.210558 0 0
720000 3.46855 3.52181 0 0.236282 0 0
730000 3.50915 3.49639 0 0.199591 0 0
740000 3.46099 3.5246 0 0.229114 0 0
750000 3.51283 3.44687 0 0.195066 0 0
760000 3.39557 3.57019 0 0.233005 0 0
770000 3.49516 3.48885 0 0.17072 0 0
780000 3.44738 3.48927 0 0.222597 0 0
790000 3.47477 3.4825 0 0.226401 0 0
800000 3.5029 3.52038 0 0.164826 0 0
810000 3.49885 3.47107 0 0.133808 0 0
820000 3.47306 3.5232 0 0.128418 0 0
830000 3.46083 3.52183 0 0.204603 0 0
840000 3.45969 3.51514 0 0.103484 0 0
850000 3.478 3.50944 0 0.149189 0 0
860000 3.49389 3.42916 0 0.135832 0 0
870000 3.47764 3.46388 0 0.157748 0 0
880000 3.51217 3.42847 0 0.0931932 0 0
890000 3.37635 3.51718 0 0.162451 0 0
900000 3.43992 3.45052 0 0.0849423 0 0
910000 3.37404 3.52015 0 0.0834314 0 0
920000 3.48362 3.44808 0 0.0758501 0 0
930000 3.49569 3.50616 0 0.0527131 0 0
940000 3.53309 3.44188 0 0.0384139 0 0
950000 3.47816 3.49322 0 0.0187833 0 0
960000 3.45896 3.54462 0 0.00664423 0 0
970000 3.45229 3.47974 0 -0.0164266 0 0
980000 3.53999 3.41177 0 -0.0279153 0 0
990000 3.44115 3.48021 0 -0.0502745 0 0
1000000 3.4552 3.4961 0 -0.0328274 0 0
1010000 3.42615 3.51714 0 -0.0837867 0 0
1020000 3.43381 3.52616 0 -0.0439014 0 0
1030000 3.45883 3.44015 0 -0.0934735 0 0
1040000 3.43746 3.49239 0 -0.162854 0 0
1050000 3.47642 3.48422 0 -0.132877 0 0
1060000 3.51185 3.49165 0 -0.122196 0 0
1070000 3.45032 3.50244 0 -0.120012 0 0
1080000 3.4466 3.55888 0 -0.213555 0 0
1090000 3.50749 3.44415 0 -0.138112 0 0
1100000 3.46217 3.46316 0 -0.22712 0 0
1110000 3.46959 3.47258 0 -0.217284 0 0
1120000 3.47077 3.48888 0 -0.258693 0 0
1130000 3.46451 3.50095 0 -0.221147 0 0
1140000 3.50853 3.43905 0 -0.25057 0 0
1150000 3.45275 3.46583 0 -0.25182 0 0
1160000 3.44001 3.49307 0 -0.244506 0 0
1170000 3.45445 3.50519 0 -0.288979 0 0
1180000 3.52648 3.46164 0 -0.254449 0 0
1190000 3.55705 3.43846 0 -0.233022 0 0
1200000 3.43023 3.47581 0 -0.260658 0 0
1210000 3.50442 3.55677 0 -0.291895 0 0
1220000 3.42818 3.5185 0 -0.293239 0 0
1230000 3.45387 3.53675 0 -0.277187 0 0
1240000 3.48934 3.50602 0 -0.296204 0 0
1250000 3.49902 3.48828 0 -0.25349 0 0
1260000 3.53712 3.4598 0 -0.25892 0 0
1270000 3.45978 3.51007 0 -0.325062 0 0
1280000 3.47228 3.4836 0 -0.313808 0 0
1290000 3.5022 3.46218 0 -0.277089 0 0
1300000 3.52225 3.45659 0 -0.200861 0 0
1310000 3.50741 3.47842 0 -0.2584 0 0
1320000 3.516 3.47104 0 -0.286586 0 0
1330000 3.46884 3.51445 0 -0.305635 0 0
1340000 3.4991 3.44562 0 -0.232359 0 0
1350000 3.44304 3.49194 0 -0.225701 0 0
1360000 3.45988 3.45699 0 -0.226022 0 0
1370000 3.45815 3.50031 0 -0.233239 0 0
1380000 3.54494 3.46772 0 -0.184809 0 0
1390000 3.52825 3.53689 0 -0.165503 0 0
1400000 3.51823 3.46443 0 -0.150997 0 0
1410000 3.50043 3.42664 0 -0.158887 0 0
1420000 3.48871 3.43719 0 -0.0944068 0 0
1430000 3.45215 3.52313 0 -0.15036 0 0
1440000 3.52855 3.46093 0 -0.119469 0 0
1450000 3.46698 3.4861 0 -0.128126 0 0
1460000 3.45556 3.50019 0 -0.0916251 0 0
1470000 3.44476 3.49351 0 -0.0892566 0 0
1480000 3.47177 3.45859 0 -0.073867 0 0
1490000 3.47446 3.50988 0 -0.0547845 0 0
1500000 3.40232 3.50884 0 -0.0502125 0 0
1510000 3.46991 3.49927 0 -0.0100079 0 0
1520000 3.51355 3.49561 0 -0.0122252 0 0
1530000 3.48791 3.50126 0 -0.0179598 0 0
1540000 3.43913 3.48222 0 0.0720357 0 0
1550000 3.47892 3.48954 0 0.0783548 0 0
1560000 3.44313 3.45662 0 0.0538135 0 0
1570000 3.45694 3.4382 0 0.0702814 0 0
1580000 3.46592 3.44211 0 0.0905045 0 0
1590000 3.43717 3.51078 0 0.072853 0 0
1600000 3.53378 3.47912 0 0.116484 0 0
1610000 3.51942 3.49312 0 0.139528 0 0
1620000 3.50067 3.51823 0 0.120842 0 0
1630000 3.41757 3.50899 0 0.121711 0 0
1640000 3.48862 3.43144 0 0.191328 0 0
1650000 3.4363 3.54878 0 0.181203 0 0
1660000 3.42561 3.49698 0 0.231277 0 0
1670000 3.46588 3.4631 0 0.142814 0 0
1680000 3.44567 3.54942 0 0.157983 0 0
1690000 3.4753 3.51231 0 0.174507 0 0
1700000 3.45415 3.43434 0 0.206301 0 0
1710000 3.40565 3.54398 0 0.220769 0 0
1720000 3.49131 3.48178 0 0.21716 0 0
1730000 3.44881 3.52537 0 0.194274 0 0
1740000 3.44372 3.52878 0 0.199881 0 0
1750000 3.4946 3.4839 0 0.23208 0 0
1760000 3.40496 3.57042 0 0.209295 0 0
1770000 3.45141 3.46465 0 0.171792 0 0
1780000 3.46001 3.48826 0 0.227523 0 0
1790000 3.41825 3.49051 0 0.212509 0 0
1800000 3.44414 3.4618 0 0.255276 0 0
1810000 3.47085 3.46311 0 0.204904 0 0
1820000 3.45538 3.50472 0 0.223334 0 0
1830000 3.45373 3.46846 0 0.270455 0 0
1840000 3.47779 3.52475 0 0.163921 0 0
1850000 3.4213 3.53822 0 0.170006 0 0
1860000 3.47379 3.48113 0 0.164243 0 0
1870000 3.47317 3.52899 0 0.0783475 0 0
1880000 3.40828 3.51615 0 0.121304 0 0
1890000 3.49277 3.47209 0 0.127591 0 0
1900000 3.47946 3.50624 0 0.0809768 0 0
1910000 3.44218 3.55039 0 0.108481 0 0
1920000 3.42177 3.51871 0 0.0438203 0 0
1930000 3.45544 3.52988 0 0.0325453 0 0
1940000 3.43367 3.45926 0 0.0576916 0 0
1950000 3.42851 3.43856 0 0.0509956 0 0
1960000 3.4585 3.48063 0 0.0252741 0 0
1970000 3.41522 3.521 0 -0.0163815 0 0
1980000 3.43021 3.51756 0 0.0425473 0 0
1990000 3.43497 3.50937 0 -0.0107839 0 0
2000000 3.45035 3.50495 0 0.0105029 0 0
2010000 3.44565 3.49614 0 -0.0269047 0 0
2020000 3.50031 3.46091 0 -0.0443121 0 0
2030000 3.4714 3.47567 0 -0.0652443 0 0
2040000 3.46971 3.53849 0 -0.124098 0 0
2050000 3.42131 3.51891 0 -0.104915 0 0
2060000 3.44315 3.52046 0 -0.145003 0 0
2070000 3.41013 3.51567 0 -0.134435 0 0
2080000 3.43969 3.49182 0 -0.158152 0 0
2090000 3.46616 3.49042 0 -0.170272 0 0
2100000 3.44209 3.48113 0 -0.173276 0 0
2110000 3.48892 3.50675 0 -0.187897 0 0
2120000 3.43744 3.55976 0 -0.170043 0 0
2130000 3.53468 3.49326 0 -0.198643 0 0
2140000 3.45208 3.50054 0 -0.161966 0 0
2150000 3.49022 3.49993 0 -0.273919 0 0
2160000 3.46705 3.53238 0 -0.206198 0 0
2170000 3.45142 3.46231 0 -0.204815 0 0
2180000 3.51278 3.52417 0 -0.299514 0 0
2190000 3.51383 3.51868 0 -0.270216 0 0
2200000 3.45343 3.53981 0 -0.29309 0 0
2210000 3.47994 3.44173 0 -0.278119 0 0
2220000 3.45446 3.47038 0 -0.255857 0 0
2230000 3.51984 3.54193 0 -0.313166 0 0
2240000 3.42424 3.50091 0 -0.274027 0 0
2250000 3.47364 3.54278 0 -0.299977 0 0
2260000 3.52913 3.51777 0 -0.330022 0 0
2270000 3.48454 3.49275 0 -0.242075 0 0
2280000 3.47627 3.48316 0 -0.30738 0 0
2290000 3.61013 3.3996 0 -0.251931 0 0
2300000 3.43448 3.48504 0 -0.272607 0 0
2310000 3.47753 3.49885 0 -0.293736 0 0
2320000 3.46833 3.51412 0 -0.275277 0 0
2330000 3.41408 3.50495 0 -0.201772 0 0
2340000 3.42698 3.49383 0 -0.259012 0 0
2350000 3.42549 3.4794 0 -0.229086 0 0
2360000 3.44398 3.51197 0 -0.175788 0 0
2370000 3.44932 3.53278 0 -0.154564 0 0
2380000 3.51611 3.48764 0 -0.179258 0 0
2390000 3.44762 3.53028 0 -0.222199 0 0
2400000 3.458 3.46239 0 -0.221917 0 0
2410000 3.50052 3.46025 0 -0.165387 0 0
2420000 3.48578 3.48297 0 -0.134616 0 0
2430000 3.4767 3.47051 0 -0.166235 0 0
2440000 3.47426 3.48695 0 -0.123441 0 0
2450000 3.4206 3.49546 0 -0.109324 0 0
2460000 3.53519 3.44156 0 -0.115574 0 0
2470000 3.47125 3.44147 0 -0.031148 0 0
2480000 3.50371 3.4534 0 -0.0549307 0 0
2490000 3.47359 3.49201 0 -0.0367817 0 0
2500000 3.43898 3.45679 0 -0.0464648 0 0
2510000 3.44866 3.45297 0 -0.0607333 0 0
2520000 3.42002 3.46975 0 -0.0217932 0 0
2530000 3.42128 3.48913 0 -0.0250846 0 0
2540000 3.44093 3.49885 0 0.0358058 0 0
2550000 3.42369 3.50759 0 0.0596439 0 0
2560000 3.51311 3.4503 0 0.0599034 0 0
2570000 3.4374 3.49307 0 0.0515558 0 0
2580000 3.40395 3.49451 0 0.0995173 0 0
2590000 3.39439 3.43925 0 0.118738 0 0
2600000 3.52238 3.46541 0 0.0790158 0 0
2610000 3.47482 3.48588 0 0.122023 0 0
2620000 3.48838 3.42309 0 0.0996488 0 0
2630000 3.43681 3.52797 0 0.15073 0 0
2640000 3.4412 3.49066 0 0.181674 0 0
2650000 3.44343 3.50713 0 0.178493 0 0
2660000 3.42912 3.52512 0 0.17216 0 0
2670000 3.44136 3.54741 0 0.217699 0 0
2680000 3.45694 3.49589 0 0.220586 0 0
2690000 3.4628 3.4995 0 0.201465 0 0
2700000 3.45327 3.49957 0 0.22553 0 0
2710000 3.48783 3.55413 0 0.241041 0 0
2720000 3.46381 3.50318 0 0.205261 0 0
2730000 3.46983 3.50459 0 0.212008 0 0
2740000 3.50953 3.50475 0 0.235311 0 0
2750000 3.46395 3.43885 0 0.22325 0 0
2760000 3.4625 3.45839 0 0.231397 0 0
2770000 3.44023 3.48816 0 0.149986 0 0
2780000 3.46394 3.5086 0 0.22547 0 0
2790000 3.45201 3.51393 0 0.195752 0 0
2800000 3.43443 3.56703 0 0.154734 0 0
2810000 3.46887 3.47347 0 0.210522 0 0
2820000 3.43238 3.55475 0 0.16119 0 0
2830000 3.47402 3.48723 0 0.206635 0 0
2840000 3.40429 3.50426 0 0.160394 0 0
2850000 3.45799 3.45775 0 0.208036 0 0
2860000 3.46204 3.48956 0 0.140927 0 0
2870000 3.45336 3.50615 0 0.15565 0 0
2880000 3.44932 3.5043 0 0.173101 0 0
2890000 3.4825 3.43964 0 0.127018 0 0
2900000 3.468 3.49237 0 0.0641754 0 0
2910000 3.45792 3.50158 0 0.110386 0 0
2920000 3.46704 3.54511 0 0.111062 0 0
2930000 3.44331 3.51895 0 0.0586213 0 0
2940000 3.45967 3.48137 0 0.0604192 0 0
2950000 3.49394 3.47806 0 0.0149168 0 0
2960000 3.45477 3.49072 0 0.0201181 0 0
2970000 3.43225 3.47442 0 0.0254181 0 0
2980000 3.50401 3.46372 0 -0.0341727 0 0
2990000 3.44071 3.47831 0 0.0167655 0 0
3000000 3.47346 3.53705 0 -0.0406227 0 0
3010000 3.42092 3.4872 0 -0.0626155 0 0
3020000 3.51761 3.49914 0 -0.0737257 0 0
3030000 3.43902 3.51239 0 -0.111089 0 0
3040000 3.45884 3.50851 0 -0.118021 0 0
3050000 3.49813 3.46815 0 -0.14882 0 0
3060000 3.47283 3.47981 0 -0.111397 0 0
3070000 3.4412 3.56322 0 -0.164947 0 0
3080000 3.5188 3.45364 0 -0.135171 0 0
3090000 3.46349 3.46244 0 -0.216537 0 0
3100000 3.4321 3.46908 0 -0.227405 0 0
3110000 3.41157 3.52203 0 -0.278499 0 0
3120000 3.45742 3.50429 0 -0.169176 0 0
3130000 3.48192 3.50367 0 -0.215903 0 0
3140000 3.40098 3.52581 0 -0.179502 0 0
3150000 3.46536 3.51798 0 -0.259947 0 0
3160000 3.44788 3.5189 0 -0.256617 0 0
3170000 3.46456 3.50019 0 -0.210281 0 0
3180000 3.56278 3.44833 0 -0.289948 0 0
3190000 3.47829 3.48929 0 -0.234047 0 0
3200000 3.52501 3.48235 0 -0.278527 0 0
3210000 3.45034 3.48406 0 -0.287009 0 0
3220000 3.48237 3.50252 0 -0.272327 0 0
3230000 3.50448 3.4629 0 -0.261446 0 0
3240000 3.48871 3.47149 0 -0.28039 0 0
3250000 3.48656 3.45892 0 -0.266441 0 0
3260000 3.48376 3.47469 0 -0.268936 0 0
3270000 3.44189 3.56198 0 -0.277377 0 0
3280000 3.44125 3.56035 0 -0.317512 0 0
3290000 3.5571 3.43509 0 -0.265042 0 0
3300000 3.48974 3.47667 0 -0.263439 0 0
3310000 3.45483 3.55493 0 -0.230018 0 0
3320000 3.49573 3.47032 0 -0.195943 0 0
3330000 3.45835 3.46096 0 -0.22708 0 0
3340000 3.51001 3.51568 0 -0.225977 0 0
3350000 3.4674 3.47386 0 -0.224069 0 0
3360000 3.45631 3.49867 0 -0.248435 0 0
3370000 3.4717 3.50318 0 -0.20105 0 0
3380000 3.48244 3.52798 0 -0.171482 0 0
3390000 3.45957 3.49993 0 -0.17594 0 0
3400000 3.44947 3.53386 0 -0.0830035 0 0
3410000 3.47904 3.4126 0 -0.159519 0 0
3420000 3.41569 3.537 0 -0.145887 0 0
3430000 3.43141 3.49956 0 -0.145989 0 0
3440000 3.52274 3.40926 0 -0.109119 0 0
3450000 3.42651 3.49474 0 -0.112252 0 0
3460000 3.48281 3.43602 0 -0.0457436 0 0
3470000 3.41785 3.54445 0 -0.0138494 0 0
3480000 3.54793 3.4109 0 -0.0841978 0 0
3490000 3.45686 3.47619 0 -0.0587126 0 0
3500000 3.51231 3.42749 0 -0.0133075 0 0
3510000 3.4506 3.50007 0 -0.00297087 0 0
3520000 3.53891 3.47143 0 -0.0369533 0 0
3530000 3.45712 3.49633 0 0.0181335 0 0
3540000 3.47016 3.44964 0 0.0248547 0 0
3550000 3.47303 3.45971 0 0.0407624 0 0
3560000 3.40172 3.48689 0 0.0304522 0 0
3570000 3.41593 3.51885 0 0.0149445 0 0
3580000 3.48072 3.45756 0 0.067061 0 0
3590000 3.42908 3.52448 0 0.102149 0 0
3600000 3.45584 3.5205 0 0.0849441 0 0
3610000 3.40695 3.55326 0 0.155899 0 0
3620000 3.38467 3.51242 0 0.0778025 0 0
3630000 3.40623 3.47266 0 0.0848808 0 0
3640000 3.48091 3.42681 0 0.195605 0 0
3650000 3.44072 3.52876 0 0.147835 0 0
3660000 3.3538 3.54064 0 0.202346 0 0
3670000 3.45099 3.45594 0 0.131366 0 0
3680000 3.48091 3.52437 0 0.186155 0 0
3690000 3.52446 3.50591 0 0.113152 0 0
3700000 3.47076 3.49041 0 0.162407 0 0
3710000 3.41476 3.5262 0 0.182452 0 0
3720000 3.50048 3.44717 0 0.253341 0 0
3730000 3.3881 3.51797 0 0.201921 0 0
3740000 3.48557 3.45809 0 0.197538 0 0
3750000 3.47393 3.47449 0 0.192341 0 0
3760000 3.46241 3.46993 0 0.201535 0 0
3770000 3.39839 3.52917 0 0.261715 0 0
3780000 3.47613 3.51423 0 0.153305 0 0
3790000 3.45128 3.50111 0 0.151074 0 0
3800000 3.4988 3.47127 0 0.196424 0 0
3810000 3.47123 3.48559 0 0.174858 0 0
3820000 3.5698 3.45021 0 0.206372 0 0
3830000 3.51145 3.53191 0 0.18108 0 0
3840000 3.43217 3.54446 0 0.212091 0 0
3850000 3.41421 3.489 0 0.114113 0 0
3860000 3.47691 3.51285 0 0.158797 0 0
3870000 3.44008 3.54561 0 0.136768 0 0
3880000 3.41408 3.51826 0 0.0776259 0 0
3890000 3.45868 3.50499 0 0.143596 0 0
3900000 3.46633 3.51409 0 0.0602549 0 0
3910000 3.44063 3.53258 0 0.0502965 0 0
3920000 3.44948 3.53538 0 0.045479 0 0
3930000 3.43139 3.48352 0 0.0522443 0 0
3940000 3.4371 3.49476 0 0.00076429 0 0
3950000 3.45405 3.46789 0 0.0492815 0 0
3960000 3.43503 3.49952 0 0.0116363 0 0
3970000 3.41757 3.55806 0 0.000169436 0 0
3980000 3.48494 3.50695 0 -0.0928567 0 0
3990000 3.43505 3.49743 0 -0.0607161 0 0
4000000 3.46439 3.47856 0 -0.016309 0 0
4010000 3.42438 3.52884 0 -0.0921062 0 0
4020000 3.38999 3.52762 0 -0.0611508 0 0
4030000 3.42673 3.52016 0 -0.109734 0 0
4040000 3.44875 3.49153 0 -0.122086 0 0
4050000 3.42545 3.49911 0 -0.074026 0 0
4060000 3.44172 3.51651 0 -0.156338 0 0
4070000 3.41774 3.50662 0 -0.154886 0 0
4080000 3.42156 3.50991 0 -0.135457 0 0
4090000 3.48395 3.52003 0 -0.158079 0 0
4100000 3.52752 3.44058 0 -0.178908 0 0
4110000 3.42461 3.5402 0 -0.145077 0 0
4120000 3.44573 3.49085 0 -0.169747 0 0
4130000 3.44684 3.48173 0 -0.216711 0 0
4140000 3.48532 3.51638 0 -0.176394 0 0
4150000 3.43089 3.50182 0 -0.238456 0 0
4160000 3.47814 3.51595 0 -0.240736 0 0
4170000 3.43266 3.53979 0 -0.262301 0 0
4180000 3.43537 3.54255 0 -0.249316 0 0
4190000 3.49416 3.50464 0 -0.211077 0 0
4200000 3.49232 3.50089 0 -0.21986 0 0
4210000 3.46751 3.47872 0 -0.202777 0 0
4220000 3.44437 3.56595 0 -0.246731 0 0
4230000 3.4423 3.5356 0 -0.234432 0 0
4240000 3.43438 3.51299 0 -0.299355 0 0
4250000 3.4878 3.4506 0 -0.268762 0 0
4260000 3.49653 3.506 0 -0.250443 0 0
4270000 3.47956 3.54678 0 -0.270349 0 0
4280000 3.46589 3.51164 0 -0.219885 0 0
4290000 3.52456 3.51614 0 -0.259759 0 0
4300000 3.41832 3.52979 0 -0.223685 0 0
4310000 3.49435 3.44831 0 -0.235934 0 0
4320000 3.50043 3.49386 0 -0.229145 0 0
4330000 3.45221 3.47439 0 -0.202413 0 0
4340000 3.47659 3.49852 0 -0.201579 0 0
4350000 3.51657 3.49855 0 -0.248669 0 0
4360000 3.45834 3.54483 0 -0.172844 0 0
4370000 3.46664 3.47961 0 -0.16792 0 0
4380000 3.40703 3.52299 0 -0.203428 0 0
4390000 3.46335 3.48055 0 -0.243656 0 0
4400000 3.43136 3.51784 0 -0.160206 0 0
4410000 3.42569 3.49107 0 -0.116196 0 0
4420000 3.40448 3.49073 0 -0.14327 0 0
4430000 3.44315 3.53245 0 -0.100457 0 0
4440000 3.43504 3.43068 0 -0.126409 0 0
4450000 3.51011 3.50767 0 -0.104676 0 0
4460000 3.39717 3.49606 0 -0.048373 0 0
4470000 3.46906 3.46519 0 -0.0815268 0 0
4480000 3.44843 3.49243 0 -0.0504163 0 0
4490000 3.48027 3.53611 0 -0.0612919 0 0
4500000 3.48727 3.49839 0 0.00781544 0 0
4510000 3.42946 3.49251 0 -0.0568145 0 0
4520000 3.46339 3.5949 0 -0.0337174 0 0
4530000 3.34602 3.56048 0 0.0557129 0 0
4540000 3.42655 3.5008 0 0.0854808 0 0
4550000 3.44212 3.48506 0 0.064801 0 0
4560000 3.46246 3.52035 0 0.100364 0 0
4570000 3.45458 3.47718 0 0.0642913 0 0
4580000 3.3738 3.5556 0 0.0882188 0 0
4590000 3.45022 3.44797 0 0.149122 0 0
4600000 3.4376 3.54647 0 0.106755 0 0
4610000 3.37071 3.59408 0 0.102881 0 0
4620000 3.42198 3.56872 0 0.225512 0 0
4630000 3.36179 3.5964 0 0.14526 0 0
4640000 3.44443 3.50256 0 0.185824 0 0
4650000 3.45244 3.51288 0 0.170909 0 0
4660000 3.35298 3.58387 0 0.181468 0 0
4670000 3.46258 3.53772 0 0.221671 0 0
4680000 3.38266 3.5753 0 0.182073 0 0
4690000 3.41127 3.49084 0 0.242226 0 0
4700000 3.41431 3.54028 0 0.220428 0 0
4710000 3.42525 3.45721 0 0.193159 0 0
4720000 3.43168 3.53488 0 0.222436 0 0
4730000 3.46259 3.46509 0 0.183895 0 0
4740000 3.46641 3.52784 0 0.226211 0 0
4750000 3.44227 3.51635 0 0.217038 0 0
4760000 3.39562 3.56959 0 0.201641 0 0
4770000 3.44939 3.49004 0 0.183058 0 0
4780000 3.46943 3.51313 0 0.228253 0 0
4790000 3.47658 3.51819 0 0.202099 0 0
4800000 3.45956 3.47652 0 0.19556 0 0
4810000 3.43117 3.54742 0 0.184164 0 0
4820000 3.41698 3.49129 0 0.211989 0 0
4830000 3.43807 3.59721 0 0.12848 0 0
4840000 3.48948 3.48654 0 0.179291 0 0
4850000 3.43554 3.54035 0 0.102466 0 0
4860000 3.46061 3.49474 0 0.129489 0 0
4870000 3.4269 3.55399 0 0.165047 0 0
4880000 3.50009 3.48156 0 0.141141 0 0
4890000 3.47679 3.51072 0 0.1593 0 0
4900000 3.38906 3.46656 0 0.113081 0 0
4910000 3.4764 3.49588 0 0.0717753 0 0
4920000 3.43025 3.52317 0 0.135569 0 0
4930000 3.42821 3.50426 0 0.0785242 0 0
4940000 3.43388 3.51352 0 0.0169854 0 0
4950000 3.46835 3.54083 0 0.0655344 0 0
4960000 3.47492 3.5311 0 0.0836712 0 0
4970000 3.41429 3.47416 0 -0.00661247 0 0
4980000 3.44086 3.51437 0 -0.0637961 0 0
4990000 3.45682 3.43592 0 0.0280543 0 0
5000000 3.41219 3.54931 0 -0.0492277 0 0
