# Time-averaged data for fix ps1
# TimeStep c_thermo_press[1] c_thermo_press[2] c_thermo_press[3] c_thermo_press[4] c_thermo_press[5] c_thermo_press[6]
0 2.48352 2.54752 0 -0.0499144 0 0
10000 2.60377 2.61906 0 -0.0733963 0 0
20000 2.5642 2.59653 0 -0.0837434 0 0
30000 2.55271 2.64142 0 -0.106609 0 0
40000 2.58732 2.61626 0 -0.10499 0 0
50000 2.53945 2.65812 0 -0.0990112 0 0
60000 2.56309 2.61711 0 -0.126982 0 0
70000 2.58825 2.59579 0 -0.142179 0 0
80000 2.59284 2.59032 0 -0.190649 0 0
90000 2.57183 2.63388 0 -0.189135 0 0
100000 2.57024 2.62186 0 -0.207936 0 0
110000 2.60304 2.5846 0 -0.227786 0 0
120000 2.58649 2.61552 0 -0.203078 0 0
130000 2.57716 2.63006 0 -0.165638 0 0
140000 2.57431 2.64393 0 -0.230766 0 0
150000 2.56408 2.61984 0 -0.249412 0 0
160000 2.56821 2.63792 0 -0.2973 0 0
170000 2.57243 2.64774 0 -0.247458 0 0
180000 2.60403 2.62017 0 -0.262439 0 0
190000 2.58465 2.62211 0 -0.279747 0 0
200000 2.56928 2.64853 0 -0.280904 0 0
210000 2.60112 2.64284 0 -0.281526 0 0
220000 2.57154 2.64818 0 -0.294797 0 0
230000 2.61287 2.63428 0 -0.302148 0 0
240000 2.58967 2.64011 0 -0.277957 0 0
250000 2.59315 2.63419 0 -0.29767 0 0
260000 2.59143 2.63609 0 -0.2978 0 0
270000 2.54892 2.65015 0 -0.279701 0 0
280000 2.60187 2.62782 0 -0.276914 0 0
290000 2.53958 2.66831 0 -0.282393 0 0
300000 2.58611 2.64407 0 -0.252833 0 0
310000 2.55854 2.66986 0 -0.258056 0 0
320000 2.58779 2.59955 0 -0.269761 0 0
330000 2.59262 2.63604 0 -0.254282 0 0
340000 2.5831 2.64314 0 -0.294105 0 0
350000 2.55977 2.66776 0 -0.243168 0 0
360000 2.59352 2.60162 0 -0.233146 0 0
370000 2.56223 2.63823 0 -0.201722 0 0
380000 2.60146 2.61436 0 -0.20703 0 0
390000 2.57388 2.64467 0 -0.226703 0 0
400000 2.56224 2.62079 0 -0.190289 0 0
410000 2.56849 2.62921 0 -0.175371 0 0
420000 2.53473 2.6699 0 -0.189898 0 0
430000 2.57633 2.6322 0 -0.126467 0 0
440000 2.56823 2.62043 0 -0.110346 0 0
450000 2.58413 2.62269 0 -0.114545 0 0
460000 2.56688 2.61377 0 -0.109419 0 0
470000 2.56135 2.60295 0 -0.0938125 0 0
480000 2.54751 2.63103 0 -0.0630607 0 0
490000 2.56648 2.61555 0 -0.0429252 0 0
500000 2.54625 2.65202 0 0.012401 0 0
510000 2.57874 2.61322 0 -0.0174636 0 0
520000 2.55282 2.60273 0 -0.0213516 0 0
530000 2.56375 2.61222 0 -0.0039336 0 0
540000 2.56937 2.63968 0 0.0295771 0 0
550000 2.57874 2.61003 0 0.0646495 0 0
560000 2.53265 2.62474 0 0.0541936 0 0
570000 2.52118 2.64286 0 0.0520459 0 0
580000 2.5167 2.63991 0 0.0985264 0 0
590000 2.52846 2.63208 0 0.111038 0 0
600000 2.52592 2.6541 0 0.130835 0 0
610000 2.56429 2.64661 0 0.103813 0 0
620000 2.54056 2.63734 0 0.183124 0 0
630000 2.515 2.67121 0 0.15691 0 0
640000 2.55978 2.60688 0 0.112372 0 0
650000 2.52896 2.67559 0 0.220345 0 0
660000 2.55427 2.65611 0 0.20816 0 0
670000 2.51813 2.65121 0 0.187677 0 0
680000 2.5661 2.62361 0 0.180723 0 0
690000 2.54702 2.65271 0 0.212809 0 0
700000 2.56181 2.64211 0 0.188901 0 0
710000 2.56734 2.63386 0 0.19737 0 0
720000 2.49126 2.67824 0 0.211189 0 0
730000 2.55927 2.63413 0 0.216004 0 0
740000 2.55714 2.63639 0 0.216928 0 0
750000 2.54365 2.65027 0 0.195165 0 0
760000 2.5641 2.61935 0 0.200327 0 0
770000 2.54447 2.64217 0 0.209891 0 0
780000 2.54267 2.65896 0 0.20323 0 0
790000 2.58258 2.61358 0 0.229096 0 0
800000 2.57569 2.62492 0 0.189441 0 0
810000 2.59443 2.65295 0 0.190243 0 0
820000 2.5562 2.65478 0 0.176363 0 0
830000 2.5464 2.63485 0 0.181212 0 0
840000 2.56511 2.65162 0 0.158448 0 0
850000 2.54049 2.65309 0 0.158563 0 0
860000 2.52072 2.67317 0 0.137501 0 0
870000 2.55805 2.67911 0 0.115423 0 0
880000 2.51086 2.66801 0 0.119585 0 0
890000 2.57036 2.64161 0 0.107544 0 0
900000 2.58454 2.61352 0 0.0992573 0 0
910000 2.5441 2.64097 0 0.0800643 0 0
920000 2.52372 2.66194 0 0.0649457 0 0
930000 2.55796 2.63492 0 0.0129815 0 0
940000 2.52879 2.65712 0 0.0329591 0 0
950000 2.53947 2.65369 0 0.0240469 0 0
960000 2.52715 2.63457 0 0.0141206 0 0
970000 2.54239 2.64159 0 -0.0232227 0 0
980000 2.58452 2.59964 0 -0.00757798 0 0
990000 2.53889 2.63972 0 -0.0265638 0 0
1000000 2.54205 2.62143 0 -0.0132092 0 0
1010000 2.54772 2.61884 0 -0.081296 0 0
1020000 2.5642 2.58375 0 -0.107549 0 0
1030000 2.56559 2.62498 0 -0.0800729 0 0
1040000 2.57143 2.63314 0 -0.110097 0 0
1050000 2.55073 2.62984 0 -0.123996 0 0
1060000 2.53337 2.62044 0 -0.137615 0 0
1070000 2.59003 2.62164 0 -0.157341 0 0
1080000 2.57252 2.60078 0 -0.166401 0 0
1090000 2.5569 2.66122 0 -0.1748 0 0
1100000 2.58692 2.58706 0 -0.172397 0 0
1110000 2.56346 2.64802 0 -0.194325 0 0
1120000 2.56557 2.64017 0 -0.211624 0 0
1130000 2.58144 2.61175 0 -0.217075 0 0
1140000 2.57302 2.62281 0 -0.261004 0 0
1150000 2.61012 2.59342 0 -0.213054 0 0
1160000 2.55086 2.64947 0 -0.216723 0 0
1170000 2.59208 2.65402 0 -0.221656 0 0
1180000 2.55645 2.63498 0 -0.231166 0 0
1190000 2.58461 2.62483 0 -0.309819 0 0
1200000 2.57745 2.6293 0 -0.29013 0 0
1210000 2.58556 2.62658 0 -0.293939 0 0
1220000 2.59275 2.62839 0 -0.321937 0 0
1230000 2.54309 2.66954 0 -0.300108 0 0
1240000 2.61175 2.6199 0 -0.283728 0 0
1250000 2.56613 2.64886 0 -0.298803 0 0
1260000 2.60534 2.63313 0 -0.275465 0 0
1270000 2.61667 2.62351 0 -0.313492 0 0
1280000 2.60049 2.63566 0 -0.28522 0 0
1290000 2.59347 2.63836 0 -0.279076 0 0
1300000 2.59789 2.61878 0 -0.278703 0 0
1310000 2.56315 2.6439 0 -0.268382 0 0
1320000 2.55143 2.63762 0 -0.278723 0 0
1330000 2.54928 2.66987 0 -0.226212 0 0
1340000 2.57422 2.64482 0 -0.268497 0 0
1350000 2.55351 2.64728 0 -0.25528 0 0
1360000 2.57315 2.61009 0 -0.246406 0 0
1370000 2.58087 2.61069 0 -0.205427 0 0
1380000 2.57341 2.61741 0 -0.220143 0 0
1390000 2.5653 2.60519 0 -0.229369 0 0
1400000 2.57295 2.60165 0 -0.192991 0 0
1410000 2.60306 2.58278 0 -0.204695 0 0
1420000 2.55723 2.63901 0 -0.161213 0 0
1430000 2.55931 2.64638 0 -0.128822 0 0
1440000 2.53427 2.65339 0 -0.132516 0 0
1450000 2.5583 2.63097 0 -0.0922283 0 0
1460000 2.53858 2.65734 0 -0.113852 0 0
1470000 2.56852 2.61827 0 -0.0847327 0 0
1480000 2.56728 2.62249 0 -0.0692174 0 0
1490000 2.54524 2.60159 0 -0.0666031 0 0
1500000 2.55267 2.63304 0 -0.021254 0 0
1510000 2.57437 2.59578 0 -0.0256459 0 0
1520000 2.52428 2.67924 0 0.00137401 0 0
1530000 2.50962 2.68062 0 -0.00926465 0 0
1540000 2.53034 2.63992 0 0.0322572 0 0
1550000 2.54321 2.65481 0 0.0275005 0 0
1560000 2.57924 2.62456 0 0.043944 0 0
1570000 2.51992 2.64638 0 0.0675262 0 0
1580000 2.6033 2.62377 0 0.107379 0 0
1590000 2.53536 2.63638 0 0.102978 0 0
1600000 2.57794 2.64194 0 0.0992215 0 0
1610000 2.56471 2.62733 0 0.14726 0 0
1620000 2.53949 2.66556 0 0.121973 0 0
1630000 2.5613 2.62359 0 0.17215 0 0
1640000 2.52382 2.67753 0 0.145123 0 0
1650000 2.53507 2.6455 0 0.164464 0 0
1660000 2.56724 2.62912 0 0.188303 0 0
1670000 2.56684 2.65921 0 0.224423 0 0
1680000 2.57941 2.63945 0 0.221574 0 0
1690000 2.56037 2.6316 0 0.191134 0 0
1700000 2.56333 2.66403 0 0.202961 0 0
1710000 2.54015 2.65384 0 0.192993 0 0
1720000 2.54681 2.63959 0 0.232391 0 0
1730000 2.55562 2.65992 0 0.225171 0 0
1740000 2.55703 2.68597 0 0.222234 0 0
1750000 2.54654 2.66393 0 0.228011 0 0
1760000 2.52623 2.66375 0 0.222991 0 0
1770000 2.57193 2.62877 0 0.211274 0 0
1780000 2.55971 2.65507 0 0.233842 0 0
1790000 2.52305 2.65843 0 0.191273 0 0
1800000 2.54679 2.64627 0 0.198453 0 0
1810000 2.57929 2.67207 0 0.184882 0 0
1820000 2.58627 2.64111 0 0.17028 0 0
1830000 2.50861 2.65777 0 0.207376 0 0
1840000 2.55012 2.65559 0 0.18025 0 0
1850000 2.55935 2.64776 0 0.14776 0 0
1860000 2.57433 2.62455 0 0.144124 0 0
1870000 2.55223 2.65345 0 0.138756 0 0
1880000 2.56922 2.62804 0 0.110788 0 0
1890000 2.55346 2.62056 0 0.118749 0 0
1900000 2.55021 2.64064 0 0.10093 0 0
1910000 2.52199 2.65236 0 0.0853621 0 0
1920000 2.55492 2.62322 0 0.0784035 0 0
1930000 2.5585 2.6149 0 0.0703806 0 0
1940000 2.53026 2.64845 0 0.061398 0 0
1950000 2.54786 2.65377 0 0.0354041 0 0
1960000 2.55286 2.61006 0 0.0208608 0 0
1970000 2.56354 2.61641 0 -0.00380443 0 0
1980000 2.54786 2.6413 0 -0.0396161 0 0
1990000 2.55898 2.59499 0 -0.0626768 0 0
2000000 2.5559 2.61219 0 -0.0642042 0 0
2010000 2.53761 2.62845 0 -0.084171 0 0
2020000 2.60003 2.60059 0 -0.0675029 0 0
2030000 2.55395 2.61419 0 -0.0812172 0 0
2040000 2.5576 2.6297 0 -0.0781639 0 0
2050000 2.5721 2.64675 0 -0.162766 0 0
2060000 2.58334 2.61306 0 -0.154335 0 0
2070000 2.52205 2.6908 0 -0.132147 0 0
2080000 2.54055 2.65316 0 -0.151565 0 0
2090000 2.57363 2.61458 0 -0.180797 0 0
2100000 2.59661 2.6165 0 -0.22365 0 0
2110000 2.58536 2.64117 0 -0.193676 0 0
2120000 2.57736 2.6116 0 -0.202704 0 0
2130000 2.60185 2.59168 0 -0.247174 0 0
2140000 2.57893 2.65398 0 -0.250338 0 0
2150000 2.58221 2.6493 0 -0.242158 0 0
2160000 2.57935 2.6138 0 -0.266593 0 0
2170000 2.59463 2.62928 0 -0.249157 0 0
2180000 2.59294 2.65785 0 -0.300032 0 0
2190000 2.58474 2.64125 0 -0.295417 0 0
2200000 2.57663 2.64927 0 -0.303579 0 0
2210000 2.60309 2.62456 0 -0.265945 0 0
2220000 2.5723 2.64804 0 -0.298911 0 0
2230000 2.60371 2.62274 0 -0.251411 0 0
2240000 2.57994 2.65347 0 -0.30918 0 0
2250000 2.60738 2.64451 0 -0.31202 0 0
2260000 2.58042 2.65634 0 -0.303529 0 0
2270000 2.55756 2.6699 0 -0.311554 0 0
2280000 2.5762 2.64056 0 -0.306965 0 0
2290000 2.60238 2.62031 0 -0.272381 0 0
2300000 2.58557 2.64704 0 -0.277519 0 0
2310000 2.56601 2.65004 0 -0.279356 0 0
2320000 2.59442 2.60054 0 -0.284778 0 0
2330000 2.60753 2.59802 0 -0.239644 0 0
2340000 2.60034 2.60683 0 -0.219314 0 0
2350000 2.56136 2.61197 0 -0.216696 0 0
2360000 2.56076 2.64569 0 -0.241696 0 0
2370000 2.5759 2.66637 0 -0.189512 0 0
2380000 2.55184 2.61868 0 -0.201151 0 0
2390000 2.59926 2.60971 0 -0.159392 0 0
2400000 2.59241 2.61921 0 -0.206664 0 0
2410000 2.56659 2.61151 0 -0.194019 0 0
2420000 2.55939 2.61051 0 -0.157805 0 0
2430000 2.54286 2.65758 0 -0.170578 0 0
2440000 2.5658 2.6169 0 -0.155567 0 0
2450000 2.54749 2.60292 0 -0.129015 0 0
2460000 2.53699 2.6279 0 -0.132366 0 0
2470000 2.60225 2.58819 0 -0.0968412 0 0
2480000 2.57015 2.58278 0 -0.103054 0 0
2490000 2.55277 2.64336 0 -0.0545717 0 0
2500000 2.55095 2.63255 0 -0.0459035 0 0
2510000 2.54557 2.64695 0 -0.0608313 0 0
2520000 2.55995 2.64285 0 -0.0197235 0 0
2530000 2.53679 2.6659 0 -0.0407143 0 0
2540000 2.55067 2.61523 0 -0.00298876 0 0
2550000 2.55109 2.62743 0 0.0219978 0 0
2560000 2.52318 2.64846 0 0.0684376 0 0
2570000 2.54319 2.60046 0 0.0453905 0 0
2580000 2.5433 2.64836 0 0.0865487 0 0
2590000 2.53131 2.65318 0 0.085647 0 0
2600000 2.52801 2.64721 0 0.113627 0 0
2610000 2.55265 2.63797 0 0.115037 0 0
2620000 2.56032 2.69655 0 0.148444 0 0
2630000 2.55689 2.65115 0 0.153666 0 0
2640000 2.51452 2.66919 0 0.150531 0 0
2650000 2.56185 2.63376 0 0.132673 0 0
2660000 2.53586 2.64732 0 0.152077 0 0
2670000 2.56039 2.64888 0 0.169513 0 0
2680000 2.54852 2.63988 0 0.194058 0 0
2690000 2.54286 2.67694 0 0.166175 0 0
2700000 2.55786 2.60937 0 0.233364 0 0
2710000 2.54196 2.66186 0 0.183455 0 0
2720000 2.57556 2.64973 0 0.197321 0 0
2730000 2.5644 2.64318 0 0.191107 0 0
2740000 2.57507 2.61591 0 0.208874 0 0
2750000 2.54638 2.65021 0 0.227308 0 0
2760000 2.56229 2.64663 0 0.230654 0 0
2770000 2.53958 2.66075 0 0.207299 0 0
2780000 2.52208 2.65996 0 0.195305 0 0
2790000 2.5425 2.64297 0 0.199682 0 0
2800000 2.5632 2.65084 0 0.219862 0 0
2810000 2.56868 2.62004 0 0.173485 0 0
2820000 2.5479 2.62364 0 0.197864 0 0
2830000 2.53236 2.655 0 0.140391 0 0
2840000 2.58461 2.6396 0 0.169919 0 0
2850000 2.5504 2.65926 0 0.192661 0 0
2860000 2.56228 2.64444 0 0.159727 0 0
2870000 2.54699 2.65029 0 0.123953 0 0
2880000 2.54381 2.618 0 0.168219 0 0
2890000 2.59246 2.61444 0 0.115594 0 0
2900000 2.56859 2.61692 0 0.123652 0 0
2910000 2.52995 2.66599 0 0.0766617 0 0
2920000 2.53126 2.64856 0 0.0495226 0 0
2930000 2.53307 2.67206 0 0.0608339 0 0
2940000 2.54979 2.62197 0 0.0444093 0 0
2950000 2.54399 2.62397 0 0.020303 0 0
2960000 2.5647 2.63549 0 0.00586599 0 0
2970000 2.59754 2.62358 0 -0.042058 0 0
2980000 2.53681 2.61869 0 -0.0156513 0 0
2990000 2.56147 2.60148 0 -0.0180346 0 0
3000000 2.57144 2.61842 0 -0.0753865 0 0
3010000 2.55097 2.63761 0 -0.0792691 0 0
3020000 2.55988 2.62928 0 -0.0844254 0 0
3030000 2.58578 2.59583 0 -0.102985 0 0
3040000 2.56368 2.62088 0 -0.123379 0 0
3050000 2.52852 2.63822 0 -0.0963921 0 0
3060000 2.60979 2.57655 0 -0.171861 0 0
3070000 2.54182 2.64008 0 -0.182712 0 0
3080000 2.58016 2.61762 0 -0.184493 0 0
3090000 2.56986 2.63041 0 -0.201604 0 0
3100000 2.57105 2.63335 0 -0.176157 0 0
3110000 2.57204 2.6398 0 -0.176805 0 0
3120000 2.61558 2.61783 0 -0.230439 0 0
3130000 2.56549 2.63333 0 -0.2317 0 0
3140000 2.59782 2.60653 0 -0.249443 0 0
3150000 2.61855 2.60702 0 -0.261604 0 0
3160000 2.52861 2.67028 0 -0.27362 0 0
3170000 2.55192 2.63481 0 -0.268505 0 0
3180000 2.58802 2.62646 0 -0.24731 0 0
3190000 2.57174 2.62848 0 -0.264282 0 0
3200000 2.57892 2.66197 0 -0.26993 0 0
3210000 2.62316 2.57024 0 -0.293907 0 0
3220000 2.59844 2.64913 0 -0.290161 0 0
3230000 2.62205 2.60807 0 -0.295467 0 0
3240000 2.57241 2.62269 0 -0.302388 0 0
3250000 2.57671 2.66888 0 -0.293886 0 0
3260000 2.61784 2.65049 0 -0.298016 0 0
3270000 2.59479 2.65531 0 -0.28167 0 0
3280000 2.61222 2.65038 0 -0.312849 0 0
3290000 2.64287 2.57999 0 -0.314212 0 0
3300000 2.62847 2.61191 0 -0.312918 0 0
3310000 2.60231 2.62617 0 -0.284458 0 0
3320000 2.60438 2.61993 0 -0.250495 0 0
3330000 2.58953 2.63291 0 -0.294711 0 0
3340000 2.56909 2.65613 0 -0.259394 0 0
3350000 2.61497 2.59988 0 -0.24765 0 0
3360000 2.5347 2.65986 0 -0.238207 0 0
3370000 2.61478 2.59479 0 -0.212593 0 0
3380000 2.5872 2.62807 0 -0.216408 0 0
3390000 2.51412 2.66664 0 -0.185113 0 0
3400000 2.57961 2.61584 0 -0.189563 0 0
3410000 2.53082 2.65639 0 -0.15903 0 0
3420000 2.60575 2.56805 0 -0.155205 0 0
3430000 2.59501 2.64391 0 -0.160216 0 0
3440000 2.57031 2.63542 0 -0.117941 0 0
3450000 2.57204 2.6508 0 -0.157633 0 0
3460000 2.55856 2.63685 0 -0.0889401 0 0
3470000 2.54044 2.63953 0 -0.105135 0 0
3480000 2.55911 2.62137 0 -0.0407982 0 0
3490000 2.5327 2.62751 0 -0.044335 0 0
3500000 2.54864 2.6195 0 -0.0408725 0 0
3510000 2.54714 2.63963 0 -0.0514428 0 0
3520000 2.55738 2.6172 0 -0.00456189 0 0
3530000 2.55923 2.62908 0 0.008971 0 0
3540000 2.54175 2.66919 0 0.0667907 0 0
3550000 2.56293 2.65258 0 0.0227371 0 0
3560000 2.57754 2.59122 0 0.0628562 0 0
3570000 2.5672 2.62827 0 0.0738794 0 0
3580000 2.55385 2.6658 0 0.0719631 0 0
3590000 2.5349 2.6432 0 0.124508 0 0
3600000 2.55177 2.64452 0 0.13259 0 0
3610000 2.54212 2.62188 0 0.107901 0 0
3620000 2.53496 2.64853 0 0.125149 0 0
3630000 2.52778 2.65463 0 0.151596 0 0
3640000 2.54551 2.61687 0 0.166403 0 0
3650000 2.52964 2.63838 0 0.132147 0 0
3660000 2.56117 2.65939 0 0.171771 0 0
3670000 2.53956 2.64327 0 0.169777 0 0
3680000 2.53215 2.6754 0 0.192898 0 0
3690000 2.53562 2.65352 0 0.216676 0 0
3700000 2.54941 2.6573 0 0.191415 0 0
3710000 2.54463 2.63623 0 0.206706 0 0
3720000 2.52505 2.67365 0 0.231851 0 0
3730000 2.56762 2.64787 0 0.186383 0 0
3740000 2.51698 2.6519 0 0.198823 0 0
3750000 2.59171 2.60796 0 0.214493 0 0
3760000 2.50575 2.70662 0 0.216531 0 0
3770000 2.53197 2.66497 0 0.243072 0 0
3780000 2.56163 2.64489 0 0.203861 0 0
3790000 2.54676 2.63055 0 0.228692 0 0
3800000 2.55752 2.62103 0 0.21294 0 0
3810000 2.573 2.61452 0 0.211345 0 0
3820000 2.53576 2.64756 0 0.182794 0 0
3830000 2.57595 2.62055 0 0.211589 0 0
3840000 2.54549 2.6686 0 0.184276 0 0
3850000 2.54122 2.65905 0 0.164256 0 0
3860000 2.52263 2.64922 0 0.152405 0 0
3870000 2.55644 2.66906 0 0.171094 0 0
3880000 2.56777 2.61809 0 0.106325 0 0
3890000 2.51223 2.68625 0 0.146129 0 0
3900000 2.54347 2.62478 0 0.120212 0 0
3910000 2.55033 2.63634 0 0.124126 0 0
3920000 2.57497 2.62842 0 0.0891869 0 0
3930000 2.52924 2.65339 0 0.0541782 0 0
3940000 2.56637 2.63417 0 0.0112408 0 0
3950000 2.54611 2.6332 0 0.0574617 0 0
3960000 2.57384 2.59836 0 0.00188641 0 0
3970000 2.52079 2.63391 0 0.00742349 0 0
3980000 2.57437 2.59514 0 -0.0118639 0 0
3990000 2.52236 2.65123 0 -0.0316393 0 0
4000000 2.59202 2.57242 0 -0.0481866 0 0
4010000 2.54462 2.64368 0 -0.0969959 0 0
4020000 2.5614 2.63038 0 -0.0622355 0 0
4030000 2.5753 2.61444 0 -0.073433 0 0
4040000 2.50894 2.66377 0 -0.0959737 0 0
4050000 2.57051 2.60583 0 -0.134147 0 0
4060000 2.58072 2.59301 0 -0.134187 0 0
4070000 2.57906 2.62946 0 -0.158865 0 0
4080000 2.56488 2.62114 0 -0.182519 0 0
4090000 2.58782 2.61752 0 -0.171639 0 0
4100000 2.5754 2.61797 0 -0.163302 0 0
4110000 2.58824 2.63038 0 -0.217992 0 0
4120000 2.58548 2.61507 0 -0.213449 0 0
4130000 2.56685 2.62327 0 -0.200397 0 0
4140000 2.59114 2.62203 0 -0.232402 0 0
4150000 2.51896 2.66364 0 -0.234415 0 0
4160000 2.57763 2.61783 0 -0.251688 0 0
4170000 2.56282 2.62941 0 -0.251681 0 0
4180000 2.55504 2.6344 0 -0.262703 0 0
4190000 2.57181 2.62644 0 -0.243743 0 0
4200000 2.58513 2.64369 0 -0.263254 0 0
4210000 2.57254 2.62195 0 -0.286579 0 0
4220000 2.56433 2.66221 0 -0.263105 0 0
4230000 2.61892 2.61787 0 -0.265401 0 0
4240000 2.53902 2.62547 0 -0.294795 0 0
4250000 2.5905 2.62888 0 -0.260718 0 0
4260000 2.57133 2.64574 0 -0.275809 0 0
4270000 2.59669 2.61347 0 -0.303217 0 0
4280000 2.56507 2.64805 0 -0.279343 0 0
4290000 2.60029 2.63378 0 -0.308012 0 0
4300000 2.5946 2.63865 0 -0.304041 0 0
4310000 2.58864 2.64345 0 -0.288134 0 0
4320000 2.59204 2.62306 0 -0.25053 0 0
4330000 2.58741 2.58879 0 -0.273264 0 0
4340000 2.6039 2.58795 0 -0.238447 0 0
4350000 2.58982 2.63256 0 -0.242162 0 0
4360000 2.6071 2.643 0 -0.22024 0 0
4370000 2.58073 2.61397 0 -0.19131 0 0
4380000 2.5994 2.6048 0 -0.217027 0 0
4390000 2.60337 2.62092 0 -0.207885 0 0
4400000 2.54711 2.64351 0 -0.175244 0 0
4410000 2.56399 2.63577 0 -0.163979 0 0
4420000 2.55043 2.62596 0 -0.179691 0 0
4430000 2.54604 2.69148 0 -0.110323 0 0
4440000 2.55327 2.65251 0 -0.146915 0 0
4450000 2.5736 2.65459 0 -0.128455 0 0
4460000 2.5695 2.61265 0 -0.094069 0 0
4470000 2.57577 2.61725 0 -0.0937999 0 0
4480000 2.55316 2.6399 0 -0.0815788 0 0
4490000 2.58204 2.62346 0 -0.0644725 0 0
4500000 2.54332 2.62712 0 -0.0785688 0 0
4510000 2.5672 2.57759 0 -0.0619344 0 0
4520000 2.54117 2.61785 0 -0.0153479 0 0
4530000 2.57124 2.65686 0 -0.0243648 0 0
4540000 2.55814 2.63512 0 0.0709753 0 0
4550000 2.56839 2.64501 0 0.012298 0 0
4560000 2.5632 2.63067 0 0.0512133 0 0
4570000 2.60267 2.5978 0 0.0196333 0 0
4580000 2.53412 2.62848 0 0.0560112 0 0
4590000 2.5295 2.65396 0 0.127038 0 0
4600000 2.54806 2.61525 0 0.141795 0 0
4610000 2.55217 2.65165 0 0.0979442 0 0
4620000 2.52554 2.66102 0 0.16988 0 0
4630000 2.5813 2.63394 0 0.133753 0 0
4640000 2.55847 2.64914 0 0.133681 0 0
4650000 2.504 2.67031 0 0.127576 0 0
4660000 2.56819 2.63312 0 0.175475 0 0
4670000 2.51879 2.64742 0 0.196143 0 0
4680000 2.50909 2.67622 0 0.197759 0 0
4690000 2.55559 2.67007 0 0.211611 0 0
4700000 2.54824 2.65134 0 0.205209 0 0
4710000 2.58573 2.65821 0 0.193814 0 0
4720000 2.55446 2.63825 0 0.204166 0 0
4730000 2.58635 2.62655 0 0.195587 0 0
4740000 2.5523 2.65047 0 0.203978 0 0
4750000 2.52399 2.69497 0 0.208074 0 0
4760000 2.57807 2.65105 0 0.235186 0 0
4770000 2.57487 2.63376 0 0.180446 0 0
4780000 2.56921 2.63535 0 0.208624 0 0
4790000 2.51787 2.6599 0 0.191038 0 0
4800000 2.53371 2.65823 0 0.17753 0 0
4810000 2.52988 2.64421 0 0.158193 0 0
4820000 2.54765 2.65392 0 0.18262 0 0
4830000 2.54644 2.62532 0 0.20313 0 0
4840000 2.57779 2.6234 0 0.175999 0 0
4850000 2.57907 2.62869 0 0.167826 0 0
4860000 2.53704 2.65133 0 0.143592 0 0
4870000 2.54699 2.62477 0 0.137348 0 0
4880000 2.55184 2.62135 0 0.123347 0 0
4890000 2.56227 2.63049 0 0.129779 0 0
4900000 2.56435 2.64922 0 0.0679877 0 0
4910000 2.55842 2.60888 0 0.0810027 0 0
4920000 2.56688 2.64213 0 0.0875824 0 0
4930000 2.56169 2.63771 0 0.0282265 0 0
4940000 2.5352 2.64896 0 0.0217333 0 0
4950000 2.53879 2.63475 0 -0.00211639 0 0
4960000 2.52757 2.60452 0 0.0226145 0 0
4970000 2.54541 2.63957 0 -0.0159723 0 0
4980000 2.54499 2.64573 0 -0.0112152 0 0
4990000 2.55035 2.63401 0 -0.0406591 0 0
5000000 2.55605 2.65311 0 -0.0609308 0 0
