# Time-averaged data for fix ps1
# TimeStep c_thermo_press[1] c_thermo_press[2] c_thermo_press[3] c_thermo_press[4] c_thermo_press[5] c_thermo_press[6]
0 2.08543 2.17683 0 -0.0481918 0 0
10000 2.09144 2.21088 0 -0.0655964 0 0
20000 2.0958 2.20651 0 -0.0789244 0 0
30000 2.10474 2.20081 0 -0.0896076 0 0
40000 2.10204 2.19471 0 -0.0891517 0 0
50000 2.12138 2.17875 0 -0.134082 0 0
60000 2.10354 2.19686 0 -0.146152 0 0
70000 2.1285 2.17581 0 -0.154047 0 0
80000 2.1074 2.19865 0 -0.18852 0 0
90000 2.12774 2.18404 0 -0.180729 0 0
100000 2.10817 2.19419 0 -0.213271 0 0
110000 2.1361 2.1746 0 -0.193501 0 0
120000 2.15135 2.17356 0 -0.219992 0 0
130000 2.13111 2.18546 0 -0.213914 0 0
140000 2.13084 2.18668 0 -0.240846 0 0
150000 2.12901 2.19102 0 -0.257416 0 0
160000 2.14424 2.18694 0 -0.258936 0 0
170000 2.13777 2.18856 0 -0.247992 0 0
180000 2.14297 2.1943 0 -0.268912 0 0
190000 2.13362 2.2076 0 -0.261085 0 0
200000 2.15445 2.18959 0 -0.27753 0 0
210000 2.14902 2.19487 0 -0.261149 0 0
220000 2.14219 2.1971 0 -0.274831 0 0
230000 2.13725 2.20474 0 -0.275839 0 0
240000 2.12615 2.19523 0 -0.289053 0 0
250000 2.14115 2.19187 0 -0.299081 0 0
260000 2.13367 2.19839 0 -0.286914 0 0
270000 2.13637 2.1921 0 -0.288992 0 0
280000 2.15419 2.19717 0 -0.272286 0 0
290000 2.1599 2.17808 0 -0.291349 0 0
300000 2.12343 2.21017 0 -0.281743 0 0
310000 2.15318 2.17258 0 -0.291073 0 0
320000 2.13584 2.19471 0 -0.29325 0 0
330000 2.12295 2.21139 0 -0.250392 0 0
340000 2.14419 2.18681 0 -0.256266 0 0
350000 2.14163 2.19081 0 -0.226007 0 0
360000 2.14003 2.162 0 -0.234595 0 0
370000 2.12896 2.19008 0 -0.240026 0 0
380000 2.11732 2.19456 0 -0.20494 0 0
390000 2.11379 2.19825 0 -0.188783 0 0
400000 2.12563 2.19242 0 -0.200675 0 0
410000 2.10319 2.18809 0 -0.182625 0 0
420000 2.12303 2.17975 0 -0.187586 0 0
430000 2.13467 2.18375 0 -0.142058 0 0
440000 2.11512 2.18166 0 -0.144872 0 0
450000 2.10322 2.20821 0 -0.112461 0 0
460000 2.11375 2.17946 0 -0.122048 0 0
470000 2.08448 2.21052 0 -0.0913673 0 0
480000 2.10674 2.18849 0 -0.0662215 0 0
490000 2.11992 2.18182 0 -0.04554 0 0
500000 2.10726 2.18537 0 -0.0401936 0 0
510000 2.10213 2.19123 0 -0.0254372 0 0
520000 2.10989 2.19506 0 0.000443692 0 0
530000 2.09273 2.20323 0 0.030836 0 0
540000 2.11284 2.20089 0 0.0380179 0 0
550000 2.10165 2.20526 0 0.0382724 0 0
560000 2.10999 2.19206 0 0.0630504 0 0
570000 2.11877 2.17493 0 0.085364 0 0
580000 2.10698 2.20513 0 0.0723682 0 0
590000 2.12884 2.17731 0 0.0950294 0 0
600000 2.09971 2.19706 0 0.0932252 0 0
610000 2.10771 2.20965 0 0.128529 0 0
620000 2.11694 2.19688 0 0.1534 0 0
630000 2.12193 2.18465 0 0.157807 0 0
640000 2.11981 2.20634 0 0.156487 0 0
650000 2.13414 2.18536 0 0.170264 0 0
660000 2.10298 2.21231 0 0.175834 0 0
670000 2.11393 2.21091 0 0.188666 0 0
680000 2.10974 2.20574 0 0.19847 0 0
690000 2.12549 2.20071 0 0.204165 0 0
700000 2.11178 2.2111 0 0.224825 0 0
710000 2.11753 2.20311 0 0.228768 0 0
720000 2.11857 2.21189 0 0.220809 0 0
730000 2.10876 2.2167 0 0.224565 0 0
740000 2.12324 2.20483 0 0.224802 0 0
750000 2.12266 2.21251 0 0.206854 0 0
760000 2.10893 2.22817 0 0.222623 0 0
770000 2.11692 2.20987 0 0.217471 0 0
780000 2.12425 2.19528 0 0.212938 0 0
790000 2.11038 2.20303 0 0.214094 0 0
800000 2.12435 2.20265 0 0.196899 0 0
810000 2.09302 2.22444 0 0.216494 0 0
820000 2.10346 2.21753 0 0.192089 0 0
830000 2.10474 2.21129 0 0.17185 0 0
840000 2.09072 2.22489 0 0.178975 0 0
850000 2.11474 2.19654 0 0.192441 0 0
860000 2.12445 2.18133 0 0.172088 0 0
870000 2.12486 2.18851 0 0.159172 0 0
880000 2.10367 2.2018 0 0.137434 0 0
890000 2.0884 2.20815 0 0.14476 0 0
900000 2.13252 2.18133 0 0.105558 0 0
910000 2.0896 2.19791 0 0.120915 0 0
920000 2.11084 2.19822 0 0.0877771 0 0
930000 2.10793 2.16343 0 0.0726623 0 0
940000 2.1056 2.19858 0 0.0742281 0 0
950000 2.09276 2.21241 0 0.0534395 0 0
960000 2.11273 2.18722 0 0.0272349 0 0
970000 2.1379 2.16287 0 0.013839 0 0
980000 2.11244 2.18455 0 -0.00413042 0 0
990000 2.10028 2.19556 0 -0.0122281 0 0
1000000 2.10065 2.19259 0 -0.0236039 0 0
1010000 2.11025 2.18467 0 -0.0452935 0 0
1020000 2.12681 2.15974 0 -0.0526109 0 0
1030000 2.10437 2.20525 0 -0.0725777 0 0
1040000 2.12663 2.18758 0 -0.092845 0 0
1050000 2.1244 2.19498 0 -0.118384 0 0
1060000 2.12179 2.18197 0 -0.129609 0 0
1070000 2.12005 2.17772 0 -0.139315 0 0
1080000 2.1327 2.18341 0 -0.153644 0 0
1090000 2.11682 2.19543 0 -0.18664 0 0
1100000 2.11923 2.2046 0 -0.190382 0 0
1110000 2.12549 2.18398 0 -0.195798 0 0
1120000 2.1467 2.18992 0 -0.210409 0 0
1130000 2.13537 2.18084 0 -0.23346 0 0
1140000 2.11924 2.20346 0 -0.236583 0 0
1150000 2.13303 2.19058 0 -0.248456 0 0
1160000 2.13841 2.19959 0 -0.255213 0 0
1170000 2.13746 2.18711 0 -0.269377 0 0
1180000 2.1379 2.20957 0 -0.244196 0 0
1190000 2.12691 2.19581 0 -0.281239 0 0
1200000 2.14918 2.20094 0 -0.288203 0 0
1210000 2.1363 2.18505 0 -0.267327 0 0
1220000 2.12937 2.20172 0 -0.293013 0 0
1230000 2.11904 2.21426 0 -0.297905 0 0
1240000 2.14357 2.19498 0 -0.296199 0 0
1250000 2.14139 2.19005 0 -0.293375 0 0
1260000 2.14368 2.19939 0 -0.312125 0 0
1270000 2.13943 2.19366 0 -0.293805 0 0
1280000 2.14549 2.19045 0 -0.285649 0 0
1290000 2.13927 2.19377 0 -0.284468 0 0
1300000 2.14816 2.17751 0 -0.275616 0 0
1310000 2.14708 2.19771 0 -0.278196 0 0
1320000 2.11527 2.2102 0 -0.273754 0 0
1330000 2.13428 2.20518 0 -0.269224 0 0
1340000 2.1481 2.17753 0 -0.241731 0 0
1350000 2.10704 2.19747 0 -0.253136 0 0
1360000 2.13505 2.19373 0 -0.227859 0 0
1370000 2.13603 2.19225 0 -0.225088 0 0
1380000 2.12705 2.18137 0 -0.222176 0 0
1390000 2.12776 2.18567 0 -0.217979 0 0
1400000 2.12428 2.19835 0 -0.186442 0 0
1410000 2.12678 2.18401 0 -0.179504 0 0
1420000 2.12414 2.1776 0 -0.156954 0 0
1430000 2.10856 2.19347 0 -0.150549 0 0
1440000 2.12575 2.18308 0 -0.124457 0 0
1450000 2.1212 2.1787 0 -0.126341 0 0
1460000 2.11623 2.17171 0 -0.124766 0 0
1470000 2.11921 2.17938 0 -0.071708 0 0
1480000 2.11125 2.18943 0 -0.0626023 0 0
1490000 2.12149 2.17879 0 -0.0505777 0 0
1500000 2.11062 2.1867 0 -0.0249801 0 0
1510000 2.1121 2.18393 0 -0.0224771 0 0
1520000 2.1139 2.17643 0 0.00951782 0 0
1530000 2.11014 2.18804 0 0.0278408 0 0
1540000 2.09611 2.19185 0 0.0494762 0 0
1550000 2.10252 2.19308 0 0.0331216 0 0
1560000 2.11377 2.20502 0 0.059604 0 0
1570000 2.12161 2.19053 0 0.0781698 0 0
1580000 2.11533 2.20076 0 0.110863 0 0
1590000 2.11221 2.19325 0 0.098895 0 0
1600000 2.10044 2.20644 0 0.123322 0 0
1610000 2.1002 2.20505 0 0.122433 0 0
1620000 2.13634 2.18289 0 0.127935 0 0
1630000 2.12383 2.1784 0 0.170352 0 0
1640000 2.10007 2.20913 0 0.159633 0 0
1650000 2.10386 2.20134 0 0.184432 0 0
1660000 2.10116 2.20018 0 0.212967 0 0
1670000 2.11758 2.20658 0 0.197871 0 0
1680000 2.11072 2.20938 0 0.204501 0 0
1690000 2.0928 2.22478 0 0.223483 0 0
1700000 2.10816 2.21163 0 0.199924 0 0
1710000 2.11085 2.20579 0 0.22344 0 0
1720000 2.10148 2.21652 0 0.213178 0 0
1730000 2.11517 2.2133 0 0.243413 0 0
1740000 2.11999 2.20762 0 0.230785 0 0
1750000 2.10854 2.22994 0 0.230182 0 0
1760000 2.12901 2.20182 0 0.232549 0 0
1770000 2.11682 2.21721 0 0.226863 0 0
1780000 2.12923 2.20105 0 0.221593 0 0
1790000 2.08934 2.22883 0 0.211714 0 0
1800000 2.11169 2.20574 0 0.217021 0 0
1810000 2.09481 2.22221 0 0.190765 0 0
1820000 2.09952 2.21984 0 0.216322 0 0
1830000 2.11742 2.19325 0 0.19429 0 0
1840000 2.14061 2.18085 0 0.185739 0 0
1850000 2.10937 2.19153 0 0.166009 0 0
1860000 2.10577 2.20353 0 0.146516 0 0
1870000 2.11832 2.20392 0 0.16122 0 0
1880000 2.12323 2.19383 0 0.12371 0 0
1890000 2.08964 2.21111 0 0.140724 0 0
1900000 2.09242 2.21217 0 0.125127 0 0
1910000 2.11167 2.1894 0 0.089415 0 0
1920000 2.10926 2.19594 0 0.0965452 0 0
1930000 2.10251 2.19115 0 0.0679423 0 0
1940000 2.10988 2.18761 0 0.0687039 0 0
1950000 2.10813 2.19244 0 0.0417409 0 0
1960000 2.09208 2.20008 0 0.0175205 0 0
1970000 2.11267 2.17997 0 -0.00480168 0 0
1980000 2.10487 2.20558 0 -0.0093187 0 0
1990000 2.11103 2.19071 0 -0.0165618 0 0
2000000 2.11454 2.19001 0 -0.0345227 0 0
2010000 2.11672 2.16815 0 -0.0704723 0 0
2020000 2.09902 2.1966 0 -0.0763248 0 0
2030000 2.11764 2.17115 0 -0.0665192 0 0
2040000 2.12868 2.18401 0 -0.110005 0 0
2050000 2.1275 2.18267 0 -0.117967 0 0
2060000 2.12186 2.1986 0 -0.128588 0 0
2070000 2.1247 2.18664 0 -0.148258 0 0
2080000 2.12615 2.17325 0 -0.152556 0 0
2090000 2.11852 2.19148 0 -0.18558 0 0
2100000 2.10909 2.19983 0 -0.182722 0 0
2110000 2.1276 2.1916 0 -0.195188 0 0
2120000 2.11737 2.20094 0 -0.219974 0 0
2130000 2.13264 2.18117 0 -0.235088 0 0
2140000 2.11971 2.20565 0 -0.240326 0 0
2150000 2.1464 2.18798 0 -0.251117 0 0
2160000 2.12416 2.2176 0 -0.255941 0 0
2170000 2.12873 2.19317 0 -0.264903 0 0
2180000 2.11605 2.2084 0 -0.27199 0 0
2190000 2.13658 2.1946 0 -0.284306 0 0
2200000 2.1357 2.18529 0 -0.294263 0 0
2210000 2.14354 2.19525 0 -0.278888 0 0
2220000 2.14703 2.19945 0 -0.28877 0 0
2230000 2.13606 2.21522 0 -0.281959 0 0
2240000 2.1336 2.20784 0 -0.287169 0 0
2250000 2.13955 2.19586 0 -0.279357 0 0
2260000 2.14151 2.20863 0 -0.295084 0 0
2270000 2.14018 2.19443 0 -0.289742 0 0
2280000 2.12571 2.21276 0 -0.272639 0 0
2290000 2.13312 2.20271 0 -0.283445 0 0
2300000 2.14089 2.19224 0 -0.290963 0 0
2310000 2.13726 2.20743 0 -0.263292 0 0
2320000 2.14438 2.18283 0 -0.262561 0 0
2330000 2.12831 2.19953 0 -0.263817 0 0
2340000 2.14339 2.18644 0 -0.236669 0 0
2350000 2.14268 2.18479 0 -0.235807 0 0
2360000 2.12851 2.19446 0 -0.227548 0 0
2370000 2.14471 2.17763 0 -0.215898 0 0
2380000 2.13259 2.18534 0 -0.210742 0 0
2390000 2.12256 2.18989 0 -0.191026 0 0
2400000 2.11773 2.19037 0 -0.200391 0 0
2410000 2.11573 2.19403 0 -0.192933 0 0
2420000 2.12176 2.17832 0 -0.155757 0 0
2430000 2.13963 2.16886 0 -0.145683 0 0
2440000 2.12593 2.18827 0 -0.13395 0 0
2450000 2.12671 2.18193 0 -0.116453 0 0
2460000 2.1281 2.18262 0 -0.104958 0 0
2470000 2.10585 2.19554 0 -0.0807863 0 0
2480000 2.13073 2.17969 0 -0.0657821 0 0
2490000 2.12984 2.18169 0 -0.0459569 0 0
2500000 2.12052 2.16682 0 -0.0311962 0 0
2510000 2.12407 2.17383 0 -0.016131 0 0
2520000 2.11994 2.18056 0 -0.000990543 0 0
2530000 2.12324 2.18273 0 0.019902 0 0
2540000 2.10378 2.19583 0 0.0301229 0 0
2550000 2.11766 2.18323 0 0.0566568 0 0
2560000 2.10264 2.19689 0 0.0738256 0 0
2570000 2.10787 2.18047 0 0.0758257 0 0
2580000 2.10491 2.21261 0 0.105978 0 0
2590000 2.10869 2.18531 0 0.106434 0 0
2600000 2.11312 2.19833 0 0.123595 0 0
2610000 2.10685 2.20251 0 0.140622 0 0
2620000 2.12093 2.16948 0 0.13923 0 0
2630000 2.10029 2.20141 0 0.158621 0 0
2640000 2.13301 2.18182 0 0.191056 0 0
2650000 2.12671 2.20306 0 0.171629 0 0
2660000 2.10907 2.2044 0 0.196633 0 0
2670000 2.13049 2.17441 0 0.1992 0 0
2680000 2.10844 2.2126 0 0.220524 0 0
2690000 2.11693 2.20269 0 0.21238 0 0
2700000 2.11632 2.20022 0 0.20159 0 0
2710000 2.10205 2.21639 0 0.200333 0 0
2720000 2.09951 2.22338 0 0.228752 0 0
2730000 2.11928 2.20631 0 0.228445 0 0
2740000 2.11773 2.21192 0 0.219658 0 0
2750000 2.11046 2.224 0 0.225907 0 0
2760000 2.12034 2.21145 0 0.231504 0 0
2770000 2.10439 2.22003 0 0.225587 0 0
2780000 2.09448 2.22456 0 0.204652 0 0
2790000 2.12056 2.20526 0 0.214624 0 0
2800000 2.10881 2.22534 0 0.212703 0 0
2810000 2.09088 2.22248 0 0.205383 0 0
2820000 2.10632 2.20214 0 0.196901 0 0
2830000 2.09388 2.21377 0 0.179579 0 0
2840000 2.10645 2.21074 0 0.187327 0 0
2850000 2.09613 2.20293 0 0.16294 0 0
2860000 2.09485 2.21467 0 0.153794 0 0
2870000 2.09643 2.2262 0 0.168708 0 0
2880000 2.09813 2.21267 0 0.153193 0 0
2890000 2.09947 2.21023 0 0.118432 0 0
2900000 2.09477 2.22097 0 0.116653 0 0
2910000 2.0977 2.20658 0 0.103009 0 0
2920000 2.12132 2.17774 0 0.068225 0 0
2930000 2.0992 2.18571 0 0.0553426 0 0
2940000 2.08853 2.20461 0 0.0491998 0 0
2950000 2.09567 2.19304 0 0.03619 0 0
2960000 2.11693 2.19333 0 0.00542956 0 0
2970000 2.13346 2.16873 0 -0.0045811 0 0
2980000 2.10036 2.19463 0 -0.0309711 0 0
2990000 2.11452 2.19203 0 -0.0263952 0 0
3000000 2.10779 2.18928 0 -0.0425632 0 0
3010000 2.09836 2.20592 0 -0.0616245 0 0
3020000 2.10856 2.18493 0 -0.0715551 0 0
3030000 2.11843 2.18068 0 -0.0934677 0 0
3040000 2.10197 2.18722 0 -0.112342 0 0
3050000 2.10959 2.17739 0 -0.125922 0 0
3060000 2.10767 2.21936 0 -0.143211 0 0
3070000 2.12014 2.18033 0 -0.143011 0 0
3080000 2.09825 2.21963 0 -0.180296 0 0
3090000 2.11438 2.18926 0 -0.180273 0 0
3100000 2.12013 2.20243 0 -0.207122 0 0
3110000 2.09745 2.19897 0 -0.21422 0 0
3120000 2.13969 2.17662 0 -0.209868 0 0
3130000 2.10187 2.20908 0 -0.226241 0 0
3140000 2.13202 2.18756 0 -0.24228 0 0
3150000 2.13959 2.18218 0 -0.265352 0 0
3160000 2.13291 2.18492 0 -0.261137 0 0
3170000 2.13659 2.19859 0 -0.257029 0 0
3180000 2.13506 2.19412 0 -0.274241 0 0
3190000 2.15195 2.19019 0 -0.273163 0 0
3200000 2.15845 2.18 0 -0.288049 0 0
3210000 2.15717 2.18744 0 -0.290018 0 0
3220000 2.15803 2.18219 0 -0.296535 0 0
3230000 2.15309 2.19354 0 -0.271255 0 0
3240000 2.16228 2.18084 0 -0.289446 0 0
3250000 2.14248 2.20233 0 -0.279178 0 0
3260000 2.15497 2.18397 0 -0.272743 0 0
3270000 2.14086 2.21397 0 -0.283907 0 0
3280000 2.13591 2.2084 0 -0.29269 0 0
3290000 2.1301 2.20708 0 -0.284779 0 0
3300000 2.15819 2.19474 0 -0.282236 0 0
3310000 2.13603 2.20056 0 -0.273218 0 0
3320000 2.13648 2.2159 0 -0.256188 0 0
3330000 2.15871 2.18509 0 -0.266743 0 0
3340000 2.12094 2.21151 0 -0.272326 0 0
3350000 2.12469 2.20584 0 -0.249406 0 0
3360000 2.13231 2.19419 0 -0.243041 0 0
3370000 2.144 2.18726 0 -0.225236 0 0
3380000 2.12595 2.18981 0 -0.219045 0 0
3390000 2.1281 2.18841 0 -0.219251 0 0
3400000 2.11328 2.20167 0 -0.197738 0 0
3410000 2.12358 2.19365 0 -0.181788 0 0
3420000 2.12313 2.18698 0 -0.173227 0 0
3430000 2.12666 2.18758 0 -0.158196 0 0
3440000 2.13251 2.17099 0 -0.110784 0 0
3450000 2.12306 2.18601 0 -0.0987487 0 0
3460000 2.12504 2.18262 0 -0.107819 0 0
3470000 2.11671 2.18432 0 -0.0940637 0 0
3480000 2.12103 2.18048 0 -0.0715735 0 0
3490000 2.11347 2.18085 0 -0.0700335 0 0
3500000 2.12057 2.18957 0 -0.0499004 0 0
3510000 2.11778 2.17722 0 -0.0251263 0 0
3520000 2.11918 2.19228 0 -0.00994365 0 0
3530000 2.14094 2.18205 0 0.00861454 0 0
3540000 2.12037 2.17219 0 0.0489192 0 0
3550000 2.13302 2.17156 0 0.0582905 0 0
3560000 2.12988 2.16667 0 0.0688915 0 0
3570000 2.10189 2.18791 0 0.0852006 0 0
3580000 2.11957 2.18234 0 0.103125 0 0
3590000 2.10217 2.1984 0 0.118137 0 0
3600000 2.12302 2.18771 0 0.122487 0 0
3610000 2.10716 2.19729 0 0.14478 0 0
3620000 2.11981 2.20196 0 0.134496 0 0
3630000 2.09949 2.21903 0 0.152531 0 0
3640000 2.10199 2.19924 0 0.168616 0 0
3650000 2.10395 2.19794 0 0.182042 0 0
3660000 2.10998 2.21033 0 0.171027 0 0
3670000 2.1149 2.20425 0 0.197888 0 0
3680000 2.11273 2.21037 0 0.195458 0 0
3690000 2.13365 2.19465 0 0.212264 0 0
3700000 2.10772 2.21994 0 0.229749 0 0
3710000 2.1197 2.19078 0 0.226373 0 0
3720000 2.11153 2.21331 0 0.225606 0 0
3730000 2.10044 2.21747 0 0.222778 0 0
3740000 2.13172 2.18787 0 0.233169 0 0
3750000 2.11873 2.21709 0 0.213811 0 0
3760000 2.11917 2.20567 0 0.21675 0 0
3770000 2.11108 2.21246 0 0.232179 0 0
3780000 2.09653 2.22049 0 0.225694 0 0
3790000 2.10476 2.21608 0 0.219416 0 0
3800000 2.10932 2.19909 0 0.202915 0 0
3810000 2.11249 2.19731 0 0.216531 0 0
3820000 2.10554 2.20593 0 0.205754 0 0
3830000 2.11025 2.21456 0 0.199591 0 0
3840000 2.11337 2.20148 0 0.17845 0 0
3850000 2.12653 2.19709 0 0.185737 0 0
3860000 2.12481 2.17859 0 0.172341 0 0
3870000 2.12758 2.19417 0 0.155516 0 0
3880000 2.11771 2.18401 0 0.149 0 0
3890000 2.10478 2.19651 0 0.116727 0 0
3900000 2.10931 2.19876 0 0.124063 0 0
3910000 2.1112 2.20111 0 0.100093 0 0
3920000 2.11667 2.19172 0 0.0956061 0 0
3930000 2.12082 2.17369 0 0.0647609 0 0
3940000 2.11519 2.19479 0 0.0516238 0 0
3950000 2.11273 2.19621 0 0.0427631 0 0
3960000 2.12363 2.17363 0 0.0443989 0 0
3970000 2.10323 2.19369 0 0.00610441 0 0
3980000 2.12925 2.17521 0 -0.0187113 0 0
3990000 2.11679 2.18502 0 -0.0120398 0 0
4000000 2.11967 2.17663 0 -0.0225551 0 0
4010000 2.09606 2.19454 0 -0.0355873 0 0
4020000 2.12581 2.17631 0 -0.060707 0 0
4030000 2.13032 2.17129 0 -0.0709514 0 0
4040000 2.11904 2.184 0 -0.0936123 0 0
4050000 2.10069 2.19825 0 -0.135528 0 0
4060000 2.11439 2.17759 0 -0.142418 0 0
4070000 2.11169 2.18599 0 -0.16408 0 0
4080000 2.12705 2.18786 0 -0.169653 0 0
4090000 2.12334 2.19793 0 -0.168185 0 0
4100000 2.12284 2.18986 0 -0.197973 0 0
4110000 2.13204 2.18686 0 -0.199466 0 0
4120000 2.12282 2.18875 0 -0.213533 0 0
4130000 2.12278 2.19658 0 -0.227798 0 0
4140000 2.11379 2.20779 0 -0.256782 0 0
4150000 2.13797 2.18183 0 -0.226722 0 0
4160000 2.14018 2.19742 0 -0.252026 0 0
4170000 2.13724 2.20531 0 -0.268999 0 0
4180000 2.12444 2.19564 0 -0.269694 0 0
4190000 2.15024 2.19169 0 -0.273123 0 0
4200000 2.12604 2.20961 0 -0.296667 0 0
4210000 2.14336 2.1923 0 -0.289434 0 0
4220000 2.13684 2.20374 0 -0.276322 0 0
4230000 2.15795 2.18672 0 -0.279394 0 0
4240000 2.15339 2.2003 0 -0.294367 0 0
4250000 2.15517 2.17793 0 -0.28912 0 0
4260000 2.12598 2.22578 0 -0.29946 0 0
4270000 2.15607 2.18955 0 -0.303875 0 0
4280000 2.1502 2.2034 0 -0.300467 0 0
4290000 2.1332 2.21059 0 -0.281975 0 0
4300000 2.1312 2.20451 0 -0.275356 0 0
4310000 2.1354 2.17799 0 -0.254409 0 0
4320000 2.14642 2.18119 0 -0.268176 0 0
4330000 2.13765 2.19069 0 -0.270408 0 0
4340000 2.13928 2.19122 0 -0.24562 0 0
4350000 2.13736 2.18822 0 -0.245318 0 0
4360000 2.12744 2.18256 0 -0.246314 0 0
4370000 2.12076 2.1894 0 -0.223138 0 0
4380000 2.12483 2.20135 0 -0.215108 0 0
4390000 2.12666 2.20032 0 -0.200534 0 0
4400000 2.13718 2.17925 0 -0.185528 0 0
4410000 2.11838 2.19288 0 -0.161984 0 0
4420000 2.12916 2.19351 0 -0.183578 0 0
4430000 2.11041 2.2047 0 -0.140421 0 0
4440000 2.13223 2.18078 0 -0.117119 0 0
4450000 2.12347 2.18577 0 -0.121026 0 0
4460000 2.10962 2.18215 0 -0.0974177 0 0
4470000 2.10704 2.19032 0 -0.0905217 0 0
4480000 2.12019 2.19247 0 -0.0789177 0 0
4490000 2.10657 2.19693 0 -0.0438389 0 0
4500000 2.1111 2.1926 0 -0.0526376 0 0
4510000 2.10256 2.20059 0 -0.0298398 0 0
4520000 2.10404 2.19039 0 -0.0154763 0 0
4530000 2.11994 2.18256 0 0.0206035 0 0
4540000 2.13106 2.17542 0 0.0445145 0 0
4550000 2.12044 2.17491 0 0.043203 0 0
4560000 2.10238 2.17769 0 0.0584169 0 0
4570000 2.09172 2.21039 0 0.0633518 0 0
4580000 2.11229 2.18712 0 0.0809122 0 0
4590000 2.11793 2.18731 0 0.0953534 0 0
4600000 2.10016 2.19433 0 0.122082 0 0
4610000 2.1282 2.17061 0 0.131741 0 0
4620000 2.11082 2.20876 0 0.143263 0 0
4630000 2.09725 2.213 0 0.13864 0 0
4640000 2.12504 2.20081 0 0.16918 0 0
4650000 2.12917 2.18998 0 0.187722 0 0
4660000 2.11865 2.19997 0 0.182796 0 0
4670000 2.1254 2.18951 0 0.184564 0 0
4680000 2.10108 2.22329 0 0.198024 0 0
4690000 2.11661 2.19214 0 0.202569 0 0
4700000 2.11291 2.20977 0 0.208131 0 0
4710000 2.11645 2.22031 0 0.213327 0 0
4720000 2.12112 2.20435 0 0.21899 0 0
4730000 2.10313 2.20834 0 0.219098 0 0
4740000 2.09731 2.21748 0 0.245793 0 0
4750000 2.10872 2.2122 0 0.216687 0 0
4760000 2.09438 2.22154 0 0.230211 0 0
4770000 2.12305 2.20302 0 0.227032 0 0
4780000 2.10561 2.21099 0 0.212187 0 0
4790000 2.10089 2.21089 0 0.219786 0 0
4800000 2.09165 2.22123 0 0.200121 0 0
4810000 2.10511 2.21463 0 0.202608 0 0
4820000 2.11269 2.18996 0 0.183736 0 0
4830000 2.08153 2.21943 0 0.181916 0 0
4840000 2.10905 2.2062 0 0.177654 0 0
4850000 2.11022 2.19721 0 0.175851 0 0
4860000 2.09404 2.21546 0 0.158944 0 0
4870000 2.10509 2.19485 0 0.153968 0 0
4880000 2.12669 2.20439 0 0.136917 0 0
4890000 2.09369 2.21609 0 0.116651 0 0
4900000 2.11082 2.18513 0 0.118017 0 0
4910000 2.11525 2.19082 0 0.104037 0 0
4920000 2.09599 2.20092 0 0.0965887 0 0
4930000 2.11435 2.19316 0 0.0840009 0 0
4940000 2.10511 2.19687 0 0.0607261 0 0
4950000 2.12463 2.1829 0 0.0405023 0 0
4960000 2.11242 2.19842 0 0.0494025 0 0
4970000 2.1002 2.20095 0 0.00578267 0 0
4980000 2.12216 2.18685 0 0.00985532 0 0
4990000 2.11022 2.18342 0 -0.0183912 0 0
5000000 2.13691 2.16044 0 -0.0449679 0 0
