# Time-averaged data for fix ps1
# TimeStep c_thermo_press[1] c_thermo_press[2] c_thermo_press[3] c_thermo_press[4] c_thermo_press[5] c_thermo_press[6]
0 4.04574 3.94696 0 -0.0312246 0 0
10000 4.33492 4.29052 0 -0.0469599 0 0
20000 4.39479 4.31137 0 -0.0543052 0 0
30000 4.41649 4.29137 0 -0.0652253 0 0
40000 4.40622 4.2916 0 -0.108349 0 0
50000 4.34287 4.35439 0 -0.0917727 0 0
60000 4.29271 4.29962 0 -0.0887171 0 0
70000 4.27026 4.35098 0 -0.121223 0 0
80000 4.39737 4.35449 0 -0.109018 0 0
90000 4.31538 4.41677 0 -0.10091 0 0
100000 4.26808 4.33665 0 -0.199555 0 0
110000 4.36386 4.30454 0 -0.0654834 0 0
120000 4.36569 4.30759 0 -0.195734 0 0
130000 4.42218 4.335 0 -0.21651 0 0
140000 4.42727 4.36487 0 -0.178772 0 0
150000 4.35814 4.34695 0 -0.263645 0 0
160000 4.31121 4.33376 0 -0.219021 0 0
170000 4.39763 4.32634 0 -0.19277 0 0
180000 4.3136 4.47211 0 -0.269265 0 0
190000 4.32661 4.35044 0 -0.293705 0 0
200000 4.36555 4.35644 0 -0.190501 0 0
210000 4.31719 4.33233 0 -0.236471 0 0
220000 4.36293 4.28156 0 -0.281094 0 0
230000 4.38 4.39797 0 -0.337303 0 0
240000 4.32276 4.33574 0 -0.235431 0 0
250000 4.38444 4.25954 0 -0.300803 0 0
260000 4.33175 4.34021 0 -0.259654 0 0
270000 4.32893 4.28157 0 -0.271639 0 0
280000 4.38767 4.32597 0 -0.299889 0 0
290000 4.41262 4.37168 0 -0.243183 0 0
300000 4.38819 4.39407 0 -0.353146 0 0
310000 4.29855 4.30461 0 -0.23241 0 0
320000 4.27928 4.38638 0 -0.207766 0 0
330000 4.34141 4.27918 0 -0.345163 0 0
340000 4.35767 4.33216 0 -0.184795 0 0
350000 4.35114 4.37513 0 -0.226233 0 0
360000 4.3911 4.2862 0 -0.171466 0 0
370000 4.37218 4.29557 0 -0.218834 0 0
380000 4.31761 4.39724 0 -0.118142 0 0
390000 4.35633 4.31606 0 -0.139665 0 0
400000 4.31622 4.36008 0 -0.220283 0 0
410000 4.34886 4.38499 0 -0.110612 0 0
420000 4.37512 4.29658 0 -0.113711 0 0
430000 4.19737 4.39184 0 -0.0628194 0 0
440000 4.33921 4.32939 0 -0.0352822 0 0
450000 4.35709 4.31114 0 -0.0626869 0 0
460000 4.33029 4.37938 0 -0.0748707 0 0
470000 4.32905 4.29973 0 -0.0624794 0 0
480000 4.36976 4.28797 0 -0.0342175 0 0
490000 4.35711 4.30048 0 -0.0524323 0 0
500000 4.38122 4.39476 0 -0.0454337 0 0
510000 4.40602 4.35806 0 0.0123963 0 0
520000 4.3308 4.34143 0 -0.0217564 0 0
530000 4.35593 4.33577 0 0.0133539 0 0
540000 4.42414 4.28581 0 -0.0136702 0 0
550000 4.28393 4.32647 0 0.0463624 0 0
560000 4.35548 4.25606 0 0.0980787 0 0
570000 4.38414 4.35218 0 0.0862065 0 0
580000 4.3338 4.38066 0 0.0729555 0 0
590000 4.31351 4.40345 0 0.0766407 0 0
600000 4.36279 4.2839 0 0.107384 0 0
610000 4.34811 4.3189 0 0.163363 0 0
620000 4.44428 4.26585 0 0.117031 0 0
630000 4.35726 4.34086 0 0.160838 0 0
640000 4.24266 4.40653 0 0.214967 0 0
650000 4.37525 4.33975 0 0.203815 0 0
660000 4.27737 4.35049 0 0.140748 0 0
670000 4.35997 4.27152 0 0.221863 0 0
680000 4.41974 4.30872 0 0.177073 0 0
690000 4.33369 4.4319 0 0.163528 0 0
700000 4.3224 4.38302 0 0.211819 0 0
710000 4.31438 4.40627 0 0.219662 0 0
720000 4.27279 4.34755 0 0.240927 0 0
730000 4.29733 4.39227 0 0.164632 0 0
740000 4.36355 4.3547 0 0.173328 0 0
750000 4.35167 4.3637 0 0.190727 0 0
760000 4.37787 4.38613 0 0.146678 0 0
770000 4.36698 4.36226 0 0.209385 0 0
780000 4.35901 4.2743 0 0.183991 0 0
790000 4.35289 4.36509 0 0.176342 0 0
800000 4.33907 4.3866 0 0.13164 0 0
810000 4.33287 4.34657 0 0.169736 0 0
820000 4.36933 4.28829 0 0.190828 0 0
830000 4.38818 4.38915 0 0.157342 0 0
840000 4.32427 4.37868 0 0.108249 0 0
850000 4.40866 4.36068 0 0.0770561 0 0
860000 4.34656 4.3269 0 0.204155 0 0
870000 4.32165 4.38106 0 0.0878683 0 0
880000 4.424 4.31663 0 0.123119 0 0
890000 4.32179 4.33579 0 0.0640408 0 0
900000 4.36137 4.30191 0 0.0252405 0 0
910000 4.30206 4.3648 0 0.164428 0 0
920000 4.30071 4.418 0 0.0629413 0 0
930000 4.38084 4.32638 0 0.0100575 0 0
940000 4.32159 4.28303 0 0.0686115 0 0
950000 4.3896 4.2145 0 0.0755092 0 0
960000 4.33146 4.33006 0 -0.0145483 0 0
970000 4.44088 4.36589 0 -0.0490741 0 0
980000 4.37886 4.30241 0 0.0249798 0 0
990000 4.35921 4.29424 0 -0.0135977 0 0
1000000 4.37178 4.2862 0 -0.0184504 0 0
1010000 4.41404 4.34571 0 -0.0439712 0 0
1020000 4.31451 4.38907 0 -0.0631051 0 0
1030000 4.28462 4.26331 0 -0.0697424 0 0
1040000 4.32772 4.34879 0 -0.104191 0 0
1050000 4.3374 4.37942 0 -0.139157 0 0
1060000 4.27794 4.35213 0 -0.230738 0 0
1070000 4.31877 4.33998 0 -0.117474 0 0
1080000 4.44293 4.36439 0 -0.187068 0 0
1090000 4.38865 4.42215 0 -0.149053 0 0
1100000 4.35967 4.29637 0 -0.272057 0 0
1110000 4.42915 4.25762 0 -0.211277 0 0
1120000 4.41919 4.271 0 -0.247095 0 0
1130000 4.35579 4.28478 0 -0.180789 0 0
1140000 4.36766 4.33179 0 -0.31476 0 0
1150000 4.43052 4.32352 0 -0.227399 0 0
1160000 4.34753 4.35307 0 -0.223418 0 0
1170000 4.34499 4.27864 0 -0.249135 0 0
1180000 4.41502 4.39889 0 -0.327886 0 0
1190000 4.39692 4.30933 0 -0.366618 0 0
1200000 4.38116 4.39781 0 -0.296276 0 0
1210000 4.34724 4.34095 0 -0.218325 0 0
1220000 4.35411 4.48641 0 -0.309096 0 0
1230000 4.38821 4.36268 0 -0.309462 0 0
1240000 4.35595 4.37017 0 -0.278751 0 0
1250000 4.3468 4.32658 0 -0.292844 0 0
1260000 4.35022 4.26716 0 -0.283769 0 0
1270000 4.40369 4.23168 0 -0.240179 0 0
1280000 4.34233 4.33187 0 -0.312722 0 0
1290000 4.28697 4.35238 0 -0.302135 0 0
1300000 4.33363 4.40779 0 -0.285159 0 0
1310000 4.40488 4.3176 0 -0.279943 0 0
1320000 4.34947 4.30788 0 -0.224842 0 0
1330000 4.37543 4.34784 0 -0.23896 0 0
1340000 4.33528 4.41918 0 -0.290865 0 0
1350000 4.32362 4.33688 0 -0.231241 0 0
1360000 4.38487 4.24874 0 -0.179751 0 0
1370000 4.34862 4.40818 0 -0.207862 0 0
1380000 4.33443 4.30299 0 -0.0915527 0 0
1390000 4.30501 4.36187 0 -0.225049 0 0
1400000 4.30722 4.3292 0 -0.188316 0 0
1410000 4.49445 4.3459 0 -0.204279 0 0
1420000 4.40486 4.30179 0 -0.175207 0 0
1430000 4.40073 4.33275 0 -0.170087 0 0
1440000 4.35381 4.36205 0 -0.124192 0 0
1450000 4.37556 4.34336 0 -0.119216 0 0
1460000 4.39061 4.32674 0 -0.08036 0 0
1470000 4.30855 4.32002 0 -0.0986248 0 0
1480000 4.31052 4.22846 0 -0.0508156 0 0
1490000 4.35635 4.37638 0 -0.11883 0 0
1500000 4.38267 4.28856 0 -0.0440749 0 0
1510000 4.30608 4.24757 0 -0.0276217 0 0
1520000 4.45378 4.36561 0 -0.0275513 0 0
1530000 4.40446 4.4051 0 0.0270145 0 0
1540000 4.43151 4.3154 0 -0.0145255 0 0
1550000 4.34919 4.41443 0 0.021027 0 0
1560000 4.40351 4.32981 0 -0.00274212 0 0
1570000 4.34903 4.38046 0 0.0549583 0 0
1580000 4.32754 4.37137 0 0.111687 0 0
1590000 4.37105 4.28494 0 0.162512 0 0
1600000 4.42 4.29285 0 0.0902591 0 0
1610000 4.35052 4.34637 0 0.091359 0 0
1620000 4.42488 4.32919 0 0.0790408 0 0
1630000 4.32446 4.34891 0 0.116208 0 0
1640000 4.35409 4.38867 0 0.135433 0 0
1650000 4.33121 4.37755 0 0.158648 0 0
1660000 4.41761 4.36695 0 0.121027 0 0
1670000 4.41084 4.26727 0 0.170667 0 0
1680000 4.40348 4.33734 0 0.15322 0 0
1690000 4.33483 4.38271 0 0.0918384 0 0
1700000 4.32939 4.35498 0 0.184059 0 0
1710000 4.39913 4.34648 0 0.215931 0 0
1720000 4.34537 4.3308 0 0.182994 0 0
1730000 4.35057 4.4362 0 0.109739 0 0
1740000 4.39551 4.33101 0 0.14207 0 0
1750000 4.37649 4.34896 0 0.146712 0 0
1760000 4.32171 4.34367 0 0.137161 0 0
1770000 4.37769 4.28502 0 0.197042 0 0
1780000 4.34391 4.35995 0 0.185307 0 0
1790000 4.40475 4.31892 0 0.130531 0 0
1800000 4.31138 4.3815 0 0.129366 0 0
1810000 4.37511 4.33913 0 0.242433 0 0
1820000 4.30743 4.35527 0 0.197203 0 0
1830000 4.3857 4.32293 0 0.0726752 0 0
1840000 4.33775 4.36609 0 0.121723 0 0
1850000 4.38874 4.2574 0 0.181096 0 0
1860000 4.37383 4.31386 0 0.15775 0 0
1870000 4.28516 4.37915 0 0.112554 0 0
1880000 4.3636 4.35091 0 0.0986937 0 0
1890000 4.22871 4.3629 0 0.10224 0 0
1900000 4.31673 4.43743 0 0.0872207 0 0
1910000 4.32538 4.39166 0 0.0443463 0 0
1920000 4.24361 4.40425 0 0.04637 0 0
1930000 4.32906 4.33436 0 -0.00284373 0 0
1940000 4.33367 4.31466 0 0.0700843 0 0
1950000 4.34001 4.29453 0 0.0949999 0 0
1960000 4.34645 4.40403 0 0.0589515 0 0
1970000 4.35826 4.3687 0 -0.0431685 0 0
1980000 4.39327 4.33651 0 0.0560497 0 0
1990000 4.46508 4.24565 0 -0.000268113 0 0
2000000 4.38014 4.37074 0 -0.0787801 0 0
2010000 4.369 4.33858 0 -0.0781718 0 0
2020000 4.46046 4.24796 0 -0.0867462 0 0
2030000 4.31373 4.36467 0 -0.0855712 0 0
2040000 4.44695 4.26421 0 -0.0765357 0 0
2050000 4.30557 4.31386 0 -0.206953 0 0
2060000 4.27567 4.33012 0 -0.124117 0 0
2070000 4.37204 4.39398 0 -0.215556 0 0
2080000 4.34229 4.28455 0 -0.0749276 0 0
2090000 4.33797 4.32043 0 -0.255588 0 0
2100000 4.37597 4.33874 0 -0.214813 0 0
2110000 4.32542 4.30466 0 -0.174934 0 0
2120000 4.3584 4.2462 0 -0.241345 0 0
2130000 4.34483 4.32943 0 -0.22727 0 0
2140000 4.29837 4.45985 0 -0.268543 0 0
2150000 4.40052 4.31013 0 -0.254341 0 0
2160000 4.41552 4.38016 0 -0.258929 0 0
2170000 4.35401 4.30838 0 -0.223488 0 0
2180000 4.28309 4.32772 0 -0.239557 0 0
2190000 4.26803 4.39506 0 -0.22373 0 0
2200000 4.28627 4.362 0 -0.291643 0 0
2210000 4.36545 4.33364 0 -0.219747 0 0
2220000 4.38993 4.28496 0 -0.246491 0 0
2230000 4.41218 4.34109 0 -0.386231 0 0
2240000 4.32529 4.36874 0 -0.353272 0 0
2250000 4.47261 4.40066 0 -0.290146 0 0
2260000 4.32432 4.35483 0 -0.352779 0 0
2270000 4.35465 4.27957 0 -0.294665 0 0
2280000 4.28784 4.34472 0 -0.226324 0 0
2290000 4.30605 4.40371 0 -0.184944 0 0
2300000 4.37385 4.37712 0 -0.279598 0 0
2310000 4.40389 4.34214 0 -0.234962 0 0
2320000 4.42086 4.33994 0 -0.228494 0 0
2330000 4.35754 4.30031 0 -0.209429 0 0
2340000 4.38426 4.38834 0 -0.254638 0 0
2350000 4.31075 4.40921 0 -0.245468 0 0
2360000 4.38673 4.38128 0 -0.18115 0 0
2370000 4.33781 4.25828 0 -0.255938 0 0
2380000 4.39208 4.28307 0 -0.188041 0 0
2390000 4.37671 4.37558 0 -0.292596 0 0
2400000 4.38539 4.35564 0 -0.178654 0 0
2410000 4.4227 4.26125 0 -0.251349 0 0
2420000 4.3414 4.40469 0 -0.144413 0 0
2430000 4.37353 4.33883 0 -0.14106 0 0
2440000 4.418 4.30328 0 -0.126538 0 0
2450000 4.33749 4.30682 0 -0.139386 0 0
2460000 4.34119 4.36016 0 -0.127269 0 0
2470000 4.25842 4.22554 0 -0.0330478 0 0
2480000 4.30892 4.36791 0 -0.0599956 0 0
2490000 4.35309 4.27392 0 -0.0489649 0 0
2500000 4.32424 4.43342 0 -0.0720069 0 0
2510000 4.35049 4.36329 0 0.0453998 0 0
2520000 4.36323 4.32892 0 0.0640972 0 0
2530000 4.3415 4.37072 0 0.0868313 0 0
2540000 4.36428 4.36396 0 0.0572877 0 0
2550000 4.39915 4.31552 0 0.0452844 0 0
2560000 4.44525 4.40912 0 0.118729 0 0
2570000 4.31326 4.41628 0 0.0898101 0 0
2580000 4.34769 4.3312 0 0.0844337 0 0
2590000 4.27427 4.38055 0 0.128435 0 0
2600000 4.30036 4.34608 0 0.118848 0 0
2610000 4.32342 4.41953 0 0.219612 0 0
2620000 4.36608 4.3958 0 0.0792437 0 0
2630000 4.36625 4.31158 0 0.13488 0 0
2640000 4.4331 4.31887 0 0.140783 0 0
2650000 4.38598 4.31164 0 0.178043 0 0
2660000 4.24677 4.32383 0 0.200042 0 0
2670000 4.26223 4.48836 0 0.185057 0 0
2680000 4.35446 4.29375 0 0.119029 0 0
2690000 4.33138 4.34684 0 0.173966 0 0
2700000 4.31951 4.41997 0 0.185491 0 0
2710000 4.38798 4.40226 0 0.104245 0 0
2720000 4.31011 4.33649 0 0.119868 0 0
2730000 4.37835 4.32892 0 0.161788 0 0
2740000 4.31788 4.36195 0 0.133176 0 0
2750000 4.44521 4.28975 0 0.199361 0 0
2760000 4.30833 4.32072 0 0.167092 0 0
2770000 4.35758 4.39714 0 0.14272 0 0
2780000 4.34492 4.27962 0 0.16281 0 0
2790000 4.42455 4.24986 0 0.180994 0 0
2800000 4.32927 4.3653 0 0.217204 0 0
2810000 4.44704 4.30432 0 0.273333 0 0
2820000 4.36401 4.24632 0 0.100188 0 0
2830000 4.36481 4.36356 0 0.138833 0 0
2840000 4.32682 4.29942 0 0.110652 0 0
2850000 4.33255 4.31706 0 0.0901527 0 0
2860000 4.34957 4.30951 0 0.0936305 0 0
2870000 4.36165 4.34374 0 0.111054 0 0
2880000 4.28894 4.41078 0 0.122556 0 0
2890000 4.43547 4.2283 0 0.0542797 0 0
2900000 4.36632 4.29872 0 0.0196131 0 0
2910000 4.33929 4.24271 0 0.00513746 0 0
2920000 4.30282 4.31294 0 0.0263211 0 0
2930000 4.3754 4.28006 0 -0.00208914 0 0
2940000 4.38995 4.32253 0 -0.0108564 0 0
2950000 4.36601 4.31314 0 -0.0181045 0 0
2960000 4.38862 4.27308 0 0.0120892 0 0
2970000 4.32088 4.31505 0 -0.0959688 0 0
2980000 4.33396 4.32464 0 0.0131157 0 0
2990000 4.37136 4.31085 0 -0.0178004 0 0
3000000 4.31725 4.34778 0 -0.0482556 0 0
3010000 4.41544 4.34183 0 -0.150788 0 0
3020000 4.38543 4.26919 0 -0.0355297 0 0
3030000 4.38762 4.27084 0 -0.0754273 0 0
3040000 4.37549 4.33534 0 -0.0985136 0 0
3050000 4.43947 4.29355 0 -0.154307 0 0
3060000 4.29695 4.30402 0 -0.151486 0 0
3070000 4.49839 4.32753 0 -0.14298 0 0
3080000 4.4443 4.31743 0 -0.149707 0 0
3090000 4.38662 4.2957 0 -0.188111 0 0
3100000 4.40656 4.33037 0 -0.168532 0 0
3110000 4.37068 4.28953 0 -0.191184 0 0
3120000 4.38088 4.34764 0 -0.228865 0 0
3130000 4.41203 4.38239 0 -0.222351 0 0
3140000 4.41274 4.37352 0 -0.300786 0 0
3150000 4.39883 4.36176 0 -0.203822 0 0
3160000 4.41382 4.34494 0 -0.265966 0 0
3170000 4.36526 4.25412 0 -0.242296 0 0
3180000 4.35479 4.31655 0 -0.286723 0 0
3190000 4.34115 4.46218 0 -0.225763 0 0
3200000 4.33666 4.31554 0 -0.27906 0 0
3210000 4.43831 4.25526 0 -0.2961 0 0
3220000 4.38305 4.37392 0 -0.23728 0 0
3230000 4.36512 4.31128 0 -0.334126 0 0
3240000 4.39574 4.32043 0 -0.184979 0 0
3250000 4.35273 4.31342 0 -0.306617 0 0
3260000 4.36163 4.37364 0 -0.219899 0 0
3270000 4.41545 4.28485 0 -0.289739 0 0
3280000 4.41317 4.40097 0 -0.283695 0 0
3290000 4.37836 4.32219 0 -0.247766 0 0
3300000 4.3888 4.33454 0 -0.299363 0 0
3310000 4.47407 4.38034 0 -0.249104 0 0
3320000 4.4517 4.29828 0 -0.332514 0 0
3330000 4.3179 4.32901 0 -0.249344 0 0
3340000 4.42064 4.35174 0 -0.147569 0 0
3350000 4.32524 4.41372 0 -0.243932 0 0
3360000 4.34317 4.39341 0 -0.258305 0 0
3370000 4.42308 4.37739 0 -0.279465 0 0
3380000 4.36583 4.39808 0 -0.12874 0 0
3390000 4.38663 4.36456 0 -0.276708 0 0
3400000 4.35323 4.39053 0 -0.231256 0 0
3410000 4.40717 4.31372 0 -0.1156 0 0
3420000 4.3184 4.25787 0 -0.138175 0 0
3430000 4.37873 4.29759 0 -0.143655 0 0
3440000 4.42175 4.33265 0 -0.144047 0 0
3450000 4.37237 4.31019 0 -0.136847 0 0
3460000 4.30334 4.36332 0 -0.138197 0 0
3470000 4.35727 4.33049 0 -0.0209842 0 0
3480000 4.24342 4.37146 0 -0.122972 0 0
3490000 4.32329 4.34556 0 -0.0706808 0 0
3500000 4.34182 4.41141 0 -0.0997863 0 0
3510000 4.38948 4.37378 0 -0.0273192 0 0
3520000 4.21421 4.42427 0 0.0117642 0 0
3530000 4.42407 4.34747 0 0.0207191 0 0
3540000 4.41367 4.26401 0 0.0109955 0 0
3550000 4.32352 4.24877 0 0.00635352 0 0
3560000 4.41074 4.28605 0 0.0169702 0 0
3570000 4.35024 4.332 0 -0.0326403 0 0
3580000 4.34682 4.19425 0 0.0217742 0 0
3590000 4.34429 4.25391 0 0.0842806 0 0
3600000 4.35828 4.36621 0 0.0814468 0 0
3610000 4.37189 4.32289 0 0.104366 0 0
3620000 4.27712 4.43607 0 0.132786 0 0
3630000 4.3404 4.24 0 0.0936184 0 0
3640000 4.46272 4.32941 0 0.145923 0 0
3650000 4.34106 4.32891 0 0.0620596 0 0
3660000 4.35706 4.38615 0 0.213091 0 0
3670000 4.33365 4.3197 0 0.225364 0 0
3680000 4.31486 4.3458 0 0.153632 0 0
3690000 4.36754 4.30071 0 0.214521 0 0
3700000 4.37591 4.44251 0 0.216946 0 0
3710000 4.33627 4.33797 0 0.152298 0 0
3720000 4.39394 4.41089 0 0.170033 0 0
3730000 4.33131 4.33159 0 0.187814 0 0
3740000 4.36514 4.34543 0 0.159626 0 0
3750000 4.35115 4.38252 0 0.13257 0 0
3760000 4.43214 4.34488 0 0.126346 0 0
3770000 4.2783 4.40524 0 0.177328 0 0
3780000 4.33842 4.36622 0 0.203644 0 0
3790000 4.37659 4.29082 0 0.192694 0 0
3800000 4.38144 4.29518 0 0.150837 0 0
3810000 4.33938 4.30407 0 0.145985 0 0
3820000 4.31884 4.34139 0 0.222232 0 0
3830000 4.36157 4.3014 0 0.088363 0 0
3840000 4.38515 4.29591 0 0.140848 0 0
3850000 4.43899 4.3579 0 0.10102 0 0
3860000 4.37975 4.44471 0 0.126874 0 0
3870000 4.35352 4.27294 0 0.124965 0 0
3880000 4.29948 4.3582 0 0.098902 0 0
3890000 4.40028 4.31928 0 0.0816227 0 0
3900000 4.34969 4.2877 0 0.100083 0 0
3910000 4.32448 4.42155 0 0.109488 0 0
3920000 4.32344 4.33567 0 0.0774012 0 0
3930000 4.28873 4.39479 0 0.035149 0 0
3940000 4.2809 4.38875 0 0.0460722 0 0
3950000 4.31258 4.33555 0 -0.00219928 0 0
3960000 4.30887 4.34781 0 0.000550284 0 0
3970000 4.3851 4.28983 0 -0.0388261 0 0
3980000 4.30077 4.32175 0 -0.0125236 0 0
3990000 4.33644 4.32691 0 -0.0639728 0 0
4000000 4.37925 4.31809 0 0.00803866 0 0
4010000 4.32936 4.26353 0 -0.0853582 0 0
4020000 4.39493 4.36889 0 -0.0984309 0 0
4030000 4.34252 4.25502 0 -0.0715484 0 0
4040000 4.29422 4.3533 0 -0.0893837 0 0
4050000 4.32085 4.40562 0 -0.149649 0 0
4060000 4.37786 4.3219 0 -0.18043 0 0
4070000 4.39168 4.22792 0 -0.134949 0 0
4080000 4.3206 4.32965 0 -0.171286 0 0
4090000 4.36612 4.29161 0 -0.161504 0 0
4100000 4.28249 4.42898 0 -0.181166 0 0
4110000 4.32333 4.34035 0 -0.260824 0 0
4120000 4.31636 4.28039 0 -0.201169 0 0
4130000 4.37491 4.29366 0 -0.188443 0 0
4140000 4.33603 4.29602 0 -0.214193 0 0
4150000 4.33721 4.33108 0 -0.252693 0 0
4160000 4.36343 4.38139 0 -0.25173 0 0
4170000 4.36635 4.37235 0 -0.216087 0 0
4180000 4.38395 4.32543 0 -0.301302 0 0
4190000 4.33628 4.4032 0 -0.255353 0 0
4200000 4.33556 4.37265 0 -0.224433 0 0
4210000 4.32306 4.3445 0 -0.259626 0 0
4220000 4.42523 4.32874 0 -0.342279 0 0
4230000 4.37103 4.35121 0 -0.230029 0 0
4240000 4.31484 4.32996 0 -0.266072 0 0
4250000 4.33821 4.36577 0 -0.310803 0 0
4260000 4.34343 4.3526 0 -0.296541 0 0
4270000 4.33248 4.40485 0 -0.244076 0 0
4280000 4.43526 4.39835 0 -0.241813 0 0
4290000 4.35153 4.35805 0 -0.231048 0 0
4300000 4.25992 4.35559 0 -0.19807 0 0
4310000 4.29212 4.34809 0 -0.221293 0 0
4320000 4.31501 4.43223 0 -0.228319 0 0
4330000 4.3402 4.26258 0 -0.270313 0 0
4340000 4.35734 4.38511 0 -0.241549 0 0
4350000 4.35154 4.29321 0 -0.161151 0 0
4360000 4.38281 4.34905 0 -0.233065 0 0
4370000 4.37427 4.29074 0 -0.187346 0 0
4380000 4.32984 4.44619 0 -0.189799 0 0
4390000 4.37485 4.38716 0 -0.127476 0 0
4400000 4.34814 4.32355 0 -0.130073 0 0
4410000 4.4621 4.23704 0 -0.131562 0 0
4420000 4.27124 4.46524 0 -0.201961 0 0
4430000 4.33892 4.3589 0 -0.13725 0 0
4440000 4.39792 4.31743 0 -0.0509745 0 0
4450000 4.36753 4.31309 0 -0.028134 0 0
4460000 4.33622 4.32388 0 -0.0831032 0 0
4470000 4.39476 4.29242 0 -0.00927808 0 0
4480000 4.37693 4.33593 0 -0.0770463 0 0
4490000 4.42132 4.34887 0 -0.0766519 0 0
4500000 4.36597 4.31003 0 0.0126271 0 0
4510000 4.31232 4.32304 0 -0.0483874 0 0
4520000 4.35109 4.38853 0 -0.0164482 0 0
4530000 4.35385 4.34531 0 0.00683741 0 0
4540000 4.26547 4.43296 0 -0.0511292 0 0
4550000 4.26859 4.39344 0 0.0173017 0 0
4560000 4.25824 4.35219 0 0.0789411 0 0
4570000 4.37229 4.29643 0 0.0147169 0 0
4580000 4.35968 4.3231 0 0.123608 0 0
4590000 4.34557 4.34249 0 0.0995182 0 0
4600000 4.26749 4.31726 0 0.133244 0 0
4610000 4.36848 4.39013 0 0.152418 0 0
4620000 4.35989 4.39273 0 0.141411 0 0
4630000 4.25677 4.3818 0 0.173732 0 0
4640000 4.37623 4.29709 0 0.112112 0 0
4650000 4.30009 4.43198 0 0.179364 0 0
4660000 4.2605 4.38139 0 0.149058 0 0
4670000 4.34675 4.31068 0 0.194481 0 0
4680000 4.35033 4.35576 0 0.186444 0 0
4690000 4.35244 4.40538 0 0.160869 0 0
4700000 4.37714 4.35165 0 0.171747 0 0
4710000 4.3359 4.30847 0 0.229028 0 0
4720000 4.21323 4.42402 0 0.17756 0 0
4730000 4.3296 4.36868 0 0.161071 0 0
4740000 4.319 4.27983 0 0.239864 0 0
4750000 4.31026 4.39586 0 0.216119 0 0
4760000 4.27388 4.35318 0 0.21915 0 0
4770000 4.39695 4.34659 0 0.236817 0 0
4780000 4.35016 4.3216 0 0.195241 0 0
4790000 4.31507 4.36865 0 0.188977 0 0
4800000 4.38753 4.33172 0 0.161251 0 0
4810000 4.35209 4.36116 0 0.150378 0 0
4820000 4.26412 4.35676 0 0.121157 0 0
4830000 4.2869 4.367 0 0.180212 0 0
4840000 4.3529 4.33184 0 0.164642 0 0
4850000 4.37136 4.25491 0 0.141777 0 0
4860000 4.26932 4.37796 0 0.158285 0 0
4870000 4.30421 4.39174 0 0.168152 0 0
4880000 4.35875 4.38135 0 0.161073 0 0
4890000 4.24149 4.39269 0 0.0641922 0 0
4900000 4.34428 4.36823 0 0.113952 0 0
4910000 4.34792 4.39628 0 0.0175077 0 0
4920000 4.29999 4.3998 0 0.0680648 0 0
4930000 4.37467 4.37705 0 0.0203506 0 0
4940000 4.39632 4.25774 0 0.0679432 0 0
4950000 4.33012 4.30892 0 0.0894404 0 0
4960000 4.39615 4.31138 0 -0.0573454 0 0
4970000 4.27987 4.37237 0 0.070617 0 0
4980000 4.32857 4.34348 0 0.0209483 0 0
4990000 4.30677 4.3988 0 -0.0496325 0 0
5000000 4.29824 4.36816 0 -0.0425566 0 0
