# Time-averaged data for fix ps1
# TimeStep c_thermo_press[1] c_thermo_press[2] c_thermo_press[3] c_thermo_press[4] c_thermo_press[5] c_thermo_press[6]
0 4.69435 4.72303 0 -0.0268102 0 0
10000 5.20635 5.028 0 -0.000481884 0 0
20000 5.17145 4.96194 0 -0.00325272 0 0
30000 5.08693 5.05258 0 -0.0171786 0 0
40000 5.13901 5.05271 0 -0.0834319 0 0
50000 5.10051 5.15105 0 -0.109968 0 0
60000 5.06471 5.11154 0 -0.00588898 0 0
70000 5.10656 4.96625 0 -0.153118 0 0
80000 5.21365 4.99365 0 -0.0756455 0 0
90000 5.26243 4.96892 0 -0.124993 0 0
100000 5.08915 5.12098 0 -0.119096 0 0
110000 5.07912 5.09601 0 -0.184615 0 0
120000 5.04453 5.12511 0 -0.173344 0 0
130000 5.00063 5.09409 0 -0.186557 0 0
140000 5.13056 5.09564 0 -0.183906 0 0
150000 5.17936 5.08039 0 -0.2181 0 0
160000 5.12617 5.09165 0 -0.182258 0 0
170000 5.05851 5.16589 0 -0.18317 0 0
180000 5.13677 5.13964 0 -0.178865 0 0
190000 5.19341 5.21989 0 -0.190999 0 0
200000 5.13858 5.09936 0 -0.23133 0 0
210000 5.17869 5.099 0 -0.242697 0 0
220000 5.21951 5.04345 0 -0.200798 0 0
230000 5.27674 5.06225 0 -0.218716 0 0
240000 5.12441 5.18273 0 -0.161122 0 0
250000 5.04971 5.19835 0 -0.141576 0 0
260000 5.09215 5.09235 0 -0.237912 0 0
270000 5.13215 5.16321 0 -0.240409 0 0
280000 5.20079 5.15218 0 -0.158411 0 0
290000 5.16026 5.16205 0 -0.153772 0 0
300000 5.2185 5.16234 0 -0.198688 0 0
310000 5.07539 5.09987 0 -0.200012 0 0
320000 5.18193 5.15793 0 -0.130401 0 0
330000 5.15699 4.97282 0 -0.210011 0 0
340000 5.23999 5.01429 0 -0.153484 0 0
350000 5.11977 5.13061 0 -0.151511 0 0
360000 5.05735 5.12824 0 -0.186269 0 0
370000 5.15226 5.09555 0 -0.110711 0 0
380000 5.22859 5.05938 0 -0.11906 0 0
390000 5.22017 5.17832 0 -0.109044 0 0
400000 5.11608 5.12767 0 -0.147428 0 0
410000 5.09745 5.13332 0 -0.102901 0 0
420000 5.1083 5.12327 0 -0.0262529 0 0
430000 5.14475 5.11448 0 -0.102726 0 0
440000 5.14848 5.18267 0 0.00154003 0 0
450000 5.17137 5.05251 0 -0.0610685 0 0
460000 5.20975 5.099 0 -0.0349425 0 0
470000 5.12007 5.08142 0 -0.0473203 0 0
480000 5.06231 5.23974 0 -0.00235926 0 0
490000 5.30016 5.0226 0 -0.00828007 0 0
500000 5.25039 5.06456 0 -0.0390973 0 0
510000 5.08142 5.06999 0 0.00245429 0 0
520000 5.20161 4.99688 0 0.0452302 0 0
530000 5.24437 4.97396 0 0.018991 0 0
540000 5.1029 5.15505 0 0.0561476 0 0
550000 5.18642 5.10799 0 0.0665449 0 0
560000 5.16205 5.12983 0 0.131453 0 0
570000 5.13107 5.1316 0 0.0734173 0 0
580000 5.19033 5.11758 0 0.0630255 0 0
590000 5.13041 5.15179 0 0.201365 0 0
600000 5.14067 5.02559 0 0.000623185 0 0
610000 5.18031 5.06968 0 0.115968 0 0
620000 5.17816 5.05055 0 0.115643 0 0
630000 5.15234 4.96411 0 0.0642039 0 0
640000 5.25399 5.06923 0 0.19372 0 0
650000 5.15422 5.06524 0 0.106802 0 0
660000 5.19921 5.06699 0 0.188594 0 0
670000 5.24767 5.01175 0 0.220554 0 0
680000 5.17565 5.11713 0 0.106458 0 0
690000 5.07219 5.15353 0 0.197742 0 0
700000 5.29493 5.01503 0 0.203759 0 0
710000 5.20464 5.03536 0 0.158061 0 0
720000 5.15743 5.08563 0 0.161837 0 0
730000 5.22629 5.02223 0 0.152041 0 0
740000 5.17228 5.0803 0 0.119314 0 0
750000 5.12461 5.17428 0 0.189664 0 0
760000 5.22242 5.03902 0 0.166406 0 0
770000 5.1321 4.9515 0 0.147143 0 0
780000 5.05682 5.17239 0 0.15057 0 0
790000 5.08659 5.11261 0 0.18953 0 0
800000 5.06748 5.06796 0 0.178748 0 0
810000 5.10508 4.96133 0 0.175416 0 0
820000 5.07305 5.13634 0 0.130746 0 0
830000 5.14505 5.04624 0 0.170842 0 0
840000 5.17177 5.11526 0 0.139402 0 0
850000 5.12332 5.16609 0 0.104053 0 0
860000 5.10391 5.08007 0 0.144882 0 0
870000 5.16203 5.0203 0 0.141152 0 0
880000 5.18464 5.05405 0 0.0239502 0 0
890000 5.17077 5.14386 0 0.127283 0 0
900000 5.29384 4.94748 0 0.13035 0 0
910000 5.14244 5.03863 0 0.0745262 0 0
920000 5.16164 5.06202 0 0.0968327 0 0
930000 5.12921 5.07035 0 -0.00566644 0 0
940000 5.16057 5.04522 0 0.119917 0 0
950000 5.12864 5.13202 0 0.0048202 0 0
960000 5.15614 5.11302 0 0.0414986 0 0
970000 5.15767 4.98704 0 -0.0246135 0 0
980000 5.16191 5.15282 0 -0.00647944 0 0
990000 5.15752 5.01128 0 -0.0404824 0 0
1000000 5.15054 5.1211 0 0.057678 0 0
1010000 5.12587 5.14324 0 -0.0371333 0 0
1020000 5.12857 5.20331 0 -0.082689 0 0
1030000 5.06953 5.05866 0 -0.0228379 0 0
1040000 5.12721 5.0937 0 -0.0549998 0 0
1050000 5.0696 5.11624 0 -0.0494948 0 0
1060000 5.2158 5.08484 0 -0.162886 0 0
1070000 5.16693 5.02644 0 -0.160224 0 0
1080000 5.09503 5.22085 0 -0.10543 0 0
1090000 5.09792 5.02532 0 -0.117962 0 0
1100000 5.15768 5.05725 0 -0.0510785 0 0
1110000 5.15009 5.0239 0 -0.150266 0 0
1120000 5.14422 5.1394 0 -0.126624 0 0
1130000 5.15756 5.11685 0 -0.0811459 0 0
1140000 5.16695 5.1021 0 -0.109339 0 0
1150000 5.17411 5.08513 0 -0.223969 0 0
1160000 5.07125 5.12018 0 -0.105264 0 0
1170000 5.16318 5.1554 0 -0.168854 0 0
1180000 5.22087 5.10949 0 -0.217798 0 0
1190000 5.20463 5.08445 0 -0.265083 0 0
1200000 5.1376 5.12755 0 -0.23705 0 0
1210000 5.0714 5.13431 0 -0.199524 0 0
1220000 5.24005 5.08117 0 -0.227505 0 0
1230000 5.1687 5.13192 0 -0.289114 0 0
1240000 5.11236 5.08471 0 -0.115239 0 0
1250000 5.13113 5.21818 0 -0.168981 0 0
1260000 5.08373 5.08078 0 -0.116186 0 0
1270000 5.14928 5.11885 0 -0.127961 0 0
1280000 5.1163 5.08114 0 -0.182775 0 0
1290000 5.16005 5.00761 0 -0.152862 0 0
1300000 5.19346 4.99161 0 -0.085658 0 0
1310000 5.19107 5.08201 0 -0.0700776 0 0
1320000 5.15548 5.14946 0 -0.0536764 0 0
1330000 5.09838 5.11187 0 -0.177336 0 0
1340000 5.17945 5.13398 0 -0.0713688 0 0
1350000 5.14192 5.12714 0 -0.115409 0 0
1360000 5.08989 5.05386 0 -0.0672939 0 0
1370000 5.19935 5.14905 0 -0.122585 0 0
1380000 5.07712 5.22049 0 -0.0168558 0 0
1390000 5.11652 5.14703 0 -0.0873464 0 0
1400000 5.14611 5.15356 0 -0.0389013 0 0
1410000 5.11101 5.17305 0 -0.0378899 0 0
1420000 5.0418 5.14505 0 -0.0683712 0 0
1430000 5.13123 5.14392 0 -0.0721753 0 0
1440000 5.02917 5.18404 0 0.00874547 0 0
1450000 5.14889 5.17196 0 -0.0524856 0 0
1460000 5.06371 5.08465 0 0.0416275 0 0
1470000 5.15399 5.14185 0 -0.0165192 0 0
1480000 5.25624 5.05127 0 -0.0453442 0 0
1490000 5.17746 5.20124 0 0.0468328 0 0
1500000 5.18097 5.06157 0 0.133651 0 0
1510000 5.14393 5.14178 0 0.0589415 0 0
1520000 5.27605 4.99434 0 -0.00260439 0 0
1530000 5.20513 5.03948 0 0.0449455 0 0
1540000 5.222 5.03374 0 0.035818 0 0
1550000 5.27595 5.00762 0 0.114102 0 0
1560000 5.10191 5.13492 0 0.107855 0 0
1570000 5.18626 4.99401 0 0.0972899 0 0
1580000 5.16534 5.01676 0 0.130011 0 0
1590000 5.18019 4.97769 0 0.134054 0 0
1600000 5.09688 5.01091 0 0.236803 0 0
1610000 5.14547 5.13684 0 0.117163 0 0
1620000 5.21348 5.00043 0 0.0269181 0 0
1630000 5.18861 5.00582 0 0.127037 0 0
1640000 5.18405 5.05674 0 0.247415 0 0
1650000 5.23575 5.04859 0 0.161317 0 0
1660000 5.33723 5.07654 0 0.230919 0 0
1670000 5.13847 5.08767 0 0.166556 0 0
1680000 5.10737 4.9543 0 0.212027 0 0
1690000 5.12411 5.16316 0 0.191419 0 0
1700000 5.17392 5.07677 0 0.218283 0 0
1710000 5.15672 5.06985 0 0.199001 0 0
1720000 5.08127 5.10919 0 0.202225 0 0
1730000 5.18926 5.13235 0 0.239275 0 0
1740000 5.16738 5.08053 0 0.253308 0 0
1750000 5.16049 5.07119 0 0.108114 0 0
1760000 5.06178 5.17484 0 0.214271 0 0
1770000 5.21933 5.09601 0 0.125914 0 0
1780000 5.18429 5.21875 0 0.184209 0 0
1790000 5.20267 5.02514 0 0.264998 0 0
1800000 5.16292 5.0843 0 0.191241 0 0
1810000 5.18294 5.05558 0 0.176579 0 0
1820000 5.09262 5.06034 0 0.121133 0 0
1830000 5.16547 5.00649 0 0.0148517 0 0
1840000 5.15957 5.13729 0 0.17766 0 0
1850000 5.0457 5.1354 0 0.138212 0 0
1860000 5.05382 5.1765 0 0.143418 0 0
1870000 5.15599 5.15892 0 0.200034 0 0
1880000 5.1534 5.08192 0 0.122521 0 0
1890000 5.22673 5.04489 0 0.135305 0 0
1900000 5.18812 5.08329 0 0.191004 0 0
1910000 5.21269 5.11008 0 0.189235 0 0
1920000 5.07477 5.13651 0 -0.00343138 0 0
1930000 5.12541 5.13304 0 0.0785059 0 0
1940000 5.18737 5.06093 0 0.0248814 0 0
1950000 5.12408 5.16963 0 0.0790456 0 0
1960000 5.12536 5.13977 0 0.0445774 0 0
1970000 5.23872 5.09571 0 8.06888e-05 0 0
1980000 5.09921 5.12302 0 0.0361292 0 0
1990000 5.12122 5.11308 0 -0.0355341 0 0
2000000 5.21225 5.07491 0 -0.0022851 0 0
2010000 5.04355 4.95968 0 -0.104346 0 0
2020000 5.01302 5.15111 0 -0.0226823 0 0
2030000 5.05513 4.96135 0 -0.100304 0 0
2040000 5.21805 5.04302 0 -0.01434 0 0
2050000 5.22083 5.07534 0 -0.0604654 0 0
2060000 5.1015 5.12278 0 -0.0810003 0 0
2070000 5.17342 4.98736 0 -0.167604 0 0
2080000 5.35144 4.97542 0 -0.133923 0 0
2090000 5.20673 5.01346 0 -0.057631 0 0
2100000 5.1727 5.10742 0 -0.0966071 0 0
2110000 5.11164 5.06934 0 -0.142438 0 0
2120000 5.2653 5.10943 0 -0.0759237 0 0
2130000 5.18483 5.01451 0 -0.14562 0 0
2140000 5.2191 5.04801 0 -0.0865488 0 0
2150000 5.17531 5.04324 0 -0.154111 0 0
2160000 5.07885 5.11213 0 -0.172057 0 0
2170000 5.19848 5.08321 0 -0.142406 0 0
2180000 5.31892 4.96659 0 -0.149324 0 0
2190000 5.17546 5.07964 0 -0.188123 0 0
2200000 5.13825 5.14601 0 -0.179719 0 0
2210000 5.164 5.06811 0 -0.210485 0 0
2220000 5.18278 5.05059 0 -0.163843 0 0
2230000 5.24461 5.02399 0 -0.147525 0 0
2240000 5.20353 5.08192 0 -0.111452 0 0
2250000 5.20172 5.13976 0 -0.167617 0 0
2260000 5.13307 5.09654 0 -0.142313 0 0
2270000 5.18984 5.03238 0 -0.159645 0 0
2280000 5.22683 5.08076 0 -0.178782 0 0
2290000 5.18949 5.09402 0 -0.115952 0 0
2300000 5.1789 5.05783 0 -0.0269934 0 0
2310000 5.18912 5.11073 0 -0.0455759 0 0
2320000 5.13955 5.19315 0 -0.090636 0 0
2330000 5.2005 5.10409 0 -0.123418 0 0
2340000 5.10884 5.13946 0 -0.156791 0 0
2350000 5.1485 5.07085 0 -0.129135 0 0
2360000 5.22375 5.12102 0 -0.0741232 0 0
2370000 5.26331 4.94746 0 -0.102848 0 0
2380000 5.23343 5.08944 0 -0.111411 0 0
2390000 5.24802 5.0584 0 -0.04976 0 0
2400000 5.11021 5.00425 0 -0.0956837 0 0
2410000 5.18019 5.16267 0 -0.0297499 0 0
2420000 5.07714 5.1417 0 -0.027349 0 0
2430000 5.12718 5.16796 0 0.0475005 0 0
2440000 5.22088 4.96298 0 -0.041469 0 0
2450000 5.13197 5.14592 0 -0.075495 0 0
2460000 5.04834 5.10896 0 0.0214947 0 0
2470000 5.10944 5.13536 0 -0.000515799 0 0
2480000 5.13579 4.94636 0 0.0748767 0 0
2490000 5.06315 5.09052 0 0.12711 0 0
2500000 5.19563 5.14334 0 0.0523957 0 0
2510000 5.25346 5.06526 0 0.0620905 0 0
2520000 5.20945 5.096 0 0.0950852 0 0
2530000 5.21119 5.06031 0 0.00568328 0 0
2540000 5.18896 5.16627 0 0.0895746 0 0
2550000 5.19764 5.05829 0 0.199993 0 0
2560000 5.1311 5.07554 0 0.171105 0 0
2570000 5.27702 5.03431 0 0.154454 0 0
2580000 5.16165 5.09789 0 0.178764 0 0
2590000 5.17747 5.11189 0 0.183106 0 0
2600000 5.09585 5.08683 0 0.159068 0 0
2610000 5.1316 5.05083 0 0.23317 0 0
2620000 5.1993 5.00054 0 0.119591 0 0
2630000 5.10869 5.12878 0 0.125091 0 0
2640000 5.24087 5.09618 0 0.274055 0 0
2650000 5.16242 5.11281 0 0.157251 0 0
2660000 5.1984 5.00127 0 0.204227 0 0
2670000 5.19819 5.12477 0 0.183184 0 0
2680000 5.16855 5.06275 0 0.176923 0 0
2690000 5.28702 5.0575 0 0.10097 0 0
2700000 5.25728 5.05624 0 0.198351 0 0
2710000 5.13248 5.12446 0 0.231515 0 0
2720000 5.12851 5.04196 0 0.147542 0 0
2730000 5.2069 5.01911 0 0.245599 0 0
2740000 5.30933 5.13051 0 0.151488 0 0
2750000 5.24345 5.10123 0 0.105275 0 0
2760000 5.21298 5.14789 0 0.160074 0 0
2770000 5.19538 5.15272 0 0.194592 0 0
2780000 5.16358 4.9695 0 0.209212 0 0
2790000 5.17784 5.06141 0 0.187659 0 0
2800000 5.17307 5.10387 0 0.16514 0 0
2810000 5.17037 5.14053 0 0.262847 0 0
2820000 5.29215 5.08418 0 0.205798 0 0
2830000 5.19688 5.0299 0 0.170714 0 0
2840000 5.29223 5.02776 0 0.139828 0 0
2850000 5.21938 5.11913 0 0.110779 0 0
2860000 5.26558 5.12208 0 0.128903 0 0
2870000 5.17222 5.04305 0 0.193841 0 0
2880000 5.03136 5.08526 0 0.162124 0 0
2890000 5.25718 5.13752 0 0.116651 0 0
2900000 5.22698 5.09065 0 0.0830965 0 0
2910000 5.25892 5.01673 0 0.0945612 0 0
2920000 5.1917 5.13912 0 0.0552021 0 0
2930000 5.19794 5.06581 0 0.0589781 0 0
2940000 5.08225 5.07664 0 -0.000147953 0 0
2950000 5.20011 4.96519 0 0.0835527 0 0
2960000 5.24486 5.08225 0 0.0803854 0 0
2970000 5.15711 5.04606 0 0.112847 0 0
2980000 5.12586 5.10909 0 0.039105 0 0
2990000 5.12238 5.18668 0 0.0161087 0 0
3000000 5.22108 5.04447 0 0.00310049 0 0
3010000 5.33181 5.06402 0 0.0705699 0 0
3020000 5.14801 5.0155 0 -0.0841596 0 0
3030000 5.20954 5.08045 0 -0.162164 0 0
3040000 5.08984 5.13622 0 -0.0405899 0 0
3050000 5.20644 5.05844 0 -0.0687882 0 0
3060000 5.2629 5.07502 0 -0.0270822 0 0
3070000 5.14382 5.12659 0 -0.0854336 0 0
3080000 5.11986 5.02323 0 -0.151324 0 0
3090000 5.06932 5.20299 0 -0.195485 0 0
3100000 5.21395 4.98899 0 -0.123246 0 0
3110000 5.13793 5.0438 0 -0.0686677 0 0
3120000 5.2415 5.1312 0 -0.0736235 0 0
3130000 5.14982 5.0978 0 -0.151849 0 0
3140000 5.12751 5.16353 0 -0.129723 0 0
3150000 5.10412 5.05653 0 -0.198418 0 0
3160000 5.19533 5.06109 0 -0.109358 0 0
3170000 5.19979 5.12685 0 -0.0795173 0 0
3180000 5.09465 5.05168 0 -0.128983 0 0
3190000 5.15022 5.11345 0 -0.109979 0 0
3200000 5.25659 4.98018 0 -0.220421 0 0
3210000 5.19116 5.14082 0 -0.095869 0 0
3220000 5.13557 5.08979 0 -0.130718 0 0
3230000 5.1703 5.07702 0 -0.21331 0 0
3240000 5.19978 5.07779 0 -0.12904 0 0
3250000 5.167 5.11009 0 -0.104346 0 0
3260000 5.21509 5.00541 0 -0.0637868 0 0
3270000 5.2287 5.06986 0 -0.183803 0 0
3280000 5.18214 4.98722 0 -0.167054 0 0
3290000 5.21468 5.09487 0 -0.164933 0 0
3300000 5.04898 5.08259 0 -0.178409 0 0
3310000 5.05246 5.02466 0 -0.108744 0 0
3320000 5.10585 5.10636 0 -0.172967 0 0
3330000 5.14979 5.02128 0 -0.146019 0 0
3340000 5.14453 5.08016 0 -0.0965345 0 0
3350000 5.11547 5.17373 0 -0.155447 0 0
3360000 5.19571 5.06331 0 -0.142534 0 0
3370000 5.17117 5.05467 0 -0.175804 0 0
3380000 5.13847 4.95706 0 -0.0467096 0 0
3390000 5.17327 5.12272 0 -0.108818 0 0
3400000 5.17029 5.06789 0 -0.072884 0 0
3410000 5.16172 5.14077 0 -0.0959697 0 0
3420000 5.1813 5.1982 0 -0.133406 0 0
3430000 5.13285 5.16123 0 0.0443913 0 0
3440000 5.16669 5.03659 0 -0.0932628 0 0
3450000 5.14898 5.10695 0 0.00502487 0 0
3460000 5.06648 5.16526 0 0.0391915 0 0
3470000 5.16782 5.09377 0 0.00614893 0 0
3480000 5.1068 5.02654 0 0.0225788 0 0
3490000 5.07913 5.08764 0 0.0509814 0 0
3500000 5.29912 5.07851 0 0.0368535 0 0
3510000 5.21045 5.00962 0 0.160707 0 0
3520000 5.21907 4.97608 0 0.0743713 0 0
3530000 5.18601 5.14172 0 0.169311 0 0
3540000 5.28178 5.00886 0 0.0340551 0 0
3550000 5.06754 5.07491 0 0.148333 0 0
3560000 5.17534 5.12896 0 0.123133 0 0
3570000 5.14621 5.013 0 0.141298 0 0
3580000 5.19741 5.08465 0 0.129531 0 0
3590000 5.32718 5.0166 0 0.222412 0 0
3600000 5.13439 5.07425 0 0.273066 0 0
3610000 5.14395 5.15153 0 0.135847 0 0
3620000 5.12722 5.05056 0 0.187758 0 0
3630000 5.14494 5.14529 0 0.207338 0 0
3640000 5.23823 5.02515 0 0.21428 0 0
3650000 5.13001 5.08317 0 0.190033 0 0
3660000 5.22068 5.01651 0 0.288063 0 0
3670000 5.19713 5.08152 0 0.16369 0 0
3680000 5.12583 5.01152 0 0.134577 0 0
3690000 5.22953 5.07617 0 0.236728 0 0
3700000 5.13506 4.97031 0 0.16822 0 0
3710000 5.27877 5.07772 0 0.254387 0 0
3720000 5.12774 5.16808 0 0.176344 0 0
3730000 5.16812 5.12399 0 0.16421 0 0
3740000 5.14035 4.97654 0 0.20484 0 0
3750000 5.17417 5.0718 0 0.200319 0 0
3760000 5.14082 4.96483 0 0.174966 0 0
3770000 5.14796 5.07486 0 0.150042 0 0
3780000 5.18017 5.18925 0 0.20276 0 0
3790000 5.22065 5.11123 0 0.167121 0 0
3800000 5.17971 5.06275 0 0.195574 0 0
3810000 5.19719 5.09001 0 0.0992668 0 0
3820000 5.1998 5.08826 0 0.13578 0 0
3830000 5.16814 5.16689 0 0.196843 0 0
3840000 5.19594 5.06116 0 0.149989 0 0
3850000 5.19161 5.05229 0 0.118361 0 0
3860000 5.21525 5.0041 0 0.198346 0 0
3870000 5.25149 5.0151 0 0.0450052 0 0
3880000 5.11388 5.05143 0 0.174884 0 0
3890000 5.14452 5.01986 0 0.0193148 0 0
3900000 5.08877 5.13398 0 0.0820603 0 0
3910000 5.3059 5.0165 0 0.0890949 0 0
3920000 5.11954 5.05159 0 0.0647276 0 0
3930000 5.24529 5.05922 0 0.033173 0 0
3940000 5.22649 5.06791 0 0.0949808 0 0
3950000 5.10371 5.07359 0 0.0146123 0 0
3960000 5.20832 4.89455 0 0.0449908 0 0
3970000 5.13673 5.03052 0 -0.0134169 0 0
3980000 5.1544 5.03426 0 0.0673115 0 0
3990000 5.24972 5.07177 0 0.0163303 0 0
4000000 5.12218 5.03904 0 -0.0773588 0 0
4010000 5.17852 5.03037 0 -0.0327301 0 0
4020000 5.21546 5.14176 0 -0.0375357 0 0
4030000 5.16544 5.08716 0 0.00560176 0 0
4040000 5.10898 5.18337 0 -0.0383131 0 0
4050000 5.1543 5.07431 0 -0.0389393 0 0
4060000 5.16263 4.99884 0 -0.0348697 0 0
4070000 5.2402 5.02331 0 -0.128993 0 0
4080000 5.10496 5.00003 0 -0.103892 0 0
4090000 5.10056 5.0609 0 -0.0186561 0 0
4100000 5.13623 4.98893 0 -0.140683 0 0
4110000 5.11856 5.08354 0 -0.0876516 0 0
4120000 5.19178 5.08663 0 -0.19351 0 0
4130000 5.10969 5.12149 0 -0.154656 0 0
4140000 5.17254 4.95141 0 -0.129499 0 0
4150000 5.0804 5.01745 0 -0.12375 0 0
4160000 5.18436 5.09315 0 -0.173011 0 0
4170000 5.21849 5.02763 0 -0.0950682 0 0
4180000 5.12925 5.01359 0 -0.173249 0 0
4190000 5.14356 5.05751 0 -0.237154 0 0
4200000 5.12777 5.19706 0 -0.110263 0 0
4210000 5.19677 5.05998 0 -0.142164 0 0
4220000 5.2599 4.95595 0 -0.119998 0 0
4230000 5.18958 5.07826 0 -0.202179 0 0
4240000 5.24414 5.10189 0 -0.246232 0 0
4250000 5.11877 5.11631 0 -0.187538 0 0
4260000 5.13866 5.10387 0 -0.10812 0 0
4270000 5.16536 4.99523 0 -0.223848 0 0
4280000 5.23222 5.00301 0 -0.101646 0 0
4290000 5.25743 5.08704 0 -0.116694 0 0
4300000 5.11295 5.05563 0 -0.165525 0 0
4310000 5.17368 5.03315 0 -0.114586 0 0
4320000 5.18416 5.10593 0 -0.158265 0 0
4330000 5.20899 5.1168 0 -0.1065 0 0
4340000 5.27023 5.05508 0 -0.225048 0 0
4350000 5.14094 5.06245 0 -0.0524366 0 0
4360000 5.11507 5.10501 0 -0.157223 0 0
4370000 5.14145 5.12293 0 -0.0728525 0 0
4380000 5.15376 5.03715 0 -0.037499 0 0
4390000 5.17074 5.05542 0 0.0213654 0 0
4400000 5.17713 4.99397 0 -0.130557 0 0
4410000 5.11476 5.03792 0 -0.0383719 0 0
4420000 5.16269 5.08537 0 -0.0183734 0 0
4430000 5.01624 5.01777 0 -0.0303337 0 0
4440000 5.15591 5.10683 0 0.0516308 0 0
4450000 5.26907 4.98163 0 0.00431467 0 0
4460000 5.10501 4.98966 0 0.0124663 0 0
4470000 5.12714 5.00924 0 0.023574 0 0
4480000 5.0421 5.02009 0 0.0543495 0 0
4490000 5.26713 5.08557 0 0.0545211 0 0
4500000 5.21523 5.05116 0 0.0910487 0 0
4510000 5.20371 5.07382 0 0.083572 0 0
4520000 5.28746 4.99157 0 0.163536 0 0
4530000 5.23803 5.04694 0 0.169208 0 0
4540000 5.17675 5.10848 0 0.0695117 0 0
4550000 5.22854 5.12749 0 0.160005 0 0
4560000 5.15644 5.10637 0 0.12287 0 0
4570000 5.24943 4.9246 0 0.127631 0 0
4580000 5.23461 5.05162 0 0.212478 0 0
4590000 5.15611 5.07754 0 0.171989 0 0
4600000 5.0411 5.12849 0 0.204437 0 0
4610000 5.1497 5.0378 0 0.255166 0 0
4620000 5.17232 5.12746 0 0.168434 0 0
4630000 5.2319 5.0346 0 0.172355 0 0
4640000 5.18834 5.08665 0 0.204644 0 0
4650000 5.13687 5.12874 0 0.155234 0 0
4660000 5.1245 5.01341 0 0.209842 0 0
4670000 5.14172 5.01671 0 0.255674 0 0
4680000 5.1078 5.01858 0 0.203656 0 0
4690000 5.18793 5.03886 0 0.273513 0 0
4700000 5.14263 5.12818 0 0.257548 0 0
4710000 5.09057 5.06609 0 0.238988 0 0
4720000 5.1006 5.10361 0 0.237643 0 0
4730000 5.22371 5.05808 0 0.239038 0 0
4740000 5.13267 5.09009 0 0.214078 0 0
4750000 5.21191 5.05209 0 0.313059 0 0
4760000 5.17118 5.02815 0 0.254347 0 0
4770000 5.12037 5.13882 0 0.235764 0 0
4780000 5.16448 5.05706 0 0.201286 0 0
4790000 5.18091 5.09191 0 0.142587 0 0
4800000 5.20661 5.02001 0 0.185194 0 0
4810000 5.20219 5.07822 0 0.217136 0 0
4820000 5.2 5.1284 0 0.262615 0 0
4830000 5.21545 5.07627 0 0.221315 0 0
4840000 5.13592 5.14169 0 0.187633 0 0
4850000 5.14731 5.03278 0 0.216211 0 0
4860000 5.13896 5.19738 0 0.119807 0 0
4870000 5.18886 5.05787 0 0.200397 0 0
4880000 5.12957 5.00879 0 0.244428 0 0
4890000 5.15386 5.00172 0 0.182058 0 0
4900000 5.17951 5.01329 0 0.127629 0 0
4910000 5.19964 5.04301 0 0.140454 0 0
4920000 5.17218 5.0349 0 0.162409 0 0
4930000 5.04774 5.07988 0 0.1635 0 0
4940000 5.1239 5.06479 0 0.0295956 0 0
4950000 5.16333 4.95975 0 0.0570592 0 0
4960000 5.1204 5.02838 0 0.0384089 0 0
4970000 5.18525 5.12451 0 0.0127445 0 0
4980000 5.13513 5.10551 0 0.031314 0 0
4990000 5.24063 5.00473 0 -0.0469602 0 0
5000000 5.09795 5.09997 0 -0.102937 0 0
