# Time-averaged data for fix ps1
# TimeStep c_thermo_press[1] c_thermo_press[2] c_thermo_press[3] c_thermo_press[4] c_thermo_press[5] c_thermo_press[6]
0 6.98033 6.9821 0 -0.0371721 0 0
10000 7.51368 7.76231 0 -0.0332403 0 0
20000 7.76303 7.66295 0 0.0626907 0 0
30000 7.52877 7.81346 0 -0.0741014 0 0
40000 7.6184 7.80303 0 0.00936333 0 0
50000 7.73284 7.53987 0 0.158389 0 0
60000 7.73414 7.83936 0 -0.00946551 0 0
70000 7.77193 7.55281 0 -0.107934 0 0
80000 7.6711 7.61622 0 -0.132092 0 0
90000 7.62875 7.81007 0 -0.0044512 0 0
100000 7.69153 7.84949 0 -0.00683521 0 0
110000 7.74487 7.67857 0 0.0161312 0 0
120000 7.60591 7.68264 0 0.00836987 0 0
130000 7.72204 7.79038 0 0.147925 0 0
140000 7.69965 7.85211 0 -0.0424278 0 0
150000 7.90742 7.81981 0 0.0644893 0 0
160000 7.70901 7.79021 0 0.032607 0 0
170000 7.77436 7.75608 0 0.0532636 0 0
180000 7.80114 7.64614 0 -0.0371812 0 0
190000 7.57207 7.80487 0 -0.0284886 0 0
200000 7.66016 7.73034 0 0.0206009 0 0
210000 7.55445 7.70028 0 -0.0352353 0 0
220000 7.60302 7.68339 0 -0.088283 0 0
230000 7.55864 7.77212 0 -0.0247803 0 0
240000 7.52496 7.78326 0 0.000638078 0 0
250000 7.73892 7.60317 0 -0.0814982 0 0
260000 7.66426 7.78758 0 0.0407691 0 0
270000 7.63766 7.66616 0 -0.0561987 0 0
280000 7.7165 7.59649 0 0.105248 0 0
290000 7.69256 7.73046 0 -0.223822 0 0
300000 7.79632 7.82206 0 -0.0007713 0 0
310000 7.546 7.82933 0 -0.0546145 0 0
320000 7.72201 7.57702 0 0.0179319 0 0
330000 7.64211 7.65877 0 0.0476654 0 0
340000 7.69273 7.82946 0 0.0099394 0 0
350000 7.66137 7.82061 0 0.0882712 0 0
360000 7.78408 7.64703 0 -0.00126299 0 0
370000 7.78376 7.63326 0 0.0954016 0 0
380000 7.89376 7.39184 0 0.0560038 0 0
390000 7.71839 7.67378 0 0.0101649 0 0
400000 7.65412 7.67377 0 -0.0528362 0 0
410000 7.69447 7.85746 0 0.0611428 0 0
420000 7.5575 7.62322 0 0.0211643 0 0
430000 7.74366 7.60899 0 -0.0432391 0 0
440000 7.83661 7.49566 0 0.0227793 0 0
450000 7.60992 7.51063 0 -0.0979977 0 0
460000 7.73565 7.84373 0 -0.0462959 0 0
470000 7.74482 7.57619 0 -0.0485141 0 0
480000 7.69912 7.84473 0 0.0308866 0 0
490000 7.71675 7.59005 0 -0.00316204 0 0
500000 7.71745 7.75472 0 0.0043902 0 0
510000 7.60051 7.72698 0 -0.0762831 0 0
520000 7.61655 7.76449 0 -0.0592512 0 0
530000 7.76624 7.79721 0 -0.054445 0 0
540000 7.74843 7.55142 0 -0.0483473 0 0
550000 7.67499 7.59066 0 0.121376 0 0
560000 7.7512 7.5155 0 0.0129212 0 0
570000 7.65057 7.68165 0 0.174245 0 0
580000 7.67358 7.63 0 0.0106528 0 0
590000 7.74339 7.4932 0 0.132459 0 0
600000 7.49125 7.6467 0 0.0601879 0 0
610000 7.62402 7.5752 0 0.0123757 0 0
620000 7.63609 7.60611 0 -0.0186694 0 0
630000 7.79002 7.57368 0 -0.0839252 0 0
640000 7.64741 7.7345 0 0.0213186 0 0
650000 7.71159 7.6645 0 -0.073343 0 0
660000 7.85784 7.77768 0 -0.0459808 0 0
670000 7.77255 7.59024 0 -0.126556 0 0
680000 7.82126 7.527 0 -0.0358212 0 0
690000 7.64212 7.54625 0 0.0340622 0 0
700000 7.79241 7.55365 0 -0.0736094 0 0
710000 7.81204 7.69457 0 -0.0284526 0 0
720000 7.71183 7.84919 0 0.101315 0 0
730000 7.62701 7.81615 0 0.00481004 0 0
740000 7.61136 7.81142 0 -0.0482522 0 0
750000 7.70585 7.59608 0 0.0741195 0 0
760000 7.67639 7.62663 0 0.0873797 0 0
770000 7.71418 7.74161 0 0.0200282 0 0
780000 7.56822 7.73392 0 0.00287546 0 0
790000 7.65087 7.66853 0 0.0435338 0 0
800000 7.69608 7.70738 0 0.0864485 0 0
810000 7.74661 7.54108 0 0.0281007 0 0
820000 7.58251 7.69699 0 -0.0741787 0 0
830000 7.65569 7.68912 0 -0.0548469 0 0
840000 7.72713 7.60371 0 0.00329532 0 0
850000 7.79464 7.46955 0 -0.0674695 0 0
860000 7.74719 7.58596 0 -0.127319 0 0
870000 7.54057 7.85725 0 -0.072799 0 0
880000 7.6849 7.67553 0 -0.0467444 0 0
890000 7.62247 7.86702 0 0.0205339 0 0
900000 7.49602 7.60665 0 0.0353784 0 0
910000 7.69872 7.68408 0 -0.00888245 0 0
920000 7.51392 7.7765 0 -0.0190147 0 0
930000 7.74995 7.59978 0 -0.0402381 0 0
940000 7.61641 7.66025 0 -0.0710739 0 0
950000 7.79821 7.64859 0 0.0601085 0 0
960000 7.59613 7.74347 0 0.0564382 0 0
970000 7.49485 7.49697 0 -0.055909 0 0
980000 7.55623 7.71651 0 0.0544452 0 0
990000 7.55062 7.52285 0 0.100244 0 0
1000000 7.54791 7.82538 0 -0.0670963 0 0
1010000 7.57354 7.75697 0 0.053204 0 0
1020000 7.74521 7.71156 0 -0.129266 0 0
1030000 7.65963 7.62328 0 0.0686517 0 0
1040000 7.76958 7.4172 0 0.0900749 0 0
1050000 7.62803 7.66939 0 0.0169481 0 0
1060000 7.68659 7.84673 0 -0.00258128 0 0
1070000 7.75368 7.68833 0 -0.0429012 0 0
1080000 7.75372 7.5932 0 -0.000799151 0 0
1090000 7.71272 7.66975 0 -0.00340383 0 0
1100000 7.94768 7.57554 0 0.0668267 0 0
1110000 7.54455 7.67971 0 -0.0175052 0 0
1120000 7.69908 7.78761 0 -0.0418914 0 0
1130000 7.81688 7.71487 0 -0.0156839 0 0
1140000 7.68042 7.76859 0 0.0492091 0 0
1150000 7.78961 7.64544 0 -0.00452616 0 0
1160000 7.63998 7.64847 0 -0.0968094 0 0
1170000 7.79371 7.70585 0 0.184701 0 0
1180000 7.73901 7.67784 0 0.114389 0 0
1190000 7.74171 7.49766 0 -0.0419577 0 0
1200000 7.87564 7.50759 0 -0.0132686 0 0
1210000 7.76179 7.79139 0 0.0920726 0 0
1220000 7.6463 7.78251 0 0.0219442 0 0
1230000 7.67407 7.61298 0 -0.126305 0 0
1240000 7.68277 7.76382 0 0.0815342 0 0
1250000 7.70502 7.68224 0 -0.0416237 0 0
1260000 7.73802 7.7372 0 -0.0740834 0 0
1270000 7.69217 7.74161 0 -0.0615893 0 0
1280000 7.64878 7.70603 0 -0.090442 0 0
1290000 7.77102 7.89125 0 0.075317 0 0
1300000 7.81527 7.62005 0 0.13144 0 0
1310000 7.64746 7.62286 0 -0.146039 0 0
1320000 7.76196 7.48743 0 -0.116297 0 0
1330000 7.63532 7.73076 0 -0.00516609 0 0
1340000 7.76931 7.72107 0 -0.057958 0 0
1350000 7.96268 7.76335 0 0.0389478 0 0
1360000 7.7058 7.76804 0 -0.00169871 0 0
1370000 7.86012 7.62288 0 0.0340105 0 0
1380000 7.87809 7.87981 0 0.161433 0 0
1390000 7.81868 7.71818 0 -0.0152848 0 0
1400000 7.59687 7.77118 0 0.0764678 0 0
1410000 7.58893 7.82352 0 0.0258319 0 0
1420000 7.53736 7.64231 0 0.0309484 0 0
1430000 7.97585 7.52216 0 0.117774 0 0
1440000 7.76381 7.57844 0 -0.0358709 0 0
1450000 7.70323 7.57509 0 -0.0242015 0 0
1460000 7.76393 7.68029 0 0.106124 0 0
1470000 7.68251 7.59501 0 0.0053391 0 0
1480000 7.76556 7.57362 0 -0.0593705 0 0
1490000 7.74869 7.72855 0 0.0428165 0 0
1500000 7.68877 7.69985 0 0.0469388 0 0
1510000 7.67402 7.42846 0 0.0413202 0 0
1520000 7.51379 7.77549 0 0.0435866 0 0
1530000 7.62332 7.65197 0 -0.09062 0 0
1540000 7.71336 7.61008 0 -0.00331573 0 0
1550000 7.8523 7.57614 0 -0.0397926 0 0
1560000 7.75115 7.8544 0 0.023604 0 0
1570000 7.56078 7.81008 0 0.0595745 0 0
1580000 7.52236 7.73288 0 -0.0296889 0 0
1590000 7.60473 7.61745 0 0.100603 0 0
1600000 7.723 7.70638 0 0.066802 0 0
1610000 7.63089 7.75885 0 0.085931 0 0
1620000 7.96465 7.67195 0 -0.0075362 0 0
1630000 7.62769 7.67776 0 0.0229511 0 0
1640000 7.84559 7.55293 0 0.0309851 0 0
1650000 7.75979 7.71806 0 0.107211 0 0
1660000 7.86213 7.49848 0 0.0678461 0 0
1670000 7.72394 7.82844 0 0.201881 0 0
1680000 7.68908 7.55247 0 0.118195 0 0
1690000 7.6633 7.57219 0 0.0612172 0 0
1700000 7.6133 7.71163 0 0.0539149 0 0
1710000 7.69053 7.68057 0 -0.0881887 0 0
1720000 7.57759 7.61285 0 -0.0949744 0 0
1730000 7.72597 7.84253 0 0.037642 0 0
1740000 7.87793 7.61366 0 -0.0351441 0 0
1750000 7.6976 7.73891 0 -0.00798653 0 0
1760000 7.68012 7.62251 0 -0.0623719 0 0
1770000 7.60779 7.57123 0 -0.109328 0 0
1780000 7.75842 7.52362 0 0.076931 0 0
1790000 7.48558 7.78397 0 -0.0730552 0 0
1800000 7.62488 7.49444 0 -0.0555028 0 0
1810000 7.77198 7.54922 0 -0.0766218 0 0
1820000 7.70392 7.73776 0 -0.0630912 0 0
1830000 7.73626 7.60913 0 -0.0062164 0 0
1840000 7.73566 7.64369 0 0.023784 0 0
1850000 7.7748 7.59742 0 0.0538351 0 0
1860000 7.53497 7.565 0 0.060716 0 0
1870000 7.72176 7.53431 0 0.022907 0 0
1880000 7.77724 7.6116 0 -0.171641 0 0
1890000 7.59342 7.64837 0 0.122177 0 0
1900000 7.7899 7.59759 0 0.110289 0 0
1910000 7.71616 7.47569 0 0.0653544 0 0
1920000 7.77931 7.52353 0 0.0332584 0 0
1930000 7.56748 7.6542 0 0.0670735 0 0
1940000 7.57466 7.48409 0 -0.0348287 0 0
1950000 7.79664 7.50929 0 -0.078684 0 0
1960000 7.63651 7.71839 0 -0.166318 0 0
1970000 7.80171 7.73995 0 -0.0685091 0 0
1980000 7.87215 7.68598 0 0.0924386 0 0
1990000 7.67272 7.86095 0 0.0272598 0 0
2000000 7.73775 7.73531 0 -0.123843 0 0
2010000 7.77052 7.77705 0 0.00805581 0 0
2020000 7.91145 7.70983 0 0.123205 0 0
2030000 7.7716 7.70361 0 -0.0543274 0 0
2040000 7.59715 7.83009 0 0.0221888 0 0
2050000 7.80567 7.67681 0 -0.029302 0 0
2060000 7.96156 7.62062 0 0.000624363 0 0
2070000 7.64909 7.85032 0 0.0303819 0 0
2080000 7.68921 7.83813 0 -0.0339624 0 0
2090000 7.78967 7.83177 0 0.0292603 0 0
2100000 7.80773 7.95782 0 -0.0462631 0 0
2110000 7.76766 7.86862 0 0.0200818 0 0
2120000 8.02268 7.6585 0 -0.0411192 0 0
2130000 7.89 7.5725 0 0.00840162 0 0
2140000 7.7604 7.63958 0 -0.00148082 0 0
2150000 7.82906 7.7182 0 0.00181182 0 0
2160000 7.69892 7.73218 0 -0.0564937 0 0
2170000 7.742 7.78352 0 0.100153 0 0
2180000 7.86845 7.64022 0 -0.0506014 0 0
2190000 7.83299 7.788 0 0.000776589 0 0
2200000 7.84573 7.68695 0 -0.00622137 0 0
2210000 7.81341 7.75086 0 0.0771287 0 0
2220000 7.72188 7.6312 0 0.0337843 0 0
2230000 7.71768 7.93453 0 0.0442208 0 0
2240000 7.9052 7.65023 0 0.0209882 0 0
2250000 7.73194 7.87403 0 -0.0138557 0 0
2260000 7.88238 7.64311 0 -0.0228472 0 0
2270000 7.70263 7.6617 0 -0.120588 0 0
2280000 7.63368 7.64891 0 0.0655006 0 0
2290000 7.63839 7.69183 0 -0.0542618 0 0
2300000 7.77797 7.7869 0 -0.0550213 0 0
2310000 7.71696 7.7617 0 -0.048609 0 0
2320000 7.77556 7.76884 0 0.000419643 0 0
2330000 7.70638 7.58296 0 -0.104554 0 0
2340000 7.67481 7.83387 0 0.00917473 0 0
2350000 7.66992 7.66779 0 -0.0680917 0 0
2360000 7.73299 7.4822 0 -0.00587229 0 0
2370000 7.79691 7.69909 0 0.105786 0 0
2380000 7.60248 7.60209 0 -0.0478576 0 0
2390000 7.85226 7.75309 0 -0.132986 0 0
2400000 7.61048 7.60637 0 0.00929928 0 0
2410000 7.76565 7.52616 0 0.043889 0 0
2420000 7.91421 7.7169 0 -0.0852485 0 0
2430000 7.85789 7.61254 0 -0.0133583 0 0
2440000 7.61401 7.54538 0 0.0618821 0 0
2450000 7.71825 7.58288 0 0.038036 0 0
2460000 7.71425 7.47667 0 0.0230372 0 0
2470000 7.77926 7.89813 0 -0.106662 0 0
2480000 7.68984 7.68543 0 -0.129368 0 0
2490000 7.74297 7.72796 0 -0.0461037 0 0
2500000 7.72192 7.79688 0 -0.013705 0 0
2510000 7.68385 7.59422 0 -0.0860983 0 0
2520000 7.75894 7.67368 0 -0.00935119 0 0
2530000 7.64585 7.91979 0 -0.0288762 0 0
2540000 7.66325 7.64758 0 0.00361899 0 0
2550000 7.37656 7.87855 0 -0.0166597 0 0
2560000 7.79712 7.72829 0 0.00722692 0 0
2570000 7.70408 7.67994 0 -0.00832709 0 0
2580000 7.62857 7.72156 0 0.00196592 0 0
2590000 7.57518 7.6328 0 0.0643698 0 0
2600000 7.8237 7.71951 0 -0.0506025 0 0
2610000 7.75949 7.67835 0 0.115337 0 0
2620000 7.61554 7.8023 0 -0.00788633 0 0
2630000 7.56852 7.73207 0 0.126869 0 0
2640000 7.71739 7.74453 0 -0.237109 0 0
2650000 7.7926 7.77672 0 -0.0857034 0 0
2660000 7.71784 7.65981 0 -0.0213184 0 0
2670000 7.67674 7.73474 0 -0.0663757 0 0
2680000 7.84709 7.83258 0 -0.0220753 0 0
2690000 7.82625 7.68414 0 0.0174772 0 0
2700000 7.67932 7.5819 0 0.0421879 0 0
2710000 7.59438 7.76386 0 0.0456519 0 0
2720000 7.70029 7.69361 0 -0.123589 0 0
2730000 7.61858 7.50413 0 -0.00225297 0 0
2740000 7.69623 7.64312 0 0.0284002 0 0
2750000 7.7295 7.6619 0 0.00841204 0 0
2760000 7.67979 7.55632 0 0.0603832 0 0
2770000 7.74579 7.73713 0 0.0458947 0 0
2780000 7.6435 7.61049 0 -0.0925291 0 0
2790000 7.63624 7.71712 0 0.0122264 0 0
2800000 7.69575 7.77336 0 0.069116 0 0
2810000 7.56477 7.50169 0 0.0551866 0 0
2820000 7.66659 7.69848 0 -0.085956 0 0
2830000 7.69508 7.71996 0 -0.023312 0 0
2840000 7.64485 7.57864 0 0.110764 0 0
2850000 7.69717 7.68136 0 -0.0164395 0 0
2860000 7.76187 7.61777 0 0.036484 0 0
2870000 7.68318 7.66264 0 -0.00180807 0 0
2880000 7.6512 7.70129 0 -0.0306357 0 0
2890000 7.60165 7.65466 0 0.0649455 0 0
2900000 7.67695 7.74247 0 -0.0618262 0 0
2910000 7.65805 7.92586 0 0.0933827 0 0
2920000 7.7526 7.61099 0 -0.0200232 0 0
2930000 7.58343 7.78134 0 0.0940972 0 0
2940000 7.52027 7.73862 0 -0.0593374 0 0
2950000 7.60427 7.71655 0 -0.00709628 0 0
2960000 7.66003 7.60919 0 -0.0942932 0 0
2970000 7.58397 7.81258 0 0.204856 0 0
2980000 7.69625 7.85293 0 0.203634 0 0
2990000 7.67796 7.76357 0 -0.00893322 0 0
3000000 7.77125 7.63573 0 -0.0114699 0 0
3010000 7.85203 7.65111 0 0.00704571 0 0
3020000 7.82882 7.83649 0 -0.100649 0 0
3030000 7.84964 7.85991 0 0.0105377 0 0
3040000 7.60492 7.62576 0 0.0652958 0 0
3050000 7.6398 7.76292 0 -0.0960128 0 0
3060000 7.72065 7.66089 0 0.0680802 0 0
3070000 7.64535 7.67635 0 0.0884701 0 0
3080000 7.67752 7.79143 0 -0.0341343 0 0
3090000 7.78118 7.50265 0 -0.118035 0 0
3100000 7.82154 7.68732 0 -0.0329199 0 0
3110000 7.68545 7.57611 0 -0.119957 0 0
3120000 7.9014 7.6178 0 -0.155142 0 0
3130000 7.82048 7.6029 0 -0.116991 0 0
3140000 7.66371 7.71189 0 0.0547821 0 0
3150000 7.64392 7.70033 0 0.0102337 0 0
3160000 7.77905 7.71804 0 0.0308293 0 0
3170000 7.73963 7.78637 0 0.0183329 0 0
3180000 7.60767 7.69765 0 -0.083986 0 0
3190000 7.60247 7.6024 0 -0.0984011 0 0
3200000 7.65032 7.56176 0 0.0121498 0 0
3210000 7.48886 7.75336 0 -0.0155724 0 0
3220000 7.82919 7.77034 0 -0.000298239 0 0
3230000 7.72239 7.71162 0 0.0416782 0 0
3240000 7.86998 7.65062 0 0.0564011 0 0
3250000 7.66881 7.99277 0 0.00760334 0 0
3260000 7.89817 7.78412 0 -0.0414054 0 0
3270000 7.59281 7.77779 0 0.0374209 0 0
3280000 7.692 7.68298 0 0.0715542 0 0
3290000 7.92894 7.52125 0 0.0705883 0 0
3300000 7.86462 7.77184 0 0.00651571 0 0
3310000 7.64046 7.86963 0 0.0507436 0 0
3320000 7.75966 7.62023 0 -0.0808655 0 0
3330000 7.63704 7.88563 0 -0.0930134 0 0
3340000 7.87215 7.74052 0 0.0777589 0 0
3350000 7.74646 7.82305 0 0.0283217 0 0
3360000 7.71377 7.72967 0 -0.0380006 0 0
3370000 7.64954 7.64263 0 0.101178 0 0
3380000 7.76942 7.76875 0 0.111541 0 0
3390000 7.76191 7.78989 0 -0.0213037 0 0
3400000 7.71794 7.69181 0 0.00515849 0 0
3410000 7.82281 7.74471 0 -0.0420868 0 0
3420000 7.76553 7.8607 0 0.144992 0 0
3430000 7.74613 7.70126 0 0.0283403 0 0
3440000 7.81619 7.79831 0 -0.0184628 0 0
3450000 7.85258 7.59557 0 -0.0263633 0 0
3460000 7.69543 7.78095 0 0.110528 0 0
3470000 7.61313 7.8052 0 0.0522207 0 0
3480000 7.83067 7.70226 0 -0.126229 0 0
3490000 7.76399 7.76662 0 0.085665 0 0
3500000 7.88957 7.63268 0 0.00446013 0 0
3510000 7.74232 7.78007 0 0.119232 0 0
3520000 7.74386 7.78548 0 -0.0134584 0 0
3530000 7.4917 7.61966 0 0.00813381 0 0
3540000 7.66354 7.80428 0 0.00312286 0 0
3550000 7.44444 7.65396 0 -0.0824851 0 0
3560000 7.6011 7.76062 0 -0.0508582 0 0
3570000 7.79094 7.79442 0 -0.0670586 0 0
3580000 7.6115 7.86853 0 -0.0634657 0 0
3590000 7.66081 7.81981 0 0.0571182 0 0
3600000 7.59731 7.61009 0 0.00336724 0 0
3610000 7.65841 7.68459 0 0.123708 0 0
3620000 7.81509 7.8488 0 -0.0480267 0 0
3630000 7.57408 7.76626 0 -0.0370514 0 0
3640000 7.66868 7.68393 0 0.0108039 0 0
3650000 7.79547 7.62752 0 -0.00778001 0 0
3660000 7.89523 7.81304 0 0.0582273 0 0
3670000 7.75679 7.78477 0 0.0444192 0 0
3680000 7.72482 7.75105 0 0.0468133 0 0
3690000 7.62294 7.62754 0 0.00879076 0 0
3700000 7.58066 7.86555 0 -0.0411417 0 0
3710000 7.59876 7.91739 0 -0.0156004 0 0
3720000 7.66243 7.7529 0 -0.040243 0 0
3730000 7.76398 7.85549 0 -0.109499 0 0
3740000 7.75746 7.72111 0 -0.0967776 0 0
3750000 7.97601 7.72257 0 -0.0678201 0 0
3760000 7.71081 7.85521 0 0.00833118 0 0
3770000 7.643 7.72431 0 0.216004 0 0
3780000 7.71494 7.78403 0 -0.0338708 0 0
3790000 7.72207 7.83046 0 -0.00716591 0 0
3800000 7.61178 7.67935 0 -0.139783 0 0
3810000 7.67291 7.68668 0 0.0223303 0 0
3820000 7.53837 7.74064 0 0.0558861 0 0
3830000 7.76634 7.6599 0 0.0845282 0 0
3840000 7.87142 7.65786 0 0.0165467 0 0
3850000 7.69458 7.59388 0 -0.0229944 0 0
3860000 7.69836 7.67322 0 0.0711128 0 0
3870000 7.54597 7.69326 0 -0.0802265 0 0
3880000 7.58273 7.84075 0 -0.0401268 0 0
3890000 7.7684 7.92766 0 -0.0816583 0 0
3900000 7.68776 7.65127 0 -0.00961478 0 0
3910000 7.43097 7.77067 0 0.0460525 0 0
3920000 7.73153 7.79463 0 -0.0953017 0 0
3930000 7.87768 7.87975 0 -0.0265946 0 0
3940000 7.73092 7.80323 0 -0.0327888 0 0
3950000 7.50937 7.65443 0 -0.0700847 0 0
3960000 7.71669 7.96707 0 0.0171452 0 0
3970000 7.64804 7.90267 0 -0.107749 0 0
3980000 7.78802 7.63359 0 -0.0258899 0 0
3990000 7.82222 7.69873 0 -0.0438437 0 0
4000000 7.69195 7.64694 0 -0.0790625 0 0
4010000 7.71867 7.68839 0 -0.0307512 0 0
4020000 7.49399 7.82377 0 0.0748456 0 0
4030000 7.71139 7.72916 0 -0.102151 0 0
4040000 7.55111 7.85765 0 0.00508167 0 0
4050000 7.70559 7.70762 0 -0.0350874 0 0
4060000 7.64624 7.79139 0 0.00680824 0 0
4070000 7.5524 7.76309 0 -0.115825 0 0
4080000 7.67949 7.58833 0 -0.110303 0 0
4090000 7.5067 7.78333 0 -0.13127 0 0
4100000 7.68632 7.76301 0 0.0831225 0 0
4110000 7.77149 7.70751 0 0.0175701 0 0
4120000 7.76831 7.82905 0 -0.0656064 0 0
4130000 7.80431 7.76052 0 0.0747043 0 0
4140000 7.70047 7.76005 0 -0.0584075 0 0
4150000 7.82973 7.70332 0 0.122189 0 0
4160000 7.9048 7.69616 0 -0.0874023 0 0
4170000 7.72969 7.62344 0 -0.112453 0 0
4180000 7.70272 7.67721 0 0.0118357 0 0
4190000 7.76533 7.57935 0 -0.0459591 0 0
4200000 7.67873 7.71551 0 0.0127614 0 0
4210000 7.54534 7.66346 0 -0.000423634 0 0
4220000 7.72237 7.45403 0 0.0176315 0 0
4230000 7.6752 7.68899 0 0.0578887 0 0
4240000 7.63283 7.81846 0 0.00642643 0 0
4250000 7.79071 7.63903 0 -0.0243801 0 0
4260000 7.80942 7.85537 0 0.0891009 0 0
4270000 7.73734 7.72352 0 0.0204596 0 0
4280000 7.79706 7.55359 0 -0.0998155 0 0
4290000 7.82567 7.89833 0 -0.095425 0 0
4300000 7.70312 7.75047 0 -0.110231 0 0
4310000 7.7165 7.73258 0 -0.00719966 0 0
4320000 7.67855 7.68821 0 -0.0603549 0 0
4330000 7.7336 7.75864 0 -0.037075 0 0
4340000 7.77193 7.68304 0 -0.0139176 0 0
4350000 7.86024 7.77991 0 -0.0415501 0 0
4360000 7.87145 7.80596 0 0.191318 0 0
4370000 7.57265 7.72476 0 -0.00954028 0 0
4380000 7.75386 7.66239 0 -0.0642956 0 0
4390000 7.58333 7.69221 0 0.116967 0 0
4400000 7.46358 7.90302 0 0.0575419 0 0
4410000 7.6973 7.87065 0 0.0427565 0 0
4420000 7.846 7.6928 0 0.0444598 0 0
4430000 7.68577 7.85374 0 0.0639262 0 0
4440000 7.58619 7.93341 0 0.00252567 0 0
4450000 7.65264 7.84858 0 0.046328 0 0
4460000 7.95771 7.65716 0 0.073323 0 0
4470000 7.78231 7.78926 0 0.127807 0 0
4480000 7.7902 7.74065 0 0.137938 0 0
4490000 7.75443 7.7238 0 -0.0828246 0 0
4500000 7.87251 7.68525 0 0.0527385 0 0
4510000 7.68162 7.73231 0 -0.0533958 0 0
4520000 7.87713 7.84626 0 0.0693556 0 0
4530000 7.85495 7.72503 0 0.00445859 0 0
4540000 7.66682 7.7639 0 0.153757 0 0
4550000 7.6673 7.63267 0 -0.00994242 0 0
4560000 7.70293 7.72651 0 0.0854546 0 0
4570000 7.65289 7.70095 0 0.0524969 0 0
4580000 7.72554 7.70385 0 0.0434858 0 0
4590000 7.84532 7.59652 0 0.0475037 0 0
4600000 7.62331 7.77402 0 0.047622 0 0
4610000 7.68372 7.75875 0 0.0565154 0 0
4620000 7.78837 7.77364 0 0.0946055 0 0
4630000 7.86723 7.63658 0 0.0582605 0 0
4640000 7.69533 7.71385 0 0.0895135 0 0
4650000 7.5761 7.78265 0 -0.0405075 0 0
4660000 7.78918 7.71405 0 -0.0125582 0 0
4670000 7.68815 7.6441 0 0.0779132 0 0
4680000 7.81799 7.74478 0 0.0890962 0 0
4690000 7.67697 7.86365 0 -0.253251 0 0
4700000 7.71576 7.76145 0 -0.140907 0 0
4710000 7.6773 7.86571 0 -0.0631657 0 0
4720000 7.7216 7.66023 0 -0.0892136 0 0
4730000 7.69869 7.61044 0 -0.0595638 0 0
4740000 7.68187 7.73099 0 0.173474 0 0
4750000 7.78791 7.71423 0 -0.00384855 0 0
4760000 7.64034 7.76414 0 0.0657232 0 0
4770000 7.54083 7.75406 0 0.0881245 0 0
4780000 7.88608 7.85145 0 0.012622 0 0
4790000 7.61079 7.74704 0 0.0145048 0 0
4800000 7.69438 7.90157 0 -0.0839515 0 0
4810000 7.82096 7.83853 0 0.0123897 0 0
4820000 7.71825 7.74581 0 0.125078 0 0
4830000 7.84638 7.84113 0 -0.0442932 0 0
4840000 7.77147 7.98542 0 -0.163858 0 0
4850000 7.83135 7.58425 0 0.00144003 0 0
4860000 7.91323 7.63257 0 0.0268984 0 0
4870000 7.74025 7.79774 0 -0.0371988 0 0
4880000 7.69401 7.75507 0 0.0897129 0 0
4890000 7.78654 7.7158 0 -0.0133907 0 0
4900000 7.88338 7.80013 0 0.0532869 0 0
4910000 7.86062 7.81811 0 0.0192579 0 0
4920000 7.82964 7.69591 0 0.0248172 0 0
4930000 7.722 7.78353 0 0.107818 0 0
4940000 7.69837 8.07366 0 -0.0681583 0 0
4950000 7.74236 7.75498 0 0.0393734 0 0
4960000 7.69009 7.8249 0 -0.0779648 0 0
4970000 7.61882 7.88607 0 -0.109919 0 0
4980000 7.65732 7.86752 0 -0.065973 0 0
4990000 7.79168 7.64499 0 0.0191583 0 0
5000000 8.00461 7.71512 0 0.144757 0 0
