# Time-averaged data for fix ps1
# TimeStep c_thermo_press[1] c_thermo_press[2] c_thermo_press[3] c_thermo_press[4] c_thermo_press[5] c_thermo_press[6]
0 -1.46801 -1.46337 -1.51372 -0.0214569 -0.0102146 0.000395253
1000 -1.4418 -1.4595 -1.50884 -0.0150472 -0.0122846 0.0098349
2000 -1.46544 -1.44507 -1.51519 -0.0505245 -0.0229347 0.00330656
3000 -1.45226 -1.46653 -1.48509 -0.0605098 -0.00439387 0.017198
4000 -1.45187 -1.45981 -1.50701 -0.078341 -0.0172034 -0.00230937
5000 -1.45537 -1.45233 -1.50252 -0.109425 -0.0140882 -0.000685431
6000 -1.4426 -1.46417 -1.52139 -0.120645 -0.0232056 0.00227856
7000 -1.45133 -1.44389 -1.50616 -0.139071 -0.0114593 0.00791993
8000 -1.4356 -1.45135 -1.49647 -0.155915 -0.0229831 0.00132496
9000 -1.4412 -1.45617 -1.50438 -0.169058 -0.0266325 0.0064367
10000 -1.44571 -1.45731 -1.48964 -0.191365 -0.0157617 0.00975998
11000 -1.45236 -1.45138 -1.48809 -0.223895 -0.023274 -0.00227634
12000 -1.42825 -1.44118 -1.50156 -0.228661 -0.0111786 0.00595703
13000 -1.43962 -1.43832 -1.48183 -0.23336 -0.00390489 0.0137288
14000 -1.4456 -1.45678 -1.49212 -0.244477 -0.0201807 0.00847624
15000 -1.43646 -1.46356 -1.50582 -0.258018 -0.00273199 0.0120913
16000 -1.43845 -1.44972 -1.47604 -0.289361 -0.00748997 0.00299025
17000 -1.46417 -1.43943 -1.48487 -0.303546 -0.0181186 -0.0187393
18000 -1.4252 -1.44945 -1.48273 -0.280459 -0.0220519 0.00602985
19000 -1.44253 -1.43022 -1.49807 -0.279697 -0.0226091 0.0155915
20000 -1.42607 -1.4264 -1.4804 -0.297318 -0.0238134 0.00471117
21000 -1.43365 -1.45221 -1.48735 -0.302418 -0.0206238 0.00812019
22000 -1.43091 -1.46924 -1.49191 -0.310241 -0.00393607 0.00387149
23000 -1.45495 -1.43779 -1.47898 -0.322029 -0.0137661 0.0147617
24000 -1.42963 -1.43992 -1.48192 -0.31365 -0.00525376 0.000895453
25000 -1.41891 -1.4483 -1.49201 -0.313166 -0.00426967 0.0123012
26000 -1.43051 -1.46045 -1.48081 -0.330041 -0.00781812 0.00680062
27000 -1.42488 -1.47221 -1.44981 -0.324549 -0.00667256 0.0113751
28000 -1.43875 -1.45202 -1.48452 -0.317713 -0.0106498 0.0163471
29000 -1.43402 -1.43585 -1.50653 -0.319657 -0.0206743 0.0126468
30000 -1.45846 -1.44168 -1.48766 -0.303855 -0.0016852 0.0118608
31000 -1.4346 -1.44425 -1.49448 -0.293305 -0.0137206 0.00411672
32000 -1.43867 -1.4439 -1.49325 -0.294242 -0.0230434 0.00327757
33000 -1.4211 -1.43932 -1.51143 -0.29052 0.00267128 0.00575483
34000 -1.41806 -1.45953 -1.49471 -0.269554 -0.0187029 0.00781839
35000 -1.45438 -1.4657 -1.47083 -0.254043 -0.0106892 -0.00440619
36000 -1.42055 -1.45523 -1.49784 -0.24418 -0.00458999 0.00782334
37000 -1.4441 -1.45885 -1.48754 -0.232003 -0.0131012 0.0169788
38000 -1.42403 -1.45853 -1.48201 -0.217516 -0.0155142 0.0166874
39000 -1.45701 -1.44226 -1.48221 -0.20289 -0.00516723 0.0179639
40000 -1.44797 -1.44586 -1.48259 -0.19503 -0.0113762 -0.00649435
41000 -1.44015 -1.45437 -1.49694 -0.173993 -0.0128172 0.00711336
42000 -1.45111 -1.45945 -1.49304 -0.172162 -0.00779828 0.00117069
43000 -1.43441 -1.46534 -1.48826 -0.136077 -0.023916 0.0181174
44000 -1.44218 -1.44575 -1.50375 -0.116785 -0.0276911 -0.00420487
45000 -1.4391 -1.46073 -1.4939 -0.107126 -0.00794583 0.0167064
46000 -1.43609 -1.48076 -1.48286 -0.0817262 -0.0116762 0.00712471
47000 -1.45041 -1.46443 -1.49003 -0.0585609 -0.0317016 -0.00387826
48000 -1.43738 -1.45678 -1.50461 -0.0386395 -0.0110439 0.00371258
49000 -1.43179 -1.45914 -1.50248 -0.0197776 -0.0183505 0.0090379
50000 -1.44717 -1.45106 -1.49494 -0.00538448 -0.00891396 0.0135108
51000 -1.44719 -1.44841 -1.49556 0.0139764 -0.0182131 0.00674503
52000 -1.44953 -1.45512 -1.4859 0.0162088 -0.0160504 0.0142136
53000 -1.443 -1.46806 -1.49817 0.0665578 -0.0139999 0.0182671
54000 -1.43451 -1.45551 -1.49959 0.0784937 -0.0155941 0.0187562
55000 -1.44009 -1.46537 -1.50149 0.0758105 -0.0150345 -0.00747358
56000 -1.43612 -1.45401 -1.49572 0.106548 -0.0320426 0.00945035
57000 -1.44069 -1.45782 -1.47937 0.127924 -0.0207774 0.0141142
58000 -1.45057 -1.4424 -1.49982 0.144777 -0.00203324 0.0135319
59000 -1.44322 -1.42918 -1.50995 0.160213 -0.0185667 0.015897
60000 -1.44184 -1.44113 -1.49565 0.181084 -0.0234448 0.00809082
61000 -1.43601 -1.43321 -1.49833 0.18043 -0.00417939 0.0213404
62000 -1.45234 -1.44144 -1.49724 0.203009 -0.0369198 0.00241883
63000 -1.44293 -1.45032 -1.48906 0.217548 -0.0124007 0.00263412
64000 -1.44324 -1.42922 -1.50523 0.23475 -0.0171751 -0.000150792
65000 -1.42441 -1.4285 -1.5085 0.26429 -0.00795908 0.0142746
66000 -1.4298 -1.4393 -1.50788 0.259574 -0.0185887 0.0121354
67000 -1.44664 -1.42431 -1.49292 0.268581 -0.0103827 0.00253207
68000 -1.43611 -1.42659 -1.51417 0.28977 -0.00610207 0.0125957
69000 -1.42124 -1.43755 -1.52158 0.279971 -0.0167952 0.0274476
70000 -1.42121 -1.44451 -1.49016 0.292665 -0.0132797 0.00964118
71000 -1.42663 -1.44031 -1.50142 0.291029 -0.0300946 -0.00756458
72000 -1.439 -1.44327 -1.4762 0.2841 -0.0124422 0.00270341
73000 -1.43784 -1.42599 -1.50947 0.29765 -0.00139354 0.0254111
74000 -1.42115 -1.4314 -1.5095 0.307325 -0.0193489 0.013135
75000 -1.44249 -1.42806 -1.49811 0.310793 -0.0138009 0.00947195
76000 -1.41561 -1.4352 -1.48211 0.313388 -0.00995541 0.00901536
77000 -1.434 -1.41049 -1.50089 0.297728 -0.0127842 0.00515378
78000 -1.43774 -1.45289 -1.47141 0.303252 -0.00861621 0.0115038
79000 -1.41704 -1.45018 -1.49049 0.290519 -0.00253558 0.00437272
80000 -1.43917 -1.43677 -1.48601 0.29845 -0.00429801 -0.00492578
81000 -1.44751 -1.43484 -1.48223 0.287896 -0.0214732 0.00656249
82000 -1.45967 -1.42179 -1.49436 0.279483 -0.00906803 0.0154948
83000 -1.43993 -1.44518 -1.50839 0.265605 -0.00840152 -0.00903465
84000 -1.42546 -1.44669 -1.50743 0.258036 -0.0136711 0.0085136
85000 -1.4543 -1.43333 -1.49838 0.253555 -0.0234903 0.0114853
86000 -1.42704 -1.45475 -1.49869 0.22918 -0.00930099 -0.00915391
87000 -1.44821 -1.42153 -1.49454 0.219096 -0.00978101 0.00938081
88000 -1.4443 -1.45961 -1.47776 0.21296 -0.0275136 -0.00315525
89000 -1.44677 -1.45152 -1.5015 0.200823 -0.0147163 0.0187952
90000 -1.44471 -1.44654 -1.50229 0.165191 0.00368464 0.00148961
91000 -1.44997 -1.44977 -1.49711 0.160029 -0.00682792 0.0126343
92000 -1.45595 -1.45294 -1.48374 0.154689 -0.0115894 0.0183544
93000 -1.45054 -1.44442 -1.50945 0.136266 0.000534687 0.0135039
94000 -1.44027 -1.45264 -1.49648 0.11646 -0.00231876 0.00868876
95000 -1.45147 -1.43134 -1.50015 0.0872334 -0.00860772 0.0167122
96000 -1.46964 -1.45508 -1.47488 0.0678054 -0.00974521 0.00353587
97000 -1.4535 -1.44859 -1.51111 0.0528727 -0.0182248 -0.00771212
98000 -1.45226 -1.44268 -1.50278 0.0250999 -0.0137372 0.00741848
99000 -1.44462 -1.43739 -1.51695 0.00861623 -0.00508021 0.00949256
100000 -1.44459 -1.45455 -1.50463 -0.00565542 -0.0187553 0.00849097
101000 -1.44682 -1.44613 -1.50488 -0.0297095 -0.0143486 -0.000483664
102000 -1.44026 -1.46535 -1.4948 -0.0522975 -0.01204 0.00345274
103000 -1.4397 -1.46258 -1.49351 -0.0636912 -0.0227229 0.015988
104000 -1.42993 -1.44977 -1.50509 -0.0911424 -0.0132837 0.0134513
105000 -1.44058 -1.44892 -1.50166 -0.109097 -0.0298057 0.0132258
106000 -1.4321 -1.45023 -1.50768 -0.137595 -0.0211557 0.0182325
107000 -1.45356 -1.44703 -1.50542 -0.141984 -0.0218631 0.00180002
108000 -1.43681 -1.4549 -1.48876 -0.173718 -0.0162848 0.00696532
109000 -1.43341 -1.43735 -1.50381 -0.185199 -0.0222767 0.0160156
110000 -1.44303 -1.45847 -1.47917 -0.194307 -0.0220797 0.00845906
111000 -1.42963 -1.46096 -1.49477 -0.218337 -0.0158983 0.00613108
112000 -1.43398 -1.44734 -1.49546 -0.228636 -0.025962 0.00701967
113000 -1.44201 -1.44207 -1.48958 -0.235115 -0.0162688 0.000494088
114000 -1.43997 -1.44776 -1.48039 -0.262058 -0.0164775 0.0067928
115000 -1.42522 -1.43925 -1.50507 -0.272191 -0.0135657 0.0157852
116000 -1.42924 -1.4269 -1.49531 -0.277611 -0.00432639 0.0225487
117000 -1.43168 -1.43411 -1.48868 -0.282687 -0.0169198 0.0132858
118000 -1.43128 -1.43959 -1.49804 -0.291415 0.00777582 0.0108659
119000 -1.46154 -1.44711 -1.48777 -0.305266 -0.0202697 0.00420304
120000 -1.44138 -1.44706 -1.47539 -0.301449 -0.0183193 -0.00196282
121000 -1.41538 -1.4396 -1.48365 -0.327978 -0.0139016 0.00168365
122000 -1.41993 -1.43631 -1.49655 -0.311991 -0.015049 0.0115653
123000 -1.44445 -1.43046 -1.49256 -0.320528 -0.0138676 0.0132969
124000 -1.43229 -1.45224 -1.49213 -0.308619 -0.0248988 0.00426547
125000 -1.43796 -1.4415 -1.47571 -0.32301 -0.0300838 -0.00120406
126000 -1.42938 -1.45392 -1.48987 -0.326436 -0.00158532 0.00232515
127000 -1.44601 -1.449 -1.48768 -0.306971 -0.0356353 0.00587399
128000 -1.43855 -1.44331 -1.50064 -0.312295 -0.0201 0.00936324
129000 -1.42454 -1.44078 -1.49916 -0.31359 -0.0285589 -0.00840853
130000 -1.43509 -1.45498 -1.49634 -0.302649 -0.008148 6.93276e-05
131000 -1.41968 -1.45151 -1.48559 -0.309836 -0.0160746 0.0101945
132000 -1.45779 -1.44267 -1.47278 -0.278809 -0.0164499 0.00297149
133000 -1.42224 -1.45987 -1.49661 -0.275311 -0.021837 0.0179578
134000 -1.45161 -1.44277 -1.48588 -0.267588 -0.0176686 -0.0137339
135000 -1.42961 -1.44296 -1.50837 -0.265277 0.0062949 0.0134414
136000 -1.45111 -1.44972 -1.5053 -0.243306 -0.00803998 0.0013995
137000 -1.44141 -1.44905 -1.48844 -0.237484 -0.0146739 0.00960246
138000 -1.44704 -1.44772 -1.48475 -0.216334 -0.00131516 -0.00250751
139000 -1.45898 -1.44602 -1.49908 -0.22362 -0.0100865 0.0112107
140000 -1.44721 -1.45079 -1.51054 -0.182011 -0.0192295 -0.0103324
141000 -1.43244 -1.45648 -1.50082 -0.166888 -0.010354 -0.00246882
142000 -1.45211 -1.42943 -1.49856 -0.149375 -0.013071 -0.00743156
143000 -1.45463 -1.44608 -1.5082 -0.139722 -0.0167285 -0.000402438
144000 -1.4435 -1.46697 -1.49368 -0.120567 -0.000259267 0.0078602
145000 -1.45352 -1.45541 -1.48753 -0.0943346 -0.0113494 0.0164897
146000 -1.45084 -1.43862 -1.49664 -0.0779781 -0.0146843 0.0184553
147000 -1.44754 -1.46108 -1.48751 -0.0515907 -0.010942 -0.00322643
148000 -1.43214 -1.44928 -1.50385 -0.0440186 -0.0210756 0.0249488
149000 -1.44409 -1.45435 -1.51791 -0.0265798 -0.00380425 0.00782877
150000 -1.45914 -1.43948 -1.48607 -0.0109022 -0.00517152 0.00237625
151000 -1.46658 -1.43779 -1.48704 0.00945148 -0.0324877 -0.000775644
152000 -1.44351 -1.46173 -1.4916 0.0393001 -0.0306313 0.0143569
153000 -1.4401 -1.44783 -1.50346 0.057326 -0.0161015 0.00855927
154000 -1.45035 -1.44154 -1.50787 0.0649011 -0.00999389 0.00471872
155000 -1.45832 -1.44106 -1.49494 0.0945639 -0.0237838 0.0101474
156000 -1.43219 -1.45303 -1.49999 0.116776 -0.0146788 0.020507
157000 -1.45396 -1.45635 -1.50206 0.139299 -0.0150141 -0.00129467
158000 -1.43371 -1.44715 -1.50088 0.153036 -0.00510344 0.00682805
159000 -1.44425 -1.45607 -1.5122 0.166991 -0.0147672 0.0191281
160000 -1.44071 -1.46503 -1.47971 0.174382 -0.0182993 -0.00312868
161000 -1.44241 -1.43094 -1.502 0.20556 -0.00334743 0.0121002
162000 -1.43765 -1.43908 -1.49833 0.212736 -0.0049986 0.0252475
163000 -1.45006 -1.42043 -1.51644 0.21467 -0.0193643 0.0145646
164000 -1.44352 -1.43479 -1.47845 0.238255 -0.0271691 0.00797163
165000 -1.43927 -1.43416 -1.50719 0.250499 -0.00485559 0.00391989
166000 -1.44689 -1.43692 -1.50257 0.252498 -0.00882374 0.0112038
167000 -1.42845 -1.44149 -1.49934 0.292104 -0.023228 0.00810066
168000 -1.45378 -1.41768 -1.48832 0.284394 -0.016488 -0.00185164
169000 -1.41717 -1.43235 -1.50587 0.301536 -0.0115667 -0.00170283
170000 -1.43071 -1.4424 -1.49918 0.290459 -0.022196 0.00140196
171000 -1.43758 -1.42633 -1.50999 0.296005 -0.0194278 0.014472
172000 -1.43134 -1.43394 -1.48791 0.306746 -0.0183993 0.00168123
173000 -1.43123 -1.42582 -1.49277 0.301917 -0.00980744 0.0178588
174000 -1.4334 -1.4382 -1.50561 0.321943 -0.0181541 0.00174571
175000 -1.43251 -1.44263 -1.48858 0.31969 -0.0163585 0.00437169
176000 -1.41625 -1.43457 -1.5018 0.318644 -0.0174854 0.00976754
177000 -1.42981 -1.42977 -1.48354 0.315136 -0.0189102 0.00723103
178000 -1.43816 -1.44342 -1.49625 0.295637 -0.0106494 0.0118948
179000 -1.43033 -1.4357 -1.50161 0.304954 -0.0203343 0.0163838
180000 -1.43318 -1.44421 -1.50911 0.308376 -0.0110936 -0.00574908
181000 -1.44152 -1.43959 -1.49012 0.284693 -0.01132 0.0212309
182000 -1.44325 -1.44427 -1.48695 0.27717 -0.0140731 0.0163912
183000 -1.45467 -1.45668 -1.47858 0.272669 -0.0198739 0.00773247
184000 -1.42083 -1.43975 -1.51579 0.27678 -0.00473671 0.013268
185000 -1.44662 -1.43597 -1.51623 0.232868 -0.00887551 0.0118377
186000 -1.45427 -1.43388 -1.5114 0.23542 -0.0243624 0.00656496
187000 -1.43805 -1.43938 -1.50765 0.225729 0.000700803 0.00588432
188000 -1.45559 -1.44768 -1.50211 0.220095 -0.00527133 -0.00232801
189000 -1.43597 -1.44325 -1.50599 0.200905 -0.0234552 0.0039144
190000 -1.44167 -1.4501 -1.48901 0.184108 -0.0174366 0.00789295
191000 -1.44479 -1.43739 -1.50255 0.142243 -0.0280874 0.00092806
192000 -1.42421 -1.46201 -1.49305 0.153007 -0.00772883 0.0142371
193000 -1.43462 -1.46413 -1.49356 0.133325 -0.0143945 0.00519885
194000 -1.44876 -1.4378 -1.50722 0.104259 -0.0113751 0.00174205
195000 -1.45117 -1.44383 -1.50616 0.0927958 -0.0178493 -0.00232218
196000 -1.44455 -1.44939 -1.48565 0.0819265 -0.0163404 0.0152734
197000 -1.46008 -1.44209 -1.49636 0.0561027 -0.0118663 0.00822296
198000 -1.43616 -1.46896 -1.48874 0.0297991 -0.0229046 0.015539
199000 -1.43391 -1.44405 -1.51496 0.0105289 -0.00776851 0.00719001
200000 -1.44597 -1.44531 -1.50493 -0.00960424 -0.0133688 0.00730128
201000 -1.45632 -1.43705 -1.50749 -0.0231048 -0.0116219 -0.007065
202000 -1.44324 -1.43848 -1.50036 -0.0358885 -0.0182366 0.00825689
203000 -1.43994 -1.44457 -1.50298 -0.0805922 -0.0130222 0.0129583
204000 -1.43835 -1.45747 -1.50344 -0.0846131 -0.0211518 0.0146956
205000 -1.45759 -1.44303 -1.49149 -0.103457 -0.0037338 -0.00190846
206000 -1.45126 -1.45481 -1.49302 -0.128866 -0.0123804 0.00361321
207000 -1.45534 -1.45191 -1.50182 -0.134354 0.00171032 0.00876579
208000 -1.44457 -1.45301 -1.49805 -0.15437 -0.0293533 0.00617232
209000 -1.43362 -1.42589 -1.51361 -0.172006 -0.0259061 -0.00808172
210000 -1.44474 -1.4413 -1.50605 -0.178915 -0.0287608 0.000634973
211000 -1.4396 -1.43839 -1.48713 -0.213116 -0.0245986 -0.00313346
212000 -1.4567 -1.46677 -1.49112 -0.223209 -0.0177253 -0.00615694
213000 -1.44244 -1.43102 -1.50125 -0.235316 -0.00480307 0.00134171
214000 -1.44202 -1.46669 -1.48017 -0.238718 -0.00217678 -0.0036284
215000 -1.43256 -1.44622 -1.49832 -0.262959 -0.0037792 0.00716097
216000 -1.42815 -1.43011 -1.50748 -0.273347 -0.0216734 -0.00119194
217000 -1.42563 -1.44846 -1.50717 -0.285098 -0.0240774 0.00540051
218000 -1.44345 -1.43216 -1.4828 -0.284697 -0.015049 0.0106737
219000 -1.43246 -1.43564 -1.49379 -0.277026 -0.0122982 0.00495496
220000 -1.43248 -1.43912 -1.48533 -0.30678 -0.0122526 0.00308643
221000 -1.4446 -1.4344 -1.49768 -0.313583 0.00285955 -0.00694129
222000 -1.42134 -1.45131 -1.49011 -0.313763 -0.0248822 0.0171364
223000 -1.43645 -1.44419 -1.487 -0.328046 -0.000511292 0.0059888
224000 -1.43624 -1.41573 -1.49272 -0.329589 -0.0189373 0.0150771
225000 -1.44115 -1.43622 -1.48815 -0.311163 -0.00998137 0.00128793
226000 -1.44759 -1.43526 -1.49172 -0.312832 -0.0130479 0.0118606
227000 -1.44063 -1.44173 -1.47913 -0.318762 -0.0198218 0.0269626
228000 -1.42715 -1.45542 -1.50003 -0.302251 -0.00755558 0.00564749
229000 -1.45764 -1.41751 -1.47643 -0.310334 -0.0182591 0.00820413
230000 -1.42676 -1.43225 -1.47694 -0.288716 -0.012009 0.0127693
231000 -1.42896 -1.44441 -1.4939 -0.304959 -0.00483589 0.0126349
232000 -1.45195 -1.43567 -1.5004 -0.283505 -0.00981392 0.0157952
233000 -1.45262 -1.43514 -1.48554 -0.281087 -0.0146978 0.0117145
234000 -1.42426 -1.43655 -1.49349 -0.259561 -0.0072732 0.00919203
235000 -1.4398 -1.46315 -1.49249 -0.246156 -0.0048745 0.00316093
236000 -1.44067 -1.43556 -1.4984 -0.247975 -0.00236592 0.00423064
237000 -1.43596 -1.46163 -1.47466 -0.227067 0.00388792 0.00024108
238000 -1.44912 -1.44232 -1.48295 -0.215144 -0.0159999 0.0121601
239000 -1.44372 -1.4599 -1.49207 -0.202037 -0.01746 -0.00633563
240000 -1.44607 -1.4409 -1.50702 -0.188669 -0.00466983 0.00981646
241000 -1.45145 -1.44277 -1.50957 -0.185327 0.00113015 -0.00716813
242000 -1.43687 -1.45691 -1.49811 -0.15281 -0.00144706 0.0132013
243000 -1.43402 -1.45125 -1.50401 -0.129631 -0.0112263 0.00318992
244000 -1.45949 -1.44353 -1.48537 -0.107003 0.0110741 0.00540759
245000 -1.43721 -1.46101 -1.49806 -0.109448 -0.0256272 0.00204766
246000 -1.43923 -1.45644 -1.49775 -0.0846832 -0.0178274 0.00657864
247000 -1.4345 -1.44645 -1.4994 -0.0568297 -0.0154412 0.0131498
248000 -1.4306 -1.45814 -1.50705 -0.0437225 -0.0302851 0.00783597
249000 -1.43496 -1.44112 -1.51964 -0.00280513 -0.011215 0.0143791
250000 -1.43046 -1.43785 -1.51084 -0.011314 -0.0143701 0.00405684
251000 -1.46512 -1.45377 -1.50393 0.0226207 -0.0220905 -0.00173548
252000 -1.45132 -1.4446 -1.49677 0.0507483 -0.020463 0.00988318
253000 -1.45295 -1.45326 -1.49604 0.0552258 -0.00961093 0.0176245
254000 -1.45289 -1.45737 -1.51171 0.076224 -0.0268112 0.00868805
255000 -1.43737 -1.4496 -1.5102 0.0996917 -0.0148773 0.0090021
256000 -1.43981 -1.45399 -1.50411 0.117798 -0.0201463 0.010472
257000 -1.44877 -1.4483 -1.486 0.127818 -0.0244219 0.0101944
258000 -1.43532 -1.44042 -1.49092 0.153226 -0.0342143 0.0193179
259000 -1.43812 -1.45088 -1.50598 0.160486 -0.00422972 0.0202901
260000 -1.45382 -1.45504 -1.4939 0.192814 -0.0125841 0.014568
261000 -1.44482 -1.42691 -1.51252 0.198711 -0.0119013 0.00827448
262000 -1.43899 -1.45526 -1.4976 0.206917 -0.0210624 0.00267742
263000 -1.4335 -1.44187 -1.49616 0.24545 -0.0224762 0.0117065
264000 -1.42123 -1.45987 -1.50162 0.249286 -0.0161559 0.000477533
265000 -1.43668 -1.44805 -1.49642 0.25957 -0.011221 0.0116537
266000 -1.43095 -1.44368 -1.49379 0.260197 -0.0139091 0.00895134
267000 -1.43742 -1.43087 -1.50498 0.261705 -0.00455468 0.0224835
268000 -1.42551 -1.42957 -1.50331 0.281056 -0.0156299 0.0197957
269000 -1.45132 -1.43413 -1.48675 0.28622 -0.00557843 0.00721771
270000 -1.43589 -1.43917 -1.49776 0.297012 -0.0277344 0.00611596
271000 -1.43465 -1.4306 -1.50539 0.296347 -0.0154119 0.0148978
272000 -1.43932 -1.43238 -1.50426 0.313129 -0.00252621 0.00358317
273000 -1.43379 -1.43769 -1.49707 0.320314 -0.0180959 0.0110444
274000 -1.43764 -1.42832 -1.50293 0.315554 -0.0218368 0.00623583
275000 -1.41967 -1.43243 -1.50438 0.307237 -0.0116624 0.0153204
276000 -1.46134 -1.40569 -1.49506 0.313201 -0.00228691 0.00152658
277000 -1.43955 -1.42101 -1.49756 0.285091 -0.0189866 0.00583147
278000 -1.42911 -1.43714 -1.50251 0.297761 -0.025802 0.00239302
279000 -1.43861 -1.42759 -1.48871 0.291986 -0.0109856 0.00937759
280000 -1.45551 -1.44182 -1.50015 0.295348 -0.0228614 0.0118602
281000 -1.43845 -1.41506 -1.50123 0.290597 -0.00558695 0.0043444
282000 -1.46285 -1.441 -1.48773 0.276963 -0.00637321 -0.00312978
283000 -1.43958 -1.44858 -1.48756 0.266795 -0.00719254 -0.00238506
284000 -1.44949 -1.428 -1.49871 0.269044 -0.0154405 0.0013136
285000 -1.45592 -1.41178 -1.50663 0.242597 -0.0185314 0.00969879
286000 -1.4614 -1.4443 -1.48816 0.236885 -0.0111062 0.0146948
287000 -1.44846 -1.43538 -1.48266 0.222978 -0.0202499 0.0146272
288000 -1.46097 -1.43708 -1.46806 0.210261 -0.0121898 0.00801093
289000 -1.44145 -1.43238 -1.50505 0.186186 -0.0198622 0.00844808
290000 -1.43553 -1.45149 -1.4832 0.180134 -0.0115263 0.00720334
291000 -1.43123 -1.47329 -1.49882 0.147387 -0.00516845 0.00127341
292000 -1.42722 -1.45527 -1.5123 0.138851 -0.00642541 0.0157087
293000 -1.45002 -1.44048 -1.48019 0.130458 -0.0177185 -0.00146912
294000 -1.4374 -1.46393 -1.51068 0.107997 -0.0159762 0.00348852
295000 -1.44664 -1.45668 -1.49082 0.100701 -0.00690696 0.0220253
296000 -1.45784 -1.44454 -1.50847 0.072479 -0.0029129 0.0149537
297000 -1.45195 -1.43709 -1.50195 0.052052 -0.0162213 0.018578
298000 -1.44652 -1.43015 -1.50995 0.0348106 -0.0134258 0.0179056
299000 -1.45608 -1.45435 -1.49456 0.0190466 -0.0116512 0.013402
300000 -1.45999 -1.43721 -1.5151 -0.000600765 -0.00739312 0.00988875
301000 -1.44844 -1.44428 -1.50486 -0.0254529 -0.0123362 0.0228568
302000 -1.46633 -1.45448 -1.48183 -0.0521219 -0.00834907 0.00757066
303000 -1.45461 -1.44028 -1.49682 -0.0705102 -0.0200214 0.0189809
304000 -1.44984 -1.45798 -1.48813 -0.0881333 -0.00303146 0.00647443
305000 -1.44643 -1.427 -1.50638 -0.100282 -0.0123544 0.00634134
306000 -1.43893 -1.45726 -1.48923 -0.128055 -0.00847796 0.015384
307000 -1.45588 -1.46722 -1.49531 -0.143981 -0.00814657 0.0131599
308000 -1.44235 -1.46034 -1.49104 -0.154183 -0.0104539 -0.00856902
309000 -1.45306 -1.45018 -1.48773 -0.179728 -0.0212175 0.00926797
310000 -1.42672 -1.44691 -1.50852 -0.183631 -0.0102465 -0.0067
311000 -1.44279 -1.45052 -1.49692 -0.197317 -0.000334144 0.000214204
312000 -1.44928 -1.43917 -1.48711 -0.221331 -0.00585702 0.00752499
313000 -1.44434 -1.45048 -1.49248 -0.24929 -0.0199087 0.00463927
314000 -1.43815 -1.43346 -1.49958 -0.250796 -0.00934342 0.0146432
315000 -1.43173 -1.44282 -1.51042 -0.276902 0.00533354 0.0121806
316000 -1.45558 -1.44422 -1.46686 -0.269004 -0.0242149 0.00842789
317000 -1.45268 -1.43955 -1.47908 -0.285711 -0.0278615 -0.001409
318000 -1.43652 -1.45112 -1.4821 -0.284631 -0.0253496 0.00576921
319000 -1.43748 -1.4364 -1.47554 -0.311457 -0.00500665 0.0116909
320000 -1.42016 -1.43728 -1.49989 -0.307365 -0.0211384 0.016271
321000 -1.4305 -1.44004 -1.4945 -0.31084 -0.00941731 0.00512198
322000 -1.44095 -1.44331 -1.49237 -0.315525 -0.00702891 -0.00245368
323000 -1.43407 -1.4363 -1.4716 -0.3199 -0.0140668 0.00743665
324000 -1.41422 -1.43551 -1.50084 -0.319408 -0.00384136 -0.0037735
325000 -1.43424 -1.43422 -1.49099 -0.326914 -0.0253544 0.00153014
326000 -1.43756 -1.44072 -1.47247 -0.332756 -0.0145094 0.00769424
327000 -1.44145 -1.4504 -1.49198 -0.311642 -0.0119125 0.00276727
328000 -1.43967 -1.44055 -1.47205 -0.309297 -0.0221204 -0.00282358
329000 -1.42127 -1.45483 -1.48942 -0.311259 -0.0160366 0.00300522
330000 -1.42707 -1.4516 -1.48493 -0.306959 -0.01543 0.0055546
331000 -1.42936 -1.44814 -1.48248 -0.288691 -0.0103281 0.00398692
332000 -1.43268 -1.45615 -1.47369 -0.289589 -0.00936213 0.0217541
333000 -1.43206 -1.44474 -1.4853 -0.280613 -0.00650785 -0.00134538
334000 -1.44753 -1.44538 -1.48483 -0.267639 -0.014034 0.0157867
335000 -1.43639 -1.43037 -1.4917 -0.269527 -0.0186411 0.00827637
336000 -1.4275 -1.44108 -1.50432 -0.24838 -0.0121717 0.0110937
337000 -1.43767 -1.43977 -1.50894 -0.237423 -0.0202955 0.0170573
338000 -1.43868 -1.42842 -1.50073 -0.201356 -0.00809045 0.00873234
339000 -1.44427 -1.45353 -1.49055 -0.212841 0.000854167 0.00695941
340000 -1.44715 -1.4496 -1.47495 -0.172532 -0.00876098 0.0146096
341000 -1.43184 -1.46012 -1.48234 -0.163852 -0.0100585 0.00883956
342000 -1.44582 -1.45001 -1.50346 -0.168906 -0.0276177 0.00877733
343000 -1.44296 -1.44858 -1.51309 -0.140323 -0.0180257 0.000967801
344000 -1.44135 -1.44285 -1.49445 -0.124583 -0.0196265 0.0207823
345000 -1.43842 -1.4694 -1.49355 -0.100746 -0.00285834 0.00944079
346000 -1.44843 -1.47573 -1.49249 -0.0821789 -0.0254884 0.00980516
347000 -1.44865 -1.44439 -1.49988 -0.0613851 -0.0195413 0.00633934
348000 -1.44833 -1.44071 -1.49875 -0.0416442 -0.0169365 0.014036
349000 -1.428 -1.46778 -1.49344 -0.0235718 -0.0169377 -0.00365653
350000 -1.45596 -1.43771 -1.50993 0.00157896 -0.0208287 0.0158658
351000 -1.46014 -1.47926 -1.48088 0.0247263 -0.0131849 0.00419926
352000 -1.44118 -1.44691 -1.50025 0.0340678 -0.0126789 0.018823
353000 -1.45499 -1.4615 -1.48348 0.0618092 -0.0170385 0.012772
354000 -1.42806 -1.46843 -1.50541 0.0801501 -0.0193609 0.0140651
355000 -1.46409 -1.4333 -1.51104 0.096109 -0.00584551 0.00388538
356000 -1.44752 -1.45341 -1.49346 0.105896 -0.0244999 0.0199463
357000 -1.45179 -1.43336 -1.50686 0.128088 -0.0258411 0.0157659
358000 -1.44483 -1.42378 -1.50342 0.14979 -0.0233307 0.0122502
359000 -1.44363 -1.4536 -1.49002 0.173355 -0.0189988 0.0058483
360000 -1.45478 -1.427 -1.51348 0.17409 -0.00990017 -0.00373952
361000 -1.43131 -1.42931 -1.51421 0.188242 -0.023596 0.0107763
362000 -1.44687 -1.45058 -1.51506 0.216469 -0.00962492 0.00328688
363000 -1.43312 -1.42766 -1.50543 0.234037 -0.0157981 0.00423994
364000 -1.42998 -1.44793 -1.50358 0.230419 -0.0214443 0.00496973
365000 -1.44952 -1.43374 -1.50212 0.257293 -0.0234469 0.00535143
366000 -1.44496 -1.42175 -1.50177 0.263065 -0.0179981 0.0109548
367000 -1.42466 -1.4433 -1.50067 0.273014 -0.0114401 -0.00552719
368000 -1.43557 -1.45707 -1.47759 0.298014 -0.00865377 0.0128954
369000 -1.42834 -1.42523 -1.48843 0.285562 -0.0183639 0.0211705
370000 -1.44279 -1.43537 -1.50453 0.309459 -0.0149428 0.020705
371000 -1.43957 -1.43543 -1.50599 0.320392 -0.0126885 0.00966582
372000 -1.4373 -1.43816 -1.49349 0.301429 -0.0187201 0.0158902
373000 -1.43812 -1.41474 -1.50835 0.316229 -0.023112 0.00214855
374000 -1.4212 -1.42661 -1.50834 0.306381 -0.00690781 0.0123285
375000 -1.436 -1.44033 -1.48634 0.310368 -0.00657007 -0.00492699
376000 -1.41954 -1.45407 -1.49985 0.29579 -0.0173449 -0.00522842
377000 -1.44191 -1.4165 -1.49981 0.305793 -0.0124342 0.00558075
378000 -1.44392 -1.4293 -1.49704 0.298913 -0.0191588 0.0076097
379000 -1.43443 -1.42533 -1.49065 0.294125 -0.0307457 0.00876806
380000 -1.40514 -1.44512 -1.49357 0.28289 -0.0144965 -0.00736554
381000 -1.43755 -1.44203 -1.50898 0.271187 -0.00389664 0.00574098
382000 -1.42157 -1.44328 -1.50605 0.296136 -0.0105782 0.0049512
383000 -1.42996 -1.44111 -1.48805 0.274884 -0.026288 5.39248e-05
384000 -1.44466 -1.44676 -1.49189 0.262322 -0.0126893 0.00859992
385000 -1.44751 -1.43638 -1.49916 0.23936 -0.0220791 0.0128427
386000 -1.43457 -1.43072 -1.50596 0.230276 -0.0168507 0.0067777
387000 -1.44497 -1.42751 -1.49658 0.230354 -0.00474569 -0.00313881
388000 -1.41649 -1.44796 -1.48236 0.203453 -0.0225521 0.00569811
389000 -1.44413 -1.44371 -1.49348 0.195373 -0.0175724 0.0045684
390000 -1.46065 -1.43974 -1.50601 0.184954 -0.022823 -0.00239013
391000 -1.45147 -1.45504 -1.4914 0.167953 -0.0224086 0.00893901
392000 -1.44003 -1.45955 -1.50657 0.15332 -0.0179019 0.00936711
393000 -1.45115 -1.45635 -1.50916 0.126717 -0.0235708 0.00367286
394000 -1.43941 -1.46654 -1.50016 0.108472 -0.0164178 -0.00728163
395000 -1.44992 -1.43826 -1.49002 0.0923314 -0.0165106 -0.00593862
396000 -1.45249 -1.44384 -1.49833 0.0709192 -0.024542 0.00642446
397000 -1.45915 -1.46266 -1.49006 0.0730013 -0.0173184 0.0106202
398000 -1.45292 -1.44751 -1.49899 0.0244859 -0.0308481 0.00231517
399000 -1.45363 -1.44069 -1.48751 0.0143885 -0.0158337 0.00990239
400000 -1.44662 -1.4411 -1.50444 -0.0108192 -0.0238095 0.00630489
401000 -1.41835 -1.47218 -1.49756 -0.0303388 -0.0125486 0.00693014
402000 -1.44188 -1.44844 -1.51317 -0.0510508 -0.0174608 -0.00950202
403000 -1.4537 -1.41557 -1.49357 -0.0741644 -0.0304557 0.0202857
404000 -1.43322 -1.4659 -1.50787 -0.0902334 -0.0224633 0.0195027
405000 -1.43856 -1.4639 -1.50214 -0.114948 -0.0278539 0.00757949
406000 -1.42591 -1.45348 -1.50056 -0.139618 -0.00937404 0.00379848
407000 -1.43919 -1.44578 -1.51748 -0.134545 -0.0167504 0.00149406
408000 -1.44383 -1.44151 -1.50595 -0.158604 -0.00910478 0.0172882
409000 -1.45337 -1.4494 -1.49903 -0.173596 -0.00865908 0.0127715
410000 -1.45717 -1.44068 -1.48575 -0.190361 0.00282365 0.00226132
411000 -1.45023 -1.43986 -1.49891 -0.205508 -0.00780506 0.00653434
412000 -1.4433 -1.44637 -1.46051 -0.230239 -0.0129047 -0.00758701
413000 -1.45209 -1.44222 -1.50863 -0.231038 -0.00546879 0.0128996
414000 -1.44211 -1.4605 -1.49308 -0.26196 0.00258603 -0.0101032
415000 -1.42394 -1.45268 -1.49593 -0.26013 -0.0266016 0.0157014
416000 -1.43511 -1.44835 -1.4978 -0.269964 -0.0149102 -0.00277745
417000 -1.4205 -1.4592 -1.48725 -0.281197 -0.00880422 0.0159884
418000 -1.42032 -1.44879 -1.51138 -0.290659 -0.0106299 0.00509684
419000 -1.42975 -1.43561 -1.50494 -0.301065 -0.0155623 0.0164944
420000 -1.44343 -1.44077 -1.49396 -0.299444 -0.00751096 0.00747043
421000 -1.42524 -1.44702 -1.48786 -0.30846 -0.000201187 0.00435699
422000 -1.44831 -1.43402 -1.50485 -0.313286 -0.0151138 0.00665999
423000 -1.43574 -1.45129 -1.48992 -0.322532 -0.0281798 0.0237869
424000 -1.44494 -1.4345 -1.49058 -0.321428 -0.000472544 0.0190101
425000 -1.43013 -1.44503 -1.49721 -0.327376 -0.00919441 0.0101539
426000 -1.42374 -1.45004 -1.48989 -0.322716 -0.00309412 0.0109747
427000 -1.42556 -1.4313 -1.49329 -0.321509 -0.00773718 0.00828071
428000 -1.44936 -1.4533 -1.49495 -0.317864 -0.00550368 0.00714767
429000 -1.44524 -1.44648 -1.4769 -0.314979 -0.0108442 -0.00362204
430000 -1.43552 -1.41198 -1.49488 -0.2978 -0.0126215 0.00728304
431000 -1.42846 -1.4471 -1.48894 -0.296843 -0.0123473 -0.00333321
432000 -1.44731 -1.45057 -1.48568 -0.295967 -0.0156077 -0.000903464
433000 -1.43025 -1.46317 -1.50033 -0.28667 -0.0105369 -0.00191163
434000 -1.44844 -1.42918 -1.49783 -0.283447 -0.0199538 0.0084334
435000 -1.43346 -1.46023 -1.49339 -0.254064 -0.00714872 -0.0105647
436000 -1.43813 -1.44765 -1.50336 -0.243512 -0.0203276 0.0132657
437000 -1.42763 -1.44259 -1.47882 -0.249908 -0.0017069 0.0134047
438000 -1.44468 -1.44567 -1.49467 -0.211864 -0.0119065 0.013844
439000 -1.42572 -1.44033 -1.49938 -0.204928 -0.00866929 0.00298392
440000 -1.44592 -1.44652 -1.50884 -0.173096 -0.0244796 0.0193824
441000 -1.44042 -1.45865 -1.49283 -0.172927 -0.00703917 0.0144266
442000 -1.45349 -1.45487 -1.50026 -0.140075 -0.0148986 0.00173397
443000 -1.45022 -1.45618 -1.5062 -0.139035 -0.0134391 0.00902603
444000 -1.45284 -1.43832 -1.51248 -0.116243 -0.0116285 0.012279
445000 -1.44859 -1.46002 -1.509 -0.102146 -0.0183868 0.00365063
446000 -1.4486 -1.44619 -1.50938 -0.0825788 -0.0141696 0.00959387
447000 -1.43384 -1.45381 -1.49866 -0.0659952 -0.00911744 -0.00492128
448000 -1.44789 -1.45237 -1.50032 -0.050436 -0.0165364 0.00953936
449000 -1.45122 -1.44783 -1.50315 -0.0323943 -0.0164027 0.00371122
450000 -1.45401 -1.45635 -1.50593 -0.0202123 -0.02008 0.00952088
451000 -1.44288 -1.43929 -1.51042 0.0162451 -0.0110408 0.0120636
452000 -1.44282 -1.45124 -1.50939 0.0424024 -0.00328105 0.00157635
453000 -1.44412 -1.47403 -1.49614 0.0581789 -0.0128169 -0.00798047
454000 -1.43612 -1.44317 -1.51581 0.0657237 -0.0148684 0.0104889
455000 -1.44728 -1.44446 -1.50787 0.0872254 -0.0163912 0.012877
456000 -1.44129 -1.45405 -1.51152 0.11228 -0.0222696 0.00228966
457000 -1.44995 -1.45005 -1.50374 0.13208 0.00409427 0.00509181
458000 -1.45047 -1.45875 -1.49699 0.149774 -0.0223722 -0.00602626
459000 -1.44673 -1.44669 -1.51217 0.170906 -0.0138475 0.00953533
460000 -1.4585 -1.44809 -1.50983 0.192524 -0.0187753 0.00262492
461000 -1.45389 -1.41887 -1.4981 0.196672 -0.00393596 -0.00201268
462000 -1.43489 -1.43349 -1.50427 0.203868 -0.0148521 0.000881158
463000 -1.44047 -1.43144 -1.49129 0.232917 -0.0126277 0.0135961
464000 -1.44998 -1.45678 -1.48739 0.242795 -0.0237119 0.0141922
465000 -1.42864 -1.43488 -1.50891 0.260232 -0.00490345 0.00574287
466000 -1.42345 -1.43631 -1.50978 0.263681 -0.00116203 0.00628373
467000 -1.44401 -1.43203 -1.49018 0.273427 0.00191818 0.00697455
468000 -1.4345 -1.43479 -1.49324 0.280114 -0.0108652 0.00876883
469000 -1.43979 -1.45481 -1.50578 0.311335 -0.0214212 0.0202236
470000 -1.44835 -1.44298 -1.49283 0.297739 -0.0211224 0.0136744
471000 -1.4256 -1.45202 -1.49611 0.311729 -0.00724002 0.0208723
472000 -1.43535 -1.43895 -1.48113 0.30594 -0.0288367 0.00189775
473000 -1.42207 -1.42956 -1.49165 0.304844 -0.0070867 0.0184101
474000 -1.45325 -1.42192 -1.50343 0.314519 -0.0185723 0.0121219
475000 -1.43019 -1.44932 -1.50816 0.306395 -0.0131635 0.0142188
476000 -1.43855 -1.43352 -1.49104 0.309122 -0.0151094 0.0128104
477000 -1.42558 -1.43379 -1.51723 0.294423 -0.0107379 0.00382978
478000 -1.45933 -1.44097 -1.48461 0.309763 -0.00883681 0.0113789
479000 -1.43972 -1.40605 -1.52063 0.303681 -0.016313 0.00368859
480000 -1.45997 -1.40253 -1.50874 0.286041 -0.00542852 0.00572969
481000 -1.45297 -1.432 -1.50562 0.284912 -0.0180191 0.00464672
482000 -1.43056 -1.4333 -1.49117 0.295065 -0.0110983 0.0232143
483000 -1.42729 -1.44424 -1.49796 0.266967 -0.0171202 0.00644644
484000 -1.44679 -1.42939 -1.53532 0.268904 -0.0226361 0.0054449
485000 -1.42664 -1.4263 -1.50243 0.24994 -0.0263185 -0.00519179
486000 -1.43326 -1.44682 -1.50091 0.228071 -0.00876586 0.0214638
487000 -1.44372 -1.44727 -1.49216 0.225967 -0.0178436 0.000512456
488000 -1.4228 -1.45031 -1.51316 0.20974 -0.00509263 0.0155951
489000 -1.4282 -1.44314 -1.4991 0.206393 -0.00917466 0.00508786
490000 -1.45306 -1.44769 -1.50508 0.165249 -0.0145844 0.0203175
491000 -1.42726 -1.4564 -1.49039 0.161164 -0.0127175 0.0070025
492000 -1.45323 -1.46915 -1.49944 0.163474 -0.0111107 0.000136549
493000 -1.43683 -1.44009 -1.52653 0.121245 -0.0185571 0.00737143
494000 -1.42416 -1.46308 -1.4956 0.102584 -0.00320017 0.0322461
495000 -1.44672 -1.45348 -1.49703 0.0837223 -0.0119378 0.00123381
496000 -1.44083 -1.46089 -1.49713 0.0741284 -0.0236933 0.0109945
497000 -1.4437 -1.45933 -1.50672 0.053338 -0.0159171 0.0072895
498000 -1.4352 -1.45678 -1.50967 0.0309427 -0.0086197 -0.0066867
499000 -1.45489 -1.44761 -1.50713 0.00808365 -0.0142744 0.00883389
500000 -1.44646 -1.45988 -1.49918 -0.0108571 -0.021261 0.0183649
501000 -1.46233 -1.46052 -1.49724 -0.0193413 -0.0187762 0.0137043
502000 -1.45707 -1.43573 -1.5002 -0.0416002 -0.00793072 0.00355772
503000 -1.45144 -1.44391 -1.51665 -0.0681093 -0.0206932 0.0266638
504000 -1.44422 -1.44994 -1.48492 -0.0908032 -0.0203983 0.00894184
505000 -1.45613 -1.45767 -1.47954 -0.11744 -0.0117207 -0.00771902
506000 -1.44368 -1.43508 -1.51302 -0.134293 -0.016624 0.00103785
507000 -1.46428 -1.4481 -1.49023 -0.14394 -0.0195433 0.000748433
508000 -1.44111 -1.45496 -1.50878 -0.160289 -0.0215621 0.0151578
509000 -1.46356 -1.4494 -1.49448 -0.193288 -0.00472776 0.00956353
510000 -1.45437 -1.44355 -1.48452 -0.194112 -0.0269533 0.00827982
511000 -1.4406 -1.43278 -1.48987 -0.20683 -0.0103317 0.00451026
512000 -1.4468 -1.45271 -1.51521 -0.2082 -0.00540369 0.00273686
513000 -1.43514 -1.44179 -1.51222 -0.226845 -0.0207081 -0.00380975
514000 -1.43434 -1.45063 -1.48095 -0.241737 -0.00635001 0.00401134
515000 -1.4446 -1.45147 -1.48359 -0.263465 -0.0211194 0.00675683
516000 -1.44833 -1.44443 -1.49671 -0.270073 -0.0059679 0.00608834
517000 -1.42953 -1.44506 -1.50867 -0.29299 0.0148313 -0.00523076
518000 -1.44403 -1.45537 -1.48401 -0.306863 -0.0054982 -0.0162511
519000 -1.42417 -1.44174 -1.50224 -0.296384 -0.00945752 0.0257684
520000 -1.43349 -1.43639 -1.48581 -0.317105 -0.0254045 -0.00154542
521000 -1.42661 -1.45697 -1.49017 -0.296997 -0.0118865 0.0055813
522000 -1.42786 -1.44625 -1.51009 -0.324138 -0.006722 0.00680574
523000 -1.41988 -1.44015 -1.49648 -0.312523 -0.0253422 -0.00117567
524000 -1.45593 -1.43863 -1.48896 -0.322229 -0.00360222 -0.00301543
525000 -1.44018 -1.43597 -1.496 -0.335755 -0.0131074 0.00183899
526000 -1.43856 -1.42355 -1.47858 -0.320524 -0.00827212 -0.0104561
527000 -1.43679 -1.44418 -1.49812 -0.312382 0.00488314 -0.011521
528000 -1.43871 -1.43701 -1.47892 -0.302878 -0.00719661 3.65302e-05
529000 -1.44798 -1.42883 -1.50222 -0.304591 -0.00809615 0.00721427
530000 -1.45508 -1.43053 -1.48829 -0.297554 -0.0137114 0.00825995
531000 -1.42429 -1.43838 -1.48735 -0.303317 -0.0175474 -0.0017817
532000 -1.43931 -1.44088 -1.49906 -0.280856 -0.0268469 -0.000341129
533000 -1.4294 -1.44759 -1.49843 -0.277219 -0.0048199 0.0189259
534000 -1.4252 -1.44115 -1.49641 -0.247438 -0.0192656 0.0161934
535000 -1.43312 -1.45976 -1.50134 -0.262421 -0.00890498 0.0108066
536000 -1.45789 -1.4245 -1.48809 -0.246794 -0.0144756 -0.00690375
537000 -1.45098 -1.43877 -1.49025 -0.242882 -0.0118677 -0.00102508
538000 -1.42561 -1.43213 -1.49432 -0.233418 -0.0132024 0.0018914
539000 -1.44634 -1.44819 -1.48477 -0.195984 -0.0303636 -0.00226036
540000 -1.43186 -1.44873 -1.51227 -0.194747 -0.0305188 0.0149718
541000 -1.42674 -1.45781 -1.49067 -0.176305 0.00229821 -0.00137441
542000 -1.43856 -1.44511 -1.51577 -0.147364 -0.0136624 0.00989664
543000 -1.45002 -1.44434 -1.50303 -0.139553 -0.0111317 0.00447
544000 -1.45075 -1.43591 -1.50228 -0.109067 -0.0278267 0.00779122
545000 -1.44847 -1.45213 -1.49013 -0.100174 -0.0128895 -0.000957331
546000 -1.44546 -1.45649 -1.49874 -0.0892386 -0.00829404 1.56126e-05
547000 -1.44422 -1.44031 -1.51828 -0.074986 -0.00360378 -0.00823314
548000 -1.43865 -1.45541 -1.51145 -0.0409652 -0.0115946 -0.0077878
549000 -1.46149 -1.44523 -1.50322 -0.0365715 -0.0177165 0.010348
550000 -1.44949 -1.46139 -1.50334 -0.00249455 -0.0221594 0.00884284
551000 -1.44672 -1.44069 -1.49054 0.00688926 -0.0174479 0.00746918
552000 -1.44899 -1.45512 -1.51457 0.0246452 -0.00166814 0.00435995
553000 -1.45007 -1.44699 -1.50024 0.0546115 -0.0168515 -0.00145907
554000 -1.44715 -1.45065 -1.50081 0.068217 -0.0142859 0.0212736
555000 -1.45766 -1.45692 -1.48598 0.101535 -0.0081457 0.00193104
556000 -1.44437 -1.463 -1.49981 0.107318 -0.0241874 0.0151339
557000 -1.45416 -1.44992 -1.49752 0.132738 -0.0180549 0.00523546
558000 -1.44452 -1.43088 -1.51601 0.156899 -0.00479676 0.00636469
559000 -1.46687 -1.43812 -1.50069 0.145303 -0.0300816 0.0111136
560000 -1.45098 -1.42504 -1.49921 0.166074 -0.0150572 0.00700788
561000 -1.45429 -1.44028 -1.51037 0.182335 -0.00513765 0.00466933
562000 -1.43017 -1.44227 -1.50203 0.228971 -0.0112574 0.00828985
563000 -1.43029 -1.44885 -1.51373 0.224813 -0.0152427 0.0133628
564000 -1.45356 -1.43043 -1.5098 0.242642 -0.00344237 -0.00698894
565000 -1.44402 -1.44804 -1.49318 0.251333 -0.00911824 0.0104996
566000 -1.43359 -1.46677 -1.47932 0.260783 -0.0146213 0.0118436
567000 -1.44905 -1.44112 -1.49728 0.256356 -0.0251655 0.00260395
568000 -1.44092 -1.4351 -1.47915 0.293177 -0.00645255 0.0101474
569000 -1.41431 -1.4466 -1.51079 0.284125 -0.0187305 0.0123804
570000 -1.43037 -1.44663 -1.49493 0.283526 0.00309145 0.00737038
571000 -1.4612 -1.42715 -1.49775 0.323258 -0.0166534 0.0119872
572000 -1.42616 -1.42953 -1.49174 0.310823 -0.0127212 0.0123674
573000 -1.42907 -1.42218 -1.49885 0.30775 -0.0346603 -0.00559332
574000 -1.44547 -1.42572 -1.50002 0.307949 -0.0245725 0.00848131
575000 -1.4326 -1.43944 -1.49809 0.30838 -0.0230715 0.0187361
576000 -1.42384 -1.43681 -1.4946 0.299266 -0.0172503 0.0107248
577000 -1.41617 -1.43647 -1.51185 0.314155 -0.00171805 0.0119973
578000 -1.43857 -1.41972 -1.49495 0.310334 -0.0256188 0.00377691
579000 -1.44565 -1.44816 -1.47206 0.305909 -0.0140322 -0.00492418
580000 -1.45048 -1.42582 -1.49024 0.287779 -0.00556607 0.00695332
581000 -1.43138 -1.42464 -1.49581 0.294615 -0.00181706 0.0124787
582000 -1.4187 -1.44374 -1.49864 0.270188 -0.00325139 0.00862945
583000 -1.4191 -1.45357 -1.48368 0.284018 -0.005045 0.0103526
584000 -1.4579 -1.42576 -1.48674 0.259956 -0.0143804 0.00828246
585000 -1.43273 -1.4293 -1.50761 0.248977 -0.0127924 0.00356964
586000 -1.43211 -1.43124 -1.50362 0.240486 -0.0101369 0.0241938
587000 -1.4381 -1.43879 -1.49023 0.224671 -0.0112602 0.0118501
588000 -1.44581 -1.44271 -1.49586 0.214489 -0.00664934 0.0023847
589000 -1.44375 -1.43317 -1.48177 0.188831 -0.00105874 0.0143789
590000 -1.43178 -1.45262 -1.50766 0.165504 -0.0206114 0.00283106
591000 -1.43423 -1.45844 -1.49779 0.156894 -0.0156833 0.0107045
592000 -1.43807 -1.43818 -1.50769 0.145776 -0.00983826 0.0140231
593000 -1.44828 -1.43567 -1.50315 0.139893 -0.00995637 0.0167788
594000 -1.45631 -1.44499 -1.49666 0.118668 -0.00313371 0.0189886
595000 -1.44598 -1.45575 -1.51984 0.0785347 -0.00585285 0.000787763
596000 -1.4433 -1.43901 -1.50456 0.0753638 -0.0138259 0.0164336
597000 -1.46239 -1.45179 -1.49498 0.0505853 -0.0177201 0.0128769
598000 -1.44768 -1.46015 -1.49949 0.0327067 -0.0130183 0.00337737
599000 -1.44458 -1.44941 -1.48788 0.00747839 -0.0118381 0.0213288
600000 -1.43544 -1.45823 -1.49902 -0.00548856 -0.0227956 0.00394288
601000 -1.44581 -1.46916 -1.5116 -0.0220656 -0.00303071 0.00975661
602000 -1.44378 -1.4577 -1.50907 -0.0612348 -0.0343352 0.000329805
603000 -1.45282 -1.46377 -1.52002 -0.0568131 -0.00902774 0.00423791
604000 -1.46365 -1.44219 -1.50585 -0.0875877 -0.017063 0.015059
605000 -1.43396 -1.44365 -1.50875 -0.115565 -0.00659953 0.0119511
606000 -1.44003 -1.44203 -1.51399 -0.123137 -0.0208482 -0.00111269
607000 -1.44687 -1.47552 -1.48671 -0.136105 0.00538074 0.0200404
608000 -1.43847 -1.46568 -1.46788 -0.156034 -0.0199379 0.0104059
609000 -1.44573 -1.43345 -1.49958 -0.179905 -0.0135399 0.00127637
610000 -1.46078 -1.44651 -1.48028 -0.199107 -0.0125138 0.00700621
611000 -1.42139 -1.43462 -1.51439 -0.209834 -0.0124896 -0.00100481
612000 -1.43572 -1.46037 -1.48439 -0.234338 -0.0153547 -0.00736688
613000 -1.45651 -1.43558 -1.47993 -0.229605 -0.00826565 0.00263337
614000 -1.43973 -1.47083 -1.51076 -0.248382 -0.0177407 0.0150106
615000 -1.44489 -1.44388 -1.49122 -0.262857 -0.0191713 0.0121063
616000 -1.43242 -1.45282 -1.48943 -0.28094 -0.0153031 0.0107669
617000 -1.43091 -1.45351 -1.49288 -0.278214 -0.00833171 0.00654616
618000 -1.44342 -1.42936 -1.50129 -0.287011 -0.0299003 0.0159135
619000 -1.45294 -1.44888 -1.4838 -0.293571 -0.0204893 -0.000843716
620000 -1.42141 -1.46757 -1.48728 -0.295591 -0.0174327 -0.00224362
621000 -1.44268 -1.42269 -1.48586 -0.300975 -0.0108666 0.0113733
622000 -1.44268 -1.43924 -1.48333 -0.314951 0.00094084 0.00781415
623000 -1.43302 -1.44158 -1.4953 -0.322234 -0.00452443 0.0123831
624000 -1.44348 -1.45091 -1.48772 -0.319699 -0.0174396 0.0149821
625000 -1.4422 -1.45283 -1.46936 -0.316702 -0.0075677 0.012713
626000 -1.45649 -1.4448 -1.47715 -0.332301 -0.0174673 0.0158416
627000 -1.43775 -1.43839 -1.47551 -0.328245 -0.0238576 0.00638782
628000 -1.44756 -1.45303 -1.47725 -0.315023 -0.0066469 0.000248137
629000 -1.43206 -1.44884 -1.48882 -0.309488 -0.0101573 0.0108257
630000 -1.43986 -1.42784 -1.47764 -0.316355 -0.0189861 0.00890885
631000 -1.43394 -1.45084 -1.47409 -0.296022 -0.0129538 0.00106062
632000 -1.43109 -1.43167 -1.50723 -0.28482 -0.0187499 0.0195466
633000 -1.43911 -1.42882 -1.48716 -0.266071 -0.0177102 -0.00687162
634000 -1.42546 -1.44849 -1.49243 -0.278988 -0.0186611 -0.00802713
635000 -1.42858 -1.44183 -1.49511 -0.2537 -0.00704298 0.0105363
636000 -1.43011 -1.44271 -1.49537 -0.259878 -0.0173095 0.0115223
637000 -1.4366 -1.45751 -1.49525 -0.245712 -0.0230548 0.0209106
638000 -1.45329 -1.45472 -1.48697 -0.224646 -0.011283 0.00281757
639000 -1.45991 -1.4369 -1.48421 -0.204845 -0.0164194 0.012898
640000 -1.45031 -1.45017 -1.4903 -0.208278 -0.0108639 0.00870803
641000 -1.45039 -1.43675 -1.51021 -0.18534 -0.0163158 0.0100523
642000 -1.4512 -1.43999 -1.48872 -0.158072 -0.0066239 0.0206547
643000 -1.4413 -1.45136 -1.48693 -0.143816 -0.00155582 0.0120251
644000 -1.42836 -1.43627 -1.50372 -0.121204 -0.0307931 0.000963167
645000 -1.43943 -1.45858 -1.49259 -0.0983754 -0.00450981 0.00593879
646000 -1.44714 -1.43136 -1.48767 -0.0834229 -0.0239119 0.0138559
647000 -1.45943 -1.44445 -1.49833 -0.0549903 -0.00358705 0.00496829
648000 -1.44881 -1.44929 -1.49618 -0.0408539 -0.0233538 -0.000607607
649000 -1.44721 -1.44132 -1.48995 -0.0299063 -0.030665 -0.000612257
650000 -1.43272 -1.46884 -1.50208 -0.00143466 -0.0110133 0.0194362
651000 -1.46047 -1.45481 -1.4898 0.0089587 -0.0158569 0.00252733
652000 -1.45528 -1.45161 -1.48779 0.047489 -0.00597611 0.0238189
653000 -1.43608 -1.46686 -1.50187 0.0421093 -0.0188645 0.00664389
654000 -1.44256 -1.45821 -1.49935 0.0622262 -0.0116182 0.00191154
655000 -1.46153 -1.45911 -1.49302 0.10759 -0.0085914 0.0144726
656000 -1.43125 -1.44733 -1.52398 0.117471 -0.0111551 0.00760788
657000 -1.44261 -1.4391 -1.50729 0.118101 -0.0148259 0.00286215
658000 -1.42624 -1.44424 -1.50005 0.13297 -0.0171539 0.00354897
659000 -1.4309 -1.43027 -1.50943 0.16367 -0.0111095 0.00277359
660000 -1.4317 -1.44166 -1.51028 0.176016 -0.0208455 0.0131639
661000 -1.45265 -1.43071 -1.50177 0.201397 -0.00419669 0.0149152
662000 -1.43676 -1.43469 -1.5146 0.20809 -0.0180837 0.012575
663000 -1.42828 -1.44709 -1.52951 0.225349 -0.0125962 -0.0072131
664000 -1.4365 -1.46235 -1.48913 0.252569 -0.0129182 0.00169241
665000 -1.42208 -1.45761 -1.50203 0.247237 -0.00207344 0.00522063
666000 -1.44717 -1.43493 -1.49054 0.263952 -0.00667923 0.0106506
667000 -1.4261 -1.45066 -1.50053 0.270959 -0.014804 0.0173158
668000 -1.43016 -1.43322 -1.5007 0.295419 -0.0189211 0.00920498
669000 -1.43905 -1.42529 -1.49564 0.268055 -0.0173927 0.0119631
670000 -1.41993 -1.43369 -1.49765 0.300144 -0.00330317 0.0139271
671000 -1.43675 -1.43393 -1.49213 0.307688 -0.0268475 0.00417245
672000 -1.43194 -1.43353 -1.50252 0.291985 0.000225945 0.00648421
673000 -1.42951 -1.44788 -1.48205 0.3063 -0.0216107 0.00859829
674000 -1.43707 -1.43287 -1.49212 0.31027 -0.0200397 0.0122445
675000 -1.43205 -1.44762 -1.51608 0.309464 -0.0146681 -0.0120664
676000 -1.43539 -1.4231 -1.48268 0.307481 -0.0161796 -0.00433601
677000 -1.42509 -1.44109 -1.50699 0.296604 -0.0106492 0.0129399
678000 -1.43232 -1.43115 -1.50305 0.300313 -0.00070651 0.00675537
679000 -1.4466 -1.43277 -1.50823 0.29255 -0.0219115 0.00698011
680000 -1.43387 -1.45085 -1.49259 0.291226 -0.0339129 0.0183505
681000 -1.42564 -1.43195 -1.4974 0.282726 -0.0181454 0.00628384
682000 -1.4444 -1.43261 -1.49498 0.293541 -0.00844115 0.00606245
683000 -1.4407 -1.43224 -1.49905 0.270125 -0.00797507 0.0195767
684000 -1.40993 -1.45014 -1.49188 0.251544 -0.0256188 -0.00864208
685000 -1.42583 -1.44886 -1.51457 0.24529 -0.0122529 0.00710952
686000 -1.46397 -1.43684 -1.49976 0.235265 -0.0180873 0.0175299
687000 -1.45236 -1.43704 -1.50002 0.227609 -0.0245807 0.00890067
688000 -1.43938 -1.4458 -1.50301 0.208183 -0.00379311 -0.00380993
689000 -1.43882 -1.45068 -1.50829 0.186546 -0.0114708 0.00706216
690000 -1.45088 -1.43748 -1.48358 0.174715 -0.0108174 -0.0068047
691000 -1.4547 -1.44513 -1.5095 0.157372 -0.0180474 0.000952004
692000 -1.44247 -1.45928 -1.49431 0.162747 -0.0226981 -0.00704504
693000 -1.44244 -1.45482 -1.5059 0.127328 -0.0177241 0.00607239
694000 -1.44929 -1.44943 -1.51087 0.104548 -0.015426 -0.00685631
695000 -1.44179 -1.45011 -1.49515 0.0914348 -0.0290537 -0.00288794
696000 -1.47651 -1.4339 -1.50316 0.0663945 -0.00971166 -0.0119897
697000 -1.44546 -1.4473 -1.49878 0.0511578 -0.0180142 0.000245779
698000 -1.43388 -1.46448 -1.48847 0.015715 -0.0170222 0.00393031
699000 -1.43978 -1.44577 -1.50834 0.014074 -0.00700649 0.0123979
700000 -1.45203 -1.45713 -1.51044 0.0041436 -0.00626792 0.0155786
701000 -1.44095 -1.4502 -1.50384 -0.0240861 -0.00931697 0.00198519
702000 -1.44294 -1.44305 -1.50175 -0.0602532 -0.0163267 0.0187677
703000 -1.43766 -1.46031 -1.49319 -0.0717858 -0.0150868 0.000517045
704000 -1.44824 -1.43346 -1.50619 -0.100738 -0.00835575 -0.00207415
705000 -1.43908 -1.45505 -1.48716 -0.110983 -0.00709789 0.00428998
706000 -1.43736 -1.44957 -1.51581 -0.140671 -0.0202665 0.0250149
707000 -1.44949 -1.44504 -1.51355 -0.146755 -0.0086952 -0.0120836
708000 -1.44019 -1.44009 -1.5138 -0.155535 -0.00746726 -0.00226307
709000 -1.44879 -1.44384 -1.49113 -0.171423 -0.0112456 0.0103407
710000 -1.44016 -1.4237 -1.50433 -0.191375 -0.0164031 0.0118304
711000 -1.43533 -1.44877 -1.50005 -0.202565 -0.0186815 0.00193457
712000 -1.44815 -1.45062 -1.50866 -0.21173 -0.021159 0.0105096
713000 -1.43212 -1.4429 -1.49128 -0.229471 -0.0103508 0.00991534
714000 -1.43096 -1.44389 -1.48655 -0.252883 -0.0165885 -0.0107345
715000 -1.44345 -1.43887 -1.49525 -0.255467 -0.0255736 -0.00182315
716000 -1.43592 -1.42248 -1.49085 -0.278195 -0.00772409 0.00122253
717000 -1.44522 -1.45384 -1.49085 -0.2913 -0.0246941 0.00671562
718000 -1.426 -1.42512 -1.50144 -0.282364 -0.0258615 0.00756333
719000 -1.42643 -1.44629 -1.46983 -0.303443 -0.0148869 -0.00239668
720000 -1.42312 -1.43835 -1.51145 -0.305668 -0.0159385 0.000329568
721000 -1.44826 -1.43946 -1.49144 -0.311185 -0.00575208 0.00655945
722000 -1.43332 -1.44027 -1.48189 -0.316257 -0.0164647 0.0174168
723000 -1.43465 -1.44489 -1.47502 -0.329794 -0.0153178 0.00971927
724000 -1.44381 -1.42909 -1.48516 -0.314481 -0.0149657 0.00393912
725000 -1.43806 -1.43557 -1.49055 -0.323549 -0.0036212 0.00427638
726000 -1.42684 -1.4504 -1.49321 -0.322053 -0.00746837 -0.00330148
727000 -1.43719 -1.43416 -1.48359 -0.318569 -0.00629245 0.0113911
728000 -1.42265 -1.46421 -1.48546 -0.322279 -0.013548 0.00751488
729000 -1.42816 -1.45445 -1.47449 -0.299951 -0.00724903 -0.0207775
730000 -1.43993 -1.44329 -1.49021 -0.306138 -0.007804 0.00605492
731000 -1.432 -1.44624 -1.50073 -0.306991 -0.012777 0.00174424
732000 -1.43343 -1.43104 -1.5018 -0.289499 -0.0148392 0.0152521
733000 -1.42904 -1.44196 -1.48382 -0.280662 -0.0148422 0.0132691
734000 -1.4419 -1.44466 -1.49134 -0.271747 -0.00684157 0.01309
735000 -1.43174 -1.42214 -1.51083 -0.262228 -0.0324945 0.00309565
736000 -1.43942 -1.44329 -1.49576 -0.239863 -0.0103457 0.00216658
737000 -1.47341 -1.44735 -1.49659 -0.230207 -0.0209684 -0.000130462
738000 -1.44636 -1.44995 -1.50517 -0.228908 -0.00911357 -0.000130571
739000 -1.43865 -1.44167 -1.49712 -0.203475 -0.00210441 0.0167099
740000 -1.45663 -1.43898 -1.4863 -0.201209 -0.0111891 -0.00251066
741000 -1.43993 -1.46225 -1.49427 -0.180845 -0.0144797 -0.00115416
742000 -1.42933 -1.46085 -1.49309 -0.161162 0.000626657 0.00875844
743000 -1.44705 -1.44755 -1.49323 -0.1463 -0.0136629 0.00961552
744000 -1.43632 -1.41652 -1.49996 -0.125917 -0.0130957 -0.000305582
745000 -1.44682 -1.4479 -1.50815 -0.109519 -0.0155042 0.0067528
746000 -1.44021 -1.45109 -1.48652 -0.087832 -0.012137 -0.0014295
747000 -1.4487 -1.45269 -1.4891 -0.0666073 -0.0150591 0.0131345
748000 -1.45827 -1.44716 -1.50578 -0.0432422 -0.00982207 0.00476353
749000 -1.45532 -1.44455 -1.5012 -0.0276835 -0.00941018 0.0176225
750000 -1.43769 -1.43702 -1.5106 -0.00820386 -0.0144818 0.0139033
751000 -1.4463 -1.455 -1.51251 0.0131237 -0.0126983 0.0107661
752000 -1.42541 -1.46732 -1.48604 0.0270402 -0.0151544 0.0123252
753000 -1.45813 -1.45595 -1.48443 0.050383 -0.0233323 0.0124793
754000 -1.43263 -1.46883 -1.51126 0.0711054 -0.0196289 0.00140916
755000 -1.45016 -1.4535 -1.51103 0.0761796 -0.00609203 0.00604999
756000 -1.46186 -1.43403 -1.49048 0.0892896 -0.0191296 0.000456926
757000 -1.45418 -1.43014 -1.4961 0.132137 -0.0249027 0.00544636
758000 -1.43841 -1.43925 -1.50971 0.139739 -0.0232958 0.011419
759000 -1.44269 -1.42708 -1.50423 0.164125 -0.00883287 0.0218853
760000 -1.4387 -1.44595 -1.50735 0.182063 -0.0136071 -0.00999501
761000 -1.43427 -1.45818 -1.49462 0.201135 -0.0328163 0.00737161
762000 -1.44271 -1.43317 -1.51394 0.217577 -0.0202025 0.0108484
763000 -1.44296 -1.44305 -1.50281 0.212802 -0.0140749 0.00896988
764000 -1.44589 -1.45962 -1.48589 0.24461 -0.0253246 0.00578646
765000 -1.41981 -1.4525 -1.51268 0.245155 -0.0179351 0.0104754
766000 -1.43094 -1.4488 -1.48551 0.249079 -0.0153475 0.00191145
767000 -1.44035 -1.43711 -1.51638 0.259361 -0.0138046 0.00549222
768000 -1.42825 -1.43716 -1.50824 0.273528 -0.00751762 0.000596126
769000 -1.44848 -1.40515 -1.50215 0.259888 -0.0149797 0.0248149
770000 -1.42674 -1.43835 -1.50918 0.290779 -0.0184511 0.0158448
771000 -1.46472 -1.44236 -1.50171 0.302904 -0.0235788 -0.00189813
772000 -1.41726 -1.43365 -1.49611 0.31105 -0.0196147 0.0116181
773000 -1.44472 -1.43625 -1.50586 0.310578 -0.0213154 0.011969
774000 -1.42268 -1.43603 -1.51014 0.307272 -0.0071619 0.00194307
775000 -1.44077 -1.45066 -1.5014 0.306824 -0.00774933 0.00406292
776000 -1.42513 -1.43727 -1.50304 0.318114 -0.00424356 0.00774488
777000 -1.43528 -1.43228 -1.50394 0.299247 -0.00723003 -0.0144527
778000 -1.43613 -1.44227 -1.48286 0.295312 0.00157706 -0.00457103
779000 -1.43003 -1.44738 -1.49159 0.294108 -0.0197763 0.00570327
780000 -1.44412 -1.41951 -1.52394 0.277691 -0.0109224 0.0229012
781000 -1.44154 -1.43697 -1.48598 0.286343 -0.0198982 0.00286132
782000 -1.42216 -1.44536 -1.50308 0.27583 -0.0220109 0.0108529
783000 -1.41986 -1.45961 -1.50682 0.265554 -0.0164541 0.00546184
784000 -1.44668 -1.44259 -1.48391 0.253771 -0.0257567 0.0183583
785000 -1.4355 -1.43685 -1.50379 0.262198 -0.00198279 -0.00716936
786000 -1.44737 -1.43749 -1.47887 0.22899 -0.00730259 -0.00106316
787000 -1.44866 -1.44161 -1.49268 0.198879 -0.0218095 -0.00661508
788000 -1.43134 -1.42892 -1.48571 0.203317 -0.0074818 -0.00383935
789000 -1.44132 -1.44938 -1.49377 0.1879 -0.00711165 0.0174402
790000 -1.45269 -1.43869 -1.48416 0.185248 -0.0252233 0.00675207
791000 -1.44025 -1.45782 -1.49359 0.175758 0.00128886 0.00949966
792000 -1.43467 -1.42696 -1.51216 0.147534 -0.022615 0.0155824
793000 -1.45429 -1.43706 -1.51893 0.116758 -0.0228249 0.00382635
794000 -1.43992 -1.43821 -1.52166 0.100531 -0.0195298 0.0151747
795000 -1.44114 -1.44574 -1.50613 0.0899243 -0.0215443 0.00969277
796000 -1.43904 -1.46328 -1.50708 0.0738353 -0.00926002 0.0101775
797000 -1.43627 -1.45807 -1.5048 0.0488783 -0.0146401 -0.00688369
798000 -1.46253 -1.4499 -1.49992 0.0293301 -0.0210268 -0.00665978
799000 -1.43705 -1.44095 -1.51564 0.0176557 -0.0078077 0.0109533
800000 -1.44161 -1.43841 -1.51217 -0.00572126 -0.0144956 0.00906853
801000 -1.44577 -1.4636 -1.50845 -0.0100824 -0.0179364 0.00288016
802000 -1.44577 -1.46038 -1.48772 -0.0343621 -0.0147784 0.00140118
803000 -1.45088 -1.46694 -1.48785 -0.0613672 -0.0150401 -0.00642233
804000 -1.4328 -1.45923 -1.50327 -0.0998654 -0.0257444 0.0081039
805000 -1.46025 -1.4662 -1.48465 -0.109411 -0.00695162 -0.00552514
806000 -1.45609 -1.45618 -1.49075 -0.124338 -0.01248 -0.00661263
807000 -1.43796 -1.44861 -1.49218 -0.139626 -0.00938724 0.022753
808000 -1.45692 -1.45743 -1.48027 -0.15221 -0.0251062 0.00719825
809000 -1.43599 -1.44438 -1.49865 -0.164994 -0.0119878 0.017593
810000 -1.43361 -1.46417 -1.49966 -0.193934 -0.0154402 0.00707094
811000 -1.43607 -1.43292 -1.50865 -0.192635 -0.0196776 -0.000251747
812000 -1.4507 -1.42917 -1.49626 -0.218826 -0.0252426 0.00292991
813000 -1.43417 -1.44932 -1.50504 -0.238941 -0.0195112 -0.00357114
814000 -1.44246 -1.44176 -1.50926 -0.264289 -0.0189113 0.00534186
815000 -1.42306 -1.46077 -1.49 -0.242201 -0.0151292 0.00858828
816000 -1.4398 -1.43338 -1.49149 -0.257608 -0.0192904 -0.00113668
817000 -1.44031 -1.4423 -1.49391 -0.284395 -0.0132032 -0.0106425
818000 -1.44244 -1.43631 -1.49064 -0.281341 0.00918286 0.0202696
819000 -1.44748 -1.44101 -1.48344 -0.287903 -0.0184829 0.00144764
820000 -1.43201 -1.45354 -1.47386 -0.302211 -0.0197592 0.0132774
821000 -1.43816 -1.43838 -1.46824 -0.312097 -0.0245082 0.00418228
822000 -1.43233 -1.44467 -1.48934 -0.315825 -0.00924868 -0.000720539
823000 -1.44547 -1.43649 -1.47778 -0.302766 -0.0204185 0.00761277
824000 -1.42922 -1.43334 -1.5021 -0.310094 -0.0118975 -0.00184596
825000 -1.41565 -1.43063 -1.49254 -0.310507 -0.0192311 0.00532168
826000 -1.42458 -1.41941 -1.48982 -0.309369 -0.0162438 0.00845441
827000 -1.44593 -1.44948 -1.48628 -0.309262 -0.0275069 0.00790166
828000 -1.44266 -1.41355 -1.50674 -0.336483 -0.0202365 0.0140352
829000 -1.41297 -1.44368 -1.49142 -0.309011 -0.0129609 -0.00181904
830000 -1.43622 -1.43509 -1.49432 -0.300747 0.0051055 0.0175675
831000 -1.43233 -1.4494 -1.48758 -0.292886 -0.013146 -0.00219136
832000 -1.42439 -1.43226 -1.50189 -0.313827 -0.0126348 0.00173435
833000 -1.41798 -1.44383 -1.49027 -0.294517 -0.0155579 -0.00537797
834000 -1.43166 -1.4346 -1.4882 -0.271055 0.002609 0.00286679
835000 -1.44002 -1.44164 -1.49867 -0.257529 -0.00407045 0.0161661
836000 -1.43608 -1.47453 -1.48615 -0.256391 -0.0033122 0.0130553
837000 -1.43269 -1.46426 -1.49882 -0.215776 -0.00771177 0.011444
838000 -1.44629 -1.43114 -1.48366 -0.220375 -0.00960848 0.0122255
839000 -1.43893 -1.44397 -1.48738 -0.203171 -0.0173322 0.00582877
840000 -1.44716 -1.44101 -1.47802 -0.186682 -0.0229181 0.00435846
841000 -1.42941 -1.45904 -1.49957 -0.178489 -0.0178891 0.0038438
842000 -1.43355 -1.46106 -1.49176 -0.149952 -0.0140626 0.0086277
843000 -1.44884 -1.45553 -1.5018 -0.138633 -0.00900293 0.00499868
844000 -1.43805 -1.46293 -1.48776 -0.126158 -0.00626349 0.0167908
845000 -1.44825 -1.44804 -1.49132 -0.0940587 -0.0128742 0.000786853
846000 -1.44658 -1.43851 -1.4989 -0.060103 -0.023396 0.0110077
847000 -1.4341 -1.45216 -1.50333 -0.0505258 0.00243893 0.0145116
848000 -1.44363 -1.44644 -1.47803 -0.0288262 -0.0173388 0.0235114
849000 -1.43943 -1.44674 -1.51569 -0.015276 0.00210778 -0.00639087
850000 -1.44166 -1.45116 -1.49902 0.0161065 -0.0136874 0.0155468
851000 -1.45255 -1.44516 -1.52337 0.0074894 -0.0228577 0.0164577
852000 -1.44962 -1.46029 -1.49202 0.0353612 -0.0172071 0.013144
853000 -1.43923 -1.43978 -1.49711 0.0513579 -0.00321606 0.0129148
854000 -1.43219 -1.44927 -1.50978 0.0538339 -0.0235617 0.00973207
855000 -1.46278 -1.4589 -1.48747 0.0795538 -0.0151277 0.0206097
856000 -1.43523 -1.43683 -1.51364 0.105616 -0.000702404 0.01044
857000 -1.45264 -1.45282 -1.50677 0.144252 -0.00351775 0.0133857
858000 -1.43847 -1.44351 -1.50873 0.149847 -0.0160448 0.0146407
859000 -1.44262 -1.44107 -1.50404 0.180616 -0.0223794 0.00613615
860000 -1.44996 -1.42894 -1.49685 0.180799 -0.0210068 0.0201588
861000 -1.44399 -1.44697 -1.49822 0.189051 -0.0114001 -0.00550836
862000 -1.4386 -1.43118 -1.49503 0.215142 -0.0232219 0.00722895
863000 -1.43519 -1.43927 -1.50496 0.223459 -0.0184307 0.00550669
864000 -1.43913 -1.42976 -1.50698 0.231039 -0.0131005 0.00581742
865000 -1.44053 -1.44557 -1.50593 0.260253 -0.0174752 0.00050436
866000 -1.44369 -1.4292 -1.50109 0.266882 0.000591623 0.00562675
867000 -1.44264 -1.43621 -1.49694 0.262056 -0.00908598 0.00260583
868000 -1.43342 -1.45415 -1.50212 0.296796 -0.0150512 -0.00347247
869000 -1.43976 -1.43081 -1.50962 0.278491 -0.028821 0.00704759
870000 -1.42939 -1.43211 -1.49473 0.289862 -0.0171913 0.00145473
871000 -1.42579 -1.41646 -1.50306 0.300245 -0.0155028 0.00404443
872000 -1.42672 -1.41218 -1.50746 0.303887 -0.0319378 0.00871542
873000 -1.44454 -1.43493 -1.48992 0.306839 -0.0166766 0.00142289
874000 -1.42851 -1.4348 -1.48336 0.294379 -0.0373358 0.0164675
875000 -1.441 -1.42505 -1.49295 0.31238 -0.00696336 0.00187448
876000 -1.43174 -1.43971 -1.49059 0.301775 -0.0264689 0.0146017
877000 -1.41946 -1.44861 -1.47254 0.316577 -0.0127626 0.00943061
878000 -1.42182 -1.44834 -1.50071 0.311043 -0.0169867 0.014885
879000 -1.44064 -1.42804 -1.50863 0.300899 -0.0220503 0.00256249
880000 -1.44647 -1.41885 -1.50809 0.295726 -0.0207354 0.0108863
881000 -1.44756 -1.43043 -1.50064 0.282596 -0.00630123 0.0101
882000 -1.43416 -1.43974 -1.48433 0.283985 -0.0134961 0.0180296
883000 -1.43573 -1.43333 -1.50257 0.268281 -0.0112842 0.0037127
884000 -1.44203 -1.44301 -1.52739 0.25781 -0.0169788 0.00184039
885000 -1.41938 -1.44911 -1.49763 0.242869 -0.0353549 -0.00534758
886000 -1.43117 -1.43226 -1.50771 0.233628 -0.00194386 0.0212955
887000 -1.4336 -1.46013 -1.49752 0.209546 -0.0172171 0.0165696
888000 -1.44922 -1.44662 -1.5093 0.204167 -0.0114763 -0.00565738
889000 -1.43652 -1.45776 -1.48248 0.193613 -0.0022939 0.0140764
890000 -1.4589 -1.4507 -1.50737 0.178474 -0.0181837 -0.00482995
891000 -1.43202 -1.44016 -1.4996 0.156417 -0.0137739 0.00109887
892000 -1.44648 -1.44846 -1.49071 0.133149 -0.00778811 0.00998137
893000 -1.44451 -1.47267 -1.51521 0.107853 -0.0123398 0.000137263
894000 -1.46225 -1.43468 -1.48754 0.0913967 -0.0219336 0.00586348
895000 -1.44548 -1.45078 -1.4893 0.103889 -0.00414455 0.00902637
896000 -1.44494 -1.45391 -1.49557 0.0681998 -0.02056 0.00207839
897000 -1.45875 -1.43778 -1.50255 0.0520705 -0.022398 0.00233761
898000 -1.44707 -1.45344 -1.51113 0.0266146 -0.00454972 -0.00320084
899000 -1.46476 -1.49143 -1.47859 0.011382 -0.0221224 -0.000566415
900000 -1.44406 -1.46454 -1.50972 -0.000146554 -0.0132029 0.00639192
901000 -1.45165 -1.44886 -1.49578 -0.0214529 -0.0294816 0.00565321
902000 -1.45385 -1.45549 -1.48797 -0.056594 -0.00910472 0.0193558
903000 -1.44164 -1.4559 -1.49769 -0.0624761 -0.0290904 0.0046874
904000 -1.45583 -1.45603 -1.48637 -0.0808869 -0.0196019 0.0148708
905000 -1.44471 -1.43824 -1.49361 -0.10863 0.00587901 -0.00209497
906000 -1.45362 -1.44955 -1.48962 -0.119627 -0.0113609 0.012015
907000 -1.44397 -1.45444 -1.49059 -0.144304 -0.00974557 0.00145248
908000 -1.46049 -1.4461 -1.49489 -0.152941 -0.00438905 0.0173701
909000 -1.44216 -1.44105 -1.49766 -0.16421 -0.0342613 0.0140691
910000 -1.44173 -1.43727 -1.53196 -0.207382 -0.0167927 0.00278765
911000 -1.42356 -1.45626 -1.48875 -0.21844 -0.00178448 -0.00660909
912000 -1.4518 -1.42911 -1.48997 -0.213038 -0.0284645 0.0231901
913000 -1.45512 -1.45098 -1.47304 -0.231834 -0.0123649 0.011903
914000 -1.42835 -1.44388 -1.49608 -0.260902 -0.009398 0.00650848
915000 -1.43627 -1.44152 -1.48857 -0.263953 -0.0235599 0.00971452
916000 -1.44422 -1.44112 -1.48833 -0.282744 -0.00818645 0.00961094
917000 -1.42836 -1.44828 -1.49228 -0.284905 -0.0219724 0.00243016
918000 -1.43161 -1.43851 -1.49283 -0.297255 -0.017408 -0.00172995
919000 -1.43635 -1.42861 -1.48124 -0.311222 -0.0204341 -0.010507
920000 -1.4333 -1.46062 -1.48198 -0.302002 -0.0257477 0.0093324
921000 -1.4241 -1.44721 -1.50546 -0.320741 -0.00937811 0.00884274
922000 -1.429 -1.431 -1.48501 -0.312969 -0.0145619 0.0125979
923000 -1.42755 -1.43496 -1.4853 -0.322557 -0.0100318 -0.00770477
924000 -1.44492 -1.43332 -1.49358 -0.323209 -0.00273968 0.0218814
925000 -1.44456 -1.45128 -1.48329 -0.317218 -0.00728261 0.00433436
926000 -1.43165 -1.41643 -1.50802 -0.302742 -0.0113724 0.0125315
927000 -1.45288 -1.44427 -1.4881 -0.30907 -0.0129903 0.0120238
928000 -1.43154 -1.44945 -1.49129 -0.319127 -0.0106721 0.00657795
929000 -1.43142 -1.4233 -1.48152 -0.308153 -0.00351665 0.0139883
930000 -1.43318 -1.43546 -1.5086 -0.308625 -0.0130726 0.0126045
931000 -1.43234 -1.43463 -1.48802 -0.290487 0.0123221 0.0120928
932000 -1.43449 -1.43823 -1.49385 -0.277373 0.00711063 0.00535743
933000 -1.43187 -1.43934 -1.4961 -0.273186 0.00431898 0.00241216
934000 -1.4266 -1.4429 -1.50643 -0.278324 -0.0182149 0.0120395
935000 -1.41114 -1.45092 -1.49975 -0.255929 -0.0123586 0.0137596
936000 -1.44533 -1.44413 -1.49061 -0.242437 -0.0132796 -0.00158145
937000 -1.4385 -1.45764 -1.49226 -0.227885 -0.0194903 0.0105484
938000 -1.4416 -1.44084 -1.5009 -0.228329 -0.0156299 0.0141885
939000 -1.4453 -1.44157 -1.49372 -0.203967 -0.0207486 0.00922879
940000 -1.42889 -1.43693 -1.50673 -0.188363 -0.0140873 0.00328029
941000 -1.45528 -1.45256 -1.49063 -0.174649 -0.0100173 -0.00610065
942000 -1.43852 -1.44829 -1.49661 -0.156572 -0.0175704 0.00874453
943000 -1.44549 -1.44724 -1.49859 -0.130003 -0.0164929 0.013191
944000 -1.4436 -1.45308 -1.49437 -0.113631 -0.0131977 0.00255553
945000 -1.44008 -1.43734 -1.50928 -0.103138 -0.00559768 -0.00451848
946000 -1.4675 -1.43375 -1.49448 -0.077674 -0.0148496 -0.00120832
947000 -1.43175 -1.45884 -1.51114 -0.0617105 -0.0245171 0.0160036
948000 -1.46133 -1.43926 -1.50265 -0.0467995 -0.0146287 0.0123491
949000 -1.45087 -1.46312 -1.49189 -0.0111645 -0.00847595 0.0149047
950000 -1.46327 -1.45505 -1.51172 -0.00747322 -0.0148461 0.0186132
951000 -1.4585 -1.44231 -1.49486 0.027928 -0.000861605 0.0168265
952000 -1.44242 -1.46958 -1.50876 0.0432567 -0.0206681 0.00520951
953000 -1.45573 -1.44166 -1.5148 0.0581465 -0.0216504 0.00212989
954000 -1.44694 -1.4508 -1.47376 0.0685234 -0.0140553 0.0179181
955000 -1.45506 -1.44636 -1.49805 0.0980152 -0.00392795 0.0177731
956000 -1.45019 -1.43896 -1.5018 0.110805 -0.0137617 0.00333216
957000 -1.44081 -1.43443 -1.52302 0.139808 -0.0151326 0.00445736
958000 -1.45661 -1.45265 -1.49196 0.143774 -0.0209847 0.0063216
959000 -1.45163 -1.42786 -1.49765 0.165802 -0.0108984 0.00455487
960000 -1.45454 -1.43553 -1.4947 0.193421 0.00173144 -0.00286863
961000 -1.44013 -1.45688 -1.49361 0.196394 -0.0180856 0.00729197
962000 -1.44981 -1.442 -1.49433 0.207388 0.00485757 0.0113073
963000 -1.44245 -1.42665 -1.49732 0.224072 -0.0157618 0.0140025
964000 -1.42632 -1.44613 -1.50955 0.224446 -0.0273956 0.0117984
965000 -1.45012 -1.44112 -1.51121 0.26919 -0.0240449 0.0034976
966000 -1.44045 -1.44396 -1.49703 0.264496 -0.00495564 -0.000367764
967000 -1.45553 -1.42335 -1.48761 0.270871 -0.00421542 -0.00404062
968000 -1.44044 -1.4241 -1.49653 0.298161 -0.0243373 8.61994e-05
969000 -1.45086 -1.43552 -1.50692 0.274187 -0.0273858 0.00809616
970000 -1.4396 -1.45118 -1.49346 0.303529 -0.00586252 0.0126776
971000 -1.44212 -1.44005 -1.49938 0.277239 -0.0193367 0.00523191
972000 -1.43674 -1.44409 -1.49383 0.297658 -0.0173333 0.0190455
973000 -1.43811 -1.43578 -1.49159 0.315443 -0.0336192 0.0136194
974000 -1.428 -1.43913 -1.4915 0.320362 -0.0208363 -0.00195197
975000 -1.42499 -1.41989 -1.4966 0.322261 -0.0127572 0.00644309
976000 -1.46449 -1.43309 -1.49096 0.306675 -0.0184232 0.0136782
977000 -1.4452 -1.42529 -1.50994 0.306151 -0.0194596 0.0198686
978000 -1.43057 -1.43256 -1.48894 0.303112 -0.0161794 0.00508839
979000 -1.46049 -1.42236 -1.48926 0.288609 -0.0187041 -0.000747816
980000 -1.42346 -1.43237 -1.50681 0.289149 -0.0164916 0.0111168
981000 -1.42435 -1.42615 -1.49325 0.276103 0.00372719 0.0139862
982000 -1.4401 -1.44239 -1.49409 0.281595 -0.0139627 0.0138385
983000 -1.43149 -1.42026 -1.50032 0.254554 -0.027703 0.00593022
984000 -1.44794 -1.4403 -1.49788 0.261076 -0.0191615 -0.00859441
985000 -1.43111 -1.4467 -1.50243 0.250839 -0.0245074 0.00797773
986000 -1.46095 -1.44158 -1.5116 0.232737 -0.0106222 0.00157371
987000 -1.45573 -1.43667 -1.49081 0.205283 -0.0122657 0.00386278
988000 -1.4311 -1.45585 -1.51567 0.210767 -0.0177791 0.0110043
989000 -1.43762 -1.44086 -1.49827 0.201889 -0.0175447 -0.00155365
990000 -1.44438 -1.45254 -1.47843 0.185519 -0.0232399 0.0130739
991000 -1.43836 -1.45122 -1.49752 0.177242 -0.00550954 0.0144806
992000 -1.46341 -1.43962 -1.49442 0.147856 -0.0231856 0.00180383
993000 -1.42926 -1.44453 -1.4949 0.118572 -0.0191976 0.024365
994000 -1.44517 -1.42295 -1.51155 0.0944714 -0.0185136 -0.000658448
995000 -1.44996 -1.45186 -1.51819 0.0733823 -0.0258024 0.0157335
996000 -1.45391 -1.4326 -1.5303 0.0578194 -0.0271393 0.0132594
997000 -1.44325 -1.44981 -1.50594 0.0464712 -0.00983346 0.000614897
998000 -1.45272 -1.45382 -1.49472 0.0326581 -0.0216234 0.0121184
999000 -1.43004 -1.45148 -1.50154 0.0124735 -0.0127794 0.0213751
1000000 -1.45084 -1.48387 -1.49735 -0.00922175 -0.00274993 0.00623676
