# Time-averaged data for fix ps1
# TimeStep c_thermo_press[1] c_thermo_press[2] c_thermo_press[3] c_thermo_press[4] c_thermo_press[5] c_thermo_press[6]
0 5.35492 5.37684 5.28534 0.0218533 -0.0270758 0.0238085
1000 5.39137 5.34811 5.38658 0.00137848 -0.00487185 0.0166944
2000 5.37211 5.39362 5.36766 -0.0569803 0.00635374 -0.00622268
3000 5.4011 5.45017 5.35105 -0.0520916 -0.016657 -0.0277395
4000 5.34222 5.38812 5.40489 -0.0441822 -0.00756061 -0.0669616
5000 5.41665 5.33554 5.44768 -0.00524713 0.0141938 -0.0289325
6000 5.44591 5.41424 5.45695 0.034601 0.00523611 0.0286667
7000 5.44594 5.3913 5.47871 -0.0572218 -0.00426173 0.00556554
8000 5.4225 5.47429 5.40673 -0.0585145 -0.0447485 -0.0186708
9000 5.48794 5.4617 5.41037 -0.0167869 -0.0559318 -0.0272916
10000 5.39641 5.46582 5.42024 -0.0457663 -0.00304198 0.00507918
11000 5.43767 5.43742 5.42439 -0.0605721 0.0109082 0.00698258
12000 5.41774 5.39009 5.36108 -0.057534 0.0210453 0.0130123
13000 5.49524 5.43474 5.44706 -0.0626158 0.0224279 -0.0224323
14000 5.52242 5.42455 5.43299 -0.0567258 0.0389132 -0.0440184
15000 5.42441 5.44099 5.46929 -0.0487061 -0.0178062 0.0331027
16000 5.51074 5.4525 5.3728 0.00317626 -0.0112775 0.0397822
17000 5.48047 5.39654 5.4251 -0.0227704 -0.0149135 0.0476581
18000 5.4708 5.42439 5.38429 0.00541262 0.0441526 -0.0242839
19000 5.46141 5.389 5.38548 -0.0156257 0.0390086 0.00472539
20000 5.43707 5.40055 5.38914 0.0178639 0.067504 0.0293028
21000 5.3437 5.38506 5.44174 -0.013323 0.0142833 0.00620885
22000 5.42628 5.44792 5.36309 -0.0215075 0.0267681 -0.0380671
23000 5.38519 5.41035 5.38143 -0.0228393 0.0375222 0.00175172
24000 5.43554 5.38564 5.41537 -0.0191046 -0.0122367 -0.046157
25000 5.3775 5.38609 5.39231 -0.0569623 0.0194729 -0.0572032
26000 5.4025 5.37032 5.44752 -0.00187287 0.0110454 -0.00668812
27000 5.43398 5.37401 5.34852 0.0462128 0.0268237 -0.0328803
28000 5.38048 5.42198 5.33323 -0.026084 -0.0300781 -0.0552619
29000 5.3632 5.40477 5.39778 -0.0127547 -0.0338488 -0.0180294
30000 5.39107 5.39895 5.4084 -0.0402298 -0.0544064 0.0254722
31000 5.40497 5.40912 5.42861 -0.0391942 -0.0473854 -0.0276919
32000 5.47152 5.42578 5.43707 -0.0337748 -0.0462412 0.0282565
33000 5.37024 5.40007 5.41425 -0.0733342 -0.018172 -0.0254038
34000 5.44797 5.41671 5.38639 -0.0127126 -0.0423429 0.0101016
35000 5.37572 5.38967 5.42522 0.0601051 -0.0254662 0.00874158
36000 5.38493 5.36813 5.33269 -0.0470177 0.01634 -0.00123632
37000 5.3468 5.37673 5.38721 0.0225373 -0.0136641 -0.0144574
38000 5.37991 5.45366 5.39463 0.0134305 -0.0085646 0.0359475
39000 5.33051 5.42428 5.34562 0.0427446 -0.0326651 0.00355092
40000 5.45458 5.37624 5.40003 0.0509276 -0.0074617 -0.00198223
41000 5.40392 5.40064 5.44504 0.0482697 -0.0107661 -0.00326627
42000 5.37409 5.37073 5.36116 0.0335209 0.0463042 0.0316395
43000 5.40022 5.39337 5.33429 0.0528003 0.00776628 -0.0249116
44000 5.38113 5.46773 5.3705 0.0314247 -0.00492476 -0.00888223
45000 5.43256 5.43198 5.39238 0.0197077 -0.0192357 -0.0216274
46000 5.36304 5.40967 5.39951 0.0306647 0.00762259 -0.0153593
47000 5.41565 5.48006 5.44399 0.0446339 -0.0462506 -0.00670198
48000 5.37787 5.46326 5.43895 0.0187519 0.0246853 -0.0587811
49000 5.37871 5.45433 5.3178 -0.0125361 0.0276973 0.0310146
50000 5.40262 5.43055 5.33965 0.093383 -0.0171141 0.00322167
51000 5.36627 5.33856 5.34192 0.0538051 -0.0594459 0.00847158
52000 5.38535 5.37652 5.33942 0.060597 -0.0318783 0.00702949
53000 5.32003 5.38607 5.38958 0.0510252 -0.038663 -0.02617
54000 5.38259 5.43234 5.39321 0.0334416 -0.0262028 0.0428481
55000 5.42666 5.50303 5.45831 0.00505472 -0.0124673 -0.00555935
56000 5.33172 5.45674 5.3683 0.0403688 -0.0678105 -0.0543532
57000 5.37203 5.44172 5.31718 0.0897342 0.0316259 0.00720484
58000 5.40756 5.35676 5.38811 0.0740714 0.035302 0.0151587
59000 5.3316 5.34057 5.32338 0.0464625 -0.0230313 -0.0107155
60000 5.43073 5.43288 5.36701 0.074216 -0.0541905 0.023638
61000 5.42622 5.45257 5.39271 0.1117 0.0159426 0.0300598
62000 5.40522 5.37388 5.37258 0.0182433 -0.0153803 0.0108192
63000 5.41154 5.43068 5.33823 0.0371359 -0.025298 0.027581
64000 5.43356 5.5031 5.36255 0.00493648 -0.0277389 -0.0150011
65000 5.42024 5.41257 5.39368 0.0549819 -0.0425535 0.000693074
66000 5.40135 5.41614 5.43717 0.0500238 0.032809 0.0534327
67000 5.41395 5.42372 5.43212 0.0262332 -0.0516031 0.00871727
68000 5.42288 5.4105 5.4739 0.0541198 0.00149962 0.0344729
69000 5.41406 5.41776 5.41512 0.062184 -0.00618768 -0.0109226
70000 5.37189 5.40461 5.3774 0.024956 0.0115942 -0.00865169
71000 5.46515 5.47257 5.38795 0.0704431 -0.0258113 0.00364449
72000 5.38378 5.35184 5.39954 0.0594682 0.0586232 0.00278259
73000 5.46261 5.39891 5.43848 0.0408249 0.0266667 -0.0180863
74000 5.36008 5.47383 5.4162 0.0299489 0.0172937 -0.0161602
75000 5.42061 5.39829 5.32906 0.0734632 0.0242299 0.0519043
76000 5.35956 5.40186 5.45444 -0.00303914 -0.0372352 -0.0167299
77000 5.41289 5.39432 5.36166 0.00772516 -0.00797595 0.0410911
78000 5.41934 5.45595 5.41047 0.0430193 -0.0375575 -0.0191207
79000 5.37333 5.37334 5.44159 0.0211556 0.0153718 0.00156912
80000 5.39258 5.4331 5.39854 0.0735524 0.0188767 0.0494774
81000 5.40464 5.44599 5.39877 0.0114157 0.0154837 0.00197131
82000 5.43051 5.36748 5.35178 0.0430115 0.0246014 -0.00379547
83000 5.44528 5.44065 5.30498 0.0484279 0.0395566 0.0334238
84000 5.40389 5.46143 5.3119 0.0189516 0.0644743 0.00130197
85000 5.42488 5.38756 5.37306 -0.0224984 0.0501834 -0.00436252
86000 5.38244 5.38552 5.37561 -0.0502431 -0.0072425 0.021365
87000 5.40386 5.37759 5.35375 -0.0218247 -0.00395299 0.0392233
88000 5.36671 5.34434 5.40565 -0.0137115 -0.00207279 0.0480178
89000 5.41324 5.42743 5.33128 -0.0185856 -0.0180398 0.026506
90000 5.38844 5.41094 5.3495 0.00020856 0.00619176 0.0109106
91000 5.40174 5.38031 5.31435 -0.00688581 -0.0407827 0.0031535
92000 5.37759 5.3365 5.34403 0.0139316 -0.020699 -0.0206245
93000 5.34449 5.36575 5.41484 -0.0677192 -0.0688253 0.00334819
94000 5.50208 5.34407 5.40306 -0.05323 0.00995493 0.0393688
95000 5.39029 5.40904 5.38956 -0.020887 -0.00496925 0.00304545
96000 5.44764 5.41538 5.362 -0.045221 0.0469185 -0.00886712
97000 5.40095 5.37438 5.3209 -0.0410657 -0.0376145 0.00845064
98000 5.3988 5.43059 5.3462 -0.0756448 0.0286143 -0.054897
99000 5.42169 5.39497 5.41933 -0.0772812 0.0266847 -0.0481432
100000 5.42146 5.40243 5.41647 -0.0557312 0.0148072 0.00508055
101000 5.45126 5.35272 5.4642 -0.100546 -0.0465259 -0.0254869
102000 5.40136 5.39189 5.40912 -0.0859019 0.00505826 0.00481696
103000 5.42132 5.35054 5.33628 -0.0610564 -0.00713588 -0.0413444
104000 5.3893 5.45229 5.34212 -0.101597 0.0108497 0.017073
105000 5.38742 5.317 5.38115 -0.0685925 -0.0378258 -0.00791742
106000 5.32962 5.39987 5.42522 -0.0919568 -0.0370123 0.0223114
107000 5.37544 5.37342 5.41477 -0.056397 -0.0654587 0.0204813
108000 5.47634 5.44483 5.37721 0.00292806 -0.0682243 0.00787347
109000 5.47117 5.44561 5.392 -0.0292433 -0.0288881 0.000798235
110000 5.40603 5.40878 5.38896 -0.0684154 0.00884434 0.0207453
111000 5.40873 5.427 5.40208 -0.070734 -0.0044671 0.0411023
112000 5.41 5.35494 5.33423 -0.0946338 0.0111643 0.0138023
113000 5.40222 5.44811 5.32046 -0.096845 0.0130039 -0.0516926
114000 5.36843 5.36853 5.3991 -0.0527354 -0.0394139 0.0148194
115000 5.35802 5.44907 5.35187 -0.0758596 -0.0447762 0.0291031
116000 5.38536 5.34605 5.38759 -0.0702525 -0.0636833 -0.00676771
117000 5.39582 5.47303 5.41011 -0.071597 -0.0705676 -0.00178718
118000 5.3754 5.41654 5.42144 -0.0893842 -0.00404547 0.0233768
119000 5.41038 5.36669 5.4096 -0.0795595 -0.0175906 -0.0146434
120000 5.36616 5.43028 5.47088 -0.0486874 -0.00381755 0.037986
121000 5.398 5.38122 5.45123 -0.0509852 -0.00309464 -0.00781691
122000 5.33294 5.37459 5.474 -0.0505596 0.00149066 -0.0370003
123000 5.43053 5.36915 5.39047 -0.113242 -0.0219353 -0.00933766
124000 5.38158 5.39638 5.36522 -0.0492617 -0.0139493 -0.00387198
125000 5.37096 5.47128 5.42375 -0.039999 0.00472208 -0.0029917
126000 5.42563 5.44889 5.39821 -0.0283574 -0.0358067 -0.00451401
127000 5.329 5.41489 5.43186 -0.00863956 -0.0148632 -0.0875332
128000 5.37246 5.47136 5.4597 -0.0528671 -0.0406286 -0.00409407
129000 5.36598 5.43184 5.37835 -0.00242022 -0.00264697 0.0319512
130000 5.416 5.46301 5.41736 -0.00926826 0.00152031 0.0273991
131000 5.4254 5.46004 5.39293 0.0297231 0.0302273 -0.0297529
132000 5.46514 5.39327 5.43837 0.0246422 0.020163 0.0264848
133000 5.405 5.37095 5.51714 0.00799632 0.0300716 -0.0259673
134000 5.45174 5.39924 5.45138 0.0129191 -0.019879 -0.034656
135000 5.3536 5.40885 5.4256 0.0141475 -0.00930112 0.014854
136000 5.39896 5.42882 5.384 -0.0255724 -0.0253424 -0.0125524
137000 5.37728 5.45737 5.45039 0.0249279 0.0283572 0.0378922
138000 5.43597 5.36201 5.42135 0.0309237 0.033443 -0.0365839
139000 5.38958 5.38489 5.40626 0.021315 0.00195685 0.00110595
140000 5.36014 5.34643 5.3936 0.0709826 0.0113869 0.0180489
141000 5.46419 5.3777 5.39946 0.0470721 -0.0130096 -0.0266067
142000 5.36194 5.39489 5.4212 0.00345687 0.00550971 -0.0223005
143000 5.38718 5.28291 5.38062 0.0345865 0.0555217 0.0473327
144000 5.45356 5.35591 5.43041 0.0533738 0.041269 0.0168849
145000 5.47642 5.42034 5.45773 0.0950026 0.0297304 0.0203537
146000 5.4687 5.46178 5.40971 0.0692939 0.0488445 0.00968087
147000 5.41854 5.43171 5.35267 0.0520112 -0.0140075 0.0387627
148000 5.45485 5.37862 5.37146 0.0319049 0.0651509 -0.0672414
149000 5.43227 5.35853 5.42666 0.0651184 0.0272181 0.0303091
150000 5.39728 5.33493 5.34856 0.0458505 -0.0191856 -0.00384382
151000 5.45742 5.39082 5.37442 0.098857 -0.0400674 -0.0317018
152000 5.47441 5.40245 5.378 0.0811977 0.0263082 -0.0653753
153000 5.47328 5.40151 5.46917 0.0591499 -0.00824913 -0.0443094
154000 5.3511 5.40744 5.39873 0.0834095 -0.0314095 0.0266198
155000 5.40938 5.35134 5.41375 0.0625713 -0.0232014 -0.0291665
156000 5.38556 5.34491 5.40321 0.0627098 -0.0414488 -0.00154438
157000 5.35341 5.4071 5.40124 0.13696 -0.0145968 -0.00793656
158000 5.37724 5.36855 5.38435 0.0626203 0.00888569 -0.0183929
159000 5.42656 5.40229 5.43471 0.0766672 -0.0261161 0.0465197
160000 5.41882 5.45387 5.42407 0.0578051 -0.0390888 0.0347107
161000 5.40047 5.40262 5.36809 0.0638932 -0.0292524 0.0297074
162000 5.42471 5.43257 5.44098 0.098029 -0.0134884 0.0108517
163000 5.43365 5.41916 5.39167 0.0578636 -0.0246697 0.0126333
164000 5.4165 5.33785 5.46822 0.0460661 -0.00863693 0.00284951
165000 5.49386 5.33736 5.45795 0.0679636 0.00581062 0.00673651
166000 5.44351 5.37279 5.39184 0.0671531 0.000904928 -0.020406
167000 5.3851 5.4242 5.39906 0.0879318 0.0879103 -0.0115101
168000 5.44759 5.37234 5.46778 0.0437381 -0.021822 -0.0135731
169000 5.40801 5.3395 5.45741 0.0624341 0.0115996 0.0305436
170000 5.35877 5.42082 5.43593 -0.00392789 0.00161475 -0.0457604
171000 5.37608 5.41947 5.33885 0.0477871 -0.0340658 0.00141474
172000 5.45194 5.4476 5.38787 0.0312861 -0.0448671 -0.0037611
173000 5.45128 5.38812 5.39306 0.0871103 0.0297499 0.0109364
174000 5.40031 5.39359 5.39865 0.0567643 0.0143989 0.0137783
175000 5.38937 5.36072 5.41335 0.00523449 0.00455588 0.0111259
176000 5.41083 5.38427 5.45562 0.0424065 -0.000243961 0.00261613
177000 5.39308 5.39978 5.3605 -0.00791388 0.00933763 -0.00462269
178000 5.31193 5.32272 5.37077 0.0261667 0.0032519 -0.068182
179000 5.3889 5.34124 5.36554 0.0630579 0.0177965 -0.0679352
180000 5.31923 5.35329 5.38232 0.0257736 0.0128382 -0.0324921
181000 5.37643 5.34329 5.40885 -0.0149063 -0.00938419 -0.0340524
182000 5.45117 5.37605 5.4275 -0.00103366 -0.00886523 -0.0121578
183000 5.37959 5.38606 5.43957 -0.0186406 -0.00282584 0.0179131
184000 5.41461 5.36213 5.40424 -0.043512 0.00915082 -0.0144631
185000 5.33849 5.37551 5.38468 -0.00981602 0.0266625 -0.0363383
186000 5.36346 5.38868 5.3832 -0.0336949 0.0339006 -0.0285748
187000 5.39111 5.401 5.38058 -0.00360706 0.00961323 -0.0160274
188000 5.32791 5.38774 5.3859 0.0131681 0.00471143 -0.0229444
189000 5.31739 5.46369 5.3584 -0.0571604 0.0194868 0.0285358
190000 5.38696 5.42006 5.41713 -0.096603 -0.00150648 0.00635783
191000 5.37576 5.37595 5.36539 -0.0356568 -0.037116 0.00528666
192000 5.48707 5.40256 5.38925 -0.0521914 0.0441526 0.0647566
193000 5.33221 5.35709 5.42786 -0.057434 0.0257836 -0.0135635
194000 5.38427 5.37803 5.32812 -0.0189743 -0.0331625 -0.00609896
195000 5.40644 5.42606 5.35705 -0.0700066 -0.00448636 -0.0150367
196000 5.45719 5.35611 5.35702 -0.0555049 -0.0168607 0.00267726
197000 5.40917 5.40038 5.41103 -0.0736463 0.043602 -0.0361677
198000 5.39505 5.39691 5.43313 -0.0928741 0.0149753 -0.078174
199000 5.39268 5.379 5.37095 -0.0581274 -0.0226967 -0.00230078
200000 5.43758 5.3604 5.3615 -0.0462143 0.0244067 -0.0241778
201000 5.41576 5.41817 5.39767 -0.0409562 0.0674092 0.0131814
202000 5.36408 5.31564 5.43874 -0.0442939 -0.0216702 -0.0174972
203000 5.36312 5.37824 5.45914 -0.0235146 -0.0250256 -0.0022693
204000 5.46428 5.43641 5.42208 -0.0247661 -0.0490692 0.0150049
205000 5.47896 5.34707 5.36812 0.00943327 0.0401146 0.0429168
206000 5.46588 5.41241 5.40002 -0.0578706 0.0737921 0.0335985
207000 5.43949 5.43223 5.41943 -0.0664332 -0.00127563 0.000222736
208000 5.47098 5.34418 5.42151 -0.0500771 0.0445204 -0.0240052
209000 5.46826 5.45062 5.4423 -0.0757702 -0.0382545 0.0484643
210000 5.46352 5.47431 5.457 -0.0485154 0.0168131 -0.025931
211000 5.45857 5.40215 5.49251 -0.023556 0.0490417 -0.0278097
212000 5.41731 5.44548 5.40692 -0.0217227 -0.00431362 0.0315514
213000 5.3778 5.46596 5.48159 -0.0809759 -0.0104455 -0.0203302
214000 5.41382 5.39648 5.41787 -0.0541594 0.00506831 0.0447427
215000 5.45807 5.40512 5.40223 -0.00389175 0.0294958 0.0380063
216000 5.43153 5.49668 5.43602 -0.0525557 0.00479356 -0.0506075
217000 5.42247 5.41996 5.4359 -0.0625674 0.00320582 -0.00763751
218000 5.51181 5.38151 5.43738 -0.063395 0.0106687 -0.00369777
219000 5.37997 5.40658 5.36809 -0.0475926 -0.00769205 -0.0636814
220000 5.37867 5.46207 5.3993 -0.0434724 0.0326698 -0.0403158
221000 5.4166 5.48116 5.44934 -0.0174762 0.0623757 -0.0220284
222000 5.36002 5.44491 5.44416 -0.036412 0.0033128 0.047174
223000 5.43918 5.41571 5.51087 -0.0293203 -0.0077216 0.0362347
224000 5.45255 5.38226 5.44768 -0.019427 0.0308715 0.00185316
225000 5.42225 5.45005 5.42309 -0.011666 -0.0129424 -0.0240941
226000 5.42408 5.37258 5.40451 -0.0492667 0.0523261 -0.0175082
227000 5.42528 5.4804 5.44715 -0.0288953 -0.0112663 0.00534088
228000 5.49641 5.3746 5.32254 -0.0130309 -0.00298165 0.0142972
229000 5.38797 5.36583 5.4477 -0.0419598 -0.0123891 -0.0358223
230000 5.40721 5.43864 5.45274 -0.0508622 0.00155816 0.00909718
231000 5.39641 5.4122 5.38117 0.00698173 0.0395908 0.0481455
232000 5.40596 5.41555 5.53325 -0.0328346 0.0622959 -0.00815707
233000 5.48087 5.37929 5.34653 0.00895011 0.0339123 -0.0113409
234000 5.39734 5.35188 5.44386 -0.0129787 0.021326 -0.059759
235000 5.4363 5.4781 5.40977 0.0235286 0.0395358 -0.0012713
236000 5.43969 5.48356 5.36342 0.0271532 -0.000639974 -0.0110181
237000 5.43927 5.40121 5.47151 0.0184524 -0.0232026 -0.016178
238000 5.47898 5.4438 5.38545 -0.0124222 0.0130764 -0.0322306
239000 5.36691 5.39087 5.43994 0.0155567 -0.00450412 -0.0256356
240000 5.37358 5.42506 5.42024 0.0050606 0.00868904 -0.0555752
241000 5.43928 5.46753 5.41882 0.0334807 -0.0161209 -0.036364
242000 5.35161 5.38709 5.44665 -0.0114957 0.00345292 -0.0707198
243000 5.47478 5.34955 5.46477 0.0420117 -0.0440152 -0.0573857
244000 5.41397 5.32106 5.4297 0.0397424 -0.0189467 -0.0355901
245000 5.48152 5.3569 5.41619 0.0383038 -0.0317072 0.0257517
246000 5.39347 5.41706 5.3977 0.0706906 -0.0222005 0.0302693
247000 5.40824 5.36884 5.42046 0.0665872 -0.0168299 -0.0173333
248000 5.45626 5.39971 5.40601 0.0637636 0.00870397 -0.00734392
249000 5.4244 5.42213 5.37157 0.0720909 0.00858688 -0.0239669
250000 5.34487 5.4282 5.34803 0.0784293 -0.0109769 0.0588888
251000 5.36856 5.40867 5.38585 0.00995461 -0.0541779 -0.0151825
252000 5.43744 5.35888 5.36465 0.0844769 0.0448872 0.0157251
253000 5.37369 5.42478 5.42237 0.09209 -5.03141e-05 -0.0329612
254000 5.46555 5.38054 5.41444 0.0811193 0.0130035 0.0266643
255000 5.46422 5.49841 5.46343 0.110871 -0.00188602 -0.00315705
256000 5.35613 5.40346 5.33794 0.0636326 0.0454639 -0.000663578
257000 5.38073 5.44332 5.40778 0.0755554 -0.0368981 0.000746953
258000 5.42004 5.45084 5.43762 0.063142 0.0209237 -0.000840099
259000 5.4561 5.41416 5.39565 0.0628272 -0.0315495 -0.0086148
260000 5.40019 5.45364 5.42476 0.0254441 -0.0014932 0.0430383
261000 5.45995 5.45582 5.38214 0.0667144 0.0140258 0.0251928
262000 5.45609 5.391 5.43734 0.116378 0.00745421 -0.0246146
263000 5.43343 5.30931 5.41586 0.0678821 -0.0262005 -0.0276184
264000 5.4099 5.4033 5.40541 0.0402562 0.0642265 0.0231954
265000 5.44366 5.40448 5.4314 0.0609093 -0.0269155 0.0195813
266000 5.43025 5.3709 5.45029 0.0273236 -0.0422721 0.000615111
267000 5.48666 5.43197 5.42957 0.0744244 -0.0474886 0.0158293
268000 5.44175 5.50633 5.38251 0.0470035 -0.00446943 0.0487749
269000 5.38259 5.49827 5.42316 0.0504112 0.0217754 0.0273699
270000 5.41868 5.39473 5.45283 0.0552976 -0.0348695 0.042023
271000 5.4688 5.41539 5.41942 0.0498378 -0.00998187 -0.0194992
272000 5.41837 5.36091 5.39685 0.0663956 0.0208859 0.0242711
273000 5.39744 5.40986 5.38661 0.0721074 0.049057 0.0418105
274000 5.47164 5.43368 5.40166 -0.0140524 -0.00682322 -0.00607277
275000 5.44584 5.48185 5.44588 0.0504035 -0.0110487 0.0341926
276000 5.46705 5.45747 5.49655 0.0566399 0.0334094 -0.00258127
277000 5.41433 5.41292 5.42941 0.0144574 -0.0099611 -0.00159156
278000 5.37186 5.50384 5.49335 -0.0196713 0.00189007 0.0147299
279000 5.372 5.39551 5.37578 0.0268714 -0.0416086 0.017104
280000 5.46945 5.43698 5.40314 0.0166568 0.0180672 0.0160306
281000 5.42646 5.453 5.45995 0.0273946 0.0102661 -0.0459944
282000 5.43848 5.41731 5.44473 -0.000672652 -0.00914745 0.0184461
283000 5.43889 5.45236 5.53764 0.021463 -0.0316542 0.0124995
284000 5.47315 5.43282 5.40032 -0.02361 -0.0286596 -6.92519e-05
285000 5.49002 5.4883 5.46905 0.00313606 -0.0194399 0.0416288
286000 5.40813 5.45849 5.46639 -0.00977412 -0.00271876 0.0106222
287000 5.42377 5.36573 5.46481 0.0019677 0.0297218 0.0880622
288000 5.43304 5.34908 5.36425 -0.00323843 -0.0458927 -0.011124
289000 5.45254 5.39984 5.41697 0.00869878 0.0392942 -0.0227319
290000 5.53228 5.38669 5.42894 -0.0209644 0.00532964 0.0229021
291000 5.36814 5.37029 5.44467 -0.0136086 0.0413775 0.0637253
292000 5.39087 5.41458 5.40441 -0.0229538 0.065584 0.0287797
293000 5.43326 5.44922 5.44825 -0.0380811 -0.0361689 0.012056
294000 5.46174 5.49385 5.47115 -0.00600227 0.0343009 0.00181784
295000 5.44245 5.40139 5.46789 -0.0710582 0.0111985 -0.0359392
296000 5.42348 5.38165 5.47421 -0.00553841 -0.0108476 0.0190302
297000 5.34976 5.43929 5.45097 -0.0875591 -0.04942 -0.0303516
298000 5.3867 5.42054 5.42359 -0.0525347 -0.00635304 0.0241777
299000 5.46206 5.48674 5.41464 -0.0513098 -0.0243515 -0.0182075
300000 5.39717 5.43103 5.45376 -0.0755428 0.0295561 0.0175301
301000 5.33989 5.45628 5.45739 -0.0198447 -0.0303892 0.0173069
302000 5.48814 5.46796 5.41479 -0.0983903 0.00354254 -0.000231186
303000 5.38579 5.45593 5.44441 -0.0589865 -0.0107311 0.0425247
304000 5.40406 5.48513 5.40948 -0.0891724 -0.0149194 0.000950449
305000 5.3571 5.4633 5.37645 -0.0517516 0.0386364 0.00172167
306000 5.38879 5.43063 5.48702 -0.0907488 0.0329172 0.0169515
307000 5.42598 5.43957 5.39981 -0.0236081 -0.0118298 0.0129191
308000 5.44442 5.42281 5.44484 0.00388105 0.00217199 0.00244153
309000 5.44826 5.45782 5.42498 -0.0397891 -0.0176984 0.0516557
310000 5.37037 5.45852 5.40239 -0.0924118 -0.0219549 0.0361588
311000 5.3974 5.39871 5.37763 -0.0561979 0.000218907 0.0443902
312000 5.37927 5.38785 5.4159 -0.0373553 -0.0450585 -0.0359821
313000 5.37748 5.41281 5.38664 -0.042128 0.0425945 0.0137655
314000 5.38929 5.41994 5.45199 -0.0534411 0.0168966 0.0588365
315000 5.48094 5.42725 5.46539 -0.0382835 -0.0190826 0.0119636
316000 5.42264 5.35785 5.44513 -0.0685209 -0.0398131 -0.0084606
317000 5.45143 5.42992 5.37848 -0.0533162 -0.0349574 -0.0485352
318000 5.43316 5.41094 5.45703 -0.0336764 -0.000585297 -0.00410032
319000 5.41683 5.43806 5.46211 -0.0460323 0.0193542 -0.00652896
320000 5.34787 5.43515 5.49272 -0.0505758 0.0281039 -0.0163416
321000 5.35115 5.34855 5.43503 -0.0256242 0.00410477 -0.00463312
322000 5.44743 5.42237 5.42005 -0.0432585 -0.0370117 -0.0364599
323000 5.46481 5.47635 5.4053 -0.0387893 -0.0199787 -0.0735463
324000 5.42113 5.39176 5.42231 -0.0123883 -0.0298852 -0.0554725
325000 5.46132 5.44707 5.42041 -0.0539371 0.0130199 -0.0194763
326000 5.40484 5.4433 5.3833 0.0103884 0.0130188 -0.0146879
327000 5.41739 5.44411 5.40849 0.00988662 -0.0550975 0.023041
328000 5.41849 5.38204 5.42099 0.0111715 0.00518834 -0.0500599
329000 5.39889 5.36972 5.41497 0.000153887 -0.0255042 0.00206612
330000 5.42259 5.3938 5.43121 0.0233075 0.0260814 0.013409
331000 5.43856 5.41115 5.42721 -0.0206327 0.0400682 0.00405112
332000 5.44239 5.4824 5.37136 0.029016 0.0274768 -0.0407652
333000 5.48548 5.39153 5.51266 -0.0117516 -0.010548 0.019798
334000 5.40274 5.42546 5.43488 0.0328396 0.028899 0.0217922
335000 5.46131 5.37819 5.47553 -0.0162751 -0.00857132 -0.0154527
336000 5.48459 5.43183 5.4291 -0.0327364 -0.0155582 -0.0275496
337000 5.36092 5.45664 5.41806 0.0322586 0.0580963 0.0334918
338000 5.48311 5.40458 5.44523 0.0307543 -0.00776747 -0.0231453
339000 5.42308 5.44001 5.41079 -0.0209779 -0.0024042 0.0627959
340000 5.38387 5.42972 5.45457 0.0928047 0.0116588 -0.00921859
341000 5.44682 5.32373 5.44238 0.0400296 0.022253 0.00866555
342000 5.43709 5.47756 5.44219 0.0868026 0.00021303 0.00245688
343000 5.45315 5.44483 5.4545 0.122335 0.00849364 0.00858386
344000 5.36451 5.37254 5.42372 0.0898085 0.000344644 0.0140234
345000 5.43407 5.37573 5.46402 0.0591271 -0.00419607 -0.0149896
346000 5.45629 5.38186 5.43128 -0.00608419 -0.0128169 0.00164321
347000 5.45874 5.40849 5.36698 0.0447216 -0.0020547 0.0331783
348000 5.3893 5.4088 5.39364 -0.00352309 0.0135459 0.035938
349000 5.42462 5.38285 5.38814 0.0731166 0.0163129 0.0159484
350000 5.45885 5.39667 5.39535 -0.000790898 -0.0247884 0.00499901
351000 5.4352 5.47946 5.44342 0.0299939 0.0157213 0.00881346
352000 5.35773 5.50305 5.39547 0.090773 0.00368813 0.00271709
353000 5.41927 5.43774 5.46272 0.0555069 0.00203346 0.0268466
354000 5.35588 5.47914 5.44855 0.057435 0.0397721 0.035705
355000 5.45136 5.45585 5.39021 0.0384945 0.064613 0.0758099
356000 5.41811 5.36428 5.43195 0.0203713 -0.00142616 0.0358964
357000 5.40217 5.40614 5.39013 0.0605375 -0.00195488 0.0231515
358000 5.35619 5.41772 5.45107 0.00840162 -0.0191317 -0.00108674
359000 5.3889 5.3987 5.41049 0.0565526 -0.00852703 -0.0112661
360000 5.41628 5.43946 5.45044 0.0122189 -0.00736257 0.000711292
361000 5.40461 5.43298 5.46813 0.015035 -0.0385468 0.0105735
362000 5.34136 5.501 5.45913 0.0517221 -0.0113438 0.0460115
363000 5.36737 5.41005 5.46448 0.069042 -0.0098301 0.0815511
364000 5.38492 5.42609 5.45802 0.0794599 -0.0504316 0.01895
365000 5.39885 5.48603 5.45809 0.0477274 0.00326406 0.00476389
366000 5.38604 5.42858 5.40997 0.0665443 0.0184285 -0.000846388
367000 5.40959 5.46691 5.44391 0.0591052 -0.0260696 -0.0125165
368000 5.43335 5.42593 5.37036 0.0412942 0.0239843 0.0274853
369000 5.36778 5.45309 5.42707 0.0381064 0.0244695 0.0224824
370000 5.3624 5.36244 5.40124 0.0918621 -0.00727567 0.024282
371000 5.40765 5.3992 5.43905 0.000931166 0.00956602 0.0302058
372000 5.39576 5.45957 5.47072 -0.0211966 -0.0267464 0.012907
373000 5.38244 5.41026 5.39184 0.024844 -0.0113352 0.0132277
374000 5.39414 5.38226 5.41053 0.0594748 0.014902 0.0372958
375000 5.4242 5.40184 5.38593 0.0267818 -0.00645609 0.0139143
376000 5.52176 5.42759 5.4445 0.0391222 0.008995 0.0323613
377000 5.42191 5.40686 5.38114 0.0173748 -0.0400621 0.00536736
378000 5.42133 5.43371 5.41417 -0.00477263 0.0352356 -0.0135101
379000 5.43015 5.37949 5.46855 -0.0021847 0.00977978 0.0331879
380000 5.43424 5.39414 5.38487 -0.0292478 -0.0195652 0.0249902
381000 5.44743 5.39424 5.48815 0.00549325 0.0315955 0.0376358
382000 5.46617 5.39188 5.47783 0.0141829 -0.0101286 0.0393726
383000 5.45956 5.4609 5.36632 -0.00399034 -0.0273697 0.0322685
384000 5.33311 5.41769 5.51599 -0.0352433 0.0241415 0.03801
385000 5.46048 5.39917 5.44666 -0.00971475 0.0407531 0.0156146
386000 5.42629 5.37246 5.41092 -0.0177108 0.0127678 0.0313251
387000 5.44142 5.42596 5.42673 0.0143428 0.0147392 -0.0223642
388000 5.42775 5.34935 5.38474 0.0361154 0.00697342 -0.0408103
389000 5.43196 5.40955 5.42799 0.0398434 0.0347231 -0.0208354
390000 5.44658 5.42967 5.51974 -0.0401063 -0.0122594 -0.0488548
391000 5.50639 5.44918 5.50713 -0.010012 0.0406492 0.0288864
392000 5.5354 5.48834 5.45457 -0.0292832 0.0307644 -0.00552019
393000 5.43444 5.44883 5.417 -0.0398156 0.00279847 -0.038199
394000 5.42839 5.44155 5.5238 0.0319804 0.0130952 0.00210759
395000 5.46944 5.55818 5.45278 0.021148 0.0279824 -0.00317311
396000 5.49652 5.42957 5.42975 -0.0227664 0.0476537 0.0120652
397000 5.43074 5.44653 5.37295 -0.0732051 -0.00796578 0.0291587
398000 5.44073 5.49555 5.43678 -0.0557245 -0.00221095 0.0091388
399000 5.43883 5.39588 5.43339 -0.103891 -0.00369894 0.0369711
400000 5.50077 5.41762 5.43197 -0.0217106 -0.0304289 0.00714416
401000 5.44886 5.43018 5.41924 -0.0672214 -0.0178132 0.0155217
402000 5.40432 5.42013 5.46847 -0.0691591 0.0412354 0.00828444
403000 5.45649 5.38349 5.41431 -0.0599203 0.0258349 0.0148651
404000 5.44039 5.48624 5.3807 -0.0234909 0.0223848 0.0226758
405000 5.50029 5.47349 5.37923 -0.0692318 -0.0395907 0.0467611
406000 5.42719 5.47064 5.41834 -0.037017 0.00145368 -0.0148761
407000 5.50888 5.46822 5.40497 -0.0895546 -0.0239573 0.0280004
408000 5.48897 5.48202 5.37402 -0.0854821 -0.0348747 -0.00238598
409000 5.48952 5.41708 5.38124 -0.0591662 -0.0284737 0.00918344
410000 5.44992 5.45241 5.38558 -0.0408537 -0.00920017 -0.00327103
411000 5.51638 5.46807 5.45536 -0.0734968 0.00231558 0.00846036
412000 5.37179 5.369 5.41438 -0.113055 -0.0238726 -0.0127697
413000 5.40471 5.3712 5.38721 -0.0388889 0.00608848 0.0497474
414000 5.50563 5.46597 5.40501 -0.011171 0.0163201 -0.0102957
415000 5.40671 5.4305 5.41898 -0.0351164 0.00993335 -0.0447291
416000 5.40492 5.4368 5.44458 -0.0556472 -0.018762 -0.0232573
417000 5.38668 5.41845 5.43417 0.000228441 -0.0125435 -0.0303742
418000 5.41926 5.44304 5.4656 0.0301273 0.0090949 0.0571214
419000 5.41144 5.4415 5.40834 0.015845 0.0176036 -0.0198109
420000 5.42226 5.50431 5.36252 -0.0269918 -0.0541329 -0.0151252
421000 5.37604 5.37835 5.38627 0.00684222 0.0188285 -0.0137466
422000 5.4593 5.4603 5.4407 0.00495396 0.0254209 0.0148712
423000 5.44322 5.44484 5.4718 -0.0221899 -0.00720326 -0.0565161
424000 5.45271 5.43013 5.41526 -0.00535834 -0.00272731 0.00163282
425000 5.43824 5.43123 5.41464 -0.00722918 0.0169988 -0.0329888
426000 5.44122 5.43133 5.44324 -0.00426454 0.0304867 0.00632887
427000 5.44464 5.45433 5.41944 -0.0668064 0.0375344 0.0106998
428000 5.40839 5.41022 5.41226 -0.0216403 -0.0147802 0.0186143
429000 5.46605 5.44623 5.48891 -0.0166927 0.00279933 0.000494947
430000 5.42348 5.36511 5.42672 -0.02703 -0.0184469 0.064561
431000 5.46546 5.41504 5.46852 0.00595097 -0.04076 -0.0302621
432000 5.45232 5.41014 5.446 0.00495108 0.0391963 0.0581111
433000 5.46095 5.48886 5.35612 0.0368753 0.0141186 0.0321517
434000 5.423 5.43115 5.44951 0.0402612 0.0420012 -0.0147086
435000 5.41594 5.46961 5.39776 0.0022261 0.0589281 0.0406578
436000 5.45556 5.40391 5.48458 0.0364652 -0.00967609 0.0460412
437000 5.45219 5.40115 5.48708 0.0149363 0.0229683 0.0411777
438000 5.37347 5.45535 5.45927 -0.000140784 0.0383258 -0.00673962
439000 5.41107 5.43467 5.43212 0.0461945 -0.0379736 0.0146751
440000 5.4087 5.42494 5.41118 0.0235491 -0.018139 0.0635361
441000 5.50169 5.32185 5.43175 0.0381994 -0.00385496 0.0097139
442000 5.49401 5.43456 5.40709 0.0131347 -0.022207 0.0379325
443000 5.49583 5.41573 5.40828 0.0323095 -0.0100089 0.00914647
444000 5.42546 5.40681 5.41586 0.0890216 0.0360472 0.00794201
445000 5.43109 5.37136 5.46343 0.0676982 0.0247761 -0.000302363
446000 5.45907 5.45595 5.43812 0.0713711 -0.016659 0.0351207
447000 5.45657 5.40933 5.42448 0.0775836 -0.0402196 0.0233396
448000 5.46699 5.50464 5.45719 0.125403 0.0349431 -0.0253568
449000 5.37636 5.39216 5.40925 0.0811034 -0.0136611 -0.0294646
450000 5.46414 5.44163 5.39463 0.0588876 0.0167931 -0.00943206
451000 5.3968 5.40633 5.47659 0.0393358 -0.0273104 -0.00365233
452000 5.35281 5.44229 5.48244 0.0997559 0.0145191 0.0229849
453000 5.45244 5.43168 5.44189 0.0613032 0.0197535 0.00843207
454000 5.42575 5.46859 5.49187 0.0785588 0.0246403 0.00393688
455000 5.46519 5.438 5.44227 0.0267932 0.0126273 -0.0156855
456000 5.44512 5.38806 5.38509 0.0320295 0.0343767 0.0143219
457000 5.4112 5.38448 5.45371 0.0864656 0.00442093 -0.00846515
458000 5.39767 5.36317 5.39376 0.0371639 -0.0284118 0.0212265
459000 5.44365 5.36482 5.43272 0.0555319 -0.0086124 0.0226451
460000 5.38913 5.42064 5.37897 0.0822189 0.0129254 0.0483793
461000 5.42 5.43476 5.42876 0.0595077 -0.0249649 0.0502998
462000 5.46948 5.45955 5.4776 0.0566767 0.0253308 -0.00503231
463000 5.42023 5.37542 5.42334 0.0235425 -0.0163618 0.0726687
464000 5.35204 5.34475 5.44016 0.00487104 0.0246217 0.0213588
465000 5.35258 5.34559 5.32373 0.0631743 0.018372 0.00487035
466000 5.45828 5.44647 5.4493 0.0911807 0.0032818 -0.0165015
467000 5.32545 5.37772 5.36286 0.0222724 0.0270617 0.005754
468000 5.37428 5.45464 5.44601 0.0026621 0.0101404 0.0380589
469000 5.43407 5.40461 5.39224 0.00688572 0.0212869 0.0429947
470000 5.41085 5.38758 5.40162 0.0519087 -0.0144773 0.0178005
471000 5.36465 5.4452 5.38098 -0.0348258 0.00468644 -0.00792522
472000 5.39798 5.43963 5.40156 0.0126753 -0.0131058 -0.00223593
473000 5.35871 5.42114 5.40437 0.0398514 -0.00423008 -0.0570012
474000 5.45551 5.47288 5.47578 0.045227 0.0213103 0.00715587
475000 5.43596 5.38985 5.44551 0.011029 0.0428878 -0.0151261
476000 5.40427 5.36302 5.38104 0.00395937 -0.027852 0.00525396
477000 5.41675 5.42685 5.49045 -0.0163228 -0.0147193 0.0270032
478000 5.42465 5.45634 5.42416 -0.00157559 -0.0267754 0.0496519
479000 5.43394 5.40145 5.38113 -0.0177813 -0.0144157 0.0270281
480000 5.41685 5.39269 5.40503 -0.0107116 -0.0132973 0.0215793
481000 5.39407 5.36652 5.4114 -0.000375159 -0.010625 0.0179537
482000 5.37785 5.45603 5.4341 -0.0223534 -0.017203 0.0144113
483000 5.44321 5.42356 5.39301 -0.0738784 -0.00805593 0.0306029
484000 5.39919 5.45183 5.39792 -0.00528462 -0.00520946 0.00445718
485000 5.38299 5.41184 5.41843 -0.0594363 -0.0353203 0.0138614
486000 5.37277 5.42905 5.41716 -0.0516671 -0.0554124 0.016565
487000 5.45147 5.40883 5.39706 -0.0830294 -0.0375834 -0.0169355
488000 5.36479 5.46463 5.38082 -0.0673344 0.0136503 -0.0359189
489000 5.4316 5.34793 5.33817 -0.0772837 -0.0164877 -0.0257734
490000 5.41003 5.36513 5.44827 -0.0450742 -0.00638671 -0.0171094
491000 5.42124 5.41027 5.3909 -0.0384489 -0.00611763 -0.0173716
492000 5.40396 5.39217 5.3555 -0.0667373 0.0093717 -0.0501766
493000 5.3801 5.45829 5.42213 -0.0511552 0.0240678 -0.0138777
494000 5.34288 5.39525 5.42311 -0.0836039 0.0387549 0.0311618
495000 5.34771 5.47921 5.43225 -0.0376941 -0.0233123 -0.049088
496000 5.38329 5.40598 5.42817 -0.0355157 -9.52784e-05 0.0131292
497000 5.40916 5.43063 5.40626 -0.0586539 -0.0159236 0.0204439
498000 5.37806 5.41686 5.45986 -0.0774738 0.0154406 -0.00814487
499000 5.37842 5.40319 5.44113 -0.0936323 -0.0111973 -0.0248182
500000 5.39323 5.41694 5.44501 -0.065328 0.00660115 0.0305312
501000 5.48328 5.37727 5.36875 -0.0852229 0.0440767 -0.0107834
502000 5.39237 5.43898 5.36883 -0.0576978 -0.00910416 0.00232215
503000 5.38656 5.3747 5.43372 -0.0399618 0.00429375 -0.0221158
504000 5.43652 5.36569 5.44108 0.00513932 -0.0260609 -0.000357303
505000 5.43905 5.4857 5.41377 -0.0458249 0.00188121 -0.0129623
506000 5.43953 5.42057 5.41283 -0.0261097 -0.0652037 -0.0481648
507000 5.41594 5.43308 5.34881 -0.021658 -0.0149997 -0.0382826
508000 5.35043 5.44319 5.43118 -0.0304455 -0.0129214 0.00217146
509000 5.40297 5.41452 5.35952 -0.0668588 0.0363066 0.00589546
510000 5.42123 5.40669 5.39974 -0.061876 0.0103176 -0.00917043
511000 5.39695 5.40396 5.36318 -0.0180836 -0.0623389 -0.00716193
512000 5.41749 5.41769 5.34439 -0.0627097 0.0162286 -0.0120765
513000 5.43456 5.42001 5.32463 -0.0556662 0.0478291 0.00341013
514000 5.47894 5.43477 5.42505 -0.0472485 -0.0238062 0.0207353
515000 5.43286 5.48037 5.44149 -0.0333343 -0.0260876 0.0345434
516000 5.41505 5.4627 5.40175 -0.0479263 -0.0501179 0.0566879
517000 5.44582 5.43405 5.41847 -0.106951 -0.00466414 0.0581524
518000 5.47645 5.42937 5.42429 -0.0667917 0.00966937 0.0641981
519000 5.36025 5.40678 5.44691 -0.0265379 0.00898369 0.0436731
520000 5.45044 5.43343 5.43059 -0.0260653 -0.0083647 -0.00654591
521000 5.41791 5.50881 5.42275 -0.0324937 -0.0135219 0.0245165
522000 5.39206 5.42203 5.42347 0.0108995 -0.00486527 0.0448129
523000 5.51166 5.40382 5.46085 -0.0225278 -0.0171798 -0.00751854
524000 5.37773 5.43638 5.44776 -0.0204433 0.0337271 0.0029875
525000 5.38275 5.34791 5.42939 0.0018707 0.0392748 -0.0529084
526000 5.36848 5.28623 5.43277 0.0102486 0.0493085 0.0386153
527000 5.34214 5.38614 5.35316 -0.0448434 -0.0262969 0.0063735
528000 5.43288 5.41786 5.34065 -0.0150597 -0.0119257 -0.00336348
529000 5.41799 5.40408 5.36773 -0.0243815 -0.0328417 0.0455297
530000 5.41825 5.35363 5.41639 -0.0240167 -0.0258572 0.0078055
531000 5.38033 5.39997 5.45415 -0.0283069 -0.0256731 0.000854608
532000 5.45227 5.40815 5.45375 -0.0291802 0.047898 0.0348622
533000 5.4733 5.38615 5.47788 -0.0553513 -0.00916751 0.0207983
534000 5.33221 5.44165 5.4292 -0.00439742 0.0443073 -0.0298197
535000 5.42108 5.40729 5.49303 -0.00766609 -0.0599256 -0.0259739
536000 5.38614 5.39164 5.47415 0.0160319 -0.0166271 0.00624154
537000 5.402 5.43365 5.48975 0.0360758 -0.046496 -0.0275894
538000 5.40352 5.39782 5.46837 0.0384369 -0.0253311 0.0239684
539000 5.3647 5.44784 5.4272 0.0190596 -0.0520996 0.0159476
540000 5.38937 5.44335 5.4271 0.00351279 0.0158495 0.00723831
541000 5.41875 5.51493 5.40325 0.0046702 0.0315151 0.00933379
542000 5.39952 5.41834 5.41043 -0.00287676 0.0009065 0.0197349
543000 5.35051 5.4178 5.35164 0.0553168 0.0267371 -0.013094
544000 5.41303 5.46891 5.41493 0.0364614 0.0288544 -0.00467845
545000 5.45326 5.38002 5.39831 0.0618706 0.0361661 0.0333448
546000 5.44905 5.4166 5.41221 0.0587266 0.0210335 0.00851629
547000 5.38137 5.40228 5.44377 0.0881302 0.0427661 6.04089e-05
548000 5.37425 5.42162 5.44758 0.101702 -0.0160773 0.022784
549000 5.42458 5.43472 5.31861 0.0769956 0.0303125 -0.0102247
550000 5.38599 5.42472 5.40693 0.0895412 -0.0141532 -0.031013
551000 5.44711 5.38367 5.47886 0.0358832 -0.0128702 -0.0156082
552000 5.42212 5.46279 5.33075 0.104896 0.0338559 -0.0439486
553000 5.44665 5.39686 5.43787 0.0485855 -0.0159821 -0.068007
554000 5.41989 5.48463 5.4278 0.0739635 0.0399273 -0.00219589
555000 5.40317 5.40825 5.45456 0.0777464 -0.0139006 0.0180384
556000 5.37682 5.45645 5.39224 0.0715194 -0.0347899 -0.0178825
557000 5.46824 5.45173 5.45043 0.0720493 0.0123204 -0.0103014
558000 5.4361 5.46782 5.4219 0.0893194 0.0204025 -0.0239067
559000 5.43469 5.40637 5.4337 0.106764 -0.0497787 -0.0327802
560000 5.39325 5.48415 5.40497 0.0830279 -0.0277743 -0.0137839
561000 5.42488 5.43491 5.39161 0.0327852 -0.00689474 -0.0671485
562000 5.38975 5.42181 5.51371 0.0519138 -0.0287364 -0.0466689
563000 5.45567 5.40954 5.50351 0.0478034 -0.0339866 -0.021943
564000 5.4052 5.49176 5.40635 0.0336292 -0.00200081 0.014584
565000 5.40322 5.41044 5.44452 0.0743573 -0.0297721 -0.0197173
566000 5.40157 5.42502 5.45075 0.0392962 -0.0317432 -0.00554981
567000 5.45129 5.51056 5.45447 0.0469445 -0.00137962 -0.0210439
568000 5.3506 5.43476 5.40589 0.0465523 -0.0192627 -0.0314881
569000 5.43669 5.42356 5.42892 0.0690186 -0.0353169 0.0280581
570000 5.40953 5.47612 5.38052 0.0729512 -0.00218395 0.039478
571000 5.43115 5.45743 5.38153 -0.00947771 0.0027229 0.00598591
572000 5.45907 5.34365 5.45544 0.0475311 0.0219962 0.0212324
573000 5.32812 5.40834 5.36629 0.0367941 0.0102692 -0.0205138
574000 5.38637 5.43071 5.44821 -0.00151875 -0.0349449 0.00880879
575000 5.42306 5.37793 5.41552 -0.0219151 -0.00663169 0.0057041
576000 5.34729 5.38957 5.42376 0.0560889 -0.0184772 -0.0117567
577000 5.4061 5.42659 5.44627 0.0482551 -0.00706794 -0.00708706
578000 5.44526 5.42217 5.43556 0.0154896 -0.00183559 -0.00545463
579000 5.40518 5.37553 5.44255 -0.0151585 0.0149696 0.060732
580000 5.43135 5.38154 5.40101 0.0742793 0.0193856 0.0600029
581000 5.37996 5.40959 5.42966 0.0262887 -0.0398513 -0.0219981
582000 5.37212 5.40445 5.42772 0.0112596 0.000614285 -0.0260082
583000 5.45893 5.4711 5.53767 0.0113687 0.00386853 0.00319699
584000 5.37877 5.40575 5.47582 0.00953132 -0.00673105 0.0165449
585000 5.47767 5.39331 5.5295 -0.00604302 -0.0574038 -0.0073549
586000 5.48871 5.41536 5.45485 -0.0171647 -0.0219408 -0.0210518
587000 5.49513 5.40034 5.51203 -0.0484947 0.051106 0.0294233
588000 5.36193 5.42588 5.38449 0.00044708 -0.0323279 0.0179952
589000 5.43248 5.46888 5.41387 0.00357902 0.0165511 -0.0137086
590000 5.39854 5.31716 5.42356 -0.0250897 0.00139156 0.0224972
591000 5.47342 5.47545 5.41545 -0.0324495 0.00134339 0.00353812
592000 5.40892 5.51868 5.39638 -0.0504947 0.00388783 -0.027354
593000 5.42959 5.47885 5.45991 -0.0809631 0.0265499 -0.0581952
594000 5.3859 5.39733 5.3868 -0.030963 0.00128935 -0.000934735
595000 5.45911 5.47384 5.44888 -0.0298554 -0.00682122 -0.00136096
596000 5.45771 5.43013 5.43833 -0.0498743 -0.0117985 0.0507207
597000 5.4088 5.40356 5.4825 -0.0544721 -0.016368 0.00191647
598000 5.44511 5.46786 5.42495 -0.0280726 0.0105901 0.043888
599000 5.47028 5.39787 5.42739 -0.0235868 -0.00778005 0.0140301
600000 5.41228 5.45071 5.45846 -0.0662948 0.0341778 0.0129546
601000 5.37396 5.40722 5.44091 -0.0366284 -0.0202222 -0.00933135
602000 5.37093 5.46236 5.5051 -0.0677388 -0.0350581 0.0245092
603000 5.4156 5.46292 5.47822 -0.110088 -0.00867509 -0.00889948
604000 5.48073 5.39518 5.44596 -0.114546 0.0120995 -0.0116473
605000 5.38156 5.47266 5.4249 -0.00216121 -0.0118642 -0.0465428
606000 5.42722 5.40617 5.47572 -0.072763 0.0184355 0.0029229
607000 5.39597 5.38343 5.46701 -0.0456621 0.0101479 0.00547386
608000 5.36158 5.40243 5.48555 -0.0648507 0.0138381 -0.0396367
609000 5.39863 5.43658 5.469 -0.0669359 0.0295042 0.00544135
610000 5.36371 5.42393 5.36305 -0.0838404 0.0362477 -0.0302559
611000 5.41651 5.46475 5.46053 -0.0670804 0.0441806 -0.00873475
612000 5.41858 5.50967 5.41958 -0.0448202 0.0325186 0.0116932
613000 5.38117 5.42662 5.37925 -0.0656077 -0.0143522 -0.0342965
614000 5.41154 5.44852 5.54449 -0.0670266 -0.0597579 -0.00716389
615000 5.3787 5.46526 5.43879 -0.0644942 -0.0301794 -0.0406344
616000 5.39338 5.42138 5.47537 -0.00352459 -0.0243453 0.012324
617000 5.38302 5.4332 5.46022 -0.0432298 -0.0178816 0.00148976
618000 5.46514 5.39713 5.37643 -0.00455255 0.0336184 0.0425721
619000 5.4204 5.49813 5.40599 0.00984783 -0.0252999 0.00953681
620000 5.41868 5.38098 5.41623 -0.0287811 0.012412 0.000181702
621000 5.39824 5.39045 5.44688 -0.0474534 0.0317726 -0.0379919
622000 5.36462 5.44913 5.33796 -0.0650301 0.0225441 -0.0504634
623000 5.44131 5.37662 5.37479 0.00776385 0.0346103 0.0372119
624000 5.45139 5.42814 5.3637 -0.0344662 0.042102 -0.00755146
625000 5.47071 5.55111 5.42338 -0.037499 0.0417507 0.0272781
626000 5.39667 5.45786 5.39871 0.0118723 -0.0585464 -0.0211073
627000 5.45964 5.42049 5.4565 -0.0109682 -0.042908 -0.0336758
628000 5.39672 5.38076 5.40044 -0.0260026 -0.00732665 0.00902455
629000 5.43319 5.3755 5.37012 0.00634721 0.043095 0.00569561
630000 5.4879 5.39844 5.36079 -0.0186971 0.0256062 -0.00995623
631000 5.38874 5.47909 5.40835 0.0232022 0.0360792 -0.00499544
632000 5.4368 5.40812 5.31706 0.00832179 0.0126161 0.00196622
633000 5.43194 5.48668 5.38067 -0.00887448 0.033504 0.0329454
634000 5.43585 5.39378 5.36116 -0.000445649 -0.0247566 0.00191293
635000 5.388 5.43818 5.38888 0.025596 0.00781377 0.0119864
636000 5.44304 5.42946 5.41894 -0.00946635 -0.00548253 0.0090584
637000 5.4066 5.36686 5.31769 -0.00210469 0.000544079 0.0445081
638000 5.44698 5.4482 5.40959 -0.00945837 0.0362804 0.0316658
639000 5.42664 5.54598 5.38485 0.00419263 0.030821 0.0369785
640000 5.42421 5.43703 5.39473 0.0429344 -0.00025041 0.00438437
641000 5.48497 5.42348 5.3411 0.0289112 0.0137183 0.0445261
642000 5.44848 5.41425 5.36515 0.0140624 0.0240962 0.0219644
643000 5.47592 5.45148 5.40905 0.0516806 -0.0140684 -0.0178554
644000 5.35597 5.3835 5.47232 0.0176919 0.0195185 0.0647659
645000 5.46673 5.4354 5.45631 0.0278302 0.0471886 0.0223767
646000 5.31141 5.4322 5.36734 0.0108644 -0.0482776 0.0141912
647000 5.41407 5.44112 5.43782 0.0370335 0.0317136 -0.00548325
648000 5.44991 5.47496 5.34776 0.0500312 -0.0181213 0.0344501
649000 5.47047 5.43714 5.36886 0.0353095 0.00511781 0.0406724
650000 5.4646 5.49412 5.39914 0.073631 0.0267205 0.00317935
651000 5.47136 5.43808 5.4258 0.103603 -0.0337199 0.0730848
652000 5.3682 5.42012 5.41408 0.0445839 -0.00721805 0.00594286
653000 5.45092 5.44446 5.40244 0.0540074 -0.00479597 0.0312018
654000 5.41644 5.451 5.46403 0.0312118 -0.0452975 0.0591562
655000 5.50332 5.47339 5.40685 0.0400761 -0.0181548 0.0369196
656000 5.48366 5.39759 5.50041 0.0234192 0.0413219 0.0247142
657000 5.45036 5.44638 5.40753 0.0807084 -0.010904 0.00888635
658000 5.42649 5.41865 5.452 0.0451276 -0.016137 -0.0277359
659000 5.52221 5.41613 5.42791 0.0967441 0.0424311 -0.0202116
660000 5.35356 5.45382 5.39489 0.0326987 0.00551333 -0.0114956
661000 5.41982 5.4372 5.44654 0.0666852 0.00357818 -0.0168282
662000 5.39076 5.42891 5.39845 0.0398456 -0.0220608 -0.0111875
663000 5.43159 5.42739 5.49752 0.0731743 0.0448314 0.0193782
664000 5.34415 5.48115 5.41953 0.0201218 -0.0352704 -0.0388316
665000 5.37672 5.45629 5.50414 0.0334877 0.0199189 0.0220204
666000 5.3543 5.43535 5.42356 0.0279469 -0.0131965 0.0584077
667000 5.40105 5.45284 5.46822 0.0254991 -0.0264312 0.0299404
668000 5.4328 5.46527 5.43022 0.050816 -0.0106341 0.0333536
669000 5.42387 5.43312 5.41846 0.0389442 0.00607426 0.019325
670000 5.40146 5.36705 5.37789 -0.0130603 0.0287289 0.0258504
671000 5.41919 5.42672 5.39409 0.0578124 -0.00758099 0.0257168
672000 5.43564 5.37118 5.43343 0.00388827 -0.000102605 -0.0441805
673000 5.39222 5.36787 5.42237 0.0459053 0.0397445 -0.0302528
674000 5.44346 5.34273 5.4392 -0.0148168 0.0498024 -0.0365784
675000 5.40655 5.3634 5.41403 0.0718439 0.0102374 -0.0209268
676000 5.44356 5.40819 5.4449 -0.00891513 0.03236 -0.0408389
677000 5.42767 5.39615 5.45917 0.00823436 -0.0120163 0.00560359
678000 5.4238 5.40138 5.3717 0.00924074 0.0232918 0.039808
679000 5.45189 5.42954 5.42681 -0.0129513 0.000721443 -0.0280203
680000 5.40967 5.43416 5.35849 0.00485139 -0.0542975 -0.0045042
681000 5.45804 5.39178 5.41044 -0.0118098 -0.00524329 -0.0420395
682000 5.49374 5.39012 5.38123 -0.0105552 -0.0297457 -0.00470182
683000 5.3853 5.42077 5.44638 0.0502322 0.0177379 0.00079276
684000 5.41797 5.42749 5.45848 -0.0359338 -0.0420365 -0.0396207
685000 5.36651 5.39845 5.43772 0.0233067 -0.018857 0.00580931
686000 5.36481 5.42129 5.45523 -0.00721831 0.0412612 -0.00770298
687000 5.38344 5.35872 5.48777 -0.0595693 -0.0209162 0.0372255
688000 5.42834 5.41006 5.52487 -0.0535212 -0.029187 0.0140025
689000 5.37805 5.40549 5.42375 -0.019275 -0.0181923 -0.00382301
690000 5.40284 5.40865 5.44622 -0.0566183 -0.0281064 -0.026
691000 5.48071 5.48143 5.43463 -0.0696428 -0.00916453 -0.0265084
692000 5.47239 5.46384 5.48881 -0.0689951 -0.00208957 0.0322819
693000 5.46765 5.38937 5.43928 -0.0849473 -0.0501373 0.0258558
694000 5.40757 5.46225 5.38063 -0.0294558 0.0123058 -0.0243904
695000 5.37667 5.36622 5.49479 -0.0827181 -0.00873354 0.00350172
696000 5.4175 5.3503 5.44199 -0.0567532 -0.0188864 0.0304999
697000 5.49814 5.37159 5.49605 -0.068046 0.0259554 -0.0119764
698000 5.4631 5.41579 5.52975 -0.0743992 -0.0467546 0.0203107
699000 5.41445 5.42469 5.43947 -0.0635832 0.000944146 0.0515146
700000 5.42735 5.44768 5.47713 -0.092226 -0.00208841 0.0192426
701000 5.43982 5.29442 5.49061 -0.0814398 -0.00087078 -0.0295968
702000 5.36584 5.41118 5.48298 -0.0884393 0.0133831 -0.0455063
703000 5.44187 5.45673 5.46669 -0.0934014 -0.00329203 -0.000446741
704000 5.44074 5.48448 5.44728 -0.0870054 0.0203089 -0.0351264
705000 5.42594 5.41817 5.49296 -0.0379769 0.0243217 0.0452036
706000 5.4746 5.42503 5.48317 -0.119578 0.0196421 -0.0138532
707000 5.43747 5.47363 5.48792 -0.0877784 0.00641048 0.067515
708000 5.51068 5.47831 5.42933 -0.0678597 -0.00257873 0.0235274
709000 5.40037 5.48782 5.481 -0.0647644 0.0373982 0.0484429
710000 5.4076 5.45172 5.51338 -0.0655918 -0.0165516 0.0541829
711000 5.39691 5.42645 5.48556 -0.089011 0.00156017 0.0233415
712000 5.39431 5.48841 5.46626 -0.074172 -0.0305397 0.000826856
713000 5.41162 5.43746 5.42629 -0.0583874 -0.0344598 -0.0528712
714000 5.41195 5.42315 5.3706 -0.0631243 0.0107943 -0.0255453
715000 5.46534 5.51883 5.46172 -0.0437295 -0.0469661 -0.0278582
716000 5.43252 5.46626 5.4506 -0.0493373 -0.0219697 0.02823
717000 5.38038 5.46911 5.44076 -0.0793798 0.0652282 -0.0306739
718000 5.40136 5.45873 5.38672 -0.0506711 -0.000994108 0.0666914
719000 5.41327 5.41103 5.48063 -0.0541686 0.00333024 0.0321974
720000 5.37593 5.38675 5.43146 -0.0154884 -0.0304388 0.0210921
721000 5.41475 5.37762 5.42735 -0.070074 -0.0122269 0.069345
722000 5.45222 5.47709 5.41726 -0.0361398 -0.00851977 -0.000898468
723000 5.43398 5.41699 5.41078 -0.0242072 -0.0061949 -0.018037
724000 5.41513 5.49014 5.3974 -0.0179217 -0.00361752 0.00762845
725000 5.48408 5.38891 5.3711 -0.0234558 -0.0144697 -0.00445294
726000 5.41343 5.42028 5.42167 -0.0118008 -0.0126317 -0.0283939
727000 5.42075 5.47817 5.39172 -0.0405319 0.0114226 0.0196868
728000 5.35668 5.47904 5.37557 -0.0378818 0.0275008 0.029505
729000 5.34932 5.45545 5.40106 -0.0361599 0.0244147 -0.0284677
730000 5.46849 5.38237 5.50338 -0.09179 0.00442149 0.038491
731000 5.41324 5.42746 5.43913 -0.037835 0.00610679 0.0606577
732000 5.41873 5.40388 5.41277 -0.0724203 0.00207574 0.024162
733000 5.43695 5.4006 5.44272 -0.0203591 -0.0340906 -0.021418
734000 5.43666 5.4025 5.48501 -0.00603624 0.0284171 0.00153154
735000 5.40552 5.44355 5.46661 -0.0357619 0.0218529 -0.0328315
736000 5.42833 5.41243 5.33437 -0.0646516 -0.0427202 0.00243505
737000 5.39582 5.42719 5.42448 0.0149396 0.00684064 0.0056785
738000 5.39013 5.446 5.43153 -0.00324159 0.0247282 -0.0665248
739000 5.44278 5.37066 5.34767 0.0219624 -0.0114763 0.0301405
740000 5.38676 5.39931 5.46362 0.015533 0.019434 -0.0266262
741000 5.42382 5.42217 5.45854 0.000641827 -0.0026053 -0.0330491
742000 5.40913 5.394 5.3692 -0.00337158 0.0339147 -0.0282369
743000 5.38922 5.49641 5.33299 0.0366997 -0.0185831 -4.42144e-05
744000 5.39004 5.44095 5.393 0.0570582 0.00818446 -0.00162935
745000 5.45162 5.40752 5.41446 0.038139 -0.00837972 -0.00536882
746000 5.35584 5.50002 5.37269 0.0196882 -0.00595013 0.0140944
747000 5.42797 5.45044 5.41537 0.0406075 -0.0942772 -0.00981989
748000 5.42576 5.40918 5.45507 -0.0237057 -0.00898453 -0.00731214
749000 5.55045 5.35265 5.39748 0.0472901 -0.0490845 0.0125996
750000 5.38937 5.33746 5.41348 0.0263797 -0.0145777 -0.0194068
751000 5.41028 5.37367 5.37721 0.0673449 -0.0313507 -0.0024138
752000 5.4472 5.41845 5.42079 0.0931801 0.0187589 -0.00152298
753000 5.38262 5.36899 5.41107 0.0944961 -0.0228591 -0.00507024
754000 5.38178 5.41519 5.43558 0.057222 -0.00712601 -0.0457605
755000 5.34889 5.44426 5.43005 0.0468997 -0.0256653 -0.0229674
756000 5.40165 5.48435 5.47482 0.032374 0.0192527 0.00172534
757000 5.44044 5.42698 5.48099 0.015001 -0.0283726 -0.00972154
758000 5.50179 5.36899 5.42914 0.113968 0.0274348 0.0357586
759000 5.46964 5.34503 5.40141 0.0443868 0.00580107 0.00907365
760000 5.51654 5.42286 5.4939 0.0626895 0.0228046 0.0338697
761000 5.44011 5.42318 5.45927 0.0549323 0.0320706 0.0189884
762000 5.44634 5.39306 5.50195 0.0277443 0.00952037 -0.00813803
763000 5.46751 5.42929 5.44351 0.0823687 0.02437 -0.000628928
764000 5.4308 5.42237 5.50262 0.039916 0.00760456 -0.0182015
765000 5.48684 5.41604 5.47368 0.0675789 0.0162749 -0.033218
766000 5.51692 5.35975 5.56938 0.0374648 0.0031578 0.0184844
767000 5.5058 5.39368 5.41861 0.0473271 0.0367862 0.0132036
768000 5.47209 5.34634 5.46433 0.0566541 -0.022026 -0.000307641
769000 5.4255 5.38386 5.41773 0.0281437 -0.0439616 0.00368112
770000 5.52117 5.47372 5.41873 0.0132297 -0.016899 -0.0432054
771000 5.4332 5.35094 5.39777 0.0225056 -0.0431167 0.000790868
772000 5.49714 5.42563 5.4157 0.0436965 0.0369646 0.00993971
773000 5.38326 5.42265 5.42042 0.0437133 -0.0020078 0.05459
774000 5.47127 5.36184 5.3814 0.00693272 0.020816 -0.0179521
775000 5.4593 5.43089 5.38916 0.0196492 -0.0183871 -0.00964163
776000 5.44137 5.40459 5.45272 0.0579591 0.0360597 -0.00924283
777000 5.478 5.3928 5.42877 0.00843647 0.00522881 -0.0574158
778000 5.36083 5.4627 5.41073 0.0368882 0.0371493 -0.00788413
779000 5.4092 5.36528 5.43684 0.0366709 -0.0135526 -0.00327339
780000 5.42877 5.38576 5.39774 -0.00665842 0.0217824 -0.0204201
781000 5.48779 5.33834 5.38462 0.0136575 0.00873114 -0.0243531
782000 5.44285 5.40482 5.45353 0.0371457 -0.005398 0.00322536
783000 5.46897 5.44227 5.42297 -0.00222687 -0.0132078 -0.0147366
784000 5.43882 5.40006 5.38092 0.0307566 0.0269149 -0.0476494
785000 5.43239 5.46556 5.40819 -0.0540857 0.0184195 0.0355013
786000 5.41471 5.42939 5.38895 -0.0127065 0.0673369 -0.0180091
787000 5.42485 5.43424 5.41306 -0.0292507 0.0255823 0.00184374
788000 5.44507 5.42118 5.3589 -0.00269375 0.0367383 0.0183039
789000 5.4327 5.3718 5.43601 0.0281647 0.0544848 0.0179561
790000 5.43733 5.39596 5.42839 -0.0233106 -0.013778 -0.00759359
791000 5.46251 5.30952 5.39314 -0.0122966 0.0447589 0.0133914
792000 5.43336 5.41071 5.33495 0.0722948 -0.0427558 0.0276587
793000 5.47815 5.40104 5.37612 -0.0238473 0.0203925 -0.018067
794000 5.43324 5.43633 5.38876 -0.0666154 -0.00210673 0.0216956
795000 5.42282 5.40905 5.39114 -0.0404015 0.0137906 0.00845763
796000 5.42649 5.35961 5.35971 -0.0182826 0.040294 0.0454625
797000 5.39856 5.52314 5.447 -0.0404046 0.00215693 0.000597822
798000 5.36532 5.43729 5.40732 -0.0623975 -0.033662 0.0408852
799000 5.42256 5.46185 5.42123 -0.0599776 -0.00613926 0.0145854
800000 5.41192 5.41434 5.45943 -0.0984224 0.00578806 -0.0631764
801000 5.37928 5.39466 5.46604 -0.0173916 0.0551526 0.0566136
802000 5.52555 5.47471 5.40733 -0.0604329 0.0179522 0.0120359
803000 5.40133 5.42266 5.40274 -0.0229886 0.0431397 0.067792
804000 5.48046 5.44994 5.44272 -0.0439309 0.00999112 -0.0303163
805000 5.36362 5.41489 5.41608 -0.0442072 -0.0277428 0.0105426
806000 5.39649 5.48107 5.45537 -0.0382494 -0.0298548 -0.0296208
807000 5.46509 5.36843 5.34887 -0.0408659 0.0236034 -0.0221367
808000 5.50266 5.42552 5.37023 -0.0258533 0.0199219 -0.00788762
809000 5.44912 5.40436 5.45268 -0.0834934 -0.013815 -0.00375946
810000 5.49794 5.3787 5.4639 -0.0644491 -0.000718712 0.00278726
811000 5.42685 5.37248 5.44448 -0.0756788 -0.0245484 -0.0173812
812000 5.41429 5.3937 5.3634 -0.0700831 -0.00180953 -0.000610059
813000 5.37126 5.39626 5.42399 -0.0751758 -0.0298637 -0.0220443
814000 5.36416 5.40967 5.43721 -0.11094 -0.0886975 -0.0127302
815000 5.42584 5.40055 5.46577 -0.0447085 0.0331322 0.0138778
816000 5.46403 5.44591 5.4132 -0.0586549 0.0168473 0.0416467
817000 5.40625 5.45559 5.46816 -0.039144 0.019862 0.0119671
818000 5.43192 5.42177 5.44147 -0.0729139 0.0307251 0.0127658
819000 5.49427 5.48823 5.40743 -0.0760833 -0.0104726 0.00545517
820000 5.40294 5.49408 5.45591 -0.0556106 0.0138933 -0.0581385
821000 5.45906 5.37664 5.45052 -0.0199384 -0.0292809 -0.0017619
822000 5.40026 5.45083 5.42296 -0.0395239 -0.0180768 -0.0327893
823000 5.45705 5.45976 5.40024 -0.00348777 -0.0330042 -0.00472854
824000 5.40527 5.44482 5.46831 -0.0378132 0.00349887 -0.0439545
825000 5.43482 5.43065 5.42645 -0.00395969 0.0246529 -0.00813904
826000 5.48452 5.43617 5.37455 -0.0380138 0.0279195 0.0117434
827000 5.46472 5.3707 5.39985 -0.0213091 -0.0252888 -0.0156679
828000 5.39789 5.42759 5.38706 0.0311637 0.0340917 0.0400396
829000 5.39177 5.46543 5.41645 0.0538972 0.00431996 -0.00522977
830000 5.4116 5.47971 5.40294 -0.00761403 -0.0252215 -0.0383403
831000 5.38283 5.34301 5.38549 -0.015605 0.00212379 -0.0450481
832000 5.3845 5.4197 5.41842 0.0118904 0.0100417 -0.0186037
833000 5.45998 5.38932 5.41347 0.0200349 0.00796037 0.000658523
834000 5.37064 5.36088 5.4028 0.0486108 0.00173481 -0.0304301
835000 5.47964 5.38862 5.38367 0.0315499 0.0372927 0.0433227
836000 5.42515 5.40479 5.43858 0.0606983 0.0241234 0.0260367
837000 5.40784 5.43105 5.43159 0.00749921 0.0301597 0.00518442
838000 5.40048 5.43195 5.44276 0.0106814 0.0262868 0.0584366
839000 5.37654 5.42194 5.37054 0.0304646 0.00498605 0.0427117
840000 5.40531 5.36945 5.43924 0.0297814 0.0290499 0.0586588
841000 5.38543 5.36108 5.41319 0.0249138 -0.022772 0.0373131
842000 5.36876 5.38951 5.35793 0.0367935 -0.0117066 0.0247973
843000 5.43725 5.41624 5.41078 0.0657821 -0.00409289 0.0108877
844000 5.32519 5.34168 5.38221 0.050031 0.0210618 0.0212615
845000 5.42566 5.42606 5.39515 0.082814 -0.0114037 -0.0432227
846000 5.36613 5.35282 5.41476 0.126247 0.034872 -0.0439043
847000 5.43992 5.39171 5.35004 0.0687936 0.00942303 -0.0686844
848000 5.43347 5.41374 5.41397 0.0707517 -0.00354213 0.0383061
849000 5.35767 5.46275 5.40307 0.0656315 0.0526773 -0.0281363
850000 5.40129 5.44826 5.31056 0.0347506 0.00709563 -0.0258657
851000 5.44041 5.46895 5.37878 0.0755315 0.052025 -0.0273976
852000 5.30573 5.41435 5.40832 0.0991014 0.0438819 -0.0133369
853000 5.44499 5.44134 5.39465 0.0858718 -0.01694 0.0104423
854000 5.40728 5.37081 5.36402 0.0731889 0.00967088 -0.00965146
855000 5.42745 5.38804 5.43346 0.075311 -0.0193469 0.0207092
856000 5.32092 5.38837 5.54676 0.0909763 0.039438 0.0225685
857000 5.30916 5.41271 5.41224 0.0656869 -0.0371832 0.0103612
858000 5.36602 5.38243 5.35607 0.0910786 0.0231596 0.0386893
859000 5.46127 5.45314 5.38391 0.10769 -0.0569808 -0.03088
860000 5.38296 5.41465 5.43213 0.0258267 -0.000198704 -0.00119046
861000 5.41241 5.34788 5.46665 0.0914287 0.00187678 -0.0132428
862000 5.3615 5.40971 5.39362 0.105399 0.00328624 0.0115048
863000 5.40204 5.42903 5.38097 0.0437993 -0.0243395 0.0119212
864000 5.37127 5.43524 5.43208 0.060941 0.00453511 0.0275667
865000 5.3585 5.43335 5.44912 0.0433429 -0.045963 -0.0374381
866000 5.3918 5.38492 5.48108 -0.0112172 -8.80982e-06 -0.0129975
867000 5.38111 5.41796 5.36908 0.040309 0.00564267 -0.0209332
868000 5.36744 5.35456 5.4609 0.081208 -0.0015359 -0.00569661
869000 5.35457 5.31798 5.34628 0.111721 -0.0243179 -0.0181869
870000 5.39048 5.35946 5.48109 0.0477301 -0.0352401 -0.0110098
871000 5.35287 5.41547 5.42001 0.0455242 -0.038051 -0.00274229
872000 5.34766 5.37971 5.34958 0.0327198 0.0597881 -0.0413489
873000 5.431 5.3616 5.42768 0.0202216 -0.00246365 -0.0596025
874000 5.4015 5.3817 5.40926 -0.00282881 -0.00176967 0.00391432
875000 5.36744 5.34304 5.41656 -0.0216184 -0.0696092 0.00676807
876000 5.33242 5.39855 5.30296 -0.0050173 0.0328145 0.0173791
877000 5.38786 5.46609 5.38608 0.0221642 -0.0281195 -0.01485
878000 5.36675 5.40508 5.40057 0.00740907 0.00683275 -0.0112872
879000 5.3445 5.38177 5.38017 -0.00499749 -0.000687274 -0.0059545
880000 5.34744 5.35424 5.37133 -0.0328545 -0.0205175 -0.0110412
881000 5.35443 5.44549 5.48641 0.0087394 0.0435723 -0.00865698
882000 5.38794 5.40281 5.3702 -0.0541483 0.0573323 -0.0217567
883000 5.36465 5.41004 5.42203 -0.0651352 -0.045164 -0.0149945
884000 5.42129 5.48196 5.34115 -0.0134314 0.00920366 -0.00515976
885000 5.42355 5.40593 5.34719 -0.0321205 0.0160072 0.0240469
886000 5.45379 5.3979 5.35983 -0.0180334 0.0278039 0.00980968
887000 5.38759 5.43124 5.41788 -0.0135802 -0.0183665 -0.0420912
888000 5.33362 5.44167 5.35783 -0.0681173 -0.0133294 0.000842852
889000 5.51852 5.40637 5.4035 -0.0747766 0.0451753 -0.023782
890000 5.38753 5.37851 5.39583 -0.0600074 0.0127311 0.0058224
891000 5.41092 5.39846 5.3839 -0.0243373 -0.0156344 -0.0320537
892000 5.47568 5.38165 5.39164 -0.112314 -0.0137498 -0.0450199
893000 5.35917 5.4049 5.37264 -0.0466315 -0.0199037 0.00689612
894000 5.40088 5.44137 5.41124 -0.00701956 0.0259434 0.0379494
895000 5.37513 5.38025 5.37754 -0.0906322 0.0239982 0.013702
896000 5.39811 5.43781 5.42203 -0.0918318 -0.0138331 0.00675762
897000 5.40435 5.42292 5.36607 -0.0658139 0.00419153 0.0241825
898000 5.3955 5.40121 5.42642 -0.10771 0.0247239 0.036164
899000 5.42986 5.37683 5.43536 -0.0985701 -0.0121059 0.0285269
900000 5.44273 5.43688 5.40375 -0.104092 0.0340872 0.00438192
901000 5.39169 5.39735 5.37666 -0.0786955 0.0276673 -0.00388894
902000 5.45198 5.42979 5.40391 -0.0806038 0.024282 0.016031
903000 5.38673 5.40613 5.47628 -0.0917564 0.02465 -0.0587006
904000 5.36506 5.45496 5.3906 -0.033913 0.02867 0.0345591
905000 5.41255 5.37397 5.44481 -0.026944 -0.0345864 0.00616933
906000 5.41577 5.40214 5.45441 -0.0607259 -0.0095989 0.0274515
907000 5.40458 5.41817 5.44577 -0.0727025 -0.0165899 -0.0282625
908000 5.45058 5.45857 5.44348 -0.0746296 0.00362673 -0.00438094
909000 5.40141 5.42262 5.43317 -0.0389645 -0.0241606 0.0134581
910000 5.4927 5.37247 5.43024 -0.0499101 0.0252569 0.0643108
911000 5.47193 5.39756 5.43517 -0.0682687 -0.0294452 0.00308653
912000 5.48322 5.37318 5.36039 -0.0651242 -0.0164911 0.0560215
913000 5.45441 5.3905 5.43441 -0.0257768 0.0381959 0.00899962
914000 5.45008 5.44788 5.40887 -0.06521 0.0242854 -0.0086149
915000 5.43946 5.35584 5.41856 -0.0841458 -0.00528317 0.0405706
916000 5.41139 5.4071 5.38896 -0.0790068 0.0290694 0.0349478
917000 5.38649 5.42665 5.41672 -0.0489061 -0.0269306 -0.00875029
918000 5.42732 5.46333 5.43371 -0.0577191 0.043441 0.0438623
919000 5.46861 5.35244 5.43222 -0.0571204 0.00160287 0.0198137
920000 5.5392 5.38265 5.4283 -0.0573202 -0.0329515 0.0509088
921000 5.38914 5.41799 5.38838 -0.0743521 -0.0453685 0.0660922
922000 5.48073 5.43469 5.437 -0.00890809 0.0330091 -0.0184918
923000 5.4168 5.4485 5.36654 -0.0542639 -0.00182104 0.0105497
924000 5.5233 5.42562 5.39985 -0.0554555 -0.00950327 -0.00160512
925000 5.37371 5.44889 5.40496 -0.0341923 0.00350786 -0.0179746
926000 5.42587 5.40664 5.36966 -0.0198714 -0.00118742 0.00237085
927000 5.43211 5.46365 5.42876 -0.0123978 0.0163751 0.0199435
928000 5.45855 5.39997 5.38949 -0.0340567 -0.00488942 -0.0339097
929000 5.49302 5.42368 5.45843 -0.0374088 -0.00527779 0.0153216
930000 5.4257 5.39234 5.44982 -0.0721248 -0.0148156 0.0189783
931000 5.39812 5.45353 5.40343 -0.0228124 0.0105545 -0.0192513
932000 5.43242 5.44818 5.3597 0.0151715 0.0287369 0.00253126
933000 5.47624 5.46533 5.36681 -0.0008079 0.011265 0.0337155
934000 5.3859 5.42014 5.42713 0.0125914 -0.0162966 -0.0456331
935000 5.41562 5.45721 5.49716 -0.0186634 0.00100312 0.0144118
936000 5.37662 5.39575 5.43386 -0.031087 0.00306167 0.0335593
937000 5.40197 5.40733 5.39286 0.0399958 0.0260198 -0.0101177
938000 5.31737 5.4647 5.39226 -0.00474515 -0.0262096 -0.0463987
939000 5.40471 5.39597 5.43312 0.0474945 -0.0141574 -0.0193215
940000 5.43177 5.4377 5.40929 0.031326 0.00510427 0.00867367
941000 5.46205 5.4074 5.4413 0.0220214 0.0201683 -0.00805435
942000 5.41556 5.39619 5.42972 0.0236351 0.0470477 0.0392786
943000 5.3747 5.35662 5.37439 0.024908 0.0148794 0.0195104
944000 5.51202 5.44642 5.36381 0.0420171 0.00962173 -0.00587722
945000 5.41136 5.40488 5.44569 0.0432567 0.00727625 -0.0101379
946000 5.41252 5.43339 5.45368 0.0193627 0.0311022 -0.0694127
947000 5.40475 5.29251 5.33991 0.0319424 0.0318763 -0.0108877
948000 5.45284 5.39349 5.41018 0.0217577 -0.00155212 0.012124
949000 5.39249 5.32589 5.40215 0.0710878 0.0146726 -0.00261695
950000 5.40647 5.42357 5.40637 0.0764461 0.0114763 0.0277249
951000 5.37313 5.43126 5.41863 0.0425929 0.00312742 0.012662
952000 5.45817 5.4466 5.43888 0.0599555 0.0131209 -0.0233509
953000 5.47527 5.46726 5.35223 0.0585978 0.0449693 -0.0573979
954000 5.43244 5.44573 5.44762 0.0526372 -0.00393062 0.018397
955000 5.40726 5.44308 5.41902 0.0690126 -0.000915662 -0.0241917
956000 5.43149 5.44332 5.49516 0.085965 -0.0139757 0.0212186
957000 5.49419 5.35669 5.38801 0.0585494 0.0407512 0.0225673
958000 5.37987 5.37178 5.40141 0.0974135 -0.039126 0.0352922
959000 5.42687 5.36789 5.44046 0.0230464 0.00814414 -0.0128423
960000 5.41728 5.44365 5.43277 0.0613832 -0.00815082 -0.0402892
961000 5.40421 5.39069 5.50152 0.0537119 0.0276478 0.00642431
962000 5.37461 5.43082 5.4273 0.114023 -0.00328223 -0.00190549
963000 5.37019 5.47685 5.43575 0.0732071 0.0449791 0.0114731
964000 5.31034 5.42243 5.44185 0.0641731 -0.0259705 0.0105995
965000 5.41351 5.4104 5.43424 0.093217 0.00341744 -0.00305502
966000 5.33409 5.39032 5.44349 0.0956401 0.0180105 0.00839728
967000 5.41516 5.44648 5.3888 0.0222892 0.0200734 0.00812681
968000 5.40977 5.40042 5.3979 0.0299402 -0.0270869 0.0217521
969000 5.44984 5.4745 5.37341 0.0522774 0.0124663 -0.0253769
970000 5.4064 5.41524 5.42003 0.100184 0.00119281 0.0211699
971000 5.36329 5.30346 5.36303 0.0284427 0.00164086 -0.0318429
972000 5.3748 5.38107 5.45643 0.0835396 0.0171362 -0.0206197
973000 5.37073 5.45465 5.45683 -0.00628676 -0.0136334 0.0283973
974000 5.43463 5.43592 5.43426 0.0138814 -0.0520968 0.00486268
975000 5.46879 5.30113 5.43842 -0.0251994 -0.0194561 -0.0185325
976000 5.41059 5.3761 5.42613 0.0273462 0.0236204 -0.00255038
977000 5.45128 5.40334 5.41359 0.0734739 0.00699286 -0.0314162
978000 5.45334 5.43425 5.41418 0.0234893 -0.00629291 -0.00638766
979000 5.39777 5.45639 5.35145 0.0443195 -0.00588221 0.00627313
980000 5.42066 5.42151 5.36351 -0.00803833 -0.0102873 0.0655054
981000 5.44138 5.42903 5.44475 0.0447021 -0.0117204 -0.00804257
982000 5.41893 5.39423 5.43912 0.0205941 0.00324921 0.00591103
983000 5.34018 5.3353 5.45165 -0.0111871 -0.00430378 -0.0248157
984000 5.33407 5.40648 5.39374 0.00904485 -0.00439305 -0.0136568
985000 5.3512 5.38717 5.44003 -0.0310792 0.0448262 -0.0328974
986000 5.33294 5.38331 5.35065 -0.00467276 -0.0336233 -0.0013017
987000 5.39871 5.41791 5.4055 -0.0602305 -0.0200699 0.032664
988000 5.37343 5.36957 5.34078 -0.0423198 0.0144257 -0.0083057
989000 5.38594 5.39456 5.3528 -0.00214994 -0.0177603 0.0170225
990000 5.35888 5.52107 5.39259 -0.0167021 0.00470826 -0.0072209
991000 5.36711 5.42535 5.41365 0.00765733 0.0131267 -0.0338793
992000 5.35976 5.47304 5.35616 -0.0722275 0.00907755 0.0685267
993000 5.33058 5.49034 5.34835 -0.0704984 0.00681334 -0.00794232
994000 5.37681 5.42092 5.39712 -0.0347507 0.0316934 -0.0134943
995000 5.4317 5.36748 5.38387 -0.0483116 -0.0451624 -0.0186195
996000 5.41199 5.44445 5.38508 -0.0633401 -0.0275834 -0.00394979
997000 5.37611 5.3983 5.35737 -0.0385916 -0.0193842 -0.0215773
998000 5.35651 5.39074 5.37521 -0.0154749 0.00646698 -0.0134663
999000 5.37027 5.41149 5.42919 -0.0275449 0.0110566 0.0629011
1000000 5.45225 5.37714 5.33242 -0.0834689 -0.035658 -0.0165753
