# Time-averaged data for fix ps1
# TimeStep c_thermo_press[1] c_thermo_press[2] c_thermo_press[3] c_thermo_press[4] c_thermo_press[5] c_thermo_press[6]
0 0.00545369 0.019063 -0.0778127 -0.0196669 0.0067889 0.00394488
1000 0.0397035 0.0470532 -0.00584647 -0.0267409 -0.016932 0.00822249
2000 0.0530399 0.0611809 -0.018949 -0.052121 0.0154193 -0.000326904
3000 0.0463789 0.0431991 -0.0199289 -0.0845189 0.00327949 -0.00780936
4000 0.0516713 0.0489085 0.0064139 -0.0974388 0.00325163 0.00920399
5000 0.0298308 0.0523702 -0.025021 -0.104037 -0.00136807 -0.0219832
6000 0.0498166 0.0406865 -0.00417545 -0.127705 -0.0146768 0.0276224
7000 0.00657157 0.0206378 -0.0208892 -0.147432 -0.00634056 0.00976189
8000 0.0492381 0.0268813 0.00233749 -0.162993 -0.0252856 -0.00434815
9000 0.0297567 0.0640771 -0.00820004 -0.156375 -0.0111607 0.000735645
10000 0.0307594 0.0395605 -0.0296635 -0.197469 0.00214259 -0.00119311
11000 0.0436576 0.0392449 -0.00762112 -0.204421 -0.00498116 0.00847999
12000 0.0229308 0.0394565 0.0129112 -0.213748 0.00083139 0.0105916
13000 0.0486507 0.0554359 -0.00835765 -0.218266 -0.0139337 -0.0204568
14000 0.0735537 0.0577517 0.0049932 -0.24473 -0.0122267 0.000692814
15000 0.0571481 0.0647363 -0.0422332 -0.272726 -0.00341761 -0.00182191
16000 0.0168199 0.0202351 -0.0121013 -0.253737 -0.0275803 0.004755
17000 0.0501065 0.0156774 0.00611358 -0.289704 -0.00117043 -0.0033779
18000 0.052129 0.0633304 0.00249048 -0.31068 -0.00283157 0.012636
19000 0.0394244 0.0451468 -0.0136766 -0.298499 0.00703047 0.0149367
20000 0.0547453 0.0573377 -0.0120496 -0.304471 -0.019055 0.0219155
21000 0.0538754 0.0284427 -0.0218031 -0.286115 -0.00562662 -0.000722809
22000 0.0256919 0.0563192 -0.00525076 -0.32366 -0.00221745 0.0197475
23000 0.0567938 0.0643971 -0.0147464 -0.302259 -0.00599469 0.0268735
24000 0.0557096 0.0559473 0.0106288 -0.291517 -0.0256611 0.0199596
25000 0.0367927 0.0298767 0.00693763 -0.305526 -0.0155273 0.000751191
26000 0.0815272 0.0771671 0.00190585 -0.306498 -0.00624133 -0.00371237
27000 0.0216827 0.0672026 -0.0165681 -0.290129 0.0092388 -0.00599725
28000 0.0514017 0.0792311 -0.0035437 -0.318336 -0.00439432 -0.000340233
29000 0.0408438 0.0547783 0.0107053 -0.311059 -0.0158739 0.00366275
30000 0.0373548 0.0540151 -0.0103146 -0.299387 0.0164184 -0.00681201
31000 0.0199681 0.0390525 -0.00187527 -0.298536 0.0169933 0.0271627
32000 0.0446019 0.0426373 0.00484392 -0.288348 -0.00121464 0.018712
33000 0.0270369 0.0587913 0.0156956 -0.28333 -0.0185005 0.000268962
34000 0.0328601 0.0482293 -0.00558695 -0.242408 -0.00324603 -0.0118587
35000 0.0490062 0.0451145 -0.00946681 -0.253544 0.00548897 -0.000904499
36000 0.0455838 0.0626577 -0.00967114 -0.22442 -0.00971231 0.0122927
37000 0.033429 0.0424082 -0.0291435 -0.232719 -0.0230198 -5.86485e-05
38000 0.0473021 0.0601115 -0.0127684 -0.215712 -0.00583003 -0.010675
39000 0.028393 0.0251143 -0.0188755 -0.208257 -0.00357776 0.0171588
40000 0.0534753 0.0464293 -0.0588804 -0.185936 -0.0103807 0.00170122
41000 0.0653617 0.0335943 -0.00125719 -0.182139 -0.0202039 0.0331646
42000 -0.012922 0.0532196 0.00404696 -0.157657 -0.0212526 0.00943625
43000 0.0216872 0.0713243 -0.0111275 -0.133489 -0.0161 0.00603071
44000 0.059951 0.0401721 0.00469413 -0.133867 -0.0178007 -0.0199414
45000 0.0243977 0.0205617 -0.00247505 -0.10093 -0.0161312 0.00970204
46000 0.0261091 0.0784573 -0.0382449 -0.0743107 0.00835688 0.0163663
47000 0.0358509 0.0140071 0.0144302 -0.0667072 -0.00291129 0.0168453
48000 0.0464581 0.0260852 0.00889014 -0.0501434 0.00832996 0.000558834
49000 0.0673687 0.0165364 -0.0312684 -0.0271654 -0.0193071 0.0106181
50000 0.0373746 0.0230455 -0.00503459 -0.016671 -0.019455 -0.00504698
51000 0.0386322 0.0220858 -0.0346243 0.0314235 -0.0308455 0.0007549
52000 0.0411221 0.00408306 0.0321816 0.0385847 -0.000366459 -0.00548678
53000 0.0401383 0.0688312 -0.0163475 0.0527954 0.0107838 0.00410041
54000 0.0462428 0.0261675 -0.0133339 0.0648605 -0.0293014 0.00701023
55000 0.0188321 0.0384468 -0.0103901 0.0845433 -0.0224825 0.0330632
56000 0.0271684 0.0237842 -0.0128207 0.107805 0.0142177 0.0190194
57000 0.0180961 0.0700292 -0.0289785 0.144214 -0.0119566 0.0222801
58000 0.0528052 0.0514713 -0.0142437 0.1406 0.00494172 0.0189993
59000 0.0395637 0.0370364 -0.0205347 0.159567 -0.00875594 -0.0195186
60000 0.078439 0.0326999 -0.00947336 0.178904 -0.0210631 -0.00271391
61000 0.065074 0.075345 -0.0138371 0.189054 -0.0144102 -0.000104162
62000 0.0246942 0.0665391 -0.0144275 0.196231 0.00812358 0.0272364
63000 0.0448861 0.0481143 -0.0367953 0.220754 -0.0122761 0.000879865
64000 0.0200982 0.0573454 0.0147939 0.227062 -0.0102277 -0.00642318
65000 0.0200591 0.0777208 -0.0131813 0.245316 -0.0142406 0.0137174
66000 0.0558953 0.0580424 0.0139343 0.243051 -0.00613803 0.00202962
67000 0.0344124 0.060108 -0.00788644 0.257093 -0.0142301 -0.0171908
68000 0.0576839 0.0610641 -0.010594 0.298308 -0.0313451 0.0120593
69000 0.0402334 0.0548289 -0.00701944 0.31161 -0.0180535 -0.00505765
70000 0.0546001 0.0657559 -0.00174503 0.27448 -0.0092537 -0.0123372
71000 0.0576838 0.0554427 -0.0288899 0.292232 -0.00765194 -0.00287486
72000 0.0536697 0.0425835 -0.0185752 0.293407 -0.000698039 0.0115293
73000 0.0456366 0.0616808 -0.00487973 0.309312 -0.0192073 0.00960655
74000 0.0571834 0.0379442 -0.0146758 0.292819 -0.0101879 -0.00111898
75000 0.0445032 0.0266915 -0.0200147 0.297404 0.00213142 0.00232665
76000 0.0811853 0.0617854 -0.0269543 0.312688 -0.00334256 0.0231329
77000 0.0418629 0.0365422 0.00181023 0.291668 -0.0124254 0.0105926
78000 0.0415555 0.0317324 0.00946457 0.308453 -0.00345746 0.010579
79000 0.0506922 0.0425067 -0.00117113 0.26936 -0.0126873 -0.0180753
80000 0.0441601 0.0320544 0.00571714 0.286466 -0.016066 -0.0159773
81000 0.0454855 0.0577107 0.0301102 0.283795 -0.0130219 0.0116962
82000 0.0345347 0.0328513 -0.0215274 0.266576 -0.0128437 -0.0114032
83000 0.0166481 0.0609405 -0.0282937 0.267184 -0.00492536 0.0177026
84000 0.0517728 0.0181861 -0.0191583 0.245824 -0.00717537 0.00322527
85000 0.0191692 0.0421666 0.0109152 0.25943 -0.0181796 0.0025093
86000 0.039082 0.0456641 0.00672115 0.214047 -0.0186331 0.00293985
87000 0.0176713 0.0495855 -0.00594763 0.212551 -0.00307987 0.00541093
88000 0.0250939 0.0357792 -0.00318401 0.193142 -0.00759253 -0.0214025
89000 0.0307573 0.0333384 -0.00843342 0.186784 -0.00986198 0.0108392
90000 0.0537996 0.0414451 -0.0362156 0.182897 -0.00307209 0.0101432
91000 0.0578289 0.0574914 -0.0181325 0.155521 -0.00281862 -0.00136693
92000 0.0220683 0.0263067 0.000430897 0.134665 -0.0339031 0.00288934
93000 0.0383928 0.0517412 -0.00758863 0.141618 -0.00643444 0.0130886
94000 0.0517652 -0.0127169 -0.0158568 0.11034 -0.0110501 0.0344855
95000 0.0276431 0.0208683 -0.044325 0.0702609 -0.0135445 -0.012435
96000 0.0589793 0.0510072 -0.0239069 0.0844332 -0.0143637 -0.00291165
97000 0.0423637 0.0337546 -0.0122453 0.0348542 -0.00724517 0.00271808
98000 0.0202732 0.0490121 -0.0348323 0.0280582 -0.0344156 0.00536029
99000 0.0406776 0.0415617 0.0138899 0.0207024 -0.00421356 -0.0136667
100000 0.0573308 0.0481843 -0.0442418 -0.0060252 -0.02102 0.0018609
101000 0.0204863 0.0290734 -0.00518616 -0.0322808 -0.0107915 -0.00787597
102000 0.00713698 0.0331384 -0.000442092 -0.0504446 -0.0275747 0.00302584
103000 0.0448506 0.0441715 -0.0111643 -0.0530754 -0.0262567 -0.0111621
104000 0.0428209 0.0438649 0.00540787 -0.0822377 -0.0113282 -0.0034855
105000 0.0682068 0.0219646 -0.0184645 -0.117633 -0.00951891 0.00566223
106000 0.0496559 0.050922 -0.0244031 -0.134781 -0.00575646 0.00747753
107000 0.0233622 0.0417816 -0.00754644 -0.124437 0.0291269 -0.00654028
108000 0.00849985 0.0412241 0.00561132 -0.151304 -0.0117461 0.022814
109000 0.00814792 0.0464327 -0.0133646 -0.178502 -0.00362144 0.0171364
110000 0.031157 0.0267737 0.000468296 -0.196223 0.00737387 0.0280512
111000 0.0531811 0.028567 -0.000190465 -0.21565 -0.000896283 -0.00592044
112000 0.0226489 0.0359559 -0.0354721 -0.211193 -0.0390002 0.00255019
113000 0.0589218 0.0399319 -0.0203597 -0.237254 -0.0205918 0.0274144
114000 0.0509367 0.0495547 0.020761 -0.257059 -0.0103756 0.00259782
115000 0.0381613 0.0338079 -0.0200454 -0.259071 -0.0123003 0.00911331
116000 0.0500457 0.103484 -0.0185795 -0.260959 -0.0197291 -0.0157331
117000 0.064048 0.0304581 -0.0211541 -0.285445 -0.00242077 -0.00625224
118000 0.0290135 0.0512542 -0.0197875 -0.281633 -0.000324558 -0.00237518
119000 -0.0116747 0.0389792 0.00786129 -0.296438 -0.00629658 0.0241546
120000 0.0358746 0.0485636 -0.0351522 -0.29165 -0.0163789 -0.0300556
121000 0.0126759 0.0575581 -0.0355289 -0.309036 -0.00122073 -0.0118199
122000 0.0825966 0.0125683 0.0151698 -0.31209 0.00746456 -0.00549286
123000 0.0610589 0.0771131 -0.000257989 -0.332576 -0.00907781 -4.40848e-05
124000 0.0312022 0.0665968 -0.0307298 -0.314132 -0.0106722 0.00519163
125000 0.0687019 0.0406713 0.0153818 -0.321971 0.00274765 -0.0145483
126000 0.00640707 0.0626431 0.0277146 -0.315939 0.000479214 -0.000692773
127000 0.0770619 0.044346 -0.0297368 -0.303773 -0.0258892 -0.00855932
128000 0.0267624 0.0395969 0.0022812 -0.286496 -0.0184311 0.00248048
129000 0.0502766 0.0357061 -0.00112614 -0.326331 -0.0210259 0.0101974
130000 0.0524454 0.00740213 -0.00507901 -0.296922 -0.0235596 0.0127302
131000 0.0528177 0.0375868 -0.0173937 -0.293942 -0.0205873 0.00637152
132000 0.0546182 0.0711026 -0.0122887 -0.275368 -0.0200805 0.00472075
133000 0.0335485 0.0191085 0.023262 -0.294149 -0.0243377 0.000519758
134000 0.0265586 0.0371749 0.00209741 -0.270318 -0.0120357 -0.0113056
135000 0.0371125 0.0462967 -0.0117235 -0.263684 0.00175883 0.025952
136000 0.0366706 0.0454697 -0.00148286 -0.245421 0.00581122 0.00641917
137000 0.0623605 0.00847743 -0.00488466 -0.225607 -0.0382438 -0.0219546
138000 0.0266753 0.0729068 -0.0264922 -0.215043 -0.0299255 0.00816009
139000 0.0463344 0.00377307 0.0017992 -0.17907 -0.034929 0.00426156
140000 0.0651301 0.028869 0.00440763 -0.161043 -0.0186144 0.0253191
141000 0.0171863 0.039554 -0.0294231 -0.161411 -0.012573 0.00875797
142000 0.0448197 0.0486583 -0.0116714 -0.154142 -0.000628698 0.0236358
143000 0.0319181 0.0554474 -0.00402563 -0.128341 -0.0238371 0.018767
144000 0.0674636 0.0375361 -0.0119324 -0.128353 -0.00503207 0.000166906
145000 0.0305354 0.0224959 -0.0385804 -0.111532 -0.0132008 -0.00122121
146000 0.0535096 0.0191193 0.00815446 -0.118977 0.00573392 -0.0112794
147000 0.0521139 0.0279549 -0.0103562 -0.0609516 -0.0054229 0.00197172
148000 0.0486803 0.0636714 -0.0161983 -0.0516431 -0.00438779 0.00267787
149000 0.0367401 0.0313041 0.010068 -0.027426 -0.0267215 -0.00555643
150000 0.0358575 0.0232433 -0.0143889 0.00163692 -0.0153247 -9.40897e-05
151000 0.0191072 0.0491713 -0.0389138 0.00292764 -0.011453 0.0319284
152000 0.0518445 0.0289925 -0.0177495 0.0319575 -0.0064297 0.00555709
153000 0.045487 0.0789382 -0.0407346 0.0640996 -0.0376158 -0.0214217
154000 -6.75212e-06 0.0497967 -0.00327226 0.0698346 -0.0184437 -0.00873203
155000 0.0461325 0.0574508 -0.00428231 0.0887882 -0.0113937 0.00692942
156000 0.0258778 0.0398994 -0.0175812 0.110356 -0.0146266 0.0191903
157000 0.0247271 0.0366105 -0.0116946 0.11609 -0.00284252 -0.013034
158000 0.0589885 0.0366821 -0.0145888 0.130542 -0.0175447 0.0140236
159000 0.0641758 0.022286 -0.0054042 0.165335 -0.0263797 0.00724037
160000 0.0190586 0.0374852 -0.00657728 0.166598 -0.0263755 0.00895975
161000 0.0650986 0.0401494 -0.0241103 0.209608 -0.00109831 0.0130586
162000 0.0640846 0.00759234 -0.00319186 0.22507 -0.013814 -0.00428848
163000 0.0462994 0.0494465 -0.0110633 0.235188 -0.0183823 0.0249037
164000 0.0316684 0.0206727 0.00310905 0.24474 -0.00217161 0.00491666
165000 0.0486748 0.0556142 -0.0344658 0.241765 -0.0114949 -0.014668
166000 0.0320447 0.0711747 -0.0171088 0.255585 -0.0063282 0.0208753
167000 0.051372 0.0534941 -0.013397 0.25832 -0.00496758 0.00635747
168000 0.0328373 0.0360072 0.0202591 0.281393 -0.00894856 0.0127235
169000 0.0409171 0.0379208 -0.0112338 0.270518 -0.0283918 0.0121352
170000 0.0557231 0.0539399 0.00458758 0.272493 -0.0442172 0.00975215
171000 0.025161 0.0584918 0.00110276 0.305379 -0.0108361 0.0273363
172000 0.0329934 0.0437246 0.008985 0.308623 -0.000571062 0.0189102
173000 0.0360971 0.0536749 -0.00490742 0.294034 -0.0183411 -0.000584782
174000 0.0352404 0.0470952 0.000410029 0.307703 -0.00932385 0.00210595
175000 0.0477351 0.0661699 0.00631455 0.308587 -0.0278531 0.0135314
176000 0.0666972 0.012866 0.0103744 0.310231 -0.000625109 0.00813593
177000 0.0394604 0.0407156 -0.00861221 0.309304 -0.0242299 -0.0130533
178000 0.0318667 0.0458494 -0.030217 0.279539 -0.00448773 0.00550023
179000 0.0398195 0.0498699 -0.00977852 0.291064 -0.0116653 0.00900797
180000 0.0228869 0.0319419 -0.00627545 0.314916 -0.0119687 0.0117542
181000 0.0333123 0.0365262 -0.00222216 0.304846 -0.0173749 0.0236309
182000 0.0715328 0.0576251 -0.032028 0.259492 -0.00773783 0.0244003
183000 0.0654129 0.0186161 0.0022978 0.290687 -0.00849158 0.0088571
184000 0.0309615 0.0305771 0.0195978 0.25886 -0.0177211 0.00562279
185000 0.0410968 0.0127107 -0.0124197 0.2479 0.00628515 0.00780556
186000 0.0324269 0.0731903 -0.001559 0.244332 -0.0160213 0.0119389
187000 0.0369727 0.0547351 0.000944162 0.226507 -0.00641355 0.00732856
188000 0.04645 0.0267779 -0.00910194 0.216123 -0.016365 -0.0217039
189000 0.0405104 0.0292136 -0.0121053 0.160666 0.000317008 -8.9209e-05
190000 0.0396726 0.0622139 -0.0267643 0.183109 0.015686 0.00399846
191000 0.0395107 0.0392598 0.0037413 0.152589 -0.00567405 0.0116935
192000 0.0228719 0.0237374 -0.000420422 0.159304 -0.0195304 -0.00129274
193000 0.0403857 0.0181908 -0.0110198 0.120934 -0.029433 -0.00271945
194000 0.035925 0.0102474 -0.0305957 0.112098 -0.0218947 0.0110511
195000 0.0206224 0.0473352 -0.014618 0.113269 -0.00211543 0.00681033
196000 0.00956155 0.0579097 -0.0123983 0.0944593 -0.0245517 -0.00119781
197000 0.066944 0.0219915 -0.0197617 0.0569964 0.0066557 -0.0118462
198000 0.0274659 0.0366267 -0.0277133 0.0389607 -0.00486796 0.0036809
199000 0.0524563 0.0243415 -0.012729 0.00703536 -0.0316171 -0.00986582
200000 0.0298101 0.0217277 -0.0120429 -0.0174274 -0.0171305 -0.0160738
201000 0.0387882 0.0353023 -0.020388 -0.0168235 -0.0103493 -0.00750922
202000 0.0245962 0.0378086 -0.0236437 -0.0607756 -0.00492338 0.00202578
203000 0.0373528 0.0106359 0.00178849 -0.0688495 0.00241366 -0.00991089
204000 0.053097 0.026386 -0.0464151 -0.0813667 -0.023452 0.0219115
205000 0.0540807 0.0374719 -5.94218e-05 -0.0949567 -0.0221466 -0.000611976
206000 0.0280921 0.0267911 -0.0308692 -0.121817 0.000161162 0.00311669
207000 0.0344184 0.0411431 -0.0048179 -0.121962 -0.00106307 -0.000930868
208000 0.0308624 0.0266629 -0.0606011 -0.14329 -0.0244845 -0.0195494
209000 0.0657045 0.0204108 -0.0142555 -0.182808 -0.0220724 0.00608345
210000 0.0407614 0.018706 0.0232271 -0.166432 -0.00687609 0.00336769
211000 0.0645113 0.032952 -0.0251211 -0.200831 0.0140431 -0.00324415
212000 0.0229856 0.0619692 -0.0215338 -0.242497 -0.0130957 0.0131929
213000 0.0422286 0.0493724 -0.0193432 -0.227337 0.0113631 0.00486966
214000 0.0393933 0.061038 -0.0192305 -0.256558 -0.00897538 0.0269433
215000 0.0488165 0.038858 0.0262424 -0.270754 -0.0200149 -0.0148804
216000 0.0361166 0.046601 -0.0260177 -0.270962 -0.00719805 0.00348154
217000 0.0280772 0.0355194 -0.0235747 -0.273189 -0.0145844 0.00125705
218000 0.0433755 0.0368229 0.00290387 -0.29492 0.0047746 0.00516656
219000 0.0371861 0.0561511 0.0111057 -0.289434 -0.00371583 0.00737007
220000 0.0580281 0.0342708 0.00564151 -0.275872 0.0047597 0.0212786
221000 0.0619907 0.0346031 -0.0094201 -0.295575 -0.020413 -0.00898004
222000 0.0640953 0.0201301 0.000537638 -0.297276 -0.0190163 -0.00773227
223000 0.0135607 0.0420441 -0.0131705 -0.319139 -0.00703311 -0.0339068
224000 0.024792 0.0468539 -0.00974661 -0.311828 -0.0397119 0.00873348
225000 0.043932 0.0646285 0.0310405 -0.333443 0.0163562 0.013268
226000 0.068732 0.0426878 -0.0187615 -0.292302 0.00584722 0.0225561
227000 0.0437264 0.0463391 0.00242514 -0.308703 -0.0124757 -0.00955562
228000 0.0627158 0.0746671 0.00142862 -0.304667 -0.0128436 -0.0154291
229000 0.0529193 0.0662149 -0.00265082 -0.285752 -0.018179 0.00784736
230000 0.0244652 0.0572044 -0.0198109 -0.290042 0.0160314 0.00573368
231000 0.0431642 0.0159892 -0.0115952 -0.306715 -0.0164775 0.0047769
232000 0.071601 0.0365435 0.0162263 -0.283439 -0.00721759 0.0082511
233000 0.0348286 0.0320491 0.0177171 -0.278136 0.00114093 0.00306032
234000 0.0274703 0.0594705 -0.0117233 -0.276617 -0.0132664 -0.0173174
235000 0.0356697 0.0484118 -0.0068838 -0.251504 -0.0185943 0.00951697
236000 0.0217092 0.0304527 -0.00906486 -0.24898 -0.00930826 -0.00241877
237000 0.0288011 0.0146485 -0.00825741 -0.238419 -0.0111112 0.00745438
238000 0.0515249 0.0211995 -0.0305232 -0.221248 -0.00327638 0.00845032
239000 0.041003 0.050195 -0.0158281 -0.182826 -0.00483068 0.000165211
240000 0.0416417 0.0412583 -0.0188779 -0.198754 0.0292277 -0.0214775
241000 0.0126709 0.0847079 0.0153624 -0.169911 -0.00292889 -0.0133794
242000 0.0298458 0.0598858 -0.0157962 -0.180196 -0.0330506 -0.024102
243000 0.043647 0.0348119 -0.0192456 -0.134529 -0.02153 0.000495893
244000 0.0714843 0.0515707 0.0188727 -0.108329 -0.0275429 0.0103445
245000 0.0505733 0.0472249 0.00443102 -0.0864981 -0.0128155 0.0146427
246000 0.019568 0.016995 -0.00162667 -0.0875799 -0.0394869 0.0056999
247000 0.0336452 0.0144161 -0.011097 -0.0799466 -0.0198604 -0.00992773
248000 0.052549 0.0351094 -0.0166957 -0.0515432 -0.0187933 0.0162457
249000 0.0322219 0.0381345 0.00530773 -0.0224283 -0.00905009 0.00407829
250000 0.0442863 0.00444927 -0.0188239 0.00138427 -0.0109379 -0.004042
251000 0.0211238 0.011572 -0.0395561 0.0281099 -0.0122378 0.00690052
252000 0.0489188 0.0275496 0.00724292 0.0462849 -0.00654966 0.0032812
253000 0.00735715 0.0489432 -0.0059747 0.0341348 -0.007789 0.00500235
254000 0.0439645 0.0290213 -0.0250424 0.0624787 -0.0109992 -0.0141586
255000 0.0507987 0.0313418 -0.0178545 0.105736 -0.0091715 -0.01197
256000 0.0239175 0.0737403 0.00571311 0.12146 -0.03185 -0.00423428
257000 0.0308749 0.0196208 -0.0162703 0.127682 -0.00874532 0.00938838
258000 0.0672237 0.02984 -0.0250164 0.152132 0.00791544 0.00658823
259000 0.0345517 0.0530194 0.000722082 0.16038 -0.0049368 0.00447204
260000 0.00247777 0.0483543 -0.0313794 0.170753 -0.0192515 -0.0019
261000 0.0627817 0.0354582 -0.0317346 0.178371 -0.042848 0.018137
262000 0.0520472 0.0182658 0.031528 0.207038 -0.0214559 0.00345805
263000 0.0656184 0.0325902 -0.00441872 0.231599 -0.0129559 -0.00895188
264000 0.0243146 0.0443539 -0.0229708 0.228979 -0.0150361 0.000307702
265000 0.0627267 0.0602489 -0.0366187 0.252725 0.00275292 0.027496
266000 0.00484601 0.0477124 -0.015422 0.237394 -0.0202869 -0.00323922
267000 0.0283662 0.0373276 -0.0348642 0.275348 -0.0287453 0.0143585
268000 0.0272264 0.0384618 -0.0244096 0.299986 -0.0188234 0.0217255
269000 0.0259024 0.0803503 -0.017236 0.282824 0.0184357 -0.0038585
270000 0.048373 0.0480033 -0.0197887 0.302022 0.0133879 0.00795334
271000 0.0534433 0.059171 -0.00464211 0.303097 0.0184586 -0.0130789
272000 0.0375156 0.0517761 -0.00839056 0.299213 -0.00199018 0.00344055
273000 0.0663676 0.071365 -0.020589 0.283421 0.00220762 0.00365933
274000 0.0587145 0.0764497 -0.0295476 0.317471 0.00835574 -0.00340141
275000 0.0488656 0.0669582 -0.0202624 0.292789 -0.0184882 0.0183392
276000 0.0478825 0.0489322 0.00805325 0.315071 -0.00107554 -0.00616882
277000 0.0471311 0.0540963 0.00776218 0.288841 -0.0258344 0.00211122
278000 0.0671053 0.0416239 -0.017041 0.285206 -0.00955914 0.0316356
279000 0.0510137 0.053849 -0.044491 0.30904 -0.00243605 0.00228925
280000 0.0433829 0.0532424 -0.0313921 0.273531 -0.0358395 -0.0167381
281000 0.0428972 0.0487455 0.0194925 0.286064 -0.000337145 0.0235487
282000 0.0117523 0.0503781 -0.0250992 0.282347 6.76941e-05 -0.0255707
283000 0.0448875 0.0327229 -0.0181356 0.262462 -0.00778163 -0.0065962
284000 0.0226703 0.0454613 0.00378813 0.271213 -0.0294945 -2.79558e-05
285000 0.0410429 0.0491876 -0.0105858 0.233894 -0.0110288 0.00297763
286000 0.0583635 0.0279178 0.0147819 0.217515 -0.0119205 0.0098948
287000 0.0395473 0.0478288 -0.00514402 0.215768 -0.0236236 0.00266573
288000 0.0264959 0.0541039 -0.0287993 0.196277 -0.0194183 0.0186168
289000 0.0251906 0.0420987 -0.0188724 0.195333 -0.0138414 0.0118309
290000 0.0409035 0.0212107 -0.0189083 0.171559 0.00741899 -0.00658499
291000 0.0561022 0.00631542 -0.0317035 0.129458 -0.00443903 -0.00499432
292000 0.0742286 0.0263111 -0.0296193 0.142367 -0.0108444 0.00992562
293000 0.0124716 0.0179591 0.00294103 0.115169 -0.0150244 -0.00346312
294000 0.00145454 0.0309723 -0.0236493 0.123868 -0.0175913 0.0185658
295000 0.0440758 0.022656 -0.0359173 0.092284 -0.00453772 0.00539209
296000 0.0496193 0.0316539 0.000554165 0.072713 -0.00666614 -0.0196128
297000 0.0408615 0.0176046 -0.0200303 0.0381106 -0.025816 -0.012986
298000 0.0455994 0.0332607 -0.0267688 0.0158317 0.00740162 0.0125261
299000 0.0347589 0.0340782 -0.0185755 0.00200699 -0.0077313 0.00793854
300000 0.0353608 0.0300622 -0.0252572 -0.0286878 -0.00498323 0.00504677
301000 0.0494356 0.0662452 -0.0251856 -0.0380891 -0.00102137 0.0130024
302000 0.0494453 0.0460673 -0.0116114 -0.0594291 0.000142163 0.0121941
303000 0.0340993 0.0265367 0.00539397 -0.103184 0.000504888 -0.00520823
304000 0.0479368 0.0399019 -0.0260792 -0.0827299 -0.0201333 0.0330027
305000 0.0549891 0.0727286 -0.00759119 -0.0979267 0.00337393 0.00385111
306000 0.0462503 0.0306001 -0.000268433 -0.136253 -0.00044694 -0.00404114
307000 0.0334843 0.0316198 0.0348806 -0.128076 -0.00567149 0.000644362
308000 0.0540127 0.0651061 -0.000748781 -0.157279 0.00520067 0.00249152
309000 0.0606722 0.00745993 0.0194476 -0.176095 -0.0335137 0.0125606
310000 0.0420894 0.0596238 -0.0408446 -0.179705 -0.0194119 0.000247355
311000 0.00977767 0.054879 0.0101021 -0.196262 -0.0213676 0.00475008
312000 0.0542835 0.0592352 -0.00944143 -0.220901 0.00441698 0.0225674
313000 0.0521477 0.0424732 0.00335463 -0.219875 0.00699807 0.0138433
314000 0.030255 0.0591213 -0.0284443 -0.224148 -0.0111589 0.00926891
315000 0.0576178 0.0296474 0.0159446 -0.264923 0.0127854 -0.000914307
316000 0.0297497 0.0637698 0.021847 -0.248221 -0.0157561 0.00516173
317000 0.0607608 0.0359218 -0.0112788 -0.279983 -0.0418429 0.00484108
318000 0.0394948 0.0443387 -0.0218159 -0.242369 0.000236638 0.0086457
319000 0.0494807 0.0675102 0.000710858 -0.294618 -0.00830789 -0.00508686
320000 0.061062 0.0621758 -0.0448074 -0.281439 -0.0176596 -0.0100444
321000 0.04903 0.0806822 0.00985658 -0.316935 -0.014294 0.00721122
322000 0.0660975 0.0266152 -0.0140154 -0.308741 -0.00115736 0.00939781
323000 0.0195382 0.060605 -0.01352 -0.324307 -0.0166235 0.0187609
324000 0.0668968 0.0107071 0.0189018 -0.304688 0.00167031 0.0126075
325000 0.0583366 0.0503148 0.0128726 -0.287946 -0.00837335 0.005872
326000 0.0355384 0.01796 0.0236063 -0.32177 0.0112779 0.00913293
327000 0.036271 0.0263336 0.00530372 -0.3176 0.00574075 0.0246151
328000 0.0595186 0.0380162 -0.00457432 -0.301855 0.00182127 0.0218694
329000 0.0585522 0.0144875 0.00573522 -0.303009 0.00269849 0.00456304
330000 0.0461019 0.0417134 -0.0206866 -0.310416 -0.029905 -0.00448128
331000 0.0314693 0.0808209 -0.0232555 -0.276133 0.0224837 -0.00292027
332000 0.0323363 0.0678527 0.00355451 -0.276371 -0.0100356 0.0141172
333000 0.0258993 0.0787446 -0.00566207 -0.272525 -0.0200263 0.00529127
334000 0.0412539 0.00556248 -0.00961325 -0.266816 0.00467706 0.0169947
335000 0.0484249 0.0365996 -0.0202345 -0.258979 -0.0106245 0.030575
336000 0.0285863 0.069794 -0.00217707 -0.266298 0.000428961 -0.00353594
337000 0.0415876 0.0308114 -0.0353891 -0.22891 0.00576154 0.0177587
338000 0.0475326 0.00281312 0.00711505 -0.221408 -0.0112662 0.0106239
339000 0.016997 0.0431066 -0.00236334 -0.187738 -0.0289157 0.0264324
340000 0.0653334 0.0102112 -0.0188009 -0.189035 -0.00797078 0.0259415
341000 0.0350636 0.0481956 -0.00321952 -0.145655 0.00420421 0.0058825
342000 0.0661241 0.0194665 -0.0390248 -0.160807 -0.00117514 0.0130511
343000 0.0473293 0.0538845 -0.0034694 -0.16497 -0.00290599 0.00339556
344000 0.0207942 0.0128339 -0.00341829 -0.10792 -0.00081031 -0.000176041
345000 0.047619 0.0153712 -0.0199714 -0.104391 -0.00395555 0.00242074
346000 0.0244394 0.0246554 0.00288229 -0.0665487 0.00684116 -0.0134626
347000 0.0234459 0.0338925 -0.0103515 -0.0654286 -0.0211373 0.00823591
348000 0.0235825 0.0265241 -0.0354432 -0.048664 -0.0094035 -0.0132801
349000 0.0263449 0.0542359 -0.0270906 -0.0142782 0.00970071 0.0114971
350000 0.00901492 0.0246023 -0.00811994 -0.0161351 0.00615212 0.022807
351000 0.0421585 0.00587734 0.000142426 0.0121599 -0.00344647 0.0194437
352000 0.0427489 0.0422991 -0.0342166 0.0470334 -0.00490424 -0.0129227
353000 0.0272216 0.0429991 -5.77947e-05 0.038544 -0.00655668 0.0203222
354000 0.031701 0.0527613 -0.00623328 0.076479 -0.0147578 -0.00738387
355000 0.0167704 0.0292958 -0.00425674 0.0770696 -0.0167626 0.0189343
356000 0.0694113 0.0339013 -0.0345608 0.125466 0.0234403 -0.000987295
357000 0.0178318 0.0451093 -0.000877876 0.115152 -0.0121252 0.00393631
358000 0.0208769 0.0367258 -0.0335261 0.141545 0.00319384 0.00748343
359000 0.033365 0.0233912 -0.00914159 0.145812 0.0217622 0.00880587
360000 0.021729 0.0085334 0.000229654 0.155355 -0.0324631 0.00752099
361000 0.025433 0.0265902 -0.0129933 0.1834 -0.0111711 0.000830201
362000 0.0465963 0.0206108 -0.0251153 0.216111 -0.0343344 -0.00588826
363000 0.044526 0.0259583 -0.0136396 0.220765 -0.0288664 0.035036
364000 0.0540326 0.0402846 -0.0155553 0.249259 -0.0167409 -0.00726784
365000 0.0391787 0.0358929 -0.040344 0.248756 -0.0292602 0.0226211
366000 0.0251502 0.0411567 -0.00256278 0.247764 0.0100442 0.0058532
367000 0.0353538 0.0818221 -0.025679 0.244035 -0.0146598 -0.0110668
368000 0.0210612 0.0556656 -0.0364792 0.270269 -0.0267984 -0.00889307
369000 0.0542832 0.048914 -0.0095822 0.288133 -0.0229204 -0.0072011
370000 0.0331245 0.0420582 -0.0293521 0.280318 -0.000328772 0.00276345
371000 0.0595016 -0.00202486 -0.0124428 0.272712 -0.023515 0.00394434
372000 0.0280826 0.0770915 0.00504909 0.278995 -0.0360777 0.00400657
373000 0.0952008 0.0244062 0.0133125 0.30517 -0.00512813 0.0176593
374000 0.0372119 0.0751162 -0.0253624 0.316677 -0.00786431 0.0041401
375000 0.0508462 0.0295678 -0.0255393 0.295075 -0.00790455 0.00315696
376000 0.0540352 0.0528073 -0.022669 0.286858 -0.0209015 0.00576454
377000 0.0440487 0.0393546 -0.0335323 0.308503 -0.0211148 0.00934358
378000 0.0531488 0.0270492 0.0196183 0.281355 -0.0157548 0.00277243
379000 0.0550483 0.0326679 0.000395842 0.273713 -0.0167231 0.0267839
380000 0.0584441 0.0491945 0.00170174 0.304727 -0.0184343 -0.00959361
381000 0.0504913 0.0666014 -0.000910173 0.284014 -0.000767342 0.00582449
382000 0.0493224 0.0788464 0.0081888 0.27908 -0.0252867 0.0080622
383000 0.0488814 0.0461617 -0.0126495 0.264216 -0.022611 -0.0107504
384000 0.0712673 0.0481308 0.0163998 0.236182 -0.00730242 0.0262351
385000 0.0324111 0.0377761 -0.0373749 0.259802 -0.00475362 0.00572488
386000 0.045032 0.0297609 -0.0396291 0.251724 -0.0166903 0.000290158
387000 0.0602984 0.0386032 -0.0322595 0.205163 0.0058017 -0.013573
388000 0.0286488 0.0545019 -0.0268447 0.22286 -0.000318556 0.00618706
389000 0.0269653 0.0601232 -0.0104533 0.162803 -0.0328963 0.0206098
390000 0.0449217 0.0376534 -0.0209552 0.166755 -0.00939054 0.0123507
391000 0.0420271 0.0283387 -0.00335556 0.161645 -0.000249061 0.0107591
392000 0.0508432 0.045317 0.0102704 0.143629 -0.0147407 0.0132532
393000 0.0360079 0.0425558 0.0206509 0.135436 -0.00863997 -0.0165342
394000 0.0561338 0.0257071 -0.0269228 0.127115 -0.0202015 0.0294059
395000 0.035277 0.0406836 -0.0404689 0.0834411 0.00743775 -0.0172893
396000 0.0446581 0.0548497 -0.0169846 0.0719565 -0.0202783 0.00793254
397000 0.0387382 0.0469993 -0.00303767 0.0644316 -0.00867402 0.000367041
398000 0.0413934 0.0493436 -0.0192611 0.0683875 0.0146779 0.0206157
399000 0.0259859 0.0385131 -0.0242955 0.004591 -0.00115801 0.00183499
400000 0.0419412 0.0302655 -0.0294311 -0.016988 -0.00425448 -0.00534134
401000 0.0256283 0.00776394 -0.00545077 -0.0257096 0.00983506 -0.0104131
402000 0.0157358 -0.00658992 -0.0084439 -0.0329327 -0.00203846 0.0196405
403000 0.0229296 0.0595052 0.0119063 -0.0679478 -0.0127914 0.027124
404000 0.0680417 0.0170559 -0.0223845 -0.0777481 -0.026966 0.0211589
405000 0.0164296 0.029797 -0.0174247 -0.107295 -0.0150281 -0.00662009
406000 0.0442188 0.0337485 -0.0268863 -0.126511 0.00360123 0.0312963
407000 0.026029 -0.00125124 -0.00193485 -0.139418 -0.00184325 0.00529592
408000 0.0202642 0.041019 0.00391956 -0.159651 -0.0135774 -0.0228942
409000 0.0429354 0.0226608 -0.00827562 -0.17281 -0.0113452 0.0221331
410000 0.0377193 0.0268596 -0.0197043 -0.180258 -0.0174366 0.0123865
411000 0.0242679 0.0487454 0.0180688 -0.191459 -0.0154063 0.0134019
412000 0.0395412 -0.000296465 0.0108655 -0.235367 -0.00764779 0.0217413
413000 0.0464541 0.0467252 0.00617088 -0.228657 -0.0101959 0.0210865
414000 0.0512626 0.041297 0.0138028 -0.253292 -0.0231876 0.0140679
415000 0.0276592 0.0245277 -0.0164657 -0.257034 -0.0202648 0.0274393
416000 0.0289067 0.037532 -0.0189043 -0.257774 0.0116126 0.00983035
417000 0.0243453 0.0370182 -0.0334605 -0.273469 -0.017172 0.0122393
418000 0.0214874 0.0774978 0.0176032 -0.297104 0.00858781 -0.00434645
419000 0.0517196 0.0355665 -0.0345863 -0.289453 0.00461924 0.0108011
420000 0.0345415 0.0545389 -0.00862512 -0.269166 -0.0339849 0.00998716
421000 0.0183611 0.0754187 -0.00432182 -0.281688 0.00925161 0.000244635
422000 0.0310081 0.0448181 -0.0250145 -0.297501 -0.0133543 0.013208
423000 0.0368159 0.0313227 -0.0100311 -0.324776 0.0161953 0.0145317
424000 0.0604864 0.0426746 -0.00902109 -0.289958 -0.00165887 0.00312149
425000 0.0291035 0.0453673 0.00749628 -0.312573 0.022909 0.00621056
426000 0.0368201 0.0437123 -0.00935829 -0.322941 -0.000606835 0.0153303
427000 0.0534512 0.0426622 -0.00886485 -0.320504 -0.00159748 -0.0150965
428000 0.0319335 0.0522379 -0.0290806 -0.308158 -0.0181574 -0.00502186
429000 0.0378017 0.0844872 -0.0369573 -0.311406 -0.00608308 -0.00226872
430000 0.0452932 0.0580878 -0.00857268 -0.306988 -0.00770225 0.0356399
431000 0.0526326 0.0412779 -0.0137048 -0.300661 -0.0191332 0.00846699
432000 0.0556823 0.0818784 -0.0277774 -0.273537 -0.0105902 0.00996525
433000 0.0545158 0.034452 -0.0160433 -0.259742 0.0087795 0.0116138
434000 0.0355577 0.037307 -0.00470141 -0.251194 0.0124528 0.0131032
435000 0.0367454 0.0761776 -0.0394774 -0.265842 -0.00040548 0.00750087
436000 0.0355237 0.0719782 -0.0272477 -0.240819 0.000131537 0.00176183
437000 0.0337387 0.0483849 -0.0428609 -0.239376 -0.0207871 0.0018045
438000 0.0194575 0.0419297 -0.00055388 -0.224999 -0.0314667 0.0250774
439000 0.0453147 0.0249508 0.0117583 -0.223857 -0.00952262 0.0282257
440000 0.0555753 0.0155118 0.0347941 -0.203145 0.00242378 0.010644
441000 0.0259201 0.0249472 0.0108363 -0.151925 -0.00317181 0.0162975
442000 0.021852 0.0496961 0.00932011 -0.15251 -0.01622 -0.00238925
443000 0.0451143 0.0536061 -0.00983153 -0.152442 -0.00532501 0.0132966
444000 0.0218054 0.0353982 -0.0130863 -0.109186 0.010772 0.0128296
445000 0.0193469 0.0377407 -0.000744869 -0.121801 -0.0137514 0.0135952
446000 0.0134709 0.0257784 -0.000146709 -0.0917325 0.00149481 0.00494352
447000 0.0172344 0.0212019 -0.0174825 -0.0699079 0.0176585 -0.00668007
448000 0.038089 0.03715 -0.0385983 -0.0607144 0.000331291 -0.0121186
449000 0.0110007 0.0177649 0.000696525 -0.0330391 -0.00192812 0.00686112
450000 0.0519742 0.0283927 -0.0331117 -0.00814135 -0.0073801 -0.0045343
451000 0.0318152 0.00963526 -0.00722003 0.0218938 -0.0152791 -0.00408333
452000 0.00536911 0.0244262 0.0090718 -0.00255605 -0.018091 -0.0144838
453000 0.0358466 0.030016 0.0236734 0.0372423 -0.00529427 0.00743236
454000 0.0393988 0.0170018 0.0370778 0.0814653 -0.0171132 0.004601
455000 0.0478242 0.0513204 -0.024861 0.110906 -0.0265978 0.0257466
456000 0.0384387 0.0474333 -0.0203605 0.0894966 0.00247163 0.00468392
457000 0.0360686 0.0419998 -0.0141505 0.113984 -0.00333057 -0.0108273
458000 0.0600449 0.0391279 0.0133387 0.169057 -0.0036288 -0.0206431
459000 0.0523571 0.0709057 -0.0220066 0.149219 0.016252 0.00640053
460000 0.0610139 0.049228 -0.0281427 0.156844 -0.018509 -0.00214259
461000 0.0405805 0.027284 -0.0168778 0.190578 -0.0157324 0.0224739
462000 0.0371838 0.0382845 -0.0142778 0.210381 -0.0146638 0.00866692
463000 0.0661857 0.0401161 -0.00550984 0.222479 -0.00468988 0.00623874
464000 0.0585699 0.0185335 0.00101485 0.231371 -0.00534953 -0.00466556
465000 0.0762624 0.0441755 -0.00342003 0.253921 -0.0181706 0.028352
466000 0.055491 0.0603848 -0.0359874 0.246543 -0.0052727 0.0238988
467000 0.0531643 0.0443783 0.0106033 0.273705 -0.0234208 -0.00413528
468000 0.0786948 0.0279989 -0.00379451 0.267606 0.0242038 0.00546511
469000 0.0120271 0.0317057 0.00551946 0.27388 -0.0309103 0.000649402
470000 0.0138351 0.0583377 0.00459473 0.272782 -0.0175815 0.0236019
471000 0.0523216 0.0358621 -0.01053 0.291509 0.000216051 0.0147835
472000 0.0322835 0.0338375 -0.00222565 0.274512 -0.011577 0.00732812
473000 0.0624982 0.0272211 0.0028414 0.320491 -0.0182284 0.00874753
474000 0.0629406 0.0492521 -0.0204562 0.292785 -0.0113556 0.00701205
475000 0.0624538 0.0588681 0.00766994 0.283104 -0.00481333 0.0162722
476000 0.0507569 0.0403215 -0.00221016 0.299465 -0.0224797 -0.00264508
477000 0.0372504 0.0541784 -0.0221051 0.277906 -0.0083047 0.00237427
478000 0.0667103 0.0572804 -0.000630623 0.279842 -0.0279847 0.0245494
479000 0.0523397 0.0448874 -0.00699389 0.285687 -0.0130956 0.00601736
480000 0.0657525 0.0140945 -0.0132903 0.287679 -0.00519193 0.0159265
481000 0.0695705 0.0440916 -0.0633069 0.290536 -0.0108164 -0.00678377
482000 0.0666896 0.0244357 -0.0143479 0.274172 -0.019886 0.0021203
483000 0.0581149 0.024777 0.00383064 0.246591 -0.0189314 -0.0131419
484000 0.0431757 0.0629108 0.00298207 0.233305 -0.00319896 -0.0172366
485000 0.0332403 0.0253935 -0.0211372 0.268446 -0.0208934 0.00894038
486000 0.0656848 0.0605987 -0.0500978 0.209766 -0.020781 0.00698116
487000 0.0413799 0.0313694 -0.0248939 0.230933 -0.00960303 0.00836733
488000 0.0519528 0.0369787 -0.0141089 0.200466 -0.0163029 -0.00511547
489000 0.0403546 0.0301948 0.00103068 0.190174 -0.0310405 0.00593423
490000 0.0284462 0.0494838 -0.0206904 0.160554 -0.0152913 0.00126965
491000 0.0371145 0.029992 0.0144753 0.155056 -0.0115453 0.0201321
492000 0.0323195 0.027306 -0.0204788 0.143811 -0.00185425 -0.00195943
493000 0.0252774 0.0444032 -0.0263913 0.131587 -0.0262217 0.00700798
494000 0.0246184 0.069414 -0.00829845 0.115633 -0.00603304 0.00230105
495000 0.0694164 0.0249628 -0.0188274 0.0944406 -0.0126109 -0.00648258
496000 0.015438 0.0242197 -0.0228008 0.0544314 -0.00773301 0.0114868
497000 0.0573619 0.0318299 -0.0182501 0.0473092 0.0112354 0.000531566
498000 0.0103353 0.0444962 0.00896568 0.0310321 -0.00381285 -0.00699112
499000 0.0173797 0.0505932 -0.0527062 0.0175427 -0.0119714 0.0225283
500000 0.0321747 0.0656873 -0.0233091 -0.0151683 -0.00546247 0.0181121
501000 0.000763371 0.0424709 -0.00957545 -0.0190137 0.0116629 -0.0209733
502000 0.0635245 0.0420163 -0.0131102 -0.0422642 -0.00242923 -0.00412417
503000 0.0282472 0.0163775 -0.0124833 -0.087327 -0.012215 0.0117423
504000 0.0203348 0.0120751 -0.0301565 -0.0885478 -0.0114637 0.027301
505000 0.0223445 0.0213219 -0.0332758 -0.103307 -0.0139057 0.00835832
506000 0.00750777 0.0593826 -0.0288455 -0.123139 -0.0115117 0.0109145
507000 0.0572265 -0.00422091 0.0243442 -0.145055 -0.0170909 -0.0263119
508000 0.0528331 0.00346139 -0.00480517 -0.164767 -0.0141861 0.0174128
509000 0.0342191 0.0298141 0.00098843 -0.161451 0.0161381 0.0304426
510000 0.0251614 0.0334744 0.0165791 -0.183069 -0.00745734 0.000753283
511000 0.0524776 0.0252045 -0.0129353 -0.207354 0.00338918 0.013155
512000 0.0336516 0.0169742 0.0204951 -0.226107 -0.00875585 0.0232045
513000 0.0661643 0.0472806 -0.00264015 -0.238127 -0.0307996 0.0022739
514000 0.00727623 0.0597381 -0.015624 -0.267952 -0.02212 0.00680154
515000 0.0666585 0.026844 -0.0103531 -0.272914 0.031006 -0.00724393
516000 0.0473234 0.0389541 0.0213769 -0.269899 -0.0174899 0.0202918
517000 0.053417 0.073067 -0.0325037 -0.287366 -0.00856085 0.0127137
518000 0.0708707 0.0498324 -0.017097 -0.269215 -0.025403 0.0155027
519000 0.0606623 0.0421003 -0.000105232 -0.29048 -0.019105 0.00627264
520000 0.0506406 0.044993 -0.0219502 -0.29713 -0.0176149 0.00876375
521000 0.0703748 0.0274915 0.012678 -0.305016 -0.0204111 -0.00302012
522000 0.0391196 0.036785 -0.0168385 -0.305982 -0.0264656 0.00186371
523000 0.0384881 0.0273524 0.00143579 -0.319589 -0.0189147 6.65985e-05
524000 0.0239266 0.0764792 0.00634225 -0.308616 -0.0298901 -0.018041
525000 0.0370673 0.0569126 -0.00429232 -0.320668 -0.0184769 -0.00106802
526000 0.0252093 0.0468381 0.00401443 -0.316103 -0.0307385 0.00234641
527000 0.0410417 0.0398225 0.00543085 -0.318211 -0.0149699 -0.0025153
528000 0.0639474 0.0625538 -0.0051933 -0.308536 0.0105454 0.016903
529000 0.0636012 0.0530482 -0.0240452 -0.312885 -0.00179442 0.0120455
530000 0.0301958 0.0459407 0.000836878 -0.318135 -0.011828 0.00486725
531000 0.0337853 0.0412798 0.00408319 -0.285874 -0.00713678 0.00238311
532000 0.0189172 0.0353872 0.00282606 -0.289718 -0.0187676 -0.0198765
533000 0.0113152 0.0570886 -0.00842897 -0.281361 -0.00300563 0.0141209
534000 0.0270333 0.0885354 -0.0102514 -0.275247 -0.0122944 0.00946574
535000 0.0391519 0.0754381 -0.00625857 -0.250274 -0.0100913 0.000922031
536000 0.0529219 0.0405907 0.0108999 -0.232389 -0.0088007 0.0218002
537000 0.0677194 0.0190757 -0.00747968 -0.240359 -0.006315 0.00834488
538000 0.0171415 0.0496707 -0.0179342 -0.206632 -0.0315371 -0.00834369
539000 0.0321738 0.0309987 -0.0232201 -0.230695 0.000991993 0.00117436
540000 0.0529034 0.070713 -0.0108585 -0.181995 0.0190912 0.0166556
541000 0.0393345 0.0101301 0.00838246 -0.189931 -0.00383844 0.0207804
542000 0.0288153 0.0310332 -0.00432072 -0.141905 -0.0373727 0.00468649
543000 0.0279497 0.0385841 0.00514476 -0.16381 -0.0164921 -0.0159603
544000 0.0550321 0.0266472 -0.0263782 -0.134612 -0.0107734 0.00814019
545000 0.0100804 0.0459916 -0.0254644 -0.0878524 -0.0244122 0.00254819
546000 0.0704776 0.0130824 -0.016655 -0.0943461 -0.0138359 0.00868705
547000 0.0364618 0.0395513 -0.00667597 -0.059181 0.000382078 0.000907983
548000 0.0317771 0.0312106 -0.0116743 -0.0526447 -0.00840507 0.00422366
549000 0.0280371 0.0218831 -0.0244167 -0.026409 0.00224465 -0.00142017
550000 0.0432856 0.0302796 -0.0474708 -0.0157003 -0.0172328 0.020149
551000 0.052716 0.0422626 -0.0318196 0.0175298 0.018774 -0.0103778
552000 0.0480361 0.00681227 0.00810267 0.0374259 -0.0157809 0.0126617
553000 0.0450231 0.0289913 -0.042736 0.0492396 -0.0174734 -0.00872956
554000 0.0263714 0.0648181 -0.010772 0.0695003 -0.0217017 0.00675565
555000 0.0394999 0.0185447 0.00684127 0.0863575 -0.0186537 -0.0209675
556000 0.0278314 0.0205022 -0.0241182 0.0917221 -0.0187434 -0.0129553
557000 0.0303005 0.0336689 -0.00186555 0.131113 -0.00751147 0.00620647
558000 0.0495646 0.0157475 -0.036227 0.133986 -0.00212382 -0.0164856
559000 0.0427679 0.0478804 -0.0316194 0.1463 -0.0237227 0.0151581
560000 0.0419139 0.0405214 -0.0197682 0.185316 -0.00558356 0.0122353
561000 0.0681543 0.056908 -0.0131043 0.153557 -0.0101258 0.00910896
562000 0.0598319 0.0250333 0.000689775 0.192822 -0.015316 -0.0198579
563000 0.0565166 0.0417167 -0.0169237 0.205593 -0.0224023 0.00899239
564000 0.0279299 0.0475825 0.015056 0.239381 0.00758848 0.00391671
565000 0.0311007 0.0553551 -0.0467691 0.234281 0.00599421 0.0038741
566000 0.00718562 0.0476834 -0.0182734 0.237331 -0.00304338 -0.0121773
567000 0.0510435 0.049264 -0.000237353 0.258766 -0.0204817 -0.0169762
568000 0.0455729 0.0222481 -0.0370533 0.261295 0.00217288 -0.0037666
569000 0.0682041 0.0762663 -0.00295945 0.26404 -0.0280183 -0.00230749
570000 0.0352212 0.0435183 -0.0285132 0.272304 -0.0170338 0.00411827
571000 0.0263959 0.0616223 0.000374288 0.293818 -0.023848 0.0240256
572000 0.0493778 0.0298735 -0.026788 0.296552 -0.0014837 0.0064339
573000 0.049342 0.0681039 -0.00888628 0.30093 0.00386735 0.0170586
574000 0.0526503 0.0573576 -0.0155078 0.305199 0.00724029 0.0356784
575000 0.0423626 0.0436857 -0.00738612 0.301456 0.00525433 0.00191327
576000 0.0356707 0.0607865 -0.0301407 0.295646 0.00181501 -0.0187192
577000 0.0441287 0.0623532 -0.000932939 0.306506 -0.0218854 -0.0168608
578000 0.0673981 0.0230856 -0.0240119 0.304582 -0.0141012 0.0126913
579000 0.0637093 0.0569976 0.000838252 0.295221 -0.0138898 0.00354394
580000 0.0447462 0.0453993 -6.39843e-05 0.280029 -0.0249347 0.00109666
581000 0.069561 0.0393394 -0.0242706 0.301489 -0.0273706 0.002406
582000 0.0398547 0.054416 -0.00804008 0.270748 -0.0200448 -0.000450768
583000 0.0217405 0.0422712 -0.0154099 0.264272 -0.0193542 -0.00590697
584000 0.03366 0.0640229 -0.00583572 0.243148 -0.00681899 0.018341
585000 0.0581898 0.0522988 -0.0266633 0.255068 -0.0164995 0.00966801
586000 0.0355759 0.038731 -0.0422261 0.228016 0.0128075 0.00979623
587000 0.0130861 0.0484762 -0.0323475 0.223402 0.00887964 0.0118013
588000 0.0316004 0.046121 -0.0010907 0.207679 -0.010183 0.00780947
589000 0.0322255 0.0626396 -0.0603751 0.173194 0.00535085 0.00326861
590000 0.0288739 0.0211493 0.0127094 0.164505 0.0150912 -0.00840054
591000 0.0158104 0.0322841 -0.00900842 0.149083 -0.00890804 0.0125992
592000 0.015915 0.0181448 -0.0398766 0.142417 -0.0365061 0.00574375
593000 0.0126474 0.0357941 -0.00903925 0.096402 -0.00259524 0.0190227
594000 0.0398899 0.040797 -0.00515588 0.118606 -0.00566041 -0.0179664
595000 0.0193463 0.0117389 -0.0112479 0.104777 -0.00460601 0.00446346
596000 0.0384969 0.0517018 -0.00576582 0.060441 -0.0179313 0.00713294
597000 0.0547943 0.00802374 -0.00135397 0.0479088 -0.0335074 -0.00364534
598000 0.0237725 0.0316244 0.00936614 0.0355308 -0.0202951 -0.00748076
599000 0.0467973 0.0399059 0.00349379 0.00812226 0.00856424 0.00695947
600000 0.0244902 0.0347334 -0.0188822 -0.029732 -0.0135476 0.0184342
601000 0.0366214 0.0304396 -0.0143264 -0.0409672 -0.0194082 0.00507992
602000 0.00362686 0.00171597 -0.00299544 -0.062156 -0.0158877 -0.0040501
603000 0.0154381 0.0270693 -0.0408574 -0.0572743 -0.0073514 0.00686627
604000 0.0437734 0.0251684 0.012847 -0.0988999 -0.00621311 0.01908
605000 0.0562786 0.0283182 -0.0115443 -0.109509 -0.0135958 0.0198673
606000 0.0346697 0.00826871 -0.00945111 -0.124099 -0.0131817 0.0196774
607000 0.0306033 0.0431855 -0.00445977 -0.126462 -0.000581079 -0.00339811
608000 0.0358543 0.0492627 -0.0303686 -0.144109 -0.0180546 0.00199489
609000 0.0592591 0.0615546 -0.0454496 -0.169462 -0.00708282 -0.0163106
610000 0.0374039 0.0200375 -0.013731 -0.200113 -0.0057438 -0.0119767
611000 0.0631035 0.0435483 -0.0160626 -0.196351 -0.015556 -0.00883206
612000 0.0248902 0.0350476 -0.0133876 -0.22597 -0.00797651 0.0157182
613000 0.0862256 0.0411086 0.000161856 -0.238435 -0.00566444 -0.00520796
614000 0.0658845 0.04128 0.0123524 -0.259738 -0.00737776 -0.00199971
615000 0.0764243 0.047035 -0.00799076 -0.266458 -0.00393896 0.0139347
616000 0.0710026 0.0721974 -0.00364153 -0.269197 -0.0216893 0.0245818
617000 0.035613 0.0732532 -0.017186 -0.257466 0.00781493 -0.000331722
618000 0.0250883 0.0438961 -0.0058423 -0.289452 -0.0079454 0.0044433
619000 0.0437942 0.0413094 -0.000613031 -0.291409 0.000484261 0.00411617
620000 0.0369452 0.0404573 0.0024163 -0.320014 -0.0099996 0.0178378
621000 0.0196452 0.0590772 0.000573023 -0.303042 -0.0086858 -0.00144221
622000 0.0464896 0.0357229 -0.0042034 -0.315817 -0.0174 0.0144427
623000 0.0333991 0.0380125 0.036286 -0.317743 -0.0117735 -0.012678
624000 0.022219 0.0274716 0.0217645 -0.302368 -0.0173765 -0.00887496
625000 0.0488018 0.0675982 0.016915 -0.305566 -0.00726045 0.00498847
626000 0.0422446 0.0562734 0.0239447 -0.313923 0.0181019 -0.00884312
627000 0.037285 0.0422761 -0.0168496 -0.29701 0.00737337 0.0168542
628000 0.0479508 0.0515865 0.00479852 -0.299197 -0.00121533 0.0177442
629000 0.0716259 0.055238 -0.0141923 -0.291262 0.0143939 0.0255881
630000 0.0370657 0.0824716 -0.0293815 -0.289858 -0.00790634 0.0268007
631000 0.036139 0.0103583 0.0076649 -0.317482 -0.0226256 0.00721898
632000 0.0498452 0.0671581 0.0390958 -0.283471 -0.00754265 0.0174113
633000 0.0436799 0.0425272 0.0123014 -0.276516 0.00847944 0.0114455
634000 0.0381421 0.038841 -0.00538321 -0.26842 0.004632 -0.0029814
635000 0.0496293 0.0200892 -0.0183043 -0.260362 -0.00912388 0.02034
636000 0.0177656 0.0531336 -0.00406623 -0.258635 -0.0246132 0.000998985
637000 0.0419933 0.0390679 -0.0128474 -0.241997 -0.0022557 0.0110404
638000 0.0180075 0.0154136 0.0185454 -0.22632 -0.00372767 0.0169661
639000 0.0611507 0.0408766 0.00553688 -0.201783 -0.00326726 0.0109976
640000 0.0341084 0.0122168 -0.0206853 -0.179559 -0.00746315 0.00325925
641000 0.0479672 0.0450583 -0.0293249 -0.156929 -0.000382068 0.0133152
642000 0.021609 0.0605084 0.0198715 -0.144256 -0.0325232 0.00708473
643000 0.0443284 0.0257304 -0.0120065 -0.149178 -0.0039976 0.0302356
644000 0.0226795 0.046316 0.0100521 -0.0897886 -0.0047303 -0.00122711
645000 0.0590073 0.0707214 -0.00531054 -0.102305 -0.00978652 -0.0161634
646000 0.0236262 0.0408941 -0.0187784 -0.0825262 -0.00638467 0.00344475
647000 0.0493092 0.00655116 -0.0166419 -0.0604728 -0.011046 -0.00417571
648000 0.0156511 0.0551925 -0.0218795 -0.0489356 0.0171919 0.00423022
649000 0.0305259 0.0429054 -0.041138 -0.0180445 -0.0159507 0.00341627
650000 0.047926 0.0487508 0.0189254 0.00343141 -0.0347981 0.00694211
651000 0.0592025 0.00901866 0.0150209 0.0114286 -0.0137497 0.00755285
652000 0.025636 0.0501273 -0.0333673 0.0377033 -0.0376138 0.00580162
653000 0.0228288 0.0340088 0.0256126 0.0407482 -0.0346253 -0.00247907
654000 0.00954823 0.0461539 -0.00355904 0.041163 0.00769584 0.0105357
655000 0.0209115 0.0503105 -0.0321423 0.0849313 -0.0324217 0.0279507
656000 0.0350984 0.0477341 -0.0360409 0.119283 -0.0125392 -0.0245077
657000 0.0515484 0.0408001 -0.0388524 0.129867 0.000365947 0.0119063
658000 0.0302974 0.0579259 -0.0199045 0.141307 -0.0201217 -0.00412364
659000 0.0634909 0.0394004 -0.0300037 0.172006 -0.0213858 0.0244545
660000 0.059883 0.0318101 -0.0185829 0.171047 -0.0126593 0.00893595
661000 0.0341594 0.0418644 -0.0632996 0.216239 -0.00508271 -0.00818531
662000 0.0355465 0.0584406 -0.0255301 0.22367 -0.0114794 0.0138643
663000 0.0696802 0.0502747 -0.0288036 0.205044 -0.0142139 -0.0157929
664000 0.0355708 0.0664829 -0.0108312 0.233114 -0.0176244 0.0172477
665000 0.0607316 0.0115104 -0.00693828 0.248829 -0.010291 0.0103627
666000 0.0564359 0.023912 -0.000873395 0.260045 -0.00780891 0.0189774
667000 0.0444854 0.0497024 0.00026173 0.276995 -0.0148263 -0.0159605
668000 0.042004 0.061516 0.00101297 0.262124 -0.0175105 -0.001309
669000 0.0583992 0.0338371 0.00625439 0.287192 -0.0176962 0.00667498
670000 0.0428886 0.0556253 -0.0366516 0.270612 -0.00808065 0.0209374
671000 0.0564088 0.056559 0.00195841 0.310152 -0.0214797 0.00517927
672000 0.0370067 0.0335872 -0.0120057 0.304415 -0.0164397 -0.015558
673000 0.0219003 0.0653783 -0.030388 0.304456 -0.0230008 0.00631541
674000 0.0777343 0.0418019 -0.0153925 0.293779 -0.0128638 0.0321787
675000 0.0441228 0.0497486 0.00727597 0.289745 -0.0178594 0.000692855
676000 0.0466561 0.0434748 -0.0440987 0.313341 -0.000336558 0.012531
677000 0.0769237 0.0611529 0.00543627 0.28783 -0.0104396 0.00818835
678000 0.0400314 0.0551721 0.00103974 0.305532 -0.0154497 0.0304262
679000 0.0522735 0.0568424 0.00197311 0.291847 -0.00694217 -0.0091004
680000 0.0656653 0.0681017 -0.0134429 0.30309 -0.0208996 0.00972007
681000 0.0395589 0.0271971 -0.0323895 0.302421 -0.0226215 0.00221361
682000 0.0381914 0.0353724 -0.0404367 0.270334 -0.0150631 -0.00165142
683000 0.0431619 0.0444291 -0.0234869 0.264371 -0.00927121 0.022586
684000 0.0371482 0.0594588 -0.00364711 0.27306 0.00635583 -0.0102094
685000 0.0387902 0.0542474 -0.00877875 0.246697 -0.0135626 0.0062589
686000 0.0717593 0.0381794 -0.0141594 0.224012 -0.00257029 -0.00671749
687000 0.0323963 0.0330037 -0.00817589 0.204817 -0.0047661 -0.0023103
688000 0.041533 0.0143035 0.00888755 0.202927 0.00327975 0.00876184
689000 0.0264574 0.0415848 -0.0238756 0.19887 -0.00824816 -0.0042246
690000 0.0317947 0.0284808 -0.0514109 0.173531 0.0167411 0.0163255
691000 0.0441157 0.0375955 -0.0189982 0.149674 -0.0112337 0.023705
692000 0.04596 0.0267616 0.0266619 0.132203 -0.0159882 0.0123765
693000 0.0271043 0.037864 -0.0140889 0.128811 -0.0211392 0.00614932
694000 0.0490041 0.0275778 -0.0177688 0.11122 -0.0254081 0.001973
695000 0.0339382 0.0348609 0.0168947 0.0819756 0.00676806 0.00012207
696000 0.0600231 0.055561 -0.0166096 0.0757313 -0.0428265 0.0249978
697000 0.0221623 0.0491265 -0.0229932 0.0454338 -0.0165793 0.0125905
698000 0.0377371 0.0395004 0.000532254 0.0354055 -0.0264948 0.00814332
699000 0.0578436 0.0231274 -0.00295955 -0.00639177 -0.0180446 0.0279579
700000 0.0437562 0.0788317 -0.0281452 -0.0185652 -0.0229217 0.0106916
701000 0.0388769 0.0656147 -0.031737 -0.0169026 -0.00699798 0.0284228
702000 0.0252983 0.0141249 -0.00578755 -0.0593808 0.00319399 0.00974364
703000 0.0168865 0.0289013 -0.0230697 -0.0857491 -0.00245232 -0.00168712
704000 0.0377236 0.0387318 -0.00311121 -0.0920332 0.00299768 -0.0208794
705000 0.0367632 0.0308691 -0.0155726 -0.10709 -0.0162815 0.00586323
706000 0.0318249 0.0371146 -0.0127558 -0.111192 -0.00375543 0.0026646
707000 0.0475086 0.00836873 -0.0290941 -0.150489 -0.00275357 -0.00259611
708000 0.0414677 0.0447616 0.00863159 -0.154928 -0.0262828 -0.00422627
709000 0.023719 0.00983372 -0.00700691 -0.184304 -0.0106926 0.0237587
710000 0.0563038 0.029301 0.00334679 -0.186865 -0.00851184 0.0146164
711000 0.0423973 0.0262696 0.0168794 -0.19166 0.000510736 0.0171783
712000 0.030536 0.0519668 0.0235973 -0.212326 0.0148593 0.00377544
713000 0.0260941 0.0435484 -0.0190364 -0.233719 0.000866251 0.00679273
714000 0.0701569 0.0227673 -0.0110648 -0.245757 -0.016482 0.0214804
715000 0.0514552 0.0340021 -0.0267624 -0.261473 0.00504689 0.0050221
716000 0.0265622 0.0408186 0.00638602 -0.283889 -0.0169972 0.00631016
717000 0.0343777 0.0324156 -0.00594101 -0.284746 -0.00649197 0.0273281
718000 0.0598574 0.0321167 -0.00261185 -0.278509 -0.00214072 0.00384348
719000 0.046649 0.0891453 0.0112346 -0.293298 -0.0017754 -0.0139945
720000 0.0502686 0.0581264 0.000720901 -0.300744 -0.00257937 0.0168258
721000 0.0549015 0.0259871 -0.012952 -0.310704 0.0109946 0.00376499
722000 0.06184 0.0441505 0.00424913 -0.327668 0.0160173 0.00497932
723000 0.0518127 0.0358633 -0.00971154 -0.323654 0.00625581 0.0133761
724000 0.054177 0.0460146 -0.0248689 -0.311259 0.0111124 0.00458427
725000 0.0171896 0.0449018 -0.00143957 -0.315734 -0.000164059 -0.0109999
726000 0.0210666 0.0463774 -0.00202907 -0.318247 -0.0093409 -0.00357642
727000 0.0413138 0.0427317 0.00468915 -0.324168 -0.0047499 -0.0137479
728000 0.0117623 0.0647132 -0.00838566 -0.310105 -0.0108836 0.0145991
729000 0.0868445 0.0563422 -0.011398 -0.303216 0.00630698 0.0211202
730000 0.0488584 0.0180714 0.016231 -0.298985 0.0194506 0.0178035
731000 0.0761569 0.0288982 -0.0470597 -0.277327 0.00374841 0.0261918
732000 0.0355563 0.0422112 -0.0242001 -0.308839 -0.00177445 0.0130646
733000 0.0467245 0.0509651 -0.00306304 -0.277393 -0.0300339 0.00475816
734000 0.0660844 0.0718652 -0.008968 -0.271292 -0.0133182 0.0156061
735000 0.0278199 0.0435152 0.00578335 -0.253506 -0.00422119 0.00129771
736000 0.068936 0.0041382 -0.00597174 -0.252548 -0.0144446 0.028418
737000 0.0267029 0.0435769 -0.0361836 -0.229031 -0.0172382 -0.00143257
738000 0.0440792 0.0478022 -0.00826903 -0.214296 -0.0206689 0.0113338
739000 0.0543627 0.0410183 -0.0101765 -0.200987 -0.0117843 0.0188134
740000 0.0486284 0.0431204 0.00334954 -0.189619 0.00267848 0.0110072
741000 0.0299357 0.0253347 -0.0112924 -0.190683 -0.00999634 -0.00571783
742000 0.0683031 0.0204092 0.0018703 -0.157664 -0.0179173 -0.0080902
743000 0.0225166 0.048519 -0.0177231 -0.156824 -0.00188825 0.00379089
744000 0.0635623 0.0175151 -0.00135333 -0.12235 -0.0149291 0.0143916
745000 0.0234576 0.0309695 -0.02779 -0.108219 -0.00582028 0.00286985
746000 0.0263468 0.0371931 -0.0174614 -0.0581439 -0.0264417 -0.0166711
747000 0.0120272 0.0450616 -0.00607579 -0.0600931 0.0110131 0.0177924
748000 0.0171565 0.0445895 -0.0254572 -0.0481244 -0.0100559 0.0105585
749000 0.0290305 0.0311307 -0.0150799 -0.0355776 0.00951161 -0.00815035
750000 0.0350122 0.0271566 -0.0161277 0.00886829 -0.00839657 -0.00419316
751000 0.0280063 0.0293569 -0.0226929 0.00489459 -0.00222534 0.00313641
752000 0.0446148 0.00489386 -0.0264524 0.044481 0.00865104 0.0076519
753000 0.0361521 0.0188473 -0.0380764 0.0527895 -0.0169547 0.00234642
754000 0.0358534 0.0290209 -0.0217946 0.0495522 -0.0127035 -0.000855996
755000 0.0476107 0.0144764 -0.00520352 0.0832098 -0.0263863 -0.0167339
756000 0.0418428 0.0441422 -0.0314364 0.110018 0.0024594 0.0171995
757000 0.0402951 0.0283345 -0.00960928 0.133376 0.0166383 0.0145711
758000 0.0449713 0.00528926 -0.0352853 0.144133 -0.0388957 0.000471217
759000 0.0441581 0.0274118 -0.0263938 0.161245 -0.00118173 0.00608796
760000 0.065244 0.006465 -0.0187431 0.175925 -0.0133675 0.00259311
761000 0.0308958 0.0530651 -0.0106899 0.202258 0.00110345 -0.00441626
762000 0.0321962 0.0259054 -0.0231799 0.207213 -0.0351354 0.0160583
763000 0.0207133 0.0621382 -0.0256543 0.228495 -0.00401046 0.0207967
764000 0.0123884 0.0261965 -0.00670608 0.201479 0.00975521 0.00197601
765000 0.0348936 0.0338009 -0.023178 0.250191 -0.00170718 -0.00685398
766000 0.0400811 0.0522444 0.00361873 0.259052 -0.0230363 0.00882726
767000 0.0482001 0.0201983 -0.00224872 0.252895 -0.0282383 0.00893536
768000 0.0537796 0.0618412 -0.00810074 0.293665 -0.00690506 0.00555032
769000 0.0302037 0.073054 -0.0163341 0.266941 -0.00826006 0.0135871
770000 0.0115142 0.0474164 -0.0231903 0.292799 -0.0255895 0.0101741
771000 0.0554949 0.0602085 -0.0288743 0.313319 -0.0290883 0.0143263
772000 0.0391444 0.0561467 -0.0386377 0.29518 -0.0147123 0.0164596
773000 0.0571572 0.069509 -0.0281403 0.318168 0.00589562 0.0223865
774000 0.0562115 0.0491214 0.00692416 0.30369 -0.0220835 0.000928643
775000 0.0614155 0.0599954 -0.00495815 0.325297 -0.0314636 0.0185377
776000 0.0512917 0.0583679 -0.00992608 0.294173 -0.022367 0.00340684
777000 0.0349087 0.0315886 -0.0065619 0.324027 -0.0125397 0.00681416
778000 0.0404649 0.0206608 -0.026175 0.310071 -0.00214208 0.00875689
779000 0.0282716 0.0318219 0.0154982 0.291714 -0.0109972 0.0111275
780000 0.0569724 0.0421379 -0.00301513 0.276853 -0.0247419 0.00868905
781000 0.0606364 0.0830043 -0.0312225 0.280701 -0.00173781 0.0207485
782000 0.0435015 0.0618468 0.0169747 0.264474 -0.00946405 -0.00348149
783000 0.0521207 0.0561668 -0.0234353 0.254825 -0.0185769 -0.0113007
784000 0.047591 0.017657 -0.0106382 0.253083 -0.0297209 0.0061415
785000 0.0468413 0.0416082 -0.00528223 0.264192 -0.0202626 0.0179395
786000 0.0257668 0.0649165 -0.0216394 0.224505 -0.00715556 0.00236072
787000 0.0502543 0.0573888 0.0282722 0.206404 -0.00685347 -0.00341432
788000 0.012668 0.0415814 -0.0202821 0.210046 -0.0157193 0.00285548
789000 0.0398998 0.0518787 -0.000231304 0.199919 -0.0176095 -0.00298766
790000 0.0534084 0.00878991 -0.00702292 0.183409 -0.0240338 0.0239609
791000 0.0395749 0.0262753 -0.0161273 0.166245 -0.0073938 0.000107067
792000 0.0542226 0.0120389 -0.00967103 0.144297 -0.0203124 -0.00682654
793000 0.0516009 0.0344025 -0.0202652 0.123631 -0.0213405 0.0248621
794000 0.0555831 0.0111943 -0.00375593 0.102688 -0.0137516 0.0134506
795000 0.0960637 0.0130514 -0.0435039 0.0872653 -0.0113965 -0.0111717
796000 0.0670904 0.0356208 -0.00130032 0.052157 0.00164514 0.0145547
797000 -0.0212247 0.0292101 -0.0256189 0.0398394 -0.00775116 -0.00550083
798000 0.0391255 0.0482799 -0.00189007 0.044222 -0.0155696 -0.00123141
799000 0.0386418 0.0346058 -0.00203209 0.0225684 -0.0110518 0.0303896
800000 0.0252686 0.0262887 -0.0207231 -0.000640656 -0.00493155 0.0141111
801000 0.0588721 0.050838 -0.000753651 -0.012437 -0.0119148 -0.00440928
802000 0.0208475 0.040063 -0.0243591 -0.0614375 0.00861806 0.0233066
803000 0.0514781 0.0463139 -0.00330291 -0.0662682 -0.0154089 0.0231401
804000 0.0314645 0.0467366 -0.0153928 -0.0759934 0.0189594 0.0207692
805000 0.0516936 0.0475308 -0.0170796 -0.113111 -0.00250277 0.0200438
806000 0.0660381 0.0383903 -0.0490288 -0.130483 -0.0176468 -0.00279352
807000 0.0401821 0.0169134 -0.0133893 -0.150892 -0.0341215 0.0328463
808000 0.0218524 0.0494976 -0.0224801 -0.160126 -0.0136052 0.00482685
809000 0.0428392 0.0634597 -0.00363952 -0.178781 -0.0084259 -0.00208958
810000 -0.00213784 0.0148429 -0.0264849 -0.173142 -0.00870274 0.0116946
811000 0.0476077 0.0343132 -0.0148885 -0.194156 -0.0161612 0.00853035
812000 0.0418165 0.0273617 -0.0348981 -0.220523 -0.0130354 -0.00429202
813000 0.0317497 0.0689864 -0.00019797 -0.249739 -0.00858591 0.000589296
814000 0.0193273 0.0562281 -0.000438076 -0.245395 -0.00879987 -0.0110069
815000 0.0336275 0.0299268 0.00787973 -0.242083 -0.00315808 -0.0154325
816000 0.0202907 0.0409531 -0.00541915 -0.254952 -0.0146466 -0.00605136
817000 0.0648601 0.0268874 -0.0106751 -0.275945 -0.022666 -0.00446213
818000 0.0237145 0.0337319 -0.0104814 -0.296687 -0.00514562 -0.00513398
819000 0.0350226 0.0370603 -0.00363058 -0.295687 -0.0360919 0.0175839
820000 0.0333293 0.05051 -0.00473372 -0.29962 -0.00218328 -0.00705509
821000 0.0439552 0.0789677 -0.00806121 -0.321356 -0.0217939 0.0130031
822000 0.0360797 0.0282445 0.0190325 -0.334215 -0.00519677 0.00275156
823000 0.0423896 0.0333671 0.0144738 -0.312413 -0.0118587 -0.0068278
824000 0.0601681 0.0558276 0.00455694 -0.314344 -0.0170786 -0.00721824
825000 0.056557 0.0351323 -0.02298 -0.328309 -0.00978112 0.0226548
826000 0.0291054 0.049491 -0.00750912 -0.308375 -0.0194241 0.00142431
827000 0.0395515 0.0469343 -0.0245449 -0.316049 -0.0119157 -0.00266884
828000 0.0442988 0.0627395 -0.0191246 -0.300843 0.0227255 0.0247493
829000 0.0474901 0.0633575 0.0104108 -0.304952 -0.0273162 -0.0203393
830000 0.0413353 0.0425679 0.00980501 -0.310254 0.00406213 -0.00340769
831000 0.0409205 0.010886 0.00613404 -0.305704 -0.0217909 0.0100278
832000 0.0536506 0.0381578 0.0196642 -0.30755 -0.00916646 0.0182747
833000 0.0170148 0.0321281 -0.00361194 -0.269098 -0.0198121 0.0121722
834000 0.0553482 0.0381864 0.0155549 -0.273843 -0.00207204 -0.00289478
835000 0.0355293 0.0349447 -0.0017603 -0.261525 -0.00695079 -0.00322928
836000 0.06082 0.0145631 0.00293633 -0.274931 -0.00583612 0.00459841
837000 0.0582371 0.0608307 -0.00377824 -0.233375 0.00198525 0.0035551
838000 0.036866 0.0516579 -0.0101517 -0.202575 0.0170958 0.00329183
839000 0.036172 0.0403325 0.00418631 -0.181682 -0.00636762 0.00520482
840000 0.0520145 0.029741 -0.0133413 -0.18114 -0.0286375 0.016043
841000 0.0400178 0.0530999 -0.0348465 -0.170098 -0.0210404 -0.0149871
842000 0.0621003 0.047653 0.0277737 -0.144445 -0.00204451 -0.00246686
843000 0.0498653 0.0283469 -0.0161762 -0.121622 0.0194322 0.0261281
844000 0.0115562 0.0478233 -0.0181475 -0.131864 -0.0105478 0.0155883
845000 0.00476384 0.0375768 -0.0191481 -0.0917387 -0.00905487 -0.00310284
846000 0.0206339 0.0148406 -0.00730856 -0.0875408 0.00403371 -0.00763114
847000 0.0263456 0.0199624 -0.0119916 -0.0521569 -0.0111487 -0.000753149
848000 0.0212395 0.0341221 0.01102 -0.0672863 -0.00802694 0.00392178
849000 0.0491083 0.00453767 -0.0135183 -0.0146558 -0.0245793 -0.0192755
850000 0.0181983 0.0116621 -0.0046512 0.00111226 -0.0217891 -0.0142688
851000 0.0606054 0.0426056 -0.0173423 0.00654199 -0.0273725 0.0232163
852000 0.0146756 0.0105651 -0.0373234 0.0306605 -0.0282455 -0.0109778
853000 0.0165769 0.0336577 -0.010742 0.0464585 -0.0273112 0.0251121
854000 0.045037 0.033748 0.00512761 0.0605148 -0.0277686 0.00435797
855000 0.0502785 0.0529151 -0.0010849 0.0806555 0.00319075 -2.46237e-05
856000 0.0467253 0.0102581 -0.0376255 0.110511 -0.0252991 -0.00787917
857000 0.0470396 0.0190174 -0.0335799 0.131463 -0.00307405 -0.019811
858000 0.0294231 0.0716024 -0.0291115 0.144338 0.00248582 0.0134908
859000 0.0339471 0.0597092 -0.00946386 0.163901 -0.0190273 0.0310242
860000 0.0344533 0.0221218 -0.0154038 0.194736 -0.00764063 -0.00928953
861000 0.0487994 0.0467865 -0.0163321 0.202067 -0.00556395 -0.00104763
862000 0.0490759 0.0586134 -0.0154616 0.192919 -0.00967823 0.00987154
863000 0.0385844 0.0383156 -0.0279678 0.225519 -0.0113266 -0.00891571
864000 0.0331092 0.0709339 -0.0249519 0.22767 -0.0240942 -0.00755471
865000 0.0142633 0.0201337 -0.00948301 0.2393 -0.0152461 0.0153435
866000 0.0236475 0.0811123 0.0146707 0.255892 -0.0271939 0.00452624
867000 0.0341148 0.0569001 -0.0393256 0.260892 -0.0148744 0.00858306
868000 0.054958 0.0480986 -0.00583706 0.283606 0.00545275 -0.0228425
869000 0.0296672 0.038818 0.00339866 0.293019 -0.0246977 0.00505516
870000 0.0347422 0.0881308 -0.00508669 0.283183 -0.00828254 0.00465945
871000 0.0435436 0.0597511 -0.0261922 0.285437 -0.0270024 -0.00152297
872000 0.0450694 0.0539061 -0.00391794 0.264671 -0.0101743 0.00123402
873000 0.0455473 0.0781657 -0.00390368 0.323164 -0.0225047 -0.00790397
874000 0.0575081 0.0340036 -0.00824951 0.312189 -0.00486171 0.0019038
875000 0.0394726 0.0333591 -0.0414872 0.3357 -0.00863046 0.0101815
876000 0.0376873 0.0600286 -0.0148576 0.324531 -0.0248525 -0.00696731
877000 0.0731203 0.0591995 -0.0138456 0.295615 -0.0190122 -0.0103941
878000 0.0270759 0.0589735 0.0235019 0.284081 -0.0219113 0.000268868
879000 0.0269681 0.0637608 -0.0245177 0.296463 -0.0130159 0.0164873
880000 0.0476503 0.0470144 -0.0203018 0.293361 -0.0117829 0.0139797
881000 0.0297636 0.0518509 -0.0114664 0.277669 -0.0199669 0.0182053
882000 0.0310315 0.0412959 -0.0106643 0.273974 -0.0246295 0.0181975
883000 0.0650291 0.0292332 -0.0478739 0.254253 0.0120971 -0.00160756
884000 0.063122 0.0076899 -0.00668244 0.25338 -0.0533955 0.0118304
885000 0.0565516 0.0292214 -0.00773988 0.239205 -0.018459 -0.000712223
886000 0.0570796 0.0568454 -0.0252062 0.216151 -0.0220024 0.00750382
887000 0.03999 0.0289503 -0.0295774 0.230627 -0.00554855 0.0151204
888000 0.0304643 0.0664042 -0.013857 0.241188 -0.0050161 -0.00142896
889000 0.0265692 0.0295263 0.00968756 0.194088 -0.0186992 -0.0135912
890000 -0.00188749 0.057756 -0.0129781 0.196353 -0.00240237 0.0329069
891000 0.00838051 0.0444235 -0.00258453 0.16086 -0.0303844 -0.0011407
892000 0.0354353 0.0185314 -0.0139663 0.142361 -0.00387211 0.00616395
893000 0.0367353 0.0333992 -0.0189442 0.144586 0.0099017 -0.000329113
894000 0.0107118 0.0235575 -0.022225 0.110484 0.00385501 0.0144551
895000 0.0300209 0.0547683 -0.029935 0.0971818 -0.0224796 -0.000705743
896000 -0.0129164 0.0414205 -0.0150949 0.0662422 -0.00652454 -0.0018867
897000 0.0365 0.0378678 -0.00351609 0.0514365 -0.00642007 -0.00127356
898000 0.0233653 0.0386557 -0.0119367 0.0239721 -0.0147454 0.0014567
899000 0.0259861 0.0385588 -0.0101335 0.00826979 -0.00873381 -0.0125014
900000 0.0247271 0.00315067 -0.0111768 -0.0130196 -0.00618051 0.00622976
901000 0.0405678 0.0442085 -0.0182775 -0.0220219 -0.0165314 0.00412603
902000 0.0551547 0.0396155 -0.00527938 -0.0586176 -0.0191973 0.0358184
903000 0.0574608 0.0474314 -0.0339368 -0.052013 -0.0300511 0.0166906
904000 0.0595491 0.0253364 -0.00182898 -0.0786965 0.0106671 0.00506376
905000 0.0400557 0.0235133 -0.0114978 -0.0957091 0.0104019 0.00852655
906000 0.0654742 0.0249904 -0.00219527 -0.108958 -0.00808181 0.0148259
907000 0.0537496 0.00320605 0.0188536 -0.157183 -0.0191888 0.0022542
908000 0.0634829 0.0369478 -0.0117889 -0.152674 -0.0258496 -0.00713923
909000 0.0244461 0.0653533 -0.0155586 -0.186543 -0.029673 0.00449673
910000 0.0412518 0.0355182 0.00375874 -0.194949 -0.00459199 0.0119055
911000 0.0347837 0.0820445 -0.0485539 -0.207593 -0.031939 -0.000573091
912000 0.0466721 0.0400711 0.00153605 -0.243697 -0.011536 0.0212286
913000 0.0380319 0.0231965 -0.00393633 -0.223731 -0.0214222 0.0159278
914000 0.0456522 0.0391679 -0.0155619 -0.239203 -0.00951798 0.00645009
915000 0.0518148 0.0496677 0.0190286 -0.262423 -0.00327844 -0.00127191
916000 0.0561873 0.0449496 -0.0364211 -0.255006 -0.011591 0.0140888
917000 0.063056 0.0562655 -0.00520877 -0.289177 -0.019279 -0.00456363
918000 0.0566306 0.0305229 0.00417975 -0.275411 -0.00357802 0.020105
919000 0.020039 0.0603793 0.0195876 -0.306152 -0.0116562 0.00139679
920000 0.0288317 0.0513247 -0.00198789 -0.30439 -0.0149645 0.0115781
921000 0.0416312 0.0360449 0.0148672 -0.28823 -0.0117574 -0.00464797
922000 0.0328266 0.0319022 -0.0158965 -0.318694 -0.0255479 -0.00311388
923000 0.0583236 0.0569487 -0.0244675 -0.312097 0.00493073 -0.0088147
924000 0.0393218 0.033428 0.0175282 -0.302796 -0.00818832 -0.0121363
925000 0.0382981 0.047117 0.00418927 -0.307425 0.00768773 -0.0159517
926000 0.0379703 0.046823 -0.0254517 -0.312165 -0.0179758 -0.00393502
927000 0.0448317 0.0353932 0.0214015 -0.324736 -0.0235919 0.0245638
928000 0.0314448 0.0830124 -0.00499168 -0.326341 -0.0250086 0.00732807
929000 0.0448748 0.034912 -0.00529856 -0.301689 -0.00251077 0.00614036
930000 0.0282172 0.0165941 -0.00715564 -0.28976 -0.0327948 0.00308546
931000 0.0440436 0.0641017 -0.0155193 -0.306797 -0.0374915 0.00621801
932000 0.0534408 0.0490412 0.00384388 -0.28776 -0.0130362 0.0118428
933000 0.0386684 0.0370457 -0.0235856 -0.259419 0.0107385 -0.0027634
934000 0.0530164 0.0447248 -0.0159734 -0.252702 0.00766538 -0.00199032
935000 0.028617 0.0366201 0.00602726 -0.254109 -0.0279126 -0.00857467
936000 0.0325244 0.0226421 -0.0202703 -0.229311 -0.0223212 0.0307855
937000 0.076275 0.0133029 0.0135471 -0.240157 0.00351507 -0.00794341
938000 0.0413902 0.0602371 0.0335612 -0.203805 -0.0132652 0.00484501
939000 0.0457448 0.0347773 0.0081057 -0.198005 -0.0129306 0.00693452
940000 0.0230574 0.074819 -0.0214436 -0.178214 -0.0159783 -0.000964557
941000 0.0414778 0.0373587 -0.0166341 -0.160343 -0.0129507 0.0173703
942000 0.0368179 0.0161592 0.00546088 -0.135082 -0.0254115 -0.00144212
943000 0.0112933 0.0386278 -0.0329228 -0.134252 -0.0104363 0.0105343
944000 0.0486797 0.0188243 0.00224518 -0.133801 -0.0168083 0.0113254
945000 0.0701576 0.058908 0.00198832 -0.115172 0.00990981 -0.0228255
946000 0.0164312 0.0361623 -0.00580931 -0.0765312 -0.016428 0.0112668
947000 0.0279257 0.0296319 -0.0189985 -0.0662407 -0.00948222 -0.00480859
948000 0.0489718 -0.013969 -0.0102661 -0.0504443 0.0119636 0.0261616
949000 0.0151063 0.0468682 0.0124688 -0.0273791 -0.0118699 0.0139585
950000 0.00261017 0.011133 0.0114971 -0.021973 -0.0421696 0.00592242
951000 0.0374199 0.0460992 0.0268968 0.001946 -0.00654642 0.033153
952000 0.0440175 0.0490233 -0.0554601 0.0647405 -0.0134989 -0.00907326
953000 0.026508 0.0440872 -0.0279178 0.0519459 -0.0138114 0.0081163
954000 0.0111033 0.0133938 -0.0145415 0.0620846 -0.0109122 0.0106822
955000 0.0437049 0.0360402 -0.044431 0.099624 -0.0133662 -0.00104158
956000 0.0256031 0.0368232 0.00139292 0.0953709 -0.00290241 0.0213438
957000 0.0298527 0.0448289 -0.0113311 0.129103 0.0049128 0.0153001
958000 0.0186116 0.0445535 0.00337743 0.147661 -0.029418 -0.00129775
959000 0.0115811 0.0509169 -0.0418899 0.166692 -0.0112421 0.0103849
960000 0.0453608 0.0386075 -0.00924814 0.1804 -0.0189084 0.00159687
961000 0.0456125 0.045417 -0.0229786 0.181263 -0.00594892 0.000758923
962000 0.0223783 0.0388439 -0.0104371 0.222532 -0.0193104 0.0161956
963000 0.0550778 0.0130876 -0.0128848 0.225772 -0.0110324 0.0115014
964000 0.0297794 0.0512497 -0.0472235 0.240231 -0.00400489 0.0130246
965000 0.0666701 0.0373444 -0.0305419 0.249454 -0.0233041 0.0139572
966000 0.0276054 0.0502085 -0.0355885 0.259023 -0.0090591 -0.00364166
967000 0.0684571 0.0684484 -0.0109733 0.259858 -0.0069391 -0.00338984
968000 0.0147102 0.0230341 0.0173466 0.284453 0.0074136 0.0078183
969000 0.00944514 0.032599 -0.00227795 0.283528 0.000549343 0.00174957
970000 0.0541468 0.0318628 -0.0215136 0.258481 -0.010055 -0.00783845
971000 0.0537262 0.0422461 -0.00133893 0.295339 -0.00694927 0.00535331
972000 0.0374035 0.0443318 -0.0383933 0.32203 -0.0140568 0.0151791
973000 0.0628629 0.0568488 0.0307842 0.308805 -0.00690648 0.00709962
974000 0.0469525 0.0641536 -0.000227047 0.302974 -0.0244113 -0.00953015
975000 0.0602189 0.0446225 -0.0432236 0.301691 -0.00662559 0.010364
976000 0.0396537 0.058823 -0.037099 0.29559 -0.000933223 0.00884795
977000 0.0254466 0.0741283 -0.0210266 0.292092 -0.025992 0.00530516
978000 0.0222826 0.0571203 -0.000393045 0.305743 -0.024994 -0.00996834
979000 0.0446123 0.0330631 -0.0219541 0.278264 -0.0107967 0.0154831
980000 0.0652789 0.0290711 0.00318703 0.292555 -0.00329077 0.00475977
981000 0.0535857 0.0583358 -0.0374333 0.271221 -0.0306177 0.022571
982000 0.0473199 0.0287907 -0.025533 0.267318 -0.0168369 0.0145492
983000 0.0408255 0.0328669 -0.00890864 0.268776 -0.0404268 -0.00104613
984000 0.0463967 0.0529005 -0.0283366 0.247643 -0.0232351 0.0054995
985000 0.0219455 0.0396646 -0.0323976 0.267653 -0.0334488 0.00742869
986000 0.0547828 0.0453646 0.0151987 0.225749 -0.00243419 0.0163115
987000 0.0646705 0.0166295 -0.0157887 0.231651 -0.00665854 0.000304777
988000 0.0363468 0.0727907 -0.0276685 0.206729 -0.0253582 0.00200718
989000 0.0306679 0.0638574 -0.0611058 0.174011 -0.00851418 0.0249624
990000 0.0297518 0.0271092 0.000251894 0.186104 -0.0125802 -0.00166447
991000 0.0303033 0.0286158 -0.0100085 0.165593 -0.023043 0.00948931
992000 0.0210584 0.0500042 -0.00494655 0.133896 -0.00532554 -0.0042935
993000 0.0260106 0.0431843 -0.0402756 0.113416 -2.34631e-06 0.00596106
994000 0.0486131 0.0535539 -0.0113219 0.112691 -0.0172378 -0.0234011
995000 0.035965 0.0349527 -0.0176445 0.0893414 -0.0294111 0.0135828
996000 0.0427184 0.0462678 -0.0178814 0.0947599 -0.0276406 -0.0123593
997000 0.0205878 0.0761654 0.00956372 0.0417095 -0.0195091 0.0108675
998000 0.0365504 0.0269409 -0.017599 0.0440316 -0.0260237 0.0150375
999000 0.0539255 0.0525152 -0.0118555 -0.00469339 -0.0353565 -0.00237927
1000000 0.0648098 0.0148481 0.0010242 -0.00553847 -0.0115929 0.0100109
