# Time-averaged data for fix ps1
# TimeStep c_thermo_press[1] c_thermo_press[2] c_thermo_press[3] c_thermo_press[4] c_thermo_press[5] c_thermo_press[6]
0 1.72552 1.73381 1.66205 0.00787316 0.00512935 -0.0146986
1000 1.77005 1.71854 1.68388 -0.00682833 0.0241896 0.00403672
2000 1.75155 1.74476 1.69032 -0.0691815 0.0173351 0.0104185
3000 1.79058 1.76264 1.68736 -0.0446864 -0.0206813 -0.00583186
4000 1.80383 1.75232 1.63365 -0.0700191 0.00981261 -0.00920224
5000 1.78612 1.76273 1.66682 -0.076056 0.00336982 -0.000748537
6000 1.78146 1.76939 1.68129 -0.121859 0.00445088 -0.0332679
7000 1.8107 1.75153 1.71337 -0.13234 0.00353181 0.00440916
8000 1.73585 1.73451 1.66146 -0.118606 -0.00139075 -0.00969438
9000 1.76822 1.74898 1.69453 -0.193198 0.00241499 0.0173339
10000 1.78048 1.72209 1.6919 -0.202679 -0.00723424 -0.00757009
11000 1.77381 1.74072 1.65799 -0.199236 0.0378201 -0.00890551
12000 1.76447 1.74014 1.68664 -0.227803 0.0131133 -0.034948
13000 1.74867 1.75944 1.67939 -0.231111 -0.00743382 0.00776755
14000 1.84078 1.73439 1.71996 -0.236185 0.0169829 -0.0156194
15000 1.79989 1.77029 1.68019 -0.206736 0.00664741 0.00768536
16000 1.81499 1.76314 1.69052 -0.255183 -0.0159375 -0.0140311
17000 1.74705 1.77296 1.74543 -0.254763 -0.00855293 0.0220314
18000 1.79323 1.75056 1.70635 -0.261675 0.0172598 0.00422997
19000 1.76141 1.76265 1.66085 -0.270356 -0.0188106 0.00474747
20000 1.78241 1.74958 1.71547 -0.292338 0.0309783 0.0245346
21000 1.77417 1.76839 1.75603 -0.249889 -0.0125198 -0.028526
22000 1.82295 1.78025 1.65769 -0.266157 -0.0196975 0.00585263
23000 1.73737 1.74584 1.67197 -0.28773 0.0151396 0.00128436
24000 1.73898 1.77139 1.72084 -0.309785 0.0130659 -0.0246067
25000 1.74476 1.75679 1.73074 -0.306096 0.00324359 0.00176831
26000 1.79475 1.77995 1.71308 -0.306152 0.0207075 0.00147673
27000 1.76333 1.74507 1.70066 -0.30094 0.0230558 -0.0193341
28000 1.80341 1.7897 1.67876 -0.306166 -0.00979922 -0.0350303
29000 1.82929 1.74503 1.73914 -0.269665 0.0203954 -0.0186583
30000 1.83593 1.78379 1.68072 -0.301199 0.0120483 0.0180945
31000 1.78571 1.76724 1.68486 -0.289492 -0.00667403 -0.00386708
32000 1.78691 1.77686 1.70718 -0.258617 0.0271255 -0.00626963
33000 1.80711 1.7376 1.68673 -0.260809 0.0043349 0.0248658
34000 1.78869 1.77767 1.70963 -0.246182 -0.0106806 7.26204e-05
35000 1.80237 1.75129 1.71127 -0.222502 0.000701755 0.00039505
36000 1.7789 1.73548 1.716 -0.226518 -0.00229297 -0.0117102
37000 1.77616 1.7656 1.64652 -0.218214 -0.00879592 -0.00593637
38000 1.77167 1.75201 1.71254 -0.198432 -0.00930582 -0.0579394
39000 1.79887 1.72157 1.7223 -0.186429 0.00955229 0.00788281
40000 1.75858 1.7776 1.67829 -0.173474 -0.0251791 -0.0119769
41000 1.76704 1.74658 1.73491 -0.14901 -0.0129476 -0.0476123
42000 1.78232 1.71909 1.68398 -0.158627 0.00385554 0.0147115
43000 1.78415 1.74717 1.66707 -0.114142 0.0233345 0.0100831
44000 1.76062 1.74019 1.67857 -0.121442 -0.0210052 0.00180049
45000 1.78065 1.73324 1.70067 -0.0990678 0.017952 0.0036439
46000 1.81142 1.75952 1.68216 -0.071855 -0.00270682 -0.0125214
47000 1.7818 1.73201 1.68824 -0.0559746 0.0057197 -0.0220679
48000 1.77116 1.74498 1.69064 -0.0307515 -0.00598187 0.0269557
49000 1.75511 1.73181 1.67874 -0.00293553 0.00413036 0.00195984
50000 1.77362 1.73192 1.66945 -0.0449588 0.00159375 0.0166973
51000 1.78191 1.76499 1.66702 0.0283107 -0.00917351 -0.0099634
52000 1.79224 1.7362 1.6739 0.0344045 -0.00698803 -0.0142027
53000 1.76769 1.77379 1.68393 0.0594754 0.00924139 -0.00948682
54000 1.79252 1.75406 1.62709 0.0882061 0.0202881 -0.0291097
55000 1.80201 1.73004 1.65227 0.0977201 -0.008608 -0.0252479
56000 1.7817 1.75381 1.69318 0.130488 -0.00532683 -0.0159946
57000 1.79284 1.77754 1.64953 0.145558 0.0113905 -0.0245882
58000 1.77222 1.7418 1.68604 0.14249 -0.0213811 -0.000388633
59000 1.78513 1.78203 1.71159 0.158811 -0.0165494 0.0088369
60000 1.75626 1.72126 1.71302 0.160404 -0.0414901 -0.01673
61000 1.75906 1.7516 1.65847 0.199736 -0.0152899 -0.0472739
62000 1.7807 1.74875 1.68725 0.198033 0.0159524 -0.0146353
63000 1.78478 1.74605 1.68453 0.232521 -0.00531699 -0.0054435
64000 1.75387 1.73886 1.65626 0.240908 -0.0351913 -0.0316916
65000 1.81617 1.75951 1.67019 0.26589 0.01091 -0.0178556
66000 1.81185 1.76735 1.72403 0.245151 -0.00445246 -0.0495027
67000 1.73176 1.76042 1.70003 0.241775 -0.0100972 0.0101691
68000 1.80647 1.72571 1.65295 0.267721 -0.00838097 -0.023324
69000 1.77181 1.76199 1.67381 0.264423 0.00803871 0.0230384
70000 1.79435 1.71547 1.65018 0.281762 -0.00934624 -0.0108671
71000 1.78207 1.73057 1.71043 0.290839 -0.00121345 -0.00648505
72000 1.82012 1.76789 1.69407 0.313302 0.014157 -0.0156388
73000 1.78691 1.74039 1.70622 0.288714 0.0252058 -0.00546113
74000 1.83072 1.70918 1.68647 0.286781 0.00223948 -0.0132726
75000 1.79501 1.7743 1.67063 0.275982 0.00450512 -0.00155137
76000 1.76319 1.71311 1.69558 0.300653 -0.0017519 0.0287201
77000 1.81617 1.72569 1.68821 0.295757 -0.02328 -0.00843758
78000 1.79306 1.73396 1.67318 0.32425 0.00626818 -0.0245741
79000 1.78966 1.74116 1.66004 0.308252 0.0011971 -0.0190328
80000 1.70206 1.72663 1.67513 0.248804 0.00584318 -0.000795899
81000 1.78402 1.75128 1.67336 0.2858 0.0163313 -0.0271026
82000 1.80405 1.73032 1.67894 0.271263 0.0127339 -0.00829516
83000 1.81768 1.73681 1.70773 0.252565 -0.0350077 0.0171118
84000 1.79862 1.78567 1.64989 0.238071 0.0240526 -0.00881566
85000 1.74305 1.74871 1.68939 0.244919 -0.00538126 0.00573753
86000 1.74915 1.73552 1.68577 0.213299 0.0148399 0.0100473
87000 1.79616 1.76412 1.70532 0.197534 0.0105957 -0.0371831
88000 1.78935 1.7412 1.68308 0.207513 0.00374944 0.037888
89000 1.75283 1.69511 1.66855 0.191071 0.0135562 -0.0315409
90000 1.77022 1.7635 1.68552 0.163811 0.017279 0.022459
91000 1.81173 1.7312 1.67033 0.169445 0.0127564 0.0139027
92000 1.78137 1.71944 1.67869 0.160602 0.0130925 -0.0425108
93000 1.80517 1.74531 1.69633 0.121845 -0.0051452 0.00263891
94000 1.75992 1.72275 1.65621 0.0743696 0.00535675 -0.00440768
95000 1.73197 1.75908 1.66155 0.0719926 -0.0110836 0.0245175
96000 1.76236 1.81069 1.67081 0.0847639 -0.024318 -0.0138616
97000 1.78315 1.73392 1.65103 0.0620664 0.00464012 -0.024255
98000 1.76982 1.72883 1.70063 -0.00248658 0.0160044 -0.00695203
99000 1.71903 1.72815 1.66921 -0.000589942 -0.00852681 -0.0168227
100000 1.77925 1.73897 1.71056 -0.0252836 0.0127452 -0.0166476
101000 1.76001 1.78829 1.72703 -0.0453305 0.00617695 -0.0347914
102000 1.77547 1.72546 1.7344 -0.0753143 0.000714876 -0.031738
103000 1.74536 1.78535 1.68747 -0.0741265 -0.0164193 -0.0386197
104000 1.76412 1.77502 1.68376 -0.0728569 0.000871466 0.00590477
105000 1.80373 1.72137 1.69555 -0.072427 -0.00136432 0.0135022
106000 1.78219 1.73152 1.65966 -0.119065 0.00777411 -0.0180698
107000 1.79939 1.74992 1.68112 -0.140403 0.00522442 -0.0283397
108000 1.74432 1.78537 1.67472 -0.135174 0.0144653 -0.0288098
109000 1.76443 1.69898 1.70068 -0.170533 -0.0136221 0.00100295
110000 1.80299 1.74944 1.68384 -0.150489 0.00892787 -0.0126043
111000 1.80261 1.79435 1.70787 -0.186938 -0.0110462 -0.0147002
112000 1.79898 1.7372 1.67493 -0.195859 0.00216767 0.00502741
113000 1.76163 1.76017 1.68224 -0.252677 -0.0117842 0.0121187
114000 1.79404 1.73158 1.6822 -0.230601 0.0104819 -0.0128948
115000 1.80894 1.78634 1.69743 -0.262388 0.00139281 -0.00162973
116000 1.78726 1.76495 1.67839 -0.236915 -0.0330637 0.00719687
117000 1.79104 1.73076 1.69342 -0.244219 -0.00872986 0.0120167
118000 1.78528 1.72992 1.69345 -0.281411 -0.0188587 -0.0083246
119000 1.75041 1.75858 1.69243 -0.259398 0.011483 -0.0137384
120000 1.75169 1.71873 1.65822 -0.273049 0.00690296 0.0191796
121000 1.73525 1.72059 1.72926 -0.307878 -0.0148968 -0.00325698
122000 1.75127 1.7539 1.6764 -0.298717 0.0154981 -0.0181949
123000 1.77654 1.76681 1.72285 -0.276578 0.0128153 -0.00615585
124000 1.75363 1.76433 1.67217 -0.316847 -0.0134505 -0.0148518
125000 1.74981 1.76362 1.70668 -0.300565 0.0123752 -0.00170265
126000 1.77152 1.75045 1.71467 -0.301852 0.0150059 -0.0212809
127000 1.78802 1.73141 1.68289 -0.318973 -0.00276488 -0.0341397
128000 1.80501 1.73994 1.71009 -0.300793 0.00377809 0.000164494
129000 1.78224 1.72666 1.68924 -0.317368 -0.00117833 -0.0205475
130000 1.78386 1.73695 1.67267 -0.307448 0.00727128 -0.0265792
131000 1.78079 1.7187 1.68627 -0.276079 0.0101095 -0.0297626
132000 1.79867 1.8034 1.69409 -0.240535 -1.44173e-05 0.0084573
133000 1.75931 1.78264 1.70387 -0.273046 0.0130779 -0.0143351
134000 1.75545 1.75468 1.72864 -0.244619 0.0278115 -0.0389807
135000 1.73449 1.7347 1.69877 -0.219796 -0.00648551 -0.018297
136000 1.78226 1.79164 1.70483 -0.240214 -0.0239529 0.0182006
137000 1.75699 1.76554 1.67466 -0.226021 0.00673938 -0.000801987
138000 1.80588 1.7643 1.69162 -0.187212 0.0216137 0.00712712
139000 1.78143 1.74367 1.71397 -0.17382 0.00625127 -0.0115843
140000 1.752 1.72066 1.67211 -0.188049 0.0137881 -0.0145129
141000 1.79531 1.75246 1.64423 -0.15963 0.00518128 -0.0456251
142000 1.72649 1.7485 1.70586 -0.1265 0.010778 -0.0427369
143000 1.73478 1.72951 1.69021 -0.106104 0.00768563 0.0099344
144000 1.77646 1.73414 1.62114 -0.112955 -0.0038228 -0.001221
145000 1.78187 1.73717 1.6666 -0.0942274 0.0106834 -0.0132467
146000 1.75219 1.74641 1.71832 -0.0787788 -0.00262032 -0.0210589
147000 1.74268 1.73568 1.69077 -0.0390717 0.0105766 -0.0108286
148000 1.72318 1.75127 1.67557 -0.058392 -0.0210211 0.0160994
149000 1.79366 1.69811 1.67085 -0.00480111 0.000433021 -0.0135673
150000 1.75215 1.70763 1.683 0.0125668 0.0204692 -0.0220272
151000 1.8148 1.72601 1.65302 0.0119225 -0.0171315 0.0205778
152000 1.79529 1.75977 1.67674 0.0605044 0.000334979 0.00178209
153000 1.75807 1.77658 1.66797 0.105079 0.0236405 -0.0271498
154000 1.78186 1.7655 1.70819 0.0536687 0.00371802 -0.0137374
155000 1.75539 1.77002 1.72508 0.0917633 0.018846 -0.00280661
156000 1.79349 1.72578 1.69547 0.0989856 0.00809275 -0.0254571
157000 1.79557 1.74026 1.68731 0.104581 0.0116107 0.00821671
158000 1.76595 1.7477 1.68429 0.168399 0.00467187 0.00948831
159000 1.7711 1.75803 1.68674 0.174361 0.00787439 -0.0118132
160000 1.78659 1.75546 1.65494 0.132439 -0.0185882 -0.0193913
161000 1.72319 1.73203 1.70371 0.217145 0.0135357 -0.0148323
162000 1.77147 1.78455 1.68422 0.194745 -0.0243427 0.0423807
163000 1.78909 1.79019 1.63347 0.1936 0.00823306 -0.00349624
164000 1.74633 1.73189 1.7111 0.225965 0.0324818 0.0177976
165000 1.75558 1.75403 1.64895 0.262288 -0.0037988 -0.00802264
166000 1.74507 1.7724 1.69172 0.281981 0.00140431 -0.00494273
167000 1.81663 1.73742 1.71413 0.246671 0.00717183 0.0173067
168000 1.78033 1.75408 1.6986 0.279546 0.0195905 0.00226155
169000 1.77788 1.74465 1.62154 0.295571 -0.0145614 -0.000530754
170000 1.80107 1.7754 1.67108 0.267611 0.0023738 -0.0181486
171000 1.77097 1.80073 1.68343 0.301801 -0.0118109 0.00698059
172000 1.81039 1.75509 1.69782 0.278113 -0.025485 0.012227
173000 1.76825 1.82356 1.68357 0.294751 0.0169599 -0.00762109
174000 1.79948 1.806 1.68583 0.286575 -0.0117106 0.000541286
175000 1.78928 1.76059 1.66489 0.31797 0.00118258 0.00915785
176000 1.8018 1.73498 1.72958 0.285857 0.0093591 -0.024702
177000 1.75587 1.78957 1.67722 0.302565 -0.00667621 -0.0193196
178000 1.796 1.77502 1.70583 0.26576 0.0070916 -0.00267271
179000 1.7664 1.72943 1.72783 0.301437 -0.000334116 -0.0211428
180000 1.80371 1.75156 1.72468 0.275365 -0.00898375 -0.0215843
181000 1.80319 1.7282 1.69584 0.235494 0.0148898 -0.00241286
182000 1.74901 1.73074 1.71619 0.26811 -0.00586441 -0.0220167
183000 1.75682 1.72202 1.68915 0.276349 0.00631132 -0.0292104
184000 1.74689 1.70518 1.69435 0.249362 0.0386334 0.0408777
185000 1.77533 1.75257 1.66799 0.22903 0.00651175 0.0114768
186000 1.78373 1.72128 1.69287 0.223337 0.0254373 -0.0123653
187000 1.77017 1.75148 1.64958 0.223191 -0.0140326 -0.0033756
188000 1.7924 1.74166 1.67597 0.223086 0.00920547 0.006227
189000 1.76964 1.74929 1.69862 0.172383 -0.0185937 -0.00815945
190000 1.76395 1.76009 1.64282 0.187521 0.0189475 -0.021724
191000 1.7792 1.76409 1.65321 0.158785 0.00337762 -0.0115542
192000 1.76829 1.75012 1.73073 0.118376 -0.0246875 0.0250409
193000 1.78418 1.74738 1.65695 0.118181 0.0103363 -0.0017916
194000 1.76865 1.71734 1.68538 0.114787 0.0129572 0.00981588
195000 1.76369 1.75683 1.66961 0.0976981 -0.00142391 -0.032682
196000 1.78102 1.76255 1.67973 0.0463893 0.00846242 -0.017602
197000 1.81435 1.75839 1.63767 0.0458198 -0.00652975 -0.0184984
198000 1.76644 1.76342 1.68159 0.0364455 -0.0336243 -0.00531043
199000 1.79241 1.7557 1.70624 0.00322307 0.00784427 0.00321184
200000 1.76976 1.7773 1.68898 -0.013733 0.00961252 -0.0102679
201000 1.77411 1.72898 1.66915 -0.0208338 0.0122131 -0.0143007
202000 1.74422 1.71712 1.66301 -0.0342276 0.0172368 -0.00817736
203000 1.78244 1.72703 1.67782 -0.0595972 0.0160882 0.0285179
204000 1.76792 1.72776 1.72035 -0.0656389 0.0184802 0.0288474
205000 1.7777 1.79472 1.64342 -0.0862245 -0.00172502 -0.0418282
206000 1.78327 1.73334 1.72204 -0.0949272 0.0286714 -0.0106868
207000 1.75823 1.71989 1.7005 -0.144654 -0.0110265 -0.0399108
208000 1.77641 1.73322 1.67886 -0.151243 0.00858987 -0.00353312
209000 1.78385 1.74244 1.71585 -0.177678 0.00710985 -0.00834414
210000 1.85307 1.72346 1.68102 -0.182695 -0.011056 -0.019295
211000 1.7818 1.7475 1.65908 -0.174298 0.00663477 0.0165011
212000 1.75273 1.74354 1.64574 -0.208523 0.0232874 0.00150276
213000 1.74783 1.75254 1.70523 -0.235246 -0.0216566 0.00633258
214000 1.75095 1.75153 1.68392 -0.221287 0.0241274 0.0301208
215000 1.7777 1.7465 1.70277 -0.241318 -0.0183721 0.021381
216000 1.80454 1.72075 1.70873 -0.238259 0.014204 -0.00681028
217000 1.80382 1.75087 1.71159 -0.252513 0.037551 0.0166356
218000 1.75308 1.7746 1.6872 -0.283717 -0.00532316 0.0117137
219000 1.73518 1.76339 1.67292 -0.276631 0.0227217 -0.024062
220000 1.79369 1.72005 1.72411 -0.289541 -0.0244788 0.0355874
221000 1.74787 1.73921 1.71738 -0.279481 0.00499857 -0.000735105
222000 1.77262 1.73738 1.72373 -0.275393 0.00095789 -0.0172648
223000 1.78741 1.76901 1.71679 -0.303997 0.0242686 -0.0104034
224000 1.77724 1.743 1.6791 -0.316656 0.0103526 -0.02973
225000 1.77811 1.77082 1.71494 -0.294296 0.0186945 -0.00718482
226000 1.7445 1.7202 1.6674 -0.303297 0.0130801 -0.0120033
227000 1.7843 1.75537 1.67588 -0.29038 -0.0177709 -0.0111606
228000 1.78061 1.72698 1.69369 -0.306115 -0.00347209 -0.00302819
229000 1.79313 1.78078 1.71721 -0.294523 0.0091586 -0.00966131
230000 1.77373 1.7662 1.68806 -0.282298 0.00314991 -0.0122191
231000 1.77185 1.73632 1.73125 -0.248048 0.0249804 0.0213859
232000 1.76019 1.71717 1.68004 -0.261704 -0.00865985 6.81253e-05
233000 1.80272 1.7478 1.6573 -0.240964 0.0102396 -0.0116452
234000 1.81952 1.73602 1.6937 -0.237267 0.0116706 -0.0372489
235000 1.7965 1.70471 1.64366 -0.234047 0.0155328 0.016291
236000 1.78566 1.74014 1.69647 -0.241956 0.0256636 0.0108174
237000 1.79949 1.76032 1.71763 -0.213087 0.00245841 -0.022675
238000 1.74591 1.75925 1.68087 -0.190317 0.0341345 -0.0150893
239000 1.8095 1.75294 1.68472 -0.162897 0.00640742 0.0161703
240000 1.77664 1.75924 1.7212 -0.187022 -0.0199281 -0.0142503
241000 1.79558 1.71593 1.69942 -0.159421 0.0150215 -0.00531035
242000 1.81459 1.72584 1.64268 -0.122316 0.000838984 -0.0249326
243000 1.77882 1.7416 1.66894 -0.11562 0.0369839 0.00484317
244000 1.76668 1.74806 1.68477 -0.108235 0.0122427 -0.0256013
245000 1.81566 1.71512 1.63796 -0.105273 0.0203554 -0.0261513
246000 1.73625 1.74674 1.66532 -0.0552625 0.0150977 0.00579234
247000 1.77009 1.76773 1.69375 -0.0270455 0.0166498 -0.0109101
248000 1.7944 1.75046 1.66331 -0.031625 -0.0012591 -0.0146982
249000 1.78968 1.75743 1.68979 -0.0227771 0.025777 0.0163447
250000 1.76159 1.77281 1.68795 -0.00948696 0.00875328 0.0044127
251000 1.75406 1.7382 1.67764 0.000866441 0.00955543 -0.0528247
252000 1.79114 1.76309 1.70061 0.0597946 -0.0235719 -0.0293283
253000 1.7794 1.73378 1.68189 0.0462142 0.00413848 -0.0306514
254000 1.74904 1.71916 1.66403 0.0877709 0.0389326 -0.00759113
255000 1.76789 1.77835 1.63408 0.0997566 0.0239705 -0.0139024
256000 1.78948 1.75571 1.69936 0.108258 -0.013549 0.00932503
257000 1.72908 1.74345 1.65914 0.0846058 0.039037 0.0147951
258000 1.75349 1.7812 1.65101 0.141054 0.00926479 -0.00445193
259000 1.79904 1.74712 1.68978 0.180256 0.0186212 2.14616e-06
260000 1.76604 1.75275 1.68927 0.172675 -0.0291999 -0.0250055
261000 1.77398 1.77474 1.67781 0.198557 0.0327049 0.000224493
262000 1.77147 1.7186 1.66682 0.203913 0.0373199 -0.00636685
263000 1.77943 1.73003 1.65784 0.212519 -0.00444289 -0.0169302
264000 1.77118 1.75858 1.64561 0.23521 -0.0127909 -0.0137492
265000 1.7954 1.79238 1.67513 0.251189 0.0134829 -0.00746389
266000 1.76667 1.77944 1.66257 0.253819 0.0241574 -0.000145127
267000 1.77639 1.7479 1.64304 0.251838 -0.00891154 -0.00950809
268000 1.78034 1.77136 1.69255 0.270917 -0.0404291 -0.013885
269000 1.79173 1.73622 1.63392 0.27886 -0.00142606 -0.0167943
270000 1.79028 1.71798 1.69867 0.285655 0.0190412 -0.0186817
271000 1.76067 1.72294 1.65907 0.278777 0.0108416 -0.028921
272000 1.82678 1.75826 1.72206 0.289888 0.00359121 0.0128733
273000 1.75959 1.74156 1.69296 0.274993 -0.0107508 0.0162057
274000 1.75769 1.75175 1.71067 0.30759 -0.00980727 0.00645364
275000 1.76807 1.78104 1.6781 0.320187 -0.0347958 0.00495091
276000 1.78879 1.76886 1.6312 0.291647 0.00105605 -0.0231902
277000 1.81035 1.78349 1.69495 0.303649 0.00404311 0.00258969
278000 1.79091 1.78238 1.66836 0.281735 -0.000243244 -0.0314902
279000 1.77365 1.75674 1.69679 0.28897 -0.00227744 -0.00841165
280000 1.739 1.77481 1.67939 0.329748 0.0178348 -0.0329533
281000 1.82152 1.7361 1.67833 0.232148 0.00356252 0.00866606
282000 1.74438 1.75897 1.70259 0.258046 -0.0306711 -0.00190079
283000 1.78432 1.7821 1.67539 0.287543 0.00285229 -0.0156173
284000 1.75823 1.74877 1.68065 0.254109 -0.0306214 0.00152399
285000 1.75148 1.75103 1.71253 0.240238 -0.0267695 -0.00152666
286000 1.74219 1.71906 1.69157 0.233889 -0.00282144 -0.000209072
287000 1.79755 1.71039 1.73205 0.198865 -0.00173449 -0.015123
288000 1.77032 1.77886 1.65536 0.197137 0.00976572 -0.0136516
289000 1.78822 1.73554 1.64103 0.188245 0.00569583 0.022167
290000 1.76568 1.71866 1.66735 0.159496 -0.00768498 -0.00787518
291000 1.79476 1.73297 1.6738 0.13573 -0.0142475 -0.00509168
292000 1.78613 1.75528 1.6471 0.129802 -0.00431678 0.00945095
293000 1.74387 1.72664 1.71661 0.134829 -0.0167719 -0.0114126
294000 1.77213 1.72476 1.66633 0.0945307 -0.00943969 0.0314734
295000 1.81293 1.73073 1.69516 0.109413 -0.024899 -0.0199836
296000 1.78342 1.7088 1.66656 0.0979896 0.0125432 -0.00447197
297000 1.78907 1.71829 1.67732 0.0809054 -0.00635329 0.0183744
298000 1.78417 1.74576 1.70333 0.0214403 0.00574714 -0.0116614
299000 1.7814 1.7045 1.68537 0.00283646 0.0313814 -0.0100732
300000 1.76553 1.73012 1.70073 0.00834046 -0.000611856 0.015449
301000 1.74681 1.77068 1.69889 -0.0660575 0.0011609 -0.0140482
302000 1.80683 1.73327 1.67818 -0.0351928 0.0257583 -0.0023542
303000 1.80949 1.67538 1.66848 -0.0413481 0.00693576 -0.0112681
304000 1.74112 1.77065 1.70913 -0.0597147 0.0270779 -0.0140854
305000 1.80635 1.70388 1.68326 -0.0823705 0.00246975 -0.0197313
306000 1.75861 1.75611 1.67189 -0.146351 0.0353109 -0.00509959
307000 1.80256 1.74539 1.65688 -0.152201 -0.012657 -0.00266946
308000 1.79511 1.74705 1.68782 -0.142765 -0.0118981 -0.023309
309000 1.77489 1.74445 1.71104 -0.150238 0.0158472 -0.041481
310000 1.74907 1.75059 1.72129 -0.197481 -0.010186 -0.0236726
311000 1.78966 1.73792 1.66596 -0.187942 0.0187441 -0.000899001
312000 1.79141 1.76824 1.70079 -0.171991 -0.00567581 -0.0270968
313000 1.78292 1.74023 1.67038 -0.23987 0.01468 -0.0030042
314000 1.77834 1.7479 1.66845 -0.22644 0.0451931 -0.017526
315000 1.781 1.76871 1.74524 -0.269886 0.0150929 -0.0325227
316000 1.75073 1.77094 1.70503 -0.25273 0.025961 0.00286357
317000 1.78256 1.75303 1.73908 -0.252586 0.0477103 0.0212721
318000 1.77561 1.72956 1.71128 -0.260153 0.0486365 -0.0128871
319000 1.75083 1.73989 1.67548 -0.278085 -0.0148727 -0.00312979
320000 1.77601 1.7048 1.66144 -0.280365 0.0172923 -0.0110122
321000 1.77185 1.77896 1.71217 -0.274954 0.0287424 0.00712772
322000 1.78339 1.77415 1.69243 -0.28159 -0.0100332 -0.0319213
323000 1.76281 1.75539 1.73797 -0.316107 -0.0113696 -0.0192898
324000 1.72989 1.71204 1.69658 -0.289158 -0.0113551 0.0229743
325000 1.77891 1.75432 1.69167 -0.256657 0.0278695 0.0157124
326000 1.73621 1.8243 1.70117 -0.27589 0.0265431 -0.0215399
327000 1.81281 1.73714 1.66096 -0.277324 0.0468311 -0.00649009
328000 1.76318 1.7768 1.67961 -0.30465 0.000219241 -0.0236357
329000 1.80276 1.76376 1.6965 -0.319022 -0.00163759 -0.0176076
330000 1.80077 1.74138 1.64783 -0.28046 0.0157721 -0.0138868
331000 1.80155 1.76466 1.65838 -0.290772 0.0190521 -0.00118749
332000 1.84769 1.76929 1.65505 -0.270882 -0.0215933 0.0086592
333000 1.8003 1.75574 1.70464 -0.24396 0.0179415 0.00729293
334000 1.79798 1.72555 1.64891 -0.265496 0.000451709 -0.00439744
335000 1.80586 1.72283 1.68935 -0.247328 0.0181854 0.014004
336000 1.805 1.7498 1.65041 -0.215512 0.0192129 -0.00502265
337000 1.76364 1.74737 1.68281 -0.223031 0.0310866 0.0148527
338000 1.73331 1.75026 1.6681 -0.241977 0.00298135 0.0174127
339000 1.77597 1.72369 1.68795 -0.212373 0.00514259 0.00435444
340000 1.79099 1.70434 1.66423 -0.172544 -0.0237731 -0.0383891
341000 1.79001 1.76553 1.65408 -0.159929 0.0244219 0.00305733
342000 1.79233 1.73483 1.67801 -0.132569 -0.00325211 0.00186152
343000 1.80307 1.77574 1.63747 -0.158788 0.0186941 -0.0206823
344000 1.79754 1.70916 1.68092 -0.110363 0.0248191 -0.000763263
345000 1.79298 1.70291 1.6608 -0.0559041 0.0397229 -0.00167851
346000 1.8154 1.76244 1.6573 -0.093981 0.0117308 -0.0107722
347000 1.80552 1.73237 1.67925 -0.0641522 -0.0353161 -0.0315097
348000 1.72672 1.72768 1.70856 -0.0300976 -0.0365844 -0.00263867
349000 1.78325 1.71149 1.6722 0.0113588 -0.00933722 -0.0135451
350000 1.78905 1.69463 1.65153 -0.000503772 -0.0312168 -0.0201535
351000 1.75882 1.71214 1.69114 0.0258572 0.00855098 0.00361126
352000 1.79048 1.73009 1.69309 0.038202 -0.0168187 -0.0246968
353000 1.82475 1.71231 1.67976 0.0624238 -0.0155001 -0.00180145
354000 1.77643 1.77457 1.66185 0.0846952 0.00555608 0.000495974
355000 1.78024 1.7281 1.7092 0.107977 0.00376408 -0.0276682
356000 1.75765 1.74334 1.67258 0.135223 -0.000451748 -0.015668
357000 1.79195 1.70824 1.67987 0.165845 0.0255009 -0.034788
358000 1.73319 1.76312 1.69648 0.156997 0.0267887 -0.0226586
359000 1.81087 1.7672 1.70724 0.171567 -0.0118195 -0.0173422
360000 1.76528 1.74917 1.67997 0.181814 0.0165932 -0.0233574
361000 1.76859 1.75946 1.63582 0.222083 0.00521028 -0.0365176
362000 1.78566 1.78289 1.68928 0.192932 -0.0124231 -0.0241047
363000 1.81722 1.76426 1.69034 0.22661 -0.0137842 -6.88946e-05
364000 1.76376 1.72716 1.68819 0.227017 -0.00491097 0.0174985
365000 1.78939 1.78731 1.697 0.21509 -0.00399774 -0.0188433
366000 1.77914 1.76197 1.68377 0.253249 -0.0228871 -0.0194997
367000 1.81306 1.77168 1.6972 0.237523 0.0320428 -0.00659769
368000 1.7473 1.74283 1.64436 0.267705 -0.00202767 4.1582e-05
369000 1.7991 1.75129 1.62941 0.244807 -0.00566346 0.0275247
370000 1.76585 1.71741 1.65423 0.300887 0.00276911 -0.00498973
371000 1.77424 1.71812 1.68994 0.29745 -2.60532e-05 -0.00412882
372000 1.79696 1.69281 1.71398 0.288267 0.0197761 -0.00125473
373000 1.77739 1.77461 1.68368 0.306029 -0.0328769 0.0433446
374000 1.80134 1.73871 1.69403 0.305545 0.00135423 -0.0357515
375000 1.7773 1.76975 1.68096 0.307199 0.00437907 -0.00449043
376000 1.77091 1.75743 1.6603 0.29154 -0.00799259 -0.00881495
377000 1.81515 1.74632 1.71403 0.26267 0.0194095 -0.0102585
378000 1.75884 1.79361 1.70937 0.310386 0.0256752 -0.00686655
379000 1.76709 1.76524 1.68623 0.235256 -0.0165714 -0.0306632
380000 1.78349 1.75726 1.67819 0.29194 0.00341133 -0.0236503
381000 1.76336 1.74394 1.71276 0.263118 -0.00136612 0.0129873
382000 1.82384 1.7983 1.66942 0.278704 -0.01967 0.00188562
383000 1.81124 1.71382 1.6745 0.268442 0.00422248 -0.0157508
384000 1.75978 1.72554 1.65641 0.250118 0.0213956 -0.0163376
385000 1.81546 1.74825 1.73605 0.231554 0.000254445 -0.030823
386000 1.77083 1.72836 1.68763 0.246517 -0.000501651 -0.0250541
387000 1.77436 1.77332 1.67189 0.227458 0.0224273 0.00306166
388000 1.78994 1.72661 1.69463 0.185493 0.0152196 0.00222082
389000 1.79323 1.70809 1.66004 0.15556 0.0158581 0.0167361
390000 1.76545 1.72947 1.68398 0.165777 0.00298978 0.00026367
391000 1.79401 1.76065 1.70496 0.158761 0.00473762 -0.0101508
392000 1.75296 1.70307 1.68758 0.131321 0.00113974 -0.0349912
393000 1.7755 1.73666 1.71928 0.131992 -0.00478477 -0.0166937
394000 1.7409 1.71175 1.66438 0.106898 -0.0114072 -0.0104732
395000 1.74393 1.73492 1.71457 0.0695015 -0.0120504 -0.00343517
396000 1.79104 1.77215 1.66701 0.0820653 -0.0115173 -0.0011231
397000 1.76627 1.76938 1.71624 0.0423287 0.00660561 0.00491119
398000 1.7632 1.75602 1.69112 0.0478452 0.0121514 0.0158995
399000 1.77662 1.75401 1.72043 -0.0261795 -0.0161103 -0.0022699
400000 1.79124 1.77116 1.70495 0.0188092 -0.032761 -0.0125164
401000 1.74847 1.75254 1.69105 0.00575933 -0.00558434 -0.0208508
402000 1.77545 1.74368 1.67923 -0.0618131 -0.0171382 0.00218847
403000 1.75878 1.72042 1.69409 -0.0412402 0.017548 -0.0232083
404000 1.78486 1.72966 1.69168 -0.0688885 0.0246852 -0.017477
405000 1.783 1.73434 1.688 -0.0709616 -0.00783844 -0.0102368
406000 1.77116 1.7454 1.68059 -0.106187 0.015188 -0.0180058
407000 1.75312 1.69888 1.6454 -0.13184 0.00649325 -0.0222064
408000 1.72419 1.71286 1.63347 -0.128555 -0.0114841 -0.018199
409000 1.79881 1.71211 1.6673 -0.184662 0.018605 -0.0160714
410000 1.76107 1.70734 1.70126 -0.163012 -0.0287408 -0.00410461
411000 1.78735 1.72996 1.69974 -0.190788 0.0128985 -0.013366
412000 1.77233 1.74993 1.66907 -0.215012 0.0239105 -0.0062075
413000 1.77077 1.78218 1.69366 -0.226586 -0.0168185 -0.0207057
414000 1.81545 1.74758 1.71589 -0.255857 -0.0106406 -0.0292551
415000 1.76759 1.77491 1.66777 -0.253047 -0.00227538 -0.0233384
416000 1.7926 1.74265 1.66179 -0.277301 0.0233806 -0.0558753
417000 1.81593 1.77374 1.72394 -0.264981 0.00204822 0.017678
418000 1.75381 1.73004 1.68335 -0.251835 0.0498751 0.00635227
419000 1.77693 1.78579 1.70614 -0.295092 0.00415077 -0.0121504
420000 1.75243 1.75208 1.71432 -0.297185 -0.0110698 -0.0205802
421000 1.75937 1.7878 1.69002 -0.30223 -0.00810268 -0.00709616
422000 1.79463 1.74239 1.72148 -0.303002 0.0498892 -0.00534711
423000 1.84379 1.75302 1.72566 -0.303981 -0.00672846 0.0434975
424000 1.79274 1.75629 1.66628 -0.290703 -0.00365269 0.00814184
425000 1.81155 1.74483 1.70456 -0.32766 0.0406484 0.00160179
426000 1.76284 1.77591 1.65736 -0.301512 -0.0195194 0.0203574
427000 1.79985 1.76503 1.69022 -0.28783 0.0138354 -0.0211705
428000 1.80791 1.7511 1.6854 -0.280289 -0.00997743 -0.0172275
429000 1.78951 1.77659 1.7059 -0.284369 -0.00438793 -0.0239186
430000 1.78842 1.76003 1.68144 -0.264699 0.00624361 -0.0195428
431000 1.79732 1.74718 1.72017 -0.254955 0.00493732 0.0258615
432000 1.76953 1.74728 1.7046 -0.2912 -0.00479874 -0.000430366
433000 1.76614 1.73796 1.68946 -0.245188 0.0250969 -0.0279454
434000 1.7676 1.73177 1.70797 -0.230184 0.0149954 -0.0282029
435000 1.76452 1.80026 1.65521 -0.224127 0.00870019 -0.0126585
436000 1.80336 1.75983 1.70843 -0.256632 0.0220229 0.0094845
437000 1.74319 1.7404 1.6576 -0.19338 -0.00552102 0.000727697
438000 1.78044 1.75279 1.67702 -0.212131 -0.00336937 -0.00477856
439000 1.77475 1.75956 1.64316 -0.209739 -0.0243879 -0.00499879
440000 1.73357 1.72527 1.69401 -0.180765 0.0186382 -0.0121303
441000 1.79277 1.73619 1.70453 -0.144051 0.000446887 0.00469716
442000 1.7729 1.76029 1.71113 -0.165146 0.0271588 0.00432531
443000 1.80642 1.77158 1.68509 -0.12572 0.00921547 -0.0411762
444000 1.78757 1.75344 1.70141 -0.122829 -0.00313369 -0.0342769
445000 1.75153 1.73548 1.70336 -0.0879901 0.0236777 -0.0408648
446000 1.73915 1.71959 1.67828 -0.0810246 -0.00887793 -0.00682222
447000 1.74358 1.75257 1.64908 -0.0414095 0.0182045 -0.0150236
448000 1.79762 1.74728 1.63792 -0.0235744 -0.00531002 0.0123599
449000 1.78408 1.73001 1.6531 -0.0306553 0.00319745 -0.0175643
450000 1.79215 1.7474 1.66739 0.0171998 -0.00184455 -0.0179114
451000 1.72433 1.75275 1.65592 0.00520516 -0.00368088 -0.0239477
452000 1.73619 1.74786 1.68176 0.0430288 0.0078751 -0.0229675
453000 1.81914 1.77291 1.69182 0.0610329 -0.0148622 -0.00712821
454000 1.80165 1.70047 1.63892 0.0896749 -0.00488418 -0.0185726
455000 1.76743 1.74145 1.65602 0.0679335 0.00782272 -0.000889011
456000 1.7894 1.78137 1.6924 0.121353 -0.00670517 0.0163155
457000 1.78436 1.76158 1.69574 0.134324 0.019773 0.00680927
458000 1.80373 1.69946 1.7204 0.143789 0.0120639 -0.0218743
459000 1.80224 1.72016 1.6744 0.149806 0.0204175 -0.0051927
460000 1.80031 1.73898 1.68129 0.19211 0.0191495 0.00180519
461000 1.78652 1.77822 1.68894 0.22311 0.00754201 -0.0257236
462000 1.776 1.75052 1.67679 0.19363 0.0135026 0.00181954
463000 1.77088 1.75842 1.68286 0.205025 0.0325782 -0.0173743
464000 1.82113 1.74079 1.70327 0.265271 0.0228608 -0.00250412
465000 1.83111 1.74809 1.68804 0.255758 0.00596703 -0.0226353
466000 1.79792 1.74551 1.72539 0.263729 -0.0197152 -0.00129814
467000 1.7914 1.73657 1.68389 0.243007 0.0131075 0.00482739
468000 1.80777 1.7294 1.6965 0.270901 0.0199264 0.00255924
469000 1.8049 1.74172 1.63677 0.283716 0.00290245 -0.00872157
470000 1.78066 1.73708 1.71762 0.260062 -0.00795301 -0.0184552
471000 1.79108 1.72341 1.70549 0.304984 0.0192239 -0.00643974
472000 1.80249 1.789 1.66086 0.307599 -0.00547818 -0.0212493
473000 1.79824 1.75914 1.70304 0.28625 -0.0171213 0.0118355
474000 1.7525 1.74232 1.6681 0.310459 0.0140143 0.0181999
475000 1.79922 1.76863 1.68041 0.306337 0.0260903 -0.0123072
476000 1.76048 1.73303 1.72486 0.30508 -0.0292713 0.0222905
477000 1.78913 1.74587 1.63521 0.278562 0.0151352 -0.0108924
478000 1.78689 1.7879 1.67663 0.296367 -0.0257788 0.00327815
479000 1.80841 1.71452 1.69569 0.322757 -0.0115526 -0.0131684
480000 1.80047 1.75136 1.70409 0.293286 -0.0342453 0.0234281
481000 1.80364 1.76068 1.68371 0.26013 -0.0163943 -0.012141
482000 1.73029 1.72627 1.70392 0.273825 -0.00125757 0.00907966
483000 1.78741 1.76545 1.70312 0.247575 -0.0131796 -0.00231162
484000 1.77629 1.7675 1.67623 0.231391 -0.00381246 0.0105881
485000 1.75204 1.72228 1.6942 0.252922 -0.000731672 -0.0210245
486000 1.7691 1.73731 1.69271 0.208641 0.00573428 -0.0212995
487000 1.78763 1.72698 1.67258 0.222259 0.00269534 0.0211841
488000 1.79805 1.72634 1.68279 0.212488 0.000697194 -0.0254229
489000 1.76545 1.75785 1.64972 0.20834 -0.0161727 -0.0306297
490000 1.77842 1.76878 1.68107 0.160058 0.000117422 -0.0295718
491000 1.76908 1.78237 1.67986 0.13643 0.0146846 -0.0340047
492000 1.78825 1.71652 1.68337 0.151396 0.0103936 -0.0123882
493000 1.75173 1.74912 1.68565 0.0929867 -0.0132278 -0.0290773
494000 1.76046 1.76153 1.66558 0.121752 -0.0209613 -0.00112559
495000 1.77891 1.76056 1.65962 0.0971763 -0.00497291 -0.0302404
496000 1.81004 1.75537 1.69537 0.0321033 0.00346018 -0.00801995
497000 1.74033 1.75289 1.70305 0.0370224 -0.0115493 0.0235478
498000 1.74706 1.74231 1.68414 0.0413503 0.00247752 -0.0303691
499000 1.77239 1.7256 1.65198 0.0235026 -0.00511681 -0.00495767
500000 1.78011 1.74197 1.70181 -0.000984937 0.00888814 -0.00315591
501000 1.751 1.75328 1.68652 -0.0178293 0.0140569 0.0114574
502000 1.75683 1.71675 1.68317 -0.0356786 -0.00619399 -0.0256075
503000 1.79457 1.72963 1.62904 -0.0637118 0.00768145 -0.00369878
504000 1.78797 1.72099 1.65697 -0.0644828 -0.00987935 -0.025212
505000 1.76921 1.71261 1.73367 -0.105229 -0.0283927 -0.00110071
506000 1.79196 1.73547 1.67507 -0.129265 -0.00404722 0.00563744
507000 1.80728 1.76377 1.67682 -0.165961 -0.0165921 -0.0121859
508000 1.7816 1.75275 1.71451 -0.135364 -0.00814685 -0.0123951
509000 1.79863 1.71505 1.70746 -0.137878 -0.00183667 0.00305776
510000 1.75176 1.71706 1.68048 -0.194246 0.0335442 -0.00751544
511000 1.75671 1.72522 1.70342 -0.16447 -0.00092372 -0.00379181
512000 1.78294 1.76894 1.68694 -0.215001 -0.000558798 -0.0256032
513000 1.77825 1.74168 1.6933 -0.217371 -0.0322229 -0.00462041
514000 1.77814 1.73187 1.69256 -0.243703 0.0115964 -0.0158244
515000 1.77987 1.73319 1.65541 -0.231533 -0.0281602 -0.00407395
516000 1.7691 1.79019 1.68824 -0.261562 0.0121459 -0.0153901
517000 1.75582 1.74517 1.67931 -0.283229 -0.00221188 -0.00945969
518000 1.78285 1.74867 1.69352 -0.26059 -0.00260853 -0.0459318
519000 1.78115 1.76273 1.67714 -0.272667 0.00486627 0.0132517
520000 1.76755 1.77242 1.73286 -0.269877 -0.00122128 -0.0456652
521000 1.79651 1.76713 1.6785 -0.29484 -0.0200651 -0.0239007
522000 1.78092 1.7664 1.70946 -0.327088 -0.0271396 -0.0144476
523000 1.76837 1.76589 1.69479 -0.322934 -0.0281978 -0.0307769
524000 1.78711 1.74202 1.69776 -0.293 -0.0147046 -0.00145317
525000 1.76586 1.78875 1.69765 -0.303472 0.0228057 0.0121699
526000 1.76761 1.77028 1.72699 -0.283005 0.0116522 -0.00658617
527000 1.74383 1.75064 1.71603 -0.279087 -0.00381958 -0.0427387
528000 1.79381 1.78151 1.69241 -0.278629 -0.0309055 0.00243585
529000 1.80238 1.76321 1.70174 -0.286563 -0.0152173 0.00169751
530000 1.77933 1.76402 1.68805 -0.263724 0.0124765 -0.0520888
531000 1.7315 1.78043 1.66357 -0.307302 -0.0152991 -0.0281345
532000 1.7928 1.73065 1.718 -0.261456 -0.0380096 -0.0147915
533000 1.77741 1.74594 1.71189 -0.273303 -0.0188942 -0.0174348
534000 1.75278 1.7256 1.6844 -0.276465 -0.0210957 0.00606045
535000 1.83948 1.737 1.67297 -0.247351 -0.0301871 -0.00367325
536000 1.79367 1.76233 1.68711 -0.25773 -0.0216935 0.0183051
537000 1.78051 1.74745 1.71887 -0.204923 -0.0146579 -0.0100672
538000 1.77404 1.74368 1.66703 -0.20276 -0.012118 -0.020761
539000 1.78922 1.74639 1.6809 -0.207733 0.0184437 -0.0121082
540000 1.79048 1.751 1.71706 -0.164759 0.00300905 -0.0124665
541000 1.7737 1.74174 1.68997 -0.178115 0.0113422 -0.024906
542000 1.75318 1.74845 1.70896 -0.136739 0.00159691 -0.00114196
543000 1.78425 1.7276 1.65263 -0.120426 0.00269164 -0.0564882
544000 1.77156 1.76912 1.66063 -0.0969193 -0.00247275 -0.00181604
545000 1.77565 1.72433 1.62562 -0.113087 -0.00136495 0.00386039
546000 1.79227 1.73004 1.72718 -0.045867 0.0118548 -0.0108278
547000 1.74563 1.72597 1.68491 -0.046241 0.0040042 -0.00677893
548000 1.77232 1.73901 1.65664 -0.0136134 -0.0325762 -0.0124318
549000 1.79122 1.73872 1.63619 -0.0497698 -0.0138151 0.0232749
550000 1.7865 1.68653 1.6769 0.025025 -0.0134851 -0.0191131
551000 1.79854 1.73909 1.66314 0.0138223 0.0198516 -0.0264369
552000 1.77774 1.73532 1.67209 0.0304094 0.000317123 0.00139687
553000 1.78546 1.75152 1.67803 0.0525183 0.00778785 -0.00187036
554000 1.80002 1.7214 1.68405 0.0884053 0.022691 -0.0118307
555000 1.86282 1.74921 1.6991 0.102183 -0.00806906 -0.0241315
556000 1.78035 1.71607 1.63193 0.112171 0.0113514 -0.00651702
557000 1.74568 1.75195 1.65997 0.136708 0.0110649 -0.00814002
558000 1.78699 1.75787 1.69593 0.139099 0.0265437 -0.000254153
559000 1.74724 1.70807 1.636 0.145256 -0.0179855 -0.0311371
560000 1.7551 1.72237 1.68035 0.163143 0.0212565 0.0235448
561000 1.7827 1.75275 1.71604 0.201566 0.014594 0.00766295
562000 1.78519 1.72325 1.71915 0.192283 0.0114378 -0.0260193
563000 1.74494 1.73004 1.66369 0.246505 -0.00141514 0.00602719
564000 1.81321 1.75943 1.67332 0.213277 -0.00921601 0.025056
565000 1.7986 1.72775 1.68199 0.249657 -0.0404842 0.0223521
566000 1.74901 1.73863 1.65245 0.26031 -0.0249995 0.0135045
567000 1.78242 1.7397 1.67855 0.226339 -0.0204651 -0.00324834
568000 1.79556 1.73237 1.64305 0.272775 -0.0212404 -0.00635677
569000 1.75529 1.7425 1.72186 0.259489 0.0192647 0.00890447
570000 1.8046 1.77203 1.67546 0.280592 0.00293483 -0.0105198
571000 1.75621 1.76546 1.69868 0.253276 0.000437574 -0.00497476
572000 1.7925 1.72429 1.67964 0.280875 -0.00593587 -0.0379477
573000 1.78021 1.73075 1.6925 0.305462 -0.0210542 -0.0522467
574000 1.73389 1.75626 1.70834 0.294055 0.0191539 -0.0243
575000 1.7463 1.74188 1.65671 0.314113 0.0148479 0.00171565
576000 1.79291 1.77125 1.68243 0.279931 -0.0249163 -0.0331909
577000 1.74861 1.73228 1.70035 0.257473 0.014397 -0.0307079
578000 1.78758 1.74349 1.65976 0.29861 -0.00501766 -0.0297352
579000 1.75459 1.74933 1.67854 0.301742 0.0111825 -7.47178e-05
580000 1.75707 1.75576 1.67291 0.292538 0.0096907 0.00544799
581000 1.79388 1.746 1.69637 0.287999 -0.0213578 0.00926553
582000 1.76143 1.72821 1.65724 0.25903 0.00407218 -0.0121368
583000 1.74617 1.74212 1.67894 0.249944 0.0218773 -0.00911165
584000 1.7733 1.72649 1.69007 0.255328 0.0184094 -0.0317827
585000 1.75988 1.7543 1.68386 0.235771 0.0222075 0.0100176
586000 1.79174 1.7305 1.66808 0.251691 0.0234667 -0.0264311
587000 1.80143 1.77195 1.65576 0.21751 0.000722608 0.00753956
588000 1.79158 1.74297 1.67137 0.21769 -0.00989145 -0.0355612
589000 1.7707 1.74775 1.66304 0.176326 -0.0186357 0.0128366
590000 1.73534 1.72189 1.69446 0.151466 0.041592 0.0291036
591000 1.75981 1.71788 1.68192 0.134786 0.00402222 0.00945555
592000 1.79364 1.74074 1.71192 0.160636 0.0088235 0.0162278
593000 1.79533 1.73404 1.65471 0.120275 0.000426394 -0.00531443
594000 1.80206 1.79115 1.70654 0.121011 -0.0161963 -0.0327887
595000 1.79293 1.72283 1.68494 0.0684596 -0.0194018 -0.0301593
596000 1.75598 1.77721 1.66541 0.0874251 -0.00337901 0.0441477
597000 1.77323 1.72579 1.71425 0.0295858 -0.00232677 0.00644477
598000 1.79169 1.68387 1.70455 0.0223727 0.0100745 -0.00816309
599000 1.77939 1.78222 1.68019 0.0187054 0.0103242 0.0086246
600000 1.78192 1.72572 1.69435 0.0177626 -0.0187895 -0.00266734
601000 1.76048 1.73259 1.70437 -0.0415611 -0.00621892 -0.027394
602000 1.74584 1.72718 1.65464 -0.0827572 0.00304138 -0.0214468
603000 1.7809 1.70494 1.67191 -0.0369971 0.000808079 0.0167938
604000 1.77992 1.70508 1.69287 -0.0750629 -0.0409577 -0.0160039
605000 1.73573 1.72466 1.65791 -0.0626216 -0.0084019 0.0122313
606000 1.77725 1.70509 1.66582 -0.0968572 -0.0366754 -0.0376529
607000 1.76674 1.73779 1.69274 -0.135014 -0.0177377 -0.0426759
608000 1.75418 1.71965 1.71964 -0.120953 0.0175495 -0.0205997
609000 1.78321 1.75649 1.71303 -0.155586 -0.0487382 -0.0252352
610000 1.7581 1.76249 1.66463 -0.16184 -0.000342606 -0.0119061
611000 1.76722 1.75978 1.65907 -0.185133 -0.00627161 0.0121674
612000 1.77381 1.7231 1.69967 -0.213703 -0.00538286 -0.022264
613000 1.78356 1.71844 1.71422 -0.185145 -0.0196119 0.0230361
614000 1.76618 1.71664 1.67444 -0.228041 -0.0351891 0.0335931
615000 1.76749 1.7493 1.68152 -0.249977 0.0144281 0.000497176
616000 1.75981 1.7091 1.7008 -0.255562 0.00970255 -0.0275507
617000 1.79818 1.74444 1.68975 -0.271861 0.00274616 -0.00362402
618000 1.78293 1.74862 1.71374 -0.276792 -0.0160317 9.51521e-05
619000 1.74034 1.7761 1.70596 -0.276299 -0.00961835 -0.0284968
620000 1.79417 1.7512 1.71816 -0.267898 0.00557227 0.00383545
621000 1.78252 1.74332 1.6766 -0.258266 -0.002183 -0.00343288
622000 1.77874 1.79208 1.71425 -0.290612 0.0020042 0.00575336
623000 1.74413 1.72315 1.66708 -0.309256 -0.00124617 -0.00504087
624000 1.75952 1.76842 1.69998 -0.292018 -0.0129337 -0.0277802
625000 1.79514 1.75584 1.70163 -0.272872 0.00386785 -0.0137405
626000 1.78626 1.73218 1.69269 -0.296839 0.0268963 -0.0269351
627000 1.75093 1.75314 1.69702 -0.297632 -0.0133617 -0.0129451
628000 1.78764 1.75872 1.67855 -0.29161 0.00188551 0.00819255
629000 1.74175 1.72312 1.6637 -0.321652 -0.0248219 -0.0204295
630000 1.794 1.7573 1.66777 -0.262828 0.0118205 -0.0192693
631000 1.75837 1.71624 1.69525 -0.292248 -0.00731187 0.0110503
632000 1.77495 1.79466 1.68662 -0.250826 0.00809078 -0.00787742
633000 1.76739 1.76036 1.70195 -0.285542 0.0233071 -0.0236541
634000 1.80494 1.68083 1.70906 -0.243209 -0.0186845 -0.0380385
635000 1.73876 1.73262 1.65496 -0.246462 -0.0408476 -0.0113731
636000 1.77547 1.75518 1.68819 -0.218517 0.0247999 -0.00368047
637000 1.75701 1.74067 1.70988 -0.206033 0.0247622 -0.0101612
638000 1.75429 1.73606 1.6638 -0.21403 -0.0125882 -0.0216523
639000 1.78338 1.75108 1.63633 -0.179227 0.0365581 -0.0246622
640000 1.78598 1.74292 1.64573 -0.170112 -0.0227053 0.00924517
641000 1.82966 1.72147 1.66611 -0.188401 -0.0204912 -0.0123553
642000 1.75634 1.72509 1.71069 -0.107117 -0.00902841 0.00943666
643000 1.74015 1.74091 1.68167 -0.126201 0.0135388 -0.0364931
644000 1.80162 1.73551 1.67722 -0.128146 0.0227886 -0.013915
645000 1.73816 1.76404 1.68173 -0.0967452 0.00486946 -0.00966283
646000 1.77945 1.75291 1.67163 -0.0752002 -0.00986869 -0.0188636
647000 1.75696 1.72538 1.7158 -0.0571924 0.0238437 -0.00011519
648000 1.78843 1.73922 1.71318 -0.0260059 -0.00231963 -0.013125
649000 1.75849 1.74822 1.72957 0.00637704 -0.00283851 0.0100701
650000 1.7487 1.73105 1.66709 0.0216572 0.0202056 -0.0147887
651000 1.7792 1.68287 1.70481 0.0102927 -0.0389828 -0.0134802
652000 1.78506 1.71674 1.70005 0.0414477 -0.034745 -0.0290524
653000 1.73467 1.76828 1.68543 0.069112 -0.0231132 0.0065246
654000 1.77825 1.75181 1.68977 0.10828 0.01456 -0.020628
655000 1.77275 1.7834 1.69253 0.111168 0.000183694 -0.0197289
656000 1.77169 1.74329 1.70756 0.142164 -0.00519744 -0.0098348
657000 1.73071 1.72891 1.7 0.131936 -0.0293577 0.0116339
658000 1.78674 1.79322 1.7007 0.168289 -0.0101008 0.0293316
659000 1.75155 1.77301 1.69254 0.170656 -0.00127646 0.0101249
660000 1.76514 1.7649 1.65775 0.195962 0.00344814 0.00044268
661000 1.80894 1.72201 1.68593 0.219271 0.033753 -0.00701134
662000 1.76743 1.74537 1.72083 0.200408 -0.00752977 0.0110027
663000 1.78733 1.75978 1.66636 0.206053 0.00635873 0.00366643
664000 1.76597 1.75075 1.6859 0.254284 0.0356333 0.00563337
665000 1.76702 1.76965 1.70188 0.252704 -0.0110306 0.0171521
666000 1.794 1.73196 1.66209 0.262587 0.00763279 0.00159864
667000 1.75984 1.75468 1.752 0.271191 0.00766042 0.0159482
668000 1.78078 1.72005 1.74101 0.263285 0.019798 -0.0227526
669000 1.79096 1.77314 1.662 0.276367 -0.00437099 0.0104358
670000 1.8005 1.72382 1.71473 0.282605 0.00691341 -0.0175589
671000 1.80288 1.75034 1.71134 0.270883 -0.0119697 -0.0240467
672000 1.80324 1.72545 1.6807 0.295755 0.0111859 0.00570916
673000 1.7674 1.76617 1.66981 0.262548 0.00370672 -0.0240735
674000 1.79871 1.73752 1.65124 0.290532 -0.00618486 0.0336785
675000 1.77819 1.75343 1.67737 0.288178 0.019892 -0.0119753
676000 1.80727 1.76463 1.68276 0.291945 0.0457462 -0.00253646
677000 1.8075 1.74714 1.70702 0.3108 -0.0141497 -0.0220335
678000 1.81464 1.80412 1.6557 0.304073 0.0232877 0.0196408
679000 1.76211 1.76379 1.71114 0.290799 0.0209716 0.0346869
680000 1.75597 1.7859 1.7141 0.294767 -0.0013905 0.0132086
681000 1.77084 1.73581 1.69935 0.28648 -0.023073 0.012121
682000 1.80353 1.73796 1.70488 0.260276 -0.00515839 0.0176375
683000 1.76988 1.73757 1.66957 0.264696 -0.0167123 -0.0072177
684000 1.80341 1.7506 1.66177 0.240797 -0.00252356 -0.00855323
685000 1.74409 1.77311 1.73423 0.235193 -0.02174 0.011228
686000 1.77571 1.73235 1.66761 0.225824 0.00065834 0.0242376
687000 1.74935 1.72403 1.71552 0.229032 -0.0183887 -0.0106674
688000 1.78073 1.76561 1.66355 0.218093 -0.00656726 -0.000116643
689000 1.76265 1.72477 1.6756 0.168485 -0.000733355 0.00834284
690000 1.78108 1.70972 1.68449 0.16638 -0.0111247 0.00370773
691000 1.79102 1.75741 1.6854 0.164928 0.0384874 -0.011134
692000 1.80869 1.71249 1.67525 0.120543 0.00265116 0.0302131
693000 1.74781 1.75489 1.70673 0.121034 0.0082531 0.0150395
694000 1.78745 1.72665 1.67572 0.108511 0.011808 0.0118183
695000 1.80036 1.7282 1.68668 0.0802483 0.0303572 0.0134155
696000 1.73698 1.76562 1.65328 0.0641516 0.0035122 0.0289755
697000 1.79735 1.72972 1.66835 0.0579284 0.000321185 -0.00331748
698000 1.76931 1.73742 1.6621 0.0300974 0.0147047 0.0261496
699000 1.78455 1.69782 1.66191 0.0162693 -0.00977925 -0.0107185
700000 1.81266 1.73623 1.65142 0.00440877 -0.0085771 0.0138418
701000 1.77973 1.72364 1.6787 -0.0106485 0.0151828 -0.0085027
702000 1.76881 1.74804 1.65511 -0.0377034 0.0179504 0.0174058
703000 1.76927 1.74586 1.65996 -0.0337623 0.00653389 0.00068695
704000 1.76031 1.76076 1.63673 -0.0517396 -0.00361742 0.00533032
705000 1.76043 1.68702 1.67528 -0.087756 0.0206978 -0.00511304
706000 1.78261 1.76671 1.70637 -0.0974827 -0.0182255 0.00243311
707000 1.7991 1.74529 1.72509 -0.110311 0.0376462 0.00693465
708000 1.75373 1.76866 1.69171 -0.142923 -0.00801308 -0.00734674
709000 1.80499 1.77514 1.69675 -0.197125 0.00422367 0.000364485
710000 1.7653 1.72895 1.69751 -0.172267 0.018867 -0.0126842
711000 1.78609 1.77654 1.70393 -0.181401 0.00677094 0.00420118
712000 1.78562 1.76436 1.65082 -0.192751 -0.0100741 0.000776245
713000 1.72782 1.75746 1.66528 -0.200427 0.0091834 -0.0208983
714000 1.80796 1.78569 1.68814 -0.206009 0.0541751 -0.0418154
715000 1.78125 1.76534 1.64626 -0.215764 0.00455315 -0.0115986
716000 1.75664 1.73514 1.70277 -0.235507 0.00518928 -0.00418266
717000 1.80278 1.75777 1.68622 -0.235804 -0.00858375 -0.00230911
718000 1.7445 1.76746 1.72855 -0.297 -0.0141496 -0.0231246
719000 1.7644 1.78631 1.73401 -0.295564 0.00520599 -0.0337367
720000 1.8249 1.76765 1.69875 -0.229915 -0.0296817 -0.0161324
721000 1.77322 1.76561 1.66331 -0.315967 0.0230648 -0.0069189
722000 1.8128 1.80727 1.7085 -0.307063 -0.00162766 -0.0161368
723000 1.76757 1.75937 1.68843 -0.273543 0.0173989 -0.0434142
724000 1.77692 1.80328 1.69537 -0.302763 -0.000278534 0.00840488
725000 1.7784 1.76566 1.64519 -0.299865 -0.00755645 -0.0236491
726000 1.7667 1.77596 1.7366 -0.295849 0.0134546 -0.0383987
727000 1.76069 1.76351 1.74447 -0.275565 -0.000503985 -0.027497
728000 1.76028 1.77255 1.67657 -0.292569 -0.0148896 0.00467536
729000 1.76088 1.70583 1.71199 -0.322323 -0.0235606 0.0153996
730000 1.80179 1.75063 1.67363 -0.280073 -0.00344128 -0.0132757
731000 1.76195 1.75701 1.68376 -0.293159 -0.00592061 0.0198339
732000 1.76858 1.77671 1.66694 -0.247515 0.0058802 0.00785599
733000 1.72769 1.80672 1.6829 -0.277021 0.0267212 0.00923783
734000 1.75784 1.73673 1.68097 -0.237801 -0.0197192 -0.0161313
735000 1.78997 1.71714 1.69842 -0.237794 0.00118984 0.00232406
736000 1.79571 1.76996 1.71504 -0.237415 -0.0196771 0.0275138
737000 1.75598 1.74384 1.69295 -0.207316 -0.011846 -0.0209085
738000 1.77906 1.72066 1.70039 -0.209544 6.65629e-05 -0.00326696
739000 1.76894 1.72999 1.73301 -0.194778 -0.00434587 -0.0243382
740000 1.78465 1.76493 1.72657 -0.200509 0.0119148 0.00193597
741000 1.73046 1.75003 1.64532 -0.174599 0.000777289 -0.00119006
742000 1.81855 1.71102 1.65929 -0.127171 0.00604383 -0.0022848
743000 1.75789 1.74128 1.68553 -0.116931 0.0394679 -0.00817323
744000 1.77138 1.71673 1.65146 -0.121256 0.00577016 -0.0218357
745000 1.74747 1.76781 1.70988 -0.101992 0.000661727 -0.0440404
746000 1.7928 1.76438 1.67505 -0.0463064 -0.000736312 -0.0109153
747000 1.74003 1.70395 1.69877 -0.0617689 0.0235573 -0.0180697
748000 1.77814 1.73775 1.67194 -0.021884 0.021367 0.00883158
749000 1.75352 1.73198 1.69241 0.00390236 0.0126694 -0.00769465
750000 1.74767 1.71829 1.69235 0.0175199 -0.0058597 0.0248544
751000 1.72531 1.72292 1.68715 0.0109158 0.0193221 0.0169503
752000 1.73068 1.77154 1.72295 0.0474003 0.0239768 -0.0153894
753000 1.81348 1.73091 1.69236 0.0493025 0.000910677 -0.0131862
754000 1.72481 1.74997 1.68041 0.0664345 0.0187145 -0.0260312
755000 1.69883 1.68137 1.66977 0.100693 -0.0133498 0.0225124
756000 1.73478 1.78315 1.66516 0.134227 0.00975996 0.00268279
757000 1.77531 1.75838 1.70008 0.134629 -0.0133716 0.0112261
758000 1.7248 1.76553 1.6725 0.142828 0.0129806 0.0132936
759000 1.81415 1.77708 1.66631 0.164005 -0.0344894 -0.0177871
760000 1.73079 1.69726 1.71824 0.184776 -0.00309983 -0.0132877
761000 1.75694 1.74699 1.73304 0.223658 0.0313394 -0.0184242
762000 1.76439 1.7209 1.70149 0.221639 -0.00933562 -0.00724418
763000 1.80415 1.80105 1.72521 0.212869 0.0161513 -0.00305433
764000 1.78636 1.71688 1.71566 0.214824 0.00964939 0.0146432
765000 1.78511 1.71504 1.71116 0.234153 0.00753369 -0.011948
766000 1.77333 1.73215 1.72746 0.276456 -0.013763 -0.00066028
767000 1.81146 1.74289 1.69005 0.270922 0.00230432 -0.0046112
768000 1.79475 1.72517 1.67257 0.276955 0.0271572 -0.0191881
769000 1.74806 1.73101 1.70558 0.30861 0.0349778 -0.0195365
770000 1.75665 1.72989 1.72341 0.289358 0.000743095 -0.0148426
771000 1.74675 1.76312 1.69422 0.278054 0.0057335 -0.0105393
772000 1.76705 1.80235 1.6523 0.285268 -0.00257502 0.000835995
773000 1.78433 1.77152 1.65181 0.293809 -0.00822973 -0.000717406
774000 1.80552 1.74121 1.66682 0.276766 0.0154866 -0.0290024
775000 1.79207 1.77053 1.70811 0.264667 0.0161562 0.00247478
776000 1.76831 1.77966 1.65196 0.298592 0.000184358 0.0309372
777000 1.83393 1.75117 1.70703 0.295185 0.0281458 -0.0081989
778000 1.77029 1.73044 1.66381 0.321355 0.0158813 -0.0353733
779000 1.77834 1.7557 1.70513 0.301197 0.0220133 0.00849339
780000 1.7888 1.79751 1.69234 0.297205 0.0052626 -0.00224801
781000 1.74829 1.7428 1.7275 0.29184 -0.00599131 -0.00417276
782000 1.78113 1.77832 1.71529 0.277866 -0.0182488 0.00877196
783000 1.83985 1.7704 1.72149 0.288804 0.0276375 0.0108808
784000 1.78355 1.72953 1.6779 0.251167 -0.00382783 0.00955768
785000 1.77595 1.75746 1.71702 0.226164 0.0161805 0.0010452
786000 1.74792 1.75171 1.6923 0.228869 -0.000362175 -0.00105693
787000 1.77169 1.73873 1.68099 0.209131 0.036191 -0.0174274
788000 1.75576 1.73588 1.69242 0.190861 -0.00739926 0.0039034
789000 1.77807 1.70658 1.67612 0.169577 0.022292 -0.0184361
790000 1.79916 1.76879 1.71044 0.165134 0.0171756 -0.00220141
791000 1.74794 1.72426 1.6752 0.17781 -0.01063 0.0251703
792000 1.76737 1.7412 1.70792 0.152689 0.00499785 0.0237593
793000 1.78594 1.7637 1.68512 0.153742 -0.0219319 -0.028628
794000 1.76588 1.72124 1.71488 0.103061 0.0200391 0.0144787
795000 1.77035 1.75598 1.68197 0.110703 0.0278382 -0.00871084
796000 1.79786 1.78493 1.64746 0.0752903 -0.00696387 0.0328123
797000 1.73332 1.71725 1.71442 0.0658609 0.00314065 -0.0121438
798000 1.77621 1.73927 1.71855 0.020776 0.00832429 -0.00749797
799000 1.77911 1.73709 1.70869 0.0209734 -0.00338038 -0.0141929
800000 1.76086 1.74142 1.65382 -0.000257369 0.0231954 0.00101426
801000 1.76621 1.75769 1.66347 -0.0516849 0.0225483 -0.0140843
802000 1.75599 1.78365 1.66917 -0.0358823 0.0427786 -0.0174165
803000 1.74869 1.71282 1.68113 -0.0711911 0.0185628 -0.00957732
804000 1.81544 1.74076 1.6818 -0.0535187 0.0220594 -0.0334561
805000 1.76366 1.7327 1.71637 -0.108706 0.0121398 0.0145668
806000 1.80103 1.73131 1.66674 -0.120412 -0.00522794 0.00212193
807000 1.73098 1.7843 1.69997 -0.130823 0.00419349 -0.00813519
808000 1.74034 1.74514 1.67428 -0.102418 -0.00376972 -0.0252378
809000 1.77187 1.75892 1.70128 -0.186046 -0.0189545 -0.00686503
810000 1.83382 1.73001 1.71314 -0.188918 0.00596615 0.020966
811000 1.79189 1.77744 1.69532 -0.168002 0.0171377 -0.0164063
812000 1.75696 1.70399 1.6601 -0.226376 0.000851281 -0.00449532
813000 1.78453 1.73393 1.69316 -0.194324 -0.00140216 -0.00493001
814000 1.79472 1.73147 1.70825 -0.25366 0.0326336 0.000938587
815000 1.75032 1.75997 1.68748 -0.215651 0.022339 -0.0132783
816000 1.76492 1.74469 1.70773 -0.258928 0.00760873 0.0184067
817000 1.81334 1.77061 1.71226 -0.261321 -0.0202034 -0.0118567
818000 1.73254 1.81239 1.67889 -0.255846 0.0367562 0.0165251
819000 1.75866 1.75427 1.65311 -0.284158 -0.00507093 -0.0140405
820000 1.77232 1.74169 1.69923 -0.276843 0.0108232 0.00728535
821000 1.74101 1.76445 1.66592 -0.28031 -0.00115186 -0.00483754
822000 1.78169 1.71577 1.70018 -0.285342 0.0139724 -0.0174421
823000 1.77078 1.77459 1.73084 -0.259842 0.0162474 0.00404978
824000 1.75541 1.75811 1.71855 -0.306257 0.0186265 0.00905188
825000 1.77245 1.74481 1.72969 -0.310151 0.0104164 -0.0114815
826000 1.7763 1.73903 1.67594 -0.318914 -0.0097364 -0.000101048
827000 1.7757 1.77082 1.65553 -0.305508 0.00985565 -0.0265103
828000 1.76035 1.76227 1.68477 -0.299807 0.018751 0.0247599
829000 1.79538 1.74631 1.72882 -0.27777 0.0136421 0.0184674
830000 1.76111 1.77573 1.68666 -0.289062 -0.00286412 -0.00509253
831000 1.73417 1.75269 1.66737 -0.289566 -0.00341552 -0.0199616
832000 1.77936 1.75166 1.69062 -0.26309 -0.0128482 -0.00841455
833000 1.79906 1.79126 1.68308 -0.258885 -0.00298241 0.0159901
834000 1.74367 1.76522 1.70311 -0.255608 0.0206801 -0.0116055
835000 1.76095 1.77546 1.66751 -0.262227 -0.00429789 0.00397829
836000 1.73421 1.7318 1.71866 -0.27224 0.0234221 0.0096155
837000 1.76616 1.77035 1.68535 -0.223093 -0.00853694 0.00340798
838000 1.7858 1.75227 1.69784 -0.210273 0.0193162 0.0253306
839000 1.80091 1.74758 1.72473 -0.173081 -0.00169391 -0.00264072
840000 1.75502 1.7136 1.70074 -0.17052 0.00215598 -0.0255152
841000 1.73752 1.72748 1.67099 -0.190692 0.0393183 0.00393534
842000 1.78482 1.72157 1.70897 -0.14315 0.0383917 0.0261075
843000 1.77116 1.75366 1.66409 -0.125658 -0.00055537 -0.00638035
844000 1.77635 1.76345 1.72098 -0.104885 -0.0202159 0.00051373
845000 1.80358 1.76179 1.66644 -0.106702 0.0247722 -0.0292469
846000 1.7657 1.75499 1.63168 -0.097943 0.00648129 -0.000599703
847000 1.77386 1.79063 1.69385 -0.0409167 0.0299428 0.0376186
848000 1.82065 1.77006 1.66728 -0.0382002 0.0138198 0.00787065
849000 1.76424 1.73517 1.72112 -0.0241202 0.0238692 -0.0141251
850000 1.80157 1.776 1.65859 0.0136994 0.0419802 0.00442305
851000 1.77659 1.75434 1.67884 0.0110702 0.0169939 -0.0224836
852000 1.77256 1.74297 1.74654 0.0561578 0.00344594 -0.0148431
853000 1.79939 1.76961 1.70461 0.0538708 0.00324308 0.00156914
854000 1.78012 1.76929 1.62968 0.0764151 0.0258692 0.010256
855000 1.76775 1.73863 1.67614 0.0919428 0.0210948 0.00922676
856000 1.78569 1.72196 1.69161 0.13614 -0.0085989 0.0304463
857000 1.7687 1.81927 1.67013 0.111519 -0.00133584 -0.0106266
858000 1.73863 1.73505 1.6826 0.141532 -0.0162052 -0.0160314
859000 1.75109 1.71952 1.70431 0.162742 0.0223398 -0.00882237
860000 1.78096 1.72874 1.7162 0.175549 -0.00113521 0.0218967
861000 1.74267 1.82878 1.7722 0.17429 0.0146467 0.0119964
862000 1.74625 1.76818 1.67089 0.20531 0.0127863 0.00806612
863000 1.78135 1.74006 1.67465 0.222777 -0.00457033 0.0031436
864000 1.79421 1.7388 1.6954 0.221258 0.00173701 -0.0153064
865000 1.77031 1.71698 1.68496 0.232883 0.00778388 -0.00354789
866000 1.78855 1.75363 1.69935 0.241843 -0.00133756 0.00813612
867000 1.83615 1.75114 1.66034 0.263128 -0.00520556 -0.00101051
868000 1.75495 1.74941 1.7144 0.295004 0.00818154 0.0210571
869000 1.76503 1.73081 1.6773 0.272007 0.00780963 -0.0135312
870000 1.78804 1.74986 1.6466 0.268998 0.0029563 -0.0136794
871000 1.78968 1.75341 1.69603 0.305442 0.0323019 0.0101504
872000 1.79678 1.71564 1.67303 0.298081 -0.0124494 0.0169398
873000 1.7689 1.79598 1.68251 0.310485 0.0480711 -0.0156885
874000 1.78202 1.73497 1.69609 0.294437 -0.0102182 0.0220005
875000 1.77348 1.78445 1.6895 0.286715 -0.0149247 0.0045459
876000 1.77279 1.76678 1.68744 0.258244 0.0255395 0.00511835
877000 1.78359 1.73175 1.66293 0.284301 0.0190609 -0.000475945
878000 1.7915 1.73886 1.70716 0.308843 0.00812643 0.021238
879000 1.79 1.71487 1.6678 0.287274 0.0434886 0.0120599
880000 1.79024 1.79138 1.70555 0.297045 0.0226851 0.0224346
881000 1.79085 1.75969 1.69244 0.286549 0.0236158 -0.0179874
882000 1.78275 1.7479 1.69855 0.263973 -0.0125726 0.00625105
883000 1.76737 1.78333 1.69401 0.272359 -0.00422344 0.0149749
884000 1.78467 1.74406 1.64219 0.259951 -0.00400219 0.0174564
885000 1.78474 1.74165 1.65727 0.239 0.0111409 -0.000415029
886000 1.77339 1.74942 1.70887 0.244417 0.0241365 -0.000144408
887000 1.76541 1.73546 1.68475 0.193959 -0.0285028 -0.00605354
888000 1.77087 1.73544 1.67945 0.210704 0.00917946 -0.0405742
889000 1.76846 1.7684 1.63754 0.184259 -0.0129703 0.00968454
890000 1.76477 1.72771 1.6746 0.181359 -0.00367717 -0.0169299
891000 1.72916 1.75755 1.67134 0.14829 0.0141372 -0.0107803
892000 1.73674 1.71254 1.65666 0.135517 0.0347194 0.00736314
893000 1.7624 1.74318 1.69968 0.109988 0.00255883 0.00239739
894000 1.77403 1.73639 1.66235 0.0976815 -0.0150169 0.0055347
895000 1.76111 1.74798 1.65246 0.101658 0.0168198 0.030241
896000 1.7394 1.71788 1.66843 0.0736033 -0.00832097 0.00517815
897000 1.77779 1.74212 1.7259 0.0571365 0.00851236 -0.0134833
898000 1.76087 1.73432 1.6422 0.0689836 -0.0181624 0.00986687
899000 1.76428 1.74667 1.69474 0.021328 0.0276186 0.0161233
900000 1.78868 1.7733 1.69284 0.00539463 -0.024659 0.00422534
901000 1.77111 1.77189 1.6918 -0.0175274 -0.023175 0.0107241
902000 1.77864 1.7226 1.68464 -0.0486546 0.0318003 -0.0382239
903000 1.80188 1.74166 1.70382 -0.0838745 0.0161339 0.0216384
904000 1.72619 1.74231 1.66143 -0.065847 0.00319899 -0.0304922
905000 1.7917 1.7366 1.67259 -0.0901722 0.00945971 -0.0146615
906000 1.76691 1.76687 1.67919 -0.0794545 -0.0184297 0.0188921
907000 1.78671 1.75181 1.70558 -0.118299 -0.0179021 -0.0224828
908000 1.75464 1.73515 1.66436 -0.174555 0.0109172 -0.002264
909000 1.72348 1.75172 1.72156 -0.148556 0.00857457 0.0259916
910000 1.77915 1.76064 1.68124 -0.175027 0.0109 -0.0341223
911000 1.77601 1.74211 1.70271 -0.19685 0.00509695 -0.00245717
912000 1.76452 1.75223 1.66536 -0.177375 0.00842136 0.0017503
913000 1.72949 1.71769 1.70767 -0.238009 -0.00550895 -0.012068
914000 1.80352 1.75246 1.7216 -0.238378 0.000532016 0.0230762
915000 1.78255 1.7377 1.67696 -0.219425 -0.0015198 -0.000284999
916000 1.6915 1.75331 1.69415 -0.265466 -0.0133963 0.00571009
917000 1.77595 1.78303 1.73368 -0.259102 0.00486366 0.000685677
918000 1.79827 1.73258 1.69749 -0.267442 0.00157079 0.0170763
919000 1.81022 1.74016 1.72151 -0.29614 -0.0250922 0.0220149
920000 1.80449 1.74902 1.67158 -0.25667 0.0167998 0.0250016
921000 1.6966 1.77063 1.69148 -0.306117 -0.0155278 -0.00314155
922000 1.76097 1.76837 1.71195 -0.305473 -0.00446964 0.0327657
923000 1.78834 1.75069 1.72056 -0.33066 -0.0154463 0.0247501
924000 1.73893 1.75665 1.71206 -0.309881 0.0308823 0.0279233
925000 1.77364 1.73127 1.75606 -0.287147 0.0054838 -0.011903
926000 1.78471 1.76522 1.68706 -0.263424 0.0456428 0.00849326
927000 1.75958 1.73166 1.71946 -0.293061 0.0194813 0.0116904
928000 1.77235 1.70419 1.692 -0.307113 0.0251438 0.0204567
929000 1.78487 1.73378 1.67531 -0.290989 0.021246 -0.00519773
930000 1.78755 1.72698 1.66213 -0.28529 0.00555149 0.00476996
931000 1.77683 1.76975 1.68787 -0.276628 -0.0170131 0.00186053
932000 1.79354 1.78648 1.7006 -0.261904 0.00727136 0.0151843
933000 1.77329 1.76454 1.66523 -0.260055 0.01826 0.000234521
934000 1.77453 1.71653 1.71824 -0.252127 0.0052952 -0.0151706
935000 1.75468 1.74724 1.70971 -0.234911 -0.000204013 0.0089316
936000 1.77625 1.7472 1.69346 -0.184418 0.0126248 0.018555
937000 1.80059 1.75341 1.69591 -0.213663 0.0410574 -0.0143224
938000 1.78019 1.72332 1.66445 -0.200429 -0.024264 -0.00315248
939000 1.75847 1.73495 1.66288 -0.190913 -0.00713085 0.00809223
940000 1.77976 1.75633 1.70258 -0.144237 0.0199708 -0.00534721
941000 1.76128 1.7588 1.6804 -0.154001 -0.0115627 -0.00231352
942000 1.74928 1.78384 1.66354 -0.167231 0.0199478 0.032134
943000 1.77311 1.73757 1.70089 -0.139982 -0.00381482 0.014495
944000 1.77485 1.67985 1.68536 -0.133747 0.00208133 -0.00514872
945000 1.78472 1.73381 1.65214 -0.0687935 0.0279553 0.00527018
946000 1.77287 1.73686 1.67415 -0.0844952 0.0305427 -0.00986431
947000 1.78533 1.77189 1.71164 -0.0537106 0.00151561 0.00491853
948000 1.72248 1.74891 1.65791 -0.0365146 0.0227007 0.0150665
949000 1.74738 1.74671 1.70509 0.00290084 -0.0118483 0.0231595
950000 1.7797 1.71814 1.7074 -0.000967918 -0.00252458 -0.0293985
951000 1.76109 1.72304 1.6839 0.0223228 0.00305984 0.0302978
952000 1.7721 1.73485 1.6376 0.026277 0.0436313 0.00240918
953000 1.78592 1.72934 1.70825 0.0606044 0.00477525 0.00244375
954000 1.77333 1.74456 1.69366 0.0690291 -0.00930064 -0.00936756
955000 1.7482 1.72332 1.68247 0.0835603 0.00830238 -0.00524163
956000 1.73918 1.7518 1.6797 0.11819 -0.0220471 -0.0146642
957000 1.76604 1.68421 1.69414 0.124535 0.0124845 0.00955574
958000 1.7497 1.74936 1.64186 0.134862 0.00695971 -0.00835494
959000 1.76362 1.73979 1.67419 0.12804 -0.0289245 -0.00251314
960000 1.74697 1.75381 1.6837 0.213337 -0.0119038 0.0173062
961000 1.75979 1.75762 1.67973 0.197912 0.0145152 0.0036144
962000 1.82636 1.71767 1.67902 0.222775 -0.00225921 0.00387783
963000 1.76804 1.75399 1.69047 0.225411 0.00479067 -0.000548117
964000 1.80247 1.76812 1.73461 0.221357 0.00748993 -0.0187494
965000 1.80914 1.73716 1.73498 0.239112 0.00301718 -0.0171078
966000 1.79085 1.74601 1.66572 0.230461 0.0175679 -0.0232883
967000 1.80003 1.74377 1.6918 0.267372 0.00937392 0.005249
968000 1.74701 1.7304 1.68781 0.250704 -0.023032 0.0208211
969000 1.77486 1.77476 1.69681 0.281931 -0.000192694 0.00528641
970000 1.78441 1.75355 1.74364 0.274357 0.0460902 -0.0116399
971000 1.76471 1.72169 1.71477 0.316962 -0.011038 -0.0116567
972000 1.83461 1.77439 1.6451 0.295374 0.0128182 0.00278155
973000 1.74865 1.75935 1.69104 0.295121 -0.0209333 -0.000778235
974000 1.77863 1.7341 1.66973 0.293646 0.0161388 0.040682
975000 1.79382 1.7854 1.68437 0.27317 0.0182149 0.0114164
976000 1.79719 1.76933 1.66371 0.277704 -0.0116187 0.0240072
977000 1.8045 1.74186 1.70201 0.287439 0.0260838 0.00472013
978000 1.80187 1.7835 1.715 0.283452 -0.0149936 0.0101953
979000 1.76442 1.77361 1.69438 0.273892 -0.0186463 -0.0172298
980000 1.76597 1.7306 1.63188 0.277387 0.0177687 0.0115025
981000 1.77638 1.7267 1.68787 0.305316 -0.0238576 -0.0369935
982000 1.80517 1.76511 1.70289 0.267933 0.0399893 -0.015842
983000 1.77239 1.73255 1.69168 0.26366 -0.00546421 0.000789641
984000 1.80314 1.75929 1.7244 0.260827 0.0281657 -0.00842837
985000 1.75174 1.723 1.68382 0.231481 -0.00538329 -0.0026322
986000 1.78018 1.74471 1.69974 0.243254 -0.0125735 -0.00963652
987000 1.75474 1.73843 1.69221 0.223253 -0.0244331 -0.00946265
988000 1.75038 1.81554 1.69355 0.210912 0.00662417 0.0110715
989000 1.77415 1.75502 1.6808 0.175831 -0.00708269 0.000826923
990000 1.78851 1.72689 1.75421 0.167502 0.00194822 0.0161702
991000 1.78709 1.73861 1.70981 0.163779 -0.0237735 -0.00870903
992000 1.79249 1.7739 1.69422 0.159606 0.0102672 0.0122383
993000 1.80793 1.74703 1.68988 0.125725 -0.00854205 0.0202018
994000 1.74527 1.74216 1.67946 0.0671191 0.0306439 0.000457964
995000 1.75936 1.74096 1.68844 0.0657352 0.00597266 0.0387755
996000 1.79028 1.75309 1.68146 0.0486632 -0.0314048 0.00684611
997000 1.8043 1.72137 1.69616 0.0175011 -0.0085359 0.010407
998000 1.76512 1.75766 1.69657 0.0390639 0.0481717 -0.00144033
999000 1.73882 1.76935 1.68309 -0.00079091 0.00173229 -0.0024258
1000000 1.75593 1.75999 1.64027 0.0145923 -0.0048635 0.0036931
