# Time-averaged data for fix ps1
# TimeStep c_thermo_press[1] c_thermo_press[2] c_thermo_press[3] c_thermo_press[4] c_thermo_press[5] c_thermo_press[6]
0 -1.21318 -1.21977 -1.28475 -0.00994484 -0.00687802 -0.0037769
1000 -1.20031 -1.18021 -1.26156 -0.0233618 -0.010227 0.0197809
2000 -1.20975 -1.18343 -1.24378 -0.0334461 -0.0257367 0.00608924
3000 -1.21454 -1.1917 -1.25435 -0.0635574 -0.0108028 0.00262871
4000 -1.19046 -1.216 -1.23117 -0.0794393 -0.00798053 0.0208545
5000 -1.19419 -1.20115 -1.22246 -0.115553 -0.013173 0.0123544
6000 -1.20579 -1.20489 -1.24118 -0.144443 -0.00934133 0.0159094
7000 -1.19377 -1.22731 -1.23326 -0.128966 -0.00366903 0.0223095
8000 -1.20424 -1.20916 -1.23521 -0.163861 -0.0206936 -0.001878
9000 -1.19002 -1.19096 -1.25808 -0.192845 -0.00238381 0.0151307
10000 -1.18368 -1.18221 -1.25162 -0.192809 -0.0115918 0.0155293
11000 -1.1971 -1.19315 -1.2241 -0.21744 -0.0225219 0.016444
12000 -1.19346 -1.19947 -1.23928 -0.225636 -0.00567923 0.0186887
13000 -1.18791 -1.18327 -1.25856 -0.225013 -0.0122197 -0.00524629
14000 -1.17644 -1.20374 -1.25099 -0.242811 -0.0204584 0.0131226
15000 -1.19981 -1.21144 -1.22582 -0.250099 -0.0190766 0.0104864
16000 -1.1932 -1.20156 -1.24324 -0.258199 -0.00762899 0.00911409
17000 -1.19317 -1.19804 -1.23955 -0.281638 -0.00836468 -0.00876503
18000 -1.17142 -1.21118 -1.24948 -0.295327 -0.0107029 0.000150081
19000 -1.1845 -1.19703 -1.23649 -0.296212 -0.0124277 0.00527723
20000 -1.17893 -1.215 -1.23498 -0.31308 -0.00844325 -0.0176344
21000 -1.18012 -1.21519 -1.23397 -0.308948 -0.0148608 -0.000206712
22000 -1.17174 -1.18945 -1.24149 -0.319195 -0.0088024 0.000827932
23000 -1.17591 -1.17005 -1.24334 -0.30969 -0.00233294 0.00780261
24000 -1.17801 -1.19202 -1.25195 -0.3097 -0.00207758 0.0079135
25000 -1.18316 -1.1707 -1.23477 -0.323847 -0.0115625 0.0091198
26000 -1.1829 -1.19247 -1.23898 -0.314011 0.000774022 0.00135443
27000 -1.17778 -1.19005 -1.21759 -0.330495 -0.0111488 0.00582965
28000 -1.1871 -1.18606 -1.25958 -0.298388 -0.0150938 0.0190482
29000 -1.17464 -1.17884 -1.24833 -0.303822 -0.00903571 0.00461273
30000 -1.18573 -1.19533 -1.23959 -0.297815 -0.00681503 0.00848786
31000 -1.19859 -1.17206 -1.23792 -0.294753 -0.0139353 0.00293728
32000 -1.19054 -1.19147 -1.23497 -0.290616 -0.00122472 0.00297418
33000 -1.18232 -1.19486 -1.2529 -0.268137 -0.0144528 0.0122365
34000 -1.18036 -1.19499 -1.24423 -0.263936 -0.0147117 0.0141308
35000 -1.17489 -1.20283 -1.24438 -0.252443 -0.0092248 0.0143315
36000 -1.21165 -1.20558 -1.23788 -0.254702 -0.00776527 0.0156212
37000 -1.19603 -1.18309 -1.23928 -0.243762 -0.0116961 0.0108291
38000 -1.18974 -1.20418 -1.22913 -0.208086 -0.0214638 -0.00493183
39000 -1.1795 -1.19834 -1.26341 -0.214156 -0.0134636 0.0010141
40000 -1.2019 -1.19073 -1.26245 -0.174117 -0.0142265 -0.000879601
41000 -1.20105 -1.19758 -1.25168 -0.172469 -0.0109845 -0.0141866
42000 -1.18747 -1.18231 -1.26166 -0.144595 -0.0117689 0.0155957
43000 -1.18648 -1.19641 -1.25654 -0.124245 -0.00874306 0.0126253
44000 -1.18914 -1.20346 -1.23526 -0.103155 -0.00920095 0.000633985
45000 -1.18356 -1.23268 -1.24502 -0.109226 -0.0091819 0.00169272
46000 -1.18362 -1.19814 -1.25798 -0.0663888 -0.00578541 0.00791947
47000 -1.19734 -1.19371 -1.25613 -0.0670409 -0.00502654 0.0117133
48000 -1.20148 -1.18477 -1.26563 -0.0403303 -0.00922187 -0.00175698
49000 -1.19686 -1.20072 -1.25566 -0.0243059 -0.0229569 0.000824879
50000 -1.17714 -1.19676 -1.25814 0.00132434 -0.0311873 -0.00380843
51000 -1.19433 -1.22355 -1.25054 0.0173407 -0.0175361 0.00741351
52000 -1.17878 -1.21261 -1.25338 0.0394889 -0.0198702 0.00220861
53000 -1.18013 -1.20981 -1.25404 0.0640162 -0.0225735 -0.00790869
54000 -1.19871 -1.18468 -1.25463 0.0694798 -0.0156945 0.0123349
55000 -1.19837 -1.19611 -1.24426 0.0947645 -0.00782244 0.0135364
56000 -1.21216 -1.19618 -1.2648 0.117001 -0.0263595 0.00295024
57000 -1.17821 -1.20305 -1.25863 0.124183 -0.0149196 -0.00138152
58000 -1.18526 -1.19661 -1.24698 0.148662 -0.00934045 0.0067872
59000 -1.19168 -1.17739 -1.24687 0.15585 -0.0205875 0.00784909
60000 -1.19517 -1.17441 -1.23906 0.190862 0.0025448 0.0060242
61000 -1.2148 -1.19013 -1.24057 0.217472 -0.00211437 0.000453867
62000 -1.21337 -1.19261 -1.25329 0.201843 -0.011702 -0.00173584
63000 -1.1814 -1.19737 -1.25734 0.222567 -0.0074029 0.0213239
64000 -1.20646 -1.18886 -1.25604 0.243046 -0.00970059 0.00516449
65000 -1.17587 -1.21261 -1.23932 0.272512 -0.0154581 0.000513935
66000 -1.17262 -1.2139 -1.25321 0.261458 -0.0368159 0.0152198
67000 -1.19068 -1.18501 -1.24152 0.268341 -0.0242984 0.0100189
68000 -1.17312 -1.22208 -1.26189 0.286881 -0.0207988 0.00388422
69000 -1.18816 -1.17642 -1.27734 0.289438 -0.02484 0.0166101
70000 -1.17048 -1.17808 -1.2414 0.305389 -0.0162572 0.0102674
71000 -1.16849 -1.20389 -1.24201 0.292671 -0.0217618 0.0130784
72000 -1.17887 -1.17785 -1.24385 0.296724 -0.016681 0.00331516
73000 -1.18735 -1.17909 -1.24527 0.306177 -0.00568293 -0.00210485
74000 -1.16935 -1.18191 -1.25609 0.310969 -0.0188099 0.00795234
75000 -1.18715 -1.18258 -1.23478 0.316113 -0.0225786 -0.000289885
76000 -1.19438 -1.18075 -1.26167 0.305406 -0.0215667 0.00135185
77000 -1.18771 -1.17605 -1.26497 0.323468 -0.0276979 -0.00697453
78000 -1.17264 -1.1902 -1.22624 0.304025 -0.00167124 0.0111302
79000 -1.18229 -1.19257 -1.23519 0.309914 -0.0194775 0.00724562
80000 -1.18994 -1.18489 -1.25303 0.286794 -0.0165123 0.0106197
81000 -1.18654 -1.1793 -1.24102 0.285182 -0.0128442 0.00155453
82000 -1.19432 -1.18285 -1.25237 0.295431 -0.0195623 0.00389705
83000 -1.17344 -1.18593 -1.26679 0.260534 -0.0115135 0.000179064
84000 -1.20435 -1.19011 -1.2247 0.258816 -0.00180218 0.0178127
85000 -1.19543 -1.18269 -1.24337 0.253459 -0.0162032 -0.0017408
86000 -1.20313 -1.18991 -1.24548 0.237932 -0.0216761 -0.00743315
87000 -1.17161 -1.19365 -1.24709 0.220155 -0.0229267 0.00662106
88000 -1.18607 -1.21096 -1.24948 0.207393 -0.0158807 0.0205419
89000 -1.19944 -1.1961 -1.25732 0.194016 -0.00909994 0.0123069
90000 -1.18408 -1.19847 -1.25492 0.180239 -0.00703061 -0.00255743
91000 -1.20332 -1.18966 -1.24876 0.1709 -0.00688978 -0.00297393
92000 -1.18724 -1.20648 -1.25413 0.129531 -0.0223497 0.00124882
93000 -1.20349 -1.19594 -1.25874 0.11302 -0.0249961 0.00428149
94000 -1.19324 -1.20011 -1.24235 0.119225 -0.00786654 0.00372884
95000 -1.19407 -1.1869 -1.24463 0.0864551 -0.0213353 -0.00404775
96000 -1.17674 -1.2334 -1.27338 0.0655432 -0.0209976 0.000365598
97000 -1.17786 -1.20805 -1.23429 0.061329 -0.00946739 0.00187577
98000 -1.18598 -1.17319 -1.26594 0.03704 -0.0264487 0.00708744
99000 -1.18959 -1.2136 -1.24064 0.0146824 -0.0138294 0.0015146
100000 -1.18302 -1.1951 -1.26757 -0.00604888 -0.0102515 0.0145309
101000 -1.19735 -1.18621 -1.24774 -0.0293099 -0.0066075 -0.00518801
102000 -1.19614 -1.19931 -1.25257 -0.0432176 -0.00486034 2.5876e-05
103000 -1.20264 -1.23043 -1.22971 -0.0569137 -0.00352291 -0.00810926
104000 -1.19683 -1.20115 -1.25958 -0.0741586 -0.0127809 0.00930186
105000 -1.18057 -1.20529 -1.24227 -0.116413 -0.00981412 0.00139179
106000 -1.18702 -1.21345 -1.24092 -0.12605 -0.00260347 0.00552086
107000 -1.17886 -1.2031 -1.25102 -0.140599 -0.0144152 -0.00083869
108000 -1.18924 -1.20672 -1.26035 -0.155361 0.000204326 0.000644702
109000 -1.1695 -1.2018 -1.2559 -0.171943 -0.0198276 -0.00282871
110000 -1.17898 -1.18557 -1.2482 -0.197836 -0.0107194 -0.00647687
111000 -1.19159 -1.19815 -1.23686 -0.208826 -0.0164288 0.0188621
112000 -1.21059 -1.18947 -1.24314 -0.214556 -0.0249005 -0.00330926
113000 -1.19676 -1.19334 -1.26281 -0.237276 -0.0114364 0.00409251
114000 -1.20791 -1.18644 -1.23945 -0.269758 -0.000548199 0.0194793
115000 -1.20793 -1.18361 -1.23514 -0.264747 -0.0143465 0.00343246
116000 -1.2207 -1.1995 -1.23052 -0.27438 -0.00576982 0.0145404
117000 -1.18911 -1.21782 -1.25247 -0.267379 -0.0177949 0.0275933
118000 -1.20428 -1.19397 -1.24125 -0.2845 -0.026064 0.0064578
119000 -1.18806 -1.19549 -1.23381 -0.289932 -0.0218767 0.0109693
120000 -1.19033 -1.17563 -1.24207 -0.294035 -0.00705508 0.00250294
121000 -1.19048 -1.17874 -1.23515 -0.282235 -0.0257528 0.00732502
122000 -1.19914 -1.199 -1.23498 -0.310471 -0.00234628 0.00282957
123000 -1.18165 -1.17406 -1.24986 -0.312673 -0.00322852 -0.00335746
124000 -1.18001 -1.17135 -1.25361 -0.301695 -0.00898637 0.0216907
125000 -1.18027 -1.1666 -1.24599 -0.331996 -0.0139753 0.0123741
126000 -1.16742 -1.22764 -1.22588 -0.322289 -0.00255655 -0.00917629
127000 -1.18698 -1.19897 -1.23336 -0.312833 -0.0109771 0.00775099
128000 -1.1701 -1.17329 -1.2494 -0.319775 -0.0233422 0.0123259
129000 -1.19809 -1.20609 -1.23345 -0.314982 -0.00136691 0.00797366
130000 -1.18774 -1.19957 -1.24794 -0.3063 -0.0184338 0.00747518
131000 -1.18018 -1.19041 -1.25234 -0.30866 -0.00524071 0.0164825
132000 -1.20362 -1.18249 -1.24252 -0.280336 0.00275006 -0.00402242
133000 -1.19435 -1.18861 -1.22563 -0.278434 -0.0145777 -0.00998254
134000 -1.21563 -1.17792 -1.24468 -0.268554 -0.0255145 0.00951419
135000 -1.20478 -1.19963 -1.24546 -0.252658 -0.0150083 0.0014606
136000 -1.18959 -1.1872 -1.25829 -0.24609 -0.0123482 0.0198078
137000 -1.19139 -1.18647 -1.26104 -0.252658 -0.00682308 0.0128133
138000 -1.20709 -1.18478 -1.23579 -0.220541 -0.0181421 0.0189006
139000 -1.20202 -1.21651 -1.20386 -0.204283 -0.029469 0.00599128
140000 -1.20085 -1.20714 -1.25668 -0.185106 -0.0200512 0.00929464
141000 -1.21063 -1.1968 -1.24461 -0.16531 -0.00854817 0.00642231
142000 -1.19307 -1.20946 -1.24412 -0.136406 -0.000973787 0.0137248
143000 -1.20588 -1.19485 -1.26415 -0.133399 -0.0118334 0.015243
144000 -1.20131 -1.18143 -1.26923 -0.0967073 -0.0248025 -0.00226988
145000 -1.19594 -1.20401 -1.23952 -0.0941916 -0.0118864 -0.00822627
146000 -1.17541 -1.21708 -1.25646 -0.0856136 -0.0155473 0.0089382
147000 -1.19363 -1.21429 -1.2479 -0.0765875 -0.0123595 0.0178837
148000 -1.20183 -1.2213 -1.22759 -0.0405312 -0.0271261 -0.00108341
149000 -1.19448 -1.20693 -1.22853 -0.0139798 -0.00986735 0.00731926
150000 -1.16937 -1.20121 -1.28313 -0.0151842 0.0047915 0.0166826
151000 -1.22609 -1.20714 -1.25168 0.020707 -0.0068177 0.0217805
152000 -1.19821 -1.20495 -1.24644 0.0193643 -0.0208171 -0.00379122
153000 -1.19623 -1.21324 -1.23745 0.0466684 -0.00756478 0.00243741
154000 -1.17819 -1.21401 -1.25573 0.0718193 -0.00641949 0.000578897
155000 -1.177 -1.19712 -1.24952 0.0967802 -0.00493444 0.000973677
156000 -1.20659 -1.20118 -1.23718 0.10515 -0.0163893 0.0214632
157000 -1.20065 -1.1943 -1.25149 0.141082 -0.0164049 0.00868086
158000 -1.20225 -1.20546 -1.26846 0.145426 -0.0117785 0.0104453
159000 -1.21934 -1.18222 -1.24814 0.173956 -0.0154715 0.0129369
160000 -1.18351 -1.20082 -1.26819 0.193042 -0.0152541 0.00645969
161000 -1.19573 -1.19293 -1.26916 0.210928 -0.0141101 0.00952431
162000 -1.19931 -1.18908 -1.25255 0.203114 -0.0267426 0.00913229
163000 -1.19416 -1.19086 -1.25829 0.227828 0.00353 0.0105291
164000 -1.18628 -1.18818 -1.23019 0.228558 -0.011029 0.00230141
165000 -1.1929 -1.18398 -1.24275 0.254545 -0.0190629 0.00652984
166000 -1.19753 -1.18853 -1.23981 0.267027 -0.0182847 0.0078432
167000 -1.19225 -1.17718 -1.26617 0.286229 -0.018968 -0.000688958
168000 -1.20974 -1.16107 -1.25908 0.272816 0.016851 0.00524643
169000 -1.1864 -1.17976 -1.26497 0.281169 -0.0206857 0.000772084
170000 -1.21795 -1.18527 -1.25496 0.289954 -0.0238859 0.0248171
171000 -1.18159 -1.18544 -1.24845 0.295952 -0.026731 0.0092269
172000 -1.18306 -1.21212 -1.23804 0.300293 -0.0141326 0.00859898
173000 -1.17994 -1.15985 -1.25277 0.308874 0.00313235 0.0138358
174000 -1.18324 -1.19059 -1.24699 0.305327 -0.00195743 -0.0087378
175000 -1.19019 -1.19086 -1.2432 0.302964 -0.0281255 0.0068212
176000 -1.1785 -1.19269 -1.237 0.327413 -0.0108592 0.0172605
177000 -1.20008 -1.18422 -1.2554 0.310193 -0.0120633 -9.52202e-05
178000 -1.18231 -1.20414 -1.24072 0.307625 -0.0121573 0.00995502
179000 -1.1938 -1.16245 -1.24426 0.283513 -0.00996577 0.000956325
180000 -1.17988 -1.18957 -1.23979 0.281638 -0.023145 -0.00598128
181000 -1.19324 -1.1844 -1.24416 0.29963 -0.015931 -0.000485135
182000 -1.19844 -1.21829 -1.22566 0.28591 -0.0185854 0.00545704
183000 -1.20056 -1.2069 -1.23513 0.266791 -0.0173317 0.0031946
184000 -1.19795 -1.1934 -1.24167 0.277528 -0.013502 0.0113323
185000 -1.19393 -1.19969 -1.27285 0.243905 -0.0237803 0.00504509
186000 -1.19863 -1.19076 -1.24784 0.241933 -0.0160282 0.00485426
187000 -1.19453 -1.19594 -1.24703 0.226014 -0.0174893 0.0139737
188000 -1.19594 -1.2026 -1.24559 0.214165 -0.015265 0.0111279
189000 -1.20337 -1.19784 -1.23644 0.196324 -0.016686 0.00115219
190000 -1.1867 -1.2006 -1.25616 0.179787 -0.00843147 0.0135946
191000 -1.19117 -1.1951 -1.25839 0.151164 -0.0253364 0.00638094
192000 -1.19238 -1.19857 -1.24045 0.143106 -0.0126794 0.00892
193000 -1.18443 -1.19412 -1.2588 0.143306 0.000321146 0.0129027
194000 -1.19449 -1.19574 -1.24969 0.118892 -0.0171925 0.0151409
195000 -1.1768 -1.20304 -1.25865 0.0980104 -0.0143153 0.00146944
196000 -1.19041 -1.19041 -1.25168 0.0880518 -0.00958898 0.00882234
197000 -1.20728 -1.20664 -1.27151 0.0514643 -0.0165458 0.00372778
198000 -1.20604 -1.20842 -1.23835 0.0418716 -0.014821 -0.000795016
199000 -1.21171 -1.20795 -1.25733 0.0221111 -0.0145957 0.0161312
200000 -1.21069 -1.20276 -1.24755 -0.0133484 -0.0100565 0.00831845
201000 -1.21645 -1.20424 -1.23673 -0.00728972 0.00476798 -0.00258352
202000 -1.21623 -1.20057 -1.26505 -0.0500877 0.00290855 0.0163027
203000 -1.19242 -1.20633 -1.2753 -0.0634122 -0.0235458 0.00177046
204000 -1.1943 -1.21514 -1.24412 -0.0808339 -0.0226428 0.014556
205000 -1.19083 -1.21371 -1.25138 -0.107115 -0.0103829 0.00984289
206000 -1.20967 -1.19081 -1.23354 -0.110974 -0.0144707 0.0153582
207000 -1.18221 -1.21189 -1.23068 -0.151278 -0.00635422 -0.0132443
208000 -1.19647 -1.19476 -1.23723 -0.152718 -0.0160872 0.00034866
209000 -1.19753 -1.19941 -1.25368 -0.161473 -0.0172528 -0.00544945
210000 -1.20632 -1.18905 -1.24169 -0.181759 -0.00722617 -0.0082169
211000 -1.18548 -1.20456 -1.25964 -0.227526 -0.0134678 0.00998729
212000 -1.19039 -1.18287 -1.26139 -0.206134 -0.0267155 0.0249098
213000 -1.19864 -1.1886 -1.23719 -0.243225 -0.00651164 0.0111106
214000 -1.1949 -1.20873 -1.24426 -0.244685 -0.013742 0.00515277
215000 -1.17793 -1.19233 -1.26516 -0.267785 -0.0148677 0.0152242
216000 -1.20046 -1.18779 -1.2556 -0.261943 0.00118621 0.00118862
217000 -1.19086 -1.17761 -1.26048 -0.265451 -0.0197909 0.00467895
218000 -1.17581 -1.16637 -1.25508 -0.285958 -0.0116013 -0.00430095
219000 -1.19033 -1.19979 -1.2369 -0.302484 -0.00860333 -0.00223172
220000 -1.19115 -1.19166 -1.24285 -0.304735 -0.0184819 -0.0017558
221000 -1.20808 -1.18028 -1.24461 -0.309403 -0.0111467 -0.00180288
222000 -1.18405 -1.18369 -1.23986 -0.306723 -0.014324 0.00182254
223000 -1.20363 -1.1681 -1.2405 -0.29309 -0.00942853 0.00370104
224000 -1.19605 -1.17966 -1.24116 -0.320478 -0.0229134 0.0033539
225000 -1.18368 -1.18555 -1.23299 -0.327662 -0.00383823 -0.00117927
226000 -1.17852 -1.16923 -1.24456 -0.317644 -0.0170174 -0.00198137
227000 -1.19815 -1.18407 -1.24689 -0.312284 -0.011409 -0.00636692
228000 -1.19882 -1.21 -1.22183 -0.315779 -0.015235 0.00270639
229000 -1.1881 -1.19218 -1.2622 -0.307062 -0.00483499 0.00790913
230000 -1.1787 -1.18787 -1.25313 -0.298627 -0.0241316 0.0130572
231000 -1.17509 -1.17963 -1.26582 -0.297238 -0.0169245 0.0212229
232000 -1.20122 -1.17595 -1.24811 -0.293303 -0.0075046 -0.00791389
233000 -1.18365 -1.18416 -1.26754 -0.266561 -0.0191662 0.022798
234000 -1.19774 -1.19698 -1.2495 -0.24201 -0.0201879 -0.00469771
235000 -1.19482 -1.18741 -1.25484 -0.267599 -0.0158957 0.00737737
236000 -1.20242 -1.19602 -1.25566 -0.242937 -0.0199764 -0.000578673
237000 -1.18935 -1.19848 -1.24633 -0.215836 -0.0226104 0.00446077
238000 -1.18332 -1.22312 -1.26094 -0.216445 -0.0166184 0.0121596
239000 -1.2166 -1.19194 -1.25804 -0.225057 -0.0149722 0.0132689
240000 -1.19008 -1.17756 -1.24935 -0.18849 -0.014465 0.0104729
241000 -1.18405 -1.19444 -1.24084 -0.153836 -0.00725913 0.00189682
242000 -1.19081 -1.20607 -1.23833 -0.153285 -0.00451996 -0.00984433
243000 -1.195 -1.2104 -1.24538 -0.132982 -0.009138 -0.00108417
244000 -1.19443 -1.20901 -1.26194 -0.117836 -0.0142941 0.0208362
245000 -1.19177 -1.20706 -1.24016 -0.102665 -0.004849 0.00186343
246000 -1.20439 -1.1952 -1.24472 -0.0828769 -0.0166153 -0.00573286
247000 -1.16836 -1.20492 -1.25831 -0.0742839 -0.0444796 0.0104073
248000 -1.19279 -1.1836 -1.26154 -0.0430513 -0.00274276 0.0168168
249000 -1.18988 -1.20398 -1.26448 -0.0196289 -0.0248991 0.0126812
250000 -1.21823 -1.19262 -1.25254 0.00757004 -0.0251581 0.0126994
251000 -1.19643 -1.19916 -1.24741 0.0271761 -0.0164269 0.00402842
252000 -1.19 -1.20407 -1.26589 0.0323491 0.00581061 0.0210504
253000 -1.2047 -1.21765 -1.23238 0.0792447 -0.0120774 -0.00457455
254000 -1.20735 -1.19972 -1.26324 0.0880058 -0.0123512 0.00900273
255000 -1.21501 -1.20039 -1.2485 0.0882512 -0.00805324 0.0150773
256000 -1.20176 -1.19317 -1.2661 0.117459 -0.0141721 0.010402
257000 -1.19696 -1.19636 -1.22416 0.126031 -0.0157649 -0.00112082
258000 -1.1935 -1.19148 -1.25676 0.151826 -0.0136204 0.0188333
259000 -1.20512 -1.19834 -1.26803 0.167609 -0.0142107 0.0152882
260000 -1.19486 -1.17912 -1.22554 0.174944 -0.00508104 0.00148601
261000 -1.21467 -1.19695 -1.24588 0.179472 -0.0151539 -0.00165359
262000 -1.19281 -1.18761 -1.24742 0.208352 -0.00755527 0.00142239
263000 -1.18823 -1.18877 -1.24959 0.224947 -0.0271423 0.0102803
264000 -1.18624 -1.18279 -1.26489 0.235995 -0.0267901 0.0119838
265000 -1.19013 -1.1866 -1.25149 0.245019 -0.0190047 0.0100294
266000 -1.209 -1.1895 -1.23508 0.27337 -0.0162573 0.013499
267000 -1.18288 -1.18265 -1.26312 0.288921 -0.00474548 0.00351009
268000 -1.17509 -1.17663 -1.25195 0.285827 -0.013477 0.00327426
269000 -1.17876 -1.18387 -1.22335 0.296651 -0.00834743 0.00293692
270000 -1.17667 -1.18567 -1.24743 0.293001 -0.0138597 0.00669633
271000 -1.19275 -1.20905 -1.22579 0.297972 -0.0261039 0.0038528
272000 -1.18789 -1.18544 -1.26441 0.286193 -0.0216716 0.00327874
273000 -1.19305 -1.17576 -1.24611 0.315177 -0.00793068 0.00525562
274000 -1.1631 -1.20232 -1.27653 0.304485 -0.032477 0.00727557
275000 -1.18187 -1.19443 -1.2545 0.311151 -0.00170299 0.00699034
276000 -1.177 -1.18835 -1.24782 0.296716 -0.0155405 0.0112449
277000 -1.17733 -1.20708 -1.24014 0.311668 -0.0193447 0.024126
278000 -1.17344 -1.21806 -1.2585 0.303112 -0.0195112 -0.00464021
279000 -1.19591 -1.16775 -1.26542 0.303487 -0.0231808 0.0218695
280000 -1.19217 -1.18867 -1.26403 0.285722 -0.021372 0.0146276
281000 -1.15046 -1.19823 -1.26512 0.277373 -0.0160704 0.012557
282000 -1.19792 -1.18019 -1.22643 0.287492 -0.0200552 0.00754216
283000 -1.19985 -1.19966 -1.24459 0.280278 -0.0244394 0.00482383
284000 -1.1925 -1.18844 -1.24515 0.263491 -0.0162869 0.00506345
285000 -1.1925 -1.19354 -1.25191 0.23894 -0.00643147 0.0046766
286000 -1.19575 -1.19958 -1.25227 0.254948 -0.0138925 0.00627575
287000 -1.17402 -1.1827 -1.27109 0.219328 -0.0168009 -0.00420864
288000 -1.18586 -1.20721 -1.23873 0.220244 -0.0240569 0.0152959
289000 -1.20406 -1.19049 -1.25824 0.191728 -0.0149784 -0.00227405
290000 -1.20161 -1.19411 -1.26323 0.203387 -0.0157116 0.015345
291000 -1.19443 -1.18132 -1.25883 0.171265 -0.00990715 0.0119039
292000 -1.19925 -1.21413 -1.25808 0.142395 -0.00872637 0.000515084
293000 -1.19936 -1.18145 -1.24343 0.131935 -0.00611648 0.032761
294000 -1.21331 -1.18462 -1.25212 0.108748 -0.0251369 0.0219292
295000 -1.17694 -1.19076 -1.2628 0.0865578 -0.0147794 -0.00801313
296000 -1.20132 -1.20092 -1.26046 0.080564 -0.0160683 0.000412566
297000 -1.18085 -1.21988 -1.24074 0.0429181 -0.00932938 0.00530301
298000 -1.17662 -1.19777 -1.2639 0.0258045 -0.0123782 0.00143885
299000 -1.18223 -1.21297 -1.24463 0.0116227 -0.0138322 0.0154357
300000 -1.20471 -1.19586 -1.25344 -0.00363222 -0.0110668 0.00899615
301000 -1.19655 -1.19957 -1.25123 -0.0150452 -0.0113083 0.00633939
302000 -1.20005 -1.23109 -1.25107 -0.0389028 -0.00422954 0.013643
303000 -1.1979 -1.2044 -1.23932 -0.0711912 -0.0171464 0.0110663
304000 -1.21278 -1.19899 -1.25722 -0.0655869 -0.00414819 -0.00906653
305000 -1.19301 -1.19988 -1.25043 -0.105276 0.0050241 0.010413
306000 -1.19359 -1.2191 -1.23885 -0.115354 -0.0123622 -0.00372791
307000 -1.18494 -1.17816 -1.2513 -0.138174 -0.0117814 0.0282773
308000 -1.18615 -1.191 -1.25163 -0.140608 -0.0104816 -0.00546293
309000 -1.19382 -1.18672 -1.24665 -0.179111 -0.0163916 0.00735006
310000 -1.21046 -1.18162 -1.23738 -0.190682 -0.00733692 0.00837734
311000 -1.19489 -1.18141 -1.25179 -0.214756 -0.0190776 0.0121134
312000 -1.18365 -1.20399 -1.24398 -0.226233 -0.0135793 0.00567421
313000 -1.17551 -1.19835 -1.24605 -0.23071 -0.00580833 -0.00221379
314000 -1.18608 -1.20312 -1.24761 -0.247195 -0.00968613 -0.00155802
315000 -1.18613 -1.20729 -1.24781 -0.249023 -0.0316797 0.0142204
316000 -1.18147 -1.20646 -1.23472 -0.280246 -0.0046209 -0.00289358
317000 -1.15479 -1.18932 -1.2587 -0.28556 -0.0137925 0.0236027
318000 -1.18728 -1.21197 -1.24596 -0.280194 0.0042258 0.0124451
319000 -1.19228 -1.19092 -1.26135 -0.298487 -0.00557162 -0.00283802
320000 -1.19611 -1.18515 -1.22409 -0.30856 -0.00836224 0.0112301
321000 -1.18542 -1.18504 -1.2204 -0.301448 -0.0188209 0.00471296
322000 -1.19761 -1.16716 -1.25756 -0.305993 0.002502 0.0131974
323000 -1.18499 -1.21133 -1.2216 -0.314771 -0.0122377 0.0144827
324000 -1.18798 -1.18255 -1.23884 -0.321901 -0.015149 -0.0121932
325000 -1.19961 -1.19678 -1.23198 -0.319437 -0.0130117 -0.00096567
326000 -1.19014 -1.1916 -1.23399 -0.313888 -0.00621559 0.00929203
327000 -1.17346 -1.20505 -1.24155 -0.330994 -0.00659278 -0.0051516
328000 -1.19432 -1.22614 -1.22039 -0.306746 -0.00414858 -0.0126282
329000 -1.19309 -1.20657 -1.22298 -0.32635 -0.0142945 0.00282431
330000 -1.17746 -1.19083 -1.25141 -0.305316 -0.0119784 0.0222117
331000 -1.18603 -1.20887 -1.25259 -0.31642 -0.0176414 0.00599036
332000 -1.20408 -1.17676 -1.26696 -0.280413 0.0053669 0.0067865
333000 -1.16869 -1.18407 -1.24239 -0.286062 -0.0241088 0.0146706
334000 -1.17671 -1.20166 -1.23049 -0.267759 -0.00346853 0.0122934
335000 -1.19216 -1.19728 -1.23851 -0.246979 -0.0214271 0.0104677
336000 -1.2056 -1.19738 -1.24475 -0.235508 -0.00600405 0.00850395
337000 -1.19367 -1.18972 -1.23697 -0.230481 -0.00272833 0.00950003
338000 -1.19852 -1.18322 -1.23764 -0.21663 -0.0162472 0.0123991
339000 -1.18578 -1.20933 -1.241 -0.19714 -0.0114055 -0.00098698
340000 -1.19058 -1.19606 -1.23801 -0.183526 -0.0115632 0.00899213
341000 -1.2011 -1.18892 -1.24916 -0.180926 -0.0170741 0.00592887
342000 -1.21977 -1.1877 -1.25302 -0.151068 -0.0252675 -0.00484179
343000 -1.19315 -1.20431 -1.23758 -0.148443 -0.00549558 -0.00640206
344000 -1.21755 -1.19888 -1.23605 -0.129902 -0.0113012 -0.00115644
345000 -1.19953 -1.20474 -1.2657 -0.0993277 -0.00594729 0.00098135
346000 -1.18587 -1.21319 -1.24977 -0.06807 -0.0121859 -0.00934201
347000 -1.18343 -1.21242 -1.24972 -0.0661533 -0.012295 0.00555253
348000 -1.20211 -1.20743 -1.24414 -0.037921 0.00704947 0.00600913
349000 -1.20062 -1.19639 -1.26321 -0.0424691 -0.0145422 0.00410463
350000 -1.20408 -1.19655 -1.26858 0.000554898 -0.0107783 -0.00286435
351000 -1.18103 -1.22744 -1.25109 0.0229891 -0.0138696 0.00753873
352000 -1.18993 -1.2103 -1.27376 0.0289071 0.000919163 -0.00407291
353000 -1.19504 -1.19492 -1.28774 0.0581042 -0.0167458 0.00972726
354000 -1.1924 -1.21001 -1.26729 0.0656246 -0.00369086 0.00644176
355000 -1.21277 -1.18976 -1.25679 0.0915848 -0.0101773 0.00950985
356000 -1.19224 -1.18282 -1.27035 0.10182 -0.0175819 0.0054707
357000 -1.19585 -1.18872 -1.26281 0.12119 -0.00737021 0.0227693
358000 -1.22093 -1.1932 -1.26064 0.148454 -0.0132312 0.00269668
359000 -1.185 -1.19364 -1.25011 0.175633 -0.0293362 0.0185231
360000 -1.19461 -1.19516 -1.23806 0.190722 -0.00127279 -0.00818559
361000 -1.18368 -1.21354 -1.23665 0.199754 -0.0351861 -0.0004379
362000 -1.19724 -1.18709 -1.26695 0.212199 -0.0065958 0.0132992
363000 -1.2019 -1.21736 -1.22726 0.22542 -0.00259634 0.0103875
364000 -1.18004 -1.17657 -1.24136 0.235327 -0.0120091 0.00227462
365000 -1.18592 -1.19518 -1.26126 0.256304 -0.0240706 -0.0102268
366000 -1.19562 -1.18723 -1.24609 0.263968 -0.0311191 0.0094156
367000 -1.20301 -1.18333 -1.2335 0.278636 -0.0128785 0.0233201
368000 -1.20122 -1.1703 -1.25584 0.290678 -0.00325535 -0.00354912
369000 -1.18424 -1.1868 -1.24751 0.289169 -0.0262822 0.00199553
370000 -1.19659 -1.19566 -1.26651 0.293471 -0.0158651 0.0299993
371000 -1.18453 -1.18327 -1.2282 0.319779 -0.0234301 0.00375939
372000 -1.16015 -1.1855 -1.25251 0.303397 -0.0144818 0.00318467
373000 -1.17443 -1.17716 -1.24309 0.312635 -0.019193 0.00360843
374000 -1.1854 -1.18792 -1.23398 0.308133 -0.010859 -0.00200795
375000 -1.19885 -1.1896 -1.2338 0.310598 -0.00891337 0.0185491
376000 -1.19855 -1.18332 -1.2509 0.310912 -0.0138896 0.0153562
377000 -1.18645 -1.17221 -1.24939 0.313768 -0.0283785 0.0037317
378000 -1.18969 -1.18618 -1.24244 0.302106 -0.016321 0.0033165
379000 -1.18206 -1.19016 -1.24518 0.304392 -0.0155861 -0.00314597
380000 -1.17151 -1.1729 -1.26559 0.294676 -0.0241671 0.014463
381000 -1.19047 -1.20633 -1.24089 0.290547 -0.0192861 0.0187881
382000 -1.18716 -1.20643 -1.24637 0.272315 -0.00801954 0.00310762
383000 -1.20009 -1.18023 -1.24443 0.271123 0.00802678 0.0122291
384000 -1.18668 -1.20768 -1.24541 0.255474 -0.0119986 -0.0068619
385000 -1.19836 -1.19952 -1.24842 0.254726 -0.00868005 -0.000432019
386000 -1.18508 -1.18972 -1.25768 0.231508 -0.00650148 0.0122848
387000 -1.1924 -1.20154 -1.25518 0.228209 -0.0157274 0.00772532
388000 -1.17835 -1.20076 -1.25474 0.220318 -0.000780299 0.0152828
389000 -1.19474 -1.19733 -1.25077 0.181944 -0.00966811 0.0030782
390000 -1.18119 -1.18979 -1.25064 0.185565 -0.0167635 0.0090082
391000 -1.20514 -1.20967 -1.23011 0.175026 -0.0180732 0.0132992
392000 -1.19807 -1.19437 -1.23412 0.150248 -0.0113024 0.000118728
393000 -1.19665 -1.20099 -1.2482 0.122825 -0.0103813 0.00336182
394000 -1.19379 -1.20262 -1.25548 0.112834 -0.0198899 -0.00334799
395000 -1.19076 -1.18212 -1.26013 0.0856713 -0.0120008 0.00272392
396000 -1.1795 -1.19839 -1.25785 0.0770775 -0.0139457 0.00455024
397000 -1.1931 -1.19789 -1.25517 0.0703217 -0.0123955 0.0101802
398000 -1.18645 -1.20948 -1.23999 0.0240806 -0.0111107 0.0171857
399000 -1.20287 -1.217 -1.23888 0.034082 -0.0220037 0.00642135
400000 -1.1982 -1.19049 -1.26517 -0.000336072 -0.00596233 0.0140036
401000 -1.19436 -1.19249 -1.25135 -0.0243442 -0.038011 0.000891329
402000 -1.20278 -1.19492 -1.25116 -0.0291929 -0.0162544 0.00214746
403000 -1.20375 -1.18922 -1.2431 -0.0702062 -0.0159108 0.0106481
404000 -1.19792 -1.20655 -1.25287 -0.0944454 -0.0173396 0.0180657
405000 -1.20427 -1.20842 -1.2569 -0.101232 -0.00514964 0.0160026
406000 -1.1913 -1.20044 -1.25245 -0.122863 -0.00222149 0.00871798
407000 -1.22541 -1.17521 -1.25547 -0.123043 0.00568089 0.0135568
408000 -1.19837 -1.20426 -1.24458 -0.151165 -0.0143133 0.00299994
409000 -1.19247 -1.19396 -1.24978 -0.166053 -0.0129615 0.00762802
410000 -1.20307 -1.21795 -1.23737 -0.181833 -0.0267353 -0.021617
411000 -1.21002 -1.20891 -1.233 -0.210004 -0.0169569 0.0237196
412000 -1.19668 -1.17864 -1.24173 -0.224116 -0.0160919 0.00847392
413000 -1.206 -1.18725 -1.26113 -0.247967 -0.0103362 0.00121862
414000 -1.19068 -1.19003 -1.24518 -0.242784 -0.0133913 -0.0198105
415000 -1.19203 -1.20096 -1.23629 -0.257655 -0.00448133 -0.004992
416000 -1.20316 -1.2035 -1.23765 -0.255815 -0.0150638 0.0149077
417000 -1.16736 -1.18398 -1.25237 -0.291664 -0.00561443 0.00430449
418000 -1.19908 -1.18092 -1.23085 -0.27658 -0.00579051 -0.000418255
419000 -1.21635 -1.17926 -1.221 -0.31162 -0.0212319 0.00173673
420000 -1.17424 -1.19697 -1.25355 -0.29053 -0.0264922 -0.00834374
421000 -1.18034 -1.1994 -1.23083 -0.31694 -0.00638672 0.00640714
422000 -1.19759 -1.18888 -1.22375 -0.311043 -0.0153772 0.026227
423000 -1.17597 -1.18286 -1.22914 -0.30809 -0.00178667 -0.00084844
424000 -1.19671 -1.18784 -1.22677 -0.320654 -0.015248 -0.0068016
425000 -1.19903 -1.17059 -1.25529 -0.335862 -0.0129933 -0.0058428
426000 -1.18682 -1.19082 -1.23668 -0.31488 -0.00891553 0.0107167
427000 -1.19024 -1.17878 -1.24977 -0.315208 -0.0192857 0.0112045
428000 -1.18218 -1.19945 -1.24167 -0.330275 0.000664639 -0.000950511
429000 -1.17214 -1.20134 -1.25412 -0.31272 -0.0267407 0.00550393
430000 -1.19432 -1.1607 -1.25256 -0.319305 -0.00311004 0.0118546
431000 -1.19916 -1.17236 -1.21883 -0.300589 -0.022971 0.000468025
432000 -1.18792 -1.17506 -1.23295 -0.287924 -0.0202094 -0.00806232
433000 -1.18643 -1.19303 -1.23758 -0.275857 -0.00255043 -0.0110706
434000 -1.19537 -1.20306 -1.21856 -0.27328 -0.015097 0.00695115
435000 -1.18425 -1.19633 -1.23602 -0.247104 -0.0270683 -0.0101601
436000 -1.18691 -1.18601 -1.25378 -0.246252 -0.0127012 0.0210066
437000 -1.19786 -1.18816 -1.22781 -0.228621 -0.0187871 0.0133643
438000 -1.19063 -1.18688 -1.26148 -0.198939 -0.00516228 0.00338846
439000 -1.20174 -1.20707 -1.22756 -0.210686 -0.0125951 0.00876413
440000 -1.20292 -1.19477 -1.25447 -0.178208 -0.0151564 0.000164872
441000 -1.17664 -1.193 -1.24465 -0.166427 -0.00901566 0.0180695
442000 -1.23275 -1.19699 -1.23945 -0.155067 -0.0139926 0.00406292
443000 -1.21029 -1.20612 -1.25406 -0.130771 -0.0132832 0.00677711
444000 -1.2019 -1.20312 -1.24995 -0.124165 -0.0269011 0.00370122
445000 -1.18707 -1.20873 -1.25661 -0.105044 -0.00553153 0.00864486
446000 -1.2023 -1.17867 -1.25827 -0.0646319 -0.0100347 0.00862655
447000 -1.21828 -1.19302 -1.26251 -0.0746354 -0.00885105 -0.00398049
448000 -1.20581 -1.20231 -1.25705 -0.0513149 -0.00425369 -0.00100511
449000 -1.19092 -1.21721 -1.2493 -0.0249118 -0.00179903 -0.00718255
450000 -1.21154 -1.20754 -1.24262 -0.0132278 -0.0249165 0.0010815
451000 -1.21514 -1.22303 -1.23151 0.0186714 -0.0139952 0.0012072
452000 -1.19072 -1.19757 -1.2437 0.0454248 -0.0293476 -0.00965866
453000 -1.20593 -1.21017 -1.24723 0.058065 -0.0055293 0.0106717
454000 -1.20254 -1.22304 -1.27073 0.0662899 -0.000527828 0.0050264
455000 -1.19485 -1.18653 -1.25112 0.0824132 -0.0113634 0.00974628
456000 -1.19578 -1.20894 -1.25071 0.118653 -0.0127603 0.0289297
457000 -1.19145 -1.17796 -1.24362 0.125588 -0.0202774 -0.0167059
458000 -1.1905 -1.19646 -1.24175 0.159312 -0.00685921 -0.0089087
459000 -1.17855 -1.20128 -1.24267 0.1722 -0.0187252 0.0060457
460000 -1.20293 -1.1943 -1.23823 0.185885 -0.0179184 0.00744587
461000 -1.18691 -1.18844 -1.26981 0.202554 -0.0177135 0.0138661
462000 -1.19982 -1.19931 -1.24014 0.210209 -0.0066495 -0.0075346
463000 -1.20365 -1.18336 -1.25563 0.216272 -0.0239566 0.00099966
464000 -1.20394 -1.2057 -1.24265 0.230491 -0.00892527 0.00538324
465000 -1.16269 -1.19802 -1.2502 0.236962 -0.0167987 0.00528464
466000 -1.1773 -1.2062 -1.24204 0.266471 -0.0271673 0.000160009
467000 -1.1997 -1.19926 -1.25862 0.278114 0.00198362 0.00596363
468000 -1.19803 -1.20067 -1.25585 0.287162 -0.0049294 0.0198647
469000 -1.18272 -1.203 -1.26136 0.27799 -0.00771363 -0.00544395
470000 -1.19328 -1.19774 -1.24913 0.289532 0.00852848 0.0083183
471000 -1.18314 -1.1849 -1.2589 0.305961 -0.0273668 -0.00376142
472000 -1.17837 -1.18823 -1.2525 0.318127 -0.0269386 0.00628332
473000 -1.17536 -1.18094 -1.25556 0.290989 -0.0144551 0.0279633
474000 -1.16787 -1.17654 -1.24745 0.303736 -0.0260203 0.00899348
475000 -1.19302 -1.19002 -1.26049 0.303595 -0.019243 0.015038
476000 -1.19555 -1.19201 -1.23749 0.311683 -0.0283901 0.0280654
477000 -1.17983 -1.20446 -1.25589 0.303492 -0.0156164 0.00703788
478000 -1.18421 -1.16415 -1.25378 0.301039 -0.0210493 -0.00331185
479000 -1.18412 -1.1958 -1.25165 0.289288 -0.0233015 0.00717387
480000 -1.19253 -1.18992 -1.26167 0.269058 -0.0147625 0.00463427
481000 -1.18782 -1.20471 -1.25395 0.272638 -0.0200356 0.0133886
482000 -1.20258 -1.19366 -1.24541 0.271692 -0.0113201 0.0029086
483000 -1.19504 -1.19341 -1.24395 0.275059 -0.00260857 0.00995953
484000 -1.18619 -1.18872 -1.25801 0.249797 -0.0106797 0.0129284
485000 -1.17383 -1.19794 -1.2443 0.23194 -0.00548801 -0.00381239
486000 -1.20245 -1.20196 -1.25104 0.242455 -0.0121845 0.00249795
487000 -1.18664 -1.18924 -1.25155 0.220279 -0.0102636 0.0134342
488000 -1.19668 -1.18335 -1.24068 0.204837 -0.0189838 -0.000678422
489000 -1.19493 -1.21032 -1.25835 0.200777 -0.0271948 0.0200522
490000 -1.20824 -1.18419 -1.24801 0.169466 -0.00732676 0.00746525
491000 -1.18697 -1.17333 -1.26275 0.157916 -0.0127733 -0.00210925
492000 -1.17909 -1.20315 -1.27767 0.141387 -0.00674713 0.0148752
493000 -1.20811 -1.19167 -1.25475 0.131277 -0.0166792 -0.00766208
494000 -1.20148 -1.19715 -1.24339 0.105637 -0.010097 -0.00245158
495000 -1.20295 -1.18142 -1.2771 0.0932424 0.00728086 0.022653
496000 -1.19269 -1.21443 -1.26285 0.0699428 -0.00395564 0.00838798
497000 -1.20815 -1.18299 -1.2638 0.0652084 -0.0074574 0.00708552
498000 -1.19962 -1.20848 -1.24602 0.0333308 -0.0197027 -0.0039392
499000 -1.20071 -1.18614 -1.26042 0.00662535 -0.00650804 0.00954227
500000 -1.18965 -1.20067 -1.25353 0.00562617 -0.00607674 -0.0013818
501000 -1.21956 -1.19052 -1.24798 -0.0376128 0.00343737 0.00947831
502000 -1.18987 -1.21507 -1.23521 -0.0563018 -0.0235463 0.0105827
503000 -1.19457 -1.20544 -1.25078 -0.0713788 -0.0108266 0.00212521
504000 -1.19303 -1.19895 -1.24918 -0.0861313 -0.0122802 0.0184131
505000 -1.22121 -1.19829 -1.25051 -0.095027 -0.0108589 0.000883413
506000 -1.19648 -1.19672 -1.26757 -0.13929 0.0105502 0.00559423
507000 -1.18276 -1.21097 -1.23393 -0.131812 -0.0300244 0.00485618
508000 -1.18281 -1.20705 -1.25802 -0.164542 -0.00532028 0.00878751
509000 -1.20664 -1.19417 -1.23808 -0.177544 -0.00820137 0.0171835
510000 -1.19059 -1.19952 -1.22699 -0.208829 -0.0169141 -0.0052491
511000 -1.20149 -1.20715 -1.25057 -0.207617 0.00550924 0.00681737
512000 -1.19564 -1.19505 -1.24878 -0.214631 -0.0174956 -0.00904685
513000 -1.18318 -1.18224 -1.24887 -0.24572 -0.00540172 -0.00429241
514000 -1.19539 -1.19157 -1.23283 -0.254849 -0.00341687 0.00312979
515000 -1.20287 -1.18666 -1.23325 -0.277355 -0.0154635 0.012036
516000 -1.18142 -1.20041 -1.25214 -0.280166 -0.0164131 0.00469983
517000 -1.19492 -1.17877 -1.24471 -0.29775 -0.00934049 -0.0126072
518000 -1.19364 -1.18773 -1.24172 -0.294869 0.00322837 0.0168143
519000 -1.17942 -1.20413 -1.25394 -0.3152 -0.00960995 -0.00601436
520000 -1.19311 -1.2007 -1.2261 -0.288774 -0.0194658 0.0114637
521000 -1.2021 -1.21325 -1.22648 -0.297603 -0.0202778 -0.00624108
522000 -1.18586 -1.18603 -1.23877 -0.313439 -0.0212698 0.00193813
523000 -1.18939 -1.19148 -1.2219 -0.315269 -0.0171675 0.0112536
524000 -1.18575 -1.20455 -1.22284 -0.305112 -0.0204118 0.00729003
525000 -1.18655 -1.18073 -1.22048 -0.318089 -0.0106579 0.00476257
526000 -1.1847 -1.18534 -1.22974 -0.306521 -0.0120781 0.0219671
527000 -1.17803 -1.18458 -1.24421 -0.317285 -0.0143026 0.00901986
528000 -1.17272 -1.1946 -1.24928 -0.31202 -0.022544 0.00860021
529000 -1.19036 -1.1747 -1.25318 -0.296017 -0.0111627 0.0129224
530000 -1.18622 -1.1859 -1.24421 -0.299119 -0.0127841 0.0113497
531000 -1.19067 -1.19641 -1.2494 -0.30002 -0.00972022 0.00737698
532000 -1.20267 -1.18442 -1.23397 -0.287722 -0.00198784 0.0104832
533000 -1.18117 -1.20202 -1.2318 -0.270101 -0.0104451 0.00375859
534000 -1.18296 -1.21101 -1.26256 -0.26457 -0.00689092 0.0120644
535000 -1.18448 -1.17861 -1.24 -0.262945 -0.0262368 -0.0127935
536000 -1.19246 -1.20363 -1.25487 -0.248053 0.00280511 0.0201613
537000 -1.21054 -1.19654 -1.25129 -0.22568 -0.00863794 8.07501e-05
538000 -1.18316 -1.20935 -1.24233 -0.226979 -0.00860378 -0.019547
539000 -1.20126 -1.201 -1.23993 -0.198 -0.0185518 0.00521886
540000 -1.18973 -1.20106 -1.24118 -0.187716 -0.00242249 0.0294565
541000 -1.19989 -1.19566 -1.26614 -0.177105 -0.0180416 0.0147652
542000 -1.19276 -1.1994 -1.22771 -0.146854 -0.00111128 -0.00779799
543000 -1.20746 -1.18249 -1.27802 -0.124621 -0.0076383 0.00900645
544000 -1.18436 -1.20023 -1.25673 -0.112691 -0.0111736 -0.00401707
545000 -1.20675 -1.19134 -1.26126 -0.110023 -0.00519843 0.0239151
546000 -1.16892 -1.21324 -1.26214 -0.101885 -0.00503949 -0.00212979
547000 -1.19648 -1.19318 -1.26837 -0.058857 -0.0108947 -0.00210707
548000 -1.19188 -1.20018 -1.24318 -0.0415772 -0.0113891 -0.00166753
549000 -1.19537 -1.20458 -1.24247 -0.0312987 0.00317455 0.00197197
550000 -1.20012 -1.20559 -1.25552 0.0170235 -0.010942 0.000318576
551000 -1.21767 -1.21565 -1.23223 0.00511242 -0.0220929 -0.000529452
552000 -1.20114 -1.21344 -1.25074 0.0435097 -0.00966673 0.0092805
553000 -1.20026 -1.16998 -1.25846 0.0437674 -0.0135798 -0.00187682
554000 -1.19856 -1.21421 -1.26378 0.0823542 0.004244 0.0206774
555000 -1.18029 -1.21313 -1.25481 0.090703 -0.00531038 0.0115322
556000 -1.18887 -1.22582 -1.27203 0.107632 -0.0244556 0.00929872
557000 -1.20928 -1.18714 -1.267 0.142113 -0.00493922 0.00561683
558000 -1.20052 -1.19479 -1.24669 0.157737 -0.00287077 0.00319663
559000 -1.20767 -1.1826 -1.22708 0.158543 -0.0123121 0.0144685
560000 -1.19088 -1.18887 -1.25868 0.188042 -0.0206988 0.010974
561000 -1.18948 -1.17926 -1.25584 0.207056 -0.00748102 -0.00497426
562000 -1.20268 -1.21065 -1.23958 0.202915 -0.0161259 0.0118961
563000 -1.2128 -1.17841 -1.22192 0.231112 -0.00795108 0.00445704
564000 -1.19994 -1.19582 -1.2396 0.245376 -0.0089859 0.00743844
565000 -1.19041 -1.19171 -1.25487 0.248639 -0.00548719 0.0106114
566000 -1.17953 -1.20268 -1.23816 0.265306 -0.0174266 0.0145618
567000 -1.18564 -1.18815 -1.2585 0.27252 -0.00736001 0.0137428
568000 -1.19823 -1.18708 -1.25063 0.277869 -0.0126717 0.0117478
569000 -1.20084 -1.19027 -1.25395 0.288698 -0.0180849 0.0111265
570000 -1.18505 -1.1891 -1.2436 0.29401 -0.00795073 0.00725641
571000 -1.19796 -1.16894 -1.26711 0.293438 -0.0272871 0.00942725
572000 -1.18592 -1.19462 -1.25748 0.306841 -0.00759239 0.0118847
573000 -1.17704 -1.18541 -1.24835 0.309149 -0.00660881 0.0138587
574000 -1.18275 -1.17849 -1.24023 0.312578 -0.0124466 0.00452921
575000 -1.17669 -1.19995 -1.25482 0.324491 -0.0200088 0.0239598
576000 -1.16744 -1.20282 -1.2466 0.300312 -0.0245824 0.0044676
577000 -1.20197 -1.18253 -1.2417 0.317931 -0.0231965 0.0035805
578000 -1.19919 -1.17636 -1.24978 0.299668 -0.0154602 0.00100148
579000 -1.19293 -1.18253 -1.24859 0.300737 -0.016389 0.023224
580000 -1.19336 -1.18264 -1.25173 0.289602 -0.0196209 0.00563558
581000 -1.19587 -1.18038 -1.23853 0.281321 -0.0121477 0.0102183
582000 -1.18932 -1.18262 -1.25752 0.283734 -0.00956152 -0.00206384
583000 -1.17569 -1.19987 -1.26865 0.281032 -0.0125192 0.00755534
584000 -1.17265 -1.19356 -1.25393 0.255501 -0.0177257 0.0130209
585000 -1.17201 -1.21256 -1.24482 0.256441 -0.0281246 0.00451596
586000 -1.1978 -1.1942 -1.24516 0.228591 -0.0105996 0.0316799
587000 -1.1694 -1.19761 -1.23167 0.232223 -0.0302038 0.00718742
588000 -1.18397 -1.1933 -1.26392 0.211509 -0.0242031 -0.00330126
589000 -1.18752 -1.20068 -1.25177 0.196649 -0.00383902 -0.00143844
590000 -1.18373 -1.21045 -1.25091 0.190667 -0.0207764 0.012192
591000 -1.19879 -1.20898 -1.25675 0.163784 0.00140189 0.00983104
592000 -1.18413 -1.17388 -1.25893 0.143885 -0.012018 0.00800283
593000 -1.19998 -1.19011 -1.24628 0.12834 -0.0237286 0.00103214
594000 -1.20205 -1.19187 -1.24611 0.115075 -0.00716406 0.00506025
595000 -1.19257 -1.19576 -1.24121 0.0850047 -0.00959358 0.00832092
596000 -1.21003 -1.19915 -1.26391 0.0775365 -0.00106494 0.00354128
597000 -1.19418 -1.19484 -1.2554 0.0484366 -0.0172848 -0.000519707
598000 -1.19471 -1.20954 -1.24205 0.0294932 -0.00455553 0.0159933
599000 -1.20753 -1.19509 -1.26457 0.0250703 -0.00476272 0.0051856
600000 -1.20875 -1.19671 -1.25406 -0.03282 -0.0159221 -0.00314976
601000 -1.1945 -1.20159 -1.23976 -0.0385602 -0.0257798 0.0126814
602000 -1.21445 -1.20628 -1.24315 -0.0508048 -0.0124029 0.00567641
603000 -1.17886 -1.21092 -1.27098 -0.0557294 -0.0196444 -0.00533507
604000 -1.18864 -1.21388 -1.24768 -0.088755 -0.0181407 -0.00275526
605000 -1.19334 -1.20126 -1.23735 -0.100761 -0.0295556 0.000839343
606000 -1.18795 -1.21001 -1.2512 -0.131331 -0.0145434 0.00584977
607000 -1.19065 -1.22513 -1.24888 -0.144057 -0.00662428 0.00678225
608000 -1.20835 -1.19568 -1.25947 -0.159083 -0.00368039 -0.00057259
609000 -1.19773 -1.1807 -1.24321 -0.16203 -0.026408 0.0112176
610000 -1.20027 -1.20358 -1.26049 -0.192558 -0.0229643 0.00495335
611000 -1.20023 -1.19756 -1.25587 -0.194361 -0.0162647 0.00887454
612000 -1.20439 -1.18944 -1.25432 -0.229949 -0.0049786 -0.00983269
613000 -1.19334 -1.20014 -1.26634 -0.228136 0.000429683 -0.00362344
614000 -1.19373 -1.19627 -1.20571 -0.232856 -0.021143 -0.00599176
615000 -1.20155 -1.19265 -1.24607 -0.267279 -0.00985431 0.0174398
616000 -1.16772 -1.17831 -1.26503 -0.275154 -0.0042339 0.00964245
617000 -1.18078 -1.20154 -1.22317 -0.285928 -0.024659 0.00138551
618000 -1.19753 -1.19665 -1.23335 -0.295676 -0.0218269 -0.00161023
619000 -1.19625 -1.20693 -1.23908 -0.298282 -0.0225409 0.00871069
620000 -1.16593 -1.19601 -1.24393 -0.305929 -0.0170196 -0.000771972
621000 -1.18213 -1.18823 -1.24886 -0.301314 -0.0322087 -0.0012151
622000 -1.1822 -1.17658 -1.25923 -0.306644 -0.0091198 -0.00381607
623000 -1.19776 -1.18913 -1.23062 -0.316878 -0.00293396 0.0130169
624000 -1.19861 -1.18608 -1.2434 -0.319325 -0.00361189 0.0034734
625000 -1.1864 -1.19808 -1.23103 -0.32007 -0.0162854 0.0147287
626000 -1.18554 -1.19383 -1.22829 -0.317756 -0.0179269 0.0166088
627000 -1.18845 -1.17201 -1.24952 -0.308519 -0.0174071 0.00476443
628000 -1.17888 -1.19998 -1.2198 -0.328064 -0.0177714 0.00749475
629000 -1.18267 -1.20251 -1.23285 -0.316527 -0.00555567 0.0147925
630000 -1.20304 -1.17427 -1.22926 -0.308594 -0.00927962 0.00618057
631000 -1.16535 -1.21071 -1.26571 -0.289006 -0.00549484 0.00667219
632000 -1.18862 -1.17837 -1.25223 -0.290648 -0.0207888 0.0287232
633000 -1.18966 -1.19078 -1.23564 -0.296157 -0.025686 -0.00471417
634000 -1.19448 -1.2192 -1.24014 -0.27721 -0.0271768 0.0153792
635000 -1.18165 -1.19526 -1.26185 -0.242688 0.00126819 -0.000826572
636000 -1.18773 -1.20056 -1.24401 -0.249784 0.00398742 0.0123163
637000 -1.19178 -1.22946 -1.24684 -0.225796 -0.0134267 0.0076726
638000 -1.1952 -1.20411 -1.25323 -0.224142 -0.00798122 0.0077359
639000 -1.20917 -1.18148 -1.25124 -0.214006 -0.000766972 -0.00231617
640000 -1.16462 -1.21146 -1.25691 -0.200383 -0.0201289 -0.0108471
641000 -1.19939 -1.21798 -1.24361 -0.176338 -0.00668006 0.0114248
642000 -1.18719 -1.19676 -1.25754 -0.157612 -0.0158985 0.0102644
643000 -1.21375 -1.19944 -1.25861 -0.147655 0.00914965 -0.00629061
644000 -1.20157 -1.20605 -1.24368 -0.116138 -0.00634818 0.0259961
645000 -1.17345 -1.18955 -1.25433 -0.115516 -0.0127272 0.0136
646000 -1.18035 -1.19669 -1.24712 -0.0760574 -0.0142061 0.0163847
647000 -1.20634 -1.19861 -1.24866 -0.0451944 -0.0188813 0.00161498
648000 -1.2039 -1.22024 -1.26351 -0.044916 -0.00471517 0.00757779
649000 -1.20115 -1.18519 -1.25767 -0.0263512 -0.0100007 0.00894574
650000 -1.20128 -1.18646 -1.25711 -0.00152888 -0.00874554 -0.0198173
651000 -1.20144 -1.1973 -1.25979 0.0114685 -0.00771774 0.020639
652000 -1.18567 -1.19758 -1.2606 0.0298391 -0.0222874 0.00975982
653000 -1.20832 -1.21013 -1.24727 0.0610483 -0.019088 0.0130741
654000 -1.20168 -1.17473 -1.24754 0.0639777 -0.00867547 0.0209822
655000 -1.19864 -1.18358 -1.25716 0.0900533 -0.0205375 0.0044652
656000 -1.21215 -1.21314 -1.23996 0.113869 -0.016672 0.0221684
657000 -1.21147 -1.2034 -1.23501 0.124462 -0.00519305 0.00734649
658000 -1.18538 -1.2146 -1.244 0.153024 -0.0132968 0.00527326
659000 -1.19137 -1.18098 -1.2484 0.169319 -0.0226281 0.00905459
660000 -1.1939 -1.19737 -1.25114 0.173693 -0.0157795 0.000415629
661000 -1.19625 -1.17941 -1.25508 0.191457 -0.0149374 0.0112147
662000 -1.17569 -1.21413 -1.25156 0.214659 -0.0123904 0.00833074
663000 -1.19529 -1.18146 -1.24265 0.210825 0.000481733 -0.0021486
664000 -1.17321 -1.18127 -1.28072 0.2397 -0.0161342 0.0121698
665000 -1.21187 -1.2001 -1.24182 0.250689 -0.0204763 -0.00238821
666000 -1.1742 -1.18839 -1.25289 0.263189 -0.0128779 0.00574134
667000 -1.17825 -1.18093 -1.25879 0.286196 -0.0124602 0.00552398
668000 -1.19265 -1.19329 -1.24692 0.28394 -0.0171516 -0.000623774
669000 -1.18964 -1.19882 -1.23788 0.273227 -0.0044115 0.00692718
670000 -1.18095 -1.19811 -1.26527 0.29608 -0.00956422 0.00892769
671000 -1.17498 -1.16747 -1.26636 0.289217 -0.0138833 -0.00223581
672000 -1.18736 -1.17872 -1.22911 0.311351 -0.0209103 -0.000782592
673000 -1.16427 -1.19721 -1.25698 0.303823 -0.0265635 0.000330513
674000 -1.1919 -1.17877 -1.24956 0.296121 -0.0103799 -0.00163378
675000 -1.18118 -1.18534 -1.25769 0.290051 -0.0122796 0.00212838
676000 -1.19381 -1.18348 -1.24905 0.322478 -0.0111715 -0.00371305
677000 -1.18777 -1.16525 -1.23034 0.303524 -0.0200384 0.0113587
678000 -1.20536 -1.18733 -1.23276 0.299168 -0.0176575 0.0146719
679000 -1.18955 -1.18225 -1.24909 0.286681 -0.0119884 0.00288293
680000 -1.18874 -1.18643 -1.2424 0.287295 -0.0135514 0.00506377
681000 -1.19028 -1.18542 -1.23842 0.290583 -0.0125926 0.00341958
682000 -1.18027 -1.19898 -1.23255 0.28037 -0.0124991 0.000508309
683000 -1.17617 -1.19772 -1.234 0.274852 -0.00169586 0.014379
684000 -1.19254 -1.18362 -1.25907 0.250264 -0.0226307 0.0133716
685000 -1.19107 -1.17797 -1.26173 0.260823 -0.00971586 0.0175691
686000 -1.19744 -1.2177 -1.22484 0.235815 -0.0162451 0.00402827
687000 -1.19582 -1.17525 -1.24587 0.240366 -0.0117942 -0.00632818
688000 -1.18613 -1.18717 -1.2566 0.209442 -0.0168674 0.00183398
689000 -1.19738 -1.20192 -1.24187 0.203929 -0.0359559 0.00931393
690000 -1.20747 -1.19298 -1.25511 0.17862 0.00245347 0.0104767
691000 -1.18762 -1.20146 -1.26833 0.163411 -0.0272299 -0.000500763
692000 -1.19649 -1.1883 -1.27307 0.138517 -0.00906408 0.013833
693000 -1.18968 -1.21643 -1.24645 0.123333 -0.0152766 0.0101892
694000 -1.22417 -1.20441 -1.25478 0.12227 -0.0130378 -0.000896174
695000 -1.19766 -1.18762 -1.26349 0.0866337 -0.0237813 -0.0010177
696000 -1.18664 -1.20951 -1.25344 0.0820273 -0.0302853 0.0136107
697000 -1.20735 -1.19939 -1.23448 0.034792 -0.00953209 0.0115269
698000 -1.20363 -1.21299 -1.2642 0.0193712 -0.020138 0.00939354
699000 -1.2066 -1.20392 -1.26273 0.0193308 -0.00344846 0.000121478
700000 -1.19351 -1.19748 -1.24264 -0.0038306 0.00182512 0.0174226
701000 -1.19691 -1.22157 -1.24556 -0.0228799 -0.00281991 0.0264353
702000 -1.20853 -1.19515 -1.25182 -0.0517861 -0.0145591 -0.000239401
703000 -1.19932 -1.21749 -1.26737 -0.0771577 -0.0104791 0.0105461
704000 -1.18615 -1.2143 -1.23956 -0.0768038 -0.0303938 0.00499563
705000 -1.20625 -1.21055 -1.24476 -0.0928155 -0.0123435 0.00446577
706000 -1.20246 -1.20538 -1.22322 -0.118624 -0.022604 0.0126831
707000 -1.16569 -1.20539 -1.26496 -0.151287 -0.00101449 0.0172236
708000 -1.18488 -1.19932 -1.24781 -0.161145 -0.021635 -0.00214413
709000 -1.18967 -1.19748 -1.25492 -0.173769 0.0127461 0.00554783
710000 -1.20358 -1.18868 -1.23145 -0.19592 -0.0205737 0.00786273
711000 -1.1854 -1.21381 -1.24936 -0.204182 -0.0120612 0.0223499
712000 -1.19886 -1.20947 -1.25737 -0.2132 -0.0332165 0.00887879
713000 -1.18802 -1.20007 -1.23229 -0.243933 -0.0219804 0.0143348
714000 -1.17716 -1.20385 -1.22511 -0.253159 -0.0170056 0.00305417
715000 -1.2093 -1.19069 -1.23129 -0.268188 -0.0168187 0.031101
716000 -1.17886 -1.19765 -1.23073 -0.271227 -0.0193395 0.00469259
717000 -1.19836 -1.18399 -1.26019 -0.27773 -0.0101254 0.000116169
718000 -1.20441 -1.20205 -1.23479 -0.300662 -0.0186858 0.00713672
719000 -1.17223 -1.20002 -1.22398 -0.30051 -0.0115351 0.00756312
720000 -1.18095 -1.17807 -1.25307 -0.297373 -0.00434153 0.00345388
721000 -1.18719 -1.17916 -1.22277 -0.301881 -0.00974291 -0.000400033
722000 -1.19622 -1.19274 -1.26242 -0.30697 -0.0229251 0.0178491
723000 -1.19804 -1.17907 -1.22822 -0.310245 -0.0195101 -0.00986576
724000 -1.18332 -1.15952 -1.22112 -0.320268 -0.0100038 0.0132846
725000 -1.18308 -1.21564 -1.23496 -0.311431 -0.0141131 0.0049763
726000 -1.17139 -1.19683 -1.2547 -0.332474 -0.0131553 0.00523922
727000 -1.18883 -1.21243 -1.22341 -0.321903 0.0004539 0.0158085
728000 -1.19626 -1.17012 -1.23027 -0.309457 -0.00563179 0.0161252
729000 -1.20252 -1.19794 -1.22701 -0.32127 -0.0113867 0.0066968
730000 -1.20262 -1.17822 -1.24611 -0.294601 -0.00804226 0.00183122
731000 -1.16656 -1.19608 -1.25712 -0.308354 -0.00744496 -0.00590294
732000 -1.20304 -1.1916 -1.24837 -0.29073 -0.0120813 0.000580265
733000 -1.19376 -1.17556 -1.25182 -0.269013 -0.00802235 0.0147453
734000 -1.17202 -1.19397 -1.25375 -0.266843 -0.0215287 0.00374517
735000 -1.20551 -1.1756 -1.24068 -0.264846 -0.00685454 0.000917521
736000 -1.1981 -1.18846 -1.26912 -0.23561 -0.0157076 0.015694
737000 -1.19858 -1.18458 -1.25506 -0.23866 0.00491226 0.0178713
738000 -1.19931 -1.17874 -1.24173 -0.196081 -0.0126262 -0.00196836
739000 -1.20254 -1.1774 -1.25168 -0.217292 0.00950078 -0.011814
740000 -1.19706 -1.20691 -1.25465 -0.180696 0.00197532 -0.000610024
741000 -1.1783 -1.21404 -1.24822 -0.156808 -0.0151429 0.00281887
742000 -1.19355 -1.21952 -1.23547 -0.150545 -0.0170743 0.0165664
743000 -1.19669 -1.18591 -1.26528 -0.141176 0.00334657 0.0126235
744000 -1.19863 -1.19243 -1.25217 -0.0980585 -0.0068056 0.0162085
745000 -1.20261 -1.18882 -1.24887 -0.105446 -0.00751098 -0.0122756
746000 -1.19781 -1.20805 -1.25838 -0.0926645 -0.00394449 -0.00130391
747000 -1.2144 -1.18508 -1.23949 -0.0590701 -0.00977664 0.0123302
748000 -1.19739 -1.19938 -1.2532 -0.0312786 -0.0135414 0.00851775
749000 -1.20894 -1.18682 -1.26013 -0.0338515 -0.0188792 -0.0027725
750000 -1.19954 -1.20872 -1.24008 -0.00073969 -0.00972445 0.0124625
751000 -1.2082 -1.22458 -1.24243 0.0221232 -0.0115719 -0.000751603
752000 -1.18097 -1.2009 -1.24976 0.0399825 -0.0254966 0.0050397
753000 -1.19228 -1.18609 -1.25129 0.0642199 0.00349774 -0.00780352
754000 -1.21347 -1.20521 -1.25352 0.063181 -0.0136945 0.0204603
755000 -1.19796 -1.1959 -1.27025 0.0935481 -0.00773732 0.0216353
756000 -1.1944 -1.17519 -1.26578 0.10656 -0.0118626 0.0121608
757000 -1.1998 -1.18343 -1.28705 0.149674 -0.00557172 0.00456657
758000 -1.20549 -1.19289 -1.25994 0.144047 -0.0115998 0.00819458
759000 -1.19576 -1.1955 -1.25122 0.164064 -0.0209784 0.011223
760000 -1.20607 -1.19214 -1.28073 0.165875 -0.0168526 -0.00531884
761000 -1.1991 -1.18388 -1.25394 0.21072 -0.0180869 0.0140237
762000 -1.19471 -1.18137 -1.27417 0.216872 -0.0139994 0.000636917
763000 -1.17554 -1.21756 -1.24 0.21648 -0.0104407 0.0201802
764000 -1.1948 -1.18871 -1.24806 0.224342 -0.014738 0.0145889
765000 -1.18213 -1.20606 -1.22972 0.249846 -0.00769433 0.00956008
766000 -1.1823 -1.21727 -1.21924 0.258133 -0.000299091 0.00151169
767000 -1.18713 -1.18233 -1.25196 0.252788 -0.00419054 -0.000495271
768000 -1.19115 -1.19256 -1.26111 0.27053 -0.0025849 0.0100053
769000 -1.1713 -1.18397 -1.24534 0.280991 -0.0183748 0.0100489
770000 -1.1857 -1.20881 -1.23998 0.302997 -0.00651397 -0.0129874
771000 -1.16155 -1.18315 -1.2438 0.313851 -0.000761869 -0.00909123
772000 -1.19278 -1.18887 -1.22467 0.313522 -0.0125643 0.0248756
773000 -1.18427 -1.18369 -1.23041 0.307302 -0.0187147 0.0154259
774000 -1.184 -1.18704 -1.23512 0.303804 0.00266518 0.0101659
775000 -1.17853 -1.18132 -1.23693 0.307061 -0.016738 0.0162092
776000 -1.18189 -1.19553 -1.24429 0.311855 -0.011074 0.0100656
777000 -1.18973 -1.19319 -1.24486 0.313777 -0.0165167 -0.00046004
778000 -1.17999 -1.17886 -1.25307 0.308695 0.0055199 -0.0120493
779000 -1.18526 -1.17797 -1.24292 0.294247 -0.0181713 0.0167212
780000 -1.17793 -1.1672 -1.25051 0.281857 -0.00241769 0.00921002
781000 -1.18905 -1.19259 -1.24071 0.288335 -0.0111599 -0.00248737
782000 -1.18979 -1.185 -1.21517 0.264015 -0.00178248 -0.00768968
783000 -1.19547 -1.18363 -1.25612 0.265019 -0.0193351 0.006138
784000 -1.19312 -1.18812 -1.2461 0.258336 -0.0182154 -0.0109693
785000 -1.19469 -1.17196 -1.24941 0.240796 -0.0110766 -0.00175889
786000 -1.20912 -1.18829 -1.24256 0.220462 -0.00882457 0.00810554
787000 -1.19554 -1.17985 -1.26746 0.220592 -0.0130165 0.0191352
788000 -1.19973 -1.20363 -1.24995 0.192138 -0.00788449 0.0141216
789000 -1.19674 -1.21225 -1.23077 0.197029 -0.0127943 0.00145334
790000 -1.19047 -1.19777 -1.25499 0.173798 -0.005975 0.0103045
791000 -1.18093 -1.20846 -1.25001 0.160542 -0.0189751 5.98812e-05
792000 -1.19479 -1.20505 -1.25593 0.148212 -0.0274439 0.00490587
793000 -1.17827 -1.20978 -1.23402 0.120643 0.00164547 0.0132641
794000 -1.19899 -1.17974 -1.24041 0.105214 -0.00621365 0.0104292
795000 -1.20094 -1.2065 -1.23302 0.107254 -0.0139221 0.0203261
796000 -1.20382 -1.21227 -1.26352 0.0763736 -0.0104719 0.00555812
797000 -1.19827 -1.18646 -1.26393 0.0405408 -0.00191395 6.00973e-05
798000 -1.19568 -1.2051 -1.26246 0.0196965 -0.0156413 0.00913218
799000 -1.20642 -1.20527 -1.24969 0.0292994 -0.0200349 -0.00304379
800000 -1.1858 -1.20397 -1.24071 -0.00654324 -0.00576939 0.0120762
801000 -1.21243 -1.1905 -1.25734 -0.0266484 -0.0183552 0.0172582
802000 -1.20286 -1.22854 -1.24518 -0.0462109 -0.0100746 0.00965224
803000 -1.21276 -1.20314 -1.26294 -0.0678517 -0.00893268 0.000652442
804000 -1.20119 -1.19796 -1.23717 -0.0827073 -0.025011 0.00568584
805000 -1.18033 -1.21368 -1.24141 -0.111456 -0.0286929 -0.00931845
806000 -1.19154 -1.19566 -1.25491 -0.12929 -0.0191947 0.00107884
807000 -1.19243 -1.1937 -1.25635 -0.13614 -0.0287624 0.0028984
808000 -1.19664 -1.20674 -1.24064 -0.184785 -0.00718099 0.0124852
809000 -1.21234 -1.20282 -1.26355 -0.186202 -0.0308541 0.0169933
810000 -1.19126 -1.19419 -1.25523 -0.202545 -0.0131759 -0.0100377
811000 -1.19431 -1.20074 -1.23984 -0.20989 -0.019216 0.0187139
812000 -1.19564 -1.20642 -1.23627 -0.23027 -0.0182914 0.015882
813000 -1.20707 -1.19575 -1.23081 -0.233288 -0.00483628 0.0047319
814000 -1.17403 -1.2008 -1.26124 -0.237024 -0.013252 0.00182204
815000 -1.18891 -1.20637 -1.24804 -0.249315 -0.018722 -0.000980218
816000 -1.18651 -1.19256 -1.24126 -0.263111 -0.00517251 -0.00226924
817000 -1.18244 -1.18561 -1.25228 -0.281017 -0.015699 0.00568035
818000 -1.19936 -1.19425 -1.23295 -0.293636 -0.0122777 -0.00406533
819000 -1.184 -1.18111 -1.25757 -0.308509 -0.0091585 0.00161482
820000 -1.17575 -1.1981 -1.24289 -0.287331 -0.011322 0.0140026
821000 -1.1851 -1.18403 -1.24542 -0.299612 -0.0203699 0.0144671
822000 -1.16922 -1.20477 -1.2355 -0.307012 -0.0207955 0.00661837
823000 -1.18687 -1.18867 -1.23043 -0.315731 -0.0288136 0.00483139
824000 -1.18496 -1.18844 -1.24172 -0.339068 -0.0117114 0.00740539
825000 -1.18228 -1.1995 -1.23084 -0.316384 -0.00813775 -0.0081513
826000 -1.20339 -1.1858 -1.22546 -0.317746 -0.0109788 0.0107402
827000 -1.19913 -1.17042 -1.23297 -0.327981 -0.0218558 0.0196322
828000 -1.19795 -1.19693 -1.24544 -0.319368 -0.00714905 -0.00233069
829000 -1.18673 -1.17938 -1.25529 -0.315756 -0.000313695 -0.00617208
830000 -1.17878 -1.19669 -1.24654 -0.304475 -0.0251039 -0.00289956
831000 -1.20284 -1.21167 -1.21615 -0.298566 -0.00272076 0.0289405
832000 -1.19469 -1.20353 -1.2362 -0.283166 -0.00431714 0.0175087
833000 -1.20189 -1.18159 -1.23882 -0.271616 -0.0177277 -0.00667571
834000 -1.20902 -1.19769 -1.23443 -0.255505 -0.0141068 -0.0186072
835000 -1.18533 -1.19651 -1.23852 -0.249807 -0.00873579 -0.00199937
836000 -1.18751 -1.16698 -1.237 -0.247935 -0.0209602 0.00475018
837000 -1.21218 -1.19877 -1.25076 -0.236737 -0.0226795 -0.00780455
838000 -1.19762 -1.18426 -1.23772 -0.205177 -0.00526459 0.00354857
839000 -1.19438 -1.19287 -1.23736 -0.217328 -0.00590439 -0.000825482
840000 -1.19763 -1.2009 -1.24364 -0.192413 -0.000662944 0.0118191
841000 -1.18205 -1.20999 -1.22998 -0.173101 -0.00834877 0.00699328
842000 -1.18649 -1.19277 -1.25983 -0.158943 -0.0133969 0.0195329
843000 -1.18931 -1.20989 -1.25789 -0.135662 -0.00582993 0.0032911
844000 -1.18145 -1.20401 -1.26052 -0.119282 -0.017592 0.00941457
845000 -1.20905 -1.21188 -1.24216 -0.0999678 -0.0165629 0.00690737
846000 -1.21065 -1.19828 -1.26916 -0.0823382 -0.0123521 -0.004283
847000 -1.21994 -1.20714 -1.23803 -0.0608435 -0.0176716 0.0103701
848000 -1.20672 -1.19239 -1.25114 -0.0410824 -0.00781974 -0.00484533
849000 -1.1874 -1.20924 -1.26357 -0.0333832 -0.010558 0.0081214
850000 -1.19082 -1.20061 -1.25258 -0.00024914 -0.00146288 0.0228001
851000 -1.18889 -1.18924 -1.24106 0.0271753 -0.0132439 0.0258709
852000 -1.17788 -1.21521 -1.25614 0.0302289 -0.0148642 -0.00210421
853000 -1.19315 -1.18769 -1.24984 0.0484848 -0.00252161 0.000682831
854000 -1.18819 -1.1958 -1.26047 0.0821947 -0.0125614 -0.00307081
855000 -1.19371 -1.22507 -1.24386 0.0940532 -0.0168475 0.0114395
856000 -1.20611 -1.19852 -1.25224 0.111081 -0.0195375 0.0125565
857000 -1.20639 -1.1989 -1.25545 0.123218 0.00181865 0.00563443
858000 -1.19627 -1.19046 -1.25558 0.138246 -0.0186464 0.007794
859000 -1.18666 -1.21483 -1.2615 0.143469 -0.0165674 0.00124679
860000 -1.19749 -1.20018 -1.24437 0.169328 -0.0231798 -0.00374609
861000 -1.19279 -1.20225 -1.25399 0.196991 -0.0207383 0.00747706
862000 -1.21382 -1.20039 -1.24564 0.212524 -0.0134308 0.00168674
863000 -1.19525 -1.1695 -1.25104 0.237358 -0.00597431 0.00930391
864000 -1.23392 -1.1895 -1.22189 0.23344 -0.00136382 0.00744389
865000 -1.20121 -1.18596 -1.25587 0.256297 -0.0157522 -0.000500369
866000 -1.20622 -1.18659 -1.21801 0.270153 -0.00798399 0.00554264
867000 -1.20645 -1.17444 -1.26402 0.268211 -0.0243508 0.00999822
868000 -1.18799 -1.16941 -1.25094 0.266908 -0.0128704 0.00495512
869000 -1.20284 -1.19515 -1.24925 0.288463 -0.00110848 0.00689846
870000 -1.20316 -1.19638 -1.25102 0.290735 -0.0104824 0.00852148
871000 -1.19099 -1.18187 -1.25692 0.299639 -0.000806166 -0.00278998
872000 -1.20815 -1.19785 -1.23497 0.305194 -0.0217095 0.00467132
873000 -1.20091 -1.18384 -1.23188 0.289248 -0.0168403 -0.00249462
874000 -1.17702 -1.17896 -1.2578 0.322189 -0.0147038 -0.00619208
875000 -1.18407 -1.1813 -1.25025 0.30765 -0.0173152 0.0110767
876000 -1.18462 -1.18906 -1.25525 0.314832 -0.0205405 0.0150753
877000 -1.16603 -1.19202 -1.26337 0.318503 -0.0126368 0.00322922
878000 -1.17882 -1.19291 -1.26049 0.297341 -0.0296713 0.00512971
879000 -1.19522 -1.17736 -1.26366 0.282565 -0.0157716 0.00537511
880000 -1.18854 -1.21253 -1.22459 0.295171 -0.0184248 0.0201661
881000 -1.19445 -1.17602 -1.24821 0.278836 -0.0155003 0.0075827
882000 -1.18674 -1.17976 -1.26054 0.277913 -0.0104915 0.0100259
883000 -1.198 -1.17926 -1.24249 0.291445 -0.00454215 0.000159546
884000 -1.19377 -1.18778 -1.24623 0.227039 -0.0150793 -0.00165412
885000 -1.20043 -1.19738 -1.24211 0.241514 -0.00280975 0.00515369
886000 -1.20271 -1.16678 -1.25125 0.241942 -0.0244509 0.0128274
887000 -1.17425 -1.18214 -1.26623 0.221624 -0.0272125 0.00756789
888000 -1.18834 -1.19534 -1.24468 0.204608 -0.0190734 0.0207143
889000 -1.18977 -1.20333 -1.25927 0.197989 -0.00333811 -0.00485688
890000 -1.17173 -1.21287 -1.2587 0.175564 -0.00932212 0.0228175
891000 -1.20028 -1.17553 -1.24602 0.144385 -0.0186938 0.0131196
892000 -1.19052 -1.1904 -1.25762 0.142007 -0.0143536 0.00505516
893000 -1.18435 -1.19505 -1.25771 0.135671 -0.0288081 0.0124352
894000 -1.18519 -1.19406 -1.25913 0.121061 -0.00773342 0.00569263
895000 -1.18855 -1.21135 -1.23811 0.0922606 -0.0103097 -0.00432377
896000 -1.20401 -1.20488 -1.26171 0.0710343 -0.0342857 -0.00378732
897000 -1.21633 -1.20311 -1.24547 0.0642774 -0.00674406 0.011308
898000 -1.22295 -1.20551 -1.24501 0.0347468 -0.00237898 0.00248473
899000 -1.2111 -1.18768 -1.23073 0.0138149 -0.015324 0.0178172
900000 -1.21191 -1.22393 -1.23976 -0.00698817 -0.0139269 0.0070973
901000 -1.19549 -1.20494 -1.27166 -0.0336037 -0.0224013 0.0026615
902000 -1.20441 -1.19677 -1.23443 -0.0509878 -0.0150288 0.00897683
903000 -1.18264 -1.19736 -1.27031 -0.0726886 -0.0211867 0.00975108
904000 -1.21946 -1.18963 -1.24609 -0.0945549 -0.00985838 0.00540472
905000 -1.19287 -1.21297 -1.24278 -0.104222 -0.0104967 0.00993516
906000 -1.18521 -1.17331 -1.24284 -0.127157 -0.0142105 0.00972564
907000 -1.20838 -1.203 -1.23315 -0.136793 -0.00761999 0.000164619
908000 -1.18095 -1.21099 -1.25275 -0.16095 -0.0133423 0.0223781
909000 -1.18915 -1.22596 -1.24486 -0.168766 -0.0186777 0.0116481
910000 -1.19973 -1.17703 -1.25379 -0.185481 -0.00459032 0.011863
911000 -1.18439 -1.19165 -1.26033 -0.209843 -0.0203006 -0.00456548
912000 -1.2078 -1.20825 -1.23688 -0.218405 -0.00625553 -0.0022365
913000 -1.19474 -1.20679 -1.23061 -0.243672 -0.0336105 0.00648829
914000 -1.19407 -1.18929 -1.25799 -0.241925 -0.00249454 0.00272737
915000 -1.18447 -1.19598 -1.24048 -0.272225 -0.0196645 -0.0045602
916000 -1.19294 -1.19092 -1.23933 -0.274862 -0.0055954 -0.0101254
917000 -1.17805 -1.19973 -1.24747 -0.27692 -0.0133082 0.00249341
918000 -1.18242 -1.18227 -1.22193 -0.285776 -0.0149263 0.00745534
919000 -1.1752 -1.1788 -1.24479 -0.298882 -0.00559422 -0.00450239
920000 -1.20435 -1.19185 -1.22386 -0.309241 -0.0113526 -0.0101762
921000 -1.1993 -1.17371 -1.2306 -0.313589 -0.013879 -0.0114682
922000 -1.18965 -1.20191 -1.24823 -0.297699 -0.0108308 0.00428123
923000 -1.19316 -1.16075 -1.26272 -0.298948 -0.0186828 -0.00797884
924000 -1.18809 -1.18351 -1.25164 -0.317405 -0.0132754 -0.00158633
925000 -1.17151 -1.19341 -1.23829 -0.32279 -0.00608628 -0.000781127
926000 -1.18511 -1.18165 -1.24054 -0.311135 -0.00475149 -0.00488899
927000 -1.18064 -1.19635 -1.23727 -0.324715 -0.0149288 0.00143039
928000 -1.20488 -1.17666 -1.24138 -0.306272 -0.0157267 -0.0148034
929000 -1.17669 -1.18278 -1.24083 -0.300374 -0.00132305 0.0126564
930000 -1.18896 -1.19993 -1.2419 -0.311279 -0.000569153 0.00373416
931000 -1.18671 -1.20305 -1.24896 -0.294046 -0.0112075 0.0115425
932000 -1.17738 -1.20029 -1.249 -0.290044 0.000533042 0.00917275
933000 -1.19454 -1.19139 -1.22579 -0.280135 -0.0157953 -0.000439333
934000 -1.16903 -1.19061 -1.24669 -0.265919 -0.000308546 -3.0872e-06
935000 -1.19856 -1.19231 -1.23922 -0.253144 0.00195563 0.00289094
936000 -1.20274 -1.18875 -1.23826 -0.239114 -0.0207697 0.00112552
937000 -1.19248 -1.19971 -1.26044 -0.242835 -0.000490097 0.0160347
938000 -1.21368 -1.18143 -1.24884 -0.219544 -0.013448 0.0217175
939000 -1.19681 -1.18398 -1.24766 -0.192937 -0.0129479 0.0162395
940000 -1.17463 -1.22003 -1.24546 -0.185679 -0.0122113 -0.000557384
941000 -1.19169 -1.20813 -1.2561 -0.16489 -0.00357769 0.00319635
942000 -1.18598 -1.19102 -1.23855 -0.152718 -0.0065358 -0.00762758
943000 -1.19175 -1.20243 -1.256 -0.14744 -0.0174455 0.00184091
944000 -1.19338 -1.1956 -1.26336 -0.121531 -0.0237284 0.001488
945000 -1.18754 -1.18725 -1.26111 -0.094695 -0.0107011 0.0156743
946000 -1.1865 -1.21079 -1.25143 -0.0853552 0.000462479 0.000727915
947000 -1.1928 -1.19522 -1.25828 -0.0676853 -0.0058888 0.00539182
948000 -1.19363 -1.22687 -1.24173 -0.0443049 -0.0104323 -0.0019212
949000 -1.20165 -1.19111 -1.27968 -0.0266155 -0.00999325 -0.00183367
950000 -1.2052 -1.17472 -1.24235 8.136e-06 -0.012443 0.00254048
951000 -1.22086 -1.21544 -1.26394 0.0312478 -0.0135707 0.00486279
952000 -1.20652 -1.18016 -1.25609 0.0145271 -0.0046909 0.0221318
953000 -1.19453 -1.20363 -1.25521 0.0639767 -0.0137437 -0.0105859
954000 -1.19911 -1.18665 -1.26045 0.0785782 -0.00574826 0.0104176
955000 -1.20938 -1.20767 -1.24429 0.0872155 -0.0132338 0.0114078
956000 -1.19433 -1.19902 -1.25617 0.107848 8.14864e-05 0.0140844
957000 -1.20079 -1.19653 -1.25648 0.124649 0.00726139 0.0168293
958000 -1.18604 -1.19081 -1.25562 0.140971 -0.00877237 -0.00653848
959000 -1.20542 -1.19235 -1.24291 0.166454 -0.0190457 0.00464005
960000 -1.20451 -1.20079 -1.25482 0.173552 -0.0156304 0.000424239
961000 -1.2054 -1.18618 -1.25806 0.190084 -0.00764208 0.00355218
962000 -1.20257 -1.20838 -1.24845 0.22302 -0.0166145 -0.00308895
963000 -1.17575 -1.17769 -1.25293 0.219896 -0.0205491 0.0054584
964000 -1.21742 -1.17243 -1.26275 0.243668 -0.0263857 0.00493384
965000 -1.19295 -1.18717 -1.24151 0.240769 -0.0214749 -0.00142011
966000 -1.18222 -1.19232 -1.24082 0.254711 -0.0162935 0.0276027
967000 -1.1836 -1.19827 -1.24399 0.292502 -0.023844 0.00662648
968000 -1.17997 -1.1919 -1.23742 0.287842 -0.0130806 -0.00960087
969000 -1.1674 -1.18239 -1.24983 0.295342 -0.011335 0.00209325
970000 -1.1929 -1.15685 -1.24702 0.303328 -0.0146154 0.0196945
971000 -1.16908 -1.19555 -1.24711 0.297412 -0.0175179 0.000131696
972000 -1.20528 -1.17846 -1.26077 0.321347 -0.0170889 0.00900396
973000 -1.19399 -1.17459 -1.23458 0.30339 -0.00887739 0.0257134
974000 -1.18625 -1.1887 -1.24183 0.320759 -0.018366 0.00314646
975000 -1.20146 -1.18338 -1.24227 0.309137 -0.0130023 -0.00566817
976000 -1.19663 -1.18247 -1.23871 0.31452 -0.0251855 0.00433719
977000 -1.19015 -1.15967 -1.26515 0.301903 -0.0144079 0.00807583
978000 -1.18821 -1.1932 -1.23393 0.308714 -0.0133469 0.00131437
979000 -1.19256 -1.19177 -1.25013 0.305699 -0.00793346 -0.00426045
980000 -1.18475 -1.1857 -1.23801 0.293933 -0.0121297 -0.00277359
981000 -1.18595 -1.19682 -1.25916 0.284005 -0.0199264 0.0228523
982000 -1.17859 -1.18913 -1.24023 0.268012 -0.00982061 0.0107531
983000 -1.19434 -1.19286 -1.25249 0.271779 -0.0129982 0.0148224
984000 -1.17393 -1.19147 -1.2602 0.249464 -0.0231518 0.00368309
985000 -1.15594 -1.20073 -1.2626 0.249198 -0.0152842 0.00189566
986000 -1.17806 -1.18172 -1.27643 0.244516 -0.00517999 0.0249123
987000 -1.20262 -1.17965 -1.25557 0.237852 -0.018733 -0.00335295
988000 -1.1914 -1.19568 -1.24062 0.208713 0.000786548 -0.0012349
989000 -1.18534 -1.19582 -1.24445 0.207517 -0.00439202 0.00839782
990000 -1.19772 -1.18514 -1.25586 0.181692 -0.018844 0.00852413
991000 -1.2002 -1.19907 -1.23717 0.153347 -0.00878351 0.01873
992000 -1.18574 -1.20504 -1.26045 0.145151 0.00486229 0.0145543
993000 -1.18614 -1.21428 -1.25662 0.119893 -0.00705182 -0.00157832
994000 -1.17915 -1.2295 -1.21767 0.0962498 -0.0136624 -0.00100353
995000 -1.17855 -1.19416 -1.24763 0.0912724 -0.0170205 -0.00256978
996000 -1.1927 -1.19425 -1.25533 0.0737582 -0.0195907 0.0165682
997000 -1.19174 -1.21471 -1.25418 0.0433067 -0.00508621 -0.00747396
998000 -1.19309 -1.20586 -1.26854 0.0381073 -0.0099272 -0.00969307
999000 -1.20931 -1.21001 -1.25074 0.0124609 -0.0299217 0.0122252
1000000 -1.19403 -1.21038 -1.24479 -0.0027325 -0.00983177 0.00130951
