# Time-averaged data for fix ps1
# TimeStep c_thermo_press[1] c_thermo_press[2] c_thermo_press[3] c_thermo_press[4] c_thermo_press[5] c_thermo_press[6]
10000 326693 322670 0 -834.649 0 0
20000 326813 323538 0 -1626.02 0 0
30000 326769 323040 0 -2202.41 0 0
40000 326550 323441 0 -2563.34 0 0
50000 326735 322984 0 -3250.88 0 0
60000 326384 323064 0 -3789.64 0 0
70000 326134 323282 0 -4577.9 0 0
80000 326455 323550 0 -5070.07 0 0
90000 325959 323857 0 -4903.77 0 0
100000 327076 323439 0 -5515.2 0 0
110000 326490 323406 0 -6635.88 0 0
120000 326355 323319 0 -6104.27 0 0
130000 326918 323394 0 -6665.52 0 0
140000 326339 323714 0 -7270.36 0 0
150000 326650 323566 0 -7207.2 0 0
160000 326194 323303 0 -7994.25 0 0
170000 326999 323355 0 -8030.52 0 0
180000 327136 322964 0 -8903.47 0 0
190000 326655 323485 0 -8231.66 0 0
200000 326865 323516 0 -8696.2 0 0
210000 326973 323090 0 -9403.96 0 0
220000 326617 323651 0 -8597.82 0 0
230000 326358 323508 0 -9176.92 0 0
240000 327367 323092 0 -9826.19 0 0
250000 326500 324098 0 -9120.03 0 0
260000 325797 323615 0 -9356.23 0 0
270000 327054 323477 0 -9539.69 0 0
280000 326547 323741 0 -9691.97 0 0
290000 326569 323149 0 -9341.36 0 0
300000 326804 322680 0 -9062.9 0 0
310000 326285 323618 0 -8897.14 0 0
320000 326689 323441 0 -8275.63 0 0
330000 326458 323799 0 -8101.28 0 0
340000 326597 323570 0 -7524.07 0 0
350000 327009 323068 0 -7594.79 0 0
360000 326435 323363 0 -6772.98 0 0
370000 326537 323571 0 -7273.82 0 0
380000 326508 323420 0 -6544.55 0 0
390000 326349 323312 0 -5797.19 0 0
400000 327119 322876 0 -5811.28 0 0
410000 326837 323305 0 -5324.24 0 0
420000 326759 323181 0 -4114.32 0 0
430000 326605 322982 0 -4059.98 0 0
440000 326331 323332 0 -3797.71 0 0
450000 326977 322375 0 -3253.19 0 0
460000 326300 323144 0 -2259.24 0 0
470000 326040 323096 0 -1964.3 0 0
480000 326507 322829 0 -648.923 0 0
490000 326361 323347 0 -780.524 0 0
500000 326753 323042 0 -684.348 0 0
510000 326077 323171 0 251.929 0 0
520000 326143 323140 0 552.251 0 0
530000 326361 322822 0 1282.34 0 0
540000 326966 322995 0 2063.36 0 0
550000 326374 323076 0 2567.57 0 0
560000 326830 323366 0 2569.51 0 0
570000 325845 323319 0 3447.69 0 0
580000 326150 322900 0 3966.72 0 0
590000 326420 322966 0 4354.42 0 0
600000 327012 322514 0 3736.15 0 0
610000 327255 322671 0 4625.49 0 0
620000 326668 322209 0 4986.84 0 0
630000 326846 322907 0 6141.06 0 0
640000 326528 323009 0 7119.02 0 0
650000 326921 322813 0 7342.95 0 0
660000 326976 322953 0 6445.85 0 0
670000 326133 323228 0 6964.63 0 0
680000 326164 323295 0 7487.9 0 0
690000 326578 322969 0 8406.75 0 0
700000 327364 322545 0 7794.5 0 0
710000 326862 322648 0 7678.14 0 0
720000 326137 323127 0 8143.34 0 0
730000 326648 323519 0 8456.05 0 0
740000 326841 323068 0 8228.85 0 0
750000 326874 322570 0 8376.49 0 0
760000 326204 322880 0 8884.08 0 0
770000 326707 322709 0 8290.79 0 0
780000 326251 323578 0 8486.66 0 0
790000 327254 323315 0 8114.6 0 0
800000 325874 323079 0 7303.82 0 0
810000 326747 323083 0 7033.87 0 0
820000 326666 322837 0 7780.71 0 0
830000 326683 322733 0 7445.33 0 0
840000 325832 323545 0 7141.15 0 0
850000 326397 323178 0 6349.75 0 0
860000 326536 323169 0 6449.97 0 0
870000 326335 323263 0 6580.08 0 0
880000 326362 323315 0 5930.25 0 0
890000 326814 322992 0 4796.66 0 0
900000 326508 322610 0 4704.4 0 0
910000 326236 323240 0 4406.5 0 0
920000 326770 323029 0 4222.84 0 0
930000 327434 322617 0 3546.33 0 0
940000 326114 323245 0 2524.2 0 0
950000 326664 322585 0 2455.95 0 0
960000 326552 323196 0 1434.69 0 0
970000 326597 323347 0 1306.78 0 0
980000 326296 323360 0 999.535 0 0
990000 326496 322433 0 90.7282 0 0
1000000 326343 322922 0 -325.801 0 0
1010000 326880 322440 0 -884.853 0 0
1020000 326499 322943 0 -1045.42 0 0
1030000 326713 322582 0 -2148.04 0 0
1040000 326755 323331 0 -3228.73 0 0
1050000 326664 323140 0 -3106.75 0 0
1060000 326985 322830 0 -3802.11 0 0
1070000 326023 323721 0 -4208.68 0 0
1080000 326723 323298 0 -4490.9 0 0
1090000 326374 323609 0 -5882.84 0 0
1100000 326483 322776 0 -5508.9 0 0
1110000 326731 322842 0 -6348 0 0
1120000 326652 323161 0 -6917.22 0 0
1130000 326752 323227 0 -6982.7 0 0
1140000 326811 323195 0 -6865.38 0 0
1150000 326572 323254 0 -7565.16 0 0
1160000 326436 323757 0 -7347.78 0 0
1170000 326344 323270 0 -8179.39 0 0
1180000 326256 323694 0 -8507.57 0 0
1190000 326629 323081 0 -8998.38 0 0
1200000 326191 323448 0 -8499.83 0 0
1210000 326918 323776 0 -9137.55 0 0
1220000 326961 323129 0 -8450.79 0 0
1230000 326631 322983 0 -9430.31 0 0
1240000 326104 323188 0 -9350.66 0 0
1250000 326806 323054 0 -9042.4 0 0
1260000 326990 323979 0 -9182.04 0 0
1270000 326098 323693 0 -9245.95 0 0
1280000 326150 323655 0 -9083.03 0 0
1290000 326957 323635 0 -8998.54 0 0
1300000 326376 323280 0 -8880.78 0 0
1310000 326611 323246 0 -8998.43 0 0
1320000 326409 323683 0 -8501.23 0 0
1330000 326303 323427 0 -7914.5 0 0
1340000 326055 323350 0 -8025 0 0
1350000 326148 323505 0 -7725.5 0 0
1360000 326048 323387 0 -7145.31 0 0
1370000 326432 323876 0 -6585.68 0 0
1380000 326836 322999 0 -6017.13 0 0
1390000 326820 323487 0 -6249.67 0 0
1400000 326496 323179 0 -6058.3 0 0
1410000 327044 323212 0 -5393.95 0 0
1420000 325878 323539 0 -4545.19 0 0
1430000 326343 322996 0 -4705.67 0 0
1440000 326374 323427 0 -3884.38 0 0
1450000 327104 323009 0 -3631.87 0 0
1460000 326157 323494 0 -2630.16 0 0
1470000 326640 323017 0 -2048.38 0 0
1480000 326704 322713 0 -1610.33 0 0
1490000 326794 323151 0 -1131.61 0 0
1500000 326532 322777 0 -199.862 0 0
1510000 326443 323005 0 -131.258 0 0
1520000 326634 322997 0 975.401 0 0
1530000 326466 322925 0 1160.15 0 0
1540000 326882 322215 0 2143.34 0 0
1550000 326477 323173 0 2411.92 0 0
1560000 326383 322652 0 2694.98 0 0
1570000 325742 323528 0 2982.58 0 0
1580000 326786 322924 0 3773.41 0 0
1590000 326575 323072 0 4585.35 0 0
1600000 326535 323170 0 4940.71 0 0
1610000 326682 322509 0 4962.85 0 0
1620000 326543 322958 0 5076.51 0 0
1630000 325873 323752 0 6254.89 0 0
1640000 326436 322958 0 5512.85 0 0
1650000 326825 322814 0 6468.27 0 0
1660000 326282 323134 0 7814.04 0 0
1670000 326798 322734 0 7090.59 0 0
1680000 326317 323351 0 7463.84 0 0
1690000 326252 322942 0 7800.07 0 0
1700000 326312 323233 0 7808.76 0 0
1710000 326148 323261 0 7387.53 0 0
1720000 326930 322846 0 7581.51 0 0
1730000 327144 322738 0 7817.83 0 0
1740000 326542 322553 0 8233.92 0 0
1750000 326833 322576 0 7800.22 0 0
1760000 326465 322919 0 8511.39 0 0
1770000 326632 322660 0 8404.58 0 0
1780000 326253 322866 0 8596.05 0 0
1790000 325951 323221 0 8307.98 0 0
1800000 326383 323823 0 7027.53 0 0
1810000 326972 322418 0 8005.18 0 0
1820000 327221 322055 0 7183.23 0 0
1830000 326927 323246 0 6952.49 0 0
1840000 326467 323225 0 6324.88 0 0
1850000 327119 321956 0 7292.62 0 0
1860000 326669 322936 0 6187.96 0 0
1870000 326797 323108 0 6155.07 0 0
1880000 326597 323315 0 5661.67 0 0
1890000 326238 322916 0 5326.95 0 0
1900000 326297 323440 0 5069.33 0 0
1910000 326215 323001 0 4083.09 0 0
1920000 326483 323336 0 3897.47 0 0
1930000 326881 322975 0 3344.39 0 0
1940000 326445 323024 0 2852.51 0 0
1950000 326419 323151 0 2832.03 0 0
1960000 326228 323546 0 1174.44 0 0
1970000 326939 322872 0 1670.11 0 0
1980000 326865 322998 0 646.907 0 0
1990000 326299 323661 0 290.804 0 0
2000000 326125 323309 0 -119.961 0 0
2010000 326235 323548 0 -938.354 0 0
2020000 325651 323921 0 -1621.65 0 0
2030000 326318 323517 0 -1772.26 0 0
2040000 326389 323112 0 -2281.48 0 0
2050000 326460 323138 0 -3291.61 0 0
2060000 326947 322484 0 -3515.06 0 0
2070000 326255 323376 0 -4203.08 0 0
2080000 326629 323045 0 -5287.78 0 0
2090000 326096 323334 0 -5201.6 0 0
2100000 326084 323169 0 -5595.64 0 0
2110000 326617 323236 0 -6060.87 0 0
2120000 326223 323692 0 -6531.15 0 0
2130000 326834 323536 0 -7057.46 0 0
2140000 326514 323433 0 -7183.59 0 0
2150000 326973 323159 0 -7070.54 0 0
2160000 326814 323199 0 -8105.62 0 0
2170000 326031 323079 0 -8386.54 0 0
2180000 326534 323166 0 -8757.68 0 0
2190000 326447 323157 0 -9082.21 0 0
2200000 326473 322940 0 -9400.98 0 0
2210000 326170 324048 0 -8303.01 0 0
2220000 326807 323338 0 -8879.53 0 0
2230000 326332 323415 0 -9312 0 0
2240000 326762 323144 0 -9416.33 0 0
2250000 326121 323638 0 -9221.48 0 0
2260000 326671 323789 0 -9040.4 0 0
2270000 326146 323465 0 -9480.91 0 0
2280000 326299 323178 0 -9371.06 0 0
2290000 326450 323173 0 -9448.25 0 0
2300000 326954 322937 0 -9031.09 0 0
2310000 326569 323346 0 -8691.13 0 0
2320000 326551 323244 0 -8625.54 0 0
2330000 326350 323435 0 -7732.66 0 0
2340000 326830 323331 0 -7949.74 0 0
2350000 326386 323660 0 -7475.37 0 0
2360000 326276 323198 0 -7076.97 0 0
2370000 326938 322995 0 -7024.14 0 0
2380000 326774 323233 0 -6442.88 0 0
2390000 326589 323321 0 -5617.7 0 0
2400000 326501 323504 0 -5140.4 0 0
2410000 326410 323509 0 -4882.68 0 0
2420000 326164 323494 0 -4353.06 0 0
2430000 326365 323690 0 -4261.31 0 0
2440000 326630 322950 0 -3918.4 0 0
2450000 326485 322964 0 -3298.21 0 0
2460000 326934 322674 0 -3320.87 0 0
2470000 326563 323184 0 -2098.59 0 0
2480000 326312 323529 0 -1711.14 0 0
2490000 326562 323311 0 -896.383 0 0
2500000 326273 323004 0 117.327 0 0
2510000 326491 322896 0 553.921 0 0
2520000 326592 322927 0 961.035 0 0
2530000 326617 323004 0 1502.08 0 0
2540000 326614 323081 0 1953.56 0 0
2550000 326850 322888 0 2272.27 0 0
2560000 325889 322882 0 2839.41 0 0
2570000 327030 323167 0 3271.44 0 0
2580000 326576 322984 0 3897.18 0 0
2590000 326638 322011 0 4455.4 0 0
2600000 326748 322654 0 5437.72 0 0
2610000 326817 322768 0 5820.24 0 0
2620000 325944 323184 0 5390.1 0 0
2630000 325822 323462 0 6682.32 0 0
2640000 327142 322486 0 6386.2 0 0
2650000 326877 322599 0 6565.82 0 0
2660000 326809 322432 0 6600.87 0 0
2670000 326544 322858 0 6796.59 0 0
2680000 326222 323081 0 7650.32 0 0
2690000 326376 322990 0 7995.06 0 0
2700000 326302 323118 0 8387.39 0 0
2710000 326651 322887 0 7828.55 0 0
2720000 326877 323200 0 8517.54 0 0
2730000 326691 322571 0 8537.01 0 0
2740000 326610 322572 0 7532.64 0 0
2750000 327163 322777 0 8660.14 0 0
2760000 326096 323241 0 8016.33 0 0
2770000 326796 323204 0 8322.62 0 0
2780000 327488 322671 0 8102.08 0 0
2790000 326782 322535 0 7662.91 0 0
2800000 326485 322973 0 7234.21 0 0
2810000 326920 322894 0 7607.36 0 0
2820000 326569 322723 0 6942.05 0 0
2830000 326801 323024 0 7616.89 0 0
2840000 327221 322631 0 7126.14 0 0
2850000 326780 322629 0 6910.79 0 0
2860000 326874 322536 0 6440.45 0 0
2870000 326562 323577 0 6666.21 0 0
2880000 326432 323123 0 5878.36 0 0
2890000 327096 322133 0 5177.19 0 0
2900000 325785 323273 0 4682.14 0 0
2910000 326620 322764 0 4727.4 0 0
2920000 327003 322728 0 4023.89 0 0
2930000 326340 323351 0 3395.57 0 0
2940000 326332 323166 0 3446.91 0 0
2950000 326693 322622 0 2539.83 0 0
2960000 326206 322875 0 1648.05 0 0
2970000 326652 323017 0 1283.48 0 0
2980000 326897 322811 0 973.071 0 0
2990000 326696 322921 0 190.743 0 0
3000000 326725 322945 0 -423.497 0 0
3010000 326485 322587 0 -1212.07 0 0
3020000 326608 323091 0 -1473.58 0 0
3030000 326464 323477 0 -2169.23 0 0
3040000 326784 322875 0 -2404.59 0 0
3050000 326471 322994 0 -2642.62 0 0
3060000 326867 323049 0 -4039.05 0 0
3070000 326849 322951 0 -4312.07 0 0
3080000 327116 323091 0 -4796.31 0 0
3090000 326793 322867 0 -5821.86 0 0
3100000 326496 323417 0 -5981.14 0 0
3110000 326525 323044 0 -6560.17 0 0
3120000 325979 323319 0 -6515.44 0 0
3130000 326505 323432 0 -6397.98 0 0
3140000 326559 323267 0 -6936.45 0 0
3150000 326929 322846 0 -7514.01 0 0
3160000 326267 323535 0 -7484.95 0 0
3170000 326828 323351 0 -7762.06 0 0
3180000 326972 323240 0 -8299.91 0 0
3190000 326452 323555 0 -8601.45 0 0
3200000 326903 323307 0 -8969.06 0 0
3210000 326829 323422 0 -9360.33 0 0
3220000 326835 322989 0 -9264.14 0 0
3230000 326665 323466 0 -9398.03 0 0
3240000 326508 323700 0 -9650.33 0 0
3250000 326905 323148 0 -9349.88 0 0
3260000 326935 323438 0 -8608.58 0 0
3270000 326399 323563 0 -9410.44 0 0
3280000 326455 323481 0 -8371.72 0 0
3290000 326557 323484 0 -9165.42 0 0
3300000 326573 323491 0 -8952.2 0 0
3310000 326562 323593 0 -8579.56 0 0
3320000 326296 323253 0 -8829.52 0 0
3330000 326828 323339 0 -8026.76 0 0
3340000 326327 323410 0 -7575.22 0 0
3350000 326077 323389 0 -7944.68 0 0
3360000 326570 322900 0 -7337.16 0 0
3370000 326550 323753 0 -6733.62 0 0
3380000 325836 323570 0 -6364.5 0 0
3390000 326324 323559 0 -6254.25 0 0
3400000 326173 323529 0 -5689.94 0 0
3410000 326727 323487 0 -5123.05 0 0
3420000 326341 322990 0 -4657.73 0 0
3430000 325768 323640 0 -4163.97 0 0
3440000 327154 322866 0 -3754.32 0 0
3450000 326816 322700 0 -3458.26 0 0
3460000 326632 323315 0 -2793.72 0 0
3470000 326169 323341 0 -1735.62 0 0
3480000 326841 322367 0 -1511.79 0 0
3490000 326295 322760 0 -870.814 0 0
3500000 325350 324010 0 -242.322 0 0
3510000 326600 322994 0 463.097 0 0
3520000 326475 323054 0 1039.37 0 0
3530000 326521 322529 0 1007.04 0 0
3540000 326595 323282 0 2264.5 0 0
3550000 326587 323079 0 2551.74 0 0
3560000 326946 322637 0 3071.47 0 0
3570000 326463 322705 0 3076.62 0 0
3580000 326393 322790 0 2857.4 0 0
3590000 327041 322427 0 4555.94 0 0
3600000 326577 322791 0 5225.65 0 0
3610000 326665 322655 0 5036.57 0 0
3620000 326544 323163 0 5824.44 0 0
3630000 326629 322960 0 6158.07 0 0
3640000 326252 323507 0 7035.99 0 0
3650000 326777 323023 0 6100.17 0 0
3660000 326528 322825 0 6691.92 0 0
3670000 326730 322787 0 7569.28 0 0
3680000 326984 323037 0 8172.76 0 0
3690000 326650 323085 0 7695.68 0 0
3700000 326788 322329 0 7947.44 0 0
3710000 326431 323395 0 7458.35 0 0
3720000 326448 322823 0 8543.61 0 0
3730000 325990 323723 0 8431.15 0 0
3740000 326788 322477 0 8579.15 0 0
3750000 325849 323450 0 9113.29 0 0
3760000 326655 323375 0 8396.85 0 0
3770000 326915 322862 0 8336.94 0 0
3780000 326587 322461 0 7809.71 0 0
3790000 326808 322797 0 7878.46 0 0
3800000 326340 322566 0 8480.46 0 0
3810000 326410 322934 0 7910.47 0 0
3820000 326078 323211 0 7144.08 0 0
3830000 326813 322697 0 7348.36 0 0
3840000 326084 322758 0 7019.25 0 0
3850000 326632 322627 0 6890.44 0 0
3860000 325793 323902 0 6427.24 0 0
3870000 326602 322827 0 5032.09 0 0
3880000 327168 322125 0 5447.06 0 0
3890000 326487 322817 0 5282.5 0 0
3900000 326225 323382 0 4455.07 0 0
3910000 326136 323462 0 3739.25 0 0
3920000 327020 322602 0 3591.2 0 0
3930000 326607 322783 0 4098.85 0 0
3940000 326360 323024 0 3435.31 0 0
3950000 326620 323180 0 2072.77 0 0
3960000 326737 322388 0 1367.78 0 0
3970000 326926 322861 0 1663.48 0 0
3980000 327004 323037 0 663.898 0 0
3990000 326517 323389 0 263.05 0 0
4000000 326870 323044 0 -266.632 0 0
4010000 326514 323115 0 -1119.36 0 0
4020000 326579 322873 0 -1975.09 0 0
4030000 325955 323477 0 -1694.68 0 0
4040000 327434 322514 0 -2970.62 0 0
4050000 326152 323657 0 -2823.28 0 0
4060000 326172 323476 0 -3122.82 0 0
4070000 326569 323040 0 -4100.05 0 0
4080000 326180 323350 0 -3947.12 0 0
4090000 326833 323327 0 -5504.45 0 0
4100000 326580 323387 0 -6266.65 0 0
4110000 327218 322528 0 -6175.02 0 0
4120000 326303 323503 0 -6534.81 0 0
4130000 326221 323494 0 -6898.76 0 0
4140000 326534 323271 0 -6907.61 0 0
4150000 326121 323648 0 -6684.5 0 0
4160000 326447 322679 0 -7552.78 0 0
4170000 326585 323224 0 -8072.23 0 0
4180000 326535 323799 0 -8387.91 0 0
4190000 327066 323802 0 -7999.07 0 0
4200000 326825 323527 0 -8299.17 0 0
4210000 326411 323200 0 -8681.31 0 0
4220000 326536 323560 0 -8374.57 0 0
4230000 326840 323477 0 -9160.81 0 0
4240000 326781 323135 0 -9275.08 0 0
4250000 326986 323001 0 -8935.48 0 0
4260000 326504 323398 0 -9330.44 0 0
4270000 326560 323324 0 -9304.41 0 0
4280000 326470 323488 0 -9383.89 0 0
4290000 326565 323660 0 -9132.44 0 0
4300000 326268 323634 0 -9156.7 0 0
4310000 326826 322855 0 -8936.24 0 0
4320000 326802 323565 0 -8359.27 0 0
4330000 326471 322955 0 -8173.58 0 0
4340000 326709 323014 0 -7522.96 0 0
4350000 326864 323262 0 -7295.36 0 0
4360000 326832 323199 0 -7484.4 0 0
4370000 326309 323455 0 -6295.39 0 0
4380000 326369 323698 0 -6058.59 0 0
4390000 326702 322990 0 -5922.97 0 0
4400000 326526 323544 0 -5830.39 0 0
4410000 326102 323528 0 -5259.64 0 0
4420000 326489 323271 0 -4520.58 0 0
4430000 327001 322674 0 -4492.61 0 0
4440000 326449 323104 0 -3350.46 0 0
4450000 326433 323415 0 -2909.96 0 0
4460000 326884 322839 0 -3574.16 0 0
4470000 326016 323243 0 -1547.65 0 0
4480000 326337 323267 0 -1465.41 0 0
4490000 326657 323176 0 -1029.32 0 0
4500000 326465 323412 0 -516.798 0 0
4510000 326419 322480 0 317.183 0 0
4520000 326474 323037 0 660.348 0 0
4530000 326785 322633 0 1253.15 0 0
4540000 326700 322502 0 1626.22 0 0
4550000 326615 322855 0 1916.32 0 0
4560000 326775 322682 0 2770.15 0 0
4570000 325987 323626 0 2826.03 0 0
4580000 325997 323482 0 3250.23 0 0
4590000 326141 323005 0 4039.61 0 0
4600000 326228 322770 0 5332.48 0 0
4610000 326197 323397 0 5637.98 0 0
4620000 326117 323311 0 5242.3 0 0
4630000 326345 323150 0 5894.7 0 0
4640000 326720 322805 0 5749.34 0 0
4650000 326317 323255 0 6946.54 0 0
4660000 325864 323441 0 7065.78 0 0
4670000 326874 322958 0 8018.19 0 0
4680000 326521 323279 0 6972.03 0 0
4690000 326040 323436 0 7702.37 0 0
4700000 326549 322707 0 8074.6 0 0
4710000 327124 322537 0 8536.22 0 0
4720000 326285 323141 0 8471.52 0 0
4730000 325741 323252 0 8077.52 0 0
4740000 325995 323432 0 8189.73 0 0
4750000 326024 323129 0 9248.82 0 0
4760000 326934 322361 0 7846.42 0 0
4770000 326104 323357 0 7972.78 0 0
4780000 326629 322522 0 7713.78 0 0
4790000 325998 323680 0 8396.87 0 0
4800000 326488 323202 0 7520.7 0 0
4810000 326600 322857 0 7557.19 0 0
4820000 326263 323224 0 7094.02 0 0
4830000 326961 322953 0 6564.4 0 0
4840000 326656 322852 0 6559.87 0 0
4850000 326410 323397 0 7035.2 0 0
4860000 326670 322647 0 6550.64 0 0
4870000 326539 322795 0 6089.9 0 0
4880000 326372 322722 0 5145.2 0 0
4890000 326159 322994 0 5046.96 0 0
4900000 326310 322925 0 4954 0 0
4910000 326821 322698 0 4572.75 0 0
4920000 326369 323472 0 3826.91 0 0
4930000 326830 322694 0 3552.97 0 0
4940000 326747 322825 0 2764.65 0 0
4950000 326798 322310 0 1835.88 0 0
4960000 326771 323098 0 1189.06 0 0
4970000 326504 323103 0 1495.98 0 0
4980000 326587 323173 0 362.492 0 0
4990000 326632 322975 0 150.987 0 0
5000000 326361 323243 0 -501.037 0 0
