# Time-averaged data for fix ps1
# TimeStep c_thermo_press[1] c_thermo_press[2] c_thermo_press[3] c_thermo_press[4] c_thermo_press[5] c_thermo_press[6]
10000 402118 399737 0 -1387.69 0 0
20000 400973 398626 0 -89.3229 0 0
30000 401750 401236 0 -2543.58 0 0
40000 404112 398084 0 2026.77 0 0
50000 399680 401871 0 543.488 0 0
60000 404240 397966 0 -1429.98 0 0
70000 399044 403586 0 381.757 0 0
80000 401529 398703 0 1414.98 0 0
90000 397919 401459 0 -639.813 0 0
100000 399606 400674 0 -462.649 0 0
110000 401676 399303 0 2513.66 0 0
120000 404424 400423 0 222.126 0 0
130000 401132 403099 0 192.614 0 0
140000 401072 403712 0 -1458.8 0 0
150000 403592 399416 0 -3355.54 0 0
160000 402097 401868 0 -2248.47 0 0
170000 403449 399997 0 -338.861 0 0
180000 403643 398681 0 -963.558 0 0
190000 404701 400532 0 1571.65 0 0
200000 401108 401285 0 -1312.7 0 0
210000 399390 401786 0 -414.012 0 0
220000 400756 400442 0 137.985 0 0
230000 400732 401586 0 37.0098 0 0
240000 402619 400942 0 1190.12 0 0
250000 403421 399022 0 2088.18 0 0
260000 400150 401906 0 1469.81 0 0
270000 401250 401731 0 -519.192 0 0
280000 402957 400920 0 2465.86 0 0
290000 400343 403269 0 -139.558 0 0
300000 405667 399142 0 -1094.84 0 0
310000 403444 400943 0 -697.476 0 0
320000 403066 402102 0 1800.2 0 0
330000 401649 403058 0 -2555.64 0 0
340000 401074 401862 0 -610.712 0 0
350000 402227 401417 0 1130.76 0 0
360000 403443 399355 0 1721.02 0 0
370000 403067 399992 0 -482.832 0 0
380000 401352 401840 0 -1751.7 0 0
390000 403084 401513 0 -1824.91 0 0
400000 403755 400951 0 358.718 0 0
410000 402691 401557 0 2295.03 0 0
420000 401197 402905 0 1715.3 0 0
430000 397259 403849 0 442.715 0 0
440000 398510 402880 0 2377.93 0 0
450000 400009 402052 0 350.872 0 0
460000 401710 401420 0 -2254.4 0 0
470000 401716 403043 0 -1387.09 0 0
480000 399585 402910 0 3121.17 0 0
490000 399926 402808 0 -1102.35 0 0
500000 397872 403552 0 -173.17 0 0
510000 401297 402514 0 1029.1 0 0
520000 401820 400890 0 3.56114 0 0
530000 401970 400754 0 -1857.55 0 0
540000 401145 399333 0 -954.57 0 0
550000 399919 399970 0 1651.14 0 0
560000 399957 399065 0 -1434.53 0 0
570000 401749 397968 0 1378.73 0 0
580000 398123 401891 0 -2610.8 0 0
590000 400875 402939 0 712.863 0 0
600000 401036 400732 0 -1981.94 0 0
610000 401309 400454 0 119.292 0 0
620000 398147 402661 0 2265.16 0 0
630000 397416 403578 0 -71.6552 0 0
640000 401555 402427 0 1914.02 0 0
650000 401520 400911 0 1583.94 0 0
660000 401904 399883 0 324.856 0 0
670000 399928 401686 0 -1820.81 0 0
680000 398799 402655 0 1101.56 0 0
690000 403211 398899 0 354.559 0 0
700000 399237 399882 0 -334.864 0 0
710000 398473 401997 0 -985.731 0 0
720000 401668 399792 0 -94.0932 0 0
730000 400185 401372 0 -70.8321 0 0
740000 398679 401965 0 221.191 0 0
750000 402677 398371 0 -803.408 0 0
760000 401586 401150 0 526.976 0 0
770000 401728 401244 0 216.434 0 0
780000 402563 399853 0 1007.64 0 0
790000 401024 401767 0 695.971 0 0
800000 398341 401968 0 -1788.59 0 0
810000 400750 401915 0 -589.357 0 0
820000 402752 397484 0 -531.426 0 0
830000 402665 399529 0 88.5252 0 0
840000 398332 401365 0 -595.977 0 0
850000 400451 400325 0 -1519.2 0 0
860000 399892 402492 0 2393.71 0 0
870000 398544 402274 0 3148.59 0 0
880000 397717 402075 0 -1598.44 0 0
890000 399867 401493 0 -1594.86 0 0
900000 399932 400125 0 1174.66 0 0
910000 403198 397652 0 468.103 0 0
920000 399476 401630 0 -4807.88 0 0
930000 402211 397198 0 -2022.23 0 0
940000 401277 401391 0 -111.936 0 0
950000 400016 400926 0 -828.153 0 0
960000 400004 401536 0 -1494.42 0 0
970000 400666 401026 0 420.936 0 0
980000 401308 401065 0 651.777 0 0
990000 403447 398328 0 -2361.95 0 0
1000000 401145 402903 0 698.537 0 0
1010000 404386 400102 0 2107.54 0 0
1020000 400669 401524 0 -1859.82 0 0
1030000 400960 401045 0 403.981 0 0
1040000 400490 402869 0 -2531.35 0 0
1050000 400758 399621 0 1567.4 0 0
1060000 398748 404397 0 2252.02 0 0
1070000 401714 402394 0 -955.965 0 0
1080000 404100 398783 0 1791.42 0 0
1090000 400631 401959 0 -670.461 0 0
1100000 402574 400847 0 1421.61 0 0
1110000 402214 399442 0 530.945 0 0
1120000 401975 402280 0 640.443 0 0
1130000 402370 402249 0 -1812.24 0 0
1140000 402937 400523 0 -365.339 0 0
1150000 399317 404055 0 1465.18 0 0
1160000 398558 402538 0 1239.53 0 0
1170000 402821 400873 0 263.982 0 0
1180000 403337 398069 0 985.857 0 0
1190000 399184 402698 0 -179.7 0 0
1200000 401973 400819 0 479.673 0 0
1210000 407024 396227 0 247.379 0 0
1220000 401781 401477 0 2154.61 0 0
1230000 403717 399335 0 3365.55 0 0
1240000 401973 401033 0 -2283.51 0 0
1250000 402767 403144 0 650.429 0 0
1260000 403184 400346 0 966.659 0 0
1270000 400967 403075 0 443.071 0 0
1280000 403724 398918 0 -554.948 0 0
1290000 401815 401093 0 -583.951 0 0
1300000 402314 400992 0 -1483.68 0 0
1310000 403373 399477 0 -2844.09 0 0
1320000 401922 399440 0 1929.97 0 0
1330000 398626 403093 0 561.434 0 0
1340000 405040 400155 0 -348.85 0 0
1350000 404748 397983 0 1757.56 0 0
1360000 402145 400910 0 1668.05 0 0
1370000 401126 400175 0 2711.26 0 0
1380000 402969 398733 0 1959.48 0 0
1390000 400762 401565 0 -2674.24 0 0
1400000 401048 402481 0 -2636.86 0 0
1410000 402368 400478 0 -524.484 0 0
1420000 402099 400824 0 -493.262 0 0
1430000 402160 398364 0 1413.35 0 0
1440000 399367 402334 0 2937.32 0 0
1450000 403055 401104 0 102.493 0 0
1460000 402437 400454 0 -323.725 0 0
1470000 402533 399951 0 3924.6 0 0
1480000 401473 399184 0 2660.23 0 0
1490000 402784 397489 0 508.303 0 0
1500000 399635 402326 0 -1925.83 0 0
1510000 397602 401399 0 -2379.47 0 0
1520000 399885 402734 0 1514.36 0 0
1530000 401133 403507 0 2442.07 0 0
1540000 399429 400816 0 522.683 0 0
1550000 402509 398925 0 1806.41 0 0
1560000 401444 400441 0 2049.79 0 0
1570000 400424 399915 0 1278.05 0 0
1580000 399954 401155 0 529.72 0 0
1590000 397905 403097 0 -359.796 0 0
1600000 400305 399636 0 -867.643 0 0
1610000 400156 403207 0 1552.36 0 0
1620000 399461 401236 0 -138.793 0 0
1630000 399698 399869 0 2615.72 0 0
1640000 400397 398894 0 1772.18 0 0
1650000 400443 399748 0 -919.603 0 0
1660000 399829 401424 0 566.395 0 0
1670000 403039 397593 0 -215.271 0 0
1680000 401276 401831 0 -1644.13 0 0
1690000 399415 400572 0 2016.47 0 0
1700000 400340 400243 0 2359.33 0 0
1710000 396846 403103 0 -1334.68 0 0
1720000 395746 402657 0 304.788 0 0
1730000 399332 403865 0 1373.73 0 0
1740000 400333 399048 0 -2766.04 0 0
1750000 399812 400107 0 -368.365 0 0
1760000 400675 400323 0 2034.23 0 0
1770000 400546 400689 0 1794.25 0 0
1780000 398851 400722 0 74.7996 0 0
1790000 400377 401558 0 135.131 0 0
1800000 400874 401591 0 -421.532 0 0
1810000 399267 403223 0 -1288.48 0 0
1820000 398217 401241 0 -119.148 0 0
1830000 402477 399975 0 2121.37 0 0
1840000 402409 399539 0 -3469.9 0 0
1850000 396492 403677 0 1253.15 0 0
1860000 397930 402440 0 1822.61 0 0
1870000 397584 402436 0 645.199 0 0
1880000 397842 403607 0 667.793 0 0
1890000 401688 398803 0 392.238 0 0
1900000 399255 401700 0 953.41 0 0
1910000 400052 401819 0 483.171 0 0
1920000 398815 402020 0 -895.855 0 0
1930000 402016 401765 0 -1255.32 0 0
1940000 398037 405184 0 206.876 0 0
1950000 400806 400594 0 -1783.77 0 0
1960000 400328 399834 0 -521.072 0 0
1970000 400259 400260 0 -1615 0 0
1980000 398674 402531 0 -1656.78 0 0
1990000 400168 400635 0 -578.2 0 0
2000000 401992 401841 0 55.2648 0 0
2010000 400787 399844 0 2646.81 0 0
2020000 403936 400690 0 -766.379 0 0
2030000 400536 401032 0 -570.964 0 0
2040000 400516 400920 0 2441.71 0 0
2050000 400843 400539 0 -374.379 0 0
2060000 400523 398525 0 -2698.21 0 0
2070000 402685 400937 0 -255.538 0 0
2080000 401695 398624 0 78.6739 0 0
2090000 406833 397786 0 2161.98 0 0
2100000 399356 402054 0 1358.92 0 0
2110000 402014 401531 0 -1016.92 0 0
2120000 404073 399731 0 1231.32 0 0
2130000 403236 399489 0 3556.28 0 0
2140000 403785 400650 0 -744.206 0 0
2150000 401062 401480 0 790.955 0 0
2160000 398537 402080 0 -512.241 0 0
2170000 402569 400881 0 485.869 0 0
2180000 402061 399070 0 -2584.85 0 0
2190000 399197 401972 0 -700.702 0 0
2200000 398491 401743 0 432.075 0 0
2210000 399446 401247 0 1903.85 0 0
2220000 399925 401368 0 -2522.78 0 0
2230000 399626 400506 0 819.109 0 0
2240000 400516 400428 0 996.533 0 0
2250000 400959 400737 0 -2221.86 0 0
2260000 401871 400620 0 -1466.69 0 0
2270000 404212 398312 0 2309.26 0 0
2280000 398378 403933 0 1623.19 0 0
2290000 401244 400977 0 -2870.94 0 0
2300000 399728 402197 0 676.352 0 0
2310000 401085 400917 0 910.645 0 0
2320000 401762 401030 0 931.084 0 0
2330000 401091 399684 0 1759.37 0 0
2340000 398995 401132 0 -1137.53 0 0
2350000 401739 400625 0 -1057.46 0 0
2360000 398272 400998 0 -664.408 0 0
2370000 400957 398652 0 314.96 0 0
2380000 398923 401789 0 -217.746 0 0
2390000 401141 400829 0 3206.21 0 0
2400000 399636 400256 0 93.1304 0 0
2410000 402016 400021 0 66.5551 0 0
2420000 399770 400844 0 -1392.14 0 0
2430000 401095 398855 0 198.292 0 0
2440000 404472 398293 0 905.941 0 0
2450000 399760 401347 0 -63.7951 0 0
2460000 402950 399562 0 -2157.92 0 0
2470000 403375 400448 0 -453.568 0 0
2480000 402530 399851 0 179.924 0 0
2490000 401517 401188 0 957.643 0 0
2500000 405731 399260 0 -1989.03 0 0
2510000 402080 403127 0 -635.185 0 0
2520000 403630 399277 0 -788.848 0 0
2530000 402795 399557 0 415.773 0 0
2540000 400559 401887 0 816.325 0 0
2550000 402373 400051 0 982.025 0 0
2560000 401100 400469 0 1275.57 0 0
2570000 399704 402393 0 -225.279 0 0
2580000 402278 399456 0 -1976.66 0 0
2590000 402391 401447 0 -1926.83 0 0
2600000 398665 401943 0 -765.225 0 0
2610000 399514 402051 0 -862.139 0 0
2620000 404476 397523 0 -1620.23 0 0
2630000 401175 402042 0 -3030.12 0 0
2640000 401138 403764 0 772.129 0 0
2650000 402311 400206 0 -1858.95 0 0
2660000 402052 400431 0 2421.96 0 0
2670000 400536 401998 0 -674.334 0 0
2680000 403037 398603 0 -420.301 0 0
2690000 401463 400492 0 1946.56 0 0
2700000 400986 403120 0 1343.95 0 0
2710000 401686 402137 0 -299.551 0 0
2720000 401243 401743 0 474.556 0 0
2730000 396608 404191 0 959.062 0 0
2740000 400651 399474 0 -1025.09 0 0
2750000 404608 399577 0 2115.02 0 0
2760000 398324 405057 0 384.904 0 0
2770000 403350 400322 0 -231.731 0 0
2780000 402519 400954 0 -1385.01 0 0
2790000 401533 402100 0 1123.33 0 0
2800000 397906 402872 0 1182.47 0 0
2810000 401646 399998 0 1110.77 0 0
2820000 400051 401116 0 1167.79 0 0
2830000 401583 399531 0 -13.6155 0 0
2840000 401663 400963 0 -491.1 0 0
2850000 403448 400162 0 -1709.22 0 0
2860000 401676 401630 0 121.927 0 0
2870000 401674 401316 0 1617.12 0 0
2880000 403018 401106 0 142.658 0 0
2890000 406292 395824 0 368.603 0 0
2900000 402349 399249 0 1999.82 0 0
2910000 403508 398970 0 -214.915 0 0
2920000 399481 402253 0 1964.41 0 0
2930000 398404 401526 0 -772.638 0 0
2940000 401105 398198 0 -783.845 0 0
2950000 400224 398651 0 -2721.14 0 0
2960000 402124 400423 0 -170.741 0 0
2970000 400696 399798 0 -443.103 0 0
2980000 403327 398685 0 -133.539 0 0
2990000 399641 401391 0 1558.99 0 0
3000000 400865 399827 0 2457.08 0 0
3010000 402160 400276 0 1481.26 0 0
3020000 400865 402360 0 4170.67 0 0
3030000 400228 403590 0 -1893.41 0 0
3040000 402019 398569 0 47.2508 0 0
3050000 402542 400483 0 120.338 0 0
3060000 401550 400080 0 -2323.86 0 0
3070000 400771 402110 0 1147.17 0 0
3080000 399626 403055 0 -1341.89 0 0
3090000 399605 402245 0 447.496 0 0
3100000 400525 402002 0 1811.48 0 0
3110000 399248 401499 0 2191.37 0 0
3120000 400662 399860 0 1862.3 0 0
3130000 398207 402712 0 653.156 0 0
3140000 400396 402522 0 -625.785 0 0
3150000 400396 401566 0 150.407 0 0
3160000 399680 399811 0 262.323 0 0
3170000 402263 400912 0 -3973.28 0 0
3180000 400956 401156 0 -2143.84 0 0
3190000 400293 401865 0 1587.19 0 0
3200000 399224 403370 0 -867.791 0 0
3210000 402025 400421 0 -580.816 0 0
3220000 402237 400697 0 1054.47 0 0
3230000 402425 399505 0 -1323.79 0 0
3240000 398067 402079 0 -580.038 0 0
3250000 400324 400973 0 721.171 0 0
3260000 399856 400675 0 1211.25 0 0
3270000 401399 400085 0 -459.588 0 0
3280000 400051 402341 0 1255 0 0
3290000 401989 397944 0 3013.75 0 0
3300000 400579 401113 0 1952.52 0 0
3310000 400231 401585 0 857.333 0 0
3320000 398571 405372 0 1049.91 0 0
3330000 398654 401839 0 -321.426 0 0
3340000 397842 402320 0 -721.477 0 0
3350000 399092 404393 0 -111.34 0 0
3360000 402378 400263 0 39.8829 0 0
3370000 400782 401420 0 -1129 0 0
3380000 404248 399491 0 1643.77 0 0
3390000 402997 399985 0 1987.13 0 0
3400000 402333 400144 0 262.298 0 0
3410000 402119 399752 0 498.945 0 0
3420000 403057 398726 0 -273.315 0 0
3430000 399985 400275 0 -200.699 0 0
3440000 402401 399503 0 -737.05 0 0
3450000 402165 398743 0 675.944 0 0
3460000 399452 402186 0 -2044.43 0 0
3470000 400270 400036 0 -3989.8 0 0
3480000 399179 402729 0 -1552.45 0 0
3490000 402157 399595 0 -736.936 0 0
3500000 401640 401250 0 3050.41 0 0
3510000 403926 398288 0 -1463.84 0 0
3520000 397844 405968 0 -737.17 0 0
3530000 400168 402698 0 -911.349 0 0
3540000 398398 401759 0 665.666 0 0
3550000 400026 399246 0 -405.774 0 0
3560000 402190 397356 0 1934.89 0 0
3570000 403339 397538 0 4286.32 0 0
3580000 400721 400952 0 -445.911 0 0
3590000 397526 400659 0 -480.938 0 0
3600000 399146 401534 0 38.1616 0 0
3610000 398412 401160 0 1218.37 0 0
3620000 396614 402125 0 805.478 0 0
3630000 400986 400593 0 1987.88 0 0
3640000 397195 404394 0 762.499 0 0
3650000 400187 400396 0 2193.88 0 0
3660000 399014 402346 0 1555.35 0 0
3670000 400545 398173 0 362.846 0 0
3680000 397772 402130 0 -592.183 0 0
3690000 400006 398977 0 9.22162 0 0
3700000 400040 400375 0 1629.84 0 0
3710000 399290 404241 0 -574.34 0 0
3720000 399196 401451 0 1319.88 0 0
3730000 400719 401488 0 -565.07 0 0
3740000 397433 402753 0 -1218.21 0 0
3750000 400826 404053 0 -1093.38 0 0
3760000 400256 399873 0 1679.51 0 0
3770000 403286 396338 0 4072.22 0 0
3780000 397478 401214 0 1277.88 0 0
3790000 402184 398305 0 217.966 0 0
3800000 399866 400113 0 -1530.49 0 0
3810000 401123 398666 0 -486.752 0 0
3820000 402657 399690 0 1064.67 0 0
3830000 399869 401004 0 1239.77 0 0
3840000 396884 402753 0 594.438 0 0
3850000 401631 398825 0 2009.03 0 0
3860000 401101 401627 0 2597.73 0 0
3870000 398053 401950 0 877.318 0 0
3880000 400961 400931 0 364.74 0 0
3890000 400592 400692 0 1258.92 0 0
3900000 402981 397642 0 -2232.61 0 0
3910000 402388 398532 0 -335.94 0 0
3920000 403003 400407 0 -3504.43 0 0
3930000 399402 402796 0 1634.48 0 0
3940000 405373 396520 0 1191.55 0 0
3950000 402616 402389 0 -3030.69 0 0
3960000 403747 397933 0 1266.84 0 0
3970000 402161 401222 0 2877.49 0 0
3980000 400318 400896 0 -1823.79 0 0
3990000 400821 401222 0 -349.325 0 0
4000000 400710 401346 0 1438.86 0 0
4010000 401885 399731 0 1868.22 0 0
4020000 401049 398365 0 2231.1 0 0
4030000 401525 400014 0 349.613 0 0
4040000 402853 400688 0 1013.16 0 0
4050000 403156 397943 0 4127.37 0 0
4060000 401851 399357 0 -679.082 0 0
4070000 401725 398566 0 294.898 0 0
4080000 398148 404011 0 481.505 0 0
4090000 400665 400088 0 246.385 0 0
4100000 397854 401642 0 52.5509 0 0
4110000 396918 402978 0 -627.092 0 0
4120000 400379 401648 0 -1416.75 0 0
4130000 401828 399687 0 734.207 0 0
4140000 401943 399991 0 1292.73 0 0
4150000 399896 401498 0 -10.6166 0 0
4160000 400673 401606 0 586.307 0 0
4170000 402694 398144 0 -1527.11 0 0
4180000 401461 399622 0 -287.154 0 0
4190000 402988 399909 0 1681.61 0 0
4200000 400541 403596 0 603.872 0 0
4210000 400259 401130 0 2809.4 0 0
4220000 399457 404282 0 134.128 0 0
4230000 399316 403660 0 118.302 0 0
4240000 402622 399279 0 1447.63 0 0
4250000 398559 401775 0 -432.609 0 0
4260000 402585 400090 0 2007.59 0 0
4270000 401344 401748 0 749.841 0 0
4280000 401238 401386 0 -143.775 0 0
4290000 397922 401454 0 -193.5 0 0
4300000 401042 400326 0 521.428 0 0
4310000 398220 402089 0 -1764.86 0 0
4320000 399549 400725 0 1136.94 0 0
4330000 401224 400051 0 1974.16 0 0
4340000 398101 403318 0 -2061.51 0 0
4350000 398818 405304 0 -2780.72 0 0
4360000 400689 401934 0 876.242 0 0
4370000 400017 400053 0 480.642 0 0
4380000 395847 405772 0 -907.995 0 0
4390000 400135 400201 0 -165.758 0 0
4400000 400277 399840 0 1157.66 0 0
4410000 400579 400141 0 2996.16 0 0
4420000 401219 401719 0 1950.08 0 0
4430000 401049 399558 0 -1101.42 0 0
4440000 400901 399048 0 1372.1 0 0
4450000 402908 398373 0 57.8589 0 0
4460000 402804 399125 0 956.48 0 0
4470000 401327 401871 0 484.021 0 0
4480000 400017 404459 0 115.993 0 0
4490000 398757 400152 0 2017 0 0
4500000 398566 405000 0 -420.777 0 0
4510000 400911 401300 0 -780.861 0 0
4520000 401965 399028 0 -1104.63 0 0
4530000 400095 401374 0 -2681.17 0 0
4540000 401519 399513 0 -2094.87 0 0
4550000 400744 400429 0 340.345 0 0
4560000 400742 402410 0 -179.928 0 0
4570000 400683 401501 0 782.396 0 0
4580000 398575 403371 0 -2016.72 0 0
4590000 400545 401401 0 -2782.02 0 0
4600000 401633 399130 0 -819.485 0 0
4610000 401236 400407 0 -360.951 0 0
4620000 400380 399764 0 -1183.1 0 0
4630000 400411 402627 0 33.2625 0 0
4640000 400534 401120 0 -1792.67 0 0
4650000 399925 403966 0 1425.04 0 0
4660000 400882 404090 0 -1613.58 0 0
4670000 401985 400869 0 -1311.65 0 0
4680000 403866 398550 0 464.48 0 0
4690000 403176 398288 0 55.7021 0 0
4700000 401974 398141 0 429.514 0 0
4710000 402441 400748 0 3969.34 0 0
4720000 402124 401470 0 -803.586 0 0
4730000 401238 401831 0 1791.16 0 0
4740000 399162 402709 0 -1191.38 0 0
4750000 399656 400228 0 -1017.97 0 0
4760000 399945 401317 0 -2271.22 0 0
4770000 400554 401299 0 -931.995 0 0
4780000 401607 400119 0 343.68 0 0
4790000 401941 401914 0 -829.742 0 0
4800000 403431 397512 0 421.967 0 0
4810000 401441 400299 0 -5112.98 0 0
4820000 400330 401526 0 176.134 0 0
4830000 401403 400118 0 18.6475 0 0
4840000 400188 401080 0 -2412.69 0 0
4850000 401539 399008 0 -322.073 0 0
4860000 401121 400024 0 155.436 0 0
4870000 399715 399195 0 1593.58 0 0
4880000 399690 400280 0 -506.195 0 0
4890000 403353 399077 0 1495.25 0 0
4900000 402824 396961 0 -1747.19 0 0
4910000 400299 399943 0 -1612.2 0 0
4920000 400223 401115 0 1916.24 0 0
4930000 401419 400416 0 -249.664 0 0
4940000 399759 402468 0 -196.312 0 0
4950000 397040 402332 0 896.925 0 0
4960000 400586 399926 0 1595.63 0 0
4970000 402493 399259 0 954.142 0 0
4980000 401119 400055 0 415.994 0 0
4990000 401892 398657 0 -525.738 0 0
5000000 398711 402472 0 783.453 0 0
