# Time-averaged data for fix ps1
# TimeStep c_thermo_press[1] c_thermo_press[2] c_thermo_press[3] c_thermo_press[4] c_thermo_press[5] c_thermo_press[6]
10000 371093 373232 0 -2036.83 0 0
20000 370163 373641 0 -2536.72 0 0
30000 369497 373981 0 -896.223 0 0
40000 369784 374514 0 -3171.77 0 0
50000 369191 372482 0 -4019.12 0 0
60000 368163 373867 0 -3819.88 0 0
70000 370682 374108 0 -3779.18 0 0
80000 370687 372849 0 -3770.52 0 0
90000 369868 372928 0 -4554.92 0 0
100000 370496 373507 0 -2478.04 0 0
110000 369737 373503 0 -3725.96 0 0
120000 370853 371564 0 -3481.89 0 0
130000 370649 372599 0 -3448.3 0 0
140000 371289 373029 0 -3199.15 0 0
150000 370476 372573 0 -4545.32 0 0
160000 370523 372803 0 -4929.4 0 0
170000 369782 373485 0 -1571.16 0 0
180000 370552 373723 0 -2765.37 0 0
190000 370786 371812 0 -5427.89 0 0
200000 370968 372059 0 -3141.44 0 0
210000 372285 371394 0 -4406.2 0 0
220000 370859 371703 0 -4028.24 0 0
230000 370201 373398 0 -3467.21 0 0
240000 368906 375553 0 -4135.11 0 0
250000 369883 373536 0 -4253.72 0 0
260000 371887 371901 0 -2682.65 0 0
270000 372124 372021 0 -3728.93 0 0
280000 370884 371449 0 -3272.04 0 0
290000 371722 371438 0 -2467.03 0 0
300000 371930 370881 0 -2160.3 0 0
310000 371857 371003 0 90.4466 0 0
320000 371314 372327 0 -1944.86 0 0
330000 374064 370359 0 -1230.6 0 0
340000 373366 370822 0 356.283 0 0
350000 373952 369393 0 -2212.52 0 0
360000 372140 370433 0 -1626.43 0 0
370000 370629 372574 0 -1903.63 0 0
380000 371535 371781 0 -1911.42 0 0
390000 370954 373168 0 -1807.74 0 0
400000 370423 373243 0 181.194 0 0
410000 369580 372734 0 -2052.09 0 0
420000 370469 373172 0 -837.313 0 0
430000 370887 372621 0 4.43263 0 0
440000 372018 372774 0 430.227 0 0
450000 371584 371863 0 383.067 0 0
460000 370518 373026 0 -1228.37 0 0
470000 371153 370628 0 -785.722 0 0
480000 371308 372480 0 672.361 0 0
490000 370862 372202 0 1382.14 0 0
500000 370255 372650 0 1982.6 0 0
510000 370427 372304 0 2357.11 0 0
520000 371619 370976 0 1721.84 0 0
530000 370383 371979 0 2269.07 0 0
540000 372116 370987 0 2067.2 0 0
550000 371850 370523 0 2166.08 0 0
560000 373700 370011 0 2151.81 0 0
570000 372859 371294 0 2262.61 0 0
580000 372297 370524 0 2647.66 0 0
590000 372374 370409 0 2100.49 0 0
600000 371195 370969 0 3066.43 0 0
610000 371206 370575 0 3539.98 0 0
620000 372950 369606 0 3417.29 0 0
630000 371223 370712 0 3470.45 0 0
640000 371482 370566 0 2911.31 0 0
650000 372987 369949 0 4354.26 0 0
660000 373927 369247 0 5739.59 0 0
670000 372363 370560 0 5322.47 0 0
680000 374096 370657 0 5065.17 0 0
690000 371826 372720 0 4950.51 0 0
700000 371736 370311 0 3154.53 0 0
710000 373475 371003 0 4052.02 0 0
720000 372763 370720 0 2732.64 0 0
730000 372099 371489 0 4243.61 0 0
740000 374299 370257 0 4727.11 0 0
750000 372107 371298 0 5726.65 0 0
760000 373187 370941 0 5160.25 0 0
770000 370511 371862 0 2205.55 0 0
780000 373025 371442 0 2958.92 0 0
790000 373537 370747 0 1734.78 0 0
800000 372627 370416 0 1824.84 0 0
810000 373765 369404 0 2460.46 0 0
820000 373544 369993 0 2561.37 0 0
830000 372150 370991 0 3084.3 0 0
840000 372362 371189 0 3491.67 0 0
850000 372824 369592 0 1869.54 0 0
860000 370893 372346 0 2530.62 0 0
870000 371318 371572 0 1685.55 0 0
880000 372621 370659 0 343.093 0 0
890000 373544 370493 0 760.431 0 0
900000 372846 370363 0 336.668 0 0
910000 371209 373585 0 -213.704 0 0
920000 372551 371165 0 -1001.61 0 0
930000 373305 369474 0 744.067 0 0
940000 373569 370312 0 946.714 0 0
950000 374263 368714 0 -1281.6 0 0
960000 374340 369423 0 719.125 0 0
970000 373983 369459 0 -3389.88 0 0
980000 375863 367641 0 10.0368 0 0
990000 373295 369189 0 -117.921 0 0
1000000 372731 370241 0 -1547.2 0 0
1010000 374501 368891 0 -1384.3 0 0
1020000 374011 369851 0 -2396.92 0 0
1030000 374731 368776 0 -1416.01 0 0
1040000 376194 368309 0 -2091.04 0 0
1050000 373988 369152 0 -1386.35 0 0
1060000 373156 369893 0 -471.444 0 0
1070000 374356 368935 0 -1845.76 0 0
1080000 374643 368740 0 -2176.27 0 0
1090000 376039 368247 0 -2785.75 0 0
1100000 374772 368498 0 -3563.41 0 0
1110000 376046 368486 0 -4413.92 0 0
1120000 374489 369523 0 -2582.94 0 0
1130000 373098 369982 0 -2208.6 0 0
1140000 374832 369386 0 -87.9446 0 0
1150000 375191 370143 0 -948.484 0 0
1160000 375546 369968 0 -870.626 0 0
1170000 374534 369239 0 -3167.33 0 0
1180000 376438 368262 0 -2084.55 0 0
1190000 375256 368373 0 -2572.54 0 0
1200000 373669 370321 0 -1397.66 0 0
1210000 373730 370122 0 -1910.11 0 0
1220000 373617 370163 0 -4525.94 0 0
1230000 372804 370979 0 -4243.66 0 0
1240000 373617 369716 0 -3414.07 0 0
1250000 374401 369439 0 -2722.23 0 0
1260000 373316 369545 0 -1788.39 0 0
1270000 372482 370641 0 -1641.45 0 0
1280000 372735 370555 0 -2525.45 0 0
1290000 372691 368989 0 -2851.81 0 0
1300000 372629 369607 0 -1546.39 0 0
1310000 371698 371369 0 -2565.6 0 0
1320000 372321 371232 0 -715.794 0 0
1330000 371899 369719 0 -767.624 0 0
1340000 371993 370724 0 -1072.27 0 0
1350000 372701 369744 0 -773.317 0 0
1360000 371944 371188 0 532.523 0 0
1370000 373039 370706 0 679.664 0 0
1380000 373396 370210 0 -489.964 0 0
1390000 372907 370415 0 973.773 0 0
1400000 374166 368594 0 151.566 0 0
1410000 374186 369177 0 846.436 0 0
1420000 372252 370625 0 2340.08 0 0
1430000 373745 369294 0 2426.41 0 0
1440000 372858 369359 0 1967.63 0 0
1450000 373735 369589 0 2784.21 0 0
1460000 373005 370236 0 3264.49 0 0
1470000 373671 369581 0 3549.94 0 0
1480000 373512 369942 0 3365.27 0 0
1490000 373567 369562 0 3750.63 0 0
1500000 374442 367872 0 5055.99 0 0
1510000 375517 367659 0 3923.24 0 0
1520000 376136 366831 0 5099.63 0 0
1530000 375258 368465 0 5131.9 0 0
1540000 374732 368516 0 5326.81 0 0
1550000 375456 367385 0 5412.96 0 0
1560000 373952 368661 0 4727.64 0 0
1570000 372867 371335 0 6485.68 0 0
1580000 372488 370540 0 4840.73 0 0
1590000 374038 370483 0 5973.86 0 0
1600000 373010 371565 0 4615.99 0 0
1610000 375030 367934 0 5981.66 0 0
1620000 374007 370154 0 6046.49 0 0
1630000 374347 369341 0 4896.12 0 0
1640000 373889 370193 0 6843.12 0 0
1650000 374633 368982 0 5964.23 0 0
1660000 374087 370772 0 5829.66 0 0
1670000 373139 370823 0 5620.22 0 0
1680000 372955 371251 0 5375.81 0 0
1690000 371864 371380 0 4384.55 0 0
1700000 373735 370580 0 5356.89 0 0
1710000 372793 371160 0 4464.45 0 0
1720000 372850 371752 0 4001.21 0 0
1730000 373907 370399 0 4122.18 0 0
1740000 371978 372494 0 3466.44 0 0
1750000 372201 372200 0 3619.68 0 0
1760000 374814 370452 0 2812.22 0 0
1770000 372727 370203 0 3342.46 0 0
1780000 374381 369486 0 3549.01 0 0
1790000 373216 371364 0 4639.74 0 0
1800000 373656 371356 0 4786.68 0 0
1810000 373863 369658 0 2943.48 0 0
1820000 373394 370905 0 985.829 0 0
1830000 373402 368995 0 1878.78 0 0
1840000 374534 370219 0 1312.66 0 0
1850000 372656 371039 0 1631.75 0 0
1860000 372588 370971 0 1365.31 0 0
1870000 372884 371374 0 2629.43 0 0
1880000 372343 371431 0 1020.51 0 0
1890000 372669 370801 0 1420.65 0 0
1900000 372697 372401 0 15.239 0 0
1910000 372474 370969 0 -1197.35 0 0
1920000 370176 374148 0 -849.563 0 0
1930000 372206 372988 0 -647.082 0 0
1940000 372759 371355 0 -286.691 0 0
1950000 372795 370802 0 -1977.54 0 0
1960000 371627 370768 0 -2002.54 0 0
1970000 369940 372297 0 -2220.94 0 0
1980000 371830 372646 0 -1310.79 0 0
1990000 371288 371203 0 -3757.86 0 0
2000000 371216 372531 0 -3176.61 0 0
2010000 372303 371555 0 -2602.37 0 0
2020000 370739 373526 0 -3370.95 0 0
2030000 373122 371425 0 -4495.31 0 0
2040000 372193 371104 0 -5553.19 0 0
2050000 370896 372518 0 -4990.38 0 0
2060000 373467 369552 0 -4494.21 0 0
2070000 370866 371309 0 -5496.96 0 0
2080000 371049 372845 0 -4631.17 0 0
2090000 370931 372498 0 -6130.88 0 0
2100000 370008 371660 0 -5363.76 0 0
2110000 371228 371986 0 -6141.91 0 0
2120000 370027 372545 0 -6558.21 0 0
2130000 371927 373189 0 -6751.02 0 0
2140000 371291 372631 0 -5635.56 0 0
2150000 370968 372079 0 -6106.62 0 0
2160000 371293 372434 0 -6952.28 0 0
2170000 371098 372612 0 -5842.79 0 0
2180000 372164 371996 0 -4661.82 0 0
2190000 371441 371004 0 -6710.78 0 0
2200000 370573 371915 0 -6688.67 0 0
2210000 371987 370471 0 -6006.72 0 0
2220000 371206 372668 0 -8181.48 0 0
2230000 372938 370483 0 -8527.27 0 0
2240000 370625 373604 0 -8251.14 0 0
2250000 368641 374338 0 -6784.68 0 0
2260000 369181 374151 0 -7406.19 0 0
2270000 370728 371314 0 -6885.96 0 0
2280000 370185 372139 0 -7935.74 0 0
2290000 369574 374151 0 -7254.47 0 0
2300000 369187 373526 0 -7583.81 0 0
2310000 369516 375001 0 -6907.33 0 0
2320000 370979 373318 0 -5379.94 0 0
2330000 371380 371997 0 -6266.71 0 0
2340000 370466 372596 0 -5220.64 0 0
2350000 371223 371543 0 -5137.02 0 0
2360000 369974 372612 0 -5737.34 0 0
2370000 370149 372569 0 -3974.6 0 0
2380000 369920 372742 0 -3701.4 0 0
2390000 369009 373312 0 -3280.7 0 0
2400000 367927 375432 0 -2301.41 0 0
2410000 368866 372903 0 -2810.04 0 0
2420000 367950 374670 0 -1105.38 0 0
2430000 367804 375102 0 -850.009 0 0
2440000 368421 374279 0 -1289.3 0 0
2450000 367551 375254 0 -979.857 0 0
2460000 366707 376104 0 281.896 0 0
2470000 368305 374228 0 -1437.6 0 0
2480000 367582 373718 0 109.965 0 0
2490000 368980 373809 0 433.824 0 0
2500000 368576 374640 0 -392.016 0 0
2510000 369591 373436 0 114.941 0 0
2520000 366976 375651 0 1213.12 0 0
2530000 370222 372769 0 191.273 0 0
2540000 369069 372703 0 1448.36 0 0
2550000 368900 372414 0 4881.68 0 0
2560000 369238 372686 0 2953.44 0 0
2570000 370620 372123 0 3763.35 0 0
2580000 369685 372723 0 4794.88 0 0
2590000 368564 373742 0 3301.52 0 0
2600000 369806 372953 0 3703.05 0 0
2610000 369351 373694 0 5316.91 0 0
2620000 368451 374924 0 4709.45 0 0
2630000 368560 373704 0 4982.48 0 0
2640000 368207 373760 0 4187.75 0 0
2650000 369904 371752 0 3936.53 0 0
2660000 370214 372025 0 4766.44 0 0
2670000 369267 373391 0 4966.21 0 0
2680000 368575 373779 0 5150.97 0 0
2690000 369885 372497 0 6170.04 0 0
2700000 368190 374653 0 5834.59 0 0
2710000 369301 374091 0 5634.67 0 0
2720000 368609 374665 0 5625.52 0 0
2730000 368760 372969 0 5189.33 0 0
2740000 368735 374672 0 6088.36 0 0
2750000 370106 372530 0 5817.25 0 0
2760000 368130 374851 0 5213.02 0 0
2770000 369947 372686 0 5853.14 0 0
2780000 371220 370920 0 4742.12 0 0
2790000 369211 373654 0 5742.62 0 0
2800000 369287 373056 0 4932.15 0 0
2810000 371075 371894 0 6671.92 0 0
2820000 369843 372828 0 4765.2 0 0
2830000 370933 371813 0 3137.65 0 0
2840000 370302 373825 0 3794.46 0 0
2850000 368274 374039 0 3738.58 0 0
2860000 370455 373491 0 4146.85 0 0
2870000 368476 375908 0 4842.78 0 0
2880000 368967 375315 0 2711.57 0 0
2890000 373444 370591 0 2671.84 0 0
2900000 372487 370859 0 1939.75 0 0
2910000 370837 371516 0 1543.1 0 0
2920000 371968 371695 0 1658.51 0 0
2930000 369273 373643 0 1292.08 0 0
2940000 369503 373262 0 712.571 0 0
2950000 372199 371659 0 72.9937 0 0
2960000 369729 372455 0 676.712 0 0
2970000 369198 372244 0 -255.084 0 0
2980000 369172 374438 0 -437.336 0 0
2990000 370502 373395 0 -1173.35 0 0
3000000 369103 373287 0 -3325.07 0 0
3010000 368761 375280 0 -334.261 0 0
3020000 368932 373857 0 -1256.43 0 0
3030000 368380 374267 0 -1221.86 0 0
3040000 367614 375386 0 -35.8067 0 0
3050000 368539 374018 0 -2442.34 0 0
3060000 366883 376407 0 -2159.94 0 0
3070000 368808 374043 0 -1994.39 0 0
3080000 369225 373661 0 -4915.46 0 0
3090000 370488 373624 0 -3168.66 0 0
3100000 368548 374286 0 -5477.62 0 0
3110000 369109 373841 0 -3774.22 0 0
3120000 369822 372454 0 -4682.56 0 0
3130000 370279 373910 0 -4762.09 0 0
3140000 369504 373854 0 -4241.7 0 0
3150000 370340 373822 0 -3981.26 0 0
3160000 369380 373421 0 -5936.84 0 0
3170000 369449 373409 0 -5058.52 0 0
3180000 370272 373612 0 -5686.59 0 0
3190000 368779 374241 0 -5453.02 0 0
3200000 368959 373681 0 -5424.01 0 0
3210000 369829 373499 0 -7079.74 0 0
3220000 369853 373138 0 -4874.9 0 0
3230000 369439 373188 0 -6824.09 0 0
3240000 370010 373381 0 -5357.8 0 0
3250000 367544 374094 0 -5377.66 0 0
3260000 367608 374322 0 -5086.51 0 0
3270000 369208 373635 0 -4046.03 0 0
3280000 368756 373802 0 -3183.34 0 0
3290000 369549 374901 0 -2140.33 0 0
3300000 368653 374906 0 -2240.12 0 0
3310000 369300 373211 0 -2106.23 0 0
3320000 368446 373637 0 -1420.67 0 0
3330000 369082 374783 0 -2752.5 0 0
3340000 368316 374653 0 -2232.36 0 0
3350000 368017 375672 0 -1217.09 0 0
3360000 368306 375470 0 -2624.89 0 0
3370000 369933 373878 0 -1394.38 0 0
3380000 368862 373818 0 -137.812 0 0
3390000 368697 373084 0 -533.693 0 0
3400000 369832 373526 0 35.2421 0 0
3410000 367979 374976 0 -1641.02 0 0
3420000 368376 374041 0 1.89539 0 0
3430000 368265 374550 0 -967.495 0 0
3440000 368474 374686 0 139.877 0 0
3450000 368429 374809 0 439.647 0 0
3460000 369535 373960 0 886.154 0 0
3470000 369354 374238 0 -305.448 0 0
3480000 368963 374761 0 -601.071 0 0
3490000 368330 375820 0 2031.31 0 0
3500000 368988 373688 0 2202.86 0 0
3510000 370329 373535 0 2519.91 0 0
3520000 368946 373751 0 3626.24 0 0
3530000 369109 374338 0 2934.48 0 0
3540000 370302 374250 0 3894.31 0 0
3550000 370154 373538 0 4214.33 0 0
3560000 371685 371811 0 1518.02 0 0
3570000 371116 372240 0 2648.65 0 0
3580000 370261 373142 0 932.92 0 0
3590000 370923 373586 0 2601.32 0 0
3600000 371279 371861 0 4088.42 0 0
3610000 371902 371624 0 4090.06 0 0
3620000 370194 373162 0 3244.58 0 0
3630000 369787 373136 0 5718.85 0 0
3640000 370278 372208 0 5086.77 0 0
3650000 369801 373439 0 4141.88 0 0
3660000 369531 373801 0 5262.1 0 0
3670000 368941 373699 0 3977.37 0 0
3680000 369655 373652 0 4548.6 0 0
3690000 370415 373514 0 5545.09 0 0
3700000 369888 373951 0 4690.37 0 0
3710000 368832 373200 0 6174.02 0 0
3720000 370503 373299 0 3553.91 0 0
3730000 367978 374927 0 3871.58 0 0
3740000 370356 372891 0 4510.28 0 0
3750000 370036 372819 0 5679.54 0 0
3760000 369646 372486 0 5749.65 0 0
3770000 370276 372300 0 4715.08 0 0
3780000 368800 374728 0 3050.76 0 0
3790000 369006 373633 0 3076.35 0 0
3800000 370099 373414 0 2989.18 0 0
3810000 370266 373679 0 272.088 0 0
3820000 369447 373125 0 619.746 0 0
3830000 371411 371483 0 1836.96 0 0
3840000 371289 372092 0 46.7519 0 0
3850000 370870 372044 0 54.3289 0 0
3860000 369859 372958 0 -239.105 0 0
3870000 371194 372000 0 -537.422 0 0
3880000 370372 373286 0 -545.445 0 0
3890000 372299 371514 0 -935.995 0 0
3900000 371437 372369 0 -1619.49 0 0
3910000 370275 372989 0 -1869.09 0 0
3920000 370054 374653 0 -1647.73 0 0
3930000 372190 372136 0 -376.603 0 0
3940000 371635 370825 0 -3171.43 0 0
3950000 370617 372362 0 -1995.56 0 0
3960000 371059 373626 0 -2054.78 0 0
3970000 370590 373328 0 -1520.38 0 0
3980000 370504 373090 0 -1020.5 0 0
3990000 370973 372051 0 -2120.46 0 0
4000000 370030 373698 0 -1151.06 0 0
4010000 369871 372784 0 -2455.14 0 0
4020000 369343 373770 0 -3027.6 0 0
4030000 368764 374816 0 -2913.15 0 0
4040000 370726 372850 0 -2522.42 0 0
4050000 371843 371970 0 -1859.31 0 0
4060000 370580 373803 0 -1838.47 0 0
4070000 370783 372992 0 -2871.53 0 0
4080000 370382 372363 0 -2437.15 0 0
4090000 370606 373281 0 -3146.08 0 0
4100000 371679 371945 0 -3249.57 0 0
4110000 369675 372355 0 -3892.02 0 0
4120000 370971 371670 0 -3271.28 0 0
4130000 370092 372799 0 -4011.72 0 0
4140000 371118 373494 0 -3406.95 0 0
4150000 370309 373780 0 -4254.33 0 0
4160000 368974 374286 0 -5489.39 0 0
4170000 369801 373978 0 -4509.39 0 0
4180000 371979 371960 0 -6177.94 0 0
4190000 369483 371824 0 -5852.88 0 0
4200000 368582 374340 0 -6139.2 0 0
4210000 369601 373887 0 -7666.61 0 0
4220000 370501 373753 0 -6845.18 0 0
4230000 370744 372879 0 -7249.89 0 0
4240000 369336 373111 0 -6686.64 0 0
4250000 369103 373203 0 -6096.39 0 0
4260000 370218 372719 0 -8150.59 0 0
4270000 369927 373404 0 -6656.25 0 0
4280000 369769 374167 0 -6434.53 0 0
4290000 370411 373146 0 -7280.34 0 0
4300000 370730 373110 0 -6635.71 0 0
4310000 370323 372735 0 -5668.77 0 0
4320000 369013 374029 0 -6468.55 0 0
4330000 368686 374394 0 -4661.22 0 0
4340000 369602 373101 0 -5300.97 0 0
4350000 370257 373733 0 -4648.8 0 0
4360000 369915 373827 0 -4771.5 0 0
4370000 370075 373178 0 -2819.33 0 0
4380000 370325 372035 0 -4088.82 0 0
4390000 371765 372444 0 -4109.1 0 0
4400000 371711 372071 0 -2683.81 0 0
4410000 370089 373297 0 -944.304 0 0
4420000 371952 372147 0 -2706.3 0 0
4430000 371696 371319 0 -3325.36 0 0
4440000 371471 370808 0 -4199.38 0 0
4450000 372817 371242 0 -1906.14 0 0
4460000 371371 371264 0 -2646.42 0 0
4470000 370833 371101 0 -2285.66 0 0
4480000 371744 371510 0 -2343.86 0 0
4490000 369014 373727 0 -789.77 0 0
4500000 371415 371880 0 -1255.99 0 0
4510000 370951 371713 0 424 0 0
4520000 372251 370418 0 -659.174 0 0
4530000 370880 370419 0 1915.47 0 0
4540000 370951 371245 0 1724.47 0 0
4550000 370372 371787 0 2377.96 0 0
4560000 371176 371434 0 1561.26 0 0
4570000 371062 372810 0 2377.31 0 0
4580000 370653 371847 0 1527.79 0 0
4590000 371222 371389 0 1998.94 0 0
4600000 370774 371218 0 2474.59 0 0
4610000 370446 373005 0 3256.58 0 0
4620000 370254 372059 0 2366.64 0 0
4630000 370192 372060 0 2725.94 0 0
4640000 370414 372535 0 2688.32 0 0
4650000 369546 372050 0 3705.27 0 0
4660000 370725 371616 0 2869.01 0 0
4670000 368997 372450 0 2687.74 0 0
4680000 370434 372219 0 3293.07 0 0
4690000 370327 373036 0 3403.25 0 0
4700000 371742 371877 0 3609.61 0 0
4710000 370886 370305 0 3983.27 0 0
4720000 370422 372488 0 4844.52 0 0
4730000 370970 371762 0 3494.79 0 0
4740000 370416 372082 0 4392.73 0 0
4750000 372244 371459 0 4303.36 0 0
4760000 370996 372409 0 4656.33 0 0
4770000 369991 371970 0 4221.78 0 0
4780000 370329 372109 0 4518.35 0 0
4790000 370442 372803 0 4702.75 0 0
4800000 370867 371795 0 3894.22 0 0
4810000 371286 370577 0 4518.37 0 0
4820000 370557 372912 0 2741.53 0 0
4830000 369569 372768 0 2749.87 0 0
4840000 371057 372689 0 2447.15 0 0
4850000 369154 373650 0 2942.52 0 0
4860000 369637 372546 0 3401.46 0 0
4870000 370326 372539 0 2331.01 0 0
4880000 369981 373006 0 2526.52 0 0
4890000 370263 372317 0 2242.8 0 0
4900000 370837 371122 0 1740.25 0 0
4910000 370549 371811 0 393.876 0 0
4920000 368578 373540 0 327.532 0 0
4930000 369888 373605 0 1000.52 0 0
4940000 370275 373144 0 1691.7 0 0
4950000 370181 372659 0 -772.975 0 0
4960000 369852 372281 0 263.984 0 0
4970000 368497 373566 0 34.0379 0 0
4980000 369424 373495 0 -613.23 0 0
4990000 368889 373440 0 -2953.64 0 0
5000000 369720 373145 0 -719.759 0 0
