# Time-averaged data for fix ps1
# TimeStep c_thermo_press[1] c_thermo_press[2] c_thermo_press[3] c_thermo_press[4] c_thermo_press[5] c_thermo_press[6]
10000 345680 344019 0 -1369.54 0 0
20000 345293 344325 0 -1225.3 0 0
30000 346405 343232 0 -1976.34 0 0
40000 346341 343515 0 -2771.93 0 0
50000 345592 344435 0 -3601.55 0 0
60000 345632 343933 0 -3917.23 0 0
70000 345685 344564 0 -3654.56 0 0
80000 345848 343992 0 -5014.15 0 0
90000 345976 344455 0 -5422.51 0 0
100000 346208 344379 0 -5550.61 0 0
110000 346196 343645 0 -5895.42 0 0
120000 345594 344664 0 -6661.75 0 0
130000 346335 343942 0 -6586.48 0 0
140000 346692 344033 0 -6720.36 0 0
150000 346391 343879 0 -7608.88 0 0
160000 345845 343490 0 -7436.41 0 0
170000 345963 344437 0 -8154.24 0 0
180000 345288 345257 0 -8548.81 0 0
190000 345935 344692 0 -8298.89 0 0
200000 346700 344079 0 -8800.35 0 0
210000 346954 343895 0 -8109.89 0 0
220000 346719 344134 0 -8921.22 0 0
230000 346401 344859 0 -9008.63 0 0
240000 346858 343513 0 -8947.25 0 0
250000 346525 343886 0 -8807.01 0 0
260000 346388 344480 0 -9431.02 0 0
270000 346616 344387 0 -9392.46 0 0
280000 345476 344366 0 -8962.1 0 0
290000 346722 344183 0 -8888.8 0 0
300000 346050 345275 0 -8748.75 0 0
310000 345553 344956 0 -7784.91 0 0
320000 345434 344562 0 -8497.41 0 0
330000 346004 344119 0 -7888.2 0 0
340000 346169 343717 0 -7692.82 0 0
350000 345859 343984 0 -7004.52 0 0
360000 346030 344282 0 -7364.9 0 0
370000 345993 344135 0 -6983.05 0 0
380000 346447 343279 0 -7347.63 0 0
390000 346491 344090 0 -6040.99 0 0
400000 346245 343903 0 -5492.36 0 0
410000 345695 344100 0 -5679.02 0 0
420000 346192 344115 0 -4319.46 0 0
430000 345965 344336 0 -4510.65 0 0
440000 346583 343373 0 -3976.41 0 0
450000 346313 344211 0 -4045.33 0 0
460000 346209 343399 0 -2157.03 0 0
470000 345700 344317 0 -2311.8 0 0
480000 346050 343518 0 -2060.75 0 0
490000 345827 343576 0 -1415.64 0 0
500000 346218 344043 0 -730.02 0 0
510000 345878 343865 0 -272.521 0 0
520000 345503 344439 0 908.211 0 0
530000 345999 343492 0 972.822 0 0
540000 345543 344232 0 1850.61 0 0
550000 346112 345120 0 2602.35 0 0
560000 346190 343984 0 2105.2 0 0
570000 345309 343954 0 3448.78 0 0
580000 345595 343430 0 2527.38 0 0
590000 346296 343349 0 4690.77 0 0
600000 346195 343444 0 4387.5 0 0
610000 346328 343757 0 4631.54 0 0
620000 346454 343336 0 5346.06 0 0
630000 345404 344408 0 5987.09 0 0
640000 345345 343725 0 6131.83 0 0
650000 346003 343719 0 6490.45 0 0
660000 346255 343404 0 6867.51 0 0
670000 346376 343601 0 7193.7 0 0
680000 346165 344097 0 7357.15 0 0
690000 346420 343957 0 7638.19 0 0
700000 345567 344192 0 7090.79 0 0
710000 345520 343398 0 7714.81 0 0
720000 345831 344126 0 8358.98 0 0
730000 345745 344533 0 7887.08 0 0
740000 346119 344465 0 8181.2 0 0
750000 346085 343896 0 7955.68 0 0
760000 346829 343137 0 8297.91 0 0
770000 346293 343714 0 7003.75 0 0
780000 346251 343630 0 8583.51 0 0
790000 346206 343987 0 8126.21 0 0
800000 346971 343249 0 7144.79 0 0
810000 346403 343055 0 7049.4 0 0
820000 346246 344154 0 7498.2 0 0
830000 346031 343284 0 7387.76 0 0
840000 345431 344403 0 6880.09 0 0
850000 346248 343319 0 6147.31 0 0
860000 346297 344191 0 6642.06 0 0
870000 346124 343528 0 5437.7 0 0
880000 346084 342860 0 5635.76 0 0
890000 346560 343450 0 4885.33 0 0
900000 346181 344054 0 4734.37 0 0
910000 346856 343250 0 3877.37 0 0
920000 345100 344929 0 4253.85 0 0
930000 345685 344306 0 3523.92 0 0
940000 345867 343021 0 2054.29 0 0
950000 346387 344069 0 2062.03 0 0
960000 345678 345157 0 2235.6 0 0
970000 346121 342736 0 874.736 0 0
980000 345754 344435 0 1207.15 0 0
990000 345354 344284 0 483.437 0 0
1000000 345753 343711 0 -723.819 0 0
1010000 345503 343792 0 -1076.55 0 0
1020000 345668 344186 0 -1713.72 0 0
1030000 346270 344129 0 -2981.57 0 0
1040000 345522 344146 0 -2386.81 0 0
1050000 346595 344382 0 -3529.19 0 0
1060000 345657 343896 0 -3670.38 0 0
1070000 346876 343829 0 -4184.36 0 0
1080000 345229 344588 0 -4350.26 0 0
1090000 345277 344346 0 -4770.4 0 0
1100000 346131 344543 0 -5988.87 0 0
1110000 346549 344350 0 -6809.55 0 0
1120000 346729 343749 0 -6851.64 0 0
1130000 346415 344495 0 -6237.82 0 0
1140000 346036 344073 0 -6630.51 0 0
1150000 345856 344433 0 -7812.16 0 0
1160000 345786 344746 0 -7451.11 0 0
1170000 345499 344426 0 -7865.57 0 0
1180000 345950 344993 0 -8124.65 0 0
1190000 346715 344093 0 -8707.63 0 0
1200000 345933 344142 0 -8428.5 0 0
1210000 346725 343857 0 -8982.17 0 0
1220000 346610 343750 0 -9404.37 0 0
1230000 346245 344813 0 -9012.12 0 0
1240000 345981 344407 0 -9646.62 0 0
1250000 346250 344880 0 -8947.03 0 0
1260000 345886 343863 0 -9021.91 0 0
1270000 345797 344400 0 -9904.18 0 0
1280000 345736 344666 0 -8726.66 0 0
1290000 345660 343870 0 -9586.41 0 0
1300000 346645 343851 0 -8793.38 0 0
1310000 346937 343598 0 -9026.08 0 0
1320000 346111 343861 0 -8036.59 0 0
1330000 346541 343708 0 -8005.34 0 0
1340000 345969 344150 0 -7783.45 0 0
1350000 346567 343725 0 -7836.62 0 0
1360000 346314 343494 0 -6561.77 0 0
1370000 346108 343708 0 -6649.48 0 0
1380000 345887 344793 0 -6879.25 0 0
1390000 345955 344529 0 -5959.48 0 0
1400000 346134 344553 0 -6317.31 0 0
1410000 345862 344277 0 -5597.62 0 0
1420000 345298 344277 0 -5095.73 0 0
1430000 345910 343992 0 -4862.56 0 0
1440000 346465 343852 0 -2670.44 0 0
1450000 345862 344437 0 -3003.13 0 0
1460000 346135 343827 0 -2656.27 0 0
1470000 345878 344258 0 -2082.36 0 0
1480000 345558 343713 0 -1811.61 0 0
1490000 346236 344164 0 -1007.81 0 0
1500000 346134 344474 0 -262.499 0 0
1510000 345868 344217 0 88.27 0 0
1520000 346447 343635 0 298.83 0 0
1530000 346032 343009 0 1014.23 0 0
1540000 345660 344057 0 1769.38 0 0
1550000 346684 343598 0 2145.96 0 0
1560000 346160 343787 0 2685.11 0 0
1570000 346667 343833 0 2779.93 0 0
1580000 346101 343714 0 3658.31 0 0
1590000 346530 343114 0 4343.93 0 0
1600000 345670 344615 0 4071.48 0 0
1610000 345564 344012 0 4971.41 0 0
1620000 346383 343985 0 4498.3 0 0
1630000 345576 344208 0 5745.65 0 0
1640000 346375 343397 0 5711.83 0 0
1650000 346280 344820 0 6990.81 0 0
1660000 346426 343648 0 6314.41 0 0
1670000 346488 343784 0 7790.3 0 0
1680000 345993 343803 0 7633.64 0 0
1690000 345613 344152 0 8381.89 0 0
1700000 346300 343998 0 7609.24 0 0
1710000 346375 342929 0 7848.37 0 0
1720000 346349 343925 0 7723.94 0 0
1730000 345945 343327 0 7945.74 0 0
1740000 346489 344293 0 7094.69 0 0
1750000 346139 343780 0 7075.59 0 0
1760000 346424 343647 0 7372.22 0 0
1770000 346182 343911 0 7858.61 0 0
1780000 346630 342939 0 7451.31 0 0
1790000 345410 343599 0 8093.87 0 0
1800000 345597 343541 0 7986.22 0 0
1810000 346399 343978 0 7889.82 0 0
1820000 346499 343896 0 7205.6 0 0
1830000 345676 343795 0 6369.13 0 0
1840000 346018 343800 0 6944.98 0 0
1850000 346747 343290 0 6635.58 0 0
1860000 346148 343294 0 6293.5 0 0
1870000 346393 343515 0 5653.96 0 0
1880000 345459 343691 0 5474.88 0 0
1890000 345250 344264 0 4958.79 0 0
1900000 346110 343869 0 4408.23 0 0
1910000 345882 343744 0 4363.09 0 0
1920000 346475 343852 0 3306.44 0 0
1930000 346304 342922 0 2965.62 0 0
1940000 346042 344288 0 2275.54 0 0
1950000 345559 344285 0 1707.77 0 0
1960000 346422 343079 0 1314.7 0 0
1970000 346174 343542 0 1518.47 0 0
1980000 345792 344022 0 291.947 0 0
1990000 346665 343258 0 -322.662 0 0
2000000 345400 344629 0 -1173.04 0 0
2010000 346604 344026 0 -1061.84 0 0
2020000 345850 343409 0 -1243.73 0 0
2030000 346339 343860 0 -2289.59 0 0
2040000 345763 344673 0 -2801.62 0 0
2050000 346417 343635 0 -3922.53 0 0
2060000 346008 344019 0 -4146.35 0 0
2070000 345754 343954 0 -4342.49 0 0
2080000 346106 343500 0 -4051.38 0 0
2090000 345795 344791 0 -5255.07 0 0
2100000 346077 344488 0 -4655.55 0 0
2110000 345787 344289 0 -5831.36 0 0
2120000 345003 344622 0 -6322.85 0 0
2130000 345952 344074 0 -6609.39 0 0
2140000 345824 344480 0 -7582.84 0 0
2150000 346462 343971 0 -7258.87 0 0
2160000 346653 343502 0 -8606.26 0 0
2170000 346319 343914 0 -7783.52 0 0
2180000 346810 342835 0 -8477.34 0 0
2190000 346719 343478 0 -8575.46 0 0
2200000 346120 344834 0 -9207.89 0 0
2210000 345143 345170 0 -8814.98 0 0
2220000 345595 344262 0 -8991.42 0 0
2230000 346837 344122 0 -9207.97 0 0
2240000 345917 344551 0 -8812.35 0 0
2250000 346363 344277 0 -9715.92 0 0
2260000 345980 344419 0 -9238.32 0 0
2270000 346093 344505 0 -8783.83 0 0
2280000 345422 344511 0 -9775.7 0 0
2290000 346491 344756 0 -8554.19 0 0
2300000 345682 344378 0 -9520.23 0 0
2310000 345124 345102 0 -8902.84 0 0
2320000 347392 343546 0 -8192.54 0 0
2330000 346314 344170 0 -7640.89 0 0
2340000 346877 343831 0 -7186.73 0 0
2350000 345904 344565 0 -7671.18 0 0
2360000 345543 344808 0 -7364.9 0 0
2370000 345125 345383 0 -6672.96 0 0
2380000 345986 344242 0 -6520.64 0 0
2390000 346839 343759 0 -6454.92 0 0
2400000 346294 344574 0 -5373.27 0 0
2410000 346049 344303 0 -5035.22 0 0
2420000 346759 343525 0 -4798.47 0 0
2430000 346063 344301 0 -3320.25 0 0
2440000 346509 344317 0 -3762.03 0 0
2450000 346225 343907 0 -3120 0 0
2460000 345785 344410 0 -2744.92 0 0
2470000 346105 343506 0 -2772.07 0 0
2480000 345154 344755 0 -1824.88 0 0
2490000 345948 344258 0 -1094.73 0 0
2500000 346852 343493 0 -1667.18 0 0
2510000 346226 343195 0 -385.139 0 0
2520000 345546 343682 0 204.454 0 0
2530000 346467 343616 0 578.677 0 0
2540000 346498 343436 0 1391.87 0 0
2550000 347112 342300 0 1752.98 0 0
2560000 346762 343100 0 2400.45 0 0
2570000 345960 342764 0 2806.97 0 0
2580000 346656 343125 0 3151.54 0 0
2590000 346356 343700 0 3939.94 0 0
2600000 346483 343094 0 4107.76 0 0
2610000 345853 343715 0 4238.7 0 0
2620000 347102 342967 0 4915.57 0 0
2630000 346828 343198 0 4884.53 0 0
2640000 347492 342770 0 6247.25 0 0
2650000 345847 343967 0 6042.47 0 0
2660000 346686 343222 0 6698.41 0 0
2670000 347004 343213 0 7189.9 0 0
2680000 346124 343851 0 7043.82 0 0
2690000 346508 343027 0 7664.25 0 0
2700000 346175 343418 0 6539.69 0 0
2710000 348059 342832 0 7548.86 0 0
2720000 346022 343793 0 7281.09 0 0
2730000 346381 343545 0 8022.98 0 0
2740000 346036 343081 0 7940.19 0 0
2750000 345755 343309 0 7890.21 0 0
2760000 347030 343538 0 8268.34 0 0
2770000 346421 343458 0 7362.95 0 0
2780000 345804 343697 0 7308.26 0 0
2790000 345992 343166 0 7257.91 0 0
2800000 346500 343594 0 6949.07 0 0
2810000 346659 343084 0 7422.37 0 0
2820000 346796 343477 0 7253.57 0 0
2830000 347535 342944 0 6463.56 0 0
2840000 346265 342666 0 5552.41 0 0
2850000 346406 343542 0 5968.59 0 0
2860000 347275 342828 0 6412.69 0 0
2870000 346560 342973 0 6247.09 0 0
2880000 346022 343970 0 4748.25 0 0
2890000 347962 342472 0 4016.31 0 0
2900000 346817 342544 0 4212.31 0 0
2910000 346471 343062 0 3310.6 0 0
2920000 347430 343018 0 3153.17 0 0
2930000 346575 343409 0 3008.83 0 0
2940000 346981 343553 0 2641.16 0 0
2950000 346618 343521 0 1773.67 0 0
2960000 346842 343215 0 1415.44 0 0
2970000 346891 343646 0 675.884 0 0
2980000 346436 342981 0 241.384 0 0
2990000 346902 343136 0 -713.788 0 0
3000000 346114 343450 0 -1191.07 0 0
3010000 346863 343772 0 -1169.31 0 0
3020000 346199 343536 0 -2318.7 0 0
3030000 346721 343357 0 -1554.26 0 0
3040000 346620 343394 0 -3000.85 0 0
3050000 345695 343533 0 -4023.39 0 0
3060000 346603 343413 0 -3855.22 0 0
3070000 345859 343738 0 -4842.07 0 0
3080000 346646 343194 0 -5232.51 0 0
3090000 347205 343293 0 -5901.71 0 0
3100000 346786 343177 0 -6052.64 0 0
3110000 346454 343726 0 -6418.26 0 0
3120000 347426 342497 0 -6597.31 0 0
3130000 347237 343005 0 -6859.62 0 0
3140000 347938 343260 0 -7399.33 0 0
3150000 347200 343231 0 -7294.87 0 0
3160000 346857 343270 0 -7866.27 0 0
3170000 346613 343670 0 -8493.11 0 0
3180000 347056 343706 0 -8853.34 0 0
3190000 347304 343502 0 -9047.57 0 0
3200000 347165 343580 0 -9211.71 0 0
3210000 347530 343130 0 -8802.88 0 0
3220000 346912 343957 0 -8450.96 0 0
3230000 347203 342956 0 -9887.25 0 0
3240000 346816 343735 0 -9014.87 0 0
3250000 347045 343896 0 -9812.62 0 0
3260000 347242 343471 0 -8220.58 0 0
3270000 347863 343078 0 -8423.62 0 0
3280000 347368 343374 0 -9112.1 0 0
3290000 347607 342107 0 -8865.16 0 0
3300000 346830 343824 0 -7485.43 0 0
3310000 347564 343080 0 -8632.15 0 0
3320000 347253 343268 0 -8128.87 0 0
3330000 347394 343107 0 -7969.92 0 0
3340000 347653 343382 0 -6608.31 0 0
3350000 347196 343223 0 -6889.19 0 0
3360000 347006 343323 0 -6283.07 0 0
3370000 347750 342845 0 -6540.95 0 0
3380000 346102 343658 0 -5189.33 0 0
3390000 346918 343938 0 -5028.26 0 0
3400000 346262 343680 0 -4825.86 0 0
3410000 346795 344024 0 -4062.51 0 0
3420000 347040 343645 0 -4678.52 0 0
3430000 347473 342383 0 -3947.3 0 0
3440000 346693 343106 0 -2988.34 0 0
3450000 345767 343943 0 -3276.35 0 0
3460000 347109 343802 0 -2775.53 0 0
3470000 347490 343127 0 -1720.75 0 0
3480000 347476 343001 0 -1475.38 0 0
3490000 348362 342619 0 -942.873 0 0
3500000 348226 342920 0 -1070.93 0 0
3510000 346864 343472 0 -35.9012 0 0
3520000 347267 343099 0 1438.18 0 0
3530000 347686 342621 0 1209.76 0 0
3540000 346647 343162 0 1787.72 0 0
3550000 346340 343233 0 2968.16 0 0
3560000 347573 342833 0 2684.84 0 0
3570000 347288 343132 0 3064.68 0 0
3580000 347351 342867 0 4418.5 0 0
3590000 346498 343751 0 4599.3 0 0
3600000 347606 342314 0 5805.82 0 0
3610000 346625 342959 0 5446.75 0 0
3620000 347139 342437 0 5795.32 0 0
3630000 347104 343011 0 6290.33 0 0
3640000 346324 342543 0 6923.52 0 0
3650000 346650 342822 0 6834.28 0 0
3660000 346609 343296 0 7376.53 0 0
3670000 346937 343966 0 8294.38 0 0
3680000 346661 343243 0 7955.67 0 0
3690000 347064 343247 0 7194.88 0 0
3700000 346752 343673 0 7902.77 0 0
3710000 346831 343564 0 7843.21 0 0
3720000 344990 344353 0 7855.08 0 0
3730000 347023 342454 0 8341.76 0 0
3740000 346545 344160 0 8439.89 0 0
3750000 345745 343925 0 8904.04 0 0
3760000 346819 344027 0 8128.08 0 0
3770000 346259 344002 0 8563.62 0 0
3780000 346577 343491 0 8719.17 0 0
3790000 346075 343290 0 7608.18 0 0
3800000 345841 344449 0 7519.31 0 0
3810000 345725 343692 0 7640.05 0 0
3820000 345907 344506 0 7973.97 0 0
3830000 346394 343178 0 6448.81 0 0
3840000 346193 344628 0 6337.81 0 0
3850000 346213 344102 0 6185.73 0 0
3860000 346445 343769 0 6786.83 0 0
3870000 345716 345147 0 5422.72 0 0
3880000 346263 344564 0 5787.68 0 0
3890000 345483 343918 0 4814.81 0 0
3900000 345901 343126 0 4949.61 0 0
3910000 345709 344810 0 3736.28 0 0
3920000 345345 344213 0 3417.4 0 0
3930000 345958 344375 0 2920.15 0 0
3940000 346482 343083 0 2597.69 0 0
3950000 345660 344290 0 1989.82 0 0
3960000 345770 344159 0 1491.03 0 0
3970000 346303 343760 0 1157.36 0 0
3980000 345722 343663 0 1079.98 0 0
3990000 346141 344165 0 -293.088 0 0
4000000 346479 343688 0 -636.161 0 0
4010000 346260 343843 0 -734.647 0 0
4020000 345684 344996 0 -1638.16 0 0
4030000 346051 343864 0 -2273.78 0 0
4040000 345633 344294 0 -2850 0 0
4050000 345705 345184 0 -2148.78 0 0
4060000 346066 344270 0 -4046.23 0 0
4070000 345868 345042 0 -4329.1 0 0
4080000 345775 343812 0 -4415.01 0 0
4090000 345325 344020 0 -4871.55 0 0
4100000 346009 343812 0 -5810.84 0 0
4110000 345887 344747 0 -6411.26 0 0
4120000 345715 343899 0 -6515.5 0 0
4130000 347042 343659 0 -7051.85 0 0
4140000 345999 344198 0 -6625.9 0 0
4150000 345821 344421 0 -7076.01 0 0
4160000 346859 343419 0 -7322.93 0 0
4170000 347076 343505 0 -7327.31 0 0
4180000 346895 343502 0 -7952.69 0 0
4190000 346547 343601 0 -7422.15 0 0
4200000 346380 343728 0 -7996.56 0 0
4210000 346456 343917 0 -8189.45 0 0
4220000 346880 344366 0 -8767.4 0 0
4230000 346439 343319 0 -7546.77 0 0
4240000 347441 342586 0 -8446.81 0 0
4250000 346795 343607 0 -8189.39 0 0
4260000 346588 344525 0 -9165.47 0 0
4270000 346598 343025 0 -7715.04 0 0
4280000 346228 344265 0 -8185.88 0 0
4290000 346507 343779 0 -8237.7 0 0
4300000 346085 343831 0 -7266.55 0 0
4310000 347689 343675 0 -7588.27 0 0
4320000 346285 343348 0 -7225.84 0 0
4330000 347261 342947 0 -6986.56 0 0
4340000 345884 343714 0 -7120.6 0 0
4350000 346446 343683 0 -6541.15 0 0
4360000 347209 343478 0 -6067.92 0 0
4370000 346636 343284 0 -6190.48 0 0
4380000 346941 343714 0 -5232.02 0 0
4390000 346650 344031 0 -5047.94 0 0
4400000 346943 343711 0 -4881.24 0 0
4410000 346157 344251 0 -4712.95 0 0
4420000 346742 343324 0 -3563.13 0 0
4430000 347117 343509 0 -3634.69 0 0
4440000 346383 343856 0 -2070.03 0 0
4450000 346773 343977 0 -2446.11 0 0
4460000 346745 343604 0 -2217.81 0 0
4470000 345486 343326 0 -701.608 0 0
4480000 346580 343510 0 -641.411 0 0
4490000 346995 343555 0 -498.47 0 0
4500000 345811 344141 0 -104.415 0 0
4510000 346280 344068 0 975.947 0 0
4520000 346700 343532 0 1487.86 0 0
4530000 346056 343757 0 1780.68 0 0
4540000 347285 342857 0 1079.87 0 0
4550000 346391 342559 0 2317.31 0 0
4560000 346779 343514 0 2785.9 0 0
4570000 346580 343078 0 3701.95 0 0
4580000 345737 343555 0 3247.25 0 0
4590000 346938 343538 0 4849.64 0 0
4600000 346362 343214 0 4803.1 0 0
4610000 346286 343036 0 5466.27 0 0
4620000 346319 343349 0 5510.22 0 0
4630000 346190 343508 0 6028.36 0 0
4640000 346630 343054 0 6050.9 0 0
4650000 345570 343872 0 6817.61 0 0
4660000 347382 342506 0 6820.5 0 0
4670000 346258 343117 0 7723.47 0 0
4680000 346325 343180 0 7287.11 0 0
4690000 346313 343688 0 7632.6 0 0
4700000 346754 342829 0 7902.99 0 0
4710000 346306 343289 0 7672.77 0 0
4720000 347760 342501 0 7139.14 0 0
4730000 346706 342577 0 8157.04 0 0
4740000 346911 343639 0 8683.93 0 0
4750000 347679 342586 0 8648.22 0 0
4760000 347534 342622 0 8025.6 0 0
4770000 346922 342628 0 7780.98 0 0
4780000 347389 342501 0 8176.67 0 0
4790000 346000 343308 0 7600.18 0 0
4800000 347959 341926 0 7175.03 0 0
4810000 347225 342646 0 7406.27 0 0
4820000 347065 342686 0 7190.92 0 0
4830000 347019 343045 0 6908.85 0 0
4840000 347541 343033 0 6592.46 0 0
4850000 347205 342963 0 5965.35 0 0
4860000 347279 341930 0 6101.1 0 0
4870000 347678 342109 0 5616.15 0 0
4880000 347326 342609 0 4541.59 0 0
4890000 347215 342463 0 4595.25 0 0
4900000 346859 342889 0 3862.37 0 0
4910000 347564 343055 0 3440.8 0 0
4920000 346880 343007 0 3371.31 0 0
4930000 347034 343420 0 2780.34 0 0
4940000 347507 342920 0 2836.76 0 0
4950000 347249 342614 0 1793.97 0 0
4960000 348214 342031 0 1725.51 0 0
4970000 347365 343273 0 1998.87 0 0
4980000 347269 342035 0 955.911 0 0
4990000 347795 342489 0 850.353 0 0
5000000 347935 342332 0 -34.759 0 0
