# Time-averaged data for fix ps1
# TimeStep c_thermo_press[1] c_thermo_press[2] c_thermo_press[3] c_thermo_press[4] c_thermo_press[5] c_thermo_press[6]
10000 404292 406350 0 -204.988 0 0
20000 402142 408475 0 727.607 0 0
30000 405401 404284 0 -223.604 0 0
40000 404022 406181 0 1909.34 0 0
50000 405798 402190 0 129.566 0 0
60000 410406 402199 0 -34.3567 0 0
70000 406961 402969 0 -159.474 0 0
80000 404418 407026 0 -362.294 0 0
90000 403415 405107 0 -1689.81 0 0
100000 403856 404205 0 129.422 0 0
110000 402997 409421 0 -2055.04 0 0
120000 403963 406890 0 -727.921 0 0
130000 404660 406807 0 1764.27 0 0
140000 404620 405617 0 695.356 0 0
150000 405284 404146 0 1240.03 0 0
160000 404865 403492 0 -2227.74 0 0
170000 403717 406512 0 3225.36 0 0
180000 405069 404962 0 3567.78 0 0
190000 406328 403903 0 -2691.61 0 0
200000 406647 402180 0 -1399 0 0
210000 403798 407443 0 270.602 0 0
220000 404216 406640 0 -3899.08 0 0
230000 405124 402946 0 1224.72 0 0
240000 404833 403940 0 291.927 0 0
250000 407076 402177 0 -906.188 0 0
260000 404478 405230 0 586.676 0 0
270000 406975 404050 0 -2011.9 0 0
280000 403627 406851 0 -1492.3 0 0
290000 405848 404744 0 -2796.12 0 0
300000 404331 405264 0 1797 0 0
310000 405843 402820 0 568.743 0 0
320000 407079 403072 0 -1198.57 0 0
330000 403898 405006 0 260.455 0 0
340000 408993 401558 0 3569.27 0 0
350000 409222 402391 0 -1705.06 0 0
360000 405338 404964 0 930.169 0 0
370000 405821 404379 0 -829.062 0 0
380000 402681 406671 0 -425.054 0 0
390000 407109 402486 0 192.051 0 0
400000 404489 406057 0 2675.06 0 0
410000 402461 408966 0 825.605 0 0
420000 406940 404176 0 -966.972 0 0
430000 404384 405359 0 2443.53 0 0
440000 402455 409548 0 -1419.32 0 0
450000 403863 404631 0 39.4231 0 0
460000 408416 403346 0 -587.753 0 0
470000 403371 406902 0 817.33 0 0
480000 406831 403289 0 1192.64 0 0
490000 402648 406246 0 81.4808 0 0
500000 401861 405876 0 -18.0202 0 0
510000 402463 408223 0 1156.71 0 0
520000 403663 406169 0 1690.09 0 0
530000 404613 405383 0 602.058 0 0
540000 407029 402356 0 4932.61 0 0
550000 404705 404973 0 -1827.98 0 0
560000 402451 406337 0 786.272 0 0
570000 405657 405476 0 2082.37 0 0
580000 408501 402392 0 8.19166 0 0
590000 402961 408486 0 237.565 0 0
600000 405035 404829 0 -2806.46 0 0
610000 403296 407861 0 1901.42 0 0
620000 404877 404569 0 1638.47 0 0
630000 406133 404385 0 -526.742 0 0
640000 406895 402861 0 1428.28 0 0
650000 407014 402842 0 1994.13 0 0
660000 404432 403487 0 -1221.23 0 0
670000 406658 403800 0 2077.85 0 0
680000 404378 402152 0 -275.394 0 0
690000 407089 402957 0 -628.494 0 0
700000 403779 406402 0 4034.27 0 0
710000 404865 403202 0 -417.822 0 0
720000 406427 402318 0 76.0921 0 0
730000 402946 405495 0 -1175.11 0 0
740000 403866 405162 0 -160.618 0 0
750000 406089 401581 0 1063.77 0 0
760000 398559 408572 0 -2502.57 0 0
770000 406821 401900 0 -1258.31 0 0
780000 402580 406083 0 -1440.36 0 0
790000 404840 402877 0 1634.75 0 0
800000 403802 405623 0 -2763.59 0 0
810000 403235 406518 0 -1104.47 0 0
820000 403122 406887 0 -290.712 0 0
830000 404946 404395 0 -1073.93 0 0
840000 405892 402978 0 1967.37 0 0
850000 406144 402835 0 412.668 0 0
860000 404491 403671 0 2059.3 0 0
870000 406644 402325 0 1920.4 0 0
880000 404175 405916 0 -906.63 0 0
890000 403727 404241 0 392.863 0 0
900000 407606 403135 0 -1897.25 0 0
910000 402042 405614 0 1795.9 0 0
920000 402917 405470 0 -773.373 0 0
930000 405643 404447 0 278.812 0 0
940000 402623 405228 0 49.8541 0 0
950000 403632 407128 0 -1142.34 0 0
960000 406148 404290 0 2908 0 0
970000 405691 402695 0 1031.54 0 0
980000 404623 403684 0 3163.88 0 0
990000 406735 404134 0 -669.39 0 0
1000000 407050 404249 0 619.525 0 0
1010000 398767 407310 0 702.178 0 0
1020000 403708 406771 0 768.105 0 0
1030000 406032 403843 0 -1419.98 0 0
1040000 404053 406118 0 -5224.54 0 0
1050000 405591 404347 0 -469.502 0 0
1060000 404487 404691 0 1308.28 0 0
1070000 406039 402035 0 757.873 0 0
1080000 404341 403106 0 67.0678 0 0
1090000 402772 402857 0 -1336.41 0 0
1100000 405896 403379 0 -3219.52 0 0
1110000 405295 404242 0 880.731 0 0
1120000 402920 404718 0 2472.83 0 0
1130000 403330 403021 0 2731.36 0 0
1140000 403486 403377 0 127.231 0 0
1150000 403964 405183 0 -1623.15 0 0
1160000 405537 404023 0 1204.46 0 0
1170000 403988 406984 0 2297.79 0 0
1180000 404599 403609 0 -27.3204 0 0
1190000 406533 406495 0 -528.749 0 0
1200000 405624 404443 0 4099.59 0 0
1210000 403400 403150 0 194.299 0 0
1220000 404462 408691 0 28.1506 0 0
1230000 406119 404446 0 -340.5 0 0
1240000 403447 405842 0 1036.28 0 0
1250000 404872 406377 0 3416.31 0 0
1260000 406445 402292 0 805.907 0 0
1270000 405737 402443 0 -2642.35 0 0
1280000 405226 403799 0 -2376.92 0 0
1290000 404673 404697 0 -2770.26 0 0
1300000 404214 403391 0 255.988 0 0
1310000 404572 403864 0 1994.61 0 0
1320000 405469 403160 0 -59.0302 0 0
1330000 406459 401530 0 2013.04 0 0
1340000 405384 404631 0 795.003 0 0
1350000 407204 402536 0 1199.25 0 0
1360000 405957 404427 0 -3247.08 0 0
1370000 404295 405482 0 -1722.78 0 0
1380000 405772 405100 0 -1469.79 0 0
1390000 405339 405751 0 -2873.55 0 0
1400000 403459 406092 0 1279.96 0 0
1410000 404885 405795 0 626.159 0 0
1420000 402500 406441 0 -1833.59 0 0
1430000 404620 405463 0 1634.74 0 0
1440000 405133 403530 0 -577.919 0 0
1450000 404534 404727 0 2094.15 0 0
1460000 405317 406517 0 -2226.73 0 0
1470000 401493 408408 0 1714.82 0 0
1480000 403639 404989 0 -233.438 0 0
1490000 401832 406654 0 -2574.21 0 0
1500000 403263 404830 0 -2096.94 0 0
1510000 403995 404644 0 638.836 0 0
1520000 405579 403237 0 -769.839 0 0
1530000 406753 403123 0 967.304 0 0
1540000 406343 402825 0 -107.294 0 0
1550000 403008 404993 0 -2647.2 0 0
1560000 404909 405343 0 -235.789 0 0
1570000 405669 403578 0 1739.86 0 0
1580000 401721 408363 0 503.56 0 0
1590000 406525 402626 0 -378.706 0 0
1600000 403518 404488 0 1724.1 0 0
1610000 405870 403662 0 183.131 0 0
1620000 409645 404532 0 1150.12 0 0
1630000 406921 401133 0 2047.44 0 0
1640000 403179 404779 0 303.778 0 0
1650000 405946 403227 0 -1284.22 0 0
1660000 405752 403387 0 -3908.14 0 0
1670000 408218 402321 0 -174.748 0 0
1680000 405129 405095 0 1448.59 0 0
1690000 405861 404189 0 -1925.7 0 0
1700000 405136 403071 0 -1282.02 0 0
1710000 405004 402891 0 -1406.22 0 0
1720000 405182 402870 0 -1542.36 0 0
1730000 403857 404506 0 -467.752 0 0
1740000 404447 405266 0 1291.87 0 0
1750000 406629 401704 0 -786.829 0 0
1760000 405233 403717 0 -1212.05 0 0
1770000 406435 405252 0 -1339.65 0 0
1780000 406193 403787 0 1280.28 0 0
1790000 403877 406145 0 439.361 0 0
1800000 404102 405674 0 -1485.62 0 0
1810000 403032 406638 0 -1645.06 0 0
1820000 404662 405013 0 -488.825 0 0
1830000 403802 407434 0 -4373.91 0 0
1840000 403568 404689 0 -490.113 0 0
1850000 402981 405855 0 268.989 0 0
1860000 403375 406290 0 -1414.81 0 0
1870000 404271 402609 0 368.926 0 0
1880000 402908 407203 0 3821.23 0 0
1890000 403054 407241 0 1747.12 0 0
1900000 401637 406043 0 1275.9 0 0
1910000 405834 404938 0 768.671 0 0
1920000 407633 401044 0 327.44 0 0
1930000 403663 407063 0 946.978 0 0
1940000 404157 404726 0 -905.617 0 0
1950000 403434 404984 0 -751.29 0 0
1960000 406398 403338 0 -1814.38 0 0
1970000 403051 405093 0 106.974 0 0
1980000 406601 402640 0 -1920.49 0 0
1990000 409452 399842 0 -5552.02 0 0
2000000 404656 405903 0 -5.70152 0 0
2010000 404703 405852 0 -754.681 0 0
2020000 404081 401945 0 -1241.76 0 0
2030000 405135 404872 0 -2017.21 0 0
2040000 403875 405348 0 -3143.48 0 0
2050000 405294 403993 0 -2086.22 0 0
2060000 402461 407389 0 -442.478 0 0
2070000 401809 405885 0 -1986.42 0 0
2080000 404314 405753 0 -45.4465 0 0
2090000 406185 403957 0 541.239 0 0
2100000 403690 405601 0 211.451 0 0
2110000 408377 404491 0 1313.87 0 0
2120000 405377 404600 0 2194.76 0 0
2130000 403920 404003 0 342.963 0 0
2140000 404993 402969 0 1613.24 0 0
2150000 402092 406847 0 3767.05 0 0
2160000 406023 402973 0 -1162.2 0 0
2170000 407485 402666 0 -3063.51 0 0
2180000 400026 406608 0 -2171.68 0 0
2190000 402459 405379 0 -1669.87 0 0
2200000 402580 404046 0 -2463.73 0 0
2210000 403605 404028 0 -945.236 0 0
2220000 402436 404901 0 746.603 0 0
2230000 400665 406568 0 1045.75 0 0
2240000 400972 406729 0 694.716 0 0
2250000 408730 403308 0 1391.67 0 0
2260000 404815 404685 0 -2135.51 0 0
2270000 407320 401078 0 248.958 0 0
2280000 405531 404607 0 522.017 0 0
2290000 404550 403205 0 3059.45 0 0
2300000 402254 405212 0 848.038 0 0
2310000 406654 400803 0 5.87701 0 0
2320000 403922 404732 0 -3517.59 0 0
2330000 403982 402413 0 3572.28 0 0
2340000 404497 404585 0 -1307.82 0 0
2350000 402940 404422 0 -976.541 0 0
2360000 403307 405762 0 -199.382 0 0
2370000 404120 405695 0 -1726.09 0 0
2380000 405929 403733 0 1391.74 0 0
2390000 405113 405254 0 601.939 0 0
2400000 405310 400909 0 -1901.21 0 0
2410000 405819 402596 0 1125.05 0 0
2420000 403739 405843 0 -2604.91 0 0
2430000 404877 403510 0 -191.963 0 0
2440000 405984 404105 0 423.133 0 0
2450000 404351 404713 0 1260.22 0 0
2460000 406425 404352 0 867.044 0 0
2470000 404044 405420 0 2818.02 0 0
2480000 403863 404484 0 1030.24 0 0
2490000 405532 401607 0 144.744 0 0
2500000 404661 402135 0 1303.64 0 0
2510000 404922 405453 0 -2023.58 0 0
2520000 405619 403380 0 -3157.22 0 0
2530000 402777 408529 0 -517.406 0 0
2540000 403674 404887 0 -1051.71 0 0
2550000 405139 403164 0 1794.97 0 0
2560000 404181 404766 0 -198.85 0 0
2570000 404936 402118 0 2092.37 0 0
2580000 404950 402589 0 -4100.5 0 0
2590000 407013 401097 0 427.232 0 0
2600000 404046 402187 0 -2559.73 0 0
2610000 406321 402643 0 -582.264 0 0
2620000 402560 405779 0 417.651 0 0
2630000 404967 406702 0 2277.82 0 0
2640000 403579 405194 0 -167.876 0 0
2650000 402133 405594 0 651.975 0 0
2660000 404695 404259 0 -2933.49 0 0
2670000 408862 401049 0 -1452.33 0 0
2680000 405461 401796 0 782.003 0 0
2690000 404775 404965 0 84.0235 0 0
2700000 403454 405365 0 -902.585 0 0
2710000 402851 403391 0 158.645 0 0
2720000 404843 404244 0 -2498.4 0 0
2730000 400282 407616 0 1752.61 0 0
2740000 405608 402814 0 -1989.48 0 0
2750000 402878 406602 0 873.644 0 0
2760000 403379 403436 0 1794.6 0 0
2770000 405705 401737 0 2623.63 0 0
2780000 405889 403571 0 -282.012 0 0
2790000 405957 401743 0 -324.481 0 0
2800000 402633 405044 0 1729.59 0 0
2810000 404866 404705 0 -1733.16 0 0
2820000 405461 403459 0 -917.917 0 0
2830000 404289 403311 0 400.907 0 0
2840000 403535 406555 0 -1451.53 0 0
2850000 406065 402899 0 2403.74 0 0
2860000 405229 405030 0 -196.567 0 0
2870000 401911 405816 0 1228.83 0 0
2880000 404132 402828 0 1892.65 0 0
2890000 403644 405511 0 3608.39 0 0
2900000 403982 402513 0 220.342 0 0
2910000 404491 403219 0 2857.12 0 0
2920000 401922 405934 0 638.284 0 0
2930000 403766 402563 0 1351.53 0 0
2940000 403567 404704 0 2526.51 0 0
2950000 405178 403555 0 -339.37 0 0
2960000 404002 406322 0 -474.085 0 0
2970000 403045 405481 0 -2597.65 0 0
2980000 408100 402172 0 -1109.82 0 0
2990000 403274 406785 0 117.165 0 0
3000000 403828 404779 0 -484.471 0 0
3010000 406886 403193 0 1501.96 0 0
3020000 405957 404111 0 800.4 0 0
3030000 405287 403119 0 433.1 0 0
3040000 401928 405701 0 -328.279 0 0
3050000 404203 404570 0 -88.8012 0 0
3060000 406415 401775 0 317.338 0 0
3070000 405824 403051 0 -1578.8 0 0
3080000 402187 405137 0 -2322.67 0 0
3090000 408201 399515 0 -2425.25 0 0
3100000 404180 403982 0 344.172 0 0
3110000 405808 403846 0 327.264 0 0
3120000 406080 403912 0 449.292 0 0
3130000 408259 400362 0 -394.385 0 0
3140000 405843 405390 0 -1256.23 0 0
3150000 404462 405825 0 -2261.22 0 0
3160000 404067 406109 0 1859.57 0 0
3170000 405707 402350 0 3.27946 0 0
3180000 402285 404187 0 640.736 0 0
3190000 403292 405220 0 3096.69 0 0
3200000 406169 401718 0 1688.19 0 0
3210000 406387 400987 0 -3499.65 0 0
3220000 404259 403476 0 3970.48 0 0
3230000 403972 407696 0 95.4321 0 0
3240000 401974 406625 0 -1995.88 0 0
3250000 403578 406607 0 -715.374 0 0
3260000 402864 403643 0 -1770.37 0 0
3270000 405065 403505 0 -1795.2 0 0
3280000 408840 402703 0 315.67 0 0
3290000 402871 407569 0 203.72 0 0
3300000 405469 403916 0 -2645.95 0 0
3310000 403096 407386 0 461.01 0 0
3320000 403780 406017 0 1337.8 0 0
3330000 407059 401288 0 -1687.21 0 0
3340000 407546 402228 0 1685 0 0
3350000 408228 404372 0 1927.14 0 0
3360000 402770 404992 0 1847.38 0 0
3370000 402318 404778 0 -1924.66 0 0
3380000 403934 404518 0 2905.39 0 0
3390000 403934 407089 0 -1029.35 0 0
3400000 405451 407852 0 -1523.51 0 0
3410000 403694 405684 0 -869.377 0 0
3420000 405823 403680 0 3509.5 0 0
3430000 405494 404805 0 885.528 0 0
3440000 403723 405238 0 -254.314 0 0
3450000 405390 404195 0 -3693.85 0 0
3460000 405340 402427 0 1949.84 0 0
3470000 404203 404496 0 -2633.37 0 0
3480000 409754 401796 0 -401.961 0 0
3490000 402292 405062 0 -247.001 0 0
3500000 403858 405218 0 36.776 0 0
3510000 407314 403660 0 1285.69 0 0
3520000 402519 407712 0 -1243.39 0 0
3530000 406235 404316 0 -3332.25 0 0
3540000 404278 405039 0 2113.53 0 0
3550000 402797 404295 0 1208.55 0 0
3560000 403774 405536 0 -1539.98 0 0
3570000 402392 405771 0 414.954 0 0
3580000 404852 405828 0 1202.91 0 0
3590000 403979 404354 0 -574.093 0 0
3600000 404183 407070 0 -339.201 0 0
3610000 404435 405301 0 -2273.98 0 0
3620000 404298 405953 0 768.353 0 0
3630000 403264 405040 0 1048.93 0 0
3640000 408957 402506 0 1063.24 0 0
3650000 404542 405117 0 -1123.94 0 0
3660000 401073 405350 0 2432.51 0 0
3670000 407932 400442 0 -1847.73 0 0
3680000 404087 404466 0 -2284.12 0 0
3690000 405139 402653 0 -2140.48 0 0
3700000 408343 400083 0 -746.451 0 0
3710000 404908 402464 0 3278.49 0 0
3720000 403363 405243 0 -148.428 0 0
3730000 403968 404116 0 -1163.62 0 0
3740000 406364 401809 0 -2248.93 0 0
3750000 405403 403788 0 1842.81 0 0
3760000 407060 402334 0 -24.2242 0 0
3770000 404664 404594 0 1116.45 0 0
3780000 405617 405242 0 342.29 0 0
3790000 406557 404770 0 275.97 0 0
3800000 405049 404117 0 2734.7 0 0
3810000 406948 401011 0 1026.31 0 0
3820000 402296 405300 0 1028.33 0 0
3830000 403181 404778 0 -2822.83 0 0
3840000 406247 403670 0 1742.98 0 0
3850000 403465 403511 0 1695.49 0 0
3860000 407331 402358 0 1568.58 0 0
3870000 404525 402176 0 578.034 0 0
3880000 401616 404198 0 1794.17 0 0
3890000 406730 402964 0 -249.483 0 0
3900000 405312 402732 0 -3766.83 0 0
3910000 404047 404800 0 1736.33 0 0
3920000 403617 404578 0 634.709 0 0
3930000 401176 404936 0 -211.211 0 0
3940000 405129 402805 0 -1249.83 0 0
3950000 401729 405973 0 -907.844 0 0
3960000 406015 404803 0 -1165.61 0 0
3970000 407037 402511 0 -535.316 0 0
3980000 402611 406390 0 -390.473 0 0
3990000 406900 405153 0 995.608 0 0
4000000 404010 405171 0 38.9679 0 0
4010000 404210 403703 0 1660.46 0 0
4020000 406694 404780 0 2069.39 0 0
4030000 407559 401734 0 838.777 0 0
4040000 402589 408342 0 876.575 0 0
4050000 404831 403691 0 -794.418 0 0
4060000 403943 405737 0 5053.25 0 0
4070000 404123 405360 0 922.9 0 0
4080000 405125 400723 0 978.113 0 0
4090000 404015 402875 0 -1496.91 0 0
4100000 407877 403360 0 761.913 0 0
4110000 407246 401368 0 225.523 0 0
4120000 404609 404566 0 -2460.5 0 0
4130000 405655 400328 0 -886.91 0 0
4140000 405584 401066 0 -647.423 0 0
4150000 402498 406271 0 2180.72 0 0
4160000 404794 404722 0 972.17 0 0
4170000 403706 404945 0 -1718.79 0 0
4180000 407176 401913 0 -1967.79 0 0
4190000 403876 403593 0 -1851.19 0 0
4200000 400741 407110 0 -546.535 0 0
4210000 405107 405330 0 -534.459 0 0
4220000 402679 407421 0 95.9935 0 0
4230000 405062 403480 0 -316.773 0 0
4240000 404791 404174 0 -2115.79 0 0
4250000 404227 403023 0 -2395.16 0 0
4260000 404812 403311 0 953.528 0 0
4270000 406155 401062 0 -2199.11 0 0
4280000 400816 405430 0 1235.25 0 0
4290000 405385 402198 0 1130.41 0 0
4300000 404876 402858 0 558.457 0 0
4310000 401729 405025 0 -362.422 0 0
4320000 405242 402307 0 1652.83 0 0
4330000 403774 404288 0 -1306.33 0 0
4340000 404535 404043 0 71.6712 0 0
4350000 404813 405291 0 2193.03 0 0
4360000 405928 405043 0 1121.92 0 0
4370000 403386 406104 0 368.1 0 0
4380000 403988 405622 0 289.4 0 0
4390000 404377 403352 0 -2737.11 0 0
4400000 404079 401617 0 -949.328 0 0
4410000 404059 404639 0 -790.714 0 0
4420000 404589 404012 0 -822.188 0 0
4430000 402808 407004 0 -2753.94 0 0
4440000 406000 401366 0 1975.03 0 0
4450000 404568 402305 0 -1244.1 0 0
4460000 404725 401597 0 5218.95 0 0
4470000 403733 405234 0 238.894 0 0
4480000 402103 405104 0 674.367 0 0
4490000 404913 403287 0 -21.4682 0 0
4500000 402679 403224 0 -1310.08 0 0
4510000 403450 400821 0 792.633 0 0
4520000 403314 404441 0 34.2939 0 0
4530000 403936 405775 0 -2742.17 0 0
4540000 402450 406193 0 422.16 0 0
4550000 405255 402283 0 1119.14 0 0
4560000 406468 402053 0 -2427 0 0
4570000 403360 405279 0 -1224.11 0 0
4580000 404204 406763 0 2923.05 0 0
4590000 405114 407043 0 -2067.78 0 0
4600000 403947 405668 0 -2208.57 0 0
4610000 404009 404795 0 -2826.79 0 0
4620000 405913 405158 0 -4179.04 0 0
4630000 405796 405051 0 416.32 0 0
4640000 404749 405626 0 1581.27 0 0
4650000 406136 404660 0 -2014.95 0 0
4660000 405013 402746 0 3574.72 0 0
4670000 403835 404139 0 -2785.95 0 0
4680000 407235 401517 0 98.908 0 0
4690000 402690 408993 0 1623.12 0 0
4700000 403266 406142 0 -1212.46 0 0
4710000 400844 406773 0 -1039.58 0 0
4720000 405252 405282 0 700.229 0 0
4730000 407461 401349 0 1920.07 0 0
4740000 402575 405357 0 1017.48 0 0
4750000 404786 403408 0 510.026 0 0
4760000 402681 405345 0 431.62 0 0
4770000 407317 401366 0 513.652 0 0
4780000 405255 404550 0 -914.947 0 0
4790000 402949 405227 0 -2255.08 0 0
4800000 403330 405632 0 269.957 0 0
4810000 404487 404844 0 1662.82 0 0
4820000 402182 403405 0 -2110.55 0 0
4830000 403517 406184 0 -612.136 0 0
4840000 404639 404265 0 308.52 0 0
4850000 406097 402319 0 -368.677 0 0
4860000 406607 402181 0 -1220.86 0 0
4870000 402436 403548 0 -650.461 0 0
4880000 399886 406659 0 2673.74 0 0
4890000 408268 402532 0 1700.88 0 0
4900000 403400 405746 0 1067.63 0 0
4910000 405540 405871 0 -355.678 0 0
4920000 403562 404999 0 1777.59 0 0
4930000 403155 406309 0 -1627.48 0 0
4940000 406941 404861 0 -724.951 0 0
4950000 403638 404544 0 -773.273 0 0
4960000 405361 405993 0 605.249 0 0
4970000 404723 405045 0 1259.04 0 0
4980000 404486 405065 0 3358.82 0 0
4990000 403139 403276 0 27.8906 0 0
5000000 404517 405263 0 832.363 0 0
