# Time-averaged data for fix ps1
# TimeStep c_thermo_press[1] c_thermo_press[2] c_thermo_press[3] c_thermo_press[4] c_thermo_press[5] c_thermo_press[6]
10000 371206 373843 0 756.849 0 0
20000 372465 372833 0 253.333 0 0
30000 372563 372309 0 2154.06 0 0
40000 371446 373361 0 -881.847 0 0
50000 372125 372516 0 -1103.38 0 0
60000 370625 374403 0 -3184.18 0 0
70000 370899 373816 0 -1211.24 0 0
80000 371409 373608 0 -1630.67 0 0
90000 370649 372717 0 -2043.6 0 0
100000 372550 372832 0 -2555.56 0 0
110000 371762 373575 0 -2586.68 0 0
120000 371930 373954 0 -2938.34 0 0
130000 369729 375069 0 -5000.1 0 0
140000 369836 374151 0 -3949.77 0 0
150000 371344 373182 0 -3773.21 0 0
160000 370495 374045 0 -4722.81 0 0
170000 369971 375252 0 -4683.73 0 0
180000 370306 374492 0 -4592.16 0 0
190000 369052 374926 0 -4284.25 0 0
200000 370753 373279 0 -4420.82 0 0
210000 371726 373460 0 -2602.26 0 0
220000 369609 373502 0 -4044.1 0 0
230000 369528 373402 0 -3505.36 0 0
240000 369947 373254 0 -3698.36 0 0
250000 370920 372903 0 -3940.08 0 0
260000 372997 372370 0 -1430.87 0 0
270000 371870 374015 0 -3831.99 0 0
280000 371913 373662 0 -2419.45 0 0
290000 371238 372278 0 -2314.65 0 0
300000 372615 372377 0 -2173.24 0 0
310000 368878 375087 0 -2555.54 0 0
320000 371790 373063 0 -3690.52 0 0
330000 371019 374297 0 -1768.66 0 0
340000 370495 372739 0 -2636.05 0 0
350000 371779 371871 0 -3038.74 0 0
360000 371974 372323 0 -3060.86 0 0
370000 372174 371477 0 -1923.81 0 0
380000 372005 373165 0 -1335.68 0 0
390000 371976 372205 0 -2248.72 0 0
400000 371660 372024 0 -1886.57 0 0
410000 370884 372189 0 -405.801 0 0
420000 370225 373545 0 -577.512 0 0
430000 370655 373420 0 347.093 0 0
440000 371191 372233 0 158.119 0 0
450000 370153 373373 0 -216.482 0 0
460000 369566 374126 0 -56.4724 0 0
470000 370894 372795 0 2165.53 0 0
480000 370305 374752 0 1818.21 0 0
490000 369503 373548 0 623.375 0 0
500000 370835 374652 0 2247.31 0 0
510000 369755 375885 0 1941.6 0 0
520000 371163 374677 0 2167.28 0 0
530000 371207 372597 0 4189.92 0 0
540000 370863 372809 0 5136.27 0 0
550000 370794 374815 0 4634.32 0 0
560000 370397 373999 0 5424.72 0 0
570000 369611 375042 0 4965.59 0 0
580000 371134 373563 0 3366.51 0 0
590000 370696 374562 0 5890.32 0 0
600000 370219 374519 0 6183.42 0 0
610000 370709 372972 0 5268.85 0 0
620000 370071 375430 0 5233.48 0 0
630000 370882 373406 0 5106.98 0 0
640000 371373 372972 0 5209.79 0 0
650000 368503 375329 0 4743.75 0 0
660000 367476 375385 0 4601 0 0
670000 370580 372334 0 4996.97 0 0
680000 369555 374487 0 4590.06 0 0
690000 369247 374251 0 4844.22 0 0
700000 372011 372648 0 4576.79 0 0
710000 371044 373849 0 2791.5 0 0
720000 369912 373588 0 3175.34 0 0
730000 372445 372444 0 2975.07 0 0
740000 373025 372817 0 3463.98 0 0
750000 371488 373422 0 4061.79 0 0
760000 370734 374426 0 3557.07 0 0
770000 371730 372701 0 2517.46 0 0
780000 371490 372768 0 3893.28 0 0
790000 369300 375038 0 5141.54 0 0
800000 369676 373958 0 3018.22 0 0
810000 371442 372248 0 3367.25 0 0
820000 371362 371808 0 4541.5 0 0
830000 372207 372706 0 3878.7 0 0
840000 370359 374558 0 2601.29 0 0
850000 368751 375107 0 2391.84 0 0
860000 371173 372540 0 2139.69 0 0
870000 370869 372788 0 1601.2 0 0
880000 371175 372101 0 830.828 0 0
890000 373399 370748 0 956.745 0 0
900000 370505 373727 0 2585.52 0 0
910000 371112 372545 0 1012.32 0 0
920000 371398 372763 0 1680.56 0 0
930000 372961 371325 0 2239.13 0 0
940000 370930 372245 0 602.061 0 0
950000 371653 371961 0 480.211 0 0
960000 371313 371984 0 173.081 0 0
970000 373354 370689 0 -1811.96 0 0
980000 374015 370417 0 -1512.25 0 0
990000 373206 372354 0 -2252.46 0 0
1000000 372596 370767 0 -2039.61 0 0
1010000 373050 371617 0 -3190.6 0 0
1020000 370216 372853 0 -3339.2 0 0
1030000 371363 372756 0 -4385.53 0 0
1040000 370782 372941 0 -3683.38 0 0
1050000 372747 371325 0 -3358.81 0 0
1060000 370830 373429 0 -5837.6 0 0
1070000 372592 371915 0 -5632.74 0 0
1080000 371029 374067 0 -5841.15 0 0
1090000 373407 372095 0 -7337.75 0 0
1100000 372896 371839 0 -5298.84 0 0
1110000 371718 371606 0 -6037.44 0 0
1120000 374150 371674 0 -5701.48 0 0
1130000 373713 370742 0 -7850.92 0 0
1140000 373383 371675 0 -7438.59 0 0
1150000 373440 371023 0 -8401.67 0 0
1160000 373921 371736 0 -7308.89 0 0
1170000 373572 372263 0 -6984.69 0 0
1180000 373183 370759 0 -8220.53 0 0
1190000 375009 370657 0 -6447.53 0 0
1200000 372340 370996 0 -6761.51 0 0
1210000 374311 370105 0 -5004.48 0 0
1220000 374009 369388 0 -6172.97 0 0
1230000 373432 371059 0 -6194.41 0 0
1240000 372576 371676 0 -4978.98 0 0
1250000 374202 370329 0 -5186.87 0 0
1260000 373159 370239 0 -5418.5 0 0
1270000 372999 371726 0 -5374.17 0 0
1280000 374087 369872 0 -6449.27 0 0
1290000 371719 371645 0 -5662.44 0 0
1300000 373291 370481 0 -3899.87 0 0
1310000 372393 373152 0 -4370.18 0 0
1320000 372342 371965 0 -5389.28 0 0
1330000 372308 372872 0 -5066.98 0 0
1340000 372241 371764 0 -4666.98 0 0
1350000 371026 372377 0 -4984.87 0 0
1360000 372256 371697 0 -5554.87 0 0
1370000 371562 371916 0 -3597.8 0 0
1380000 371359 373498 0 -2494.4 0 0
1390000 372782 371014 0 -1806.56 0 0
1400000 371385 372713 0 -2028.35 0 0
1410000 369701 372297 0 -4056.22 0 0
1420000 372276 372313 0 -1813.54 0 0
1430000 370028 373302 0 -1516.19 0 0
1440000 371114 372426 0 -1113.87 0 0
1450000 370279 372457 0 615.602 0 0
1460000 369998 372256 0 1821.45 0 0
1470000 370643 373890 0 1322.68 0 0
1480000 371829 373127 0 2211.76 0 0
1490000 369562 372794 0 625.151 0 0
1500000 370449 372688 0 2222.74 0 0
1510000 370685 372729 0 1038.26 0 0
1520000 372739 371563 0 2304.48 0 0
1530000 371259 371702 0 1674.57 0 0
1540000 370080 374545 0 2076.77 0 0
1550000 372145 372654 0 2734.4 0 0
1560000 370564 372263 0 2115.06 0 0
1570000 370640 372082 0 2284.16 0 0
1580000 370694 372124 0 3956.72 0 0
1590000 370007 374536 0 2596.04 0 0
1600000 370814 373613 0 2404.4 0 0
1610000 369962 373597 0 2810.32 0 0
1620000 370874 374100 0 4863.13 0 0
1630000 369863 375207 0 2590.27 0 0
1640000 370950 373445 0 4374.13 0 0
1650000 371195 373109 0 3699.52 0 0
1660000 371481 372405 0 4506.65 0 0
1670000 372061 372861 0 3803.43 0 0
1680000 371691 373115 0 4812.86 0 0
1690000 371597 372232 0 3515.57 0 0
1700000 371379 372368 0 5144.98 0 0
1710000 371228 373537 0 2092.65 0 0
1720000 370986 373640 0 1902.65 0 0
1730000 370927 373037 0 3481.46 0 0
1740000 372034 373108 0 3270.66 0 0
1750000 370986 374045 0 4412.8 0 0
1760000 371718 372459 0 4653.87 0 0
1770000 369668 374370 0 4260.92 0 0
1780000 371349 373362 0 3548.07 0 0
1790000 370826 373412 0 3328.64 0 0
1800000 370974 374114 0 4384.6 0 0
1810000 369932 374952 0 4438.51 0 0
1820000 371704 373992 0 2434.67 0 0
1830000 371815 372937 0 2582.15 0 0
1840000 372012 372077 0 3196.95 0 0
1850000 371437 373377 0 1120.04 0 0
1860000 373054 372644 0 2943.42 0 0
1870000 371527 372321 0 1389.89 0 0
1880000 370925 372963 0 2686.83 0 0
1890000 371641 372100 0 1374.65 0 0
1900000 372570 371186 0 815.397 0 0
1910000 373811 371722 0 1885.11 0 0
1920000 372798 371719 0 -74.9672 0 0
1930000 373619 372722 0 718.498 0 0
1940000 373771 371882 0 -343.485 0 0
1950000 369960 373637 0 484.972 0 0
1960000 371292 372606 0 -1967.3 0 0
1970000 370909 373727 0 -618.151 0 0
1980000 373077 370538 0 -2668.49 0 0
1990000 372802 370931 0 -2599.62 0 0
2000000 371508 373014 0 -2343.64 0 0
2010000 371550 372138 0 -2228.22 0 0
2020000 370472 373444 0 -2043.58 0 0
2030000 373857 370129 0 -1285.92 0 0
2040000 371907 372511 0 -2241.49 0 0
2050000 370889 372324 0 -2276.51 0 0
2060000 371089 372663 0 -2753.46 0 0
2070000 371886 372091 0 -2628.5 0 0
2080000 370568 372538 0 -3615.43 0 0
2090000 371017 372400 0 -4212.81 0 0
2100000 372822 371680 0 -4428.84 0 0
2110000 370728 371579 0 -5161.09 0 0
2120000 372424 372349 0 -5547.73 0 0
2130000 371981 371909 0 -4193.7 0 0
2140000 372695 371624 0 -6292.19 0 0
2150000 372074 370809 0 -5799.43 0 0
2160000 372246 371180 0 -6683.13 0 0
2170000 373296 370292 0 -5719.06 0 0
2180000 372980 370741 0 -6596.13 0 0
2190000 373708 371611 0 -6646.23 0 0
2200000 371695 372343 0 -6063.37 0 0
2210000 373138 371073 0 -6992.54 0 0
2220000 371353 373056 0 -6774.34 0 0
2230000 372002 373080 0 -5745.8 0 0
2240000 371319 372372 0 -7129.1 0 0
2250000 371934 372276 0 -7359.45 0 0
2260000 370464 372593 0 -6707.16 0 0
2270000 373971 370623 0 -7419.9 0 0
2280000 372709 371825 0 -4793 0 0
2290000 372304 372483 0 -4053.1 0 0
2300000 373035 371719 0 -4513.9 0 0
2310000 373358 370471 0 -6574.99 0 0
2320000 372246 371207 0 -5763.3 0 0
2330000 374608 369900 0 -3998.41 0 0
2340000 373992 370242 0 -4607.2 0 0
2350000 372179 371993 0 -4429.65 0 0
2360000 374643 369820 0 -3838.02 0 0
2370000 373058 371358 0 -2854.28 0 0
2380000 373644 368826 0 -3170.01 0 0
2390000 373084 371133 0 -3347.25 0 0
2400000 373372 370251 0 -2652.93 0 0
2410000 373385 371672 0 -2074.7 0 0
2420000 371862 370791 0 -2858.13 0 0
2430000 373285 370518 0 -2484.1 0 0
2440000 372042 370733 0 -1597.32 0 0
2450000 372277 370286 0 -2064.52 0 0
2460000 373817 369416 0 -293.249 0 0
2470000 372201 370981 0 -337.038 0 0
2480000 373672 369857 0 1218.73 0 0
2490000 373139 371220 0 -260.554 0 0
2500000 372248 372594 0 1628.71 0 0
2510000 372895 371303 0 1900.63 0 0
2520000 371687 371364 0 2696.21 0 0
2530000 372300 371874 0 899.632 0 0
2540000 371691 372497 0 1421.66 0 0
2550000 372286 371407 0 1072.6 0 0
2560000 372523 371363 0 3239.35 0 0
2570000 373610 371196 0 3646.91 0 0
2580000 371914 371449 0 3156.98 0 0
2590000 373193 370532 0 5214.87 0 0
2600000 371542 373367 0 5133.62 0 0
2610000 372713 371199 0 3946.07 0 0
2620000 374147 371379 0 3461.68 0 0
2630000 371051 373503 0 5055.89 0 0
2640000 372843 370899 0 3936.94 0 0
2650000 373118 370739 0 4303.03 0 0
2660000 372904 370679 0 3381.07 0 0
2670000 372831 370733 0 5453.93 0 0
2680000 372214 372070 0 4200.02 0 0
2690000 372464 371431 0 6212.06 0 0
2700000 372189 371745 0 5382.11 0 0
2710000 370900 372648 0 6633.81 0 0
2720000 372034 372185 0 5448.33 0 0
2730000 371581 371945 0 4711.59 0 0
2740000 372695 372078 0 5425.83 0 0
2750000 372229 370911 0 5326.09 0 0
2760000 372354 372631 0 4929.99 0 0
2770000 371023 373706 0 4940.42 0 0
2780000 371423 373902 0 5155.48 0 0
2790000 370306 374328 0 6090.16 0 0
2800000 369703 374864 0 4883.49 0 0
2810000 373498 371846 0 5599.75 0 0
2820000 372018 372540 0 4293.6 0 0
2830000 370853 372847 0 4322.25 0 0
2840000 370756 374025 0 3824.5 0 0
2850000 372988 371596 0 3636 0 0
2860000 372468 373792 0 4030.77 0 0
2870000 373365 372410 0 3117.74 0 0
2880000 371778 372155 0 2762.03 0 0
2890000 371836 372712 0 2908.43 0 0
2900000 372051 372163 0 3446.22 0 0
2910000 372534 372717 0 -655.719 0 0
2920000 371379 373284 0 -317.196 0 0
2930000 371506 372420 0 -563.688 0 0
2940000 373668 371469 0 -1250.91 0 0
2950000 372400 371289 0 -1135.45 0 0
2960000 370717 373444 0 -527.303 0 0
2970000 373268 371148 0 -1904.59 0 0
2980000 371630 372623 0 -1109.34 0 0
2990000 371055 372601 0 -1466.63 0 0
3000000 372049 371635 0 -3907.98 0 0
3010000 371735 373069 0 -2735.05 0 0
3020000 371787 372971 0 -3384.8 0 0
3030000 372484 372851 0 -3660.23 0 0
3040000 372663 372827 0 -5100.44 0 0
3050000 371485 373520 0 -5893.41 0 0
3060000 372304 372838 0 -5597.71 0 0
3070000 371542 372639 0 -4665.44 0 0
3080000 373197 371118 0 -4485.33 0 0
3090000 371774 372094 0 -6578.35 0 0
3100000 372548 372598 0 -4423.17 0 0
3110000 373372 370214 0 -3737.1 0 0
3120000 373223 371319 0 -4614.19 0 0
3130000 372864 370759 0 -4979.56 0 0
3140000 374554 370309 0 -5385.54 0 0
3150000 373939 370984 0 -5407.9 0 0
3160000 374079 371358 0 -5722.48 0 0
3170000 373777 371536 0 -5204.2 0 0
3180000 372980 370238 0 -4893.31 0 0
3190000 374834 370120 0 -6627.55 0 0
3200000 374679 370232 0 -6576.91 0 0
3210000 374718 370664 0 -5699.52 0 0
3220000 374514 371086 0 -6320.98 0 0
3230000 373841 370985 0 -6634.52 0 0
3240000 373100 370322 0 -5819.35 0 0
3250000 372847 372251 0 -4930 0 0
3260000 372167 372422 0 -5726.01 0 0
3270000 372371 372046 0 -5280.11 0 0
3280000 372071 372490 0 -5374.47 0 0
3290000 372614 371782 0 -4394.4 0 0
3300000 373073 370670 0 -4785.55 0 0
3310000 374734 369740 0 -3764.69 0 0
3320000 374180 369841 0 -4755.69 0 0
3330000 372859 372091 0 -4130.14 0 0
3340000 372432 371595 0 -4412.25 0 0
3350000 372824 371261 0 -4911.77 0 0
3360000 374277 369970 0 -4658.06 0 0
3370000 373899 371306 0 -3584.26 0 0
3380000 373935 371955 0 -3592.01 0 0
3390000 374465 371050 0 -3625.12 0 0
3400000 374061 370274 0 -2773.22 0 0
3410000 373291 370457 0 -2263.46 0 0
3420000 373976 371463 0 -1213.25 0 0
3430000 372812 371457 0 -2546.91 0 0
3440000 373573 371693 0 -2565.39 0 0
3450000 372812 372536 0 -2335.77 0 0
3460000 372131 371617 0 -1345.91 0 0
3470000 372881 372992 0 896.983 0 0
3480000 372583 373274 0 34.3148 0 0
3490000 373288 373496 0 1219.43 0 0
3500000 373347 372147 0 -481.621 0 0
3510000 373899 371892 0 601.239 0 0
3520000 375060 370359 0 2159.73 0 0
3530000 372882 371273 0 165.037 0 0
3540000 374854 369552 0 2066.2 0 0
3550000 372273 370941 0 1422.18 0 0
3560000 374316 368861 0 1937.47 0 0
3570000 372953 371702 0 1895.44 0 0
3580000 374939 369582 0 2225.33 0 0
3590000 372333 371088 0 2900.63 0 0
3600000 375505 370960 0 2602.66 0 0
3610000 374067 369899 0 2481.99 0 0
3620000 375324 369428 0 3902.38 0 0
3630000 374680 371367 0 5081.06 0 0
3640000 374884 369265 0 4898.52 0 0
3650000 374632 369686 0 4844.77 0 0
3660000 374375 370094 0 4121.92 0 0
3670000 374287 370397 0 5167.6 0 0
3680000 373839 370180 0 3514.29 0 0
3690000 373571 371589 0 4849.55 0 0
3700000 375180 369809 0 3492.15 0 0
3710000 374376 370502 0 4412.56 0 0
3720000 373244 371361 0 2916.08 0 0
3730000 374533 370593 0 4799.34 0 0
3740000 373746 371860 0 4870.87 0 0
3750000 372981 371133 0 4420.28 0 0
3760000 371478 373064 0 4066.16 0 0
3770000 373234 373010 0 5771.51 0 0
3780000 374035 371490 0 4521.97 0 0
3790000 373214 371669 0 3095.75 0 0
3800000 373846 371408 0 1925.07 0 0
3810000 374801 370710 0 2747.71 0 0
3820000 374582 370975 0 1581.4 0 0
3830000 374736 369694 0 1248.16 0 0
3840000 373443 371111 0 1017.35 0 0
3850000 374233 370720 0 2770.02 0 0
3860000 373956 371363 0 1262.73 0 0
3870000 373481 371292 0 488.539 0 0
3880000 372859 371711 0 1795.58 0 0
3890000 374180 370596 0 529.469 0 0
3900000 371951 372714 0 1392.46 0 0
3910000 372806 371538 0 1446.74 0 0
3920000 374002 370898 0 2013.02 0 0
3930000 372486 373577 0 755.652 0 0
3940000 373866 371242 0 -183.4 0 0
3950000 372457 373514 0 -3018.77 0 0
3960000 373766 371435 0 -3146.51 0 0
3970000 373579 372442 0 -1927.07 0 0
3980000 375040 370716 0 -1316.25 0 0
3990000 373405 371766 0 -105.817 0 0
4000000 373209 371224 0 780.714 0 0
4010000 373714 371634 0 975.678 0 0
4020000 371883 372185 0 -3109.87 0 0
4030000 372140 372605 0 -1703.91 0 0
4040000 372639 372842 0 -3078.45 0 0
4050000 371875 373598 0 -2031.71 0 0
4060000 373032 373088 0 -3472.16 0 0
4070000 372200 372269 0 -3857.63 0 0
4080000 372920 374499 0 -2567.5 0 0
4090000 373721 372097 0 -4072.18 0 0
4100000 371511 373868 0 -5465.95 0 0
4110000 371664 374184 0 -5685.29 0 0
4120000 373395 370902 0 -6054.96 0 0
4130000 372465 373371 0 -6642.9 0 0
4140000 373740 373227 0 -6118.21 0 0
4150000 374020 371896 0 -6696.12 0 0
4160000 373594 371308 0 -3563.41 0 0
4170000 372972 372179 0 -4937.39 0 0
4180000 373431 371180 0 -5945.88 0 0
4190000 372371 372442 0 -4325.96 0 0
4200000 373560 372108 0 -4000.07 0 0
4210000 373374 372962 0 -5373.22 0 0
4220000 372368 371303 0 -5282.52 0 0
4230000 374524 371088 0 -4556.69 0 0
4240000 374421 371010 0 -4405.8 0 0
4250000 373529 371603 0 -4695.97 0 0
4260000 374014 370918 0 -5188.38 0 0
4270000 375111 370041 0 -3542.5 0 0
4280000 373002 371706 0 -3749.03 0 0
4290000 372313 372087 0 -3182.41 0 0
4300000 373008 371742 0 -4706.54 0 0
4310000 371668 372460 0 -3564.69 0 0
4320000 373619 372091 0 -2264.18 0 0
4330000 372637 372912 0 -2537.8 0 0
4340000 374514 371315 0 -3491.52 0 0
4350000 372798 373504 0 -490.714 0 0
4360000 373023 371156 0 -910.929 0 0
4370000 371329 372555 0 160.731 0 0
4380000 371310 373019 0 97.914 0 0
4390000 371560 373019 0 698.03 0 0
4400000 370673 374350 0 295.215 0 0
4410000 372839 372178 0 1966.46 0 0
4420000 372318 372511 0 1090.86 0 0
4430000 370825 372978 0 1776.24 0 0
4440000 373522 371599 0 2701.41 0 0
4450000 373142 372421 0 4816.47 0 0
4460000 373369 372160 0 3371.43 0 0
4470000 371950 373791 0 3017.24 0 0
4480000 371831 372250 0 4078.91 0 0
4490000 370822 373314 0 2791.4 0 0
4500000 372039 374076 0 4129.23 0 0
4510000 371516 374266 0 5576.05 0 0
4520000 371945 374600 0 5726.96 0 0
4530000 372833 372784 0 5409.98 0 0
4540000 371626 374726 0 5688.13 0 0
4550000 373185 372745 0 5857.3 0 0
4560000 372806 373237 0 7075.74 0 0
4570000 373172 373731 0 5980.84 0 0
4580000 373674 373665 0 7234.43 0 0
4590000 372683 373421 0 6819.45 0 0
4600000 372835 373953 0 5985.99 0 0
4610000 372362 373088 0 4771.16 0 0
4620000 373946 371205 0 4781.85 0 0
4630000 373917 371452 0 7534.39 0 0
4640000 373891 371580 0 5589.08 0 0
4650000 375100 372260 0 4092.11 0 0
4660000 372803 373105 0 4918.6 0 0
4670000 373380 372502 0 5880.19 0 0
4680000 374377 371706 0 6624.66 0 0
4690000 372585 373618 0 6205.04 0 0
4700000 372412 372573 0 4602.66 0 0
4710000 373422 373213 0 3889.65 0 0
4720000 371844 373765 0 3555.32 0 0
4730000 371205 374917 0 2795.93 0 0
4740000 370575 374110 0 2143.08 0 0
4750000 373995 372035 0 3174.92 0 0
4760000 371596 374021 0 2625.79 0 0
4770000 373938 371392 0 3190.94 0 0
4780000 372532 372765 0 3281.65 0 0
4790000 373827 372219 0 2965.42 0 0
4800000 373706 372373 0 4558.82 0 0
4810000 371889 373120 0 3035.12 0 0
4820000 372863 372222 0 3375.47 0 0
4830000 373280 372091 0 2943.69 0 0
4840000 373110 372452 0 2599.47 0 0
4850000 371688 372145 0 1891.38 0 0
4860000 371706 373062 0 1341.56 0 0
4870000 372006 373002 0 1305.1 0 0
4880000 373435 371153 0 305.324 0 0
4890000 372535 371492 0 -137.421 0 0
4900000 374709 370061 0 1241.18 0 0
4910000 371490 372017 0 1152.19 0 0
4920000 373160 370730 0 1118.87 0 0
4930000 373833 370843 0 -1425.79 0 0
4940000 372141 372236 0 -1004.57 0 0
4950000 373608 371246 0 -728.796 0 0
4960000 371752 372080 0 92.17 0 0
4970000 371068 372892 0 -1705.01 0 0
4980000 373671 372005 0 -765.8 0 0
4990000 372133 372546 0 -997.469 0 0
5000000 373052 372141 0 -1441.55 0 0
