# Time-averaged data for fix ps1
# TimeStep c_thermo_press[1] c_thermo_press[2] c_thermo_press[3] c_thermo_press[4] c_thermo_press[5] c_thermo_press[6]
10000 343369 340396 0 -1316.42 0 0
20000 344378 339810 0 -1726.79 0 0
30000 343606 340906 0 -2643.34 0 0
40000 344003 340044 0 -2771.31 0 0
50000 342974 341374 0 -2698.42 0 0
60000 343437 340590 0 -3816.09 0 0
70000 343906 340458 0 -4928.06 0 0
80000 343166 340413 0 -4041.18 0 0
90000 343913 340107 0 -4990.98 0 0
100000 343811 340328 0 -5904.35 0 0
110000 343975 340412 0 -6738.22 0 0
120000 343542 341067 0 -6370.27 0 0
130000 343886 340788 0 -6500.77 0 0
140000 343403 340268 0 -7302.92 0 0
150000 344097 340470 0 -8078.83 0 0
160000 343515 340294 0 -7684.14 0 0
170000 343430 340287 0 -8064.69 0 0
180000 343541 340436 0 -8157.77 0 0
190000 343757 340835 0 -8468.86 0 0
200000 343862 340570 0 -8564.48 0 0
210000 344059 340811 0 -8696.95 0 0
220000 343826 341009 0 -9607.5 0 0
230000 344391 341666 0 -9186.34 0 0
240000 343398 341167 0 -8602.64 0 0
250000 344325 340751 0 -9583.69 0 0
260000 343920 340482 0 -8550.34 0 0
270000 343527 340950 0 -8577.82 0 0
280000 344226 340038 0 -8689.34 0 0
290000 343188 340762 0 -8713.67 0 0
300000 344233 340425 0 -8736.21 0 0
310000 343954 339878 0 -8392.43 0 0
320000 344431 339555 0 -8091.58 0 0
330000 344625 340390 0 -8376.43 0 0
340000 343857 340527 0 -7461.65 0 0
350000 343567 340852 0 -7566.59 0 0
360000 343406 340581 0 -7018.8 0 0
370000 343643 340705 0 -6490.97 0 0
380000 343501 340324 0 -6492.94 0 0
390000 342924 341376 0 -5131.71 0 0
400000 343918 340016 0 -5996.05 0 0
410000 343066 340504 0 -5359.78 0 0
420000 343356 340858 0 -4184.75 0 0
430000 344098 340432 0 -4855.95 0 0
440000 343744 340270 0 -3385.46 0 0
450000 343516 341421 0 -3037.79 0 0
460000 343889 340202 0 -2392.49 0 0
470000 343730 340628 0 -2788.38 0 0
480000 343443 340903 0 -1243.03 0 0
490000 343805 339793 0 -1552.44 0 0
500000 343267 339578 0 -587.791 0 0
510000 342822 340721 0 274.787 0 0
520000 344424 339275 0 668.526 0 0
530000 342711 340653 0 1118.24 0 0
540000 343354 340278 0 1748.3 0 0
550000 342900 339871 0 2115.75 0 0
560000 343314 339701 0 3161.43 0 0
570000 343466 340546 0 3317.99 0 0
580000 344050 339704 0 4223.72 0 0
590000 343183 340013 0 3568.09 0 0
600000 343356 340731 0 3967.97 0 0
610000 343848 340808 0 4950.34 0 0
620000 343367 339347 0 4865.37 0 0
630000 344214 339880 0 4945.65 0 0
640000 343500 340202 0 5658.19 0 0
650000 344037 340690 0 6552.43 0 0
660000 343345 340744 0 5723.92 0 0
670000 343726 340147 0 7624.64 0 0
680000 343679 339882 0 7232.29 0 0
690000 343954 340607 0 7138.36 0 0
700000 343450 340271 0 7121.09 0 0
710000 344021 340548 0 7858.1 0 0
720000 344472 339622 0 8136.88 0 0
730000 344369 340056 0 7877.03 0 0
740000 343958 339814 0 7762.77 0 0
750000 344412 339695 0 8010.38 0 0
760000 344323 339558 0 8116.34 0 0
770000 344637 339339 0 8214.14 0 0
780000 343550 340296 0 7298.85 0 0
790000 343710 340225 0 7998.38 0 0
800000 344080 340694 0 7869.77 0 0
810000 343294 340611 0 7295.51 0 0
820000 343097 340609 0 5883.86 0 0
830000 344481 339603 0 6790.79 0 0
840000 343209 339922 0 6414.85 0 0
850000 343138 340207 0 5589.41 0 0
860000 343201 340270 0 5862.02 0 0
870000 343972 340348 0 5372.94 0 0
880000 343798 339929 0 5785.71 0 0
890000 343440 339943 0 4541.13 0 0
900000 344375 339721 0 4344.05 0 0
910000 343770 340139 0 3627.74 0 0
920000 343384 340354 0 4231.23 0 0
930000 344068 339728 0 3180.69 0 0
940000 343615 340903 0 2167.93 0 0
950000 343358 339783 0 2081.25 0 0
960000 343686 339879 0 1490.88 0 0
970000 343769 340555 0 961.095 0 0
980000 343559 340619 0 1421.3 0 0
990000 343559 340382 0 31.6988 0 0
1000000 343742 339851 0 54.2489 0 0
1010000 343289 340393 0 -1091.62 0 0
1020000 343562 340309 0 -1177.93 0 0
1030000 342898 340716 0 -2757.55 0 0
1040000 343866 339986 0 -3238.39 0 0
1050000 343734 340825 0 -3027.04 0 0
1060000 343466 341069 0 -3212.93 0 0
1070000 343830 340335 0 -4716.1 0 0
1080000 343447 340777 0 -4804.64 0 0
1090000 343983 340204 0 -5288.57 0 0
1100000 343446 339837 0 -5591.09 0 0
1110000 344602 339797 0 -5808.55 0 0
1120000 343710 340293 0 -7141.85 0 0
1130000 344061 339848 0 -6574.09 0 0
1140000 344069 340758 0 -7077.39 0 0
1150000 343577 340040 0 -7194.37 0 0
1160000 344147 340813 0 -7867.37 0 0
1170000 343156 341089 0 -8019.19 0 0
1180000 343798 341018 0 -8392.46 0 0
1190000 342968 340887 0 -8797.02 0 0
1200000 343405 340675 0 -8473.32 0 0
1210000 343441 340754 0 -9117.86 0 0
1220000 344354 340472 0 -9005.07 0 0
1230000 343837 340901 0 -9273.01 0 0
1240000 344704 340178 0 -9076.85 0 0
1250000 343140 340712 0 -9074.62 0 0
1260000 342790 341111 0 -9646.12 0 0
1270000 343637 341291 0 -8482.47 0 0
1280000 343965 340076 0 -9234.15 0 0
1290000 343927 341356 0 -8215.49 0 0
1300000 343797 340758 0 -8497.38 0 0
1310000 343062 340690 0 -8384.26 0 0
1320000 343591 340581 0 -8137.59 0 0
1330000 344002 340581 0 -8198.9 0 0
1340000 343771 340546 0 -7620.74 0 0
1350000 343972 339940 0 -7380.09 0 0
1360000 343964 340901 0 -7579.41 0 0
1370000 343807 340798 0 -5991.74 0 0
1380000 343653 340502 0 -6128.95 0 0
1390000 343509 339943 0 -6406.43 0 0
1400000 344134 340409 0 -5893.24 0 0
1410000 344010 340776 0 -5601.86 0 0
1420000 344112 339755 0 -5183.56 0 0
1430000 343115 340853 0 -4151.2 0 0
1440000 343959 340815 0 -3206.42 0 0
1450000 343863 340093 0 -3293.19 0 0
1460000 343380 340851 0 -2497.03 0 0
1470000 343426 339840 0 -3029.71 0 0
1480000 343918 339977 0 -1430.21 0 0
1490000 344534 339840 0 -426.511 0 0
1500000 343528 339595 0 -9.51801 0 0
1510000 343688 340495 0 711.205 0 0
1520000 343655 340448 0 582.796 0 0
1530000 344330 340432 0 -167.853 0 0
1540000 344070 340026 0 1358 0 0
1550000 343332 340737 0 1337.44 0 0
1560000 344381 340005 0 2957.35 0 0
1570000 343998 339783 0 3112.36 0 0
1580000 344016 340288 0 3050.17 0 0
1590000 343631 340313 0 4631.68 0 0
1600000 343289 340499 0 4706.95 0 0
1610000 343756 339641 0 4816.56 0 0
1620000 343584 340438 0 5943.23 0 0
1630000 344170 339856 0 5878.74 0 0
1640000 342808 340754 0 6041.45 0 0
1650000 343422 340617 0 6158.8 0 0
1660000 344582 340231 0 6151.03 0 0
1670000 343948 339932 0 7698.36 0 0
1680000 343339 340127 0 8086.69 0 0
1690000 344380 339740 0 7547.82 0 0
1700000 343569 339851 0 8290.58 0 0
1710000 344273 340284 0 7703.49 0 0
1720000 343656 340100 0 7632.29 0 0
1730000 343246 340826 0 8438.84 0 0
1740000 343679 340613 0 7160.7 0 0
1750000 342831 340780 0 7979.03 0 0
1760000 343564 339961 0 8406.52 0 0
1770000 343866 340063 0 8108.93 0 0
1780000 343787 340361 0 7808.37 0 0
1790000 343833 339872 0 8881.81 0 0
1800000 344398 339521 0 7337.29 0 0
1810000 343956 339175 0 7641.74 0 0
1820000 343447 339958 0 7950.66 0 0
1830000 344614 339683 0 6488.83 0 0
1840000 343712 339777 0 7020.48 0 0
1850000 343727 340369 0 6612.29 0 0
1860000 344060 340182 0 5864.22 0 0
1870000 343253 341000 0 5205.13 0 0
1880000 343127 340456 0 4915.6 0 0
1890000 343522 339692 0 5024.86 0 0
1900000 344585 339066 0 4899.9 0 0
1910000 343559 339970 0 4525.33 0 0
1920000 343884 339762 0 4020.39 0 0
1930000 343171 339990 0 2674.8 0 0
1940000 343664 340549 0 2195.47 0 0
1950000 342929 340668 0 2520.81 0 0
1960000 343932 339592 0 1735.54 0 0
1970000 344136 340131 0 1388.34 0 0
1980000 343457 340031 0 355.087 0 0
1990000 343292 341176 0 110.393 0 0
2000000 343132 341275 0 -614.511 0 0
2010000 344120 340302 0 -918.312 0 0
2020000 343944 340543 0 -526.811 0 0
2030000 343131 340325 0 -1303.09 0 0
2040000 343695 340270 0 -2890.38 0 0
2050000 343718 340195 0 -2467.9 0 0
2060000 342918 340731 0 -3412.8 0 0
2070000 344225 340709 0 -3689.55 0 0
2080000 343213 340793 0 -4753.76 0 0
2090000 343833 340492 0 -4803.65 0 0
2100000 344027 340480 0 -5752.85 0 0
2110000 343396 341065 0 -5827.96 0 0
2120000 344013 339809 0 -6787.68 0 0
2130000 343919 340383 0 -6952 0 0
2140000 343340 340962 0 -7391.61 0 0
2150000 343320 340101 0 -7899.7 0 0
2160000 343196 341915 0 -7786.67 0 0
2170000 344063 341167 0 -8133.74 0 0
2180000 343220 340736 0 -7694.79 0 0
2190000 344006 340920 0 -7352.33 0 0
2200000 343546 340936 0 -8396.36 0 0
2210000 343568 340634 0 -9137.05 0 0
2220000 343577 341118 0 -9786.64 0 0
2230000 344044 340235 0 -8999.69 0 0
2240000 344020 340987 0 -8675.92 0 0
2250000 344264 340040 0 -8473.01 0 0
2260000 343815 340853 0 -9332.78 0 0
2270000 344172 340454 0 -8557.62 0 0
2280000 343457 341215 0 -8713.31 0 0
2290000 343994 340458 0 -8637.06 0 0
2300000 344143 340240 0 -7910.45 0 0
2310000 343709 340270 0 -8801.66 0 0
2320000 344296 340385 0 -8204.91 0 0
2330000 343953 340299 0 -8387.84 0 0
2340000 343812 340257 0 -7835.5 0 0
2350000 343997 340108 0 -7671.89 0 0
2360000 343808 339550 0 -6842.19 0 0
2370000 344092 340579 0 -7003.48 0 0
2380000 344236 340332 0 -6846.92 0 0
2390000 343690 339927 0 -5765.46 0 0
2400000 344034 339407 0 -5827.1 0 0
2410000 343896 339646 0 -5266.86 0 0
2420000 342777 341287 0 -4138.19 0 0
2430000 343752 340058 0 -4131.8 0 0
2440000 343672 339997 0 -3487.76 0 0
2450000 343572 340543 0 -3048 0 0
2460000 344287 339652 0 -2896.43 0 0
2470000 343671 340283 0 -2041.94 0 0
2480000 344379 339746 0 -1654.68 0 0
2490000 343447 340854 0 -886.085 0 0
2500000 344091 340041 0 -214.9 0 0
2510000 343957 340175 0 -305.904 0 0
2520000 343585 340547 0 457.051 0 0
2530000 344630 340376 0 1130.06 0 0
2540000 343729 340493 0 1617.68 0 0
2550000 343455 340288 0 2084.36 0 0
2560000 343598 340278 0 1491.84 0 0
2570000 342725 340810 0 3134.89 0 0
2580000 344030 340457 0 3942.95 0 0
2590000 344237 340338 0 3813.68 0 0
2600000 343554 340863 0 5541.96 0 0
2610000 343626 339973 0 4977.27 0 0
2620000 343356 340472 0 5635.4 0 0
2630000 343559 340279 0 6043.06 0 0
2640000 343816 339947 0 6385.24 0 0
2650000 343905 339632 0 7063.08 0 0
2660000 344515 340328 0 6401.69 0 0
2670000 344240 340218 0 6240.6 0 0
2680000 343655 340401 0 7645.21 0 0
2690000 344229 339440 0 6962.09 0 0
2700000 343935 340013 0 7663.85 0 0
2710000 343476 339803 0 7259.4 0 0
2720000 343723 340382 0 7617.48 0 0
2730000 343683 339899 0 8798.82 0 0
2740000 343769 339678 0 7988.55 0 0
2750000 344076 339511 0 7965.96 0 0
2760000 343942 340160 0 8357.76 0 0
2770000 343069 340766 0 8381.75 0 0
2780000 344151 340402 0 7765.92 0 0
2790000 343101 340350 0 8358.55 0 0
2800000 342988 340528 0 7687.01 0 0
2810000 343472 340468 0 7458.62 0 0
2820000 343553 340176 0 7151.79 0 0
2830000 342825 340591 0 7286.08 0 0
2840000 344293 340437 0 7121.26 0 0
2850000 343149 340617 0 6569.28 0 0
2860000 343820 340126 0 7057.23 0 0
2870000 344079 339972 0 6021.51 0 0
2880000 343912 340089 0 5699.04 0 0
2890000 344809 339850 0 5041.73 0 0
2900000 344219 339904 0 5698.44 0 0
2910000 343637 340443 0 4087.24 0 0
2920000 343563 340310 0 3501.57 0 0
2930000 343763 339481 0 2761.12 0 0
2940000 344218 340173 0 3070.1 0 0
2950000 343138 340428 0 3645.3 0 0
2960000 343692 339664 0 2531.73 0 0
2970000 342947 340735 0 1878.98 0 0
2980000 343552 340500 0 1050.76 0 0
2990000 344279 339568 0 -69.047 0 0
3000000 343632 339898 0 156.35 0 0
3010000 342830 340189 0 -105.211 0 0
3020000 343455 339862 0 -1086.74 0 0
3030000 343827 340309 0 -1545.73 0 0
3040000 343558 339959 0 -2186.09 0 0
3050000 344148 339859 0 -2930.59 0 0
3060000 343575 340049 0 -3301.53 0 0
3070000 343958 340070 0 -3617 0 0
3080000 343258 340279 0 -4699.31 0 0
3090000 343074 340164 0 -4860.48 0 0
3100000 343558 340664 0 -5156.31 0 0
3110000 343940 340701 0 -4814.45 0 0
3120000 343922 340573 0 -5485.42 0 0
3130000 343366 340552 0 -6089.22 0 0
3140000 343956 340594 0 -7410.11 0 0
3150000 344252 341065 0 -7260.07 0 0
3160000 343675 340460 0 -6694.46 0 0
3170000 343498 340317 0 -7092.03 0 0
3180000 343382 340671 0 -7892.77 0 0
3190000 343370 340688 0 -8319.85 0 0
3200000 343834 341091 0 -7685.28 0 0
3210000 343721 340670 0 -8015.22 0 0
3220000 343967 341243 0 -8613.89 0 0
3230000 343500 340955 0 -8525.34 0 0
3240000 343484 340769 0 -8961.02 0 0
3250000 343863 340050 0 -8659.62 0 0
3260000 344040 340767 0 -8827.92 0 0
3270000 343855 340647 0 -8087.23 0 0
3280000 343191 340778 0 -8424.99 0 0
3290000 343087 341299 0 -9022.73 0 0
3300000 343544 340602 0 -7744.82 0 0
3310000 343580 340780 0 -7908.41 0 0
3320000 343872 340722 0 -7692.3 0 0
3330000 343206 340489 0 -7769.28 0 0
3340000 343623 340443 0 -7655.46 0 0
3350000 343181 341236 0 -6980.5 0 0
3360000 344211 340005 0 -6810.25 0 0
3370000 344119 340560 0 -5882.02 0 0
3380000 343242 340164 0 -5982.54 0 0
3390000 343228 340485 0 -6204.85 0 0
3400000 343438 340182 0 -5799.93 0 0
3410000 343842 340046 0 -4622.14 0 0
3420000 344128 339229 0 -4836.45 0 0
3430000 343717 340560 0 -3955.81 0 0
3440000 342921 340588 0 -2964.25 0 0
3450000 343041 340812 0 -3260.17 0 0
3460000 342822 340855 0 -2263.21 0 0
3470000 343436 340573 0 -1827.26 0 0
3480000 343118 340885 0 -1128.46 0 0
3490000 344096 340359 0 -1043.63 0 0
3500000 343059 340243 0 -730.01 0 0
3510000 343529 339551 0 536.768 0 0
3520000 344520 339625 0 1163.09 0 0
3530000 343462 340568 0 1326.33 0 0
3540000 343534 340107 0 2652.19 0 0
3550000 343343 340145 0 3178.15 0 0
3560000 343397 340620 0 2931.59 0 0
3570000 343585 340074 0 2871.3 0 0
3580000 344295 340417 0 4241.91 0 0
3590000 343427 340546 0 4856.51 0 0
3600000 343739 339742 0 4516.64 0 0
3610000 344166 339883 0 5294.7 0 0
3620000 342786 340993 0 6389.45 0 0
3630000 343538 340101 0 5558.28 0 0
3640000 343886 339427 0 6391.63 0 0
3650000 343812 339675 0 7514 0 0
3660000 342639 340445 0 7607.51 0 0
3670000 343995 339751 0 7168.05 0 0
3680000 343375 340383 0 7506.52 0 0
3690000 343261 340094 0 7621.79 0 0
3700000 343623 340201 0 7688.45 0 0
3710000 343277 340942 0 7652.84 0 0
3720000 343400 339860 0 8722.91 0 0
3730000 343223 340692 0 9200.18 0 0
3740000 343514 339891 0 8468.44 0 0
3750000 342554 340279 0 8194.31 0 0
3760000 342921 340965 0 8599.15 0 0
3770000 342433 340831 0 8442.23 0 0
3780000 343145 340796 0 8043.56 0 0
3790000 342943 340818 0 7890.25 0 0
3800000 343087 340555 0 6996.6 0 0
3810000 342406 341499 0 6731.61 0 0
3820000 342851 341831 0 7089.6 0 0
3830000 343283 340069 0 7481.16 0 0
3840000 343364 340442 0 6373.12 0 0
3850000 343205 340588 0 5409.25 0 0
3860000 343302 339526 0 6070.54 0 0
3870000 342547 341425 0 5007.29 0 0
3880000 343285 340650 0 5140.51 0 0
3890000 342897 340794 0 4715.76 0 0
3900000 342728 340395 0 3305.75 0 0
3910000 343358 340744 0 3520.9 0 0
3920000 343353 340267 0 2904.64 0 0
3930000 342883 341145 0 2115.72 0 0
3940000 343064 340667 0 2186.2 0 0
3950000 342255 340346 0 2003.22 0 0
3960000 343266 340762 0 1125.98 0 0
3970000 344366 340091 0 416.09 0 0
3980000 342853 340111 0 882.135 0 0
3990000 343157 340289 0 -143.43 0 0
4000000 343116 340718 0 -64.0968 0 0
4010000 342368 340678 0 -1781.73 0 0
4020000 343357 340751 0 -2153.52 0 0
4030000 343466 340479 0 -2500.45 0 0
4040000 342833 340776 0 -2511.83 0 0
4050000 342919 341596 0 -2950.88 0 0
4060000 343252 340720 0 -4187.3 0 0
4070000 342104 340715 0 -4195.9 0 0
4080000 342510 341749 0 -5303.19 0 0
4090000 343650 340555 0 -5327.14 0 0
4100000 342531 341262 0 -5513.55 0 0
4110000 342568 341239 0 -6318.71 0 0
4120000 343114 340425 0 -6526.08 0 0
4130000 342259 341564 0 -5956.08 0 0
4140000 342904 341528 0 -6805.73 0 0
4150000 343861 340888 0 -7182.85 0 0
4160000 342064 341795 0 -7351.06 0 0
4170000 342551 341208 0 -8031.55 0 0
4180000 342937 341966 0 -7862.95 0 0
4190000 342619 341491 0 -8636.46 0 0
4200000 342135 341684 0 -8101.67 0 0
4210000 343310 340818 0 -7395.43 0 0
4220000 343652 340628 0 -8791.06 0 0
4230000 343149 340718 0 -9596.39 0 0
4240000 343235 340995 0 -9070.61 0 0
4250000 343820 340029 0 -8817.66 0 0
4260000 343767 340831 0 -8423.56 0 0
4270000 343030 341269 0 -8012.7 0 0
4280000 343345 340328 0 -7782.16 0 0
4290000 343850 341334 0 -8372.05 0 0
4300000 343592 340554 0 -8344.98 0 0
4310000 342438 341254 0 -8278.27 0 0
4320000 342807 340994 0 -7628.22 0 0
4330000 343447 341053 0 -7839 0 0
4340000 343181 341049 0 -7481.93 0 0
4350000 342241 341628 0 -7742.52 0 0
4360000 342885 341656 0 -7373.76 0 0
4370000 342074 341147 0 -7125.44 0 0
4380000 342382 341081 0 -5913.56 0 0
4390000 342804 341167 0 -5382.34 0 0
4400000 342434 341297 0 -5632.51 0 0
4410000 342224 341710 0 -4928.1 0 0
4420000 342102 341801 0 -4511.81 0 0
4430000 343318 340799 0 -3894.23 0 0
4440000 342420 341390 0 -3516.21 0 0
4450000 343720 339979 0 -3533.57 0 0
4460000 343586 340614 0 -3048.34 0 0
4470000 342778 340988 0 -2926.77 0 0
4480000 342871 340706 0 -1562.87 0 0
4490000 342506 340807 0 -1938.76 0 0
4500000 343531 340470 0 -512.799 0 0
4510000 343308 340139 0 258.529 0 0
4520000 342513 341003 0 190.626 0 0
4530000 343229 339789 0 320.782 0 0
4540000 342653 340978 0 1191.25 0 0
4550000 342860 340236 0 1780.04 0 0
4560000 343078 340134 0 2508.28 0 0
4570000 342940 340909 0 2475.34 0 0
4580000 343072 339928 0 3088.01 0 0
4590000 341889 340689 0 3563.6 0 0
4600000 342624 340198 0 3921.62 0 0
4610000 343072 340841 0 4560.76 0 0
4620000 342731 340340 0 4991.83 0 0
4630000 343529 340394 0 5007.56 0 0
4640000 343281 339993 0 5938.08 0 0
4650000 342930 340628 0 6512.41 0 0
4660000 343136 340860 0 6497.82 0 0
4670000 342473 340820 0 6210.47 0 0
4680000 342639 340905 0 6372.81 0 0
4690000 342393 340317 0 6600.68 0 0
4700000 343565 339786 0 6758.79 0 0
4710000 343645 340209 0 6934.53 0 0
4720000 343278 340169 0 7591.25 0 0
4730000 343770 340338 0 6517.6 0 0
4740000 342830 340799 0 6886.92 0 0
4750000 343309 339592 0 7297.99 0 0
4760000 342251 340827 0 6549.6 0 0
4770000 343906 340388 0 7362.53 0 0
4780000 342996 340868 0 6687.8 0 0
4790000 343251 340172 0 7065.17 0 0
4800000 343483 340597 0 5532.19 0 0
4810000 342805 341013 0 6835.67 0 0
4820000 343173 340361 0 6189.82 0 0
4830000 342583 340805 0 5775.37 0 0
4840000 342901 340802 0 5796.59 0 0
4850000 342827 340894 0 5183.41 0 0
4860000 343340 340638 0 5003.66 0 0
4870000 343242 340546 0 4636.11 0 0
4880000 343449 340663 0 4749.21 0 0
4890000 343349 340059 0 3981.94 0 0
4900000 342535 341010 0 3368.21 0 0
4910000 343246 340475 0 2439.55 0 0
4920000 342744 340976 0 2661.29 0 0
4930000 342851 340685 0 2061.02 0 0
4940000 343095 340292 0 1964.23 0 0
4950000 343423 340380 0 1283.19 0 0
4960000 344495 339652 0 1875.88 0 0
4970000 343987 339842 0 1298.81 0 0
4980000 343680 340583 0 -36.1283 0 0
4990000 343752 340364 0 -843.232 0 0
5000000 344872 339191 0 -568.455 0 0
