# Time-averaged data for fix ps1
# TimeStep c_thermo_press[1] c_thermo_press[2] c_thermo_press[3] c_thermo_press[4] c_thermo_press[5] c_thermo_press[6]
10000 370699 366081 0 -1106.02 0 0
20000 368388 368434 0 -1800.87 0 0
30000 370038 365460 0 -874.491 0 0
40000 369239 366194 0 -2361.49 0 0
50000 369024 367272 0 -1745.95 0 0
60000 370254 366133 0 -3464.83 0 0
70000 370826 365998 0 -2424.27 0 0
80000 370160 366530 0 -3704.13 0 0
90000 370692 365667 0 -4716.79 0 0
100000 370573 365951 0 -4242.51 0 0
110000 370679 366187 0 -5395.79 0 0
120000 372076 364913 0 -5948.36 0 0
130000 369464 366425 0 -5785.87 0 0
140000 370785 365922 0 -5847.9 0 0
150000 369585 366184 0 -6496.9 0 0
160000 370035 366386 0 -6844.05 0 0
170000 370369 366240 0 -6092.01 0 0
180000 369407 366779 0 -6383.51 0 0
190000 370134 366291 0 -6375.14 0 0
200000 369802 365842 0 -6865.28 0 0
210000 370397 366209 0 -7318.84 0 0
220000 369249 367116 0 -7320.02 0 0
230000 369536 366827 0 -6594.23 0 0
240000 371131 365176 0 -6683.46 0 0
250000 369048 367073 0 -7884.54 0 0
260000 370979 365723 0 -7629.06 0 0
270000 369981 365431 0 -7396.99 0 0
280000 370327 366363 0 -6538.63 0 0
290000 370680 365864 0 -7397.03 0 0
300000 369881 366501 0 -7737.39 0 0
310000 369702 366633 0 -6560.3 0 0
320000 369677 367522 0 -6165.45 0 0
330000 370952 365607 0 -5144.91 0 0
340000 368818 366521 0 -5622.8 0 0
350000 368750 366624 0 -4744.35 0 0
360000 368282 367707 0 -4300.44 0 0
370000 369543 365910 0 -4429.29 0 0
380000 369079 367110 0 -4332.82 0 0
390000 367772 367991 0 -4287.61 0 0
400000 368734 367053 0 -3368.17 0 0
410000 369362 366856 0 -2463.12 0 0
420000 369991 366820 0 -3850.18 0 0
430000 370132 366675 0 -2663.48 0 0
440000 370172 365021 0 -2435.93 0 0
450000 369484 367373 0 -1229.72 0 0
460000 369045 367271 0 -369.616 0 0
470000 368487 367653 0 -545.299 0 0
480000 368576 367803 0 762.471 0 0
490000 367866 367631 0 793.363 0 0
500000 369206 366980 0 1321.45 0 0
510000 369429 366658 0 1112.18 0 0
520000 368668 366741 0 1553.32 0 0
530000 367806 367573 0 2279.01 0 0
540000 368470 367883 0 2868.68 0 0
550000 369611 367374 0 2484.48 0 0
560000 369164 367166 0 2502.33 0 0
570000 369565 365721 0 2790.74 0 0
580000 369475 367432 0 3291.23 0 0
590000 368611 366493 0 3923.71 0 0
600000 369315 366783 0 5664.51 0 0
610000 368585 367574 0 3795.57 0 0
620000 368753 368136 0 3927.4 0 0
630000 369141 367091 0 4548.7 0 0
640000 369738 366446 0 5662.88 0 0
650000 368650 367060 0 5809.29 0 0
660000 369059 367836 0 5733.01 0 0
670000 368165 368077 0 6452.65 0 0
680000 369276 367463 0 5586.1 0 0
690000 369259 367063 0 6047.67 0 0
700000 368930 367982 0 5428.63 0 0
710000 369136 367999 0 6537.35 0 0
720000 368786 367053 0 6210.35 0 0
730000 369412 367802 0 4789.27 0 0
740000 369652 367076 0 6570.99 0 0
750000 369659 367613 0 5027.3 0 0
760000 368561 368333 0 6790.44 0 0
770000 370608 366271 0 6109.12 0 0
780000 370124 366256 0 6423.09 0 0
790000 370317 366580 0 6392.13 0 0
800000 370642 365845 0 5969.88 0 0
810000 369839 367260 0 5292.82 0 0
820000 368280 368198 0 4174.78 0 0
830000 369322 368471 0 4803.61 0 0
840000 370033 367319 0 4437.79 0 0
850000 370450 367072 0 5191.26 0 0
860000 369592 366863 0 4359.75 0 0
870000 370008 365651 0 3165.19 0 0
880000 368383 367337 0 4556.7 0 0
890000 370473 365157 0 4814.84 0 0
900000 369241 366733 0 4238.35 0 0
910000 368550 367054 0 2428.23 0 0
920000 369716 366308 0 3273.01 0 0
930000 368816 366302 0 3004.73 0 0
940000 369471 366472 0 2216.53 0 0
950000 368619 366894 0 682.086 0 0
960000 370022 366464 0 1560.66 0 0
970000 369708 366607 0 796.527 0 0
980000 369630 366222 0 -168.146 0 0
990000 369599 365835 0 -777.457 0 0
1000000 370629 365739 0 -1153.64 0 0
1010000 369539 366695 0 -1705.04 0 0
1020000 369637 367020 0 -2355.98 0 0
1030000 369733 367191 0 -2328.02 0 0
1040000 369907 366211 0 -2579.37 0 0
1050000 370418 366222 0 -3375.59 0 0
1060000 369892 366244 0 -3146.14 0 0
1070000 369983 366657 0 -3576.03 0 0
1080000 370413 365578 0 -4746.23 0 0
1090000 370861 365498 0 -4046.87 0 0
1100000 369989 365985 0 -5783.19 0 0
1110000 370877 365203 0 -5205.15 0 0
1120000 369728 366251 0 -5310.06 0 0
1130000 369193 367996 0 -7066.37 0 0
1140000 368847 366188 0 -6754.44 0 0
1150000 370093 366614 0 -6607.59 0 0
1160000 369557 367938 0 -7577.45 0 0
1170000 369658 367198 0 -7234.23 0 0
1180000 369703 366012 0 -6835.45 0 0
1190000 369805 368128 0 -6060.02 0 0
1200000 369884 366238 0 -6582.87 0 0
1210000 369447 366836 0 -6438.63 0 0
1220000 369567 367017 0 -5773.67 0 0
1230000 369903 367032 0 -6387.3 0 0
1240000 370912 365728 0 -6414.76 0 0
1250000 370635 366907 0 -7974.61 0 0
1260000 369181 367770 0 -7012.14 0 0
1270000 368973 367673 0 -5928.81 0 0
1280000 368687 367644 0 -7250.43 0 0
1290000 368890 367889 0 -6129.74 0 0
1300000 369894 367656 0 -6705.15 0 0
1310000 370369 366433 0 -6349.19 0 0
1320000 369166 367892 0 -5918.34 0 0
1330000 368674 368680 0 -5732.66 0 0
1340000 368930 367589 0 -5285.13 0 0
1350000 368507 367580 0 -5258.02 0 0
1360000 369239 366921 0 -5585.99 0 0
1370000 369633 366420 0 -4624.81 0 0
1380000 370090 366894 0 -4661.03 0 0
1390000 367857 367948 0 -4793.18 0 0
1400000 369258 367406 0 -4532.55 0 0
1410000 368645 366946 0 -3097.55 0 0
1420000 369173 366990 0 -1382.88 0 0
1430000 370026 366480 0 -1854.86 0 0
1440000 369903 366790 0 -1038.52 0 0
1450000 370200 366634 0 -1480.98 0 0
1460000 370567 366855 0 794.359 0 0
1470000 369931 367115 0 -544.456 0 0
1480000 369490 367455 0 427.081 0 0
1490000 369462 367321 0 487.949 0 0
1500000 369831 366515 0 1734.21 0 0
1510000 371162 366839 0 937.711 0 0
1520000 370498 366039 0 1423.37 0 0
1530000 370173 366443 0 2143.68 0 0
1540000 369460 367006 0 3230.73 0 0
1550000 369327 367288 0 3471.59 0 0
1560000 370350 368143 0 2550.45 0 0
1570000 369614 366930 0 3642.77 0 0
1580000 371349 365738 0 4341.89 0 0
1590000 370933 366447 0 4835.77 0 0
1600000 371159 365449 0 3912.16 0 0
1610000 370909 365961 0 4739.05 0 0
1620000 370432 366371 0 5903.67 0 0
1630000 371946 365945 0 5653.92 0 0
1640000 369421 367106 0 5453.23 0 0
1650000 369805 367647 0 5915.84 0 0
1660000 369914 366520 0 4993.43 0 0
1670000 370446 366174 0 6067.46 0 0
1680000 370226 367607 0 6041.52 0 0
1690000 369385 367810 0 7058.71 0 0
1700000 371050 365942 0 7299.17 0 0
1710000 371090 366311 0 7418.24 0 0
1720000 369884 366558 0 5128.03 0 0
1730000 369248 366999 0 7151.97 0 0
1740000 369837 367771 0 6846.55 0 0
1750000 370047 365531 0 5900.59 0 0
1760000 370803 366327 0 6214.9 0 0
1770000 370434 365599 0 5697.11 0 0
1780000 369810 367869 0 6394.15 0 0
1790000 371210 365507 0 5831.54 0 0
1800000 370086 366955 0 6390.17 0 0
1810000 369690 365583 0 4824.77 0 0
1820000 370657 365390 0 5741.07 0 0
1830000 368764 367819 0 6726.97 0 0
1840000 369316 366970 0 5589 0 0
1850000 370557 367355 0 5731.68 0 0
1860000 369782 366495 0 4866.68 0 0
1870000 369810 366843 0 3983.57 0 0
1880000 370251 366226 0 4189.13 0 0
1890000 369543 367327 0 3372.45 0 0
1900000 368145 367003 0 3622.06 0 0
1910000 369903 366261 0 2977.18 0 0
1920000 370007 366493 0 1972.64 0 0
1930000 370660 366376 0 2221.41 0 0
1940000 368902 366959 0 1263.48 0 0
1950000 368348 369342 0 567.647 0 0
1960000 369364 368428 0 -867.169 0 0
1970000 369538 366696 0 -160.897 0 0
1980000 369074 367063 0 76.6032 0 0
1990000 368437 367228 0 -1969.07 0 0
2000000 369643 366906 0 -1270.57 0 0
2010000 369099 367224 0 -733.411 0 0
2020000 368176 367083 0 -2803.21 0 0
2030000 369794 366939 0 -2929.16 0 0
2040000 368244 367400 0 -3637.01 0 0
2050000 368556 367967 0 -3827.03 0 0
2060000 368189 367482 0 -4033.58 0 0
2070000 369717 365222 0 -5318.42 0 0
2080000 367830 367847 0 -5116.54 0 0
2090000 368987 366570 0 -6051.68 0 0
2100000 368493 368101 0 -5021.71 0 0
2110000 368326 367200 0 -6997.54 0 0
2120000 369022 367391 0 -6499.97 0 0
2130000 368504 367088 0 -6530.08 0 0
2140000 369094 368459 0 -6968.43 0 0
2150000 367897 368323 0 -8117.93 0 0
2160000 369027 366774 0 -8190.4 0 0
2170000 369156 367144 0 -7724.53 0 0
2180000 368825 367254 0 -8487.76 0 0
2190000 369779 367166 0 -6193.26 0 0
2200000 370660 366663 0 -6481 0 0
2210000 370250 366199 0 -7373.64 0 0
2220000 370895 366474 0 -8388.3 0 0
2230000 370283 366328 0 -8592.27 0 0
2240000 370783 366528 0 -8596.04 0 0
2250000 370103 367073 0 -8637.69 0 0
2260000 369271 367346 0 -8994.24 0 0
2270000 369717 366772 0 -8984.02 0 0
2280000 369800 367370 0 -9161.7 0 0
2290000 368785 367689 0 -7669.87 0 0
2300000 368314 369025 0 -7466.57 0 0
2310000 370042 365884 0 -6952.23 0 0
2320000 369461 367233 0 -7039.73 0 0
2330000 370661 366211 0 -7070.35 0 0
2340000 369693 366376 0 -6795.92 0 0
2350000 370285 365343 0 -6928.12 0 0
2360000 369877 366031 0 -6742.8 0 0
2370000 369505 366742 0 -5567.83 0 0
2380000 369772 366282 0 -3977.05 0 0
2390000 370956 365978 0 -2711.95 0 0
2400000 369549 367116 0 -3247.55 0 0
2410000 370335 366909 0 -2296.37 0 0
2420000 369296 366541 0 -2681.19 0 0
2430000 368964 366661 0 -2771.95 0 0
2440000 369118 367400 0 -951.673 0 0
2450000 367454 367632 0 -383.591 0 0
2460000 368618 368252 0 -669.231 0 0
2470000 368955 367565 0 -230.214 0 0
2480000 370179 366765 0 -174.184 0 0
2490000 368891 367416 0 1745.72 0 0
2500000 367977 368662 0 350.907 0 0
2510000 369170 367386 0 -855.996 0 0
2520000 367416 368176 0 1096.31 0 0
2530000 369324 367718 0 1630.49 0 0
2540000 369998 366943 0 1379.25 0 0
2550000 368922 367432 0 685.128 0 0
2560000 368581 367877 0 2827.01 0 0
2570000 369432 366708 0 4065.87 0 0
2580000 368881 367441 0 5152.25 0 0
2590000 367985 367766 0 4579.94 0 0
2600000 369248 367243 0 5353.43 0 0
2610000 370083 367682 0 5275.22 0 0
2620000 368558 367930 0 5817.3 0 0
2630000 367974 367840 0 5242.62 0 0
2640000 368627 367260 0 5731.76 0 0
2650000 368062 368162 0 5916.87 0 0
2660000 370220 366490 0 4304.94 0 0
2670000 369306 367579 0 5599.42 0 0
2680000 369679 366841 0 5527.35 0 0
2690000 370027 367124 0 6327.15 0 0
2700000 368989 367276 0 5827.97 0 0
2710000 369523 366877 0 5621.45 0 0
2720000 370392 366534 0 6237.89 0 0
2730000 368961 367413 0 6500.11 0 0
2740000 369412 367675 0 7345.02 0 0
2750000 369067 366785 0 5605.73 0 0
2760000 369604 366644 0 5654.75 0 0
2770000 370019 366911 0 6352.02 0 0
2780000 368633 367612 0 7350.19 0 0
2790000 366880 368625 0 6498.65 0 0
2800000 367853 368881 0 6977.89 0 0
2810000 367757 368685 0 4201.15 0 0
2820000 368811 368268 0 3868.2 0 0
2830000 368501 368231 0 4662.56 0 0
2840000 368248 368073 0 3937.57 0 0
2850000 367605 367231 0 4859.68 0 0
2860000 369383 366629 0 2966.2 0 0
2870000 370022 366328 0 3925.99 0 0
2880000 368230 368150 0 3845.64 0 0
2890000 370250 367203 0 3790.89 0 0
2900000 369876 367281 0 1497.62 0 0
2910000 369223 367372 0 1231.64 0 0
2920000 370922 365999 0 271.669 0 0
2930000 369228 366763 0 2129.16 0 0
2940000 370782 364911 0 1817.21 0 0
2950000 369758 366946 0 1098.86 0 0
2960000 370543 366107 0 1052.76 0 0
2970000 369294 367291 0 287.005 0 0
2980000 370404 365663 0 -141.736 0 0
2990000 370680 366760 0 -827.78 0 0
3000000 371203 365350 0 -1460.26 0 0
3010000 371618 366323 0 -1437.98 0 0
3020000 370592 365468 0 -804.051 0 0
3030000 371138 365692 0 -1575.62 0 0
3040000 371319 366024 0 -2187.82 0 0
3050000 370651 365880 0 -2114.9 0 0
3060000 370022 366575 0 -3030.44 0 0
3070000 370769 367408 0 -2534.91 0 0
3080000 370304 366477 0 -3800.04 0 0
3090000 369500 367585 0 -4037.83 0 0
3100000 369856 366475 0 -5445.62 0 0
3110000 369114 368228 0 -5661.36 0 0
3120000 369757 367777 0 -4521.29 0 0
3130000 368359 368427 0 -5229.54 0 0
3140000 369511 369029 0 -5175.48 0 0
3150000 369453 366929 0 -7251.9 0 0
3160000 370214 367476 0 -5758.05 0 0
3170000 369526 367011 0 -8432.83 0 0
3180000 370698 366639 0 -7318.42 0 0
3190000 371903 365675 0 -6871.72 0 0
3200000 370555 365410 0 -7514.99 0 0
3210000 370493 366581 0 -8765.38 0 0
3220000 371367 366722 0 -7252.69 0 0
3230000 369442 368177 0 -6716.28 0 0
3240000 369093 368244 0 -7143.28 0 0
3250000 371366 367112 0 -5418.2 0 0
3260000 371426 366205 0 -7192.46 0 0
3270000 371061 366836 0 -7449.33 0 0
3280000 371452 366080 0 -6934.28 0 0
3290000 369642 367106 0 -5466.65 0 0
3300000 370295 366583 0 -5581.52 0 0
3310000 371684 365895 0 -6346.54 0 0
3320000 372531 364416 0 -5467.79 0 0
3330000 369804 367858 0 -3517 0 0
3340000 372194 365610 0 -4535.48 0 0
3350000 371474 366659 0 -5113.13 0 0
3360000 370472 366870 0 -4885.23 0 0
3370000 370131 366826 0 -3926.54 0 0
3380000 370947 366592 0 -4260.39 0 0
3390000 370644 366705 0 -2717.19 0 0
3400000 369625 368489 0 -3370.37 0 0
3410000 370618 366753 0 -2781.26 0 0
3420000 370093 366749 0 -2282.05 0 0
3430000 370420 367462 0 -941.368 0 0
3440000 370787 366852 0 -1384.95 0 0
3450000 370966 365675 0 50.0831 0 0
3460000 370644 366637 0 -1620.64 0 0
3470000 370214 367585 0 -849.29 0 0
3480000 371945 366109 0 348.286 0 0
3490000 371684 365171 0 21.509 0 0
3500000 371105 365431 0 59.6343 0 0
3510000 370869 366812 0 486.71 0 0
3520000 371429 366599 0 1127.29 0 0
3530000 370854 366599 0 3462.71 0 0
3540000 369729 367530 0 4992.9 0 0
3550000 371678 365720 0 4272.1 0 0
3560000 369903 365205 0 4886.74 0 0
3570000 371051 366521 0 4626.35 0 0
3580000 369828 367893 0 3490.63 0 0
3590000 370937 365582 0 4893.76 0 0
3600000 368792 366912 0 5703.98 0 0
3610000 367844 367763 0 5767.99 0 0
3620000 369772 367909 0 5272.45 0 0
3630000 370400 366043 0 5914.04 0 0
3640000 369960 367378 0 3977.16 0 0
3650000 368471 368157 0 4426.4 0 0
3660000 369925 367478 0 5148.15 0 0
3670000 370431 367593 0 3774.42 0 0
3680000 370543 366883 0 4737.79 0 0
3690000 370334 367457 0 5529.34 0 0
3700000 368653 367250 0 6161.32 0 0
3710000 368577 368374 0 4681.7 0 0
3720000 368795 368715 0 5411.22 0 0
3730000 368224 368910 0 6449.15 0 0
3740000 368856 368073 0 4670.16 0 0
3750000 367025 369113 0 4232.43 0 0
3760000 367473 367511 0 4037.27 0 0
3770000 368833 368415 0 4474.71 0 0
3780000 368142 368096 0 3575.03 0 0
3790000 368299 367812 0 4254.16 0 0
3800000 368104 369010 0 4253.16 0 0
3810000 369310 367363 0 3637.6 0 0
3820000 368321 368134 0 4140.49 0 0
3830000 368363 366990 0 3708.8 0 0
3840000 368587 367580 0 1367.35 0 0
3850000 368956 366774 0 2138.16 0 0
3860000 369213 367906 0 3210.54 0 0
3870000 370181 366115 0 2493.2 0 0
3880000 369646 366257 0 2751.01 0 0
3890000 370416 365902 0 1841.94 0 0
3900000 369619 365688 0 1720.41 0 0
3910000 369681 366599 0 -256.63 0 0
3920000 369751 366948 0 -26.9908 0 0
3930000 370018 365990 0 -555.986 0 0
3940000 369433 365756 0 1033.14 0 0
3950000 370377 365781 0 -677.163 0 0
3960000 370382 366382 0 -1170.31 0 0
3970000 370481 366401 0 -957.733 0 0
3980000 369128 367356 0 -1915.1 0 0
3990000 368792 367896 0 -232.17 0 0
4000000 369744 367339 0 -1064.95 0 0
4010000 369436 366680 0 -2153.27 0 0
4020000 369168 368222 0 -1081.49 0 0
4030000 368450 367593 0 -2395.18 0 0
4040000 368621 368329 0 -2649.47 0 0
4050000 368896 367723 0 -2927.59 0 0
4060000 368930 367741 0 -3900.1 0 0
4070000 369205 367665 0 -3113.23 0 0
4080000 368921 368344 0 -2909.01 0 0
4090000 368750 367667 0 -3682.78 0 0
4100000 369049 367326 0 -5124.23 0 0
4110000 369906 367260 0 -3101.04 0 0
4120000 368754 368039 0 -4147.55 0 0
4130000 368219 368648 0 -5667.61 0 0
4140000 368632 367115 0 -4674.38 0 0
4150000 369615 367217 0 -5320.95 0 0
4160000 368150 367816 0 -5447.38 0 0
4170000 369125 368167 0 -5130.38 0 0
4180000 368585 368473 0 -5175.53 0 0
4190000 367970 368154 0 -5976.94 0 0
4200000 369991 366771 0 -6534.5 0 0
4210000 368742 367211 0 -6648.62 0 0
4220000 367077 368271 0 -6140.3 0 0
4230000 367997 368261 0 -5456.05 0 0
4240000 367923 368827 0 -4937.95 0 0
4250000 370265 367038 0 -5192.99 0 0
4260000 368792 367141 0 -4813.83 0 0
4270000 369516 366663 0 -5753.46 0 0
4280000 369862 366522 0 -3951.31 0 0
4290000 369197 368355 0 -5302.31 0 0
4300000 369571 366991 0 -3573.78 0 0
4310000 368287 367800 0 -4840.3 0 0
4320000 368829 366298 0 -4810.63 0 0
4330000 369825 367312 0 -3413.89 0 0
4340000 369549 367565 0 -3581.95 0 0
4350000 369019 367130 0 -2779.11 0 0
4360000 367223 367942 0 -2830.9 0 0
4370000 368700 367195 0 -2289.86 0 0
4380000 367496 367809 0 -2957.67 0 0
4390000 368192 367870 0 -1540.62 0 0
4400000 369256 365995 0 -2191.06 0 0
4410000 367466 367751 0 -2205.05 0 0
4420000 368328 367879 0 -1224.66 0 0
4430000 368755 366605 0 -1272.57 0 0
4440000 367328 366934 0 477.334 0 0
4450000 368165 367596 0 87.4275 0 0
4460000 368474 367942 0 1103.57 0 0
4470000 368052 367871 0 418.124 0 0
4480000 368480 367187 0 2146.49 0 0
4490000 367556 367313 0 1489.76 0 0
4500000 367096 368474 0 3380.07 0 0
4510000 367086 368219 0 1383.76 0 0
4520000 369584 366879 0 115.06 0 0
4530000 368737 366882 0 2121.03 0 0
4540000 368327 368862 0 2132.82 0 0
4550000 367711 367480 0 2052.96 0 0
4560000 367698 367622 0 3235.27 0 0
4570000 369611 366490 0 1521.94 0 0
4580000 368308 366800 0 2942.41 0 0
4590000 367683 367122 0 2600.57 0 0
4600000 366988 368854 0 3594.27 0 0
4610000 369875 366784 0 3144.27 0 0
4620000 369602 367105 0 5419.75 0 0
4630000 368084 367270 0 4184.29 0 0
4640000 368578 368065 0 6045.4 0 0
4650000 368150 366778 0 5860.82 0 0
4660000 368816 365581 0 4321.02 0 0
4670000 367563 368317 0 5042.06 0 0
4680000 369114 365925 0 5951.4 0 0
4690000 369121 366590 0 5583.27 0 0
4700000 368823 366599 0 6042.06 0 0
4710000 367579 368156 0 7309.14 0 0
4720000 368440 366596 0 8074.82 0 0
4730000 368349 366229 0 6192.59 0 0
4740000 367893 366610 0 7079.12 0 0
4750000 368835 366096 0 7742.28 0 0
4760000 368340 366318 0 7536.74 0 0
4770000 368599 366109 0 7491.08 0 0
4780000 368251 366588 0 7186.68 0 0
4790000 367128 366651 0 7209.03 0 0
4800000 368542 366450 0 6984.34 0 0
4810000 367553 366979 0 7717.75 0 0
4820000 367708 366138 0 6161.71 0 0
4830000 367242 367417 0 6115.97 0 0
4840000 366720 367505 0 5362.83 0 0
4850000 367946 366844 0 6479.08 0 0
4860000 367650 367109 0 5235.18 0 0
4870000 367732 367476 0 5729.59 0 0
4880000 367514 367454 0 4304.72 0 0
4890000 368057 366190 0 3931.8 0 0
4900000 367848 366531 0 4485.34 0 0
4910000 367483 367409 0 3317.89 0 0
4920000 368798 366895 0 2474.41 0 0
4930000 368502 366745 0 3983 0 0
4940000 367620 366006 0 2925.04 0 0
4950000 368799 366388 0 2334.36 0 0
4960000 367783 367226 0 1741.27 0 0
4970000 368509 366667 0 1774.63 0 0
4980000 367060 367266 0 778.285 0 0
4990000 366490 368717 0 652.933 0 0
5000000 367513 367339 0 -557.204 0 0
