# Time-averaged data for fix ps1
# TimeStep c_thermo_press[1] c_thermo_press[2] c_thermo_press[3] c_thermo_press[4] c_thermo_press[5] c_thermo_press[6]
0 546.993 113.91 -965.34 -101.458 -398.637 158.375
100000 1565.08 1510.93 522.359 -604.33 352.132 326.204
200000 1646.82 2036.75 186.766 -299.564 56.6028 -44.3946
300000 399.019 1499.09 1244.65 -177.695 32.2161 11.2636
400000 287.229 1541 1126.84 -331.164 176.918 957.131
500000 -246.561 2006.77 1148.51 -346.66 318.137 425.496
600000 133.566 2838.9 968.098 18.7198 267.39 -5.71523
700000 -136.904 3266.25 785.501 -153.397 283.251 -697.228
800000 -1988.96 2103.66 1240.48 -17.5337 496.195 124.265
900000 -831.547 2912.51 1682.64 198.086 294.834 543.791
1000000 -796.189 2664.64 1940.25 -520.328 144.988 218.921
1100000 -2215.65 1865.36 2206.1 -16.9229 -73.5229 83.9577
1200000 -918.953 2872.7 2118.05 -744.339 40.4009 275.087
1300000 -2741.9 3311.77 1521.27 -295.683 296.019 311.862
1400000 -1500.05 3434.68 2276.45 -362.093 -273.789 123.532
1500000 -3158.79 4220.72 1898.85 -122.425 -77.5256 342.31
1600000 -3027 3958 2430.39 -188.812 157.935 -218.128
1700000 -2651.97 4189.57 2456.14 -319.323 353.602 -3.4769
1800000 -3056.73 3962.7 3080.68 -587.539 -88.96 -128.787
1900000 -2983.41 3479.2 4128.85 -464.419 260.32 499.205
2000000 -2851.43 3782.5 2708.52 -135.846 467.9 -518.115
2100000 -3061.99 3659.08 2774.65 206.218 861.468 28.7009
2200000 -2332.47 3972.18 3986.21 -14.5971 532.955 215.288
2300000 -3125.01 3784.54 2398.1 -472.761 82.2153 254.537
2400000 -2345.79 3258.47 2965.66 430.697 -25.5899 980.85
2500000 -3996.56 4043.63 2742.13 518.836 271.03 -51.4761
2600000 -3208.35 3876.66 2977.92 -237.396 -210.988 -280.271
2700000 -2973.01 3676.57 3502.47 -399.71 453.067 -27.8131
2800000 -2579.82 3471.38 2744.22 -88.0924 -2.85303 36.1413
2900000 -2121.32 3839.09 2232.7 137.786 234.579 -123.981
3000000 -2120.11 3754.28 2505.42 -148.683 -337.348 265.867
3100000 -2648.47 3087.14 3068.91 -641.749 242.855 72.1419
3200000 -2402.32 2290.61 2537.37 -713.989 171.731 -662.582
3300000 -2730.18 3157.74 2623.28 -399.938 108.278 -35.1691
3400000 -1889.22 3288.31 2614.13 581.952 376.239 215.359
3500000 -2212.18 3269.02 2192.5 -329.03 19.4827 64.6352
3600000 -1391.27 2919.56 2853.2 138.859 51.6033 119.835
3700000 -2315.43 3258.61 2474.78 -580.932 -186.775 301.655
3800000 -1129.56 3258.67 2481.9 -222.988 8.83809 631.723
3900000 -298.979 2279.31 2083.84 159.685 -794.203 26.3824
4000000 -696.662 2339.47 1524.34 151.479 504.756 407.875
4100000 -657.055 2051.24 1321.45 -791.755 -140.927 265.577
4200000 -630.524 2012.99 1340.58 174.155 209.034 -162.911
4300000 -42.2843 2078.31 440.99 111.544 493.554 -9.127
4400000 913.045 897.589 402.71 276.45 558.588 -225.197
4500000 1297.06 1806.88 275.123 -303.468 216.747 762.588
4600000 78.118 2236.54 895.733 -118.378 187.594 -59.5569
4700000 1567.17 1805.45 -9.1589 -321.803 -113.1 -370.172
4800000 1767.44 548.399 1653.37 479.387 128.211 214.551
4900000 2802.28 312.414 860.383 -366.631 -286.301 -266.83
5000000 2331.68 412.829 -59.1789 138.215 -394.527 -21.0587
5100000 2480.85 567.759 -477.11 82.7644 479.118 -261.922
5200000 3869.24 792.29 289.703 -76.0868 684.839 500.694
5300000 2809.55 319.34 -422.909 560.645 -225.855 183.902
5400000 3916.63 387.687 257.483 290.228 36.3255 886.661
5500000 4000.61 421.703 -995.953 -391.488 -22.8621 146.477
5600000 5108.49 -2.31437 -356.692 -352.057 -178.295 470.772
5700000 4337.47 269.554 -130.691 -251.587 -219.473 197.449
5800000 5557.71 -403.516 -1445.41 -5.9396 -103.326 46.8595
5900000 6240.98 207.243 -1961.3 204.758 304.045 55.235
6000000 5100.04 -806.588 -1012.62 -18.3254 -238.46 -169.054
6100000 5595.31 -626.142 -684.281 -80.2949 243.041 327.678
6200000 6696.25 83.4301 -1046.15 479.299 260.607 -320.994
6300000 6496.78 -230.653 -1752.92 -204.781 118.056 408.179
6400000 6217.32 -1182.66 -824.684 -536.163 32.7007 -123.606
6500000 6771.61 -1266.69 -1523.78 8.93474 613.325 411.375
6600000 7225.23 -1134.01 -1437.96 -307.214 435.021 -26.4245
6700000 7070.47 -1449.9 -1210.95 -79.1627 356.717 -190.931
6800000 7291.72 -1077.11 -1629.37 -421.876 314.295 -81.0901
6900000 8443.03 -276.651 -2161.91 -656.576 -127.328 64.9025
7000000 7900.45 -1339.19 -2042.98 -510.413 -303.897 61.2699
7100000 7676.98 -1262.75 -2546.5 -311.011 -93.5257 -184.138
7200000 6894.37 -654.319 -1367.81 330.473 -319.851 168.924
7300000 7076.04 -1296.63 -1654.54 -47.1464 -173.036 66.5452
7400000 6996.55 -1354.16 -2036.92 76.1025 -238.396 288.108
7500000 6700.63 -1409.7 -1564.03 -847.532 -265.749 -83.8099
7600000 7157.27 -1252.16 -1414.39 -299.135 -393.633 464.961
7700000 6997.97 -1167.9 -1335.42 443.059 114.586 569.858
7800000 6314.86 -905.37 -1611.01 523.186 -649.433 76.775
7900000 6850.87 -689.56 -1762.21 726.804 -33.2971 100.322
8000000 5958.27 -657.276 -1727.97 -15.6525 132.728 691.068
8100000 6004.32 -1200.25 -2528.49 377.678 -49.7552 695.712
8200000 6312.25 -786.004 -1697.52 705.884 296.541 980.426
8300000 5664.36 -933.481 -1582.89 -26.0574 -75.6504 304.211
8400000 6193.74 -870.404 -686.737 -439.955 272.804 279.211
8500000 5439.3 -993.747 -1441.18 410.972 -393.24 226.251
8600000 5616.37 -696.89 -921.819 -186.12 -26.1802 -402.43
8700000 4993.78 -398.472 -153.407 -65.3771 -207.786 570.24
8800000 5718.52 -743.871 -576.872 57.9325 -26.2039 483.143
8900000 4655.86 -275.781 -797.759 692.405 376.352 -42.5887
9000000 4749.27 297.563 -1307.15 403.661 25.4851 176.012
9100000 4417.44 -1022.99 -559.715 367.034 -182.051 271.262
9200000 4149.65 -209.541 -452.484 -86.7656 -89.7237 -287.385
9300000 2674.3 -368.475 105.185 355.566 392.164 -318.151
9400000 3046.89 40.766 642.709 597.582 -106.814 551.786
9500000 2455.08 92.7523 -193.47 335.154 -2.87164 281.854
9600000 3174.79 707.108 396.592 368.358 656.133 -62.1599
9700000 2568.87 791.176 -91.6034 166.421 -40.662 631.934
9800000 1354.22 1076.31 1380.81 554.916 126.309 225.209
9900000 2052.82 1413.41 821.456 18.7613 332.821 385.174
10000000 728.11 1231.52 312.601 128.305 -553.969 27.6372
10100000 824.985 1964.94 1033.52 -710.331 -253.146 101.003
10200000 1028.37 1802.3 1330.97 598.99 -211.592 411.512
10300000 549.831 1759.47 1617.58 154.081 80.1725 492.939
10400000 -25.6709 1280.41 1570.47 300.016 237.185 262.914
10500000 -522.743 2602.98 2220.72 287.739 -776.709 724.661
10600000 -890.99 2026.94 1912.68 480.398 133.964 525.505
10700000 -1419.41 2247.4 2207.5 -18.9832 641.632 233.53
10800000 -1235.71 2546.29 2707.02 -4.89123 264.83 259.192
10900000 -1828.66 2709.19 3245.7 -36.3591 109.603 545.899
11000000 -1279.47 2051.86 2109.83 -268.192 648.673 11.8369
11100000 -1437.29 3694.15 2323.33 292.52 232.129 224.795
11200000 -2072.1 3314.6 2348.71 141.733 108.775 315.744
11300000 -1981.07 3262.44 2221.19 -238.007 296.912 -317.468
11400000 -2073.52 3137.44 2570.35 191.923 711.252 414.778
11500000 -2321.94 3314.16 3321.03 316.949 147.048 488.239
11600000 -2138.24 3427.15 3244.59 52.7963 386.998 -618.689
11700000 -2794.48 3201.3 3136.39 36.5571 165.332 415.159
11800000 -3817.18 4309.02 3264.65 -302.153 425.809 363.883
11900000 -2785.82 3490.36 3239.03 315.706 244.847 -92.0357
12000000 -3111.63 2647.82 3081.98 -157.815 -53.8524 25.6719
12100000 -2715.19 2796.49 2810.66 28.3948 -124.394 18.8313
12200000 -3229.35 3722.01 3687.12 -531.183 -111.218 464.608
12300000 -2992.48 3185.92 3473.9 3.77591 136.287 490.11
12400000 -3394.73 3037.52 3013.93 -161.307 385.697 323.294
12500000 -3433.2 4201.55 3183.98 -401.932 53.6416 -47.061
12600000 -2919.42 3913.72 2278.4 -897.412 576.696 674.92
12700000 -2741.16 3998.34 3433.16 -413.085 -184.53 388.505
12800000 -3711.47 3791.13 2765.02 229.006 19.5824 332.665
12900000 -2693.97 3462.42 3270.31 143.241 64.1656 580.734
13000000 -2146.67 2733.62 3548.69 -91.6039 374.377 136.51
13100000 -2533.77 2474.52 2262.54 -306.558 216.904 324.085
13200000 -2691.32 3138.87 2478.27 -439.44 191.946 505.519
13300000 -1792.44 3127.12 2824.41 -327.172 -7.94486 341.195
13400000 -1999.37 3166.78 2608.36 59.7683 312.03 650.236
13500000 -2567.48 2821.29 2701.41 250.028 -46.5297 -115.36
13600000 -1335.5 2572.34 2741.41 -408.954 -204.004 784.566
13700000 -1021.5 2414.81 2502.55 -50.482 292.587 652.828
13800000 -1653.91 2833.34 2250.75 -746.408 397.319 135.197
13900000 -1259.48 1893.84 2160.38 -173.752 -237.57 -18.0012
14000000 -1617.46 1964.21 1306.39 -177.278 190.09 711.256
14100000 -514.858 3009.15 2455.17 -447.287 310.463 712.834
14200000 -531.202 2005.65 1117.9 -30.0272 90.5553 948.245
14300000 619.841 2245.32 1211.91 -619.724 63.672 479.206
14400000 389.439 1333.2 1026.45 117.004 -395.547 322.031
14500000 593.103 366.203 953.252 -57.831 -265.342 -146.95
14600000 1380.1 1278.59 1030.19 -349.549 821.375 265.528
14700000 794.994 1586.83 779.035 -409.817 -179.84 482.7
14800000 2352.63 845.765 -33.8424 -1171.52 -40.1597 206.875
14900000 2084.03 776.468 333.757 -878.402 -13.9935 683.382
15000000 3261.3 872.231 -29.3882 -775.364 -107.458 469.039
15100000 2605.71 177.111 209.604 289.815 -36.5447 890.468
15200000 3763.81 382.627 -73.8657 -286.65 101.666 824.25
15300000 3808.65 502.841 -273.13 -206.909 -15.3406 471.5
15400000 4198.5 232.044 -405.479 -1414.81 440.73 429.329
15500000 3338.14 -41.0813 -301.614 211.345 -439.184 567.716
15600000 4204.43 176.971 -723.647 -265.502 201.781 365.067
15700000 4596.46 -231.132 -865.205 208.336 351.442 289.171
15800000 5206.25 -258.785 -796.17 -315.772 326.462 -17.0812
15900000 5717.08 -1360.24 32.6722 -171.362 -187.403 458.49
16000000 6056 -698.887 -477.728 -813.135 132.769 130.898
16100000 5320.35 -24.4461 -1277.24 -360.8 234.626 494.977
16200000 5351.25 -78.6993 -1306.19 -243.797 -259.553 576.033
16300000 5398.88 -438.28 -598.341 -580.499 541.057 849.723
16400000 6423.58 -343.003 -760.359 -66.9039 242.187 358.211
16500000 7145.63 -507.378 -1254.74 -94.4153 -241.874 694.636
16600000 5920.84 -1025.58 -936.578 218.61 409.735 668.37
16700000 6583.48 -1525.02 -1226.58 238.998 -492.776 466.952
16800000 7202.84 -590.775 -1021.59 759.805 -79.374 1034.09
16900000 7298.17 -1599.59 -1232.71 -94.2752 -30.6431 966.587
17000000 6246.52 -869.233 -1447.26 588.597 -70.2426 687.171
17100000 6635.63 -1374.55 -1210.79 289.738 601.873 678.613
17200000 7025.66 -1159.11 -1398.22 309.233 552.318 531.533
17300000 6664.49 -1030.84 -1834.78 311.205 231.169 536.389
17400000 7424.22 -1932.37 -1190.15 -238.83 111.948 845.556
17500000 7339.44 -1719.67 -1101 -363.242 227.567 -121.015
17600000 7013.3 -1500.84 -2134.51 -137.738 75.7454 626.896
17700000 7014.05 -1714.92 -1307.64 369.544 290.878 802.046
17800000 6414.61 -1489.03 -1719.26 -472.873 651.548 219.44
17900000 6324.11 -807.289 -1760.28 -631.127 428.05 830.795
18000000 6481.17 -743.004 -1576.49 -684.907 312.395 1225.6
18100000 6236.57 -1194.33 -1711.6 -730.833 476.329 518.982
18200000 6594.04 -2058.54 -835.897 352.108 146.152 472.365
18300000 5518.64 -669.947 -792.365 -156.645 461.476 1299.89
18400000 6647.61 -248.825 -1176.77 -545.326 460.699 689.172
18500000 5233.03 -662.52 -1368.97 -194.772 118.829 1042.7
18600000 6450.82 -999.814 -940.357 -116.485 256.184 304.238
18700000 5371.59 -347.032 -964.271 377.936 701.042 439.803
18800000 4695.12 -723.946 -1266.92 80.8415 677.36 48.0685
18900000 5044.26 -76.5862 -1784.53 -502.804 215.974 476.389
19000000 4916.1 365.281 -97.0288 36.5896 925.304 1104.96
19100000 3524.06 -26.5162 -1647.28 -145.811 39.406 758.031
19200000 3437.8 -940.581 -143.325 368.116 164.368 -18.9396
19300000 3689.53 -123.508 -33.6967 -114.654 -388.089 143.079
19400000 2974.3 891.826 220.421 -102.443 -68.1079 646.226
19500000 2491.23 31.9671 318.594 -657.694 -113.685 445.206
19600000 2382.86 599.071 1132.5 54.2108 -86.6799 -253.588
19700000 1937.84 1215.78 446.022 4.14735 492.814 330.79
19800000 1308.73 1177.61 434.086 -468.401 291.485 513.135
19900000 2055.25 1283.69 1207.52 -650.875 403.457 221.368
20000000 1077.88 1107.29 640.942 -855.785 225.821 531.451
20100000 1353.45 1321.73 1563.62 -289.582 248.448 306.078
20200000 65.6454 1288.07 1902.85 172.813 -73.9362 232.073
20300000 148.01 1787.18 1811.08 -57.2928 826.305 -103.985
20400000 -496.304 1862.72 1850.13 -261.526 -451.627 433.572
20500000 -71.556 1509.64 1966.06 -366.53 -39.7826 502.156
20600000 -781.684 2400.61 771.409 -1104.82 -572.892 259.985
20700000 -1558.13 2573.77 1647.65 -433.272 509.432 427.553
20800000 -1095.58 1781.94 2128.8 -607.854 -584.389 155.286
20900000 -1102 2268.72 1647.85 -370.4 -2.37679 -361.79
21000000 -1089.39 2833.09 3091.45 -360.534 -36.87 157.143
21100000 -1114.33 3152.06 2512.4 -1189.78 132.423 85.4451
21200000 -2119.4 2872.24 2438.43 -982.27 -300.961 337.435
21300000 -3316.52 2911.69 2410.74 -456.741 197.405 -149.595
21400000 -2212.64 2878.23 2626.34 -905.313 19.8824 397.777
21500000 -1891.37 3658.51 2764.81 -751.859 -194.271 602.118
21600000 -2057.93 3325.39 1890.44 -442.118 -643.579 79.3164
21700000 -2730.18 3619.52 2371.8 176.828 55.993 42.7666
21800000 -3371.07 4378.16 2167.66 -351.621 202.946 26.6038
21900000 -2630.38 3316.07 2991.49 -575.642 736.636 121.903
22000000 -3246.28 3528.65 2988.79 -892.747 91.4202 230.467
22100000 -3525.95 3185.68 3068.51 -355.088 -31.7844 -847.074
22200000 -1771.89 4246.81 2857.07 -410.126 -433.993 -690.782
22300000 -2061.12 3490.21 2852.45 -445.321 -402.32 -667.436
22400000 -3178.99 4229.92 3326.62 -580.603 -501.48 -154.212
22500000 -3188.34 3043.96 2925.24 -444.489 -483.476 -1334.71
22600000 -3901.31 3996.73 2792.48 -388.574 557.428 69.1459
22700000 -3177.91 3904.22 3617.79 -389.682 381.889 105.16
22800000 -2868.14 3887.73 3545.62 -26.1058 342.477 -502.605
22900000 -2037.95 3791 3181.07 -283.276 -118.716 -173.161
23000000 -3261.4 3255.74 3122.58 -950.082 27.0771 184.847
23100000 -1959.99 3989.83 2939.91 -96.2757 -511.732 -453.66
23200000 -2886.49 2922.08 3376.09 -613.869 -657.555 -281.493
23300000 -1887.72 2924.63 2528.26 -142.797 352.113 -150.262
23400000 -2277.14 2703.54 2522.84 -569.789 -467.481 163.149
23500000 -2003.06 3932.46 2621.83 -483.121 -315.867 -317.099
23600000 -2042.13 2510.34 2594.52 -428.079 -453.177 92.5265
23700000 -1338.64 2799.59 2021.81 -433.875 -802.43 -125.326
23800000 -1879.23 2735.28 2150.73 -302.232 11.6387 -173.31
23900000 -1240.2 2403.89 1468.24 -11.299 91.2585 13.0063
24000000 -481.537 3341 1576.41 86.9212 -284.169 -168.684
24100000 -538.634 2233.25 2179.98 -743.377 -336.123 -491.935
24200000 252.451 2714.29 1283.56 -693.65 -61.468 -534.368
24300000 637.911 1477.07 432.171 -162.496 146.738 448.764
24400000 528.827 1963.51 1046.53 17.3782 356.63 392.065
24500000 268.353 1353.1 1697.28 -389.766 406.129 29.183
24600000 1591.64 260.159 1154.45 -875.578 -99.2981 -540.043
24700000 1477.61 906.053 354.125 -235.176 471.085 -98.4188
24800000 1837.7 1124.89 677.61 -728.651 456.206 189.085
24900000 2316.34 777.345 498.946 -777.722 -533.584 361.641
25000000 2158.27 830.009 -236.621 -501.032 -135.326 -157.746
25100000 2915.97 210.259 420.191 -495.325 -239.374 -78.4219
25200000 2361.22 1247.35 -58.1989 -505.041 -44.5382 160.3
25300000 3612.36 670.37 -469.944 -920.062 137.223 26.6943
25400000 2696.31 329.421 -121.84 -702.434 -463.182 -76.3132
25500000 3582.27 943.888 -930.888 -656.876 -358.287 129.113
25600000 3848.29 855.675 -782.32 -126.384 -563.698 -30.3986
25700000 4048.35 -77.8959 -854.961 80.9045 -419.217 202.647
25800000 4678.18 -408.982 -405.332 -327.37 -337.902 -146.943
25900000 5027.82 -723.539 -928.443 -547.356 -35.5914 168.3
26000000 5343.53 -862.212 -1591.55 -638.111 -192.992 509.374
26100000 5804.49 -470.533 -1475.38 -710.721 -423.584 462.756
26200000 5631.3 -591.983 -1100.05 -293.494 -36.5487 125.025
26300000 5822.53 37.542 -1594.62 -952.66 -53.5204 341.42
26400000 6840.42 -590.719 -1356.11 -665.414 390.333 -18.1663
26500000 6952.11 -1247.87 -1549.75 -504.919 -356.893 26.2096
26600000 6096.99 -1736.5 -1213.28 -472.276 448.031 -1.95864
26700000 6770.23 -495.594 -1435.6 -694.885 718.528 -129.005
26800000 6810.95 -1246.38 -1075.69 -778.997 553.053 -193.451
26900000 6240.94 -991.151 -1930.99 -372.957 -109.733 -158.877
27000000 7493.83 -342.336 -922.929 -57.9107 -55.4822 287.254
27100000 7145.19 -877.628 -1623.84 -275.464 -80.1775 56.1005
27200000 7323.17 -992.542 -1635.25 -768.066 -123.905 118.952
27300000 7188.45 -513.282 -2043.02 -472.369 -223.38 -332.066
27400000 6729.84 -1031.39 -1540.6 -107.67 -361.685 -554.557
27500000 6324.95 -1295.05 -2109.9 204.453 -487.095 -62.751
27600000 6435.84 -424.043 -1348.9 -222.142 -216.066 -291.616
27700000 6968.49 -489.049 -2303.46 31.7452 -513.233 -3.80231
27800000 5698 -750.185 -1073.66 72.8578 950.857 543.77
27900000 6532.34 -94.9452 -1051.61 253.907 -60.8536 -113.654
28000000 5576.53 -1359.53 -764.233 -276.749 -767.997 -427.096
28100000 6523.4 -987.641 -859.392 -203.657 142.472 -402.737
28200000 5675.17 -1364.56 -1547.79 -78.9995 -472.647 -360.103
28300000 5028.21 -361.817 -921.281 -240.728 -571.34 99.3466
28400000 5060.11 -538.424 -767.942 -88.4898 33.8654 -410.543
28500000 5345.84 -1060.24 -759.891 -65.7682 -19.2414 189.867
28600000 4843.98 -1207.02 -1130.04 -97.429 -20.4676 -612.163
28700000 5240.21 159.945 -510.03 -99.8887 50.5817 -174.242
28800000 4448.98 353.259 -923.022 -473.283 -188.88 -87.0651
28900000 4589.4 -236.438 -1365.67 -269.579 95.8268 -803.527
29000000 4620.55 -8.31357 -860.719 -329.379 -781.097 -324.152
29100000 3901.8 434.204 -932.447 -399.647 -299.636 -415.12
29200000 3740.86 -390.683 432.883 -207.145 -356.772 -56.2221
29300000 2023.58 33.4545 -299.779 352.699 -85.7419 -186.932
29400000 2979.04 155.973 -624.633 -372.604 -239.66 -574.925
29500000 2497.13 1150.81 199.016 -507.092 -577.039 -209.83
29600000 2172.52 963.709 -94.7038 -236.706 -558.31 -697.93
29700000 2264.92 586.919 -15.6219 -318.042 20.8277 71.5739
29800000 2065.18 966.443 193.129 -320.724 -240.708 -181.53
29900000 1262.66 1523.02 662.715 -268.244 -32.2259 -292.104
30000000 1347.33 2252.84 505.016 115.371 -480.016 42.3107
30100000 791.912 2167.14 1519.35 -339.104 -294.602 -916.95
30200000 353.659 1608.01 1848.11 -297.541 345.921 -152.9
30300000 134.96 1372.92 770.087 -216.239 208.091 -256.733
30400000 -368.532 3090.08 1068.2 251.614 -530.447 -9.44526
30500000 -253.462 2412.84 949.736 -128.402 -881.797 137.211
30600000 -1337.22 2809.8 1756.49 -198.966 -144.106 -187.654
30700000 -1088.4 2326.28 1472.03 184.124 -256.97 -274.647
30800000 -598.393 2222.77 1526.05 -435.883 -88.5 -482.707
30900000 -1408.13 2873.29 1586.87 -95.4214 -399.807 541.848
31000000 -2659.4 3357.7 1613.94 -406.993 -680.345 -163.341
31100000 -2412.21 3504.22 2610.62 -538.462 -137.735 -20.9684
31200000 -2754.52 3981.16 1719.82 -161.231 -703.57 -245
31300000 -1514.12 2977.36 1949.53 -503.81 -776.439 -14.6169
31400000 -1719.1 3915.76 2094.96 -888.122 -951.047 -237.281
31500000 -2978.33 4036.92 2687.36 -367.846 -726.603 243.94
31600000 -2500.14 3865.47 2645.94 -276.965 -652.401 -205.851
31700000 -3489.15 3658.7 2624.45 -306.048 139.531 157.002
31800000 -3231.69 3542.45 3167.89 -257.689 -279.266 -316.854
31900000 -2901.57 3443.93 3489.66 46.3015 1.54989 -490.381
32000000 -2686.93 3741.71 3434.2 46.141 -445.867 -23.3381
32100000 -2998.43 3403.68 3369.86 223.079 -861.66 214.049
32200000 -3091.78 3284.77 2901.63 -426.411 -745.473 -510.678
32300000 -3205.93 4049.77 3099.06 -170.76 -911.476 144.002
32400000 -3353.95 3788.25 2994.27 -288.42 -972.194 -764.201
32500000 -4075.5 4211.48 3548.01 187.799 -1076.79 -37.4577
32600000 -2993.89 3616.79 2756.47 -161.402 -853.517 -154.028
32700000 -2930.02 3844.22 2914.93 -96.1119 -835.731 277.54
32800000 -2428.96 3682.19 3410.59 -490.012 -165.137 500.629
32900000 -3557.07 3079.95 2493.44 -146.433 -463.056 569.814
33000000 -1839.96 3905.61 3228.59 -580.655 -316.243 660.773
33100000 -2553.73 3525.65 2981.81 -196.859 -446.366 512.349
33200000 -2269.74 3173.24 2558 128.645 -1066.48 359.612
33300000 -1672.65 3269.95 2459.51 -607.963 -246.318 -270.584
33400000 -1606.34 3181.22 2773.79 -358.151 -643.514 213.899
33500000 -1181.71 3377.94 2227.37 -80.5913 -63.6314 -252.771
33600000 -1519.99 2534.89 1699.98 -699.998 -797.705 -704.426
33700000 -1670.66 2349.64 1121.74 -497.944 -300.426 40.549
33800000 -1649.61 3189.8 2297.59 -851.069 239.574 722.165
33900000 -130.661 2531.74 1551.92 -728.525 138.02 350.096
34000000 -745.135 3031.62 1095.47 -528.542 -146.875 -80.7308
34100000 -519.092 2627.92 1681.43 -426.565 -451.318 180.92
34200000 417.88 2282.48 1186.81 -304.965 169.48 13.9083
34300000 -492.681 1407.53 995.056 -136.363 -325.34 -384.955
34400000 207.121 1617.58 1711.98 -232.597 -192.12 -125.791
34500000 191.178 1570.52 919.235 -560.552 -439.709 -85.8219
34600000 1690.76 1521.42 1129.07 -160.615 -192.923 -298.543
34700000 1307.38 1690.58 -232.906 -998.945 -526.575 -238.741
34800000 1574.15 1241.69 -341.5 -397.111 -379.236 134.747
34900000 2386 1267.93 46.6589 -218.71 -365.709 15.5809
35000000 2012.45 616.196 -414.839 122.058 -523.561 462.928
35100000 2265.09 142.742 -443.118 -314.89 -1205.74 73.3054
35200000 2805.82 770.262 -287.073 -117.728 -461.276 402.761
35300000 3275.6 20.7945 -119.71 50.9498 -48.7991 316.21
35400000 2392.69 499.263 -481.465 -570.292 28.0583 337.472
35500000 3472.32 666.308 -394.405 -341.975 70.9428 160.982
35600000 3914.28 -498.389 -220.933 -302.979 48.0372 -558.654
35700000 3624.8 107.708 74.995 -428.7 -162.098 84.0078
35800000 4073.35 0.533157 -881.074 -509.88 -476.35 18.8653
35900000 3982.44 -631.666 -275.179 31.8061 -95.2002 88.7017
36000000 4263.21 583.531 -890.501 -409.631 -320.041 139.948
36100000 4919.34 -229.455 -628.717 -185.057 -326.799 80.2083
36200000 5259.05 152.643 -2308.97 -536.282 -121.497 385.037
36300000 5173.21 -116.791 -871.816 -319.314 -142.098 339.909
36400000 5697.4 -219.047 -1494.96 7.80624 874.434 -158.051
36500000 5806.99 -142.497 -1690.74 -11.9138 -498.02 -556.479
36600000 5738.53 -790.796 -1484.07 -386.783 29.3764 436.766
36700000 5738.63 -843.84 -1669.33 -423.55 -0.124608 423.936
36800000 5978.71 -597.825 -1566.14 -196.729 118.125 -16.767
36900000 5709.88 -492.704 -1478.87 -11.3175 377.545 1014.16
37000000 5500.87 461.112 -813.466 90.4264 -78.7914 -209.718
37100000 7355.01 -1344.89 -1669.68 -93.6002 -645.513 378.635
37200000 6725.71 -1237.29 -2009.96 -236.279 92.1905 -111.581
37300000 5618.07 -368.672 -946.009 -208.493 -304.286 -82.5936
37400000 5979.48 -1278.17 -1029.86 85.9121 -271.829 164.574
37500000 6270.45 -880.967 -1505.37 48.1076 114.785 -57.8496
37600000 6344.53 -302.187 -1339.07 -152.871 26.9913 230.928
37700000 6697.38 -1129.01 -2128.79 200.902 592.237 432.241
37800000 6223.62 -842.567 -884.148 -330.735 208.968 -476.273
37900000 5627.03 21.1584 -1498.04 114.796 362.377 767.227
38000000 6106.43 -967.046 -729.482 268.266 928.776 253.964
38100000 5447.59 -578.303 -1384.62 -73.9053 153.49 331.037
38200000 6093.99 -774.863 -2071.6 -152.437 475.979 48.8243
38300000 5408.56 440.471 -1368.99 -191.051 -575.648 -116.518
38400000 5174.65 -373.805 -1097.68 -148.368 215.404 933.434
38500000 4535.68 -314.68 -980.183 -546.06 -176.937 465.265
38600000 4519.33 -756.292 -283.559 25.7176 -282.653 -70.1073
38700000 3701.58 -333.593 -1551.16 -240.451 412.289 370.4
38800000 3801.24 -169.756 -488.274 -385.512 75.2403 904.001
38900000 3848.31 786.304 -385.065 -573.172 240.257 338.721
39000000 3411.44 337.498 648.553 -555.828 -131.556 433.379
39100000 3801.47 47.5746 -921.032 -636.586 -133.529 824.668
39200000 2872.22 733.99 251.618 -551.464 114.756 733.462
39300000 2560.38 868.56 326.421 176.782 -641.044 857.277
39400000 2294.43 1672.17 295.557 400.275 -540.399 201.487
39500000 2413.13 1310.16 -216.936 320.75 -189.761 -239.52
39600000 1437.83 1239.99 894.851 244.885 397.459 -96.519
39700000 932.374 816.48 1007.29 360.399 -217.521 129.567
39800000 701.145 1673.38 1283.95 197.543 -78.6621 79.8968
39900000 498.615 1994.04 1594.88 149.373 312.97 104.08
40000000 1388.17 1496.5 1623.04 521.55 -208.178 351.916
40100000 425.137 1018.79 1950.4 563.474 -214.387 279.69
40200000 -373.735 1837.02 965.975 247.412 585.47 450.719
40300000 -1300.1 2508.3 1648.59 373.025 15.6985 461.178
40400000 -1438.51 2627.44 882.585 216.189 -116.215 -27.3475
40500000 -2346.06 2757.93 2029.9 228.177 -328.83 755.217
40600000 -1510.18 2903.55 1898.04 -157.718 -77.545 290.675
40700000 -1140.81 3007.04 2794.02 538.833 -23.962 217.728
40800000 -1860.88 3510.24 1909.75 255.209 -621.449 759.047
40900000 -2751.74 3429.04 3084.11 355.911 433.326 742.162
41000000 -2425.35 3635.93 2656.05 649.457 27.2884 142.261
41100000 -2788.22 3111.02 3460.45 -402.778 217.263 -211.994
41200000 -3547.4 3768.29 3010.26 104.866 -161.664 604.085
41300000 -3633.03 3521.17 3197.63 41.7917 46.214 820.981
41400000 -2703.9 3832.44 3344.75 203.116 -403.535 -370.334
41500000 -3602.57 4143.2 3087.97 148.331 -291.087 660.205
41600000 -2962.67 3392.58 3644.51 525.948 311.219 279.105
41700000 -4559.52 3783.44 3105.59 236.684 -136.463 -62.213
41800000 -4080.24 3698.28 3476.84 281.457 -560.602 -723.24
41900000 -4169.43 4474.52 3847.36 -124.83 -381.067 585.899
42000000 -3860.21 3994.14 3144.64 -64.1871 -308.038 -941.543
42100000 -3936.08 4059.2 2865.97 326.272 49.2004 66.9318
42200000 -3691.95 4192.83 3193.27 18.2768 -199.296 29.5556
42300000 -3113.99 3698.01 4102.89 450.33 170.086 179.92
42400000 -3895.76 3960.18 3943.96 266.284 267.565 139.03
42500000 -4604.37 4259.26 3711.91 140.14 205.789 661.33
42600000 -3740.67 4099.18 3929.74 54.4741 -548.882 298.482
42700000 -3328.23 3585.76 3464.22 -114.055 -370.033 332.524
42800000 -3763.66 3955.88 3239.54 284.4 -96.6208 -129.682
42900000 -2994.75 4102.86 2662.12 202.314 46.1399 170.19
43000000 -4847.82 3517.83 3137.12 812.684 73.6589 172.026
43100000 -3145.54 3439.23 3383.27 102.936 38.8072 228.801
43200000 -2634.86 3452.02 3846.99 640.423 600.538 136.418
43300000 -3186.84 3668.84 3780.19 465.891 -26.25 -387.525
43400000 -3382.32 3340.62 2920.48 16.1204 -18.6842 252.381
43500000 -2946.26 2913.83 2797.82 -363.495 -1005.88 170.272
43600000 -2793.61 3301.23 2598.03 146.89 -364.629 700.593
43700000 -1954.91 3339.09 3333.74 -166.969 -142.633 468.724
43800000 -2733.01 3766.72 1944.8 -340.773 -411.712 85.9117
43900000 -1525.48 2515.3 2304.48 -95.5935 129.877 1041.19
44000000 -1053.89 2786.82 2131.43 109.794 -3.70449 519.114
44100000 -1128.7 1912.76 2277.98 -384.266 -370.771 260.108
44200000 -1651.41 2529.08 2517.29 779.147 -133.144 -84.4743
44300000 -570.519 2111.07 2415.48 415.687 196.418 270.461
44400000 -878.419 2145.09 1999.05 -97.7562 14.9418 930.994
44500000 -119.723 1589.5 1339.61 168.729 -202.736 494.645
44600000 500.746 2700.19 1364 222.187 -53.4326 200.252
44700000 915.334 2654.85 949.521 -402.99 604.459 253.571
44800000 82.174 1601.43 1007.04 -710.373 -202.214 218.636
44900000 1375.59 1997.54 1147.26 299.379 794.064 22.7269
45000000 1075.89 1403.2 1117.13 -477.255 275.318 -89.9111
45100000 1650.83 1996.12 683.232 -87.79 -219.306 150.02
45200000 1488.13 159.685 -116.18 -537.17 157.433 183.504
45300000 1995.37 960.13 265.368 -169.651 48.6576 939.571
45400000 2213.52 957.062 104.898 16.1495 190.13 264.584
45500000 2958.92 241.289 161.468 -202.646 73.2456 617.694
45600000 2819.12 837.383 318.843 272.556 1.6936 556.879
45700000 3194.39 202.142 407.035 -266.065 -138.549 508.328
45800000 3098.34 137.97 -586.084 -172.514 -47.0138 663.757
45900000 4474.16 111.372 -662.442 96.631 344.311 616.197
46000000 2962.66 -198.697 -515.879 -307.742 184.479 162.342
46100000 4806.31 635.509 111.954 48.0674 -261.402 134.364
46200000 4057.26 -1363.92 -1271.44 169.983 -17.258 43.6139
46300000 5453.68 -832.507 -279.263 802.215 -98.7839 367.472
46400000 5696.1 -978.134 -480.729 3.23905 112.486 459.759
46500000 4778.22 -385.623 -936.443 -491.964 158.075 461.182
46600000 5657.65 -578.397 -935.406 277.972 312.008 377.71
46700000 6167.26 -788.057 -270.497 464.718 82.4264 30.2719
46800000 5624.63 35.6983 -880.084 -196.778 33.0289 864.438
46900000 5576.51 -1022.24 -1113.78 477.945 203.892 41.2621
47000000 5336.64 -675.532 -364.967 132.196 676.268 -132.008
47100000 5511.15 -878.064 -84.2901 -40.0087 67.1738 607.787
47200000 5271.34 -439.861 -963.273 -113.237 -968.616 715.84
47300000 5929.37 -329.161 37.0549 -521.939 -345.882 386.896
47400000 5795.67 -1408.09 -1004.89 512.065 131.095 336.942
47500000 5537.23 -559.87 -656.242 128.085 180.27 144.662
47600000 5442.35 46.4165 -379.076 -154.348 20.9018 294.223
47700000 4852.73 -47.2854 -1049.08 -399.409 -205.364 530.655
47800000 5536.34 -1572.24 -98.187 369.277 -39.1094 307.418
47900000 4640.2 -303.18 -112.215 607.289 -21.6328 452.585
48000000 4542.94 -718.108 -1309.69 82.6298 -68.767 -132.303
48100000 4699.37 -529.778 -922.165 -235.608 239.397 643.427
48200000 3858.75 253.694 -1310.56 346.147 42.2184 536.575
48300000 3948.3 195.095 -521.954 85.4647 614.88 -374.998
48400000 3806.93 -688.527 -194.02 55.5374 -242.741 862.512
48500000 3299.21 -161.842 -591.601 361.269 262.869 189.526
48600000 4167.83 728.346 -46.3697 559.075 254.723 222.161
48700000 3323.72 -22.992 -117.251 -100.366 391.905 501.399
48800000 3140.24 -123.006 -622.194 141.949 717.928 700.718
48900000 2392.19 -100.153 14.5866 27.0032 232.319 612.89
49000000 2621.6 -190.535 300.944 799.658 -333.696 339.775
49100000 2669.94 816.452 563.938 -93.3412 424.892 614.923
49200000 2261.67 962.406 -363.373 365.275 -91.17 664.13
49300000 1797.48 1185.93 1037.45 438.955 -109.296 258.178
49400000 2453.53 1252.54 400.087 576.821 -25.768 683.539
49500000 1951.64 1402.97 1176.66 -218.74 -134.136 707.53
49600000 1638.43 1216.91 7.57852 294.493 174.425 1052.06
49700000 320.607 1791.32 1419.92 141.712 -417.676 539.431
49800000 1658.2 1076.95 997.817 214.269 307.863 987.687
49900000 460.191 1781.26 897.725 405.347 166.249 651.499
50000000 -432.753 2454.98 1473.12 -250.283 582.514 984.468
50100000 177.967 1956.2 1641.81 -260.556 421.003 461.485
50200000 -948.931 2491.21 1795.75 686.966 -530.618 698.237
50300000 -1233.79 2219.41 1255.96 -301.989 92.6521 873.939
50400000 -1007.87 2432.87 3131.11 -16.7802 302.773 625.981
50500000 -1923.11 2208.35 2366.82 -116.912 540.736 591.307
50600000 -1910.14 3594.08 1692.97 -112.888 378.302 600.856
50700000 -2123.26 3117.42 2271.74 266.911 264.25 772.265
50800000 -2434.15 3554.62 2780.8 453.671 12.4053 678.135
50900000 -2395.21 3499.42 2811.1 75.5553 -218.876 878.326
51000000 -3878.05 3955.93 3039.25 619.89 -583.203 705.182
51100000 -3245.4 3634.06 2697.06 -107.279 244.423 635.379
51200000 -3384.54 4020.72 3036.85 188.37 159.079 1190.57
51300000 -3902.76 4384.32 3678.14 265.021 -401.08 943.53
51400000 -3974.08 4811.85 3724.38 520.299 -305.908 1005.62
51500000 -4377.55 4090.75 3587.35 266.067 232.039 882.328
51600000 -3872.52 4244.16 3949.06 739.231 625.558 1182.98
51700000 -4546.43 4237.82 3132.47 487.185 725.265 471.512
51800000 -4466.88 4120.36 3396.07 333.746 182.856 581.697
51900000 -4376.64 4634.43 2449.11 442.001 350.886 3.45103
52000000 -4779.24 4348.91 4723.8 -261.043 261.244 651.557
52100000 -4272.06 4562.02 4051.39 143.458 328.112 1481.14
52200000 -3694.09 4332.32 4925.95 -207.992 -217.513 793.076
52300000 -3457.62 4438.23 4223.54 388.458 41.8161 852.393
52400000 -3813.94 4783.31 4721.01 624.702 268.487 1097.67
52500000 -4611.71 4183.25 4157.34 237.477 481.308 319.914
52600000 -4811.23 4118.41 3485.45 -364.908 -151.787 871.234
52700000 -3851.8 4113.6 3744.45 13.8836 304.04 560.965
52800000 -3528.68 4012.63 3835.48 -115.275 -45.3802 310.52
52900000 -4209.09 4365.05 4061.54 451.367 518.86 434.181
53000000 -3483.23 3599.85 4391.9 -87.3424 -30.4556 82.1587
53100000 -2613.62 3357.55 3087.75 479.102 469.629 659.515
53200000 -2935.21 4274.15 3196.99 181.038 -174.512 653.108
53300000 -2414.78 4177.16 3309.3 109.746 9.70963 544.59
53400000 -3308.2 4129.99 3470.01 246.277 -238.801 -64.1938
53500000 -3063.38 3887.31 3720.33 85.2079 -10.7605 1037.17
53600000 -2293.36 2914.14 2888.77 458.971 -254.229 697.156
53700000 -2572.59 3843.67 2752.92 403.767 -182.733 118.659
53800000 -2229.62 1880.13 2344.56 -363.719 718.15 461.743
53900000 -2024.83 3233.15 1998.87 -1.03957 -195.439 666.233
54000000 -2140.08 2817.21 2694.38 76.4288 -177.421 349.951
54100000 -1779.35 1532.56 2072.35 209.216 294.715 -73.1901
54200000 -482.454 2776.39 1959.77 -370.503 393.561 19.0148
54300000 -306.881 1397.68 1931.84 150.041 637.918 229.017
54400000 21.9 1171.25 2448.72 201.723 -233.898 29.0674
54500000 -462.411 2433.35 1517.16 -74.5373 156.637 326.886
54600000 122.945 1639.5 1862.75 122.966 279.695 67.6393
54700000 631.221 916.328 2029.09 143.674 -462.259 198.174
54800000 844.928 1627.05 1839.24 421.362 -524.915 535.725
54900000 1507.56 1989.83 825.318 150.423 -298.795 553.371
55000000 1004.1 1858.96 831.43 -344.392 -263.155 761.563
55100000 1516.4 858.931 948.753 -56.1542 -197.526 993.105
55200000 2772.04 1079.16 1204.56 226.035 -47.7595 844.061
55300000 2365.97 582.489 -703.299 462.65 -112.822 523.016
55400000 3106.71 988.614 -75.001 316.205 -259.062 116.625
55500000 3187.71 931.63 237.307 385.554 -456.801 219.595
55600000 3397.51 274.333 -5.18794 253.14 -187.251 539.146
55700000 4413.6 123.02 -1047.13 243.595 -266.23 103.774
55800000 3626.83 85.3254 -54.3672 300.794 -212.495 465.653
55900000 3835.67 -207.995 -620.371 513.948 -9.71484 -118.954
56000000 4332.36 -28.8263 -667.82 474.553 172.953 216.64
56100000 5539.11 198.871 -967.94 539.364 16.97 445.107
56200000 5031.71 -987.591 -684.969 -39.1384 146.021 736.013
56300000 5137 -837.113 -525.256 206.963 -300.325 257.141
56400000 5264.08 -222.277 -535.668 833.544 -994.481 775.95
56500000 5386.28 -144.952 -916.279 583.312 -633 1112.89
56600000 5383.83 -247.644 -1381.41 -106.992 -400.484 287.933
56700000 6059.82 -525.309 -1296.75 300.623 -76.0289 272.253
56800000 6253.16 -8.04906 -769.624 355.07 156.164 556.428
56900000 5978.65 -1211.61 -924.78 212.232 -276.438 1228.72
57000000 5635.52 -150.948 -1145.43 551.845 -327.082 859.747
57100000 6059.88 -1024.82 -472.93 250.568 -820.565 709.984
57200000 6279.02 -481.399 -900.61 195.878 -123.961 922.28
57300000 6562.16 -1939.31 -1702.22 171.551 -66.297 950.532
57400000 6334.42 -771.53 -683.038 111.265 -110.743 540.853
57500000 5454.7 -1090.84 -855.512 230.203 -430.643 470.28
57600000 4905.68 -881.436 -1007.89 -3.14817 -380.251 364.612
57700000 5891.36 -33.0049 -1008.72 -176.779 -167.266 446.257
57800000 5501.74 -472.264 -295.449 -143.074 -491.691 497.176
57900000 5928.04 -937.109 -1336.78 -387.021 -125.923 813.479
58000000 5323.21 -956.768 -487.586 -477.634 -666.827 932.422
58100000 5614.41 -645.582 -760.642 -548.502 -388.075 1159.14
58200000 5006.8 -799.805 -300.028 56.3124 -462.811 26.7575
58300000 5265.93 -489.239 -1207.8 -190.225 -62.9807 627.663
58400000 4782.41 -467.357 -1095.13 21.1059 -814.148 1094.31
58500000 4635.92 -553.514 -91.2823 -102.967 -553.101 801.257
58600000 4714.53 -584.497 -851.92 30.6792 -235.091 648.055
58700000 4214.2 -174.705 395.499 228.366 -95.4582 717.283
58800000 3776.29 37.8175 245.866 118.455 94.9103 972.714
58900000 3462.95 333.197 806.307 225.757 -287.645 524.509
59000000 2962.74 174.126 126.043 833.638 -443.177 1138.03
59100000 2712.7 -266.619 -385.894 96.4433 -94.7469 1103.89
59200000 2908.61 99.1725 1118.53 465.747 156.677 1103.16
59300000 2903.06 446.754 532.676 -479.88 -191.842 830.255
59400000 3182.79 546.792 570.6 -443.73 -606.673 880.261
59500000 2562.31 1071.72 866.606 -591.502 -30.1497 590.283
59600000 2103.52 1095.38 1956.12 9.20726 -1083.92 576.038
59700000 1639.06 1041.65 1023.52 131.303 -536.817 516.862
59800000 1790.26 516.739 1577.55 280.815 -774.943 612.193
59900000 1128.29 1638.63 1217.94 -148.623 -258.536 301.609
60000000 546.399 1989.5 1907.55 -475.478 -727.582 586.087
60100000 -182.014 1826.89 1182.43 -303.732 23.6912 485.723
60200000 -556.414 2523.71 1743.71 282.32 -541.559 187.916
60300000 723.208 1490.85 2134.28 23.937 97.9904 566.662
60400000 610.026 1992.26 3036.59 -49.7028 -222.401 297.929
60500000 -727.839 2197.34 2313.63 63.2135 -398.386 531.393
60600000 -422.1 2405.52 2495.09 551.07 36.334 761.346
60700000 -1276.68 2470.17 1871.7 -450.311 -48.3328 143.084
60800000 -951.65 2437.05 3301.35 566.348 122.042 569.688
60900000 -1778.89 3100.76 3657.4 -152.932 363.719 909.089
61000000 -1597.38 3671.81 3347.03 -165.406 -20.9898 413.305
61100000 -1824.86 3605.76 3447.69 9.87284 -407.292 324.101
61200000 -1773.51 3421.94 2238.49 -409.255 -46.6066 115.759
61300000 -2606.86 4009.37 2949.63 -355.12 -48.0657 -138.616
61400000 -2055.09 4514.63 3271.82 217.442 -295.296 617.155
61500000 -2232.18 3700.25 3951.94 11.2127 -99.6134 652.206
61600000 -3527.69 4122.69 3309.25 -1027.89 -254.732 1219.89
61700000 -2854.84 3763.02 3508.99 -255.094 -31.4022 354.019
61800000 -2829.75 4062.88 3137.61 -164.985 -679.452 563.216
61900000 -3386.73 4008.28 4590.28 143.134 -944.168 649.115
62000000 -3776.65 3581.83 4029.67 -271.318 -92.1998 1147.25
62100000 -2845.45 4901.26 2826.79 -90.5159 -475.736 414.369
62200000 -3926.33 3942 3596.56 347.222 -482.046 581.629
62300000 -3702.7 4443.5 3746.94 918.895 -480.986 -48.4882
62400000 -3216.68 4570.46 4092.04 215.138 -940.432 858.898
62500000 -3423.29 4371.61 3448.08 90.6875 -118.731 110.983
62600000 -3189.3 4491.27 4322.34 -321.786 -344.392 344.898
62700000 -2811.55 4690.89 4153.63 -151.188 -599.61 515.416
62800000 -2412.56 4723.14 4009.37 3.47495 -40.7965 841.908
62900000 -2147.47 3902.33 3059.04 -174.255 -669.037 981.634
63000000 -2292.44 4441.06 3572.65 60.2367 -212.163 796.513
63100000 -2159.06 3554.56 2526.98 223.227 531.209 654.164
63200000 -3238.97 4927.56 3512.93 -289.792 -826.635 411.231
63300000 -2130.77 3493.61 2835.69 -221.208 -559.71 50.2782
63400000 -2830.69 2983.13 2843.89 -146.746 -910.36 358.306
63500000 -1619.76 3392.62 3607.02 168.108 -631.127 599.556
63600000 -2010.33 3040.79 3238.14 -453.853 -272.761 -315.662
63700000 -1389.4 3115.94 3011.59 195.507 -713.483 -20.3707
63800000 -1213.49 3263.58 2233.67 -304.029 -428.314 712.088
63900000 -1252.68 2620.95 1936.57 -203.817 -582.237 -307.989
64000000 -914.262 2723.01 2589.47 171.776 -83.9208 604.718
64100000 -1209.16 2211.95 1913.1 -287.43 -298.133 78.3686
64200000 -135.207 2376.81 1705.53 -160.366 -568.342 -147.094
64300000 1118.39 2652.8 815.141 -136.122 -392.336 194.589
64400000 58.3392 1895.81 1625.42 313.726 -755.692 5.95217
64500000 897.334 1363.99 1238.84 468.813 -765.82 221.741
64600000 535.493 2209.91 1147.28 315.7 -976.935 671.544
64700000 1165.02 1102.28 2104.77 -118.39 -699.35 551.236
64800000 1145.67 1836.31 607.363 411.21 -997.343 543.348
64900000 1741.01 1141.93 641.357 268.684 -740.643 76.6305
65000000 1387.61 1500.94 823.345 274.215 -874.719 34.8614
65100000 2738.31 937.423 1151.95 -4.27098 -870.812 224.341
65200000 3116.02 415.001 834.931 -223.67 -487.13 -36.2336
65300000 3172.05 856.023 298.087 -177.584 -466.873 352.859
65400000 3481.97 71.1814 457.494 81.914 -143.102 -161.705
65500000 3615.3 611.453 189.158 -532.393 -759.592 732.569
65600000 3435.17 333.06 -261.965 -118.651 -134.515 248.779
65700000 4502.97 85.7688 64.2477 3.14694 -643.28 207.745
65800000 4365.1 -59.3915 -759.591 513.383 -700.673 46.9294
65900000 3901.05 -258.412 -162.061 -417.097 -180.001 1221.24
66000000 3851.91 -200.192 -680.754 -154.853 -692.338 173.346
66100000 4320.99 -714.501 -1113.87 -571.17 -324.725 731.255
66200000 5435.12 -180.381 -712.539 -444.009 -447.291 893.221
66300000 5424.98 -78.9929 -401.454 395.885 -547.501 402.805
66400000 5747.21 -124.235 -1566.94 -252.863 -492.496 274.441
66500000 4710.65 -987.829 -917.431 -239.339 -226.345 637.176
66600000 5955.54 -1033.16 -1114.57 -245.212 -752.967 671.553
66700000 5964.86 -165.72 -872.297 -218.284 -711.993 616.907
66800000 5797.51 -970.803 -532.43 147.654 -166.292 767.877
66900000 6066.03 -1000.44 -1209.47 73.9475 56.8709 762.04
67000000 7077.42 -1503.16 -481.823 37.8279 -406.439 614.032
67100000 5931.97 -886.136 -1159.76 -477.847 -142.792 629.869
67200000 5583.66 -1248 -1211.17 -108.528 -772.083 410.956
67300000 6821.22 -1639.51 -488.809 -110.126 -549.156 409.584
67400000 5453.77 -225.579 -678.492 160.159 -827.306 640.925
67500000 5036.02 -464.741 -1133.59 -353.921 -440.047 518.229
67600000 6567.23 -863.36 -1548.72 137.42 -341.489 363.452
67700000 6206.32 -1235.69 -1390.53 -488.481 -467.608 905.591
67800000 6362.72 -302.934 -959.402 149.159 -366.362 516.071
67900000 6431.47 -393.819 -717.037 -254.428 -242.516 589.292
68000000 5436.33 108.453 -812.62 -854.279 504.367 839.061
68100000 5734.73 -267.155 -1080.33 -586.731 -619.299 768.189
68200000 5903.43 -285.245 -700.348 -0.94407 -488.993 700.439
68300000 4654.38 -563.869 -934.146 -555.998 -359.757 611.768
68400000 4691.2 11.0675 -801.271 -11.831 -89.9931 550.108
68500000 4586.54 -128.128 -652.876 -436.622 -231.605 522.09
68600000 4395.57 542.84 -1043.27 -717.609 -446.719 151.408
68700000 4117.6 -355.387 -1250.35 11.3964 -303.367 711.863
68800000 4009.53 133.715 -126.372 256.992 -736.743 577.949
68900000 3842.17 118.304 -1059.47 -240.241 -205.627 507.809
69000000 3753.5 1295.89 -379.815 -179.654 -657.614 517.37
69100000 3300.96 -96.9075 474.66 -224.276 -524.11 289.872
69200000 2382.78 513.222 -491.958 256.795 -122.824 1348.34
69300000 2397.11 1150.75 -504.481 -359.841 -245.289 530.778
69400000 2366.93 710.051 779.274 389.918 -377.632 862.516
69500000 2612.39 1446.26 706.956 817.375 -71.5832 406.858
69600000 1587.73 1610.57 50.6224 148.378 -647.392 483.147
69700000 1792.98 783.188 370.576 166.137 158.531 1007.23
69800000 764.075 1650.07 881.591 -332.786 19.2595 838.151
69900000 1079.02 940.997 1492.44 -41.3141 -161.951 943.659
70000000 968.779 2633.08 968.212 55.608 -80.2749 773.036
70100000 104.169 1763.79 1737.43 264.827 -146.491 345.287
70200000 380.74 1865.61 1175.54 107.596 81.7172 638.342
70300000 299.373 2903.77 1496.64 -523.899 -404.116 738.622
70400000 -305.976 2575.86 1868.63 -304.556 195.564 78.9971
70500000 -1180.78 2376.97 1166.04 270.168 -289.987 555.186
70600000 -1218.44 2533.47 2315.49 -289.235 -214.214 277.837
70700000 -715.726 2773 2455.08 450.668 116.142 311.274
70800000 -1563.24 4103.42 1554.61 518.157 -329.879 -819.076
70900000 -1519.5 3301.75 2630.18 -460.584 -194.525 475.03
71000000 -1457.38 3342.08 2583.24 -287.278 -238.448 276.971
71100000 -2145.32 3122.11 2272.12 108.274 -120.311 744.11
71200000 -1662.96 2993.38 3068.82 -352.972 -148.42 494.988
71300000 -1354.08 3581.4 2684.23 -380.999 -422.243 903.887
71400000 -1676.33 2008.3 2830.78 -540.895 -469.269 436.318
71500000 -2253.31 3853.5 3451.6 201.477 -393.491 1114.13
71600000 -2207.26 3409.13 3327.98 -112.156 -751.983 661.751
71700000 -2531.38 3864.19 3151.54 139.074 -693.941 469.784
71800000 -2110.15 3113.08 3700.33 24.8885 -531.109 471.798
71900000 -2077.8 3396.11 3821.89 -2.32462 -880.919 769.872
72000000 -2706.02 3534.56 3715.91 160.333 -311.314 120.209
72100000 -2042.17 4459.83 3927.43 73.1103 -90.9057 384.448
72200000 -3107.22 3738.59 3675.29 -335.09 -301.178 255.67
72300000 -3106.83 4720.51 4046.08 97.501 -238.38 897.69
72400000 -1677.27 4330.72 3652.11 136.798 105.819 277.358
72500000 -3103.19 3737.3 3788.5 -202.274 -605.267 664.825
72600000 -3046 3981.47 3918.51 -371.723 -630.563 616.382
72700000 -2104.27 4294.79 3464.21 -249.164 -265.499 -278.157
72800000 -2025.19 2673.9 3572.87 -458.816 -643.26 401.261
72900000 -2281.8 3616.82 2950.12 -39.8415 -444.508 241.495
73000000 -1567.03 3554.26 2907.8 -418.914 -314.889 -5.34331
73100000 -1910.25 4779.06 3266.97 62.3462 -111.645 516.659
73200000 -2062.62 3843.81 3078.1 -256.008 -242.853 50.4305
73300000 -1234.21 2640.03 3371.41 -222.373 94.3456 680.322
73400000 -1304.87 3392.48 2483.42 -237.867 -447.219 662.833
73500000 -974.506 3916.27 2834.65 -150.727 -66.2443 331.438
73600000 -564.749 3091.04 3077.98 -424.551 123.492 369.218
73700000 -957.504 2831.93 2434.18 -776.751 106.814 49.7967
73800000 -477.926 2745.21 1843.98 -720.037 -34.7089 15.9681
73900000 -246.591 2685.91 1325.25 -202.676 -78.4782 28.285
74000000 217.988 2981.6 1669.08 -345.578 -110.125 714.636
74100000 -639.019 3058.21 1591.12 720.144 -96.9873 337.19
74200000 816.544 2538.65 1655.13 -351.967 -98.6983 131.928
74300000 403.697 2117.55 1316.34 -199.081 -561.466 917.254
74400000 1016.94 2225.73 1172.91 228.888 -521.649 877.748
74500000 833.358 1893.69 2117.17 -270.065 327.215 262.437
74600000 1351.79 1497.36 1267.24 -222.484 -21.1765 525.884
74700000 1786.17 2179.67 782.113 -205.157 111.628 612.279
74800000 2438.33 1094.51 455.313 12.0442 -375.87 553.905
74900000 2005.14 1577.71 36.324 263.423 -814.055 -109.546
75000000 2680.06 1679.68 550.943 402.069 -577.997 448.899
75100000 2862.04 896.413 -317.838 -269.336 -136.885 -109.924
75200000 3264.69 899.857 -892.533 -484.358 -446.759 474.617
75300000 2933.65 904.841 132.057 -401.465 -539.706 156.44
75400000 3764.81 924.669 -200.587 -942.424 -478.778 479.29
75500000 3376.25 240.327 301.515 541.384 -1037.37 846.854
75600000 4758.01 -318.795 422.852 -374.994 -433.479 986.03
75700000 4331.55 -99.3429 249.412 -235.342 -1381.73 1102.51
75800000 4439.43 807.238 -955.45 -237.301 -679.554 89.578
75900000 5357.35 594.459 -716.642 -305.797 -734.618 772.466
76000000 5292.1 424.949 -314.454 215.509 -745.194 1207.64
76100000 5494.74 1065.78 -197.042 150.137 -736.759 454.959
76200000 6308.91 259.243 -1230.52 -675.47 -997.833 748.893
76300000 5648.91 -79.4965 -1728.06 -265.12 -710.643 855.112
76400000 6095.63 -848.811 -770.02 -204.587 -476.721 799.154
76500000 6377.74 -328.597 -884.54 -103.243 -32.6322 619.455
76600000 6059.8 -20.1826 -1760.31 122.144 -387.605 78.9757
76700000 5846.11 -258.532 -1352.99 -242.538 -549.709 781.542
76800000 6357.87 -878.252 -1351.21 -357.733 -13.0497 819.568
76900000 7155.43 -210.7 -987.832 -785.958 -390.717 584.737
77000000 7146.3 -609.826 -1266.76 -546.014 -191.962 897.384
77100000 6660.51 -886.373 -1181.32 93.9833 -480.703 211.064
77200000 6661.24 -889.128 -1767.93 -369.84 -956.826 698.94
77300000 7091.51 -843.846 -2244.9 -65.4597 -1076.81 279.593
77400000 6719.68 -37.3379 -1075.47 -501.271 -561.366 781.278
77500000 7457.38 216.625 -1807.99 -818.756 -364.701 687.259
77600000 6329.49 -982.975 -1694.11 -703.481 -796.51 499.908
77700000 6787.56 -922.05 -1517.86 -104.455 -680.464 921.002
77800000 5920.41 252.877 -1482.4 330.238 -863.521 748.661
77900000 5702.98 -104.446 -791.98 -302.34 -73.7149 234.729
78000000 6482.84 -71.3269 -928.403 187.501 -835.272 695.143
78100000 5999.61 -567.431 -928.406 -433.683 -940.604 291.905
78200000 5086.07 -41.8368 -449.112 -558.624 -679.825 364.549
78300000 4907.42 334.2 -688.99 -630.826 -59.0904 1061.93
78400000 5028.77 -75.985 -1102.48 -523.183 -529.257 466.688
78500000 5594.63 -26.25 -1105.61 -321.382 -514.955 225.667
78600000 5765.37 720.182 -936.489 20.9208 -205.7 491.139
78700000 4572.69 981.114 -326.603 -455.226 -217.45 1050.37
78800000 4169.38 845.832 -161.254 -6.94355 302.785 503.99
78900000 3590.64 570.33 113.01 -270.539 -385.756 371.377
79000000 4163.24 157.33 -402.298 -31.6487 -370.081 604.434
79100000 3068.63 746.764 -633.797 -33.0356 -663.171 1073.14
79200000 2633.17 1316.07 -550.934 -20.0722 -6.71608 983.517
79300000 2591.6 913.911 -229.433 -342.266 -339.838 393.63
79400000 1469.82 1602.47 -816.848 65.1726 161.077 1097.48
79500000 2434.58 1083.85 674.561 -187.15 -187.643 646.406
79600000 1752.5 1309.52 564.121 38.3043 11.5487 245.257
79700000 2267.31 515.259 177.322 -313.522 722.059 -253.973
79800000 923.722 1992.37 206.936 91.7874 -596.22 893.232
79900000 2009.09 2412.22 429.292 -323.04 -303.601 515.375
80000000 806.378 1640.11 884.216 39.0008 -224.227 -300.428
80100000 -121.512 1954.61 2238.18 -669.383 -95.6113 397.236
80200000 304.212 2102.12 1383.74 -402.579 -375.56 372.935
80300000 -294.965 3151.73 1519.96 126.346 -31.4949 38.49
80400000 -318.176 2398.39 1891.23 104.449 469.016 592.293
80500000 -495.846 2136.91 1805.24 382.774 56.0188 44.0228
80600000 -1459.23 2935.52 2475.8 -115.131 -338.883 667.03
80700000 -1305.77 4111.11 1718.67 -143.546 234.385 71.0073
80800000 -1428.05 3736.64 1306.18 -827.838 -167.872 130.736
80900000 -2502.42 2704.57 2464.46 -538.807 -290.044 919.716
81000000 -2339.15 3471.25 2409.27 -107.428 323.55 376.45
81100000 -1753.2 3916.17 2037.29 -631.845 190.645 408.56
81200000 -2586.86 3961.6 2932.16 -329.562 -481.976 465.915
81300000 -2719.93 4608.6 2392.76 -455.166 -181.492 51.8668
81400000 -2007.45 4037.95 2859.07 -1046.48 -416.103 394.99
81500000 -2216.41 4288.2 3292.8 -524.307 285.955 200.541
81600000 -2616.63 4217.29 2879.97 -620.923 528.219 1322.57
81700000 -2210.44 4466.3 3053.85 -586.091 42.7445 192.419
81800000 -2362.76 3452.31 2438.11 -17.4205 -48.3441 420.858
81900000 -2936.79 4451.57 3291.07 -256.784 -257.012 131.492
82000000 -3614.03 4538.54 3343.13 -310.201 -168.166 568.118
82100000 -2930.61 4532.89 3851.01 -272.998 -339.544 320.482
82200000 -2840.88 4626.7 3755.11 -514.656 -755.125 53.9963
82300000 -2979.47 4451.95 3016.83 -732.011 -144.84 470.761
82400000 -2264.82 3534.12 3362.9 -900.587 -299.143 434.588
82500000 -2712.98 4132.76 3339.51 -361.507 -36.2276 178.343
82600000 -3238.65 4094.4 2733.35 -174.465 -216.173 125.938
82700000 -2844.29 3987.07 3278.03 -568.022 -742.588 -256.215
82800000 -2777.41 4089.1 3286.43 -174.921 -624.834 35.3208
82900000 -2368.67 3997.75 2930.6 -712.011 -956.671 364.704
83000000 -2006.6 4069.86 2835.4 -700.874 -450.401 653.359
83100000 -2455.31 3425.98 3454.75 -1023.7 -496.147 118.537
83200000 -2230.59 3222.46 2563.32 -581.633 -578.326 27.0597
83300000 -1492.73 3818.81 2034.39 -558.584 -699.376 250.841
83400000 -1055.14 3215.84 2541.02 -706.892 -137.278 987.447
83500000 -1389.48 2345.4 3094.69 -119.301 -114.092 -215.585
83600000 -1321.75 2781.97 2790.76 -376.551 -162.61 399.583
83700000 -1422.95 2910.43 3021.6 -410.066 -386.929 301.191
83800000 -1173.28 2866.32 1782.91 -500.157 -381.602 -189.399
83900000 -841.306 3205.15 2001.57 -584.076 -225.986 228.013
84000000 -446.073 2825.89 2845.85 -778.172 -523.967 191.558
84100000 -518.016 2784.74 1981.1 -492.765 -427.679 1057.76
84200000 -235.072 2229.88 2180.46 -216.85 -606.259 489.946
84300000 515.46 2635.91 2122.69 -331.713 -568.875 415.85
84400000 135.5 1350.37 1554.24 -981.067 -215.898 -12.0294
84500000 2007.62 2274.14 1695.12 -1414.13 -232.768 860.564
84600000 885.978 1434.12 1937.67 -878.968 -637.237 223.351
84700000 1540.58 1889.34 1782.84 -333.058 -73.997 661.74
84800000 1723.94 967.113 2032.41 -463.328 -114.499 158.414
84900000 2011.09 1942.17 1626.75 -766.349 -761.616 364.548
85000000 1338.67 1025.4 339.29 -609.193 487.861 -135.746
85100000 2786.46 1016.95 782.287 -167.062 -26.2609 477.13
85200000 2803.27 345.263 738.862 -631.106 155.983 422.521
85300000 4011.37 1078.98 -136.082 -339.511 -123.094 95.6349
85400000 3296.3 781.464 1459.52 -113.767 39.8808 389.053
85500000 4003.4 10.6827 1156.92 -317.343 -136.393 523.807
85600000 3630.62 489.434 176.87 -226.404 230.349 -91.3328
85700000 3847.63 -391.107 -186.509 -840.464 -325.969 -136.496
85800000 4700.56 -356.501 -220.028 82.386 -553.285 290.302
85900000 3896.46 39.587 -1374.77 -652.467 -370.024 680.208
86000000 5090.16 -10.8467 -286.584 -660.662 116.325 148.893
86100000 4282.75 243.673 -378.713 -503.312 -568.758 617.248
86200000 5074.16 -527.464 -20.9566 -579.839 793.966 446.157
86300000 5730.33 -56.4446 -68.0301 -757.585 144.59 641.774
86400000 5351.72 -708.737 -880.29 -362.242 39.5596 337.514
86500000 5361.93 133.928 -1268.47 282.577 -99.6209 599.659
86600000 5820.23 -295.525 -1333.52 -606.206 3.28106 630.06
86700000 6181.22 -1125.72 -478.033 -752.593 -10.3898 38.0534
86800000 5696.88 -577.696 -1349.72 -466.028 58.5818 235.31
86900000 6776.86 -1551.33 -1544.92 -231.495 381.065 466.04
87000000 6930.13 -681.022 -1645.09 -504.214 -218.581 265.558
87100000 5875.94 -941.843 -1345.8 -715.177 -352.732 1133.15
87200000 6653.56 -1099.36 -1108.17 -322.652 603.395 715.483
87300000 6815.88 -882.167 -1403.03 -181.887 13.8806 556.789
87400000 6709.39 -840.764 -817.26 -67.0654 326.35 631.08
87500000 6194.74 -1136.86 -1260.36 -379.538 -20.4665 273.295
87600000 5875.57 -715.826 -1387.94 -524.408 -203.426 50.4773
87700000 6020.56 -929.383 -1051.4 -186.048 42.7446 -285.993
87800000 7241.17 -1339.92 -1359.38 -621.249 148.076 38.1243
87900000 6481.7 -715.097 -1298.78 92.2813 -387.059 262.708
88000000 6343.52 -522.308 -669.121 -260.193 -144.601 315.703
88100000 5893.79 -975.796 -1538.91 -615.292 73.3515 42.1272
88200000 5700.35 340.237 -1696.03 99.4094 -335.302 655.11
88300000 6308.96 -755.379 -1180.06 -831.184 -48.1737 -251.731
88400000 5693.08 -1233.83 -1757.46 -718.972 -433.942 244.883
88500000 5061.15 293.345 -635.814 10.8479 461.958 958.73
88600000 4627.24 -779.529 -1030.07 -976.004 53.8211 429.39
88700000 4537.34 192.268 -1133.66 -289.905 -556.951 -49.1384
88800000 4296.72 631.897 -435.021 -869.73 -136.875 607.566
88900000 3839.17 -175.877 -1041.59 -837.446 -773.896 436.024
89000000 3929 -187.34 -1086.08 -335.742 -581.667 583.404
89100000 3471.3 543.021 -893.238 -371.014 343.95 366.309
89200000 3628.17 778.996 -928.662 -307.724 -74.5593 461.143
89300000 3208.26 807.714 -254.061 -735.485 -241.827 501.52
89400000 3399.32 1001.61 -827.743 373.585 128.652 -165.491
89500000 2582.63 1147.72 -1182.51 -149.398 6.64235 269.372
89600000 2723.25 1111.22 682.704 330.854 98.6633 480.337
89700000 1155.13 999.945 652.092 -277.751 -468.202 119.03
89800000 1131.82 618.039 597.799 -71.7572 150.751 692.209
89900000 1549.63 1194.59 667.773 166.026 -23.144 684.456
90000000 624.648 1948.76 -325.337 -48.8851 94.6399 -68.8438
90100000 203.85 2402.13 346.112 -793.681 -23.2419 5.99355
90200000 3.53434 2183.6 938.237 -886.402 -183.273 257.558
90300000 -713.762 2634.79 1381.08 -428.521 -386.604 703.712
90400000 -583.716 2751.73 1205.35 -464.035 -39.3841 366.852
90500000 -896.811 3301.91 1034.72 -335.284 115.696 409.951
90600000 -1319.59 2895.15 2482.88 -104.461 -165.445 19.7904
90700000 -413.701 3476.32 1890.26 -99.3458 -107.55 672.287
90800000 -985.71 3190.19 2293.32 -364.169 -139.122 365.679
90900000 -2679.39 3387.08 2951.97 -481.571 -286.658 598.129
91000000 -2422.71 3918.21 3147.1 -24.4072 -357.491 140.193
91100000 -2695.39 2946.76 2769.24 1.45092 -497.772 -23.192
91200000 -2463.66 3303.6 3207.17 639.109 -580.654 534.333
91300000 -2951.18 2577.36 2711.25 98.3381 -316.683 889.712
91400000 -2664.94 3569.29 2013.97 -349.225 -171.855 137.931
91500000 -3020.5 3292.5 3020.43 448.102 -77.2966 625.801
91600000 -3362.83 3445.97 2846.15 341.866 -602.382 507.572
91700000 -2332.45 3750.2 3264.68 -430.135 -138.322 184.422
91800000 -3184.8 3578.26 3143.2 1.86601 -244.615 549.372
91900000 -2289.24 3769.78 2335.18 144.877 -611.781 -233.685
92000000 -2320.13 4476.5 3526.38 346.255 -472.055 137.084
92100000 -3083.49 3651.57 3951.83 178.325 -233.68 176.17
92200000 -2668.35 4415.25 2670.3 494.25 366.389 176.718
92300000 -2888.79 3520.57 2982.89 -487.359 -124.859 127.993
92400000 -2236.36 3676.28 2994.47 -319.612 225.645 398.606
92500000 -2790.02 4250.08 2710.08 -137.336 -193.555 445.642
92600000 -3154.04 4236.33 3470.21 -522.683 -374.799 225.45
92700000 -2731.29 3926.07 3983.67 -31.4787 -342.491 -313.501
92800000 -2529.76 4650.55 3854.8 -494.176 39.6807 675.1
92900000 -2420.42 4023.13 3320.47 -425.255 260.006 757.139
93000000 -2189.7 3776.02 4007.47 -291.651 -559.581 173.111
93100000 -3242.56 4403.99 3965.32 -188.96 -640.622 126.715
93200000 -1659.98 3480.89 3310.79 451.294 -708.386 460.858
93300000 -2788.37 3571.37 2908.78 237.679 -22.9407 131.37
93400000 -1905.84 3407.66 3989.15 -336.19 -463.615 983.537
93500000 -1789.49 2939.2 3158.74 -113.898 -591.663 360.861
93600000 -1844.25 2313.43 2739.47 -115.065 -156.022 643.282
93700000 -898.115 3518.97 2382.58 -281.32 -24.1922 42.5881
93800000 -1405.36 3483.06 3214.76 307.346 -277.046 137.917
93900000 -853.032 3594.31 1937.83 -358.526 95.6185 262.178
94000000 -734.236 2914.01 2373.5 -495.244 -658.78 -108.539
94100000 -473.196 2638.13 2918.11 -640.352 38.487 683.803
94200000 299.956 3452.47 2405.28 -215.054 286.805 535.541
94300000 -40.0036 3188.53 946.459 -396.045 -984.703 294.724
94400000 -2.14006 2214.38 1588.7 -282.109 -335.819 361.669
94500000 1097.99 1969.15 1463.35 -301.447 229.456 414.74
94600000 507.86 1890.82 1647.95 -532.363 -244.178 978.689
94700000 1890.47 1587.71 927.804 282.248 -405.418 471.864
94800000 1614.1 1675.71 1985.55 -74.3329 -660.114 446.483
94900000 2006.27 1311.3 919.864 -645.515 -534.675 515.559
95000000 1815.96 892.329 873.81 37.3803 -68.1328 889.727
95100000 2862.68 1619.73 1176.48 39.8338 -537.078 487.925
95200000 2622.84 1379.4 216.171 -379.207 -514.3 804.941
95300000 3421.28 1079.46 136.029 -958.964 -58.2056 831.41
95400000 3260.28 856.538 189.342 -407.967 -99.1709 257.77
95500000 4090.11 828.221 -55.8538 -414.621 -561.628 850.621
95600000 4261.82 529.779 -540.919 132.46 -725.759 795.434
95700000 4637.4 464.027 -106.976 51.5819 -280.563 565.062
95800000 4327.97 -174.38 -720.72 25.5234 32.8486 199.213
95900000 4770.19 564.7 -699.549 -400.228 -535.166 665.74
96000000 4581.35 0.0992819 -612.26 -16.2995 91.3849 504.65
96100000 4855.91 736.294 -1122.6 217.502 -842.461 372.315
96200000 5439.54 -11.2788 -185.921 -289.874 -458.629 261.823
96300000 5585.36 -245.58 -722.383 -189.307 -423.645 130.613
96400000 6295.3 -393.517 -1160.59 -470.719 -2.67302 502.195
96500000 6358.72 -310.279 -1221.25 19.1022 -589.001 649.617
96600000 6405.47 -709.3 -872.561 -344.398 -1120.99 495.442
96700000 6309.45 -1016.76 -1105.05 -422.41 -465.86 201.649
96800000 6567.82 -1156.66 -714.605 32.1825 -414.765 388.871
96900000 6286.08 -886.192 -813.523 -560.833 -712.075 333.685
97000000 6648.49 -531.003 -1003.07 24.9586 -294.199 -100.192
97100000 6156.46 -986.719 -1104.74 -299.051 -235.34 248.17
97200000 6640.73 -197.464 -1245.13 -884.216 35.8848 560.62
97300000 6074.29 -880.089 -1968.09 -326.13 -254.109 231.115
97400000 6456.97 -895.187 -2177.91 7.15032 -273.611 528.528
97500000 6430.8 -590.177 -1047.61 -453.488 -369.309 348.454
97600000 7239.62 44.2387 -1317.53 -625.684 -63.9521 287.47
97700000 6004.11 -264.58 -1221.68 -250.521 -323.043 -475.995
97800000 6402.57 -791.741 -1273.42 -623.458 -425.178 679.994
97900000 6318.92 -530.72 -1959.2 -380.962 -452.418 247.072
98000000 5951.12 -798.431 -1102.77 -143.238 -376.332 1091.75
98100000 6282.3 -15.0759 -1496.43 -562.402 -157.8 426.547
98200000 5275.67 410.46 -587.469 -85.6639 -432.744 504.789
98300000 5180.87 -607.139 -1210.94 253.24 -804.006 628.788
98400000 4474.82 -96.5768 -1751.02 -480.516 -375.182 1003.32
98500000 4736.64 -541.182 -374.657 -840.329 -581.596 110.993
98600000 4150.62 -255.384 -1420.87 390.638 -752.831 53.8204
98700000 3643.75 -281.875 -1215.5 -488.569 -41.7855 -8.55013
98800000 4066.54 -124.568 -234.595 -780.029 -136.619 63.5868
98900000 3552.54 132.942 220.411 -157.712 -728.631 323.63
99000000 3690.24 330.013 222.451 19.987 -102.048 247.154
99100000 3538.08 197.392 303.062 -123.631 -577.55 29.5372
99200000 2961.5 225.482 388.67 116.419 -728.358 516.467
99300000 2260.93 1802.51 4.64751 -834.657 -606.329 296.789
99400000 2401.41 1785.22 -237.574 -432.409 -148.53 227.427
99500000 1971.57 709.499 459.031 -56.9041 -183.037 67.3744
99600000 1884.48 1250.26 581.302 -258.93 -136.105 1007.82
99700000 1514.4 2101.17 211.285 134.426 -566.638 25.6995
99800000 1149.95 1159.35 1329.27 -98.0081 -640.987 514.625
99900000 1280.19 1459.24 495.908 -167.995 -50.9087 51.4731
100000000 1505.87 1878.98 316.918 -43.75 -522.061 810.828
