# Time-averaged data for fix ps1
# TimeStep c_thermo_press[1] c_thermo_press[2] c_thermo_press[3] c_thermo_press[4] c_thermo_press[5] c_thermo_press[6]
0 2067.44 1468.13 863.04 -370.696 -126.514 112.825
100000 2410.21 1990.57 1934.09 -370.668 368.408 266.109
200000 1947.83 1855.04 2243.15 -68.2173 9.30613 -30.7583
300000 1713.05 2386 2157.38 -109.738 126.654 -399.069
400000 673.737 2703.73 2689.87 -389.066 229.999 371.566
500000 389.927 2515.56 1914.02 124.513 164.85 -47.8067
600000 665.019 2053.98 2332.94 -513.927 308.031 -110.618
700000 -238.777 3116.65 2891 -202.857 232.335 560.167
800000 -155.502 2744.45 2933.48 -295.486 730.801 -167.989
900000 -911.223 3670.97 3483.39 2.5829 357.097 -14.9446
1000000 -2034.35 4289.78 3711.53 -592.776 34.3209 147.294
1100000 -1944.9 4183.07 3913.43 -203.623 482.552 -146.733
1200000 -2074.25 3534.64 4016.52 -190.597 275.42 303.462
1300000 -1956.91 4353.83 3851.4 -342.155 176.776 100.878
1400000 -2178.15 4337.96 4031.91 -544.209 390.643 344.642
1500000 -3029.06 4511.88 4573.83 -220.537 242.245 0.111194
1600000 -3158.04 4537.07 3907.03 -175.69 158.245 -115.875
1700000 -3163.8 4796.74 5110.16 -6.74681 256.108 327.836
1800000 -3833.29 4987.81 4840.89 -426.447 32.0923 -317.651
1900000 -3043.98 4634.84 4546.62 -92.5484 -44.0569 -56.3425
2000000 -3750.68 5238.06 3909.54 -389.226 127.106 -39.4957
2100000 -4100.33 5753.24 5281.3 74.3924 164.86 -298.993
2200000 -3206.67 4927.56 4649.86 -347.549 251.516 -358.043
2300000 -3896.21 4322.53 4981.54 -488.424 -212.16 -233.571
2400000 -3495.4 4428.48 4688.2 -237.355 182.065 -241.961
2500000 -4120.48 5354.69 5112.3 -450.119 259.851 -113.119
2600000 -3683.12 4944.95 4988.89 -293.238 241.08 -147.053
2700000 -4165.44 4937.6 4878.55 32.4996 157.916 -160.192
2800000 -3569.03 4707.84 4384.78 -80.7374 328.704 222.974
2900000 -4405.69 4734.66 5070.46 -285.655 264.88 74.3145
3000000 -2859.95 4823.19 4609.08 -303.79 523.503 165.561
3100000 -3000.12 4434.38 4832.64 -205.644 -16.8694 -243.667
3200000 -2960.94 4073.67 4242.23 -76.1608 265.726 -522.483
3300000 -2755.66 3776.3 4507.99 -455.296 222.853 -672.327
3400000 -2654.68 5046.04 3853.05 -587.826 428.336 123.73
3500000 -2939.66 4810.09 4534.31 -443.587 445.886 -65.2941
3600000 -2403.62 4197.81 4385.39 -57.5387 17.7376 -604.446
3700000 -1803.78 3548.59 4089.55 -152.595 504.81 -175.173
3800000 -2006.57 4292.54 3757.01 237.978 133.787 -81.359
3900000 -1586.57 3881.7 3682.1 -699.147 229.686 186.134
4000000 -1128.98 3201.51 3719.39 136.152 92.822 29.9475
4100000 -770.468 3482.4 4107.55 -610.19 405.073 50.0819
4200000 -517.346 2465.53 2740.15 -139.764 -149.183 -307.638
4300000 -257.464 2271.47 3329.11 146.091 -176.426 405.5
4400000 -31.9744 3143.17 3426.71 -224.347 700.525 -127.088
4500000 152.991 2406.27 2575.24 82.8481 -294.229 107.21
4600000 1283.84 1772.64 2510.63 -21.4346 273.359 60.8397
4700000 2004.53 1473.29 1770.54 -619.275 177.057 -43.6071
4800000 1940.38 1395.68 1475.27 -226.508 821.067 650.414
4900000 2518.59 1848.97 1055.91 -88.2214 195.643 55.703
5000000 2272.91 1859.84 1575.05 85.854 454.74 283.869
5100000 3142.3 1080.24 1006.6 -122.004 158.577 32.0455
5200000 3446.1 1114.57 1147.77 233.044 -48.9258 55.7478
5300000 4059.66 769.528 1137.21 -697.645 -130.977 -270.735
5400000 4674.31 304.235 1194.54 -169.664 351.834 547.805
5500000 4662.74 667.536 556.893 -280.792 305.9 387.863
5600000 5303.88 234.001 473.437 -453.604 46.7819 141.693
5700000 6459.53 -149.6 450.894 196.203 -56.5688 336.372
5800000 6793.74 312.452 325.841 -415.554 383.115 -115.06
5900000 6739.73 191.534 -833.294 151.977 -268.232 -222.778
6000000 6994.82 -362.497 -577.28 -157.685 233.243 384.185
6100000 7246.86 -737.686 -1248.27 -262.981 327.203 23.4585
6200000 7880.52 -1100.05 -579.143 48.8497 683.049 98.7489
6300000 8357.89 -901.806 -1037.11 -372.125 344.44 -109.71
6400000 8569.16 -1508.41 -788.143 -384.937 -191.732 338.401
6500000 8170.99 -889.064 -1041.15 -337.069 14.1038 -85.0319
6600000 8593.03 -1023.03 -1079.97 106.362 343.362 40.8313
6700000 8763.64 -1990.42 -1379.05 372.886 -201.463 83.3712
6800000 8626.74 -1217.9 -1482.06 77.9953 538.112 170.743
6900000 9995.65 -1401.26 -1225.7 -485.048 237.085 -132.202
7000000 9408.71 -1773.76 -1328.28 61.1145 130.797 224.933
7100000 9615.91 -1496.45 -1535.12 -356.626 86.4437 147.466
7200000 9733.23 -1894.28 -1436.17 -58.5845 -35.6443 24.3896
7300000 10434.8 -2259.84 -1160.92 -185.463 222.311 546.666
7400000 10222.7 -1550.51 -1704.04 -531.168 362.602 -17.5217
7500000 9962.54 -1645.7 -1308.86 -237.886 -99.7891 -187.49
7600000 9130.7 -1416.46 -717.82 269.996 -66.3281 8.18665
7700000 9707.68 -2059.21 -1529.11 -112.441 126.594 -196.503
7800000 10074.8 -1760 -1795.17 -197.272 7.46309 -176.791
7900000 9595.57 -1475.44 -1582.46 23.7352 -193.123 -161.999
8000000 9531.46 -2439.2 -1171.85 -350.511 731.858 29.4239
8100000 8992.13 -953.908 -1316.17 -503.477 -48.7491 -10.2574
8200000 9348.02 -1044.79 -1169.6 -232.864 242.832 -208.614
8300000 8950.68 -855.365 -1869.97 117.583 58.1255 243.111
8400000 9266 -1624.54 -1099.16 -168.116 504.906 351.152
8500000 8551.98 -1377.78 -851.135 -152.72 -284.929 64.605
8600000 8407.83 -1432.34 -829.843 -58.6372 194.056 22.5228
8700000 8008.16 -1182.42 -794.318 -404.52 138.07 231.384
8800000 7840.01 -894.59 -928.021 -713.603 77.5257 114.601
8900000 6999.68 -188.318 -452.68 -89.5181 102.797 70.339
9000000 6615.09 -879.72 -410.018 -270.042 11.1888 303.778
9100000 5744.85 479.978 -349.924 -113.106 343.682 56.6931
9200000 5809.35 -674.672 94.8624 54.3615 629.798 90.5194
9300000 6281.09 322.701 365.764 -756.391 462.228 -207.867
9400000 5470.35 78.8626 818.062 -370.057 -282.555 89.9787
9500000 4763.8 831.294 540.708 -80.5606 -57.0715 -122.366
9600000 3502.1 930.148 623.721 -227.178 22.3597 -187.903
9700000 3984.16 1087.49 882.235 -235.389 177.451 268.322
9800000 3203.48 1374 1600.91 -618.27 247.203 441.334
9900000 2785.26 1329.49 1493.07 -251.842 500.783 54.3761
10000000 2104.46 1596.04 1048.65 -408.793 148.738 -336.601
10100000 2734.82 2168.4 1758.87 -613.86 161.226 -83.9489
10200000 1610.53 1900.03 2021.52 -104.899 339.702 347.394
10300000 1087.38 1950.3 2051.68 -332.995 163.562 275.176
10400000 370.729 2773.24 2686.21 -119.228 -130.546 439.722
10500000 242.074 2645.51 2167.71 -156.888 173.752 251.211
10600000 -245.739 3452.54 2963.4 -245.018 327.231 88.4941
10700000 -435.714 3396.51 2638.82 -7.21462 54.9945 0.694752
10800000 -864.167 3658.29 3448.32 -590.515 249.952 304.945
10900000 -1218.92 3637.75 3251.66 16.8119 321.918 -13.4917
11000000 -2037.29 3634.54 3740.1 -491.359 554.908 332.893
11100000 -1322.29 3863.72 3981.97 -98.693 712.738 342.337
11200000 -2553.3 4333.36 4019.64 -744.097 331.926 -145.331
11300000 -2522.18 4320.77 4423.51 -440.189 491.273 -140.568
11400000 -2485.84 4504.2 4470.4 -344.417 844.306 92.6718
11500000 -3458.71 4342.58 4334.01 -464.611 283.658 -288.2
11600000 -3205.06 4439.64 4714.5 -227.094 33.1908 184.254
11700000 -3208.92 4768.09 4250.06 -123.782 229.923 287.945
11800000 -4077.44 4908.78 4794.72 109.335 321.847 -103.437
11900000 -4068.58 5638.67 5112.03 -492.378 377.773 136.678
12000000 -3302.65 4628.02 4656.45 -710.921 247.611 410.623
12100000 -3521.02 4329.08 5108.26 83.6798 90.1721 114.505
12200000 -4239.15 4747.66 5141.65 -511.551 267.636 182.135
12300000 -3850.88 4955.27 5440.04 -220.578 141.839 143.016
12400000 -4184.27 5241.58 5236.77 46.508 -100.318 432.795
12500000 -4045.32 5169.36 4956.01 -123.706 365.327 191.534
12600000 -3523.39 5119.68 5116.17 -133.469 363.007 -502.133
12700000 -3295.69 4636.92 5344.84 -522.031 471.198 -300.835
12800000 -4363.33 5553.97 5345.43 -330.754 964.315 -46.3925
12900000 -4303.6 4538.79 5105.57 -126.598 1105.63 136.996
13000000 -4080.75 5122.1 5245.99 -309.244 375.155 -102.481
13100000 -3340.69 4699.13 4903.47 -439.989 822.939 216.311
13200000 -2858.83 3855.89 4613.11 -292.009 437.049 14.7123
13300000 -3033.41 4666.26 4981.03 -166.366 1043.88 25.2133
13400000 -3368.3 4012.71 4346.03 -233.869 577.7 -227.591
13500000 -2949.09 4422.38 4623.65 -154.968 263.148 -74.4763
13600000 -2688.51 3461.22 3928.49 -439.081 477.363 -46.7242
13700000 -2184.12 4915.28 4251.61 -313.723 538.158 74.7897
13800000 -1440.72 3883.71 3447.18 -177.148 552.139 -92.3448
13900000 -2183.65 3779.74 3266.87 10.0075 311.082 142.097
14000000 -1166.29 3947.91 3385.53 -70.0196 459.115 112.248
14100000 -816.149 3413.45 3665.74 -243.389 -304.146 119.391
14200000 -837.781 3601.4 3361.92 -554.57 338.846 -415.087
14300000 179.687 2958.8 3488.26 -763.159 191.183 456.225
14400000 107.183 2723.51 2755.17 -183.76 268.146 440.59
14500000 510.81 2637.43 3044.2 -309.509 407.353 35.1221
14600000 775.935 1947.07 2669.84 -473.261 578.524 -147.616
14700000 1464.63 2230.26 2629.17 -369.133 -12.8402 -76.8048
14800000 1658.17 1972.55 1785.14 -82.8433 9.17751 321.718
14900000 2001.75 1971.23 1766.94 -229.669 438.602 -131.496
15000000 2219.69 1398.86 544.349 -132.063 1011.11 -88.9928
15100000 3195.77 646.35 1505.59 -693.28 178.179 367.109
15200000 3685.94 538.463 1047.72 -415.56 172.156 -225.685
15300000 4238.93 712.067 474.456 -147.622 533.5 274.578
15400000 4637.01 413.805 636.746 -159.663 341.172 315.866
15500000 4552.42 612.368 688.278 -2.36663 28.7459 291.714
15600000 5527.31 617.768 -92.7975 -161.209 579.144 429.091
15700000 5839.66 -117.233 -579.455 -138.755 -196.776 94.8302
15800000 6185.04 -125.355 -10.372 -92.8017 140.505 492.81
15900000 6450.32 -157.324 103.987 -653.179 -135.554 94.8039
16000000 6744.8 36.0655 -1003.15 -433.145 -6.87241 183.773
16100000 7288.64 -403.773 -792.517 -218.319 220.547 44.9877
16200000 7614.4 -630.531 -1009.5 -158.958 823.57 -338.521
16300000 7664.89 -803.56 -221.865 -369.054 286.142 159.203
16400000 8485.12 -474.008 -535.089 -269.403 73.7185 86.6926
16500000 8419.77 -1187.24 -480.444 -277.182 182.269 452.571
16600000 8093.77 -1133.36 -898.648 -75.8579 596.392 -75.0627
16700000 8760.89 -523.788 -1213.75 -169.426 314.76 178.522
16800000 9461.22 -267.423 -1303.87 -348.979 189.692 104.98
16900000 9352.46 -1846.68 -1472.45 -34.9191 123.498 10.2822
17000000 9447.63 -867.366 -1766.31 -50.6932 -259.739 18.8819
17100000 9815.01 -1797.13 -2002.69 146.316 311.457 59.7251
17200000 9737.27 -1324.35 -1985.26 -312.57 -332.078 -121.822
17300000 9516 -1444.23 -1656.72 -583.945 70.1861 593.288
17400000 10031.6 -2204.32 -1346.68 -443.726 459.233 218.4
17500000 10268.2 -2178 -1657.46 -331.281 566.319 380.604
17600000 9626.08 -1215.28 -1305.11 -378.819 387.662 312.34
17700000 9776.05 -1752.01 -1278.81 -231.846 -41.1558 396.747
17800000 9242.17 -1177.32 -1416.06 -39.4218 58.801 -54.6883
17900000 9290.91 -958.76 -893.376 -98.4409 390.014 165.446
18000000 9166.15 -1066.18 -1287.18 -324.271 284.596 318.282
18100000 9359.49 -1029.38 -1074.79 106.507 355.177 -8.90763
18200000 8934.28 -969.483 -921.704 122.957 295.855 142.346
18300000 8728.1 -475.662 -990.777 -154.148 344.298 321.851
18400000 8692.76 -871.778 -648.688 -253.51 611.422 97.5739
18500000 8166.58 -610.266 -1333.9 -17.7116 108.131 -57.6599
18600000 6798.44 -363.951 -1121.33 -344.424 175.06 -509.515
18700000 7774.31 -714.61 -545.315 -24.0744 151.869 -185.51
18800000 7266.04 -706.793 -193.171 -452.623 177.613 140.281
18900000 6473.31 -153.63 -25.67 41.7022 -162.444 147.885
19000000 6322.09 225.68 -759.93 238.078 0.906752 -239.819
19100000 5677.26 147.503 -278.335 -144.275 355.965 -310.007
19200000 5669.1 119.908 839.2 148.773 371.362 19.5362
19300000 5338.68 21.9398 189.078 -256.035 262.781 1.64951
19400000 5134.59 -177.432 685.22 -32.9531 225.704 -344.346
19500000 4041.22 773.278 1215.09 -18.3474 412.249 -129.256
19600000 4108.23 1340.51 780.485 -94.2236 -44.0591 -122.049
19700000 3430.3 683.078 1604.06 112.888 -58.473 264.432
19800000 3198.68 1431.27 1244.28 89.6223 563.974 -402.872
19900000 2237.16 1456.89 1861.09 438.236 345.574 103.324
20000000 2239.86 1131.59 1811.62 -182.015 77.5798 -445.959
20100000 1601.95 2944.04 2733.34 -488.481 64.9295 45.8578
20200000 1068.33 1841.55 2043.63 -79.0742 239.8 633.192
20300000 1148.4 2487.46 2351.1 266.36 50.4772 -200.902
20400000 812.801 2434.53 2490.7 142.971 -37.5763 -295.803
20500000 430.849 2321.43 2727.23 0.588207 -97.9406 -152.243
20600000 -447.091 2573.13 3013.58 -253.178 232.247 301.967
20700000 -639.957 3416.51 3695.69 -247.98 -4.18078 -67.7594
20800000 -714.105 3816.82 3283.09 -191.254 -39.047 -361.894
20900000 -1706.11 3620.6 4574.91 105.774 451.918 -104.2
21000000 -2425.02 3003.84 4706.97 -309.33 496.636 -34.596
21100000 -2163.82 3851.07 3749.29 -224.338 97.86 57.9308
21200000 -2330.94 4243.16 4495.74 -227.172 129.128 279.509
21300000 -2378.46 4195.53 4695.83 -372.406 497.821 105.192
21400000 -2552.05 3941.53 4304 -726.284 322.774 -221.395
21500000 -3099.44 4511.4 4987.62 -547.427 245.697 242.966
21600000 -2749.38 4673.7 4337.19 -333.583 591.23 -179.017
21700000 -3493.49 4590.81 4685.4 -402.389 537.306 -29.2287
21800000 -3440.15 4436.52 4113.31 -344.32 475.142 -96.1064
21900000 -3796.02 4845.3 4707.43 -496.515 176.872 151.722
22000000 -3967.6 4774.27 4668.59 -7.9205 173.838 160.222
22100000 -4205.76 5037.8 5080.69 -483.418 704.392 205.055
22200000 -4282.42 4825.18 5184.77 -453.693 141.529 -67.7612
22300000 -3691.59 5418.61 5183.34 -47.4702 49.2366 157.988
22400000 -3324.49 4268.68 5456.95 -307.874 469.26 -423.48
22500000 -4115.15 4705.1 5340.64 29.145 -93.0678 64.1254
22600000 -3613.24 4845.38 5065.95 -296.173 325.606 -418.621
22700000 -3643.6 5102.19 4796.91 -507.134 198.724 -205.044
22800000 -3744.59 5822.75 4953.01 -421.403 358.143 -84.5644
22900000 -3538.7 5054.07 5420.19 -56.2649 263.788 124.282
23000000 -4124.59 5478.71 4848.88 -569.132 -172.98 261.883
23100000 -3394.97 4670.76 4570.87 -507.276 55.5983 79.3088
23200000 -2858.67 4828.1 4300.79 182.007 232.156 195.55
23300000 -3101.95 4003.12 4837.16 -49.1809 -6.43063 -179.367
23400000 -3316.62 4417.31 4930.26 -191.629 91.0057 311.605
23500000 -3184.41 3674.66 4903.09 124.94 -55.7484 -213.766
23600000 -2300.96 4014.29 4742.7 -42.3399 563.327 38.0641
23700000 -2925.48 4513.08 3951.54 69.7632 510.486 129.247
23800000 -1314.46 4657.23 3949.99 90.7802 -32.4713 189.053
23900000 -1215.17 3918.31 3177.21 149.727 432.305 -2.43089
24000000 -1752.28 3156.53 4136.18 -453.503 34.5036 257.202
24100000 -1041.55 3505.76 3441.35 -353.801 629.159 -37.1826
24200000 -441.674 2978.08 3325.74 402.198 307.022 -264.91
24300000 -179.514 3366.3 2977.81 8.6154 350.748 -371.44
24400000 593.2 2300.74 2299.07 -68.6264 331.416 -303.948
24500000 705.403 2553.56 3258.56 -187.364 -118.207 380.24
24600000 353.57 2092.41 2371.65 -80.5332 541.756 36.5845
24700000 1233.69 2201.11 2467.21 -197.249 103.767 -266.615
24800000 1912.65 2055.18 1222.36 -185.582 357.361 311.719
24900000 2091.87 1447.01 1778.38 -101.562 216.62 42.2043
25000000 2459.24 1510.84 1705.96 -56.9419 -1.34965 22.4908
25100000 2393.98 1452.98 1551.4 -368.498 313.024 56.2927
25200000 3769.33 1000.51 1649.32 -222.73 292.607 180.133
25300000 3128.6 1259.36 635.627 12.354 -441.819 -277.209
25400000 4029.78 1159.18 259.022 -492.308 221.586 189.999
25500000 5206.64 209.088 632.561 -321.258 489.839 197.875
25600000 4880.56 328.388 279.39 0.317866 387.45 80.7898
25700000 5759.37 932.114 -200.252 -422.172 3.421 69.6293
25800000 5921.47 267.945 204.419 -501.871 -17.3082 -114.848
25900000 6172.73 -163.999 -308.26 -70.5287 322.556 99.2343
26000000 6872.73 -719.517 -12.4941 -497.5 539.427 -491.226
26100000 7280.45 430.417 -421.482 -254.581 10.7315 547.355
26200000 7532.25 -809.084 -570.32 -451.629 363.894 -57.8387
26300000 7567.64 -1112.87 -627.767 -277.768 237.878 72.7578
26400000 8877.84 -1177.24 -797.218 -63.421 -27.8362 -266.736
26500000 9202.47 -807.014 -1189.14 -187.38 -116.756 439.626
26600000 8872.52 -765.75 -1560.99 -71.4026 46.2095 149.464
26700000 8197.21 -921.175 -1394.78 -308.925 93.7054 34.1515
26800000 9640.24 -804.328 -1416.09 -250.998 -93.1661 -469.11
26900000 9206.38 -1207.11 -1452.56 -442.258 70.125 228.161
27000000 9437.53 -1558.12 -1447.23 -750.028 -427.357 12.5521
27100000 10200.2 -1713.39 -1824.44 -416.373 -499.062 206.554
27200000 9185.77 -1359.74 -1600.42 -274.096 206.741 206.551
27300000 9957.63 -1859.5 -1192.21 -215.201 145.64 136.444
27400000 9678.1 -1883.68 -1001.43 -296.894 187.547 -151.326
27500000 9515.23 -1647.73 -1303.99 -46.7408 307.98 665.028
27600000 8697.85 -1637.06 -1069.29 -106.031 203.946 263.041
27700000 10016.1 -2059.3 -1708.82 22.1519 60.0802 -171.451
27800000 9340.3 -2079.31 -1664.31 -629.35 275.175 273.013
27900000 9764.2 -1227.74 -1858.9 -489.94 61.4189 -103.059
28000000 9298.07 -1903.16 -1008.57 132.228 151.316 378.157
28100000 9185.24 -1593.74 -1450.45 -273.273 154.431 -320.997
28200000 9014.71 -995.345 -1539.25 -463.856 28.4559 -31.5348
28300000 8986.38 -1068.79 -1251.7 -622.511 -135.295 121.318
28400000 8674.72 -953.475 -699.242 -569.525 178.288 363.575
28500000 8469.8 -812.394 -753.256 -271.814 16.7343 -77.0615
28600000 7786.02 -594.324 -753.274 -324.871 -51.2505 268.841
28700000 7050.62 -751.28 -1028.99 93.6696 82.5731 293.495
28800000 7698.67 293.145 -832.303 13.8494 -286.88 145.075
28900000 6641.72 -691.164 -445.048 -257.009 -324.935 -55.8871
29000000 6557.98 -485.074 -146.343 -540.304 224.166 -209.836
29100000 5732.94 -231.77 93.7616 -684.674 287.335 -20.3499
29200000 5765.44 371.461 189.315 112.198 -7.60568 424.14
29300000 5928.54 239.026 -12.9154 -142.63 266.352 38.8328
29400000 4744.53 1166.56 338.895 -250.655 -89.706 -2.4985
29500000 4194.87 1132.74 839.671 177.912 120.479 131.668
29600000 3866.04 1326.47 990.152 -81.9701 -129.588 118.885
29700000 3726.61 827.955 1469.64 -310.756 72.7752 648.547
29800000 3182.89 1207.04 1340.21 38.3627 -348.778 248.305
29900000 3270.93 1247.7 1302.69 -351.665 -500.778 -356.647
30000000 2673.58 987.625 1255.86 -147.683 162.203 325.241
30100000 2490.09 1562.67 1749.54 -313.674 -233.074 -285.895
30200000 1231.45 2284.05 1836.87 -23.9601 250.211 555.051
30300000 718.512 2519.26 2119.16 -210.185 64.47 348.999
30400000 472.726 2205.93 2383.43 -427.029 159.348 -102.525
30500000 -101.572 3491.09 2577.77 -542.43 501.829 391.948
30600000 235.709 3364.37 2767.07 -18.7936 -152.184 -209.02
30700000 -467.032 2952.3 2857.2 60.6204 558.171 429.795
30800000 -451.99 3716.11 3345.08 -214.203 653.025 328.754
30900000 -1743.68 4083.5 3690.66 -465.404 107.531 78.5721
31000000 -2281.45 3978.45 3836.8 -597.13 381.547 82.7018
31100000 -2119.13 3721.12 3816.6 -381.431 325.579 183.352
31200000 -3131.27 4017.11 4778.69 408.708 235.745 -39.9533
31300000 -2606.07 4095.23 3890.92 120.503 -114.233 99.4313
31400000 -2652.23 4296.92 4499.95 -739.125 -42.15 339.236
31500000 -3085.61 4311.68 4751.14 -195.489 618.655 -106.861
31600000 -2872.63 5302.06 4719.15 -203.072 676.67 527.467
31700000 -2898.28 5012.25 4375.99 -506.519 29.7164 189.32
31800000 -3460.39 4788.94 5182.55 -209.865 176.782 -109.075
31900000 -3114.75 4860.23 5580.32 219.046 229.135 36.2195
32000000 -3496.18 5144.98 5397.12 -491.738 248.107 -255.809
32100000 -3783.74 4741.35 4691.57 -433.462 178.162 -228.243
32200000 -3856.89 4400.72 5842.47 -495.035 264.997 -15.1792
32300000 -4020.81 5364.51 4742.18 -69.8509 575.058 220.062
32400000 -4453.64 4959.43 4934.62 -148.03 529.775 -83.3972
32500000 -3521.63 4309.96 5270.61 -383.07 500.959 16.416
32600000 -4070.19 4932.49 4809.27 -343.238 710.581 425.806
32700000 -4135.82 5213.9 4482.73 -1025.22 473.853 -270.156
32800000 -4200.52 5282.34 4898.26 -404.803 530.76 -497.983
32900000 -3274.15 4318.29 5228.37 -116.957 400.793 146.74
33000000 -3779.54 4963.55 5654.47 -276.165 410.915 -37.5954
33100000 -3462.53 4456.22 4440.11 174.222 131.287 0.667654
33200000 -3462.36 4799.64 4723.33 -450.746 -246.132 100.063
33300000 -3136.04 4935.64 4114.08 -174.043 407.557 -121.926
33400000 -2420.64 4428.81 4310.27 -594.926 157.218 -626.969
33500000 -2899.73 3988.21 4197.59 -25.9149 84.3103 -361.077
33600000 -1999.49 3997.64 4046.33 -240.024 28.8186 -525.018
33700000 -2162.37 3935.07 4675.69 -128.197 197.86 7.71878
33800000 -1747.51 3887.5 4158.38 -400.376 395.008 -494.455
33900000 -2434.59 3108.23 3965 -71.935 123.949 7.64658
34000000 -1317.54 3402.36 3865.85 -380.789 440.498 -126.185
34100000 -1253.25 3723.4 2590.98 -98.4855 134.225 -280.267
34200000 -608.952 3106.06 3533.4 314.848 180.979 152.049
34300000 -463.454 2995.54 2791.12 -66.455 230.619 -24.9735
34400000 234.738 2920.61 2729.32 -308.466 435.957 120.212
34500000 272.043 2920.79 2613.23 -583.605 374.355 31.8275
34600000 919.499 2499.63 1900.13 -286.492 139.213 240.404
34700000 1028.99 2035.72 2708.65 167.666 17.5208 14.7356
34800000 1288.19 2095.25 2196.46 -546.976 472.906 -144.302
34900000 2238.97 1977.01 1912.49 -372.701 -125.132 -90.5074
35000000 2410.22 1112.45 1275.89 -158.006 221.411 -250.035
35100000 3178.47 1163.9 846.124 -40.5004 425.715 -340.396
35200000 3829.98 1161.26 1641.34 -101.493 239.115 82.3757
35300000 3836.83 565.821 929.187 -275.447 641.21 -211.722
35400000 4624.53 534.935 709.045 19.2159 211.705 67.881
35500000 4309.9 643.517 -2.83735 -101.036 238.621 208.016
35600000 5280.28 510.769 412.512 -387.363 -3.69148 128.376
35700000 5930.55 -48.519 364.959 164.463 -46.1625 159.67
35800000 5813.9 -607.176 211.652 99.2586 -169.481 230.968
35900000 6672.86 -527.756 -79.7119 -291.244 174.138 36.2924
36000000 6601.77 -413.758 -491.808 112.22 87.0853 -635.938
36100000 6927.89 -573.372 -327.758 -208.084 -161.156 280.895
36200000 7500.95 -593.861 -788.731 -688.904 -92.4289 -222.888
36300000 7742.16 -538.093 -781.761 -206.627 -73.2489 -241.493
36400000 8051.87 -785.229 -307.318 -87.7121 197.249 -48.6902
36500000 8265.51 -1091.33 -1115.38 -134.157 202.421 -273.733
36600000 8582.06 -1418.78 -829.358 -294.166 201.976 352.39
36700000 8780 -1734.35 -1142.05 -304.25 56.4389 109.751
36800000 8948.47 -1446.8 -1706.16 58.8845 169.207 -536.465
36900000 10069.3 -1158.37 -1111.43 80.1432 176.422 -9.22114
37000000 9908.02 -1777.17 -2285.77 -1.58742 -130.903 304.895
37100000 9048.29 -1171.66 -1286.04 31.2122 -293.701 -127.856
37200000 9320.7 -1089.77 -1637.59 -429.559 587.588 223.4
37300000 9564.39 -1169.54 -1039.79 -221.729 -189.905 398.506
37400000 9358.35 -1210.07 -1200.18 -440.845 297.797 -219.392
37500000 10623 -2302.33 -1443.81 -195.851 25.9225 -743.246
37600000 9418.9 -2137.27 -1776.05 494.084 441.317 107.063
37700000 9492.06 -1580.35 -1850.93 -449.12 -218.051 17.3511
37800000 10090.6 -1802.45 -1601.08 -498.141 78.4147 -22.3553
37900000 9874.14 -639.059 -1509.3 -382.836 173.611 377.559
38000000 9096.13 -915.058 -611.841 -18.173 235.55 437.819
38100000 9059.69 -776.721 -879.86 -433.457 482.182 241.508
38200000 8787.4 -973.643 -547.129 16.0741 128.218 -325.322
38300000 8739.19 -1601.55 -756.817 13.6439 103.442 55.4114
38400000 8240.59 -1041.38 -1268.94 -141.354 229.447 125.402
38500000 8058.13 -375.825 -1543.28 -388.316 -194.252 250.599
38600000 7510.08 -488.001 -777.932 -160.628 21.0193 75.5243
38700000 7384.43 -175.514 -558.941 -335.942 38.18 102.496
38800000 7079.76 -679.69 -933.723 -348.233 221.806 -192.301
38900000 7120.5 -786.212 -974.695 -49.3448 261.185 -6.75342
39000000 6353.24 -427.058 -402.163 6.72328 653.261 128.811
39100000 5566.66 -294.985 335.946 -183.26 381.248 144.182
39200000 5868.74 191.283 197.125 305.513 -212.17 174.784
39300000 5287.95 273.942 385.169 68.0848 608.033 224.229
39400000 4712.57 712.267 163.709 -239.972 -46.9271 -137.956
39500000 4156.48 888.636 362.803 54.4204 175.711 31.0026
39600000 4296.33 529.446 902.152 -220.411 -275.451 -181.476
39700000 3969.82 1535.26 700.052 513.661 -48.7219 -93.8186
39800000 3737.83 625.071 1322.69 465.793 779.543 151.352
39900000 2792.05 2124.45 1417.09 92.7567 -230.006 268.428
40000000 2892.57 2136.7 1449.02 -206.463 97.6888 101.908
40100000 1576.01 2107.04 2356.12 -69.0812 -84.3782 201.552
40200000 1533.06 1894.44 2324.71 357.841 -147.581 189.433
40300000 309.418 2297.17 2390.27 -285.364 -19.5158 237.178
40400000 624.575 2096.27 2367.77 -269.504 -215.296 187.257
40500000 -138.304 2433.26 3062.07 -455.287 -25.6155 109.667
40600000 -53.8633 2392.65 2380.81 -270.351 20.2904 -21.8397
40700000 -631.695 3125.62 2932.61 -332.515 214.482 -175.004
40800000 -1506.74 2740.89 3061.52 -286.137 -57.5133 124.656
40900000 -1724.94 3485.66 3966.49 509.179 52.2985 129.947
41000000 -1560.43 3376.71 3205.56 -213.624 476.758 645.962
41100000 -2144.94 2981.2 4328.12 -747.667 261.458 100.935
41200000 -2515.29 3869.39 3401.65 -157.206 536.293 -478.955
41300000 -3273.98 4217.77 4992.57 -233.195 -99.6189 -166.643
41400000 -2928.87 4278.78 4661.23 -5.61568 685.059 -118.155
41500000 -2916.03 3942.12 4486.87 -526.486 -159.867 -451.475
41600000 -2684.71 4699.32 5115.31 336.367 72.8605 -381.247
41700000 -3615.34 5382.21 4731.6 -347.799 420.438 327.989
41800000 -4339.51 4479.63 5089.94 -3.96233 408.561 -41.702
41900000 -3504.64 4303.42 5211.64 -386.686 303.727 -94.1933
42000000 -3737.83 5136.48 4923.43 -375.604 83.2535 -11.3967
42100000 -4097.04 4961.35 4520.51 -80.8111 349.127 158.977
42200000 -3466.29 5193.74 5148.64 -101.406 535.079 -107.375
42300000 -3938.78 4650.83 4587.09 254.206 103.481 569.014
42400000 -4165.34 4846.57 5571.63 16.1545 6.45922 292.515
42500000 -4441.12 5403.29 5179.9 -198.863 760.823 309.782
42600000 -3587.53 5305.65 4838.21 -153.653 29.2323 -458.781
42700000 -4031.87 4818.27 5491.92 -506.85 8.63553 103.62
42800000 -4053.06 5003.51 4486.17 237.457 -51.4854 66.7626
42900000 -4170.89 4510.7 5145.44 -259.109 87.5972 -108.768
43000000 -3429.07 4479.54 5126.02 150.124 138.597 -136.518
43100000 -3372.61 4263.83 4694.63 -36.0036 -295.757 75.1871
43200000 -2875 4250.97 4890.54 -411.253 214.598 71.1853
43300000 -3228.42 4432.27 4914.22 -18.1943 -160.884 565.22
43400000 -3013.31 4953.96 5012.64 -290.207 -432.665 -369.522
43500000 -2642.19 4069.32 3975.37 -643.08 318.118 -332.493
43600000 -2729.19 4326.67 3638.37 -107.822 81.9819 -338.959
43700000 -2674.29 4133.01 4081.26 -45.7644 -34.1488 -463.558
43800000 -2332.22 3917.28 4176.91 333.128 198.144 -220.94
43900000 -1893.21 3578.77 3285.11 -164.606 341.091 -207.649
44000000 -1118.63 3136.48 3678.01 -41.2576 288.757 -280.281
44100000 -388.55 3304.34 3722.84 -335.626 442.218 33.1254
44200000 -343.797 3155.45 3502.13 466.759 363.473 73.9346
44300000 -749.27 2755.5 3055.89 -436.921 680.398 -79.8398
44400000 611.39 2304.31 2930.06 -55.61 367.598 373.259
44500000 130.968 2905.63 2508.1 -1.29727 70.7766 -131.492
44600000 574.375 2125.09 2066.06 68.274 99.0953 109.584
44700000 1295.49 2180.66 1523.48 24.0719 608.523 44.1823
44800000 2163.67 2019.44 2589.85 181.759 -178.076 -384.405
44900000 2582.83 1830.57 1700.93 -73.0278 239.534 -65.827
45000000 2416.36 925.195 1796.44 -193.459 577.302 -363.137
45100000 3082.2 1453.47 1211.21 -8.1719 357.724 219.01
45200000 3087.87 704.24 1471.82 231.221 -280.98 -78.9827
45300000 3934.36 1031 787.052 219.73 260.262 216.41
45400000 4274.47 511.604 714.785 -579.769 374.336 198.425
45500000 4688.62 1075.26 1208.53 113.197 -227.856 -30.7676
45600000 5082.27 84.7794 124.049 -353.527 -334.032 -241.437
45700000 4736.9 222.594 600.197 -165.952 470.376 178.93
45800000 5332.91 484.734 547.658 66.7236 97.5721 -135.717
45900000 5855.33 -211.296 -428.246 217.912 208.784 23.5705
46000000 6464.77 -528.146 -470.233 -217.864 294.445 37.3918
46100000 6539.33 -151.819 -207.54 140.583 118.01 443.542
46200000 7129.81 -275.242 -451.928 -163.531 -101.269 25.6077
46300000 7899.46 -329.244 -804.385 -240.189 195.277 284.482
46400000 7435.34 -867.645 -612.726 -450.133 -219.743 347.169
46500000 8386.97 -605.112 -929.107 -65.2015 -64.8556 165.763
46600000 8421.87 -984.112 -581.143 -346.89 -181.329 30.8046
46700000 8601.69 -1199.17 -842.666 -206.187 -322.557 -34.5994
46800000 9686.75 -969.935 -1676.37 -50.4305 -37.2288 -159.467
46900000 9446.67 -921.19 -1142.32 -353.572 108.171 745.642
47000000 9250.85 -1034.93 -1438.5 -274.912 40.7536 524.244
47100000 9437.07 -1627.29 -1546.17 -199.297 -14.8705 244.597
47200000 10234.4 -1708.11 -1967.92 103.272 -16.6196 292.614
47300000 9821.48 -1254.98 -1347.72 -155.841 216.64 105.032
47400000 9336.51 -1419.35 -1126.01 285.12 97.2587 -116.389
47500000 9693.2 -1367.55 -1556.53 -309.488 179.272 221.104
47600000 9700.36 -1308.2 -1388.34 -222.575 -190.788 83.8545
47700000 8909.99 -1728.53 -1319.83 -253.711 542.279 -20.7976
47800000 9858.69 -1503.19 -1191.61 -29.6284 134.215 367.976
47900000 9517.44 -2046.8 -1605.41 -53.7772 571.334 -225.922
48000000 8932.59 -1728.21 -833.219 -32.3619 439.608 45.6718
48100000 9418.78 -1362.63 -1481.9 125.727 -106.539 36.283
48200000 8821.53 -1407.32 -1418.68 -503.163 200.953 331.595
48300000 8959.94 -1149.35 -800.828 -88.281 266.947 -364.64
48400000 8244.5 -322.138 -550.378 -548.867 3.92496 -85.1625
48500000 8226.08 -514.126 -1013.68 -91.2495 -195.095 176.804
48600000 8267.22 -510.678 -703.162 132.711 -84.3625 821.287
48700000 7388 -286.729 -413.437 -113.404 429.531 515.925
48800000 6900.45 -1127.96 -402.785 -19.6344 155.789 82.7434
48900000 7131.62 -726.192 -559.414 -54.8748 279.708 -40.1558
49000000 7169.11 -551.972 -239.154 -173.975 136.766 -195.031
49100000 6006.07 -889.979 -49.0857 -127.702 412.775 63.1642
49200000 6355.23 -118.351 -600.811 -595.031 146.724 478.387
49300000 5055.22 -160.95 166.671 -150.487 79.9333 4.23295
49400000 5085.5 213.481 504.664 71.3012 164.778 602.77
49500000 4861.04 820.659 710.546 -68.3496 288.53 152.436
49600000 4048.27 219.141 813.905 29.0831 109.632 569.214
49700000 3699.89 1341.4 796.864 -226.63 49.1562 -88.2092
49800000 3457.55 1444.91 1860.08 -322.606 265.591 -23.9876
49900000 3157.33 1773.06 1648.59 -158.807 653.236 415.759
50000000 3168.04 1192.12 1753.53 -418.035 289.107 -169.616
50100000 1680.24 1504.04 1825.3 -97.1489 363.613 324.535
50200000 1802.49 2416.49 2029.73 -42.973 323.838 -371.783
50300000 1441.18 2405.88 2496.82 -512.068 -145.503 274.058
50400000 -152.747 3158.91 2454.83 -747.926 212.295 15.8744
50500000 420.624 2579.78 2849.68 135.904 75.4095 -351.119
50600000 -193.372 2629.99 2990.79 -584.614 206.794 -54.4031
50700000 -547.481 3182.34 2654.95 -68.2837 392.344 -125.585
50800000 -1363.85 3124.73 3175.76 -247.883 472.029 34.914
50900000 -1261.41 3447.59 3565.13 -48.5524 -0.425786 245.851
51000000 -1712.98 3703.78 3911.58 -291.031 79.0637 -222.518
51100000 -2453.54 4146.15 4616.54 -372.67 51.147 -124.983
51200000 -2428.27 3659.05 4121.27 75.0234 179.4 26.1847
51300000 -2362.84 4475.79 4863.05 -643.608 447.544 -3.13446
51400000 -2765.56 4056.63 3362.3 -222.116 139.069 -506.572
51500000 -2314.64 4625.35 4797.92 -18.7056 -15.9333 -556.6
51600000 -2709.06 4444.63 4913.53 -593.808 495.216 -526.535
51700000 -3351.13 4425.93 5389.31 246.491 676.641 -87.1799
51800000 -3480.82 4391.17 4518.38 -146.289 524.284 68.8379
51900000 -3687.8 5134.26 4618.91 -375.153 38.9618 -188.414
52000000 -3720.86 4655.26 5158.15 -34.5131 300.397 -382.105
52100000 -3975.46 5661.07 4806.02 -142.219 520.05 142.33
52200000 -3779.07 5485.91 4733.4 -358.142 426.951 -210.23
52300000 -3633.73 5299.16 5481.51 -283.648 385.843 245.755
52400000 -4381.74 4741.2 4414.52 -534.296 -370.322 -581.933
52500000 -4423.44 5133.99 4885.2 -218.171 262.383 -93.186
52600000 -3339.8 4829.19 5179.82 -347.66 554.325 10.4933
52700000 -3892.51 4888.24 5212.53 107.792 408.275 -390.252
52800000 -4098.88 4913.61 4976.63 34.5047 231.903 -175.759
52900000 -3736.76 4979.72 5822.79 -645.939 163.255 -6.86332
53000000 -3531.26 5142.13 5579.6 -741.333 732.064 207.485
53100000 -3038.89 4398.84 4478.16 67.8462 468.244 -195.04
53200000 -2950.56 3773.28 4761.35 -176.639 566.017 2.64418
53300000 -3117.36 4345.45 4193.48 60.1186 -335.73 -383.14
53400000 -2695.55 4254.75 4996.55 -59.5627 606.103 185.081
53500000 -3021.45 3801.86 4194.05 113.805 578.365 261.698
53600000 -2899.84 4160.27 3587.47 -596.453 491.843 -568.154
53700000 -2606.5 4134.28 3793.67 -332.17 -46.5501 -65.8836
53800000 -2708.7 4659.93 3881.18 -481.134 445.566 -115.846
53900000 -1703.52 4129.4 3760.5 -141.431 -24.9299 279.273
54000000 -1596.24 4444.58 3497.72 134.822 381.655 -72.2918
54100000 -468.668 3605.05 2997.42 -384.09 151.587 -386.599
54200000 -310.323 3778.63 2724.28 323.488 590.154 171.343
54300000 -84.9695 3271.76 2803.33 -576.876 103.907 -48.6326
54400000 739.85 2926.01 2638.87 47.7346 829.938 -135.35
54500000 247.425 2646.47 2959.62 -300.248 260.404 110.592
54600000 733.659 2026.81 2164.3 -117.834 573.053 -57.7206
54700000 535.545 1926.46 2327.92 -242.405 53.294 -124.762
54800000 1414.38 1767.59 1666.7 -499.599 357.029 -117.451
54900000 2398.3 1464.61 1652.62 -268.038 369.172 -330.85
55000000 2997.48 2329.08 1729.28 -295.825 -57.8951 -382.636
55100000 3271.72 1431.01 1332.57 22.634 -36.2196 -254.764
55200000 4096.22 546.108 1090.72 270.797 760.277 289.307
55300000 4306.16 714.061 925.651 -283.029 264.391 350.246
55400000 4305.94 245.164 944.207 -28.3106 395.291 -1.04279
55500000 4715.69 188.674 691.759 -729.258 389.296 595.05
55600000 5157.53 80.2712 0.362391 -136.384 105.93 -12.077
55700000 5651.64 0.66721 411.848 -343.26 211.853 28.0215
55800000 6590.09 -684.584 -354.081 254.821 -178.749 -236.697
55900000 6270.76 23.5625 -323.399 -58.1076 42.6048 271.327
56000000 6776.34 -101.975 149.153 -149.021 -166.652 19.9607
56100000 7579.08 -234.578 369.468 -62.9779 11.1856 -109.708
56200000 7896.21 -260.507 -254.903 285.264 404.701 -34.5165
56300000 7635.36 -1054.49 -217.855 -85.8034 127.048 -149.632
56400000 8886.55 -1388.1 -661.146 -253.335 348 -294.097
56500000 9075.68 -1067.16 -1732.99 -376.834 391.02 -312.713
56600000 8571.02 -1125.86 -1005.41 107.245 -395.898 -79.6162
56700000 9230.08 -1272.55 -731.104 -311.962 -81.5704 236.511
56800000 9242.03 -1148.46 -1162.17 -290.626 133.389 216.354
56900000 8834.82 -1724.86 -1802.69 -458.455 228.592 331.938
57000000 9899.25 -1684.8 -1661.48 -284.987 -431.363 185.889
57100000 9644.15 -1472.22 -1548.68 -152.429 -331.161 211.444
57200000 9485.14 -1402.83 -1627.99 28.0505 -182.055 -32.537
57300000 9352.6 -1880.51 -1342.07 -21.7937 -205.525 37.3581
57400000 9819.52 -1789.95 -1715.23 -102.051 -253.063 427.585
57500000 9723.51 -931.708 -1372 -352.37 557.99 -176.223
57600000 9454.63 -1098.39 -1561.35 -49.1401 245.528 -29.332
57700000 9712.89 -1956.15 -1129.86 301.086 507.152 376.979
57800000 10114.2 -1282.9 -1585.07 -341.04 45.6622 150.388
57900000 9556.62 -1172.98 -1740.82 34.8323 123.989 471.958
58000000 9673.55 -1345.85 -1450.79 56.5817 38.081 -237.229
58100000 9012.3 -1424.5 -1153.18 -283.785 188.979 160.27
58200000 9436.53 -1045.6 -1531.1 -276.378 315.628 -159.722
58300000 8213.6 -1454.35 -994.024 -497.493 133.069 218.531
58400000 8727.27 -996.243 -1317.05 -356.586 -23.8727 -138.713
58500000 9098.28 -1112.41 -725.094 -113.028 257.76 -136.946
58600000 7620.53 -876.68 -696.046 -268.75 -365.242 -164.907
58700000 7365.14 -784.668 -1033.05 -50.9623 458.769 314.415
58800000 7747.12 -741.347 2.97619 -351.58 455.893 -22.592
58900000 6789.46 10.6415 -141.526 88.8901 64.3813 -87.2128
59000000 6527.95 -146.608 -278.098 -278.184 69.4675 374.136
59100000 6495.2 -274.152 -378.618 -29.7878 -133.969 -231.077
59200000 6069.16 219.259 263.1 -214.857 482.708 88.0965
59300000 5808.63 437.021 -143.52 -394.99 159.469 308.566
59400000 5169.98 323.16 701.96 116.294 402.641 457.245
59500000 4792.8 445.276 501.642 49.801 179.201 -160.364
59600000 3808.85 586.802 864.129 217.715 -127.105 -72.5195
59700000 3488.65 1138.28 1249.53 -188.674 -182.943 70.8577
59800000 2838.16 1022.7 2020.87 114.948 -170.678 610.109
59900000 2695.91 1279 1210.43 307.741 35.4433 -100.652
60000000 2516.73 1044.45 1522.25 44.4242 55.39 -200.757
60100000 1825.24 1247.46 2062.17 -128.755 -277.37 405.176
60200000 1300.73 1925.26 2475.56 18.4847 317.698 350.591
60300000 390.499 2220 2683.04 -208.099 115.092 -126.984
60400000 588.032 2135.96 1955.58 163.063 175.107 -155.697
60500000 74.994 2413.85 2689.04 -158.96 74.6628 416.549
60600000 -474.379 3086.52 3634.4 -315.411 935.938 145.964
60700000 -265.613 2785.14 3059.24 64.4776 76.2094 62.7205
60800000 -917.027 2752.47 3674.68 140.494 319.262 508.909
60900000 -1043.31 3362.53 3605.25 -143.854 -20.4068 477.297
61000000 -1528.79 3434.53 4422.52 -103.03 72.0949 444.936
61100000 -1979.38 4000.27 3948.69 -589.262 225.87 84.0678
61200000 -1943.37 3854.85 4509.82 -263.636 723.987 -705.672
61300000 -1908.44 3712.42 3991.32 -121.512 408.515 -509.661
61400000 -2628.44 3655.88 4885 304.162 381.233 44.4572
61500000 -3203.09 4641.02 3963.15 -150.733 271.707 -139.432
61600000 -2689.68 3861.02 4923.96 -94.9691 548.653 -6.3064
61700000 -3197.49 4386.31 4634.01 -41.1313 46.1015 97.9337
61800000 -3137.85 4150.1 4891.2 -170.826 470.928 -34.2666
61900000 -3394.55 4197.44 5308.69 -159.528 449.842 105.538
62000000 -3640.66 4436.46 5041.43 -418.862 718.31 -228.124
62100000 -3699.74 5743.12 4671.91 91.5506 330.007 -344.812
62200000 -4574.66 5487.91 5486.51 113.02 472.734 -247.709
62300000 -3921.94 5315.07 4937.71 0.503928 -278.611 -732.392
62400000 -3633.04 5668.89 4952.07 30.5037 378.601 7.29066
62500000 -4033.44 5652.51 5336.29 -97.8066 673.032 -589.765
62600000 -4044.63 4790.69 5571.59 -0.835376 600.564 -330.25
62700000 -4277.45 4692.79 4571.96 -195.196 381.468 -170.119
62800000 -4594.47 4595.86 4739.11 -318.355 363.973 -255.112
62900000 -3563.45 4983.63 5559.95 -331.444 441.173 -237.772
63000000 -4059.46 4834.04 4788.48 140.294 315.755 -150.23
63100000 -3763.53 4817.95 5003.77 -852.067 338.815 -454.34
63200000 -2913.15 5311.76 3770.28 -226.518 118.906 -431.001
63300000 -2654.6 4433.31 5044.77 231.212 555.645 44.8633
63400000 -3142.82 4935.08 4642.85 -382.634 920.397 -286.032
63500000 -2740.88 4775.74 4105.94 -190.907 333.397 74.9354
63600000 -1887.17 3883.41 4062.62 -244.966 27.4824 -7.67789
63700000 -2310.89 3972.4 3502.03 -151.539 133.126 35.0994
63800000 -2442.25 3551.02 3892.69 -252.329 471.907 1.75699
63900000 -2137.21 4037.15 2947.27 -219.53 278.727 354.995
64000000 -996.761 3591.37 3529.19 277.796 -33.6055 532.43
64100000 -611.966 3270.3 3036.14 -73.8125 480.215 488.357
64200000 -540.434 3154.38 3126.11 -285.465 461.869 -234.567
64300000 -798.426 2868.31 2787.48 -159.824 219.448 320.231
64400000 176.147 2770 2700.73 -337.482 985.326 238.001
64500000 888.924 1435.34 2756.28 142.941 395.384 -73.7296
64600000 245.912 2714.93 2596.91 -134.113 302.216 257.248
64700000 1380.83 1956.19 2719.24 -468.172 488.557 146.327
64800000 2008.43 2121.98 2061.23 -50.6529 -102.295 297.199
64900000 2368.36 1455.91 2369.12 -111.294 213.218 162.494
65000000 2355.81 1172.46 2114.25 512.585 428.911 -84.8874
65100000 3064.18 1080.91 965.854 -222.64 619.734 -339.799
65200000 3065.34 1571.37 1455.91 -178.232 20.5623 -243.322
65300000 3836.87 1240.25 823.099 -363.44 172.609 -160.914
65400000 4375.08 498.213 760.718 -630.912 191.098 -250.286
65500000 4797.43 678.873 488.406 230.982 237.244 388.75
65600000 5682.9 -555.771 526.804 -34.7334 100.954 417.218
65700000 5201.19 718.53 -251.255 159.708 185.647 440.235
65800000 5802.16 -407.09 141.167 -307.313 399.131 124.04
65900000 6467.45 8.65139 -156.673 -18.5591 388.644 -49.098
66000000 6947.54 147.335 -813.644 -394.814 263.547 -3.15437
66100000 7162.86 -777.795 -739.37 -245.822 402.855 -131.023
66200000 8096.28 -1227.55 -437.992 -24.9903 446.152 466.251
66300000 7299.28 -1105.54 -589.768 -393.202 450.806 576.297
66400000 7914.85 -1756.31 -702.025 235.801 302.998 241.212
66500000 9131.7 -1539.43 -1104.05 161.833 226.933 -243.678
66600000 9111.44 -1158.93 -1371.99 -175.184 394.024 427.004
66700000 9362.86 -954.331 -2069.38 -179.166 100.483 389.503
66800000 9259.49 -1115.36 -1282.93 -433.438 245.249 440.548
66900000 9352.32 -1342.81 -1522.76 -447.229 190.493 637.313
67000000 10127.5 -1466.54 -1729.73 -334.537 301.317 -437.922
67100000 9502.7 -1912.64 -1153.91 -307.587 626.686 163.908
67200000 10335.3 -1476.41 -931.894 -2.40924 -361.374 402.339
67300000 9957.51 -1986.08 -1889.71 122.538 -447.932 304.655
67400000 10536.4 -1331.37 -1535.57 -10.0647 -105.452 224.802
67500000 10058 -1630.92 -1535.45 -52.9468 301.312 -110.978
67600000 9354.23 -1872.65 -1573.23 -267.181 101.459 382.372
67700000 10183.9 -1260.12 -1044.88 -122.565 453.558 -39.21
67800000 9212.36 -846.892 -1801.89 -10.054 -76.7837 -241.518
67900000 9798.02 -1672.47 -1140.95 -299.094 363.813 234.675
68000000 9286.52 -1480.2 -853.278 -159.772 -76.5635 -146.059
68100000 8939.17 -1816.07 -1001.33 421.31 -91.1256 -283.28
68200000 9483.4 -1253.78 -1500.33 -253.724 508.832 109.511
68300000 8945.17 -1367.2 -733.068 1.74941 -194.021 34.971
68400000 8890.84 -987.816 -1132.95 140.787 249.955 43.2616
68500000 8630.05 -1147.7 -694.283 -174.023 375.419 -35.4725
68600000 8298.13 -413.298 -503.2 -19.5769 33.0143 -100.383
68700000 7692.01 -1443.34 -941.348 123.576 595.324 419.023
68800000 7740.48 -456.905 -109.429 -185.23 310.076 -130.599
68900000 7483.38 -235.064 -502.828 -22.0325 113.762 213.982
69000000 7068.76 31.0718 -804.944 -240.02 607.534 42.4483
69100000 6632.34 -2.25999 103.781 127.869 621.868 411.876
69200000 6410.25 1.79422 -152.377 48.1936 171.367 -151.024
69300000 5458.68 449.909 -11.1414 -74.4511 736.241 -95.6052
69400000 4554.22 328.876 547.119 -98.2635 307.759 -74.7424
69500000 4410.57 578.56 1138.29 -338.068 -226.704 287.016
69600000 4129.21 648.569 1000.71 125.275 288.358 -399.682
69700000 3739.02 549.799 1087.16 49.2669 206.085 322.462
69800000 3457.07 1347.3 1292.27 131.415 287.673 224.399
69900000 3221.97 2009.08 1330.74 -203.191 -74.1465 -32.8847
70000000 1885.1 1032.78 1644.2 251.015 34.4777 -351.236
70100000 2070.2 2000.04 2025.89 -52.776 263.584 -55.6396
70200000 1227.31 2085.67 2276.65 -252.761 576.18 51.9306
70300000 825.957 2603.82 2086.61 159.542 192.509 -73.2108
70400000 1020.18 3072.15 2745.18 -548.285 272.362 -6.59813
70500000 128.567 2358.28 2674.09 102.883 439.95 -288.638
70600000 296.406 2599.32 2733.91 -389.583 718.011 -246.78
70700000 -324.242 2627.48 2961.69 -39.4713 621.367 419.926
70800000 -779.002 2895.72 3370.54 -454.397 646.917 -227.643
70900000 -1162.69 3181.84 3472.88 171.821 876.876 -344.333
71000000 -1628.31 3417.36 3747.14 -173.144 206.061 183.881
71100000 -2245.69 4019.71 4023.94 260.573 431.743 52.0927
71200000 -2234.65 3764.5 4166.86 -58.2615 199.685 40.1406
71300000 -2005.01 4230.47 4058.18 -445.81 83.2348 -79.183
71400000 -2744.78 4632.94 4638.23 45.8923 189.411 279.067
71500000 -2888.2 4547.96 4580.35 -187.4 366.24 -224.771
71600000 -3181.36 4870.09 4342.64 -374.443 130.161 64.0094
71700000 -3252.99 4459.21 4805.88 -23.3891 -90.2029 -48.9077
71800000 -4061.39 4617.83 5825.04 -123.367 119.564 337.943
71900000 -4250.59 4697.96 5025.35 -151.56 861.46 317.435
72000000 -3535.2 5037.52 5214.91 -20.0135 -200.285 -376.637
72100000 -4052.38 4962.99 4560.71 -214.825 659.744 -87.1673
72200000 -3765.09 5020.6 5103.69 -192.41 427.384 -253.724
72300000 -3265.35 5186.52 4692.02 -162.159 609.226 -40.7527
72400000 -3133.97 5295.73 4791.28 -14.6871 452.271 84.3647
72500000 -4193.65 4674.63 5370.32 2.10838 171.709 -437.862
72600000 -4143.63 4866.15 5173.37 174.923 628.056 -289.31
72700000 -4205.26 4615.68 4745.57 288 942.474 -68.1398
72800000 -4524.36 4973.68 5437.36 17.7191 611.704 334.748
72900000 -3024.24 5244.93 4192.96 -255.086 592.893 -624.036
73000000 -2864.51 4614.11 5375.05 -494.522 678.683 -211.918
73100000 -3096.36 4346.26 4873.34 -24.888 585.17 -266.299
73200000 -3740.7 5222.95 4800.18 68.8262 287.121 -172.918
73300000 -3221.94 4063.06 4353.28 171.588 943.186 -6.10527
73400000 -3511.65 4930.99 5016.88 -310.399 776.758 -236.863
73500000 -2657.46 4525.98 4504.2 187.435 181.164 128.513
73600000 -3378.86 3903.44 4698.13 250.6 229.897 -532.66
73700000 -2500.21 4139.25 4336.35 -301.899 146.082 188.443
73800000 -1336.88 4312.49 3689.88 -296.226 179.003 251.174
73900000 -2373.07 3815.12 4154.2 71.2274 76.2356 64.6529
74000000 -1484.78 3888.21 3834.08 28.4299 663.894 -208.227
74100000 -1609.98 4394.47 3340.65 105.788 661.863 -118.495
74200000 -1116.91 3156.97 3376.43 313.415 278.84 -34.1563
74300000 -966.043 2707.24 3699.63 164.393 437.19 26.266
74400000 200.55 2358.53 3056.39 -459.37 344.92 -210.438
74500000 -10.3977 2187.91 2782.16 168.053 -120.263 -144.51
74600000 416.29 2270.14 2336.93 416.209 287.917 -245.583
74700000 1035.52 1998.27 1902.71 -208.82 277.354 -97.3554
74800000 1500.4 1935.33 1888.02 -336.751 -510.885 178.816
74900000 2484.34 1438.34 1536.27 -204.147 627.353 107.81
75000000 2546.05 1259.25 2027.76 -94.5733 -235.085 -681.512
75100000 2981.9 1146.63 1049.95 -75.6413 572.747 136.481
75200000 3110.39 530.707 1096.23 103.491 123.879 146.301
75300000 4519.76 864.704 834.634 -167.675 378.603 -298.315
75400000 4049.07 277.238 84.2442 -12.7309 346.629 77.7137
75500000 4350.77 827.599 628.391 -215.079 169.465 53.6341
75600000 5204.76 -195.653 -2.46088 -103.005 816.568 -110.728
75700000 5695.09 150.625 331.418 36.6092 270.133 -207.294
75800000 6344.1 -387.794 124.321 239.68 62.3386 -174.682
75900000 6218.78 -597.452 -480.897 -243.067 -365.887 -190.155
76000000 6298.78 60.2487 167.634 -280.681 25.8742 7.21449
76100000 7462.34 -565.113 -581.756 -394.311 58.6457 207.597
76200000 7782.07 -1285.82 -879.483 318.085 -99.5533 -48.1538
76300000 8131.17 -715.396 -548.772 -232.973 671.598 513.009
76400000 8045.16 -839.7 -871.137 -91.8285 319.972 280.429
76500000 8707.54 -1392.34 -1512.29 -180.146 224.719 148.32
76600000 9188.44 -1747.46 -1440.2 -359.564 687.021 -121.277
76700000 8796.92 -1052.13 -1486.89 218.795 211.719 354.793
76800000 8867.03 -1227.46 -622.119 -518.516 164.076 414.823
76900000 9469.3 -1562.4 -980.337 -276.066 301.726 -362.801
77000000 9549.17 -1271.26 -1068.29 -334.119 255.699 405.115
77100000 9581.15 -1241.21 -706.323 -522.571 212.497 -17.0198
77200000 9916.08 -1554.91 -1115.83 -99.9966 212.2 181.113
77300000 10637.4 -1811.95 -1420.67 118.048 156.666 -179.552
77400000 9658.41 -2035.48 -1069.36 -641.975 28.2257 -295.148
77500000 9745.29 -1271.47 -1602.01 -376.767 139.35 -18.5797
77600000 10359.6 -1860.94 -1518.29 -83.2901 438.373 580.142
77700000 9610.15 -2390.38 -1331.06 51.4443 73.3654 149.386
77800000 8650.9 -1731.69 -1337.31 -709.943 -71.0682 370.14
77900000 9601.63 -1942.47 -1340.72 -262.886 251.984 188.031
78000000 10217.3 -1169 -1582.19 88.6501 191.79 -369.928
78100000 9111.51 -1620.56 -1944.7 -375.038 299.536 310.406
78200000 9182.34 -1393.91 -617.554 115.859 274.889 173.9
78300000 9017.75 -996.919 -1224.26 -172.897 360.964 72.1266
78400000 8470.28 -969.856 -870.764 100.22 -101.927 -263.572
78500000 8529.13 -1063.51 -921.555 -308.566 -26.757 43.1568
78600000 8258.8 -995.063 -1182.48 45.4948 164.153 475.067
78700000 7979.55 -1221.31 -352.064 -369.888 586.62 277.453
78800000 7074.12 -1100.35 -442.516 137.865 -58.0189 377.856
78900000 7144.31 -1193.52 -360.222 111.36 509.49 -198.563
79000000 6588.3 -174.199 -661.183 -111.585 402.169 -188.993
79100000 6528.07 -120.068 -37.357 -82.1969 391.22 383.81
79200000 6241.82 -147.188 -428.518 -303.546 241.063 345.772
79300000 5960.42 22.4773 642.678 -208.344 431.387 247.023
79400000 5029.88 905.351 273.071 97.3382 -125.918 39.6449
79500000 4543.32 245.581 695.599 -133.808 260.19 296.865
79600000 4231.43 756.929 514.994 -339.447 -92.147 95.7654
79700000 3778.31 698.48 1279.92 -174.5 194.954 247.282
79800000 3367.3 640.641 1342.74 -224.309 267.46 122.829
79900000 2812.95 1247.25 1466.24 -89.2173 -137.952 175.357
80000000 2285.53 1313.45 1901.41 -351.774 246.123 -29.0719
80100000 1620.86 1520.09 2178.25 -109.139 41.6794 392.1
80200000 1533.51 1821.3 2382.41 -565.196 -51.7905 -309.174
80300000 747.269 2080.83 2577.12 -392.925 710.368 483.174
80400000 834.773 2923.01 2140.88 -142.637 -406.217 231.838
80500000 -590.685 2653.62 2633.73 -70.1101 -209.821 258.915
80600000 -222.047 2730.49 3064.29 -46.987 535.715 65.3748
80700000 -956.369 2292.82 3215.23 126.185 197.727 -96.7743
80800000 -987.726 3322.48 3409.3 245.375 -279.992 -73.6133
80900000 -1102.42 3336.75 3844.37 -179.035 182.636 237.258
81000000 -1399.26 4124.62 3460.51 -286.346 486.117 354.159
81100000 -2115.74 3659.47 4347.61 -281.186 375.725 -808.167
81200000 -1616.52 4654.37 3998.3 -18.7552 292.22 -203.746
81300000 -2335.87 4208.98 4481.5 -158.438 138.253 305.869
81400000 -3141.49 3997.98 3695.05 -211.284 572.276 25.4098
81500000 -2659.34 4442.02 4860.04 -18.7555 251.396 -437.122
81600000 -2698.87 4338.73 4435.73 -301.39 388.398 156.114
81700000 -3822.03 4644.65 4731.3 -23.4018 225.495 309.435
81800000 -3510.29 4645.98 4263.52 -170.68 178.953 -490.03
81900000 -3937.16 5401.07 4698.37 55.5984 396.99 342.51
82000000 -3674.81 4660.95 4844.59 -149.14 975.599 -253.083
82100000 -3894.91 4670.89 4884.84 -259.622 287.865 3.00897
82200000 -3556.3 5276.52 5211.18 -250.637 464.814 207.379
82300000 -4033.64 5017.57 5068.91 -397.891 516.275 -152.703
82400000 -4144.17 5624.32 4682.76 252.117 106.756 -298.777
82500000 -3848.85 5087.63 4900.93 -167.691 15.466 -45.873
82600000 -4293.99 5445.76 4936.72 -255.28 916.789 140.302
82700000 -3562.31 4940.6 4544.94 -671.573 888.323 -128.559
82800000 -3781.15 4827.86 5438.91 219.318 369.005 -231.046
82900000 -4400.9 5463.42 4807.16 379.859 78.634 -60.0673
83000000 -3532.76 4837.23 5204.12 -86.4332 -175.781 -72.3093
83100000 -3974.07 4677.86 4466.07 -156.955 335.138 -109.941
83200000 -3542.3 4212.82 5750.94 -0.528253 214.053 147.015
83300000 -3796.22 4379.07 4435.06 -263.066 482.204 -77.1177
83400000 -3081.71 4569.14 4254.48 -452.57 101.717 256.618
83500000 -2830.98 4094.22 4419.24 -121.987 512.36 -369.833
83600000 -2813.03 4445.21 4655.82 -177.946 897.092 215.3
83700000 -1865.05 3415.21 4638.36 -32.637 322 231.254
83800000 -2111.12 3503.88 3788.91 49.3672 165.181 0.295805
83900000 -1771.69 3922.97 3989.59 -77.9858 438.795 196.101
84000000 -982.263 3168.38 3814.21 102.711 537.074 77.3371
84100000 -680.302 3248.92 3319.75 5.46275 306.099 -50.2411
84200000 -745.608 2940.64 3280.34 -563.233 342.491 -0.280092
84300000 154.344 2316.8 3198.64 -156.548 287.687 297.328
84400000 126.222 2352 3254.57 -633.399 346.646 98.6995
84500000 563.972 2103.23 2476.78 53.9436 548 204.407
84600000 593.663 2188.3 1739.8 90.911 -1.92341 480.658
84700000 1813.74 1773.86 2170.08 -481.13 -250.304 184.669
84800000 1675.73 1969.72 1414.21 -281.839 -183.842 40.3893
84900000 1882.84 2036.08 1479.94 281.23 421.545 114.855
85000000 3429.97 1211.75 1345 -82.4076 340.439 -8.3832
85100000 3767.02 1319.06 1374.88 -37.9431 447.958 425.374
85200000 3243.36 977.983 1838.63 310.935 281.592 175.545
85300000 4068.03 372.19 419.366 39.8975 -8.65067 356.531
85400000 5259.47 1.43652 900.649 -122.883 368.09 -165.625
85500000 4834.39 134.522 749.661 -287.569 354.701 164.634
85600000 5343.5 412.622 -175.311 -372.843 -136.558 122.087
85700000 5504.02 -207.806 -28.98 153.137 165.215 256.858
85800000 6514.03 136.118 -99.8438 -112.845 307.415 4.70203
85900000 6641.16 -69.8297 -840.592 -282.894 344.101 84.9461
86000000 7056.73 60.2151 -651.656 -314.524 407.203 -30.2688
86100000 7560.36 -740.072 -522.479 -191.68 637.728 -273.827
86200000 7903.05 -543.37 -915.061 435.406 -14.6265 -112.133
86300000 7967.71 -973.429 -1371.72 149.851 58.651 -69.1808
86400000 8653.61 -998.671 -878.229 322.465 55.7481 -252.988
86500000 8310.33 -1265.47 -714.213 -327.081 -454.858 -172.99
86600000 9113.7 -707.713 -1041.55 308.32 -322.811 559.609
86700000 8903.86 -1665.86 -1279.29 -244.56 -115.166 -173.69
86800000 8737.01 -1791.53 -1467.39 -492.254 -105.021 -104.346
86900000 9937.47 -1926.44 -737.291 79.6372 -279.925 222.86
87000000 9929.47 -1152.66 -1392.87 -518.558 -66.8931 300.443
87100000 10337.1 -1399.58 -1186.04 -65.0671 258.071 78.5881
87200000 10329.3 -1640.31 -408.34 -540.421 340.368 -167.988
87300000 9254.48 -1411.4 -1277.19 -320.567 -50.0471 -21.5681
87400000 9611.54 -1457.5 -2032.21 157.714 -136.82 -167.471
87500000 10333 -2335.39 -2172.78 -8.08106 -277.07 149.882
87600000 9200.29 -1184.61 -1052.17 -233.757 -6.95578 100.171
87700000 9043.43 -1011.31 -1539.11 120.822 -480.302 -173.994
87800000 9701.29 -1846.6 -1416.55 -512.781 59.5688 9.27716
87900000 10021.1 -1404.14 -1775.49 244.259 -54.295 257.17
88000000 9305.59 -999.321 -1584.83 -113.767 -10.5506 102.431
88100000 9223.53 -1260.14 -1388.35 362.021 -47.9005 22.4537
88200000 9578.88 -1311.91 -1556.28 -340.626 -182.497 -143.334
88300000 9717.14 -2147.74 -1880.29 -105.314 392.942 7.05492
88400000 8914.57 -951.88 -700.03 193.663 476.186 291.715
88500000 8901.21 -1434.09 -1474.77 -85.7775 252.666 134.805
88600000 8563.48 -816.807 -897.507 187.525 -398.462 500.153
88700000 8354.84 -827.819 -590.026 73.867 365.661 -62.0817
88800000 6584.66 -955.354 -306.044 -99.1854 -77.5432 340.542
88900000 7200.99 -419.884 -665.456 258.765 247.566 2.40734
89000000 6829.1 -364.32 -485.991 -229.006 160.757 -115.483
89100000 6417.52 61.4113 353.492 -280.672 63.25 -47.3442
89200000 5866.24 -316.289 -73.1115 81.5866 -86.5019 48.5423
89300000 5830.93 -100.539 701.38 -9.89732 181.716 440.686
89400000 4904.11 -200.663 218.934 154.79 -110.857 297.52
89500000 4714.85 50.7281 311.108 -478.617 -72.1773 -263.566
89600000 4580.08 946.402 1100.76 -303.694 293.926 284.833
89700000 3502.61 561.565 1431.93 70.9128 228.454 -2.91108
89800000 3445.04 643.526 1956.81 17.1931 349.741 -108.865
89900000 2451.3 1503.78 2099.65 -96.29 409.107 -366.576
90000000 2585.87 1487.18 1416.51 156.949 308.705 -229.906
90100000 1656.52 2072.84 2053.05 245.643 34.9667 -334.6
90200000 2000.09 1597.72 2447.26 -362.247 216.924 131.135
90300000 1501.45 2483.69 2719.09 38.7443 184.561 517.294
90400000 857.754 2379.19 2814.53 -392.019 249.97 55.2592
90500000 744.226 2102.72 3228.85 57.0143 387.684 -49.8931
90600000 -218.347 2791.09 3109.42 45.0848 132.79 139.437
90700000 -1271.3 3140.66 3945.34 29.6096 -197.118 -156.121
90800000 -1382.07 3083.49 3461.64 344.466 204.38 47.1154
90900000 -1524.4 3505.54 3440.99 339.726 626.27 586.161
91000000 -1512.75 3348.47 3208.63 -155.549 240.572 177.057
91100000 -2139.57 3610.44 4244.88 243.727 359.073 119.493
91200000 -2662.01 3812.71 3611.87 -337.194 637.085 253.348
91300000 -2100.21 4119.46 4072.05 -496.784 523.408 -182.012
91400000 -3129.15 4178.6 4123.17 -505.552 381.018 188.889
91500000 -2998.07 4672.99 4899.34 -13.2491 -124.35 39.54
91600000 -3090.84 4550.25 4652.12 -16.5317 155.254 -125.7
91700000 -4193.98 4918.23 4771.8 -424.183 320.717 -240.212
91800000 -3518.98 4430.03 4808.37 -145.503 -89.9315 -60.4309
91900000 -3011.33 4492.78 5225.66 -268.022 675.742 289.283
92000000 -3744.27 5095.66 4709.46 -263.432 440.114 -64.631
92100000 -3812.45 5076.06 5149.89 -599.223 715.29 99.1771
92200000 -4011.73 4556.14 4956.3 -159.538 433.988 123.104
92300000 -3936.77 4742.96 5252.36 -198.942 447.939 -456.094
92400000 -3401.51 5157.89 5612.66 -157.356 97.8009 154.549
92500000 -3564.11 4440.14 5447.06 -99.8298 470.676 -163.889
92600000 -4284.95 4834.71 5525.22 -221.626 685.998 -744.483
92700000 -3790.46 5542.34 5018.54 -376.09 263.977 46.2048
92800000 -3304.18 4780.65 4908.24 -552.885 99.6613 -451.251
92900000 -4149.67 5167.49 4767.45 174.55 131.116 -198.027
93000000 -3491.93 4899.34 5160.55 -32.3167 586.235 -163.31
93100000 -3811.24 4900.12 5385.73 304.252 354.909 227.027
93200000 -3434.4 4685.11 4951.62 354.142 765.101 -11.9234
93300000 -3140.41 4814.28 4956.82 -460.961 388.721 28.2739
93400000 -3197.27 4784.62 4421.4 -158.66 529.922 -245.998
93500000 -3183.14 4490.36 4589.19 -9.49776 493.199 4.00272
93600000 -2443.22 3723.76 4599.95 52.5085 359.713 -331.906
93700000 -2332.05 3004.22 4058.33 -431.946 220.81 -510.481
93800000 -2614.49 3834.57 4348.32 -26.9815 3.66545 273.741
93900000 -1391.47 3023.11 4006.02 -121.388 656.025 -104.85
94000000 -1894.32 3478.86 3481.89 3.42135 780.539 -93.6367
94100000 -1116.87 2931.8 3898.6 -21.8027 606.022 339.148
94200000 -622.062 3289.54 3011.91 -247.771 247.792 -258.58
94300000 -380.25 2602.59 2744.98 207.214 527.321 136.813
94400000 -207.345 3129.17 3300.24 -142.331 469.405 38.3567
94500000 429.873 2466.31 2485.9 -69.4929 328.307 185.205
94600000 592.203 3118.02 2518.72 -631.01 198.473 654.709
94700000 1274.06 1800.43 2032.18 -189.311 300.118 -12.3107
94800000 2079.22 2121.86 1870.7 -705.981 369.392 62.2869
94900000 1458.36 1571.19 1994.51 -15.1435 239.647 126.454
95000000 2553.81 1390.88 1539.84 12.4135 217.365 153.16
95100000 3119.77 1585.29 1554.68 -83.4169 558.078 7.10792
95200000 3060.13 1150.98 1287.88 -583.544 585.999 542.569
95300000 4305.7 1204.61 751.355 -282.016 640.483 -110.298
95400000 4567.28 1194.87 524.388 125.429 381.747 254.168
95500000 4892.61 693.911 346.307 -145.851 426.798 -21.437
95600000 5148.89 134.658 290.202 3.12757 938.577 -399.41
95700000 5493.31 -141.165 369.08 -578.238 417.728 -237.173
95800000 5686.8 -634.701 -115.052 -215.285 423.632 -203.562
95900000 6449.2 -432.649 -261.153 -254.178 141.492 59.7191
96000000 7128.59 -753.171 -1.79029 46.4047 460.57 302.841
96100000 7725.35 -657.723 -136.73 -178.089 50.9821 145.687
96200000 7174.43 -552.276 -380.223 -429.807 286.934 32.1813
96300000 7784.83 -721.366 -887.038 -298.91 286.241 -155.694
96400000 8411.45 -1063 -699.513 59.6758 97.3363 -195.817
96500000 8405.35 -653.524 -1031.49 -638.555 559.004 -24.9979
96600000 8634.81 -1279.77 -1369.24 130.791 434.676 365.441
96700000 9111.75 -643.079 -1765.66 -263.791 -166.78 -183.284
96800000 9421.51 -1206.21 -1702.13 -203.102 64.8933 235.515
96900000 9472.26 -1439.37 -1526.82 -379.341 375.658 -18.2878
97000000 9314.09 -1543.62 -1746.08 -414.536 622.527 202.346
97100000 9921.04 -1457.89 -1435.11 -182.206 414.427 -40.4103
97200000 9263.97 -1431.16 -1686.92 -34.9165 425.597 87.6386
97300000 9711.44 -2054.87 -1051.33 -601.353 281.559 -117.605
97400000 9856.34 -1604.18 -961.875 -289.267 359.064 374.41
97500000 10254.1 -1621.74 -1766.02 43.6032 -90.6177 46.6848
97600000 10072.9 -1693.14 -1596.1 -196.965 289.346 32.6985
97700000 9637.13 -614.183 -1799.39 -94.6497 -212.328 22.5505
97800000 9895.37 -2224.77 -1566.74 -452.756 -55.4179 40.6206
97900000 10243.3 -940.962 -1259.12 -128.654 330.387 32.5882
98000000 10023 -1464.73 -1147.9 -727.456 86.1991 -60.0915
98100000 9571.22 -2180.78 -1678.63 -347.847 338.604 -81.5241
98200000 8821.39 -1279.99 -1130.51 38.7259 -208.021 1.47182
98300000 8756.19 -1455.11 -1162.63 -446.907 382.221 -65.2346
98400000 8514.36 -1155.27 -662.145 -309.056 -119.194 337.616
98500000 8397.23 -484.894 -1123.88 -337.455 583.35 205.704
98600000 7708.76 -1351.39 -421.736 250.585 275.99 129.125
98700000 7906.5 -649.464 -1502.12 19.4012 216.111 -392.041
98800000 8204.16 -347.4 -1026.27 -461.256 -79.5554 -416.465
98900000 6722.01 -546.753 31.8131 28.0888 467.838 770.52
99000000 6905.26 -417.731 37.5716 -455.56 345.758 -19.4942
99100000 6103.48 -65.8994 -198.46 -233.765 358.116 -299.001
99200000 5321.49 -116.947 -243.251 -468.15 288.869 489.286
99300000 5286.19 -186.651 187.925 -825.631 171.847 259.14
99400000 4552.69 582.047 748.296 -434.373 259.643 506.81
99500000 4192.08 122.287 992.039 -426.776 107.14 1.28542
99600000 3608.09 1185.5 801.894 -35.5432 83.5784 -590.608
99700000 3749.05 736.092 1199.23 -495.351 82.5744 -256.66
99800000 3403.39 1706.16 1121.99 96.0723 217.96 214.948
99900000 2762.28 1113.02 1243.33 -236.046 137.312 -395.128
100000000 1756.55 1782.92 1858.47 -111.006 140.213 344.463
