# Time-averaged data for fix ps1
# TimeStep c_thermo_press[1] c_thermo_press[2] c_thermo_press[3] c_thermo_press[4] c_thermo_press[5] c_thermo_press[6]
100000 -289.696 2059.8 -34.5725 -524.105 -79.8934 -329.385
200000 -255.506 2051.37 -16.3702 -899.529 49.6354 -306.39
300000 -483.755 2059.7 14.8068 -1260.01 3.69862 -268.795
400000 -165.798 1993.76 -3.71378 -1720.75 -51.6338 -320.875
500000 -330.668 1944.29 23.8517 -2009.65 -54.7914 -325.639
600000 -288.512 1998.24 109.527 -2488.79 -79.6051 -301.792
700000 -379.722 1968.44 21.9072 -2827.43 -93.1625 -224.943
800000 -281.984 1958.77 31.2784 -3260.91 32.9533 -212.891
900000 -441.631 2065.53 172.211 -3534.42 35.1692 -324.154
1000000 -216.856 1960.63 30.4765 -3868.01 -80.3086 -276.115
1100000 -134.569 1932.1 88.9243 -4212.83 -15.6544 -273.395
1200000 -187.575 1888.74 209.626 -4483.39 -0.746266 -254.862
1300000 -144.833 1886.33 -15.1618 -4793.05 -26.7395 -183.587
1400000 -71.4862 1888.81 43.5941 -5027.87 -23.9213 -217.272
1500000 -177.645 1913.9 256.109 -5344.62 -116.546 -291.229
1600000 -32.2496 1881.82 94.1415 -5499.28 28.7639 -127.842
1700000 -125.799 1878.31 236.713 -5751.84 49.7297 -215.667
1800000 -336.725 2132.76 207.277 -5935.25 -82.4328 -156.652
1900000 -230.048 2014.92 98.6582 -6120.82 -23.0497 -125.062
2000000 -301.058 1973.1 319.477 -6203.02 0.436664 -126.443
2100000 -206.828 2047.52 96.2808 -6329.58 -98.5177 -215.501
2200000 -170.013 1913.06 229.156 -6383.74 -7.80208 -153.418
2300000 -25.6747 1939.69 85.6711 -6528.43 25.9848 -259.146
2400000 -139.569 1917.76 256.492 -6494.9 -22.6587 -126.563
2500000 -160.894 2009.78 304.581 -6584.45 -43.8646 -127.895
2600000 -77.2259 1828.48 168.123 -6526.09 -40.0746 -105.037
2700000 -154.781 1941.23 194.527 -6404.72 3.73075 -171.129
2800000 -234.625 2004.9 231.075 -6377.73 -60.5831 -150.49
2900000 -138.817 1993.54 58.8659 -6383.51 -42.4963 -148.883
3000000 -82.233 1881.1 259.46 -6190.83 97.5481 -184.345
3100000 -184.335 1882.37 257.962 -6029.16 -61.7443 -136.022
3200000 -281.067 1923.56 214.522 -5829.51 -115.092 -162.927
3300000 -153.917 1986.03 190.063 -5750.39 51.4054 -176.844
3400000 -3.18812 1922.79 177.72 -5518.06 99.4092 -215.405
3500000 -163.31 1864.27 251.945 -5253.85 28.6641 -184.369
3600000 -235.017 1920.73 201.589 -5031.62 -85.3735 -247.921
3700000 -124.678 1930.11 5.27313 -4756.02 -91.8275 -214.66
3800000 -162.319 1947.44 17.7002 -4509.28 -79.6225 -211.789
3900000 -139.898 1976.08 -0.636601 -4225.15 -39.8226 -272.927
4000000 -282.943 1933.44 91.0251 -3922.11 -5.20674 -158.271
4100000 -130.63 1845.74 47.5965 -3503.5 21.561 -255.421
4200000 -227.82 1978.3 -42.8713 -3216.38 36.324 -228.285
4300000 -192.978 1936.24 40.2034 -2959.02 -147.54 -298.148
4400000 -329.589 2033.63 88.407 -2420.08 -16.0462 -140.681
4500000 -316.591 1995.24 -41.5498 -2112.68 7.85709 -182.38
4600000 -110.903 1895.6 -17.9647 -1706.04 40.2266 -227.298
4700000 -141.376 1928.27 -7.25677 -1341.51 -10.4444 -249.349
4800000 -251.432 2067.51 -17.1124 -950.374 66.4298 -177.08
4900000 -180.018 1940.45 20.8977 -651.022 -115.715 -260.664
5000000 -380.927 1986 115.371 -174.232 -134.363 -182.546
5100000 -375.425 2058.24 50.903 256.533 0.948264 -191.827
5200000 -281.437 2057.83 8.33569 728.403 -43.914 -409.158
5300000 -222.151 2061.22 -46.6597 972.335 -100.491 -337.997
5400000 -135.149 1992.34 -29.5216 1506.29 -44.8553 -268.841
5500000 -407.394 2144.16 63.6441 1932.75 -143.897 -290.37
5600000 -163.931 1983.89 46.8803 2272.96 -22.3341 -306.645
5700000 -315.986 2150.56 68.4026 2617.52 -31.0644 -284.129
5800000 -315.807 2240.58 -99.0438 2938.19 -39.914 -252.943
5900000 -183.037 2069.27 -77.7551 3304.69 29.2513 -297.228
6000000 -311.029 2109.09 -79.0059 3741.2 117.783 -325.814
6100000 -233.799 2218.49 -22.0879 3969.86 -55.6285 -387.426
6200000 -208.305 2236.39 -33.4766 4293.27 -55.5721 -392.321
6300000 -179.816 2214.02 -43.0095 4521.77 -124.809 -450.274
6400000 -179.604 2161.11 -22.8826 4778.46 -74.6126 -369.723
6500000 -228.073 2238.78 -77.9896 5088.1 -4.26125 -344.806
6600000 -182.629 2132.74 27.1788 5380.84 48.8685 -292.887
6700000 -141.517 2301.7 -116.199 5450.74 -0.288869 -411.964
6800000 -263.184 2358.87 -44.4828 5689.41 29.3049 -456.697
6900000 -140.931 2281.7 -65.7184 5845.62 7.62104 -433.138
7000000 -274.791 2388.78 12.2454 6018.09 29.1745 -346.826
7100000 -174.593 2297.41 -42.6298 6164.18 -4.87457 -492.821
7200000 -151.781 2211.24 102.644 6165.69 113.156 -321.883
7300000 -180.631 2293.7 13.1871 6183.62 33.6762 -389.357
7400000 -158.275 2295.22 15.9263 6223.11 35.8489 -401.429
7500000 -184.527 2327.73 -13.1422 6231.33 -46.9441 -448.49
7600000 -194.663 2349.23 -45.43 6218.36 -4.87251 -390.275
7700000 -237.233 2426.12 -21.6496 6215.65 85.5804 -366.033
7800000 -185.154 2384.85 11.2113 6211.45 70.478 -378.414
7900000 -223.062 2277.01 -22.0939 6059.24 -5.29076 -389.108
8000000 -247.672 2285.51 49.5197 5997.22 -22.8622 -417.105
8100000 -104.409 2213.74 46.7113 5873.27 -34.4217 -292.572
8200000 -217.825 2298.85 95.12 5711.47 8.82364 -310.871
8300000 -213.853 2275.12 -35.454 5428.31 15.4697 -396.055
8400000 -177.562 2218.89 39.3511 5295.56 70.1936 -356.097
8500000 -101.492 2202.91 -28.3559 5065.54 -51.4463 -419.853
8600000 -102.41 2113.46 35.9064 4780.85 51.7792 -320.509
8700000 -195.085 2085.07 71.4805 4536.94 -7.53371 -287.716
8800000 -123.645 2119.5 -2.60589 4210.66 13.9771 -372.224
8900000 -141.127 2084.58 12.2793 3906.52 35.097 -318.546
9000000 -368.047 2278.75 25.7462 3681.69 -18.9995 -346.911
9100000 -154.309 2063.34 5.35152 3286.81 -32.6155 -358.553
9200000 -246.924 2120.32 -41.2113 2967.78 -2.05893 -309.217
9300000 -180.654 2004.53 -13.2893 2587.52 -14.7325 -340.468
9400000 -157.564 2159.59 -107.753 2169.98 -59.2853 -197.589
9500000 -197.986 2081.55 -60.0772 1866.77 -52.8537 -219.86
9600000 -228.937 2067.36 -157.027 1498.27 42.4577 -69.6181
9700000 -299.84 2070.52 -78.8096 1033.56 -147.087 -113.116
9800000 -147.016 1915.42 -78.2523 594.394 -119.658 -196.998
9900000 -272.081 1921.37 5.84362 348.061 -39.9166 -117.934
10000000 -299.238 2033.88 -68.4904 -117.363 59.9806 -256.544
10100000 -236.391 1999.74 3.43298 -545.488 -66.3657 -276.531
10200000 -313.585 1963.19 8.14454 -870.23 26.3512 -187.972
10300000 -213.582 1899.94 147.447 -1294.54 54.7412 -234.319
10400000 -303.419 2118.31 -59.3271 -1792.69 22.3227 -297.875
10500000 -147.715 1871.5 -15.522 -2190.9 11.9564 -229.25
10600000 -272.291 2039.8 -47.7152 -2462.59 16.3578 -233.235
10700000 -234.213 1908.22 89.5605 -2857.89 7.07837 -188.791
10800000 -339.889 2039.17 61.9872 -3276.2 34.7156 -239.881
10900000 -261.791 2038.6 80.3966 -3558.75 16.2375 -173.708
11000000 -255.568 1942.63 70.2716 -3872.35 -16.291 -177.258
11100000 -206.293 1850.31 124.904 -4176.11 -1.83562 -200.528
11200000 -263.206 1924.43 102.107 -4491.99 28.8941 -202.738
11300000 -252.237 1896.29 144.925 -4824.85 -3.02971 -147.244
11400000 -283.067 1959.24 160.963 -5101.54 -21.7594 -145.807
11500000 -246.217 2042.08 93.7549 -5284.89 -12.329 -167.27
11600000 -202.539 1949.77 180 -5517.8 -39.9021 -179.972
11700000 -131.167 1930.97 90.6494 -5731.48 33.2445 -137.225
11800000 -268.112 1957.27 194.405 -5920.56 28.8947 -127.494
11900000 -270.458 2134.94 197.595 -6058.62 123.206 -176.614
12000000 -85.048 1969.94 56.6855 -6215.39 -7.47975 -154.886
12100000 -292.124 2034.95 157.837 -6360.65 -22.614 -93.6955
12200000 -53.2453 2020.05 13.8628 -6397.08 -113.56 -253.601
12300000 -197.058 1985.06 158.844 -6455.01 46.2828 -176.363
12400000 -217.686 1929.54 223.258 -6455.16 3.46801 -173.277
12500000 -187.763 2083.6 97.8169 -6618.08 1.43027 -132.232
12600000 -263.755 1942.36 197.142 -6523.99 -36.5803 -145.58
12700000 -101.545 1957.19 173.449 -6464.99 4.4813 -122.19
12800000 -237.608 1935.39 197.59 -6403.13 16.4898 -103.866
12900000 -209.517 1982.4 222.116 -6289.81 -39.3241 -150.312
13000000 -161.966 1939.86 131.596 -6179.99 -65.063 -206.84
13100000 -99.7618 2024.9 199.333 -6042.6 72.2243 -163.646
13200000 -246.988 1903.65 303.957 -5877.45 89.2842 -161.025
13300000 -234.114 1987.89 104.655 -5752.59 -22.5213 -134.434
13400000 -81.7537 1908.33 167.213 -5478 99.0698 -175.899
13500000 -141.27 1986.01 19.4944 -5391.7 63.3138 -142.893
13600000 -370.661 2062.32 163.457 -5096.29 33.6733 -100.394
13700000 -235.918 2030.14 113.104 -4825.26 77.6217 -216.996
13800000 -189.283 1967.32 26.2312 -4533.86 -32.8227 -215.87
13900000 -202.628 1933.04 51.7485 -4182.53 -39.0318 -204.758
14000000 -255.267 1957.48 98.1136 -3941.53 18.2882 -200.612
14100000 -154.428 1877.4 28.4888 -3601.88 -5.42536 -205.681
14200000 -317.497 2146.14 21.1887 -3273.31 0.5319 -198.242
14300000 -297.141 1906.25 112.495 -2795.97 15.3456 -179.261
14400000 -272.84 1915.38 50.4285 -2461.35 -5.92545 -228.754
14500000 -160.466 1957.96 57.9136 -2146.22 83.6613 -130.528
14600000 -267.711 1988.84 58.5954 -1761.01 -19.8344 -212.896
14700000 -318.04 1865.26 51.8612 -1270.84 27.5069 -174.179
14800000 -383.699 2030.12 -7.94476 -881.77 45.8691 -189.037
14900000 -235.135 1992.33 86.0798 -596.399 -45.9766 -276.213
15000000 -192.596 1966.07 -60.8168 -123.657 65.8713 -219.388
15100000 -176.076 1967.07 44.2007 277.327 -67.0092 -303.373
15200000 -312.738 2123.9 -17.3232 664.569 97.9433 -240.099
15300000 -173.114 2070.43 -49.4477 1014.36 -56.3164 -375.86
15400000 -209.835 2109.2 -72.4823 1581.41 57.4257 -249.389
15500000 -208.713 2060.18 -26.8715 1874.63 -83.8646 -251.828
15600000 -269.927 2058.31 20.9619 2258.99 36.7068 -242.69
15700000 -240.292 2016.01 -14.805 2682.58 45.1572 -312.966
15800000 -212.4 2012.04 104.009 3006.71 -20.0296 -300.962
15900000 -161.4 2127.32 -1.86155 3262.34 0.394337 -368.272
16000000 -158.405 2143.47 -50.4283 3592.2 -14.0764 -337.491
16100000 -110.775 2104.91 59.9663 3954.96 -24.6037 -306.356
16200000 -181.907 2182.5 94.3124 4235.51 -23.1389 -345.694
16300000 -253.971 2322.09 -1.84607 4553.26 5.32304 -390.661
16400000 -129.024 2196.14 -70.9033 4776.23 -28.056 -321.766
16500000 -252.572 2351.81 -45.3019 5013.28 30.5847 -354.532
16600000 -193.085 2221.58 32.8036 5191.15 -39.7765 -412.105
16700000 -288.451 2166.68 235.486 5531.14 -1.59507 -255.218
16800000 -239.009 2274.86 -24.5549 5672.51 38.1484 -371.223
16900000 -153.635 2233.76 63.9909 5803.28 -57.9275 -350.968
17000000 -211.942 2273.99 10.7569 5965.43 14.1693 -379.134
17100000 -182.259 2299.22 6.86517 5982.77 7.87337 -458.366
17200000 -91.3069 2267.62 -30.0844 6116.5 34.3017 -337.062
17300000 -136.734 2267.29 3.74955 6305.5 22.7932 -350.417
17400000 -220.837 2416.19 22.7995 6250.53 -31.012 -462.116
17500000 -189.831 2398.68 2.53615 6252.34 51.9238 -400.062
17600000 -164.367 2140.4 92.7049 6296.4 -23.5518 -338.293
17700000 -170.689 2303.21 14.4622 6177.89 11.8652 -367.276
17800000 -220.267 2357.63 31.7525 6114.76 -63.8391 -413.934
17900000 -141.584 2289.62 -6.20727 5962.19 28.7856 -354.847
18000000 -192.983 2332.41 -40.7572 5900.43 13.325 -408.821
18100000 -247.805 2356.48 -3.46628 5798.41 17.8438 -282.559
18200000 -120.146 2229.45 -46.9952 5629.7 6.34217 -379.062
18300000 -156.33 2260.74 -0.00831503 5524.55 -0.00744556 -402.771
18400000 -197.645 2265.99 45.6503 5254.5 0.263814 -349.291
18500000 -387.735 2335.01 -27.7145 5108.65 24.598 -376.618
18600000 -123.604 2123.27 -49.5721 4840.4 -41.0963 -398.002
18700000 -265.586 2263.16 -17.8924 4599.56 53.3749 -329.109
18800000 -245.327 2209.76 47.1391 4349.6 56.3757 -305.936
18900000 -239.233 2117.01 -10.4243 3954.82 -26.6387 -279.962
19000000 -225.218 2086.86 128.246 3679.89 71.9888 -396.04
19100000 -162.878 2126.1 -40.3908 3276.66 -5.23938 -359.884
19200000 -226.329 2118.87 -57.8299 2972.5 -22.6593 -240.481
19300000 -293.788 2158 -5.51899 2665.76 91.9047 -277.421
19400000 -208.551 2168.5 -14.0857 2239.48 84.1129 -294.127
19500000 -121.476 2085.95 2.5671 1897.93 59.2388 -232.029
19600000 -262.47 2040.75 22.1434 1528.95 25.8085 -172.465
19700000 -328.964 2102.51 -11.7241 1142.56 63.1904 -214.445
19800000 -95.7822 2045.34 -15.0712 677.888 17.6891 -263.116
19900000 -280.416 2095.45 2.08177 270.516 32.2306 -225.236
20000000 -158 1921.87 -77.0751 -129.063 1.27061 -320.802
20100000 -199.676 2030.79 -73.2358 -462.044 93.1253 -179.661
20200000 -192.615 1997.04 -18.384 -930.598 -42.8388 -185.756
20300000 -329.049 1956.77 3.82512 -1292.43 38.1968 -160.507
20400000 -411.121 2041.59 49.3935 -1660.14 54.7833 -184.398
20500000 -247.14 2000.84 117.145 -2115.79 -56.1444 -213.169
20600000 -302.532 1908.9 116.652 -2489.95 -73.1465 -210.233
20700000 -386.48 2033.32 79.6332 -2785.92 34.4448 -188.667
20800000 -323.306 1922.09 45.9405 -3153.34 -23.4245 -181.846
20900000 -414.888 2059.45 74.5981 -3564.87 9.16891 -225.721
21000000 -144.378 1902.8 30.5176 -3882.73 74.4587 -198.792
21100000 -223.138 1908.04 140.496 -4164.75 5.60689 -115.815
21200000 -273.349 1954.71 178.459 -4439.2 33.9794 -104.239
21300000 -282.217 2035.74 162.659 -4805.4 21.3266 -193.404
21400000 -283.157 1898.43 181.459 -5007.91 -9.49187 -152.011
21500000 -251.287 1968.88 149.782 -5345.45 -54.4614 -149.85
21600000 -159.353 1931.23 167.875 -5475.83 -0.999551 -203.113
21700000 -282.74 1968.04 146.721 -5746.44 -49.9199 -111.882
21800000 -222.688 1885.18 246.863 -5879.08 31.559 -134.336
21900000 -287.522 1949.4 229.068 -6051.94 50.1214 -169.517
22000000 -217.931 1943.44 284.807 -6210.81 15.6061 -156.963
22100000 -274.148 2001.41 119.098 -6312.55 20.7194 -105.099
22200000 -203.747 1939.05 221.1 -6389.7 -34.7104 -148.084
22300000 -132.155 1978.2 104.389 -6480.37 58.3677 -234.25
22400000 -116.598 2016.52 58.6289 -6556.03 45.3199 -179.622
22500000 -203.612 1992.16 257.975 -6487.57 62.8189 -168.08
22600000 -189.851 1989.42 174.015 -6517.93 5.70296 -133.307
22700000 -63.623 1985.51 67.6429 -6490.17 -24.2804 -140.915
22800000 -214.493 1963.17 200.29 -6337.48 9.00582 -107.664
22900000 -231.15 1934.39 296.419 -6324.49 -48.1264 -114.244
23000000 -289.656 1971.82 260.658 -6114.12 89.8382 -177.366
23100000 -159.064 1996.95 161.701 -6071.82 -27.9338 -90.6287
23200000 -188.46 2007.79 262.022 -5879.63 42.6288 -227.866
23300000 -175.675 2111.82 -3.9372 -5781.57 20.6308 -195.884
23400000 -226.432 1951.77 198.158 -5485.72 -23.8921 -141.883
23500000 -217.518 1879.9 208.917 -5238.13 3.95241 -156.462
23600000 -231.526 1896.45 189.923 -5043.26 -5.27918 -176.059
23700000 -337.635 2086.56 22.1202 -4858.45 20.1936 -171.191
23800000 -229.92 2026.15 173.733 -4522.57 4.94727 -108.729
23900000 -89.0693 1960.25 72.1577 -4234.14 62.1712 -199.802
24000000 -333.867 1897.64 132.043 -3868.45 -35.6486 -126.711
24100000 -281.095 2037.7 -17.2945 -3585.08 28.3282 -180.895
24200000 -286.827 1958.21 240.263 -3238.31 -71.6245 -208.872
24300000 -183.132 1968.3 -78.0147 -2820.59 -46.0078 -279.268
24400000 -231.834 2019.51 -41.4206 -2469.15 46.956 -175.648
24500000 -270.051 2088.61 -1.73064 -2119.52 66.7443 -277.069
24600000 -298.414 1887.75 59.9827 -1796.76 -47.2328 -302.791
24700000 -204.677 2005.29 -15.0656 -1298.89 -46.1951 -292.21
24800000 -249.598 1996.6 54.4732 -931.214 103.021 -317.414
24900000 -173.98 1959.26 -63.6921 -568.706 -26.9316 -223.286
25000000 -310.064 2078.66 25.0481 -162.589 -82.7361 -309.966
25100000 -397.97 2103.46 -8.19246 310.979 108.092 -262.575
25200000 -178.75 1977.7 -25.5671 680.514 30.1647 -251.797
25300000 -188.435 1944.96 30.4424 1017.55 -35.9893 -224.052
25400000 -237.664 2007.67 48.4223 1534.68 42.5969 -254.226
25500000 -191.534 2112.21 -67.8912 1837.31 15.3271 -305.404
25600000 -195.602 2072.39 -7.56709 2191.98 -19.438 -241.266
25700000 -299.945 2102.25 38.9485 2624.26 59.4898 -291.122
25800000 -321.302 2165.28 -106.385 2946.96 -41.0739 -363.963
25900000 -111.616 1969.37 23.6752 3279.74 -45.9066 -289.102
26000000 -199.267 2119.09 -14.3309 3616.12 -25.4941 -365.687
26100000 -98.7215 2138.47 -35.8161 3945.6 16.7988 -336.33
26200000 -133.442 2205.41 42.0205 4267.84 -33.357 -350.421
26300000 -252.212 2167.22 51.0985 4578.25 -7.83093 -285.683
26400000 -260.256 2196.42 -3.50034 4744.71 -48.2353 -230.625
26500000 -152.71 2188.75 6.72356 5029.29 -38.0774 -160.301
26600000 -275.941 2242.11 12.6888 5296.6 -69.6448 -257.887
26700000 -128.73 2293.07 -6.53685 5452.93 -13.3006 -246.175
26800000 -143.491 2204.21 -52.6187 5557.05 -52.279 -277.332
26900000 -190.81 2333.64 42.4104 5758.85 -5.26828 -214.304
27000000 -224.518 2406.47 64.4461 5902.14 -36.7462 -267.283
27100000 -64.2651 2296.45 -63.3673 6043.24 -102.556 -291.697
27200000 -140.995 2341.98 -23.7564 6115.02 -25.5484 -246.601
27300000 -244.311 2426.81 59.3696 6166.36 -13.3486 -238.73
27400000 -134.865 2214.57 61.3588 6274.67 -14.8066 -423.688
27500000 -163.164 2320.53 -9.45607 6254.4 10.0732 -464.528
27600000 -110.896 2322.4 -15.2069 6178.71 90.4463 -365.96
27700000 -120.027 2342.17 -129.775 6145.39 63.3363 -475.727
27800000 -96.7342 2305.57 -86.5203 6192.73 184.365 -334.121
27900000 -88.8764 2237.51 -120.563 6037.78 154.956 -329.033
28000000 -196.916 2308.59 18.0353 5936.75 208.324 -289.04
28100000 -77.5376 2273.23 -163.489 5874.78 120.507 -364.127
28200000 -100.786 2207.4 -59.0892 5621.73 149.233 -308.308
28300000 -29.7611 2164.15 -72.1719 5427.25 126.92 -249.51
28400000 -43.9682 2216.28 -36.6097 5262.31 128.999 -300.555
28500000 -48.8711 2177.35 -87.7577 5048.32 92.6572 -312.607
28600000 -140.085 2171.16 -43.6278 4795.88 120.852 -340.672
28700000 -110.893 2098.41 -111.18 4455.12 136.838 -338.406
28800000 -136.111 2170.38 2.98927 4289.93 -10.6178 -315.392
28900000 -118.912 2097.14 77.504 3911.47 -7.19526 -354.573
29000000 -276.155 2242 22.7487 3601.59 -48.3144 -364
29100000 -200.99 2071.71 -45.0981 3346.45 -49.0562 -363.247
29200000 -212.329 2155.77 -28.2232 2970.74 -36.7483 -231.07
29300000 -232.385 2062.22 -12.4554 2628.38 31.7272 -342.909
29400000 -452.59 2183.75 -8.23098 2281.45 -1.80923 -236.168
29500000 -317.655 2130.22 22.6614 1882.44 -25.518 -283.509
29600000 -365.83 2121.96 66.1604 1596.95 -6.59405 -228.472
29700000 -372.777 2093.35 -9.53285 1066.71 17.5198 -338.813
29800000 -316.891 2075.26 -3.10716 669.846 44.0855 -214.86
29900000 -311.839 1994.65 -9.60958 430.61 71.8242 -267.123
30000000 -287.401 1983.02 30.0635 -80.197 70.3803 -173.049
30100000 -131.041 2003.13 30.1935 -563.893 -81.0577 -254.726
30200000 -454.826 2076.01 104.984 -890.515 25.841 -222.881
30300000 -345.991 2016.21 46.911 -1374.14 56.9844 -181.208
30400000 -400.13 1887.56 118.968 -1617.1 30.7425 -174.865
30500000 -259.714 1918.99 -21.2631 -2074.22 33.7106 -174.427
30600000 -276.586 1962.73 35.1825 -2415.42 18.2781 -204.879
30700000 -245.637 1998.74 -4.30483 -2842.95 36.5288 -232.683
30800000 -242.052 1967.85 16.764 -3215.15 36.8142 -199.92
30900000 -315.912 1877.66 64.3852 -3592.79 -17.05 -110.295
31000000 -308.936 2081.83 84.9346 -3984.92 -63.4485 -230.506
31100000 -222.381 2082.46 6.63711 -4292.7 -14.7701 -229.895
31200000 -135.123 1867.31 58.7482 -4503.08 61.9754 -180.697
31300000 -231.133 2112.75 74.8882 -4823.85 -30.6908 -195.528
31400000 -169.586 1916.56 152.053 -5047.82 78.8732 -221.887
31500000 -138.646 1948.94 -7.49477 -5324.73 -8.84698 -204.991
31600000 -249.656 1959.38 63.2196 -5549.63 54.8421 -181.159
31700000 -203.61 1911.1 144.381 -5716.44 33.8905 -128.404
31800000 -167.389 1873.56 295.371 -5837.05 101.522 -212.251
31900000 -211.01 2080.92 -2.46114 -6191.16 26.0681 -145.893
32000000 -80.9902 1931.72 24.2097 -6237.48 58.1012 -255.357
32100000 -155.97 1943.18 191.185 -6274.01 -29.6869 -105.684
32200000 -265.074 1992.39 249.849 -6350.44 37.3663 -185.509
32300000 -244.193 2038.88 124.326 -6502.38 -14.5475 -155.128
32400000 -234.884 2030.06 151.107 -6505.41 -25.7268 -135.996
32500000 -250.758 1980.73 183.344 -6545.12 -4.61343 -168.853
32600000 -256.212 1935.19 281.615 -6501.56 -37.1309 -159.112
32700000 -252.094 2097.84 271.248 -6414.52 -104.57 -143.68
32800000 -219.894 2049.77 167.636 -6259.17 -35.5289 -129.239
32900000 -274.627 2116.81 68.878 -6345.85 16.7322 -133.533
33000000 -187.824 1953.15 197.46 -6111.31 53.4542 -210.273
33100000 -117.754 1961.44 191.263 -6041.54 16.8155 -196.946
33200000 -156.121 2022.15 45.0292 -5939.08 -101.128 -237.555
33300000 -250.598 1954.44 205.399 -5767.16 -42.3369 -185.384
33400000 -243.775 2027.42 112.8 -5542.28 12.9761 -161.123
33500000 -323.964 1969.51 206.028 -5260.7 27.4125 -163.343
33600000 -365.259 1976.18 216.571 -5021.72 -35.7609 -188.719
33700000 -281.899 2038.02 57.5135 -4847.39 43.0907 -172.137
33800000 -149.923 1918.02 103.036 -4537.55 52.5057 -166.292
33900000 -57.331 1967.71 10.7425 -4256.16 35.1842 -239.281
34000000 -113.826 1887.87 -31.4432 -3912.81 61.3305 -208.345
34100000 -195.931 1968.86 16.0765 -3535.77 -45.181 -188.914
34200000 -250.458 1894.59 148.518 -3137.91 -44.5775 -129.903
34300000 -257.752 1922.91 102.921 -2842.09 -12.6738 -213.93
34400000 -225.563 1972.43 46.5887 -2475.08 43.5263 -233.798
34500000 -181.41 1925.21 18.1943 -2151.35 -30.5325 -219.285
34600000 -276.033 2021.14 43.4654 -1675.53 25.9577 -185.347
34700000 -454.735 2046.68 12.7072 -1287.53 62.9509 -231.291
34800000 -267.718 2064.99 7.03774 -946.69 16.918 -227.245
34900000 -209.978 1897.26 126.541 -564.275 -32.5972 -254.59
35000000 -293.862 1930.96 3.4152 -119.373 90.322 -265.785
35100000 -364.37 2158.31 -1.00332 286.454 59.609 -293.295
35200000 -166.35 2003.5 -40.7604 751.173 -46.2687 -212.154
35300000 -254.345 2009.55 -80.7806 1045.81 -47.3432 -278.623
35400000 -310.483 2145.51 -12.1577 1411.83 -45.5117 -265.218
35500000 -333.061 2138.39 -23.5604 1913.91 22.504 -276.076
35600000 -324.643 2155 15.797 2269.97 121.85 -283.012
35700000 -284.311 2061.43 31.4194 2595.06 -20.1748 -255.908
35800000 -332.319 2103.24 162.706 3042.75 -38.3764 -305.016
35900000 -218.777 2071.7 59.5185 3287.61 50.3719 -302.774
36000000 -252.148 2182.75 -105.985 3642.96 -25.8792 -357.835
36100000 -202.966 2216.02 -3.92178 3936.27 27.2192 -295.017
36200000 -260.677 2260.71 54.6787 4293.76 92.3128 -279.17
36300000 -164.167 2223.78 -7.08011 4564.73 11.2254 -390.807
36400000 -86.0663 2245.89 28.0326 4905.68 -1.71269 -385.355
36500000 -42.9297 2203.31 -70.1601 5071.81 79.6124 -333.744
36600000 -98.281 2125.04 -80.3469 5310.75 234.751 -332.566
36700000 -104.581 2195.33 -41.1344 5512.87 105.695 -276.938
36800000 -206.828 2310.29 -37.3358 5663.16 100.767 -332.95
36900000 -247.008 2294.29 -25.4486 5919.18 -44.9229 -425.122
37000000 -304.946 2344.72 -25.206 5952.29 -34.934 -380.048
37100000 -265.785 2360.41 45.2104 6159.75 37.0714 -360.526
37200000 -162.635 2288.81 -24.3605 6150.38 -34.8213 -405.714
37300000 -236.09 2402.62 -87.7254 6265.77 80.5876 -453.16
37400000 -214.661 2391.07 -59.9458 6249.02 -5.62907 -443.875
37500000 -281.882 2475.46 -69.8429 6266.04 -22.1148 -436.295
37600000 -233.404 2531.19 -74.3612 6265.55 -14.3627 -479.389
37700000 -188.424 2389.89 -47.432 6294.93 -2.09874 -496.753
37800000 -166.162 2337.04 -8.52994 6154.14 31.1987 -351.793
37900000 -142.68 2241.62 6.90393 6093.17 -5.52459 -361.74
38000000 -237.693 2400.39 -49.1897 5975.21 37.9402 -457.267
38100000 -260.344 2394.07 -16.2151 5893.13 -33.186 -436.612
38200000 -296.705 2379.34 -37.8312 5746.89 -30.4735 -397.66
38300000 -279.66 2374.26 -60.4164 5559.74 28.696 -444.051
38400000 -231.122 2325.65 -67.9417 5302.85 -39.572 -452.657
38500000 -241.81 2353.87 -98.3159 5097.93 -24.3062 -400.724
38600000 -160.382 2171.05 -58.2464 4853.74 57.5887 -442.99
38700000 -222.725 2156.7 57.6081 4636.31 13.3907 -405.674
38800000 -227.841 2223.68 -103.158 4477.79 69.168 -367.219
38900000 -205.573 2147.13 56.3529 4031.13 27.0834 -394.684
39000000 -222.57 2237.41 44.1597 3655.24 -57.4237 -387.555
39100000 -192.412 1987.65 77.9255 3323.16 3.90254 -418.738
39200000 -198.899 2097.91 -121.638 3038.75 62.7934 -398.242
39300000 -313.92 2207.72 -60.1224 2706.6 -27.1043 -297.567
39400000 -314.353 2208.56 7.76852 2215.11 -78.8206 -380.661
39500000 -385.496 2160.78 6.94083 1902.46 25.05 -295.848
39600000 -295.021 2076.4 1.46682 1400.65 -63.9196 -354.018
39700000 -200.03 2033.57 -39.6116 970.08 -108.607 -326.461
39800000 -261.57 2008.14 -30.6061 772.797 2.11755 -301.673
39900000 -306.127 2042.82 -25.7985 302.548 133.134 -263.762
40000000 -157.531 1952.52 65.0167 -172.407 -114.514 -252.206
40100000 -400.414 2042.76 51.7652 -469.354 33.9498 -139.941
40200000 -177.296 1974.59 -24.3726 -907.602 65.6237 -232.761
40300000 -155.616 1888.6 5.39059 -1301.94 27.0733 -176.686
40400000 -240.113 2066.54 -34.6499 -1821.92 -112.617 -338.182
40500000 -280.236 1970.48 47.0448 -2118.73 77.4702 -208.884
40600000 -255.658 1959.35 36.3203 -2583.07 -9.51316 -291.766
40700000 -232.723 1944.56 66.4082 -2892.61 81.3085 -216.881
40800000 -138.876 1950.16 78.3535 -3194.04 95.6654 -235.614
40900000 -368.909 2051.51 124.309 -3590.38 26.2458 -202.362
41000000 -135.279 1933.87 49.4797 -3951.33 63.7996 -179.68
41100000 -126.022 1923.42 79.7385 -4185.02 17.923 -206.227
41200000 -272.523 1934.86 114.091 -4480.95 -9.44597 -150.337
41300000 -344.582 1917.5 142.362 -4791.16 -2.33889 -137.342
41400000 -232.32 1955.46 141.513 -5069.2 -59.1084 -119.544
41500000 -232.073 2010.87 70.1143 -5332.4 12.7429 -141.334
41600000 -217.111 1869.74 241.313 -5588.47 -78.9773 -185.804
41700000 -230.298 1983.4 156.149 -5771.48 -51.0796 -108.551
41800000 -206.201 1977.14 163.382 -5916.11 41.5432 -161.054
41900000 -187.522 1924.6 177.371 -6012.69 -53.126 -132.428
42000000 -159.132 2065.18 157.127 -6322.11 3.11593 -152.82
42100000 -65.0297 1968.82 137.753 -6337.61 118.41 -130.169
42200000 -172.045 1999.56 168.356 -6424.28 2.72268 -194.185
42300000 -191.83 1849.17 243.067 -6426.05 17.4455 -106.828
42400000 -135.095 1937.38 108.768 -6468.18 0.569085 -139.144
42500000 -59.8722 1983.49 187.613 -6510.19 45.428 -149.729
42600000 -264.061 2112.44 95.235 -6616.69 25.0544 -112.462
42700000 -245.595 1958.14 203.218 -6418.18 13.1929 -118.682
42800000 -178.192 2056.66 45.7588 -6450.55 7.31782 -212.31
42900000 -235.621 1942.16 111.1 -6325.26 -38.8632 -188.55
43000000 -132.427 1986.21 54.9117 -6186.84 21.3247 -221.977
43100000 -227.862 2051.12 137.334 -6130.78 18.5722 -273.642
43200000 -286.658 1911.46 100.809 -5839.9 20.6892 -231.96
43300000 -345.538 1940.61 152.335 -5726.08 9.62943 -181.486
43400000 -239.486 1976.54 109.505 -5521.72 21.6788 -136.379
43500000 -346.782 1950.17 215.578 -5266.18 25.1948 -244.881
43600000 -225.279 1888.99 110.225 -5027.06 -39.4005 -204.485
43700000 -148.369 1967.27 4.30737 -4818.46 42.9662 -190.566
43800000 -393.095 2006.74 166.852 -4475.6 58.4171 -262.499
43900000 -383.616 1932.11 83.71 -4244.73 -9.24048 -284.351
44000000 -324.827 1969.18 65.3155 -3851.64 -25.3831 -212.025
44100000 -251.541 1991.27 -21.5988 -3549.96 95.0102 -254.792
44200000 -427.981 2109.22 105.264 -3209.31 38.0107 -257.195
44300000 -326.217 2024.86 37.2292 -2864.08 32.2374 -213.393
44400000 -215.88 1946.02 -11.5163 -2513.64 -59.3632 -310.465
44500000 -279.985 2026.08 12.465 -2124.52 6.83376 -215.589
44600000 -323.194 2063.68 -33.672 -1747.87 -8.50141 -297.541
44700000 -296.857 2016.68 -26.7022 -1373.96 -35.0456 -273.291
44800000 -286.802 1959.25 -8.33612 -944.676 44.9031 -251.358
44900000 -306.671 1986.02 -23.879 -461.531 72.1766 -291.158
45000000 -314.219 2150.22 -40.1082 -69.1085 84.8502 -272.196
45100000 -356.189 2128.69 -33.6039 333.378 38.2513 -260.184
45200000 -462.355 2077.49 92.4369 731.3 93.1746 -189.825
45300000 -196.365 2003.02 -21.4124 1175.19 -10.2857 -233.431
45400000 -205.848 2059.96 61.4606 1473.57 66.2323 -300.199
45500000 -267.947 2115.2 -24.1013 1818.77 -25.8979 -348.705
45600000 -267.799 2053.64 11.8754 2256.67 41.0677 -323.422
45700000 -99.5864 2050.94 -17.4614 2629.41 80.482 -233.24
45800000 -286.543 2120.08 18.0709 3006.73 -5.8079 -388.701
45900000 -170.544 2116.82 7.83864 3404.84 29.285 -248.233
46000000 -133.485 2017.43 8.01384 3596.99 -56.94 -357.379
46100000 -126.122 2077.21 -32.4303 3997.9 -31.0861 -396.874
46200000 -277.031 2230.86 23.0878 4250.09 -58.0641 -369.079
46300000 -147.274 2132.75 -12.3449 4465.82 -52.5824 -356.958
46400000 -248.083 2322.14 -6.27205 4762.14 -8.84455 -375.217
46500000 -186.913 2225.39 25.2853 5041.25 45.2042 -334.749
46600000 -102.024 2172.19 -17.8531 5272.34 -18.1026 -322.026
46700000 -76.9801 2163.35 -31.1807 5429.26 -23.3678 -477.576
46800000 -77.1089 2191.95 2.3553 5694.47 -4.41446 -338.266
46900000 -191.56 2283.61 -14.8695 5775.41 -14.718 -335.839
47000000 -141.707 2256.59 55.4953 5918.73 23.4177 -397.405
47100000 -245.081 2249.81 117.697 6061.98 -9.52048 -350.067
47200000 -247.51 2385.31 21.9967 6181.01 -20.2536 -364.705
47300000 -211.813 2281.97 -15.5255 6204.49 -22.2566 -432.844
47400000 -184.432 2297.02 -26.9261 6281.54 0.454366 -341.084
47500000 -186.639 2236.32 76.3487 6282.54 19.3823 -357.972
47600000 -231.458 2298.35 43.2787 6330.25 44.5313 -355.309
47700000 -112.051 2261.14 50.4446 6190.15 -59.3515 -281.571
47800000 -67.6108 2230.76 11.9735 6078.71 -14.8012 -217.427
47900000 -325.173 2292.4 128.793 6078.13 21.5397 -259.68
48000000 -119.941 2256.61 52.156 5884.43 -18.8549 -394.588
48100000 -66.7527 2227.9 94.4019 5762.32 -13.5506 -383.135
48200000 -247.063 2282.48 74.1467 5613.17 -23.6978 -389.79
48300000 -186.362 2210.89 34.5911 5417.81 -12.9027 -432.098
48400000 -83.3335 2129.24 51.9035 5223.78 32.8534 -395.579
48500000 -156.247 2229.12 48.4282 5046.56 -56.9826 -347.072
48600000 -217.8 2209.02 37.5261 4771.66 -139.029 -387.156
48700000 -166.156 2224.07 6.60348 4541.74 -47.4935 -173.366
48800000 -223.458 2127.07 -7.35511 4296.5 25.1361 -156.233
48900000 -151.29 2146.69 -1.8251 3898.57 -36.8849 -225.198
49000000 -276.548 2077.99 33.5676 3616.38 -33.31 -163.091
49100000 -332.736 2220.58 -21.4168 3322.05 -100.76 -182.501
49200000 -185.718 2112.83 -63.704 2950.13 -37.6016 -204.075
49300000 -162.179 2113.78 -27.0307 2505.67 -53.0548 -192.795
49400000 -278.888 2221.89 -104.528 2214.68 14.1533 -201.749
49500000 -241.52 2129.92 -21.7363 1950.03 -0.89844 -74.3163
49600000 -235.154 2044.08 -56.7574 1543.71 57.7963 -258.778
49700000 -180.802 2040.2 -67.0988 1048.45 -47.8209 -340.786
49800000 -408.505 1985.58 120.46 733.232 36.4937 -139.156
49900000 -259.928 2085.5 15.3265 250.584 -23.7546 -234.165
50000000 -285.656 2018.66 50.0639 -157.799 -53.9493 -281.779
