# Time-averaged data for fix ps1
# TimeStep c_thermo_press[1] c_thermo_press[2] c_thermo_press[3] c_thermo_press[4] c_thermo_press[5] c_thermo_press[6]
100000 -956.417 893.769 -1269.58 -488.154 216.817 -255.059
200000 -921.536 844.762 -1190.36 -945.422 253.527 -170.251
300000 -1031.74 1112.7 -1351.84 -1308.11 414.991 -87.1385
400000 -911.431 968.535 -1336.23 -1654.53 277.489 -52.4293
500000 -1130.88 1041.01 -1178.65 -2079.55 343.948 -179.326
600000 -1047.28 953.729 -1157.67 -2415.62 367.054 -180.926
700000 -956.128 968.959 -1230.03 -2696.57 365.211 -260.425
800000 -1035.27 926.905 -1221.8 -2934.54 164.058 -161.371
900000 -987.837 994.956 -1290.43 -3345.42 343.515 -135.085
1000000 -939.463 925.74 -1323.42 -3704.21 235.843 -123.896
1100000 -1123.38 1018.27 -1092.24 -3867.49 383.417 -178.778
1200000 -1016.63 897.355 -1035.93 -4174.72 150.771 -263.884
1300000 -1012.18 885.624 -1003.26 -4355.51 419.253 -218.351
1400000 -1043.44 967.713 -1172.62 -4616.07 325.202 -179.372
1500000 -1152.35 1027.62 -1068.95 -4923.71 321.444 -84.34
1600000 -1009.17 825.366 -1164.33 -5087.49 173.636 -4.28904
1700000 -1047.15 932.778 -1200.68 -4941.05 215.839 -242.953
1800000 -978.828 873.893 -1132.92 -5358.02 408.428 51.6484
1900000 -1065.37 947.38 -1123.13 -5487.1 208.319 -45.4291
2000000 -1085.34 769.834 -1088.45 -5363.44 88.7505 -177.708
2100000 -1072.48 903.976 -1189.04 -5575.97 156.538 -75.3392
2200000 -1001.52 961.928 -1226.42 -5743.82 121.833 -136.482
2300000 -1146.87 954.832 -1072.51 -5857.88 212.953 -104.112
2400000 -877.484 940.181 -1229.02 -5940.42 207.003 -141.432
2500000 -1042.21 910.548 -979.585 -5849.71 219.812 -241.045
2600000 -1044.71 873.32 -1009.29 -5962.36 331.082 35.1381
2700000 -1151.14 1025.96 -1081.86 -5896.55 222.414 -49.6632
2800000 -1231.21 1078.72 -1211.9 -5876.54 294.337 6.74063
2900000 -1170.48 1029.13 -1042.61 -5729.02 368.572 19.221
3000000 -1206.24 968.655 -880.263 -5640.05 325.162 26.8845
3100000 -1088.69 982.897 -1086.4 -5409.76 297.84 -36.4385
3200000 -1106.86 944.203 -1109.98 -5349.21 214.033 -3.1505
3300000 -1055.49 1079.15 -1259.15 -5190.15 258.229 -116.596
3400000 -1120.88 1191.66 -1311.67 -5008.01 228.147 -43.3685
3500000 -925.273 951.962 -1245.03 -4742.15 412.176 -73.0413
3600000 -913.649 1038.43 -1491.97 -4526.81 363.607 -144.807
3700000 -981.173 1020.67 -1476.21 -4066.58 355.611 -73.8408
3800000 -1128.8 1149.27 -1372.68 -3952.69 334.655 -152.175
3900000 -912.742 1002.47 -1505.36 -3697.89 265.824 -175.114
4000000 -995.007 861.584 -1332.04 -3411.72 297.236 -205.68
4100000 -981.513 953.341 -1210.3 -3410.29 248.526 -72.2151
4200000 -1007.07 923.05 -1244.69 -3003.7 186.363 -88.0294
4300000 -1027.56 1021.14 -1279.75 -2453.42 184.942 -86.7191
4400000 -1048.2 848.506 -1172.29 -2273.81 246.177 -16.3378
4500000 -866.567 942.314 -1264.47 -1809.04 356.322 -111.564
4600000 -988.767 1001.05 -1229.4 -1556.81 186.245 -80.1334
4700000 -959.953 893.951 -1195.34 -1330.18 370.928 -77.2794
4800000 -1196.72 992.115 -1234.14 -860.302 166.365 -18.5705
4900000 -1129.03 915.007 -1254.04 -519.044 144.077 -53.2797
5000000 -1000.57 700.858 -1041.6 -299.488 265.513 -163.457
5100000 -1098.49 712.88 -1080.24 167.094 282.774 -161.256
5200000 -1294.25 756.654 -1066.31 532.691 281.279 -111.265
5300000 -1150.68 871.885 -961.644 961.929 327.19 -102.654
5400000 -1042.99 744.118 -959.98 1341.73 419.248 -118.124
5500000 -1202.46 849.923 -915.559 1703.59 253.653 -34.3908
5600000 -1209.46 866.64 -1125.01 1959.13 257.77 61.0047
5700000 -1163 1034.52 -1286.16 2215.33 211.474 7.79459
5800000 -1065.4 876.164 -1075.28 2739.41 235.813 79.9765
5900000 -1064.9 1119.97 -1325.86 2954.29 214.663 -53.3677
6000000 -1189.43 935.517 -1247.35 3201.49 190.906 157.438
6100000 -1192.17 908.559 -1142.26 3508.19 247.728 81.0997
6200000 -1264.69 1096.93 -1209.92 3748.08 284.026 -36.6568
6300000 -1217.63 1209.78 -1109.66 4104.45 274.855 -29.6668
6400000 -1118.97 1037.02 -1118.81 4489.52 324.364 -63.1195
6500000 -1114.93 1112.49 -1149.64 4607.16 243.045 -62.659
6600000 -1167.39 1009.51 -1092.78 4701.02 296.285 -70.2634
6700000 -1207.17 1095.99 -1207.38 4934.13 382.53 -135.508
6800000 -982.272 997.406 -1227.48 5065.04 379.594 -79.828
6900000 -1086.7 1154.98 -1217.51 5249.2 406.181 -92.6486
7000000 -1006.86 938.372 -1119.57 5370.15 196.791 -28.1754
7100000 -1150.44 1224.77 -1126.71 5409.18 336.091 -78.5737
7200000 -1170.12 1350.37 -1089.75 5473.27 315.144 -150.172
7300000 -928.229 1333.98 -1249.43 5524.68 114.22 -34.2996
7400000 -1153.28 1309.86 -1295.49 5530.45 243.164 -108.044
7500000 -1145.48 1188.14 -1111.58 5365.34 377.103 -64.57
7600000 -918.583 1200.89 -1214.3 5307.36 196.164 -274.953
7700000 -1135.79 1164.65 -1002.25 5455.84 246.28 -247.036
7800000 -1269.09 1283.92 -1090.6 5447.97 193.704 -155.093
7900000 -1115.22 1014.29 -1146.43 5330.54 382.6 -34.4845
8000000 -1006.4 1160.11 -1255.64 5200.92 331.99 -276.503
8100000 -1145.62 1080.21 -1028.24 5085.12 310.901 -209.849
8200000 -1043.15 1116.57 -953.937 4858.36 382.808 -266.266
8300000 -1090.56 1135.13 -1088.74 4705.87 338.977 -174.248
8400000 -1072.72 1228.84 -1235.93 4539.9 288.393 -237.136
8500000 -1029.86 1284.15 -1032.07 4393.49 202.941 -91.3132
8600000 -1018.33 1101.91 -1142.84 4077.73 383.861 -51.2091
8700000 -1015.16 1114.51 -1043.48 3822.73 263.277 -58.0507
8800000 -1071.63 1203.35 -1069.25 3653.05 272.433 -63.9042
8900000 -894.501 974.678 -1073.89 3329.36 192.573 -157.663
9000000 -966.5 998.594 -1081.28 2865.86 297.15 -194.567
9100000 -1146.01 1067.47 -972.78 2840.67 80.0685 -65.6929
9200000 -894.154 958.554 -1127.29 2401.3 201.539 -97.6078
9300000 -954.484 883.445 -1184.57 2119.54 261.983 -127.367
9400000 -1002.76 935.739 -1128.42 1717.12 133.706 12.4953
9500000 -1068.34 903.491 -1022.18 1513.71 270.767 -118.047
9600000 -1078.97 969.032 -1110.97 1016.09 208.476 -166.09
9700000 -1152.35 1002.15 -1096.75 667.463 243.938 -19.5841
9800000 -946.936 1066.76 -1191.04 439.392 139.1 66.6122
9900000 -1049.39 910.072 -1052.92 -58.288 187.007 -107.192
10000000 -1083.07 1039.18 -1229.31 -209.028 117.957 -208.834
10100000 -1184.96 944.318 -1041.48 -629.51 148.926 -186.743
10200000 -1273.57 1054.96 -1061.34 -1015.37 292.966 -226.905
10300000 -1180.96 997.52 -1107.33 -1333.5 130.349 -76.0613
10400000 -1130.22 813.271 -1145.22 -1701.96 341.019 81.3147
10500000 -1228.16 1038.93 -1069.19 -2110.1 225.706 12.6116
10600000 -1023.92 900.439 -1073.58 -2491.68 218.579 -46.2676
10700000 -1195.67 883.439 -1059.68 -2757.25 367.075 -68.7063
10800000 -1072.65 884.388 -1111.7 -3021.89 389.048 -34.3905
10900000 -1320.99 1134.76 -1121.21 -3482.25 336.291 -64.5049
11000000 -1146.62 1029.28 -1171.22 -3756.73 309.101 -42.1505
11100000 -1076.59 1046.01 -1200.06 -3902.74 290.149 -108.769
11200000 -1124.4 1173.81 -1202.68 -4365.08 193.654 -52.6695
11300000 -1150.77 1102.88 -961.094 -4557.6 193.582 13.3167
11400000 -1036.66 967.755 -1003.25 -4734.05 299.13 -29.6111
11500000 -1067.43 997.45 -975.039 -4945.56 249.3 -81.1885
11600000 -965.015 903.502 -1035.73 -5216.49 320.507 15.0458
11700000 -994.208 1012.6 -1035.79 -5433.75 137.955 40.5389
11800000 -1152.03 1157.19 -1044.68 -5521.22 262.415 66.1601
11900000 -994.987 957.302 -1067.39 -5733.8 336.74 -73.4167
12000000 -1199.83 1139.9 -954.887 -5738.49 57.3704 -96.0232
12100000 -1057.56 1049.85 -1006.95 -5865.35 191.729 21.4706
12200000 -1211.6 1027.02 -983.218 -6004.09 316.363 -29.5332
12300000 -1167.2 1186.89 -1092.87 -6004.45 292.573 -126.007
12400000 -1231.68 1076.35 -849.47 -5937.46 52.1946 -24.8424
12500000 -979.284 971.78 -885.808 -6035.41 215.016 42.9111
12600000 -1081.27 1143.98 -895.37 -6114.67 74.6912 52.0959
12700000 -1055.65 1025.21 -907.466 -6018.05 141.718 41.1291
12800000 -1072.26 1066.53 -973.907 -5876.82 46.564 -6.9248
12900000 -1039.24 1034.65 -908.205 -5779.64 -8.10012 19.3544
13000000 -1050.88 1143.38 -774.633 -5632.77 53.2782 -146.575
13100000 -1050.68 1111.21 -943.289 -5688.27 121.853 14.8674
13200000 -1023.6 1151.75 -1018.25 -5499.02 178.071 10.3227
13300000 -1130.23 1189.49 -1083.7 -5226.51 88.1529 -22.3796
13400000 -1220.65 1148.7 -1039.78 -5182.94 24.3946 47.5455
13500000 -1301.98 1103.83 -1021.84 -4881.95 110.752 22.6562
13600000 -1134.89 1024.6 -982.358 -4654.21 -20.0596 -6.99727
13700000 -1235.6 1059.93 -934.314 -4394.03 -55.1615 70.5632
13800000 -1060.65 946.006 -1033.57 -4345.1 196.509 -91.1384
13900000 -1150.58 901.472 -830.119 -4021.1 70.2825 56.2811
14000000 -1176.92 988.842 -805.464 -3666.46 85.4028 -2.58184
14100000 -933.384 894.269 -1162.97 -3173.5 246.464 50.567
14200000 -1132.65 1042.89 -1203.3 -2940.26 124.285 -5.92006
14300000 -1213.25 1016.88 -1240.39 -2902.71 338.482 61.427
14400000 -1239.15 1231.92 -1177.85 -2492.53 353.072 -54.4313
14500000 -992.953 966.655 -1081.27 -2162.88 266.768 41.6235
14600000 -916.93 953.707 -1017.17 -1834.55 267.637 98.1746
14700000 -895.518 911.59 -1072.45 -1629.03 128.497 20.5001
14800000 -920.471 901.67 -1227.95 -818 310.939 50.0264
14900000 -1050.28 1040.78 -908.493 -523.482 254.477 -35.4469
15000000 -887.727 961.308 -1128.69 -115.685 189.145 -142.452
15100000 -1029.46 1147.68 -1237.04 108.881 300.913 -74.0365
15200000 -914.576 1003.85 -1197.86 691.639 367.164 173.927
15300000 -864.363 1040.56 -1098.16 762.995 238.227 -4.30524
15400000 -883.355 1118.28 -1182.83 1190.6 240.021 21.9609
15500000 -1084 1151.58 -1073.04 1628.77 317.885 -132.266
15600000 -1175.26 1307.06 -1174.66 1918.04 291.922 27.1705
15700000 -1284.18 1431.06 -1219.24 2302.89 139.7 -60.5256
15800000 -892.707 963.685 -970.651 2655.66 212.832 -47.3657
15900000 -1110.04 1253.34 -1108.23 2987.48 134.128 30.4921
16000000 -1070.25 1064.22 -1082.73 3316.31 -39.4064 -31.964
16100000 -1184.12 1205.62 -1106.34 3577.44 133.728 13.6878
16200000 -1125.98 1316.58 -1207.01 3901.43 110.403 55.4499
16300000 -1213.9 1243.57 -1109.07 4107.1 148.323 190.994
16400000 -1172.49 1269.05 -974.845 4263.29 78.5877 198.873
16500000 -858.116 1193.01 -1229.95 4594.61 169.497 14.9637
16600000 -1107.56 1261.89 -1273.74 4730.83 155.657 39.1927
16700000 -1126.72 1222.55 -1223.72 4889.74 202.282 141.415
16800000 -1191.54 1415.16 -1237.2 5140.54 168.892 79.5934
16900000 -1120.73 1215.2 -1156.4 5242.8 173.891 93.5216
17000000 -1169.04 1395.08 -1225.23 5334.93 126.45 39.4789
17100000 -1231.37 1314.58 -1281.94 5246.71 8.43769 -98.2991
17200000 -1062.37 1250.17 -1247.58 5133.97 -81.4432 -187.062
17300000 -1036.71 1130.98 -1167.52 5309.24 26.4712 -120.614
17400000 -1087.88 1101.19 -984.245 5644.66 210.753 -43.414
17500000 -1238.98 1231.45 -1140.76 5658.6 119.732 -188.993
17600000 -1137.89 1273.31 -962.404 5378.61 -25.5409 316.202
17700000 -1038.97 1204.43 -983.748 5334.29 -93.3096 -11.6177
17800000 -1052.61 1176.31 -1106.12 5311.76 -51.6797 19.7812
17900000 -935.09 1316.12 -1089.32 5273.46 5.23452 -18.0633
18000000 -841.965 1232.99 -1057.68 5043.68 -144.997 -27.5053
18100000 -1045.84 1239.22 -1032.72 4949.99 -75.6201 38.5393
18200000 -913.766 1200.73 -1065.99 4791.97 -133.551 66.6806
18300000 -975.475 1232.97 -1212.96 4728.24 -2.25137 -168.43
18400000 -944.639 1164.69 -1077.7 4561.37 40.123 -136.45
18500000 -1002.67 1184.77 -1045.02 4114.84 -0.75769 -45.8001
18600000 -667.195 1202.32 -1551.64 4072.81 73.5037 38.0991
18700000 -777.232 1216.28 -1382.38 3775.89 -54.612 58.6513
18800000 -907.002 1157.13 -1402.84 3616.2 -51.3874 38.5519
18900000 -725.411 961.251 -1214.42 3442.79 192.517 63.4892
19000000 -706.578 1061.93 -1484.2 3215.36 76.1763 -22.9843
19100000 -768.644 1168.47 -1330.55 2869.58 179.4 -43.0158
19200000 -905.038 1063.58 -1345.45 2552.85 169.519 -45.1312
19300000 -794.587 1096.48 -1368.83 2233.87 142.816 -183.989
19400000 -1009.03 1207.86 -1205.5 1729.32 182.622 -4.21931
19500000 -994.108 1112.81 -1320.98 1416.53 299.611 94.8566
19600000 -1038.49 1002.75 -1072.63 1315.31 8.86123 -54.6377
19700000 -1069.47 1066.08 -1127.88 726.774 281.979 -8.51809
19800000 -1093.42 1138.09 -1161.32 441.274 185.19 101.133
19900000 -1193.18 1159.6 -971.849 85.8791 313.113 -20.1147
20000000 -1137.16 893.676 -954.37 -324.786 347.319 -22.9312
20100000 -1183.37 1052.07 -1054.25 -676.466 261.893 -101.42
20200000 -1205.23 1075.33 -1160.14 -1002.82 389.486 -111.978
20300000 -1064.61 1020.34 -1061.75 -1412.57 322.067 -130.335
20400000 -1133.37 1046.27 -1020.84 -1643.61 161.35 3.20535
20500000 -1107.52 889.641 -989.241 -2024.97 222.765 -66.5108
20600000 -1221.83 961.259 -1064.49 -2422.84 230.672 -145.864
20700000 -1151.67 1019.55 -1148.19 -2817.65 154.984 22.4494
20800000 -1065.78 1090.75 -1217.52 -3168 160.074 -30.0907
20900000 -1183.55 967.604 -1167.59 -3443.44 379.06 68.5684
21000000 -1131.79 1120.68 -1252.75 -3762.94 133.798 8.39521
21100000 -1208.15 1006.91 -1038.56 -4056.33 156.771 103.455
21200000 -1042.43 900.892 -1113.43 -4187.31 365.149 -76.7695
21300000 -979.276 894.248 -964.697 -4488.29 300.828 -8.80351
21400000 -1059.86 991.842 -954.691 -4670.55 306.254 -13.689
21500000 -891.113 1050.28 -1102.61 -4882.51 239.047 -127.538
21600000 -936.124 1023.76 -999.511 -5124.74 184.505 -147.379
21700000 -975.733 930.212 -942.79 -5246.64 281.619 -86.0305
21800000 -760.451 1038.35 -1153.23 -5551.45 179.56 -111.883
21900000 -830.585 943.452 -1027.86 -5624.38 142.577 -49.5638
22000000 -932.993 985.197 -852.288 -5816.51 261.957 66.0059
22100000 -929.363 1043.67 -983.359 -5938.19 265.679 13.5267
22200000 -1098.09 1050.23 -848.06 -5964.87 285.79 23.4635
22300000 -1075.31 968.245 -999.871 -5998.7 270.432 157.82
22400000 -1116.01 1005.58 -910.01 -6008.68 254.713 -32.2262
22500000 -1032.3 1022.69 -1029.23 -6028.9 264.409 2.66568
22600000 -1042.19 1075.78 -796.804 -6040.08 241.315 102.458
22700000 -1033.4 1110.38 -973.973 -5979.12 236.745 -61.6692
22800000 -1078.87 1073.41 -878.805 -5995.61 290.446 161.333
22900000 -1030.38 1082.96 -844.31 -5932.62 418.621 31.1573
23000000 -1079.98 1122.92 -862.342 -5954.4 185.266 -12.9271
23100000 -884.271 966.496 -647.28 -5456.38 350.377 52.9811
23200000 -1149.89 1135.69 -803.274 -5642.33 355.445 8.8448
23300000 -929.945 902.041 -672.918 -5291.82 175.633 114.159
23400000 -925.405 956.861 -833.3 -5114.54 269.639 -15.6196
23500000 -863.653 922.721 -753.88 -4881.22 261.872 18.8922
23600000 -958.614 1034.97 -761.612 -4571.69 247.574 15.829
23700000 -970.328 1051.92 -680.93 -4384.53 303.869 94.9535
23800000 -902.208 810.226 -964.831 -4192.48 96.2302 99.818
23900000 -982.858 778.953 -807.798 -3784.45 328.896 89.313
24000000 -1039.25 915.203 -741.118 -3617.79 297.423 126.402
24100000 -1008.57 797.061 -834.783 -3226.26 263.65 38.2404
24200000 -992.191 797.695 -856.639 -2992.64 217.012 117.004
24300000 -1164 922.807 -859.603 -2627.96 229.709 -18.5886
24400000 -1062.22 826.621 -778.533 -2226.64 279.753 52.843
24500000 -1028.73 745.009 -674.466 -1934.07 273.762 90.1696
24600000 -932.572 901.04 -832.623 -1582.61 240.293 182.914
24700000 -1027.05 942.079 -857.447 -1151.53 215.578 88.8612
24800000 -1093.01 870.352 -779.811 -808.202 181.906 137.693
24900000 -1121.34 888.443 -795.662 -483.266 233.017 105.763
25000000 -1089.74 969.784 -850.402 -124.119 282.42 101.165
25100000 -1056.1 810.333 -824.054 151.976 265.362 89.9669
25200000 -1084.44 1018.83 -677.259 574.733 265.935 166.098
25300000 -1180.14 882.453 -853.723 1038.22 295.505 7.79282
25400000 -1104.41 957.003 -780.83 1342.07 298.835 37.4916
25500000 -887.139 936.959 -775.63 1745.46 275.958 131.755
25600000 -1076.89 1018.37 -786.445 1954.26 391.678 39.2887
25700000 -1086.32 1039.3 -672.521 2433.75 230.413 92.0152
25800000 -1013.13 943.828 -668.389 2710.51 196.184 3.71886
25900000 -940.588 1206.45 -989.02 2843.81 290.451 -88.3213
26000000 -941.586 1323.08 -990.548 3182.88 302.627 -60.1922
26100000 -939.148 1262.43 -979.24 3521.71 242.674 -22.8024
26200000 -930.571 1275.25 -1134.23 3686.07 433.444 -88.9733
26300000 -1051.24 1257.71 -717.374 3951.45 349.167 75.2314
26400000 -1034.04 1203.11 -891.818 4063.12 271.941 14.8394
26500000 -1156.94 1160.2 -799.4 4301.29 248.026 17.2249
26600000 -1077.3 1247.88 -845.762 4454.02 334.449 -76.6598
26700000 -883.314 1248.31 -1101.04 4648.5 236.337 -65.3636
26800000 -945.231 1269.33 -959.996 4776.3 199.102 -29.291
26900000 -985.324 1120.62 -892.442 4983.39 264.4 -190.739
27000000 -1037.16 1180.79 -880.437 5097.58 274.219 -169.299
27100000 -840.662 1410.25 -1103.35 5226.36 142.393 -109.776
27200000 -929.723 1238.91 -909.463 5220.03 260.439 -37.9184
27300000 -1025.14 1134.18 -839.309 5336.71 184.564 34.2745
27400000 -953.628 1387.25 -944.592 5207.21 65.3201 -160.668
27500000 -988.532 1294.7 -955.094 5428.64 61.5978 -56.3057
27600000 -997.93 1297.26 -852.351 5420.6 123.347 -25.7339
27700000 -867.256 1195.95 -939.745 5304.65 262.284 -79.8849
27800000 -956.626 1275.1 -719.935 5114.29 37.2717 -8.39589
27900000 -869.293 1279.86 -768.538 5020.25 5.28997 -61.5042
28000000 -991.589 1379.82 -881.788 5104.53 6.47353 -165.357
28100000 -901.105 1233.06 -696.118 4931.11 74.3691 41.552
28200000 -1078.19 1557.81 -864.007 4941.62 34.2511 -92.41
28300000 -983.794 1470.76 -1022.48 4712.01 178.547 -91.5613
28400000 -954.286 1483.7 -980.551 4574.46 105.507 11.0127
28500000 -1162.05 1408.88 -911.867 4349.17 92.6177 70.3048
28600000 -924.114 1397.64 -1010.91 4133.57 177.757 -49.1665
28700000 -969.614 1395.71 -1046.25 3804.88 56.7413 -129.506
28800000 -1314.08 1317.14 -859.529 3669.22 171.927 -12.5907
28900000 -996.941 1327.58 -926.289 3211.29 44.8729 -86.9923
29000000 -879.764 1368.38 -1172 2844.26 90.2379 -129.003
29100000 -1036.17 1394.95 -1104.51 2774.9 119.121 41.816
29200000 -1380.42 1254.03 -849.115 2479.03 96.6726 22.1725
29300000 -1092.47 1041.63 -716.632 2032.56 205.001 26.44
29400000 -1272.44 1322.03 -851.081 1787.64 138.201 -76.8992
29500000 -1089.88 1207.63 -895.869 1260.5 -4.25105 -99.718
29600000 -929.762 1093.58 -830.195 937.623 187.416 -206.264
29700000 -1070.17 1230.87 -978.772 576.468 241.347 -165.631
29800000 -1095.12 1189.75 -823.406 243.219 252.365 -251.382
29900000 -1017.37 1235.01 -1040.43 -86.4762 349.483 -125.109
30000000 -1194.24 991.436 -872.988 -452.148 243.213 -39.9868
30100000 -1385.96 1128.57 -794.642 -857.34 216.5 8.74207
30200000 -1181.24 832.99 -692.124 -1228.66 266.022 11.6427
30300000 -1215.41 1165.77 -892.893 -1407.97 305.942 -62.8716
30400000 -1106.99 1250.53 -876.889 -1712.16 -33.5798 -177.944
30500000 -1140.93 1230.78 -1008.7 -1972.68 47.7945 102.409
30600000 -1327.87 1285.31 -770.339 -2256.52 198.856 -32.2255
30700000 -1072.37 982.32 -876.299 -2562.49 183.899 36.6625
30800000 -965.899 1277.34 -932.161 -2792.02 395.636 -219.817
30900000 -1058.99 1320.8 -973.292 -3345.41 47.7697 -13.5668
31000000 -1363.75 1341.02 -929.458 -3564.3 121.474 -115.386
31100000 -1155.35 1175.38 -817.166 -3768.4 172.19 -78.6483
31200000 -1123.43 922.144 -654.534 -4162.28 227.787 -129.622
31300000 -1199.68 1332.72 -753.25 -4271.31 153.3 -93.8939
31400000 -1262.9 1249.33 -714.541 -4572.64 167.262 -99.8577
31500000 -1230.14 1227.29 -713.309 -4827.72 93.5058 -143.277
31600000 -1055.01 1374.42 -908.617 -4801.62 25.7454 -102.958
31700000 -1158.08 1347.54 -603.42 -4951.35 94.6802 -268.442
31800000 -1325.39 1100.72 -522.628 -5437.84 200.522 -269.481
31900000 -1155.1 1191.21 -525.742 -5521.82 341.274 -197.323
32000000 -1285.02 1147.07 -452.415 -5585.3 144.842 -224.986
32100000 -1111.77 1089.27 -558.728 -5709.6 197.472 -237.353
32200000 -1136.62 1207.76 -644.504 -5726.36 369.522 -108.706
32300000 -1330.87 1181.35 -599.131 -5820.63 124.267 -278.721
32400000 -965.679 1012.12 -607.352 -5790.82 184.681 154.219
32500000 -1034.52 990.952 -630.73 -5842.82 84.1988 -14.5364
32600000 -1286.36 1348.62 -631.267 -5801.18 71.669 -213.687
32700000 -1102.57 1213.26 -680.46 -5695.03 370.929 -58.6637
32800000 -818.057 996.723 -809.344 -5693.88 363.801 -8.36796
32900000 -1053.29 1035.67 -901.412 -5609.11 207.104 -19.2458
33000000 -1098.96 1349.56 -862.993 -5518.98 384.033 -10.2932
33100000 -944.688 1041.14 -853.919 -5542.29 427.478 -9.39651
33200000 -849.735 1076.33 -1035.95 -5181.99 333.72 261.466
33300000 -1012.92 940.432 -799.793 -5075.33 239.203 15.5972
33400000 -999.736 884.306 -808.529 -4961.88 257.874 -16.4315
33500000 -1140.49 946.026 -698.72 -4800.45 59.0222 38.5419
33600000 -1153.82 1124.35 -657.528 -4648.06 368.195 53.7542
33700000 -956.58 944.617 -861.834 -4291.13 153.862 49.5425
33800000 -1218.09 1076.16 -705.116 -4172.78 242.139 148.351
33900000 -898.038 868.395 -913.359 -3986.03 232.028 -46.4524
34000000 -989.904 960.781 -826.958 -3503.28 156.576 -2.67837
34100000 -1141.46 1158.97 -980.748 -3181.21 119.676 -52.1617
34200000 -893.929 850.775 -955.422 -2951.13 327.425 1.03739
34300000 -1024.58 812.557 -924.583 -2625.92 248.808 26.9433
34400000 -999.086 841.703 -959.156 -2414.67 141.228 38.6799
34500000 -1036.01 956.352 -914.002 -1844.07 285.847 95.7875
34600000 -1031.98 801.263 -943.726 -1461.91 159.847 67.1552
34700000 -1124.92 1014.17 -892.833 -1207.43 299.977 15.4435
34800000 -987.583 969.633 -1054.37 -771.906 221.301 142.423
34900000 -1053.61 947.283 -923.492 -487.659 351.98 95.4061
35000000 -1107.79 1031.39 -876.96 92.9131 347.151 76.8604
35100000 -991.131 1021.95 -875.818 355.922 283.768 88.6041
35200000 -1111.21 742.979 -827.364 550.078 86.1044 57.6519
35300000 -990.252 1039.43 -1029.4 1096.99 209.229 151.53
35400000 -915.926 844.159 -865.346 1339.91 190.187 6.29035
35500000 -977.263 962.299 -834.879 1612.33 45.0016 -31.0647
35600000 -899.93 980.425 -1051.52 1909.44 138.481 -46.7923
35700000 -877.678 887.274 -857.634 2231 -20.219 -73.0732
35800000 -1200.73 839.28 -694.358 2490.89 142.578 -199.674
35900000 -1007.08 861.444 -734.493 2780.22 48.2158 -82.3186
36000000 -1129.01 888.282 -871.595 3090.25 171.254 -44.9215
36100000 -1195 1004.53 -743.664 3417.26 145.606 -35.127
36200000 -1255.75 1143.64 -713.331 3770.01 282.768 -12.4198
36300000 -1228.07 1217.39 -743.981 3916.4 281.475 -22.9099
36400000 -1188.36 1205.32 -891.084 4310.8 334.3 -6.16456
36500000 -1184.75 1097.09 -719.115 4376.12 246.441 23.4276
36600000 -1171.94 1246.24 -739.356 4654.68 205.526 47.4676
36700000 -1278.48 1016.66 -656.546 4909.54 240.416 75.6614
36800000 -1281.6 1108.92 -732.584 4956.21 131.067 -42.3011
36900000 -1076.67 1173.71 -695.435 5080.73 275.611 66.9423
37000000 -1211.06 1175.77 -701.62 5159.85 232.542 132.193
37100000 -1176.43 1146.98 -676.09 5284.87 230.005 59.9516
37200000 -1154.44 1310.22 -821.526 5306.5 260.649 -39.5608
37300000 -1165.86 892.955 -676.172 5304.06 199.929 18.3197
37400000 -1059.1 1068.87 -820.413 5322.87 201.471 105.234
37500000 -1320.74 1168.57 -658.533 5258.72 277.196 -31.1218
37600000 -1115.65 1265.01 -629.09 5410.26 130.245 -16.4969
37700000 -928.716 968.829 -708.289 5438.13 159.817 -28.312
37800000 -1230.83 1158.84 -613.33 5218.13 338.245 -17.0822
37900000 -1155.03 1134.21 -541.804 5071.7 280.315 -76.7918
38000000 -1138.47 1130.8 -556.083 4775.48 328.923 -93.7099
38100000 -1196.55 1238.72 -649.605 4584.76 256.752 -60.2614
38200000 -1184.53 1189.28 -749.709 4565.03 242.744 -29.1965
38300000 -1166.98 1336.51 -748.637 4380.5 128.962 -84.4901
38400000 -1054.13 1373.18 -1044.74 4246.33 310.538 -111.614
38500000 -1191.73 1214.51 -803.519 3998.28 257.663 -123.358
38600000 -1236.43 1254.18 -874.961 3752.81 162.085 9.6042
38700000 -1268.15 1231.47 -790.894 3518.53 155.673 -172.601
38800000 -1033.11 1146.05 -710.357 3342.48 299.149 -242.001
38900000 -1049.99 1186.07 -1049.02 3094.94 332.878 -116.708
39000000 -949.647 1028.96 -956.872 2758.14 190.296 -87.0886
39100000 -1010.12 1080.55 -749.69 2381.47 192.391 -123.75
39200000 -1040.04 1212.2 -847.005 2224.24 177.243 30.942
39300000 -1195.11 1054.69 -915.52 1794.86 217.224 -89.8402
39400000 -937.728 1143.89 -1006.81 1522.49 247.376 -22.9173
39500000 -1179.54 1050.58 -870.504 1130.58 321.672 -112.955
39600000 -1123.99 1096.02 -910.591 819.209 324.455 -58.9931
39700000 -1112.33 1120.8 -862.818 331.674 203.727 -83.3375
39800000 -1007.35 996.285 -916.29 78.9286 185.853 -179.698
39900000 -1167.2 1268.55 -1046.44 -299.776 180.837 -144.132
40000000 -1139.54 1134.63 -935.416 -620.117 250.39 -95.9138
40100000 -1092.29 1178.08 -998.37 -761.372 259.06 -167.388
40200000 -1204.45 1327.9 -1228.13 -1497.84 180.299 -202.112
40300000 -1276.72 1216.41 -825.824 -1635.47 236.804 -260.737
40400000 -1162.72 1325.1 -1142.93 -2081.44 340.544 -324.895
40500000 -1086.79 1158.87 -1101.22 -2244.47 172.516 -192.505
40600000 -1003.99 1104.01 -1176 -2563.22 69.2763 140.509
40700000 -1099.93 1304.99 -1134.42 -2771.95 204.978 -295.084
40800000 -1055.39 1061.87 -968.49 -3291.32 -14.3284 -74.8444
40900000 -1022.45 1041.65 -1144.59 -3518.18 114.637 3.5365
41000000 -1420.18 1151.34 -1048.33 -3759.93 242.905 -245.464
41100000 -1234.98 1259.6 -991.498 -4096.27 293.282 -365.195
41200000 -1036.75 1164.92 -987.827 -4256.19 207.183 -276.101
41300000 -1100.07 1169.64 -1178.47 -4537.37 276.063 -334.08
41400000 -1177.9 1198.97 -1028.98 -4830.59 118.306 -171.334
41500000 -1162.59 1370.17 -968.46 -5035.19 205.542 -176.926
41600000 -1065.6 982.676 -851.775 -5242.48 273.427 -218.117
41700000 -1046.21 1056.39 -1040.37 -5404.81 409.01 -229.706
41800000 -1196.82 990.078 -852.529 -5599.29 330.432 -271.677
41900000 -1171.22 1339.89 -924.432 -5803.48 358.24 -248.964
42000000 -1249.92 1104.63 -859.22 -5785.95 118.536 -142.578
42100000 -1154.59 1235.69 -873.843 -5875.66 336.39 -286.384
42200000 -862.259 1033.85 -839.134 -5898.77 149.556 -82.6179
42300000 -1025.2 1233.69 -964.292 -6074.11 475.961 -112.24
42400000 -1201.06 1159.42 -896.85 -6021.85 264.078 -271.389
42500000 -1184.27 1319.44 -803.016 -5936.34 333.3 -280.507
42600000 -1169.35 1245.27 -846.024 -5887.51 248.1 -79.1063
42700000 -1253.06 1302.76 -806.4 -5888.46 220.078 -126.931
42800000 -879.642 1084.25 -937.345 -5789.28 239.188 -129.356
42900000 -1077.08 1011.54 -756.936 -5741.62 170.632 31.2934
43000000 -989.38 1204.98 -910.268 -5678.48 367.843 -191.164
43100000 -1078.21 1092.24 -923.002 -5524.76 237.955 -110.372
43200000 -1331.24 1284.76 -945.225 -5499.07 298.022 -167.155
43300000 -1113.29 1495.87 -1163.61 -5115.62 103.014 -229.71
43400000 -993.058 1269.79 -1032.51 -5024.02 165.831 -66.206
43500000 -1097.2 1151.91 -957.395 -5038 256.278 120.544
43600000 -1082.7 1244.9 -1032.53 -4709.28 298.297 -172.173
43700000 -1114.2 1167.74 -1040.59 -4319.26 293.465 38.8888
43800000 -1194.6 1255.02 -931.15 -4202.24 323.062 -148.233
43900000 -1165.48 1149 -998.496 -4008.61 210.339 -54.4499
44000000 -1036.07 1143.18 -1059.33 -3522.33 200.657 124.155
44100000 -1101.58 1045.32 -1112.49 -3322.16 266.379 97.0725
44200000 -1346.09 1330.02 -906.835 -3107.49 273.332 -163.824
44300000 -1216.8 1235.12 -1127.9 -2566.97 296.412 100.43
44400000 -1129.54 1080.48 -965.201 -2235.57 288.226 -59.06
44500000 -1121.37 1214.97 -1146.25 -2004.37 206.559 137.331
44600000 -1088.74 1312.13 -1075.91 -1656.43 385.71 -96.122
44700000 -1152.84 1444.12 -1187.02 -1309.69 302.617 -92.076
44800000 -1203.44 1339.74 -1112.95 -828.235 336.198 -7.78876
44900000 -1236.31 1471.49 -1122.64 -579.541 313.698 -99.6839
45000000 -1142.25 1207.93 -1126.06 -123.892 190.444 190.297
45100000 -1056.21 1232.65 -1158.29 195.14 283.282 119.996
45200000 -1186.67 1467.46 -1154.1 544.612 274.868 4.96662
45300000 -1119.33 1501.48 -1345.22 1067.12 203.555 -90.7654
45400000 -1214.53 1414.93 -1173.46 1413.88 177.206 -87.1058
45500000 -1391.49 1446.38 -1192.52 1796.49 182.827 -167.77
45600000 -1283.48 1405.98 -1096.55 1852.06 196.445 -209.1
45700000 -1250.27 1394.19 -1178.76 2246.46 358.053 -21.8037
45800000 -1223.35 1637.2 -1115.66 2485.12 513.624 -166.338
45900000 -997.383 1387.27 -1208.65 2915.05 304.683 -134.661
46000000 -1054.57 1420.99 -1156.47 3169.19 238.009 -17.8291
46100000 -1139.72 1628.31 -1236.99 3416.81 134.17 -95.0869
46200000 -1113.71 1503.18 -1413.99 3862.46 126.742 2.63441
46300000 -1002.27 1471.12 -1170.04 3973.17 276.464 -41.5148
46400000 -1122.54 1535.33 -1231.56 4231.2 323.83 -112.218
46500000 -1164.3 1671.93 -1259.99 4517.71 362.511 -160.272
46600000 -1070.78 1379.35 -1150.11 4789.16 268.919 -100.265
46700000 -1104.77 1444.27 -1083.08 4939.36 89.3419 -4.42371
46800000 -1086.93 1573.8 -1202.57 4987.23 194.161 -330.024
46900000 -931.268 1388.23 -1239.39 5115.4 124.22 -47.181
47000000 -1149.16 1584.18 -1179.77 5194.39 157.678 -171.25
47100000 -1036.4 1564.93 -1082.26 5274.8 315.351 -166.587
47200000 -1164.46 1537.88 -1049.75 5456.15 218.101 -179.541
47300000 -1108.01 1435.24 -1140.57 5478.4 291.726 -198.493
47400000 -1078.82 1443.71 -1087.51 5507.08 275.209 -238.613
47500000 -1062.25 1668.09 -1222.01 5353.31 37.9346 -216.531
47600000 -1140.22 1575.7 -1172.27 5280.72 247.568 -355.785
47700000 -1160.75 1604.3 -1200.13 5399.85 120.281 -211.013
47800000 -1036.49 1514.22 -1204.07 5479.1 135.122 -115.279
47900000 -1071.47 1458.8 -1317.56 5187.04 128.153 -227.563
48000000 -1039.06 1564.93 -1290.78 5082.81 110.588 -120.203
48100000 -1042.62 1529.19 -1397.67 5049.38 275.519 9.84758
48200000 -1144.85 1614.33 -1214.09 5118.23 278.913 2.47479
48300000 -1031.18 1512.16 -1309.21 4691.52 215.548 -31.5839
48400000 -979.94 1441.4 -1339.55 4689.64 253.8 -5.0865
48500000 -919.811 1607.05 -1358.51 4345.68 342.86 -64.9787
48600000 -845.58 1484.94 -1515.8 4230.43 187.151 98.731
48700000 -1102.87 1507.41 -1276.86 3888.48 78.5615 -143.647
48800000 -1010.11 1631.95 -1363.32 3703.8 61.895 -117.355
48900000 -1002.64 1475.58 -1543.56 3248.48 131.617 -182.803
49000000 -905.768 1481.97 -1430.45 3068.53 157.493 -104.012
49100000 -1085.37 1676.43 -1443.58 2725.72 91.7281 -73.3468
49200000 -1018.51 1750.06 -1451.52 2416.72 188.513 -274.218
49300000 -1160.52 1453.94 -1278.25 2145.71 83.3797 -13.435
49400000 -1000.82 1479.23 -1332.28 1764.77 177.56 -3.77199
49500000 -1139.78 1617.38 -1472.55 1377.22 251.384 -92.7568
49600000 -987.88 1586.98 -1456.22 980.011 160.489 -211.602
49700000 -1160.33 1549.22 -1256.71 701.928 201.242 -178.915
49800000 -1056 1355.99 -1297.3 200.993 59.2011 -117.93
49900000 -1252.53 1551.4 -1261.43 -79.2155 78.8735 -84.6225
50000000 -1289.82 1569.39 -1311.98 -393.219 43.5837 -196.398
