# Time-averaged data for fix ps1
# TimeStep c_thermo_press[1] c_thermo_press[2] c_thermo_press[3] c_thermo_press[4] c_thermo_press[5] c_thermo_press[6]
100000 1890.83 3003.37 1455.9 -229.491 -45.3023 -159.231
200000 1991 2817.08 1503.92 -726.638 -553.101 -439.374
300000 2219.56 3389.35 1319.01 -1099.1 -381.694 -569.322
400000 1935.9 3219.25 1177.35 -1071.56 -782.015 -330.255
500000 1757.58 3911.2 1638.15 -1478.7 -625.63 -122.46
600000 2376.13 3581.68 1398.44 -1875.95 -563.006 -392.216
700000 2410.69 3151.07 1584.4 -1713.72 -152.39 -588.39
800000 2038.7 2982.63 2249.73 -1778.7 -204.452 -275.267
900000 1997.97 3183.99 1946.15 -1962.59 -283.234 -427.305
1000000 2049.71 3100.57 1780.85 -2163.06 -108.288 -634.876
1100000 1998.16 3556.47 1587.89 -2072.45 -647.236 33.8045
1200000 2094.47 3558.67 1698.08 -2321.16 -653.442 -61.3023
1300000 2145.63 2932.58 2260.43 -2392.46 -1012.72 -121.932
1400000 2399.55 3266.8 1691.94 -2819.76 -901.064 -141.619
1500000 1922.03 3235.7 2023.12 -2828.37 -656.468 -182.283
1600000 1713.8 3298.85 2009.92 -3362.68 45.2609 -290.104
1700000 1347.98 3706.26 1935.18 -3040.97 -388.569 -144.845
1800000 1565.95 3690.25 1765.37 -3234.35 -639.728 475.809
1900000 2040.62 3568.07 1614.3 -3265.62 -536.509 -273.006
2000000 2113.86 3732.04 1441.76 -3237.05 -543.335 -190.901
2100000 2703.23 3368.38 1212.3 -3207.11 -658.484 176.043
2200000 2043.19 3324.08 1942.66 -3343.61 -322.815 -503.897
2300000 2458.3 3550.6 1468.83 -3467.27 -813.184 -468.179
2400000 2213.06 3878.53 978.569 -2318.58 -1054.87 230.925
2500000 1813.47 3534.16 1898.82 -2643.79 -983.817 -43.2953
2600000 1618.67 3704.99 1511.4 -2741.87 -788.608 -64.7674
2700000 1759.08 3833.53 775.134 -2617.07 -623.524 -352.015
2800000 1641.74 3723.78 1336.26 -2274.58 -320.43 -465.206
2900000 2040.98 3277.95 1293.96 -2244.06 -335.371 51.5991
3000000 2047.56 3237.35 1574.7 -1722.23 -669.015 -312.743
3100000 2467.25 3176.75 1465.22 -2332.8 -167.503 -230.914
3200000 1834.76 3900.06 1231.33 -1968.31 231.543 -200.629
3300000 2035.74 4111.75 1171.74 -2041.41 -304.049 8.51836
3400000 1911.95 3611.72 1487.97 -1578.87 527.707 469.723
3500000 2684.63 2938.73 2044.25 -1546.08 162.708 1037.65
3600000 2026.12 3233.58 2412.59 -1180.91 145.017 455.303
3700000 2278.71 2827.08 2031.5 -1610.2 63.8559 658.242
3800000 1749.67 3172.15 1911.24 -949.095 69.2251 842.546
3900000 2004.87 3088.18 1799.73 -1005.72 -86.7436 594.95
4000000 1837.43 3138.95 2111.9 -818.993 -2.41039 660.597
4100000 1705.9 3252.65 2031.31 -1073.84 -16.7878 874.301
4200000 2003.44 3291 1543.78 -172.329 724.139 648.117
4300000 2686.75 3177.05 1234.12 -399.317 33.5358 526.532
4400000 2456.96 2868.87 1743.65 -94.1434 -85.1097 279.719
4500000 1990.28 3331.46 1734.28 -555.189 188.908 300.803
4600000 2312.86 3453.67 1674.93 286.499 74.2534 327.287
4700000 1832.36 3595.12 1933.82 41.6504 6.1687 372.803
4800000 2051.14 3825.75 1634.89 458.611 -198.164 354.288
4900000 2261.83 3672.63 1521.37 186.071 -180.651 88.9228
5000000 2219.52 3826.71 1380.1 624.71 394.654 -218.908
5100000 2058.93 3869.45 1565.18 1271.16 106.66 -141.634
5200000 2421.15 4148.01 1106.37 1408.79 96.7129 88.0517
5300000 2460.48 3373.97 2141.5 1022.94 89.6196 -265.214
5400000 2499.55 3460.19 1988.83 1437.94 -243.147 -116.737
5500000 2318.57 3633.55 1980.18 1524.63 -19.6803 31.7127
5600000 1335.51 4537.22 1879.87 1788.14 -212.943 -162.298
5700000 2639.07 3881.72 1896.86 1940.01 -884.741 47.1707
5800000 2390.93 3773.72 1972.18 1683.17 -482.768 240.145
5900000 2570.36 3667.76 1524.04 1865.4 456.341 -610.186
6000000 3053.77 3295.21 1926.04 1782.78 186.901 -954.552
6100000 1902.27 3711.79 2559.39 1412.67 277.464 -472.755
6200000 1997.54 4252.48 1779.53 1275.37 210.76 -74.6192
6300000 2104.05 3609.21 2448.83 1985.38 201.326 -116.493
6400000 1732.67 3102.72 2702.91 1466.81 -204.711 62.037
6500000 1001.35 4300.67 2436.77 2272.61 249.638 23.6113
6600000 1879.97 3991.54 2253.71 2004.75 357.878 124.831
6700000 2696.98 3747.93 1932.59 2681.68 983.798 58.1502
6800000 2471.33 4036.59 1986.39 2048.64 567.158 -68.9238
6900000 2341.66 3742.23 2201.88 2198.73 540.469 294.979
7000000 2557.2 4196.3 1621.24 2326.25 556.169 674.956
7100000 2651.83 3820.81 1555.51 2129.73 774.42 866.647
7200000 2405.45 3789.2 1606.33 1728.96 536.381 843.019
7300000 2286.58 3759.43 1650.8 1531.05 -121.415 423.972
7400000 2330.38 3949.61 1530.95 1010.73 96.3294 170.357
7500000 1988.41 3669.52 1663.94 1329.81 -349.029 718.184
7600000 2269.3 3338.28 1966.82 1473.09 -623.817 275.024
7700000 2797.98 3650.68 1739.19 1173.7 8.20608 965.917
7800000 2463.03 3894.9 1937.28 1856.44 -786.132 -580.325
7900000 2663.37 3792.34 2219.73 1668.47 -502.513 -483.073
8000000 2342.3 3902.22 2170.69 1223.16 -642.967 -774.631
8100000 1584.26 3790.28 3207.18 830.548 -1022.94 -1021.13
8200000 1233.13 4248.13 2439 975.373 -813.474 -1008.08
8300000 1589.89 4241.31 2342.39 672.034 -867.793 -1150.69
8400000 1474.94 3777.08 2486.38 962.676 -384.725 -922.801
8500000 1386.11 3940.09 2629.3 910.031 -1109.73 -202.496
8600000 1373.52 4257.66 2341.98 700.668 -1197.05 -865.152
8700000 1941.54 3479.65 2368.44 466.31 -1182.79 -339.3
8800000 1978.72 3267.77 2844.94 375.296 -747.64 -439.009
8900000 1523.94 3447.61 2668.17 -235.555 -1156.13 -126.401
9000000 1658.23 4289.82 1775.77 72.5375 -1562.57 -146.377
9100000 2036.98 4268.95 1442.98 -376.821 -1388.43 -671.259
9200000 2319.97 3709.51 1615.85 47.6483 -1233.85 -583.805
9300000 2066.99 3137.43 2602.2 346.213 -684.382 -436.69
9400000 2297.87 3853.32 2244.81 68.4652 -618.258 -434.641
9500000 1858.94 3223.22 3123.37 -875.748 -417.955 78.4052
9600000 2303.28 2844.9 2569.26 -1328.72 -269.994 109.523
9700000 2868.06 2697.03 2256.16 -1073.36 -586.203 -150.392
9800000 2742.65 2776.93 2432.2 -1046.25 -469.192 516.139
9900000 2503.44 2105.37 3171.77 -898.687 -156.964 -263.037
10000000 2797.46 2547.08 2445.26 -789.991 -195.898 303.641
10100000 2381.6 1742.98 3320.76 -802.59 -65.5297 727.593
10200000 3071.84 2006.38 2823.86 -1232.71 4.27334 319.937
10300000 2446.76 2622.25 2944.86 -1016.32 139.88 613.248
10400000 2115.9 2790.37 2691.09 -1068.55 82.9924 730.326
10500000 2563.45 3294.32 1985.7 -867.187 -169.406 121.106
10600000 2668.25 2710.09 1935.41 -1484.27 367.618 578.57
10700000 2309.79 3221.49 1993.28 -1109.23 125.017 624.16
10800000 2168 3074.04 2249.69 -1754.35 798.166 662.413
10900000 2399.88 2863.57 2143.3 -2044.8 284.43 1108.88
11000000 2115.78 2991.06 2598.26 -2157.84 684.707 1012.2
11100000 3204.46 2509.56 2005.7 -1668.6 506.333 404.347
11200000 3070.23 1876.92 2723.47 -1951.83 667.704 678.725
11300000 2317.55 2884.8 2375.89 -1642.86 -256.63 695.202
11400000 2716.33 2353.21 3114.01 -2210.07 217.01 102.628
11500000 2818.27 2624.52 2729.94 -2324.47 324.579 295.185
11600000 2806.15 2829.05 2498.14 -2397.65 -436.689 118.444
11700000 2478.07 2634.64 2321.32 -2100.06 285.296 -116.017
11800000 2189.49 3298.08 2357.87 -2289.94 811.068 349.256
11900000 2392.64 2367.65 2352.53 -2250.61 578.955 43.9115
12000000 2404.7 3093.41 1632.6 -2458.03 794.175 167.023
12100000 3084.66 1952.84 1844.91 -2119.17 205.627 -62.211
12200000 2615.68 1558.04 2126.63 -2282.75 -112.66 -25.3589
12300000 2833.26 2202.75 1628.56 -2105.2 -264.277 -570.406
12400000 2093.73 2188.23 2199.91 -2167.84 -110.147 -84.5902
12500000 2310.06 2596.15 1897.37 -2348.55 -192.497 -88.1544
12600000 2298.01 2237.93 2065.57 -2661.25 -48.789 41.2798
12700000 2645.32 1765.28 2238.08 -2009.82 68.6217 -238.95
12800000 3217.67 2232.72 1294.18 -1801.33 39.873 -37.8855
12900000 2675.61 2342.78 1941.18 -1549.13 -108.6 -323.592
13000000 2286.33 2333.87 2420.37 -1339.77 203.559 -199.994
13100000 2568.91 2422.98 1847.57 -1131.46 -228.665 -403.641
13200000 2746.84 2193.35 1823.78 -1226 -194.388 441.66
13300000 2611.2 2554.63 1874.87 -1219.59 -78.7825 -244.364
13400000 2532.33 2389.01 1954.83 -1244.33 -244.948 15.384
13500000 2554.66 2683.23 2324.49 -1193.94 -604.09 -102.485
13600000 2625.07 2068.48 1921.57 -642.147 -420.016 23.9844
13700000 2517.23 2211.73 2370.89 -781.269 95.2162 -167.352
13800000 1827.41 2388.68 2491.22 -592.061 -24.8346 107.482
13900000 2012.89 2253.95 2965.51 -571.436 -214.318 -131.174
14000000 1988.84 2009.65 3245.52 -302.975 -196.208 -175.491
14100000 1774.52 2065.63 2695.49 -210.379 -376.651 231.33
14200000 2203.92 2279.2 2380.17 -358.56 -196.593 -106.215
14300000 2312.31 2277.22 2146.25 -148.933 135.226 776.29
14400000 2445.82 2202.56 2075.19 120.783 -270.823 574.024
14500000 2462.56 2441.36 2111.47 350.767 277.801 101.704
14600000 2245.66 2226.84 2333.41 621.849 71.0747 207.362
14700000 2443.64 2366.76 2181.65 461.527 -131.215 322.239
14800000 2477.37 2360.38 2226.78 778.005 -424.81 439.519
14900000 2531.89 2128.84 2052.2 1609.4 -264.127 733.577
15000000 2511.35 2321.52 2590.78 1871.17 122.38 429.467
15100000 2534.22 2305.72 2282.66 1295.91 -261.397 97.5908
15200000 2820.75 2196.14 2519.24 1378.91 24.6988 -34.6105
15300000 2606.62 2043.89 2518.16 1504.34 104.998 244.154
15400000 2786.85 2796.8 1898.39 1966.58 -215.345 -10.9898
15500000 1803.49 3328.5 2733.41 1727.44 -502.744 -161.665
15600000 2212.5 2650.6 2463.82 2225.83 317.395 350.727
15700000 2220.96 2673.45 1917.13 2361.27 43.1842 946.834
15800000 2245.04 2885.62 2402.4 3086.91 318.074 389.262
15900000 2229.52 2734.24 1876.27 2818.25 505.008 674.755
16000000 1895.09 2743.31 2127.38 2765.14 -98.8648 567.718
16100000 1999.86 2540.67 2026.33 2986.74 98.8282 733.642
16200000 1868.23 2567.4 2298.62 2465.54 94.9458 985.155
16300000 1680.45 3051.47 2947.98 2544.52 427.861 753.875
16400000 1501.9 3524.05 2286.37 2562.33 34.2305 111.76
16500000 2148.68 2515.88 2696.86 2273.16 175.917 690.341
16600000 1810.43 2759.47 2847.93 1773.41 684.878 846.771
16700000 2472.06 2533.37 2752.73 1771.57 503.643 156.687
16800000 2547.21 2426.56 2882.45 2036.52 102.438 147.838
16900000 2842.91 3151.6 2221.76 1962.59 38.1452 234.567
17000000 2343.23 3645.93 2527.03 2212.17 544.985 264.245
17100000 2815.29 2980.66 2562.13 1910.97 346.416 174.057
17200000 2917.47 2704.39 2921.13 1847.74 99.7193 568.115
17300000 2822.29 2490.78 2428.95 1539.88 225.404 1104.5
17400000 3314.49 2309.89 2913.45 1691.27 574.57 1163.48
17500000 2445.56 2585.8 3547.15 1891.16 285.414 829.828
17600000 2501.11 2974.89 3427.65 1982.81 329.785 661.497
17700000 3010.74 2807.42 3197.76 1560.08 685.915 402.84
17800000 2652.04 3604.37 2253.1 1855.09 376.479 434.531
17900000 2992.44 3506.26 3157.84 1246.65 388.739 1293.09
18000000 2329.72 3754.07 2788.44 1593.69 438.711 800.524
18100000 2178.61 3734 3145.2 1177.14 -360.38 552.397
18200000 2848.97 3935.31 2186.06 960.432 -308.67 740.772
18300000 2643.25 4215.22 2464.44 667.967 -86.6302 820.783
18400000 2815.23 4083.78 2587.71 519.386 22.8299 479.345
18500000 2934.47 3464.04 2777.1 588.084 -340.46 233.838
18600000 2388 4272.09 2003.81 592.687 -65.9885 874.313
18700000 2620.94 3895.9 2328.65 711.834 -350.239 1152.47
18800000 3172.77 3377.81 2728.98 -238.662 133.072 1016.6
18900000 3067.37 3745.44 2315.78 131.782 369.321 3.91066
19000000 2740.92 3550.5 2400.09 -289.696 -139.165 502.428
19100000 3458.87 3226.67 2748.73 -84.5887 110.596 865.486
19200000 3636.97 2895.9 1930.48 -409.403 -232.632 260.263
19300000 2562.34 3545.48 2501.91 -344.29 -322.222 242.091
19400000 2504.9 3593.78 2413.88 -325.661 -252.619 129.88
19500000 3011.25 2894.27 2709.83 -835.495 132.475 735.594
19600000 3046.86 2645.01 2886.67 -868.595 -515.093 593.121
19700000 3309.99 3270.48 2259.3 -888.756 -369.863 388.086
19800000 3069.14 3147.65 2306.23 -842.542 -96.2045 380.55
19900000 2911.99 2817.07 2887.84 -1342.16 20.1699 429.022
20000000 2921.1 2325.89 3366.37 -1111.03 -313.128 591.817
20100000 2795.56 2487.53 3228.38 -1930.58 -512.194 322.41
20200000 3046.13 2226.73 3483.15 -1978.89 -548.329 -137.434
20300000 2631.85 2553.55 3137.94 -2143.56 -393.485 173.425
20400000 2914.09 2849.92 3593.22 -2298.6 -116.971 534.183
20500000 3073.38 3339.89 2330.9 -1889.51 76.7395 144.632
20600000 3114.59 3015.34 2518.41 -1975.18 55.5762 -126.577
20700000 2980.5 2493.1 3545.99 -1466.51 -143.3 151.805
20800000 3866.11 2855.06 1747.35 -1882 204.909 158.349
20900000 3350.25 2679.81 2410.24 -2023.56 -126.659 105.071
21000000 3238.81 2766.29 2694.46 -2182.66 -165.138 515.798
21100000 3405.88 2956.03 2359.87 -2280.78 -336.097 412.835
21200000 3522.2 3144.08 2246.43 -1587.02 -70.7588 384.322
21300000 3059.68 3215.97 2073.54 -1684.6 130.593 159.701
21400000 3158.21 3348.28 1960.66 -1891.78 620.267 193.485
21500000 3629.22 3521.63 1573.51 -1716.64 486.977 182.161
21600000 2673.86 3741.19 1689.09 -1636.71 -370.495 96.2419
21700000 3281.03 3208.89 1887.02 -996.063 -445.434 360.945
21800000 2384.91 3571.48 1933 -1700.37 46.1241 395.496
21900000 2447.34 3779.8 1807.57 -1777.89 63.1329 744.435
22000000 3064.77 2754.38 1243.93 -2364.87 -281.692 381.497
22100000 2246.25 3106.52 1964.85 -2133.79 -469.273 405.197
22200000 2333.72 3692.11 1335.7 -1858.97 -603.854 286.069
22300000 2511.39 3388.63 1377.82 -2140.86 -313.969 428.345
22400000 2301.25 2900.47 1972.72 -2366.77 -622.544 553.187
22500000 2235.58 3219.97 2122.9 -2178.4 -710.049 750.554
22600000 2110.27 3281.82 2492.15 -2079.43 -983.94 825.469
22700000 2561.31 3293.77 1997.62 -2127 -1494.92 646.883
22800000 2970.53 3195.64 1837.37 -2105.59 -849.563 697.412
22900000 2966.81 3250.14 1516.71 -1809.41 -451.304 297.584
23000000 2420.27 3243.55 1687.88 -1955.33 -414.527 518.24
23100000 2212.34 2604.87 2871.36 -1710.39 -203.545 304.95
23200000 2158.96 3105.82 2650.36 -1567.25 -590.381 126.698
23300000 1482.6 2538.6 3871.19 -1077.42 -249.202 -483.191
23400000 1857.51 3055.49 3101.45 -773.57 -179.342 -238.379
23500000 1819.63 2421.36 3481.61 -658.244 -4.16666 247.132
23600000 1909.52 2072.51 2985.22 220.142 561.195 502.993
23700000 1823.93 2334.96 3166.51 -233.114 243.925 515.904
23800000 1445.46 2773.4 3472.48 174.735 -83.3584 455.014
23900000 1361.94 1808.45 3775.17 -70.2749 248.225 178.459
24000000 1673.24 2450.99 2980.31 -127.545 358.475 308.186
24100000 2636.77 1868.58 3214.87 426.777 36.982 903.752
24200000 2851.16 1846.94 3194.09 379.466 408.554 1236.98
24300000 3469.23 2289.58 2384.92 300.301 901.104 323.655
24400000 2258.31 2198.03 2952.65 962.677 546.178 463.834
24500000 1792.63 2719.65 3587.97 1391.9 567.626 97.5566
24600000 2091.11 2498.54 3665.31 1633.6 345.388 313.71
24700000 2163.94 3399.54 2754.38 1783.37 77.3557 683.565
24800000 2741.28 2882.91 3115.85 1707.28 382.641 796.262
24900000 2892.52 3055.84 3200.13 1413.08 1242.78 736.938
25000000 2174.47 3096.25 3219.13 1876.93 855.175 -16.501
25100000 1500.11 3768.08 3226.3 2718.27 55.6574 189.645
25200000 2440.43 3346.29 2972.8 2626.06 381.3 227.635
25300000 2469.46 2962.88 2594.95 2530.68 174.437 -71.8322
25400000 2484.9 3823.89 2471.32 2681.48 325.697 -627.202
25500000 2426.81 3750.37 2849.7 2800.76 34.5515 149.392
25600000 2077.19 4143.44 2690.4 3104.71 247.552 195.33
25700000 2088.69 3796.59 2418.75 2840.09 428.357 371.21
25800000 2159.47 3485.15 2969.59 3092.2 35.0188 -361.269
25900000 2389.61 3331.91 2591.45 2935.26 166.943 225.58
26000000 2370.96 3366.25 2580.95 3598.96 377.392 -8.5065
26100000 2079.68 3627.65 2419.79 3302.29 251.034 -146.584
26200000 2302.44 4052.04 2433.78 3214.88 549.292 -367.588
26300000 2082.5 3595.17 2411.66 3353.51 556.095 639.277
26400000 2341.53 3171.22 2761.84 3520.29 605.217 233.616
26500000 2485.9 2974.52 2980.98 2918.23 78.2866 -209.351
26600000 2792.69 2943.96 2626.96 3032.81 -328.45 280.091
26700000 2333.91 3583.22 2655.06 3131.4 -275.135 153.761
26800000 2202.68 3544.09 2724.58 3482.24 -166.947 -335.32
26900000 2389.52 3815.96 2238.36 3020.51 -41.4548 -263.157
27000000 2526.77 3728.52 2306.13 2946.64 202.373 196.499
27100000 2784.04 3070.09 2458.88 2704.64 375.604 -140.678
27200000 2076.38 3135.27 2917.41 2847.96 61.2206 -98.7972
27300000 2047.22 3359.44 2907.61 2490.84 355.493 366.258
27400000 2737.88 3408.51 1939.3 2376.53 386.155 363.296
27500000 2869.41 3205.46 2358.55 2509.37 628.784 491.456
27600000 2673.24 3009.37 2377.55 2593.62 243.092 752.12
27700000 2684.28 2870.6 2529.54 2796.2 302.196 774.8
27800000 2841.44 2328.6 2672.97 2219 249.701 748.908
27900000 2595.33 2152.11 2435.45 2266.45 493.778 328.033
28000000 2704.66 2221.08 2379.25 2115.46 114.643 509.556
28100000 2457.23 2722.93 2215.7 1881.26 907.306 419.096
28200000 1933.59 2522.31 2681.05 1703.26 509.751 445.529
28300000 2006.82 2731.89 2276.63 1804.7 862.021 -34.7738
28400000 1802.08 2785.41 2631.42 2099.17 496.961 26.9996
28500000 1983.86 2777.49 2794.64 1321.47 29.4855 160.794
28600000 2744.69 2800.79 1886.2 1309.82 -111.51 -362.292
28700000 3052.2 2802.13 1819.51 930.258 -442.059 -166.72
28800000 2853.69 2956.66 2316.73 501.101 -155.571 53.88
28900000 2545.95 2959.88 3528.97 461.32 -536.634 649.082
29000000 2476.65 3160.04 2887.28 -65.6335 -385.514 -55.7458
29100000 2714.96 3112.59 2680.47 203.698 -453.425 193.318
29200000 2360.5 2880.29 2707.68 285.097 -332.967 399.138
29300000 2359.43 2957.2 3418.43 206.899 -25.3195 598.148
29400000 2423.83 3110.16 3012.04 420.236 -83.9063 303.728
29500000 2668.42 3147.88 2796.88 -144.75 -354.563 -15.6028
29600000 2540.38 2452.85 3197.59 -323.889 -375.843 482.102
29700000 2789.78 2679.19 3283.46 -669.572 -254.334 73.2784
29800000 3122.64 2353.6 3293.4 -785.359 -100.179 -164.6
29900000 3050.11 2680.02 2804.4 -1109.65 -27.4556 -209.154
30000000 2269.93 2942.36 2632.76 -543.58 348.793 120.354
30100000 2315.44 3041.95 3138.4 -1280.85 -202.728 -116.758
30200000 2557.31 3482.94 2348.31 -1708.44 285.6 206.251
30300000 2005.07 2942.1 2999.38 -1688.28 -127.15 143.422
30400000 2379.03 2872.91 2964.26 -1501.2 484.112 -16.0114
30500000 2597.06 3010.23 2489.93 -1483.51 -587.666 117.034
30600000 2476.83 2711.25 2572.15 -1937.17 -684.848 -84.4295
30700000 2553.76 2196.73 3040.81 -1609.96 -71.4506 -375.519
30800000 3034.58 2021.21 2702.75 -1619.81 -295.536 -286.795
30900000 3227.63 1340.87 2883.71 -2339.21 -374.925 87.0402
31000000 2627.41 2147.5 2373.63 -2737.24 -346.478 527.544
31100000 2837.22 2836.88 2224.99 -2863.64 -38.468 444.323
31200000 2415.99 3331.96 2432.08 -2380.84 110.299 -105.816
31300000 2849.22 2534.28 3029.02 -2619.62 221.733 125.437
31400000 3584.75 2629.01 1825.55 -2758.15 -12.4757 -35.5502
31500000 3285.08 2626.54 1828.23 -2165.34 -204.045 578.563
31600000 3322.95 2579.21 2054.1 -2279.74 54.7519 303.032
31700000 3483.22 2434.5 1702.8 -1991.85 -82.1163 356.625
31800000 3314.77 2403.21 2142.6 -2522.53 58.9313 476.706
31900000 3258.37 2344.72 2423.26 -2660.56 -448.212 971.049
32000000 2776.46 3222.89 2378.63 -2036.06 -286.461 809.589
32100000 3672.88 2391.99 2676.58 -1819.5 -811.32 307.557
32200000 3597.25 3413.06 1619.34 -1922.56 -472.89 167.787
32300000 3269.9 3699.59 1721.01 -2014.33 -337.547 138.999
32400000 2810.38 2854.96 2519.02 -2069.78 -185.248 -445.467
32500000 3153.86 2593.55 2308.49 -1904.7 -252.137 -161.171
32600000 3540.12 2570.35 1959.42 -1380.34 -660.516 404.118
32700000 3160.24 2360.28 2144.08 -1652.91 -412.164 -500.465
32800000 2474.51 2382.2 2718.64 -1841.57 -118.778 -319.397
32900000 2056.52 2339.87 2990.27 -1183.01 -636.026 -243.349
33000000 1858.42 2440.3 3149.76 -1464.58 -711.689 437.901
33100000 2340.3 2285.13 2687.46 -967.565 -738.644 134.115
33200000 2424.4 2819.01 2923.17 -648.904 -678.528 91.7731
33300000 3038.47 2603.02 1907.52 -720.959 -557.301 -43.1149
33400000 2299.07 2646.28 2609.23 -888.153 -628.246 87.9932
33500000 2419.76 2958.55 2640.94 -143.158 -273.261 -72.678
33600000 2674.2 2819.95 2648.65 105.431 -150.386 -112.623
33700000 2959.2 2250.86 3096.79 225.894 -364.485 -482.528
33800000 3367.95 3032.85 2076.2 522.688 -5.51564 228.553
33900000 2353.88 3238.35 2521.19 570.958 491.304 -227.618
34000000 2291.32 2806.28 2988.15 916.978 258.732 -77.6335
34100000 2897.93 2894.55 2694.75 1340.7 398.536 -323.171
34200000 3080.33 2981.79 1787.33 1434.38 70.9792 266.568
34300000 2757.61 2300.38 3109.14 994.65 -381.581 -11.8628
34400000 2970.33 2299.32 2785.16 1596.21 -47.1695 -220.765
34500000 3198.15 2552.83 3022.53 1770.16 15.5861 468.136
34600000 2695.72 2525.14 2671.32 2098.96 -214.797 379.292
34700000 2220.29 2819.56 2723.41 2288.46 -224.072 -79.1011
34800000 2660.39 2305.65 2375.56 1681.23 70.5158 -425.321
34900000 2231.64 1818.61 2968.01 2208.29 151.402 -69.5294
35000000 2334.79 1913.04 3113.33 1892.3 368.612 374.99
35100000 2251.77 1522.23 3371.18 1805.79 353.742 462.86
35200000 1508.25 1893.86 3336.75 2256.82 -370.16 190.256
35300000 1953.15 2006.32 2826.18 2234.18 -432.583 -47.9537
35400000 2432.52 1871.51 3248.54 2963.08 -231.579 -105.212
35500000 2559.99 2050.84 3105.98 3343.86 -346.423 -102.829
35600000 2932.78 1682.53 3312.46 3193.64 -17.6697 59.8783
35700000 2816.3 1785.54 2998.86 2918.05 -387.044 350.239
35800000 2524.24 1708.87 3254.07 2249.95 -549.336 257.679
35900000 2773.13 1415.2 3165.39 2071.17 -740.004 264.463
36000000 3233.38 1527.02 2566.82 2510 -509.14 -28.2083
36100000 2564.46 2370.74 2994.3 2552.91 -285.323 92.9868
36200000 2635.08 1204.48 3400.56 2200.55 -117.108 171.943
36300000 3193.01 1030.12 2958.13 2057.26 -309.219 -162.637
36400000 2836.79 1497.64 2443.19 2376.78 -726.045 125.826
36500000 2812.85 1425.73 2709.05 2509.73 -687.995 214.268
36600000 3390.41 1349.79 1858.64 1852.74 -608.513 640.32
36700000 2954.09 1985.55 2767.59 2363.17 -458.328 163.406
36800000 3053.56 1590.4 3116.31 2039.6 -809.613 -43.5747
36900000 2848.6 2198.39 2957.29 2079.21 -795.364 470.977
37000000 2534.15 2213.65 3463.68 2520.13 -902.951 465.947
37100000 2591.27 2070.88 3575.48 2351.59 -624.293 -431.277
37200000 2538.35 1824.43 3635.56 2201.79 -113.43 -264.793
37300000 2601.23 2427.73 3571.56 1380.09 -985.762 -390.338
37400000 1717.34 2652.78 3185.48 1380.49 -139.467 -126.964
37500000 1972.79 2961.62 2893.19 1123.22 679.81 -114.028
37600000 2295.2 2701.95 3424.21 1298.89 597.277 -112.966
37700000 1422.36 3399.26 3061.04 1315.57 539.497 -380.003
37800000 1678.3 3539.85 2714.53 950.465 501.942 -274.421
37900000 1840.2 3292.22 2663.29 761.579 506.809 -463.542
38000000 1832.21 3382.22 2838.04 684.502 395.316 -57.4956
38100000 1905.77 2905.38 2552.93 762.402 516.274 -28.5737
38200000 2175.5 2480.72 2469.65 771.306 819.504 273.441
38300000 2158.39 2578.81 2457.78 347.466 1026.6 348.769
38400000 2271.82 2699.34 2550.05 816.504 1000.84 318.039
38500000 1947.54 3424.56 1462.34 765.601 340.211 59.3499
38600000 2579.93 3093.13 1978.07 235.418 855.613 156.17
38700000 2713.66 2512.13 2290.07 218.336 473.939 164.97
38800000 2653.6 2715.41 2137.1 338.838 312.592 -131.295
38900000 2237.57 3278.99 2144.09 13.681 21.9793 -397.855
39000000 2378.39 2681 2148.18 -234.275 -267.125 -290.689
39100000 2661.04 2536.89 2646.04 -69.8531 -215.886 -854.672
39200000 2158.93 2706.61 2193.6 -609.832 -378.251 -639.444
39300000 1852.85 2652.63 2562.32 -732.947 -601.478 -1021.99
39400000 1983.37 2397.32 2591.79 -840.043 88.9914 -699.903
39500000 2096.25 2112.65 3065.92 -875.914 34.7151 -782.788
39600000 1698.54 2646.57 2716.1 -1408.87 341.083 -398.018
39700000 2016.27 2570.72 2391.47 -1758.76 -21.9853 -157.417
39800000 1679.74 2494.95 2706.79 -1639.4 -107.961 -432.878
39900000 1446.17 2743.86 1772.75 -2310.6 25.5019 -62.215
40000000 1729.31 3186.21 1815.18 -2034.49 55.0553 214.4
40100000 2508.46 2529.3 2216.33 -2441.81 91.9979 -94.9714
40200000 1872.82 2775.18 2441.74 -2593.77 212.951 -428.809
40300000 1605.12 3327.92 2284.69 -2549.76 246.752 -858.454
40400000 1505.91 2999.27 2743.39 -2941.31 679.095 -549.917
40500000 1902.02 2715.37 2711.42 -2793.49 556.893 -84.117
40600000 1792.29 2648.24 2355.02 -2628.37 171.939 -671.99
40700000 1729.01 3075.71 2491.85 -2669.77 413.918 -383.333
40800000 2246.64 2692.9 2802.93 -2780.28 780.239 -684.27
40900000 1774.46 2999.23 2628.71 -3029.27 532.2 264.061
41000000 2012.71 2564.11 2328.27 -2656.63 198.144 -444.969
41100000 2226.81 2237.76 3133.41 -2503.23 615.641 -390.013
41200000 2025.55 2319.77 2955.17 -2238.56 787.56 -845.679
41300000 2268.53 2703.84 2496.29 -2411.9 1167 -989.216
41400000 1861.91 2997.01 2305.37 -2493.7 433.129 -711.696
41500000 1491.44 3251.26 2383.62 -3133.91 308.958 -1091.1
41600000 1173.23 2611.44 2855.49 -2337.98 179.256 -904.24
41700000 1478.2 2941.64 2611.84 -2315.51 460.461 -1356.91
41800000 1209.58 3054.76 2766.65 -2283.51 166.305 -749.671
41900000 1851.82 2642.94 2387.67 -2475.38 334.6 -861.489
42000000 1941.74 2918.65 2174.46 -3004.5 592.222 -891.932
42100000 2342.82 2648.65 2015.25 -3042.76 572.905 -522.729
42200000 2138.14 3054.08 1462.01 -3260.05 -6.80535 -846.545
42300000 1708.58 3307.78 2113.79 -3142.27 -53.1504 -578.135
42400000 1688.77 3643.54 2343.76 -3113.96 90.7012 -256.6
42500000 1330.52 3091.88 2501.61 -3325.29 -69.6725 -201.766
42600000 1623.78 3177.84 1944.44 -3125.23 -274.008 -619.028
42700000 1320 3599.63 2325.7 -2854.14 -402.187 -280.039
42800000 1647.34 3169.23 2292.97 -2286.13 -469.358 -297.28
42900000 2611.59 2279.07 1851.65 -2271.22 -625.02 -455.371
43000000 2320.41 3049.24 1359.01 -1833.22 -1042.02 -447.636
43100000 2548.36 3093.3 1543.51 -2277.99 -466.237 -589.55
43200000 2697.41 3101.27 1673.71 -2262.19 -476.157 -719.099
43300000 2932.12 3195.51 1081.97 -1663.5 -324.328 -481.138
43400000 2188.53 3466.67 1369.6 -1338.78 -501.843 -386.785
43500000 2444.64 3302.61 1559.26 -1308.43 -326.802 -615.527
43600000 2693.39 3262.96 1446.74 -1042.31 -315.951 -389.023
43700000 2335.23 3219.89 2146.61 -568.838 -376.105 -273.88
43800000 2440.27 2737.29 2560.89 -849.897 -309.425 -627.412
43900000 2175.74 2808.8 2781.5 -501.613 -207.268 -442.663
44000000 2121.71 2929.75 2460.6 -304.914 -238.178 -276.962
44100000 1876.95 3803.09 2674.88 -608.048 -17.9673 -135.046
44200000 2900.15 3337.16 2369.71 -271.739 229.781 -244.527
44300000 1915.9 3336.71 2777.01 233.229 -576.697 -450.775
44400000 2029.71 3507.96 2747.98 669.083 -102.421 -34.0121
44500000 1907.56 3473.09 2578.79 809.021 163.944 -72.8734
44600000 1964.99 3306.15 3207.79 746.18 -268.821 -204.87
44700000 2085.36 3422.3 2480.32 1064.4 -24.7088 -322.161
44800000 2801.67 3443.3 2067.44 726.559 -119.604 259.439
44900000 1842.09 3588.84 2759.4 1376.78 -409.256 350.826
45000000 1666.37 3577.08 2672.06 1601.79 -81.6619 -3.8787
45100000 2150.44 4283.18 2217.95 728.661 579.153 -261.888
45200000 2240.59 3354.25 2547.1 1768.37 40.0417 -487.155
45300000 1723.93 3431.39 2985.72 1372.33 487.418 -802.467
45400000 2295.48 3257.69 2012.24 1255.59 527.717 -454.15
45500000 2465.62 3380.4 1667.48 1360.91 467.724 -289.94
45600000 1780.89 2941.31 2972.87 1348.72 -432.213 -479.041
45700000 1644.91 3076.84 2606.88 1517.37 -27.6804 -439.662
45800000 2275.8 2758.24 2137.37 1513.96 -45.2594 -684.836
45900000 2482.65 2088.58 2413.53 1465.94 -239.457 -636.439
46000000 1901.89 2494.84 2581.47 1888.66 142.314 -740.403
46100000 2558.11 2434.18 2030.33 2258.62 -287.833 -745.898
46200000 2325.2 3030.47 1929.43 1610.43 -480.716 -527.4
46300000 2855.63 2472.21 2262.84 1250.68 -317.315 -356.664
46400000 2387.79 2208.39 2626.89 1403.99 -612.4 -894.249
46500000 2531.93 2435.27 2302.6 1781.21 -498.272 -541.308
46600000 2189.15 2340.12 3118.89 1953.52 170.967 582.043
46700000 2601.56 2565.68 2474.89 1179.12 187.007 840.848
46800000 3097.7 3111.11 2411.87 686.184 373.868 258.867
46900000 2098.15 3291.14 2486.42 1397.92 279.369 673.071
47000000 2300.34 2753.36 3203.05 1680.47 685.594 631.413
47100000 2755.62 2248.47 3811.66 1912.5 118.894 310.973
47200000 2927.13 2641.25 2971.31 1368.05 249.526 61.7583
47300000 2521.52 3018.91 2595.75 1610.89 137.828 63.0776
47400000 3091.99 2537.79 2029.08 1020.42 155.783 40.1713
47500000 2653.98 2502.56 2118.84 1371.13 481.478 -43.0622
47600000 2667.78 1974.66 2559.56 1601.47 605.159 421.242
47700000 2501.48 1966.34 2763.9 1552.96 381.147 -147.816
47800000 2411.29 2095.66 2661.34 1061.27 446.214 -401.397
47900000 2969.96 1877.67 2428.65 1174.05 -285.543 -188.723
48000000 2825.91 2105.25 2253.54 1038.56 -166.901 227.299
48100000 2982.55 1895.64 2618 1494.02 4.66704 21.8751
48200000 3147.33 2069.24 2813.8 1096.08 150.152 -2.84273
48300000 3334.41 2224.22 2738.61 810.513 -147.311 68.8787
48400000 2805.62 1888.59 2713.95 825.03 211.276 207.25
48500000 2471.25 2324 2806.65 606.772 -469.316 130.304
48600000 3502.22 2192.73 2518.14 366.575 -611.823 -316.62
48700000 2494.57 2220.58 2944 -296.401 -1015.38 173.111
48800000 2560.73 2815.01 3076 -743.141 39.4703 6.3313
48900000 2249.02 2768.61 2339.34 -379.115 -266.562 115.494
49000000 2740.12 2687.47 2570.32 -16.3149 -745.731 -196.857
49100000 2132.55 2755.44 3245.66 180.079 -225.983 -183.006
49200000 2328.33 2682.05 2718.74 -3.57704 169.578 53.5689
49300000 2499.22 2420.36 2748.53 -351.884 52.764 158.708
49400000 3029.16 2123.03 2917.04 -432.686 -330.375 685.407
49500000 2753.94 1879.19 3239.9 -333.725 -168.969 526.313
49600000 2353.77 1969.77 2868.34 -20.9159 -341.771 930.846
49700000 2305.51 2682.64 3527.42 -150.285 -296.14 987.099
49800000 2717.62 1605.94 3427.92 -227.156 -36.0549 432.711
49900000 2764.64 1806.06 3489.92 -409.827 -337.58 752.667
50000000 2697.91 2320.12 2730.58 -588.627 -696.777 905.99
