# Time-averaged data for fix ps1
# TimeStep c_thermo_press[1] c_thermo_press[2] c_thermo_press[3] c_thermo_press[4] c_thermo_press[5] c_thermo_press[6]
100000 177.9 2643.41 532.891 -481.854 2.29232 -179.98
200000 270.309 2586.21 478.349 -911.516 46.6079 -137.955
300000 243.97 2546.84 600.162 -1260.76 54.3096 -97.6137
400000 346.371 2584.78 622.296 -1675.89 -33.9339 -94.0427
500000 386.356 2540.26 680.013 -2049.84 -93.0498 -137.813
600000 193.539 2602.89 584.022 -2414.24 -91.161 -215.567
700000 360.743 2534.88 570.404 -2699.24 111.944 -146.067
800000 232.616 2566.93 775.574 -3070.18 -34.0899 -125.552
900000 319.926 2576.1 582.323 -3407.58 -16.2482 -107.531
1000000 485.975 2564.65 500.597 -3646.65 -11.6095 -180.782
1100000 362.336 2500.62 637.99 -3979.77 -6.57465 -158.046
1200000 392.925 2606.52 592.108 -4275.21 -48.0739 -223.737
1300000 373.728 2531.34 743.094 -4574.44 -1.32952 -102.029
1400000 268.336 2606.73 793.787 -4904.58 23.0833 -219.687
1500000 252.122 2603.13 728.051 -5135.64 5.59139 -206.353
1600000 345.799 2561.05 688.575 -5319.21 -101.31 -151.747
1700000 245.381 2661.14 759.291 -5619.89 -8.34649 -238.413
1800000 352.344 2499.5 796.344 -5658.65 -18.6588 -145.842
1900000 287.025 2592.15 747.934 -5791.23 44.6145 -176.308
2000000 366.483 2511.17 844.978 -5922.42 -47.3479 -189.352
2100000 373.126 2568.03 749.901 -6070.33 60.0197 -171.735
2200000 369.264 2665.38 728.268 -6211.84 -33.3868 -221.742
2300000 384.68 2529.89 842.34 -6233.11 -24.4988 -81.6483
2400000 324.7 2524.17 816.504 -6317.37 -37.0641 -92.0151
2500000 569.872 2560.07 650.987 -6273.74 26.0407 -65.0079
2600000 324.965 2628.31 818.798 -6242.33 -29.1309 -135.709
2700000 290.855 2663.23 748.081 -6175.93 16.9891 -127.239
2800000 334.116 2485.94 798.955 -6171.78 -9.37732 -166.604
2900000 322.167 2601.45 835.388 -6050.09 -32.244 -78.912
3000000 590.032 2526.43 481.31 -5999.48 43.0484 -46.2326
3100000 472.18 2631.54 756.175 -5825.87 -71.3331 -133.43
3200000 502.146 2543.32 631.52 -5687.23 -24.0538 -56.8529
3300000 590.425 2460.74 675.195 -5489.44 -137.783 -178.44
3400000 363.244 2535.64 654.189 -5310.64 -135.738 -112.149
3500000 578.692 2480.12 730.138 -5146.13 -27.7548 -202.892
3600000 289.796 2607.57 690.603 -4842.82 41.0837 -308.739
3700000 266.831 2480.43 773.804 -4562.79 -46.9562 -138.654
3800000 181.188 2449.88 789.825 -4323.74 -174.096 -184.385
3900000 420.693 2468.76 673.844 -3992.39 26.4305 -183.581
4000000 396.052 2431.17 693.159 -3697.87 -8.30985 -4.4214
4100000 304.785 2543.38 641.915 -3468.32 -33.0813 -99.7974
4200000 121.339 2690.99 638.395 -3111.57 -8.92028 -242.696
4300000 252.673 2553.67 688.06 -2729.43 4.15795 -235.008
4400000 265.469 2556.16 721.953 -2384.05 47.5822 -132.64
4500000 339.532 2507.91 652.237 -2060.59 -14.5794 -185.942
4600000 268.33 2630.26 580.18 -1657.62 -8.91046 -86.2339
4700000 -21.5731 2632.2 754.58 -1229.27 70.854 -205.677
4800000 293.664 2485.02 707.934 -830.567 46.5371 -207.967
4900000 180.208 2563.88 692.505 -522.14 85.4908 -282.719
5000000 145.516 2651.46 610.383 -165.32 20.9947 -174.281
5100000 330.971 2575.5 570.403 248.62 126.714 -225.581
5200000 242.392 2649.17 630.601 706.627 17.1201 -269.562
5300000 235.472 2752.9 580.802 1162.21 102.196 -130.141
5400000 407.144 2574.21 652.54 1503.1 57.544 -292.918
5500000 325.101 2586.61 567.162 1732.26 37.3948 -235.556
5600000 424.596 2529.67 582.653 2110.05 46.2223 -243.029
5700000 366.634 2600.8 595.864 2478.5 31.4531 -212.507
5800000 347.63 2704.45 644.372 2885.5 -34.2017 -199.857
5900000 372.095 2799.01 594.515 3197.43 53.6332 -265.615
6000000 222.027 2843.62 454.338 3458.59 183.866 -317.656
6100000 288.006 2783.25 738.154 3867.59 176.495 -139.39
6200000 350.594 2782.44 552.258 4133.03 81.2565 -242.67
6300000 309.159 2838.69 543.78 4394.81 95.3306 -237.664
6400000 351.514 2794.59 546.302 4637.71 128.579 -283.77
6500000 276.723 2769.02 766.229 4813.54 193.669 -274.392
6600000 399.897 2809.3 642.108 5115.76 161.671 -168.782
6700000 443.864 2745.05 568.34 5229.07 135.892 -267.824
6800000 341.043 2821.7 663.045 5394.79 60.6811 -296.22
6900000 326.625 2873.52 603.5 5615.35 34.8104 -191.51
7000000 389.328 2714.58 783.21 5601.27 90.9602 -405.378
7100000 239.625 2986.97 613.51 5660.87 116.484 -89.5414
7200000 406.934 2867.14 757.436 5649.97 47.3424 -281.442
7300000 458.916 2829.72 735.958 5942.91 -76.7655 -378.4
7400000 595.123 2760.54 749.481 5952.44 -38.8362 -119.429
7500000 365.908 2876.33 653.705 5948.6 -38.1622 -161.888
7600000 399.878 2920.92 713.94 5983.95 53.3895 -123.936
7700000 311.185 2882.75 784.093 5926.11 28.9701 -244.099
7800000 470.069 2745.71 721.751 5902.87 28.4212 -199.267
7900000 578.777 2761.38 664.36 5851.9 121.789 -225.211
8000000 335.452 2934.47 866.571 5739.92 -30.8085 -333.219
8100000 461.57 2835.46 709.473 5660.57 51.9193 -198.498
8200000 482.622 2782.01 837.772 5363.96 -219.031 -121.175
8300000 426.456 2791.75 578.988 5238.01 8.81473 -332.858
8400000 313.476 2701.72 649.325 4970.6 -24.9897 -288.225
8500000 262.56 2863.36 702.354 4821 -59.5025 -232.903
8600000 373.467 2637.73 722.276 4567.43 -39.399 -239.412
8700000 415.307 2754.36 661.634 4347.5 22.6568 -161.214
8800000 382.857 2793.76 589.862 4053.6 4.19453 -326.967
8900000 413.402 2623.56 546.503 3719.82 -10.7428 -147.538
9000000 515.768 2665.11 469.19 3484.05 -99.4873 -190.94
9100000 590.338 2591.11 570.804 3307.65 8.21014 -289.67
9200000 583.387 2613.91 408.099 2846.23 -33.6021 -118.475
9300000 494.268 2577.81 542.424 2544.6 -59.7215 -141.666
9400000 617.213 2579.68 554.479 2186.96 48.7715 -181.382
9500000 527.727 2569.94 527.245 1893.37 -44.5853 -168.8
9600000 519.988 2519.63 524.558 1531.1 11.5231 -276.418
9700000 491.663 2545.61 574.935 1115.35 25.8881 -181.559
9800000 486.572 2679.35 500.623 650.042 -14.1228 -98.9431
9900000 411.143 2657.44 577.253 327.929 76.6691 -221.999
10000000 357.766 2616.22 587.339 -9.0295 25.6373 -275.133
10100000 239.33 2564.32 652.796 -472.16 75.7558 -295.273
10200000 447.183 2545.8 540.354 -826.798 -24.2564 -157.2
10300000 315.804 2484.03 680.644 -1231.96 30.5322 -92.8967
10400000 482.394 2409.49 705.449 -1547.79 102.694 -293.628
10500000 395.265 2492.7 696.448 -1928.98 43.8613 -210.703
10600000 383.074 2537.83 593.789 -2368.36 -15.8021 -196.862
10700000 332.505 2595.94 672.087 -2640.1 82.3819 -343.248
10800000 488.784 2598.4 365.058 -3037.02 193.804 -112.07
10900000 361.461 2487.89 786.997 -3291.37 3.64833 -103.463
11000000 305.389 2531.57 658.262 -3714.38 47.0157 -262.609
11100000 337.658 2590.9 779.865 -3933.31 55.864 -216.05
11200000 436.905 2647.88 511.71 -4347.97 59.5513 -225.168
11300000 355.152 2614.26 660.557 -4461.68 50.1295 -221.834
11400000 250.315 2585.41 818.951 -4764.43 26.1219 -162.315
11500000 387.015 2542.47 636.006 -4994.08 -27.5081 -252.823
11600000 424.701 2515.11 831.193 -5201.87 60.8465 -158.331
11700000 381.868 2608.21 729.536 -5357.89 3.27017 -228.53
11800000 543.393 2496.89 767.673 -5583.55 104.508 -171.723
11900000 387.452 2555.88 728.045 -5761.08 99.1279 -200.757
12000000 383.331 2518.72 803.341 -5807.41 42.8964 -245.692
12100000 393.648 2473.79 745.607 -5913.4 10.2984 -156.93
12200000 454.151 2479.43 671.798 -6013.34 59.5423 -219.553
12300000 573.98 2460.27 590.955 -6097.08 58.2774 -180.271
12400000 428.899 2460.45 592.369 -6006.5 99.8132 -220.705
12500000 369.981 2634.78 684.55 -6139.65 78.75 -189.718
12600000 445.397 2544.28 644.948 -6147.82 139.575 -161.593
12700000 502.832 2451.51 623.82 -5986.29 38.3168 -370.874
12800000 530.074 2515.31 700.363 -6006.38 51.4807 -271.922
12900000 456.191 2555.07 590.605 -5923.63 33.9278 -254.699
13000000 464.347 2848.92 329.496 -5912.32 126.666 -165.733
13100000 412.005 2404.06 679.565 -5616.63 165.343 -154.726
13200000 408.203 2413.42 668.146 -5582.85 44.6139 -99.3752
13300000 412.869 2513.57 708.268 -5421.36 102.327 -165.878
13400000 351.325 2512.19 657.73 -5212.68 64.6777 -169.749
13500000 415.006 2501.99 590.689 -4888.23 44.7227 -200.816
13600000 507.761 2517.4 605.771 -4682.14 -77.6784 -379.652
13700000 501.923 2406.27 565.572 -4510.8 -70.1193 -217.115
13800000 416.85 2524.5 696.235 -4296.81 -54.9052 -108.182
13900000 325.981 2459.64 627.027 -3918.81 59.5654 -195.083
14000000 382.82 2432.28 718.206 -3542.92 44.8339 -213.223
14100000 472.158 2511.76 509.432 -3361.18 37.4658 -211.432
14200000 345.938 2526.64 466.978 -2972.73 41.6436 -283.867
14300000 404.151 2550.99 564.143 -2624.29 44.1852 -311.93
14400000 489.737 2436.88 513.063 -2265.43 105.163 -175.543
14500000 529.649 2466.94 526.037 -1950.31 179.648 -160.998
14600000 402.069 2421.46 627.266 -1542.84 83.8917 -276.765
14700000 347.845 2454.46 511.423 -1299.17 76.5676 -147.108
14800000 414.93 2451.93 559.867 -860.294 11.1156 -145.502
14900000 258.488 2460.49 580.547 -381.094 -19.0503 -148.971
15000000 477.736 2451.06 356.958 -64.8633 156.216 -162.779
15100000 425.077 2591.47 518.197 392.796 89.5233 -257.351
15200000 419.724 2561.92 525.469 767.131 79.8885 -283.949
15300000 405.208 2456.52 522.072 1310.6 -4.07494 -303.714
15400000 446.267 2577.47 485.267 1468.39 -50.4962 -276.279
15500000 373.459 2599.6 476.952 1790.95 -54.8455 -251.405
15600000 352.432 2581.82 640.456 2213.33 34.989 -288.958
15700000 416.17 2529.42 707.8 2562.64 68.7395 -240.744
15800000 411.364 2584.01 583.47 2822.13 77.537 -227.368
15900000 485.02 2624.65 493.14 3253.44 0.791929 -286.606
16000000 506.19 2623.14 460.578 3441.96 123.394 -275.665
16100000 368.689 2650.02 544.433 3808.58 -16.1564 -250.648
16200000 318.298 2671.75 576.352 4205.25 -19.7726 -352.827
16300000 267.273 2776.15 534.778 4384.4 7.95388 -214.737
16400000 476.823 2648.03 540.856 4666.14 -37.945 -303.584
16500000 463.185 2762.8 529.596 4808.06 -42.6585 -238.167
16600000 353.376 2721.33 593.356 4974.44 -1.56037 -219.472
16700000 389.093 2766.47 666.537 5212.59 57.3024 -110.824
16800000 439.965 2811.24 606.71 5395.7 5.96907 -258.668
16900000 437.501 2748.21 581.045 5569 77.1799 -284.14
17000000 477.301 2855.09 679.847 5666.07 29.4477 -247.653
17100000 517.598 2695.79 622.491 5770.9 -27.9266 -339.812
17200000 550.9 2842.76 432.776 5890.38 121.914 -312.652
17300000 450.116 2745.1 739.069 5939.83 13.3762 -267.986
17400000 523.015 2765.22 444.067 5883.02 115.144 -299.598
17500000 342.593 2822.92 631.826 5924.94 24.8363 -210.961
17600000 389.087 2712.27 698.369 5887 -15.0053 -390.533
17700000 414.813 2861.53 564.804 5967.28 58.0535 -324.653
17800000 465.874 2780.91 741.756 5843.91 0.434302 -318.251
17900000 426.609 2763.13 603.887 5795.04 22.955 -242.703
18000000 389.646 2818.32 515.536 5691.8 218.404 -229.342
18100000 394.803 2893.03 471.694 5609.18 208.15 -357.646
18200000 365.774 2882.21 543.11 5379.06 15.1724 -262.983
18300000 358.783 2670.29 710.14 5160.38 -7.57036 -209.465
18400000 454.169 2682.85 566.403 5051.06 16.4477 -271.549
18500000 99.3458 2956.55 772.84 4854.47 9.10495 -191.812
18600000 238.719 2721.89 637.558 4638.82 17.1489 -353.198
18700000 210.575 2721.94 663.795 4351.59 -24.5321 -120.772
18800000 169.253 2689.51 616.646 4100.38 149.467 -224.645
18900000 332.344 2637.3 669.096 3759.17 9.3055 -309.831
19000000 325.428 2680.73 585.6 3554.06 79.2885 -260.672
19100000 331.684 2643.49 663.561 3335.65 93.5211 -302.084
19200000 359.887 2619.99 494.8 2935.94 29.0174 -203.812
19300000 466.489 2636.09 479.916 2532.77 11.9257 -262.605
19400000 379.294 2656.01 438.516 2175.3 89.4617 -246.385
19500000 477.295 2545.45 443.137 1778.14 77.9533 -222.886
19600000 312.485 2537.8 588.795 1531.84 12.2214 -263.106
19700000 303.031 2460.2 628.051 1159.34 52.5393 -301.313
19800000 324.537 2417.08 610.975 724.076 -38.6456 -166.487
19900000 357.107 2473.78 472.692 261.065 -25.0715 -134.245
20000000 518.224 2413.43 540.534 -106.319 -10.5224 -272.092
20100000 345.675 2396.58 571.706 -375.869 -0.965001 -262.48
20200000 425.462 2518.08 528.024 -895.732 28.1943 -293.623
20300000 567.329 2409.07 533.384 -1228.97 -58.2388 -148.695
20400000 484.557 2415.07 535.868 -1540.88 33.564 -269.239
20500000 450.409 2451.39 489.627 -1909.26 105.645 -253.574
20600000 343.898 2569.16 513.48 -2219.65 72.0355 -332.196
20700000 351.331 2478.13 629.737 -2561.52 57.1234 -365.817
20800000 461.638 2432.99 601.675 -2966.9 19.5844 -254.11
20900000 449.715 2305.95 631.656 -3199 66.9264 -267.866
21000000 365.685 2461.36 650.446 -3607.99 38.7945 -149.625
21100000 338.088 2468.72 666.252 -3834.01 -1.24544 -198.128
21200000 294.026 2535.44 669.507 -4211.41 81.9141 -236.859
21300000 400.373 2538.95 647.334 -4638.4 49.3575 -209.725
21400000 468.138 2452.69 801.846 -4676.14 12.5359 -209.68
21500000 561.617 2401.24 642.334 -4902.39 22.284 -180.331
21600000 419.79 2531.82 807.003 -5239.71 -6.0364 -218.891
21700000 356.754 2493.99 726.366 -5341.47 44.2499 -142.61
21800000 339.715 2451.58 702.487 -5526.89 56.0211 -174.496
21900000 392.206 2453.24 578.59 -5643.49 -9.98724 -150.164
22000000 397.339 2533.27 638.378 -5872.86 -31.157 -268.499
22100000 433.843 2505.21 644.04 -5866.75 -10.7518 -153.726
22200000 356.06 2499.43 678.761 -5969.46 -49.6411 -223.835
22300000 370.752 2439.85 759.202 -6023.96 -28.1624 -160.353
22400000 470.172 2474.46 561.786 -6049.28 131.234 -243.941
22500000 422.795 2459.83 676.372 -6057.02 53.468 -195.516
22600000 422.407 2538.83 661.19 -6129.68 4.05712 -177.028
22700000 381.354 2486.2 697.445 -5986.89 48.7387 -196.524
22800000 474.167 2533.54 636.864 -6051.55 47.0053 -287.843
22900000 440.377 2381.41 785.324 -5923.59 61.0896 -117.852
23000000 473.54 2414.76 699.409 -5835.6 -11.9193 -191.395
23100000 422.467 2493.9 638.775 -5656.03 98.9639 -264.218
23200000 495.812 2439.33 676.228 -5521.43 46.4865 -226.43
23300000 372.394 2449.44 650.82 -5291.47 81.5885 -200.474
23400000 494.309 2405.59 626.25 -5131.28 101.939 -321.358
23500000 499.93 2419.55 628.871 -4945.74 16.2449 -207.445
23600000 438.864 2405.1 672.868 -4764.44 119.117 -233.568
23700000 351.329 2553.17 577.124 -4513.76 38.8837 -297.613
23800000 437.986 2373.64 665.782 -4105.77 84.3425 -225.518
23900000 423.095 2494.39 608.504 -3894.29 112.1 -289.714
24000000 461.365 2330.52 560.235 -3647.59 48.753 -149.401
24100000 448.19 2404.13 628.1 -3274.67 89.5906 -312.114
24200000 488.633 2463.73 504.557 -3139 24.9771 -160.949
24300000 371.702 2487.43 631.158 -2590.49 93.9494 -140.497
24400000 385.486 2529.24 518.568 -2359.51 -7.43193 -135.707
24500000 414.08 2349.24 650.681 -1954.44 -59.2274 -195.563
24600000 383.897 2468.19 585.702 -1532.91 -19.6156 -244.606
24700000 385.899 2570.84 615.587 -1160.47 -3.60262 -139.109
24800000 438.401 2394.47 552.419 -744.829 9.83676 -175.125
24900000 479.034 2502.11 489.129 -315.63 124.683 -320.3
25000000 424.664 2383.43 499.736 -4.46128 71.9681 -189.615
25100000 432.593 2380.24 490.945 265.627 -34.6314 -151.917
25200000 394.257 2524.94 452.994 734.276 -28.2906 -308.025
25300000 393.535 2493.15 588.867 1179.77 100.017 -268.882
25400000 371.109 2565.74 520.181 1479.74 29.942 -306.288
25500000 418.545 2489.24 601.602 1898.17 19.1237 -245.442
25600000 415.348 2646.22 406.942 2244.53 26.7554 -199.266
25700000 450.954 2548.38 493.627 2577.26 64.9029 -286.853
25800000 365.96 2725.2 458.441 2865.31 62.866 -242.332
25900000 326.524 2592.36 588.129 3228.85 -25.727 -356.332
26000000 382.302 2741.21 583.102 3598.93 48.3951 -333.16
26100000 438.644 2662.28 523.916 3856.8 73.8209 -304.33
26200000 440.419 2623.73 588.069 4179.04 44.3397 -187.061
26300000 452.44 2681.78 597.588 4407.02 -2.19551 -172.426
26400000 412.057 2686.04 532.791 4624.25 9.0519 -321.242
26500000 330.938 2745.52 545.505 4791.28 -72.5932 -219.016
26600000 325.383 2622.25 564.125 5033.83 -48.4771 -278.536
26700000 373.175 2721.31 594.672 5206.92 -29.432 -233.95
26800000 373.508 2703.24 696.123 5381.15 -115.209 -295.291
26900000 235.044 2958.17 651.799 5434.37 -24.4577 -297.223
27000000 301.651 2794.33 666.181 5647.2 22.6809 -453.572
27100000 411.02 2948.74 669.131 5695.95 5.53353 -350.043
27200000 464.074 2731.06 552.96 5831.62 165.491 -352.402
27300000 428.527 2756.86 589.494 5946.22 -3.79623 -227.018
27400000 336.036 2905.04 616.825 5919.88 -33.6981 -377.679
27500000 254.237 2876.86 687.823 5850.67 -46.4234 -228.656
27600000 451.115 2787.25 636.231 5831.24 -32.4517 -348.617
27700000 362.063 2832.39 619.787 5868.73 -28.4695 -291.813
27800000 358.791 2836.32 621.079 5890.2 10.9957 -180.901
27900000 293.38 2734.93 553.257 5746.38 -81.2939 -292.115
28000000 335.424 2826 645.838 5586.19 -4.94812 -304.716
28100000 334.643 2719.24 592.528 5585.34 16.0574 -342.182
28200000 345.363 2674.27 606.866 5387.1 -73.8412 -371.609
28300000 394.437 2688.9 595.496 5189.98 29.0522 -316.791
28400000 221.36 2687.63 755.467 5024.39 -28.7005 -302.316
28500000 346.358 2631.59 555.132 4764.15 -40.185 -260.871
28600000 303.96 2745.14 604.142 4569.37 48.8344 -312.791
28700000 380.92 2598.4 607.04 4269.98 -47.9505 -335.537
28800000 305.295 2655.08 617.748 4104.44 37.4731 -149.007
28900000 221.783 2642.87 677.747 3691.84 -48.7842 -340.54
29000000 324.538 2696.58 672.822 3439.97 -27.7376 -322.868
29100000 363.397 2697.39 564.659 3223.59 142.929 -334.315
29200000 295.295 2700.88 609.869 2814.73 64.6036 -298.695
29300000 318.091 2661.58 541.305 2458.65 41.4736 -332.974
29400000 305.666 2602.43 705.429 2205.04 35.6154 -312.265
29500000 174.576 2695.69 689.163 1723.97 20.9827 -359.119
29600000 287.484 2660.38 577.222 1374.57 80.6782 -390.35
29700000 425.293 2508.21 584.279 1042.39 -13.7209 -186.726
29800000 379.664 2587.92 533.578 614.455 89.3673 -231.69
29900000 301.087 2623.62 583.354 356.801 46.939 -222.705
30000000 228.462 2517.52 650.493 -152.496 -21.7012 -282.526
30100000 331.861 2564.54 487.876 -487.853 96.3092 -245.261
30200000 261.467 2554.01 628.17 -906.068 74.3797 -181.261
30300000 211.277 2626.53 560.12 -1319.5 15.9415 -355.291
30400000 228.831 2649.13 686.188 -1594.03 7.44199 -167.782
30500000 94.0892 2624.85 584.997 -2036.68 65.1522 -180.42
30600000 304.019 2573.79 463.189 -2346.26 76.3464 -207.867
30700000 312.609 2624.53 610.401 -2766.35 115.681 -312.671
30800000 391.177 2549.01 600.685 -3054.29 23.326 -195.936
30900000 334.111 2563.88 690.547 -3378.44 45.0333 -190.824
31000000 352.71 2549.28 548.101 -3727.92 109.35 -143.608
31100000 358.042 2624.84 596.039 -4000.49 17.4635 -270.306
31200000 376.171 2605.13 658.345 -4368.22 -116.323 -232.113
31300000 242.548 2566.38 705.127 -4550.28 43.9607 -101.454
31400000 393.354 2571.12 636.217 -4812.43 -10.8804 -52.8238
31500000 239.347 2604.53 671.691 -5039.24 133.503 -195.067
31600000 380.429 2606.24 710.607 -5286.66 25.2821 -217.06
31700000 326.824 2559.44 694.542 -5465.09 6.99117 -70.5591
31800000 289.088 2608.64 601.974 -5631.75 67.8182 -96.437
31900000 369.758 2424.38 759.222 -5704.24 106.291 -71.0633
32000000 481.554 2576.35 676.597 -6012 31.1661 -139.805
32100000 514.625 2517.12 739.024 -5989.92 87.7901 -85.5748
32200000 385.38 2588.01 722.824 -6158.61 -2.50239 -165.713
32300000 354.751 2650.31 674.762 -6162.19 14.9465 -153.651
32400000 387.653 2656.23 722.799 -6210.18 -63.2438 -117.273
32500000 401.309 2602.32 666.614 -6226.74 51.6909 -251.572
32600000 471.264 2588.44 590.596 -6211.59 59.1831 -150.433
32700000 413.867 2658.49 637.454 -6187.32 52.4304 -213.225
32800000 380.234 2525.16 763.436 -6112.27 -0.969708 -102.133
32900000 176.276 2560.44 799.606 -5958.85 11.3226 -135.272
33000000 362.063 2502.58 746.847 -5920.92 -0.579477 -70.7631
33100000 363.063 2664.29 652.463 -5817.82 49.0644 -199.771
33200000 373.983 2622.92 790.833 -5674.94 84.4389 -176.087
33300000 453.813 2437.06 731.674 -5445.77 -23.1489 -120.059
33400000 339.724 2442.85 748.262 -5234.74 -30.4042 -54.2057
33500000 362.169 2625.97 711.584 -5042.06 18.7234 -174.032
33600000 447.459 2532.8 453.093 -4795.81 -3.24346 -109.147
33700000 345.464 2645.88 583.484 -4573.14 29.757 -160.557
33800000 429.498 2475.54 648.123 -4226.55 43.157 -163.84
33900000 298.405 2582.5 711.237 -3963.12 41.685 -213.725
34000000 349.202 2429.43 638.719 -3691.99 46.2043 -239.399
34100000 314.135 2561.52 634.094 -3369.66 -94.6646 -230.76
34200000 331.28 2475.72 601.496 -3056.78 89.3225 -236.324
34300000 270.327 2495.13 766.45 -2815.24 -89.7179 -204.406
34400000 245.382 2563.37 619.23 -2295.33 30.8523 -183.794
34500000 291.603 2464.53 690.726 -1952.7 -51.8428 -182.707
34600000 257.754 2520.26 695.888 -1551.88 71.3448 -284.592
34700000 125.768 2494.63 660.724 -1261.62 66.9942 -65.405
34800000 58.6085 2633.96 545.518 -788.674 -99.887 -164.828
34900000 276.267 2440.95 623.391 -362.919 -70.907 -148.018
35000000 110.951 2706.26 650.89 -57.5927 -7.67488 -219.421
35100000 272.554 2482.33 549.86 288.824 -6.26821 -210.653
35200000 252.856 2525.93 660.127 718.697 -12.9202 -136.186
35300000 287.636 2483.99 664.806 1099.81 28.1503 -239.006
35400000 186.211 2680.76 599.243 1437.77 69.124 -262.014
35500000 265.484 2716.34 534.721 1881.47 126.039 -291.722
35600000 265.863 2650.51 477.804 2154.38 69.9171 -181.942
35700000 265.053 2610.52 666.645 2374.28 -5.01862 -241.92
35800000 270.848 2637.03 519.195 2924.3 60.777 -203.553
35900000 390.155 2609.97 670.764 3109.75 -38.9289 -267.094
36000000 296.964 2665.84 549.623 3460.97 20.6284 -317.918
36100000 469.85 2614.87 549.85 3648.62 -1.53909 -160.315
36200000 287.882 2765.53 444.757 3993.55 195.144 -269.756
36300000 318.381 2783.69 520.18 4296.79 12.7857 -207.038
36400000 376.347 2808.66 552.077 4515.69 143.807 -354.138
36500000 319.188 2725.14 573.904 4720.84 47.8278 -327.428
36600000 132.57 2695.82 668.594 4904.72 -49.0047 -121.095
36700000 206.723 2813.77 628.565 5155.41 -85.567 -370.824
36800000 274.844 2732.52 536.347 5327.7 2.71451 -282.924
36900000 127.417 2914.76 718.677 5569.11 4.01102 -183.752
37000000 126.321 2850.66 660.398 5512.35 -34.4609 -123.021
37100000 314.304 2803.66 645.256 5590 55.2949 -91.9419
37200000 402.528 2742.81 538.204 5649.47 84.9591 -228.887
37300000 160.011 2838.76 705.782 5735.98 -90.4461 -159.414
37400000 174.318 2836.55 586.442 5929.28 62.9587 -243.833
37500000 283.518 3010.97 629.251 5877.51 65.3811 -266.763
37600000 160.959 2872.39 724.867 5853.56 7.99933 -275.455
37700000 254.242 2887.23 590.74 5822.42 -57.0298 -244.559
37800000 290.215 2810.69 732.632 5713.84 -37.6535 -78.2295
37900000 289.24 2837.44 624.797 5633.63 12.8802 -276.335
38000000 241.958 2788.86 689.997 5633.92 72.4548 -163.692
38100000 218.679 2924.34 607.06 5434.92 7.06053 -137.872
38200000 331.071 2729.49 586.407 5357.03 34.7064 -319.44
38300000 319.139 2716.55 708.732 5182.22 46.0611 -261.008
38400000 253.402 2802.2 566.338 4961.19 141.432 -124.727
38500000 234.841 2736.76 572.937 4810.1 14.3802 -289.444
38600000 367.352 2633.7 606.201 4518.16 20.1989 -249.925
38700000 237.945 2678.45 583.85 4264.11 -29.2355 -204.167
38800000 150.336 2775.06 540.679 3934.96 -135.117 -216.204
38900000 234.942 2599.53 447.528 3738.2 -17.0867 -181.608
39000000 220.617 2665.24 556.688 3438.35 46.909 -239.185
39100000 422.946 2554.95 557.852 3091.39 -26.1603 -211.202
39200000 293.724 2607.97 526.452 2699.94 122.451 -130.296
39300000 225.279 2524.77 600.416 2283.44 -53.1307 -71.902
39400000 109.766 2704.61 570.532 1984.53 11.4928 -134.003
39500000 173.705 2717.91 528.331 1608.54 47.6597 -203.88
39600000 209.073 2646.16 588.235 1223.87 21.0745 -182.204
39700000 90.9859 2576.3 545.384 990.273 125.492 -151.833
39800000 256.1 2577.64 591.345 582.271 101.182 -81.6352
39900000 315.722 2509.15 585.51 156.634 31.4037 -157.671
40000000 167.037 2484.35 525.467 -120.032 -16.1342 -145.052
40100000 375.668 2442.33 507.614 -503.057 -29.4003 -133.058
40200000 176.33 2470.39 599.588 -954.682 -107.462 -274.696
40300000 464.873 2441.26 472.284 -1284.02 47.766 -177.705
40400000 269.932 2505.22 574.483 -1626.48 -25.9366 -263.46
40500000 446.568 2472.51 530.612 -2051.38 45.835 -280.88
40600000 474.375 2393.26 480.369 -2322.15 23.5754 -169.081
40700000 172.309 2479.84 645.206 -2712.91 63.5876 -190.682
40800000 323.424 2417.58 691.184 -3068.94 68.9195 -217.417
40900000 377.61 2407.02 468.897 -3514.16 76.5867 -176.096
41000000 361.108 2511.62 531.08 -3682.59 -25.8129 -237.342
41100000 256.91 2471.25 596.483 -4066.21 -4.40253 -112.387
41200000 246.561 2339.15 801.401 -4333.36 -3.44144 -277.395
41300000 377.683 2400.07 656.027 -4602.08 11.9222 -61.0946
41400000 266.543 2536.33 681.498 -4833.02 -10.9631 -293.737
41500000 373.706 2425.19 724.555 -5014.13 -5.9757 -148.168
41600000 404.424 2504.53 715.297 -5247.13 48.7225 -122.425
41700000 457.962 2440.42 742.063 -5473.85 -78.2754 -165.696
41800000 280.803 2459.85 686.523 -5609.71 -170.061 -164.481
41900000 305.819 2437.2 711.551 -5813.8 -96.6891 -149.134
42000000 390.597 2466.48 740.843 -5932.77 -102 -42.3588
42100000 462.647 2416.75 743.54 -5991.04 -119.66 -244.588
42200000 317.152 2533.28 683.158 -6133.73 -35.7289 -133.324
42300000 374.542 2569.1 700.479 -6222.02 -65.5756 -19.8255
42400000 332.945 2380.13 812.117 -6141.01 -76.8263 -101.558
42500000 427.516 2434.25 779.686 -6269.58 -104.648 -129.66
42600000 289.846 2449.05 848.969 -6227.51 -121.497 -194.21
42700000 354.266 2413.06 780.769 -6095.23 -47.4434 -118.603
42800000 262.655 2556.92 730.286 -6061.49 -42.7233 -82.9585
42900000 475.381 2503.1 606.714 -6044.7 -69.2852 -184.199
43000000 390.66 2436.33 705.15 -5860.53 -28.4907 -101.238
43100000 394.954 2554.27 642.808 -5807.5 -27.1322 -127.691
43200000 187.267 2517.3 718.006 -5587.16 -52.1752 -39.1259
43300000 359.944 2447.66 686.443 -5378.75 -38.5572 -106.351
43400000 374.111 2524.42 656.63 -5340.55 -122.224 -214.629
43500000 292.79 2447.66 718.277 -5032.84 -9.45634 -188.25
43600000 369.376 2487.07 699.595 -4801.29 -56.8259 -189.338
43700000 317.016 2447 623.258 -4486.3 93.0074 -249.196
43800000 409.655 2471.01 640.578 -4265.83 -2.67916 -129.209
43900000 291.319 2384.6 673.09 -3954.72 -9.83852 -145.943
44000000 349.48 2386.92 579.26 -3772.3 -38.4547 -179.7
44100000 329.761 2478.04 582.501 -3357.49 18.5746 -89.4408
44200000 282.576 2438.84 580.219 -3028.22 2.91787 -246.326
44300000 320.717 2333.92 601.223 -2772.43 104.046 -191.443
44400000 398.844 2406.64 609.926 -2336.77 85.7259 -149.867
44500000 306.453 2477.52 613.141 -2039.73 3.07067 -206.454
44600000 351.658 2485.74 432.718 -1615.76 60.7598 -239.65
44700000 395.825 2520.37 456.001 -1280.44 40.8229 -247.839
44800000 187.122 2673.58 556.239 -1073.78 -121.744 -118.893
44900000 133.714 2572.25 598.223 -494.271 -51.3337 -210.395
45000000 133.773 2579.71 663.407 -115.055 20.4069 -145.039
45100000 290.526 2527.57 495.29 279.711 -56.9263 -299.609
45200000 310.13 2520.84 529.65 670.827 -20.1691 -316.134
45300000 405.848 2482.68 586.94 986.24 39.2843 -369.622
45400000 348.297 2497.39 579.088 1403.44 -70.7928 -259.882
45500000 227.334 2642.11 532.162 1775.54 -119.042 -315.565
45600000 276.58 2596.37 568.01 2180.19 -83.5695 -251.079
45700000 359.883 2587.77 500.384 2535.22 42.602 -303.486
45800000 237.504 2619.85 623.497 2884.36 28.6827 -328.181
45900000 358.123 2679.65 502.411 3078.93 -63.0174 -310.353
46000000 309.39 2647.73 525.03 3511.1 128.376 -306.157
46100000 388.654 2668.17 564.423 3778.41 29.6358 -343.182
46200000 416.783 2684.53 552.536 4056.4 55.1759 -295.392
46300000 290.043 2774.39 624.116 4285.13 -9.38741 -357.128
46400000 360.758 2663.52 570.37 4576.12 -112.184 -280.726
46500000 302.37 2781.32 586.872 4666.1 -170.525 -214.98
46600000 419.365 2677.79 571.478 5070.04 -69.9163 -323.302
46700000 440.194 2672.33 636.801 5196.04 1.76509 -354.396
46800000 135.502 2862.24 573.712 5432.82 -4.0692 -332.083
46900000 322.076 2713.74 616.095 5498.1 -37.551 -372.94
47000000 343.396 2822.49 527.071 5632.47 71.9355 -312.217
47100000 230.743 2917.16 677.041 5711.01 48.1612 -261.947
47200000 128.513 2911.9 675.632 5861.89 -12.5999 -208.326
47300000 229.06 2859.75 615.222 5788.87 -6.00609 -344.475
47400000 476.711 2706.16 611.735 5906.12 33.27 -269.28
47500000 295.139 2807.37 568.692 5971.88 92.6795 -431.558
47600000 213.907 2698.88 678.094 5992.42 -32.3185 -332.763
47700000 403.189 2684.22 502.375 5884.13 108.988 -316.472
47800000 382.383 2747.9 564.304 5816.53 83.1159 -426.631
47900000 436.3 2682.8 581.51 5812.82 -81.5879 -360.654
48000000 406.761 2622.48 683.055 5585.51 -3.48009 -298.62
48100000 277.387 2838.29 680.704 5546.96 -19.5182 -259.952
48200000 242.899 2727.43 567.083 5418.14 -10.2123 -393.994
48300000 347.725 2832.51 567.492 5132.75 -58.5777 -375.451
48400000 384.129 2702.28 556.168 4974.3 35.9252 -339.618
48500000 319.202 2834.14 407.811 4837.43 108.648 -413.637
48600000 184.227 2677.26 624.51 4545.82 -22.3581 -362.933
48700000 395.464 2638.23 511.637 4230.75 120.615 -200.682
48800000 336.922 2641.83 671.192 4053.51 -35.1846 -361.621
48900000 233.155 2634.09 686.636 3763.94 -15.0115 -147.176
49000000 313.753 2604.31 645.785 3493.83 37.6851 -244.774
49100000 329.894 2648.38 530.858 3113.72 -42.3268 -306.259
49200000 357.208 2587.44 486.024 2775.06 -2.55382 -194.714
49300000 465.611 2570.72 489.629 2455.35 94.6561 -310.478
49400000 315.473 2589.48 638.955 2128.52 -27.0376 -283.235
49500000 223.669 2663.2 633.17 1740.32 33.3211 -229.612
49600000 321.558 2550.58 563.033 1430.7 67.2269 -310.439
49700000 234.046 2589.25 545.641 1109.14 128.829 -305.966
49800000 257.557 2491.45 551.14 735.507 3.22785 -276.122
49900000 284.927 2615.85 540.361 355.335 -23.9342 -263.643
50000000 340.033 2455.72 575.33 -40.6734 13.847 -259.957
