# Time-averaged data for fix ps1
# TimeStep c_thermo_press[1] c_thermo_press[2] c_thermo_press[3] c_thermo_press[4] c_thermo_press[5] c_thermo_press[6]
0 0.966075 0.990444 0.919834 -0.0225973 -0.00492184 -0.00286214
1000000 0.991321 0.971473 0.966734 -0.0205022 0.00847377 -0.019563
2000000 0.985726 0.985772 0.961842 -0.0407346 -0.00727857 0.0069732
3000000 1.03108 0.997863 0.954927 -0.0637588 0.00330732 0.0232587
4000000 1.02852 0.958324 0.954252 -0.0948524 0.00669872 0.000312979
5000000 1.025 1.01328 0.949076 -0.0759871 -0.00999637 -0.0161027
6000000 1.04896 0.967103 0.978674 -0.097071 -0.0121211 0.0341072
7000000 1.02204 0.986777 0.967754 -0.142094 -0.0196019 0.0402395
8000000 1.0198 1.00547 0.979146 -0.121544 -0.0236268 0.03251
9000000 1.01146 0.995637 0.968979 -0.153369 -0.00128955 0.0106725
10000000 1.00934 1.05833 0.969663 -0.164238 -0.0344383 -0.00443031
11000000 1.02387 1.01958 0.952298 -0.196656 -0.00628375 -0.00759482
12000000 1.01534 1.03465 0.962934 -0.199466 -0.0161012 0.00716071
13000000 1.03632 1.01152 0.931514 -0.216256 0.00092388 -0.0190582
14000000 1.03496 0.989924 0.963183 -0.22133 -0.00616293 0.0223948
15000000 0.996074 1.0373 0.965916 -0.235548 -0.00755618 -0.00912423
16000000 1.05152 1.04874 0.989823 -0.229683 -0.00550127 -0.00657156
17000000 1.02848 1.01929 0.959393 -0.240429 0.0149018 -0.00259015
18000000 1.08649 1.01019 0.97757 -0.263146 0.0109477 -0.0133932
19000000 1.041 1.00125 0.977519 -0.245239 -0.0335417 -0.0104169
20000000 1.00407 1.03448 0.966958 -0.251534 -0.00398237 0.00185156
21000000 1.05241 0.979709 0.96873 -0.252195 -0.00863373 0.00619406
22000000 0.977113 0.996313 0.946098 -0.274762 0.0330884 0.0122713
23000000 1.02131 1.01072 0.954741 -0.265749 0.0193494 -0.01097
24000000 1.00372 0.976107 1.00476 -0.294531 -0.0200865 0.0296854
25000000 1.03453 0.996281 1.0146 -0.306267 -0.00440278 -0.00534773
26000000 1.06786 1.02228 0.955695 -0.264118 -0.00529668 0.00956571
27000000 1.0203 1.00014 0.986326 -0.272648 -0.00554009 0.0308959
28000000 1.00941 1.0236 1.00612 -0.271005 -0.00333963 0.010795
29000000 1.03087 1.00999 0.936061 -0.283276 0.0155061 -0.00815195
30000000 1.03417 1.04212 0.97704 -0.256379 0.0042682 0.0149507
31000000 1.02892 0.99576 0.98807 -0.252684 -0.0161355 0.00350635
32000000 0.965858 1.00686 0.942404 -0.244133 0.0119706 -0.0133459
33000000 1.02982 0.997046 0.963419 -0.23501 -0.00877212 -0.00361966
34000000 1.02747 1.04597 0.967064 -0.222536 0.0117324 0.00414362
35000000 1.01328 1.01549 0.948346 -0.267885 -0.018122 -0.00315451
36000000 0.967759 1.01452 0.973663 -0.207644 -0.0206274 -0.0227406
37000000 1.02714 0.979156 0.946076 -0.179405 0.00329428 0.00756
38000000 1.03543 1.01224 0.932698 -0.17549 -0.0196895 -0.0115439
39000000 1.03028 1.02048 0.97245 -0.153123 -0.0205093 0.00998095
40000000 1.00069 1.00354 0.963513 -0.127256 -0.0139756 0.000832792
41000000 1.0423 0.969125 0.983387 -0.15556 0.00767415 -0.0123911
42000000 1.01559 0.966607 0.966931 -0.139203 0.0150139 -0.00640027
43000000 1.03384 0.952595 0.940284 -0.11016 -0.0335385 -0.0199098
44000000 1.01087 1.00936 0.946024 -0.0926236 -0.0132858 -0.0370709
45000000 1.05215 1.0013 0.967678 -0.079089 -0.0139907 -0.00690835
46000000 1.05257 0.981166 0.924989 -0.0534976 -0.00169142 -0.017556
47000000 0.99104 1.0108 0.983912 -0.0252883 0.00329378 0.00239256
48000000 1.00523 1.00765 0.956035 -0.0383796 -0.016503 -0.00705737
49000000 0.999095 1.01051 0.960663 -0.0138502 0.0108646 -0.00140379
50000000 1.03279 0.992251 0.963637 0.00420799 0.0205205 -0.00837824
51000000 0.996869 0.997685 0.973634 0.0244594 0.015952 0.0039404
52000000 1.0057 0.995474 0.95453 0.0509086 -0.00656155 -0.033363
53000000 0.978017 1.01944 0.954202 0.0800799 -0.0212228 -0.00432804
54000000 1.01687 1.02073 0.975231 0.099894 0.0150323 0.0134807
55000000 1.02411 0.985251 0.967647 0.105675 -0.0291415 0.00127134
56000000 0.994223 1.00215 1.01514 0.150568 0.0110531 0.0150425
57000000 1.01098 1.00115 0.998379 0.138091 -0.00400519 0.000296871
58000000 1.00341 1.00204 1.00663 0.143853 -0.0157142 -0.00375478
59000000 1.01315 1.01476 0.95693 0.16757 -0.00533348 0.0181808
60000000 1.01265 1.03371 0.976777 0.174488 0.0132171 0.00305568
61000000 1.02452 1.02021 0.967118 0.210902 -0.00337457 -0.0128494
62000000 0.996125 1.04551 0.973234 0.210113 -0.039381 -0.0111019
63000000 1.04416 0.985754 0.942165 0.229428 -0.000346795 0.0257657
64000000 0.983484 1.05804 0.935646 0.237941 0.00799365 -0.00605342
65000000 1.03174 1.01034 0.956576 0.242173 -0.000846028 0.00482655
66000000 1.0082 1.02852 0.983964 0.24626 -0.01821 -0.0144081
67000000 0.997278 1.01988 0.951489 0.240258 -0.0024237 0.0185551
68000000 0.99301 1.03866 0.958918 0.280156 0.0159971 0.0111169
69000000 1.01857 1.04491 0.997849 0.280621 -0.00274447 -0.0209886
70000000 1.00135 1.03709 0.965524 0.283498 0.000940421 -0.026896
71000000 1.0092 1.03076 0.995173 0.321608 0.00474571 0.00954735
72000000 1.00415 1.0591 0.981902 0.327257 0.0161511 -0.0226831
73000000 1.04135 1.01667 0.976627 0.298972 0.00511606 0.00363511
74000000 0.966013 1.0243 0.961902 0.290645 -0.0165065 0.000818944
75000000 1.01084 1.01631 0.956172 0.275469 -0.00347983 0.0206984
76000000 1.04971 1.0049 0.954609 0.323547 0.00581882 0.0237219
77000000 1.01772 1.02496 0.940228 0.29684 0.0161714 0.0240274
78000000 1.00707 1.04997 0.967992 0.307612 0.00780127 -0.0256115
79000000 0.987412 1.04642 0.95751 0.271981 -0.00580965 0.0280125
80000000 1.04097 1.02934 0.961343 0.297293 -0.00459487 0.0143697
81000000 1.04244 1.02773 0.945124 0.304316 -0.0100155 0.0245093
82000000 1.03565 1.02799 0.967397 0.245292 -0.0140666 -0.016
83000000 1.02256 1.06358 0.929831 0.270437 -0.00376816 0.0234916
84000000 1.03076 0.995034 0.928399 0.269971 -0.0173677 0.0290751
85000000 0.973684 1.01642 0.947738 0.283854 -0.0183176 0.0151178
86000000 0.991945 0.994891 0.957245 0.219343 -0.00501983 0.00495982
87000000 0.99507 0.964638 1.01223 0.212044 0.00407695 0.00254168
88000000 0.990597 0.99535 0.976335 0.209128 0.00458037 0.0114178
89000000 1.01569 1.02133 0.950839 0.174278 0.0297861 -0.0166348
90000000 1.01811 0.997686 0.987112 0.178273 -0.00731334 0.0221133
91000000 1.03958 1.00222 0.974941 0.152367 0.000775054 -0.00657937
92000000 1.03463 1.01338 0.949205 0.115015 -0.00086619 0.0286396
93000000 1.0031 1.03615 0.939167 0.137391 0.0211352 0.00767489
94000000 0.996002 1.02373 0.97515 0.121063 0.0217666 0.0214109
95000000 0.998665 0.991528 0.959232 0.0759106 -0.00627226 0.0160021
96000000 1.04236 1.01263 0.937735 0.0793763 0.00576626 -0.0138678
97000000 1.01893 1.03621 0.981516 0.0370641 -0.000623019 -0.0178363
98000000 0.991241 0.964316 0.978615 0.0235602 0.00716632 0.0392502
99000000 1.02266 1.00543 0.939037 -0.00431277 0.0147596 0.0196091
100000000 1.02025 0.992151 0.927949 -0.00573513 0.0187187 0.0080922
101000000 0.992737 1.01171 0.944074 -0.00286496 0.0176641 0.016622
102000000 0.994134 0.982107 0.975165 -0.068133 0.0134264 -0.00731699
103000000 1.03513 1.00143 0.950283 -0.0759508 0.0237038 0.0156887
104000000 0.987443 1.00872 0.943122 -0.0877413 0.0314235 -0.00106399
105000000 1.00045 1.00443 0.915873 -0.0959054 0.0157089 0.0277458
106000000 1.0151 0.99275 0.969185 -0.0778067 -0.00802858 0.0226569
107000000 0.987173 1.0259 1.00624 -0.143577 0.013665 -0.00776906
108000000 1.01731 1.01002 0.94243 -0.152577 -0.00417379 -0.00550431
109000000 1.00277 0.982858 0.952684 -0.145614 -0.000662134 0.0196594
110000000 1.016 1.01591 0.927742 -0.188989 -0.0155831 0.0059572
111000000 1.01334 0.980555 0.941344 -0.189861 -0.0028624 0.0118459
112000000 1.02428 1.00229 0.95884 -0.19812 0.0216967 0.00483141
113000000 1.01398 0.97458 0.96128 -0.202777 -0.00798242 0.00661459
114000000 0.998779 1.01401 0.962087 -0.245453 -0.00814145 0.0353348
115000000 1.00284 1.00656 0.952401 -0.243264 -0.00590642 0.017087
116000000 0.986893 1.01536 0.990969 -0.237953 0.0131562 0.00827888
117000000 0.992922 0.999299 0.965191 -0.240149 0.0138853 0.00745158
118000000 1.01726 1.00271 0.958668 -0.283956 0.0478543 0.000249187
119000000 0.989747 1.0343 0.977826 -0.273236 -0.00732311 -0.0145366
120000000 1.01282 1.03824 0.978805 -0.299246 -0.0122235 0.0229906
121000000 1.00443 1.03491 0.988874 -0.292584 0.0104868 0.00962307
122000000 1.00539 1.05426 0.957567 -0.276686 -0.00124587 -0.00576318
123000000 1.01907 1.01732 0.95596 -0.278468 -0.0110689 -0.0227132
124000000 1.0083 1.01893 0.92993 -0.307235 0.0146845 0.00135004
125000000 0.987642 1.03761 0.932749 -0.297096 -0.00694776 0.00834013
126000000 0.999277 1.02895 0.964696 -0.310491 0.00923246 -0.0151177
127000000 0.989742 1.01173 0.987798 -0.297686 0.00969968 -0.0057215
128000000 0.984858 1.00295 0.939422 -0.289373 0.00487938 0.0270732
129000000 0.974949 1.02191 0.976213 -0.264835 -0.0125933 -0.00364065
130000000 1.00276 1.05418 0.976076 -0.306384 -0.00276973 0.0205736
131000000 0.981365 1.01375 0.976897 -0.264158 -0.00219177 -0.000682619
132000000 0.993906 0.991428 0.992201 -0.264009 -0.000614816 0.0380757
133000000 0.975112 1.04246 0.967432 -0.265809 0.00169624 0.00267895
134000000 0.995691 1.01662 0.983489 -0.24801 -0.000531223 0.00232866
135000000 1.01493 1.00896 0.991496 -0.232502 0.0050879 0.00251515
136000000 1.02848 1.00252 0.945528 -0.216251 0.0160997 -0.00852056
137000000 0.997873 1.00641 0.98753 -0.220336 -0.0170233 0.0152527
138000000 0.985535 0.981716 0.959731 -0.207536 0.0094968 0.025653
139000000 0.991077 1.01641 0.981629 -0.180596 0.00499442 0.0137606
140000000 0.985735 1.02698 0.966219 -0.147922 -0.00575205 0.0202096
141000000 0.993237 1.01826 0.960266 -0.143839 -0.000377261 0.00946292
142000000 1.00023 0.975128 0.933807 -0.140361 0.0103653 0.0419952
143000000 1.01299 1.00156 1.00434 -0.124918 -0.000884139 -0.0132848
144000000 0.986406 1.0175 0.966346 -0.103277 -0.000476084 0.00283538
145000000 0.985926 1.01615 0.981377 -0.0750676 0.0169112 -0.00271124
146000000 1.00389 0.976513 0.953664 -0.0687924 0.0101427 0.00500736
147000000 1.02136 0.992768 0.97105 -0.0382446 0.00441417 0.019116
148000000 1.03157 0.969061 0.943811 -0.0257476 0.00358448 0.00938298
149000000 1.04118 0.978778 0.939805 -0.0331378 -0.0108378 0.012503
150000000 1.02965 1.00625 0.941559 0.0111766 0.0157929 -0.0184156
151000000 1.00302 0.961819 0.922631 0.0164516 -0.0078122 -0.00399095
152000000 0.96523 1.00086 0.975036 0.0157135 0.0213643 -0.0253512
153000000 0.974142 0.981305 0.956819 0.0650779 0.0110696 0.0141864
154000000 1.01401 0.997993 0.926039 0.0663484 0.00648695 -0.00854184
155000000 0.995492 1.00861 0.94049 0.0792758 0.0080701 -0.0100823
156000000 0.989524 1.03654 0.938809 0.130077 -0.0272989 0.00362604
157000000 1.03982 0.975904 0.914512 0.127936 -0.0262079 0.0196199
158000000 0.973521 1.01943 0.951071 0.171397 0.00540188 -0.00575775
159000000 0.994444 1.00966 0.973904 0.159023 0.00600419 -0.0152727
160000000 1.00448 1.02873 0.939178 0.192954 -0.00222489 -0.0229417
161000000 0.992908 0.989768 1.00298 0.186139 -0.00184439 0.0351028
162000000 1.01467 1.01663 0.953935 0.171238 0.0219441 -0.0284598
163000000 1.02431 1.00522 0.943008 0.206136 0.0230824 0.0197801
164000000 1.00596 1.01802 0.948879 0.233236 -0.0168806 -0.0163193
165000000 1.01848 1.01634 0.97481 0.261727 0.0276292 -0.0309175
166000000 0.992111 1.00929 0.951234 0.253965 -0.0132358 0.0161157
167000000 0.98277 0.996021 0.937469 0.249335 0.00924997 -0.012029
168000000 1.00021 0.996208 0.919241 0.265887 0.0142907 0.0220905
169000000 1.00244 1.00937 0.98163 0.253923 0.00306393 -0.00535865
170000000 0.991532 0.9951 0.954471 0.256329 0.0289052 0.00635255
171000000 0.980836 1.01783 0.967286 0.270571 -0.0183697 -0.0131071
172000000 1.00397 1.02592 0.941657 0.29043 0.0300294 0.0139379
173000000 1.00011 1.06586 0.964658 0.301684 0.0221187 0.00393088
174000000 1.00824 1.03789 0.968938 0.296765 -0.0150899 -0.00671419
175000000 1.02195 1.00043 0.959998 0.274769 0.014527 0.0120519
176000000 1.00431 1.00477 0.953588 0.28693 0.0236822 0.0164193
177000000 1.029 1.00014 0.965482 0.282778 -0.0190711 0.00596748
178000000 1.04233 0.986549 0.986342 0.274662 -0.00130587 0.00163776
179000000 0.987507 1.04081 0.936128 0.289917 -0.0174897 0.0140239
180000000 1.02578 0.98776 0.910652 0.262107 0.0125762 0.014745
181000000 0.982353 1.02381 0.976004 0.288084 -0.00414942 -0.00861066
182000000 1.0229 1.06668 0.958532 0.235323 -0.00487291 -0.0322755
183000000 0.967059 1.02059 0.944151 0.257002 -0.0204314 0.00629939
184000000 0.973739 1.00903 0.961326 0.241813 0.0225162 0.0300719
185000000 1.00759 1.059 0.95288 0.242365 0.000668293 0.0112564
186000000 1.00523 1.02197 0.96333 0.231702 -0.0160079 0.0184453
187000000 1.00577 0.997054 0.942589 0.22868 -0.0322552 -0.00376043
188000000 1.02447 1.0096 0.949389 0.212376 0.0234051 -0.0251159
189000000 1.01133 1.03223 0.972176 0.197032 0.0103178 -0.00537504
190000000 0.983402 1.01811 0.943681 0.174773 -0.0121855 0.00521822
191000000 1.00464 0.997815 0.965017 0.144382 0.00406258 0.0247369
192000000 0.995243 0.979413 0.936376 0.130922 -0.0151639 0.000993508
193000000 1.02094 1.00066 0.898432 0.128696 -0.014718 -0.0190595
194000000 0.999 0.99889 0.929294 0.0681011 0.0308755 0.000314615
195000000 1.01231 0.991554 0.940926 0.0880473 0.0216305 0.0195782
196000000 0.981234 1.00359 0.957625 0.0424553 0.000102707 -0.00667645
197000000 1.01744 1.01036 0.981648 0.0330926 0.00203239 0.000625715
198000000 0.976503 1.00335 0.91587 0.038553 0.00772616 0.0249835
199000000 1.03492 0.999949 0.922232 0.0115669 0.0356559 0.0222004
200000000 0.968114 1.02591 0.919214 0.0211243 0.00981956 0.0165842
201000000 0.98011 0.977556 0.934258 -0.0116336 0.0258797 0.00967819
202000000 1.00729 1.00295 0.945822 -0.045935 0.0270712 0.0186108
203000000 1.01303 1.01868 0.95071 -0.0646434 -0.00298003 0.0174944
204000000 0.982127 1.05966 0.970066 -0.0790376 -0.00120405 0.00644886
205000000 0.999327 0.991636 0.932688 -0.113871 -0.0029471 -0.00406766
206000000 0.980041 0.972914 0.97724 -0.099746 -0.0287135 0.0103348
207000000 0.992431 0.984115 0.917228 -0.142449 0.0114895 -0.00819505
208000000 0.991951 1.00057 0.953234 -0.135603 0.0022032 -0.0283701
209000000 0.99892 1.01712 0.973588 -0.178072 -0.00423891 0.0297293
210000000 0.998751 0.96037 0.947564 -0.147348 -0.00685895 0.0118793
211000000 0.995291 1.01294 0.967037 -0.183273 -0.0163285 0.024179
212000000 1.04129 0.980939 0.931121 -0.197085 0.0159536 0.0167467
213000000 1.01461 1.00119 0.968763 -0.205129 0.0249868 -0.00164054
214000000 1.03319 1.07039 0.980941 -0.221372 -0.00424459 0.00209194
215000000 0.997512 1.0589 0.97574 -0.251041 0.024247 0.0377479
216000000 0.978592 0.988398 0.985592 -0.225995 0.0104383 0.0293621
217000000 1.07172 0.992808 0.975987 -0.248112 0.00105087 -0.0248594
218000000 0.998373 1.02423 0.95319 -0.24227 0.00940467 0.0231829
219000000 1.0063 0.997032 0.965697 -0.279189 -0.0120691 0.00992488
220000000 0.9975 1.00341 0.959255 -0.268114 0.00116408 0.0126682
221000000 0.978601 1.00655 0.962368 -0.282158 -0.00409173 0.00589915
222000000 1.00779 1.03753 0.957608 -0.287017 -0.00298895 0.0115981
223000000 0.984996 0.972493 0.932385 -0.274063 0.00502844 0.000538199
224000000 1.02005 1.03617 0.937264 -0.310997 0.0266185 0.0373197
225000000 0.984822 1.05767 0.934799 -0.285541 0.0270856 -0.0116204
226000000 1.00078 1.04391 0.950242 -0.303829 -0.0140532 -0.0125404
227000000 0.995944 1.00654 0.953667 -0.262948 -0.021044 -0.0111865
228000000 1.03117 1.01135 0.955587 -0.280551 0.00840016 -0.0144053
229000000 1.02016 1.02594 0.947229 -0.297518 -0.00579825 0.00296029
230000000 1.01546 0.991671 0.95455 -0.263078 -0.00375746 -0.00661758
231000000 0.984371 1.05052 0.995233 -0.265907 -0.00352894 0.033811
232000000 0.985573 1.01878 0.958936 -0.238248 0.0104856 0.0331146
233000000 0.953775 1.00881 0.956578 -0.270239 0.0238305 0.0278449
234000000 1.01887 1.02062 0.974902 -0.238556 -0.0113577 -0.00779195
235000000 0.983231 1.02558 0.940041 -0.210457 0.0215517 -0.0202763
236000000 0.993861 0.988889 0.975826 -0.252795 0.0081013 -0.0197273
237000000 1.01431 1.03861 0.936884 -0.202443 0.028603 -0.00575029
238000000 0.977308 0.983009 0.964631 -0.216974 0.026628 -0.000587779
239000000 1.01246 1.00889 0.962384 -0.205795 0.00437055 0.0157563
240000000 0.997839 0.979683 0.946172 -0.179051 0.0217295 0.00819707
241000000 0.976104 0.961656 0.962201 -0.148948 0.020689 -0.0048267
242000000 0.976369 0.95163 0.958947 -0.153085 -0.0281599 0.00145814
243000000 0.979317 1.00545 0.935999 -0.101755 -0.00359783 -0.0216616
244000000 1.03338 0.982763 0.935181 -0.100955 -0.0049977 0.015404
245000000 0.991158 0.989246 0.960128 -0.0669821 0.00606801 0.0134832
246000000 1.00303 0.979638 0.901405 -0.0589788 -0.0160675 -0.00779963
247000000 1.02736 1.03625 0.94797 -0.0560741 -0.00502443 0.0111757
248000000 0.968096 0.974303 0.960456 -0.0308216 -0.0244123 0.012602
249000000 0.981934 0.966555 1.00253 6.65645e-06 0.0148612 0.00817853
250000000 0.993768 0.970771 0.927859 -0.00916559 -0.00699614 -0.0205676
251000000 0.958842 0.974987 0.97302 0.0238442 0.012882 0.0050988
252000000 1.00759 1.03788 0.909582 0.048545 -0.0147161 0.0231225
253000000 0.995959 0.991898 0.935359 0.0672034 -0.00210819 0.0103783
254000000 0.978337 0.986684 0.981634 0.0928302 -0.0158738 0.0187981
255000000 1.01341 1.00407 0.968614 0.095737 -0.0250274 -0.0161157
256000000 0.991787 1.01849 0.94882 0.125088 0.0133652 0.0136737
257000000 0.979989 0.996499 0.944697 0.126489 -0.0101598 0.0128839
258000000 0.993111 0.97458 0.930037 0.133861 -0.0048108 0.0129199
259000000 1.01139 1.00461 0.958457 0.158917 -0.00510393 -0.0130946
260000000 0.969342 1.04217 0.93633 0.206556 -0.00772947 0.0291273
261000000 0.993759 1.0176 0.923649 0.189367 0.000171048 -0.00609677
262000000 0.97997 0.990195 0.937924 0.204427 0.00501959 0.0107455
263000000 0.998586 1.02552 0.924061 0.222668 0.00520327 0.0141599
264000000 0.961109 0.990135 0.923294 0.242748 -0.0251376 0.0219968
265000000 0.994789 0.968697 0.952309 0.261873 0.00656926 0.00510904
266000000 0.996465 1.00042 0.984726 0.247024 -0.00799525 0.0108378
267000000 1.03626 0.99012 0.914021 0.256023 0.00954981 -0.00245924
268000000 1.03065 1.00456 0.950356 0.281448 0.0151544 -0.0289003
269000000 1.00567 1.0337 0.945859 0.299329 -0.0125601 -0.00919683
270000000 0.987581 1.01865 0.964479 0.30178 -0.0126421 0.0108069
271000000 0.98845 0.986276 0.96058 0.30035 0.023412 0.0105847
272000000 1.00288 1.0184 0.940092 0.292312 -0.00705993 0.0265353
273000000 0.98332 1.04228 0.958948 0.277804 -0.000123935 0.00595334
274000000 0.994089 1.00633 0.964035 0.26566 -0.0144784 0.017275
275000000 0.975452 1.02258 1.00521 0.313208 -0.0141178 0.00495997
276000000 0.998579 1.02558 0.938044 0.271077 0.00419274 0.0280251
277000000 1.02977 1.00407 0.969744 0.278185 0.0126177 -0.0214303
278000000 1.06152 0.997546 0.958246 0.297306 -0.00379432 0.00835368
279000000 0.988145 1.01173 0.951691 0.273638 -0.0202402 0.0215981
280000000 1.0247 1.00246 0.946094 0.286079 -0.0114505 0.00433939
281000000 1.00047 1.01028 0.949518 0.266796 -0.0116317 -0.0139418
282000000 1.03395 0.992473 0.969393 0.240828 -0.0122479 0.0303342
283000000 1.02173 0.999168 0.955528 0.235822 0.00281258 0.02449
284000000 1.06221 1.00713 0.935896 0.259153 -0.00646654 -0.00419555
285000000 1.00487 1.0012 0.971605 0.248144 -0.00747799 0.0177327
286000000 1.02955 0.964194 0.980708 0.216036 0.00628839 0.0252435
287000000 0.977541 1.01954 0.935532 0.189173 0.0234543 -0.00262267
288000000 0.977459 1.04092 0.98564 0.174501 -0.0100041 -0.0028265
289000000 1.00521 1.01714 0.954399 0.195989 -0.00038655 0.0136412
290000000 1.00371 1.03117 0.955396 0.170227 0.00908158 -0.000177885
291000000 0.990857 0.989373 0.968125 0.163556 0.00523387 -0.00976033
292000000 0.986432 1.01166 0.978026 0.146394 0.0177161 -0.0262115
293000000 1.01315 1.04602 0.940541 0.11925 0.00986401 0.0038889
294000000 0.976352 0.985174 0.975917 0.0987348 0.00978381 0.0212443
295000000 0.992409 0.970882 0.960115 0.0880418 -0.00362751 0.0212861
296000000 0.961836 1.00525 0.944625 0.0629435 -0.0227791 0.0207673
297000000 0.983472 1.00694 0.936436 0.0739251 0.00140262 -0.0204535
298000000 1.00002 1.00581 0.985264 0.0283495 0.012258 -0.00103832
299000000 0.994541 0.976827 0.950809 0.0156721 0.0133751 0.00397499
300000000 0.974305 0.956471 0.933491 -0.0278778 -0.0017853 0.01069
301000000 0.979232 0.994962 0.938196 -0.0356474 -0.019124 0.0101822
302000000 0.998657 1.03801 0.944631 -0.0387037 -0.0128778 0.00787785
303000000 0.972822 0.990381 0.945691 -0.0342823 -0.000852398 0.0286048
304000000 0.983897 0.959585 0.983521 -0.0471296 -0.0257862 0.00822126
305000000 0.968239 0.992507 0.935957 -0.0827362 -0.0204133 0.0130566
306000000 1.00723 1.02546 0.943192 -0.116231 -0.00814851 0.0163809
307000000 1.00307 0.972947 0.944872 -0.136407 0.00106679 0.0230001
308000000 1.01089 0.99511 0.95971 -0.151734 -0.0114034 -0.00119232
309000000 0.999655 1.01754 0.963025 -0.176767 0.0128356 0.0113737
310000000 1.01278 0.978105 0.956781 -0.178929 -0.0054172 0.0104199
311000000 1.00606 1.01273 0.981238 -0.174153 -0.0173152 0.027972
312000000 1.03592 0.962737 0.955756 -0.217231 -0.00286833 0.0204675
313000000 0.990154 0.990127 0.94566 -0.217589 -0.00295763 0.0173316
314000000 0.997574 1.01487 0.944084 -0.221544 0.0128129 0.0458196
315000000 0.996293 0.994938 0.978198 -0.236432 0.0254069 0.00785481
316000000 1.01239 0.985056 0.933252 -0.247233 0.0184253 0.00692509
317000000 0.970542 0.984039 0.92835 -0.263428 0.020737 0.00835692
318000000 0.988718 1.02187 0.993633 -0.289613 -0.0230785 -0.00976771
319000000 1.02763 1.002 0.979632 -0.267331 -0.00850982 0.00823121
320000000 1.04514 1.01527 0.925723 -0.274033 0.00413348 0.00939166
321000000 1.00331 1.0133 0.964531 -0.262494 0.0100748 0.0182138
322000000 1.03442 0.995533 0.945631 -0.2748 0.0026164 -0.00953198
323000000 1.02613 1.00518 0.98901 -0.303746 0.0313612 -0.0266721
324000000 0.968013 1.00692 0.948655 -0.297462 0.0259421 0.0115321
325000000 0.99634 0.994385 0.935262 -0.300755 -0.00432508 -0.00952
326000000 1.00011 1.00832 0.987555 -0.307494 -0.0101302 -0.00697889
327000000 1.0008 1.04556 0.971462 -0.274764 -0.00315775 0.033079
328000000 1.02264 0.977974 0.953328 -0.276897 -0.00541756 0.0261019
329000000 0.986226 1.01444 0.94453 -0.280213 0.0164923 0.0145035
330000000 1.0128 1.01818 0.94307 -0.264991 0.0258159 -0.0125885
331000000 0.994936 1.03567 0.978725 -0.268963 5.16037e-05 -0.000835485
332000000 0.997784 1.02709 0.948431 -0.272964 -0.00320155 0.00266651
333000000 0.993101 1.01555 0.974163 -0.258482 -0.0184363 0.0083794
334000000 0.985962 0.9787 0.925419 -0.265564 -0.0176624 0.0119798
335000000 0.973856 0.988488 0.959214 -0.249207 -0.0215824 0.0190903
336000000 1.0053 0.994376 0.989465 -0.209064 -0.0187165 0.00799105
337000000 1.00391 0.969931 0.969451 -0.22244 0.0112785 0.0124249
338000000 0.974823 1.0092 0.975101 -0.20585 0.0172845 0.00375349
339000000 0.998098 0.953805 0.967626 -0.184388 0.00422216 0.0261931
340000000 0.974302 0.963902 0.967956 -0.158172 0.0283245 0.0189634
341000000 1.04396 0.997401 0.948783 -0.155591 -0.00566073 -0.0276905
342000000 0.989825 1.0064 0.963816 -0.143884 0.00430436 0.00244986
343000000 0.981506 0.980116 0.975536 -0.129221 -0.0111336 0.00768431
344000000 0.975385 1.00999 0.94379 -0.0956717 0.0194732 -0.013421
345000000 0.997553 1.01442 0.922321 -0.0847695 0.0161195 -0.00102855
346000000 0.963546 0.987055 0.94462 -0.0507911 0.00744658 0.0137758
347000000 0.977433 0.99015 0.919011 -0.0598994 -0.0220067 -0.00803108
348000000 0.97092 0.991251 0.961609 -0.0508727 0.00463482 0.00888063
349000000 0.973444 0.9924 0.943601 -0.011593 -0.0105032 0.00481372
350000000 1.00615 1.01505 0.973222 0.0108133 -0.0158793 -0.0223134
351000000 0.962343 0.964423 0.943582 0.0318277 0.00210603 0.0190706
352000000 0.996942 0.993239 0.964281 0.0624615 -0.00218994 0.0124334
353000000 0.960179 0.979806 0.936676 0.065918 0.0200859 0.019769
354000000 0.98933 0.956802 0.965357 0.0762102 0.00445536 0.000941744
355000000 1.00139 0.960171 0.943339 0.0732096 0.00327727 0.00487768
356000000 0.991461 0.990381 0.921631 0.148889 -0.0219369 -0.00742866
357000000 1.00805 0.997176 0.918677 0.115325 0.00186227 0.00926053
358000000 1.00645 0.991324 0.936969 0.146648 0.0165343 0.00868104
359000000 0.963608 1.01196 0.984893 0.164099 -0.0269688 -0.0100083
360000000 0.95396 1.00571 0.967717 0.180979 -0.005621 0.00834611
361000000 1.00571 0.983817 0.930826 0.208033 0.0245227 0.0437632
362000000 1.02333 0.989394 0.948088 0.214392 -0.00236868 0.00761921
363000000 0.996681 0.999472 0.943359 0.221241 -0.00826977 0.00709551
364000000 1.00551 0.986111 0.971437 0.2275 0.00409907 0.000484475
365000000 0.994349 1.03442 0.944525 0.230769 0.00762027 0.000319168
366000000 0.962204 0.988494 0.989176 0.285557 -0.0167136 -0.0130953
367000000 1.02021 1.00183 1.0033 0.260309 0.00451767 0.0182669
368000000 1.03153 1.00016 0.961959 0.247454 0.00296805 0.0174712
369000000 0.973128 1.00488 0.962373 0.300639 -0.00950728 0.00720511
370000000 1.02406 0.988587 0.975009 0.284717 -0.0327909 -0.00928612
371000000 1.01977 1.00532 0.967325 0.290171 0.00120177 -0.00308675
372000000 1.02528 1.03252 0.960111 0.302476 -0.0207319 0.0027342
373000000 1.00555 1.02805 0.96493 0.267104 -0.0116811 0.0202089
374000000 0.961774 1.01915 0.968408 0.281093 0.0208986 0.0102139
375000000 1.02923 1.01549 0.958007 0.292915 -0.00910658 0.00160084
376000000 1.01451 1.00884 0.950212 0.292107 0.0239441 0.022178
377000000 1.01195 1.01312 0.956092 0.317742 -0.0128968 -0.0113896
378000000 1.00974 0.989175 0.928637 0.292257 -0.0166466 -0.0191913
379000000 0.998635 1.04249 0.96199 0.302663 -0.00428358 0.00353449
380000000 0.990858 1.02925 0.932164 0.270318 -0.0145434 0.0138991
381000000 0.996135 0.981185 0.992444 0.278713 -0.0244074 0.0231698
382000000 1.03558 1.03125 0.946362 0.239646 -0.00366332 -0.00432059
383000000 0.991008 0.992857 0.950998 0.258769 0.00841395 -0.0130487
384000000 1.01301 1.01581 0.983916 0.239039 -0.0406046 0.00652849
385000000 1.01595 0.986816 0.967295 0.217463 0.0122736 0.0166541
386000000 0.998422 0.975512 0.976283 0.214946 -0.00605242 -0.00344535
387000000 1.01839 0.962486 0.957551 0.189293 -0.0255037 0.00483247
388000000 1.02535 0.989551 0.968736 0.217428 0.00214569 -0.0149129
389000000 0.99315 1.01482 0.982334 0.181135 0.00915329 0.0139715
390000000 1.00991 1.00189 0.949318 0.14346 -0.027533 0.0164093
391000000 0.991271 1.01883 0.958479 0.138436 -0.0164369 0.0090638
392000000 1.00011 0.989931 0.973008 0.153524 -0.0107788 -0.00204078
393000000 0.992959 1.00515 0.933943 0.106042 -0.00136505 0.00760174
394000000 0.980399 1.01718 0.982862 0.13197 -0.00299893 -0.0278407
395000000 1.01165 0.985604 0.945692 0.0960591 -0.0342058 0.00287518
396000000 1.02749 1.00144 0.977524 0.0787372 0.01334 -0.00877175
397000000 0.978903 0.955339 0.921766 0.0469884 -0.0243772 0.00927094
398000000 0.986556 0.976373 0.944679 0.0475637 -0.00365422 0.00331304
399000000 1.04035 1.00052 0.931324 0.0306033 0.00417703 0.000635334
400000000 0.985069 0.960948 0.965112 -0.0102432 -0.0252563 0.00931016
401000000 1.06109 0.986856 0.969053 -0.0460514 0.00218055 -0.0282696
402000000 0.982195 0.961644 0.941764 -0.0474647 -0.00963655 0.0151266
403000000 0.984583 0.967706 0.959277 -0.0615905 -0.0138276 0.00989593
404000000 1.02531 1.0092 0.973661 -0.0804104 -0.0386294 0.0168172
405000000 0.986663 0.965738 0.950477 -0.0779497 0.0140806 0.0298727
406000000 0.997689 1.00949 0.946247 -0.123122 -0.00998805 0.0186806
407000000 0.973034 1.00789 0.900405 -0.123769 0.00913337 0.0104191
408000000 1.02683 0.978306 0.95349 -0.180696 -0.0264104 0.0136274
409000000 0.993413 1.00712 0.996204 -0.185649 0.00727644 0.0156983
410000000 1.01083 0.993955 0.954253 -0.156554 -0.00100201 0.0255592
411000000 0.99197 1.0115 0.982754 -0.195718 -0.000457612 0.0174308
412000000 0.991766 1.01011 0.93248 -0.211578 -0.0242337 0.00974087
413000000 0.975557 0.986897 0.945444 -0.216589 -0.0222145 0.0109853
414000000 0.980328 0.987205 0.970749 -0.246174 -0.0149001 -0.00780418
415000000 1.02407 1.00315 0.965813 -0.240594 -0.00868531 0.0125713
416000000 1.0223 1.02999 0.942212 -0.254208 -0.0128441 0.0128368
417000000 0.987081 0.994616 0.982805 -0.260913 0.00662038 -0.0149801
418000000 1.02531 0.983649 0.976321 -0.286915 9.51994e-05 0.00335154
419000000 0.982848 1.00703 0.986674 -0.274207 -0.0317579 0.0095862
420000000 0.99468 1.01212 0.967097 -0.257331 -0.0158185 -0.0168284
421000000 1.01823 0.990885 0.958807 -0.278324 0.00578964 -0.00170324
422000000 1.01899 0.989618 0.978612 -0.287012 -0.00452797 0.0200445
423000000 1.00952 1.01899 0.957854 -0.295686 -0.00913769 -0.00742087
424000000 1.05319 0.986133 0.94977 -0.301124 -0.0405348 0.00016629
425000000 0.981841 1.0244 0.957187 -0.286473 -0.00935487 0.00436785
426000000 1.01351 1.01214 0.962662 -0.27351 -0.00409656 0.0278937
427000000 1.02355 1.00548 0.959637 -0.286892 -0.019527 -0.0152034
428000000 1.00386 1.01506 0.973532 -0.27968 0.0110007 0.0169599
429000000 0.99434 1.0165 0.988283 -0.293074 0.0225052 -0.00272615
430000000 1.01657 0.993425 0.947388 -0.24567 -0.0277899 0.0337402
431000000 1.001 0.992144 0.989302 -0.278716 -0.011507 -0.00236623
432000000 1.01766 1.03903 0.948858 -0.248066 0.0126444 0.0182869
433000000 1.02848 0.968761 0.996526 -0.232282 -0.0159827 0.00474513
434000000 0.981041 1.00887 0.916885 -0.260177 -0.00212086 0.0219128
435000000 0.999742 1.03091 0.98224 -0.22765 -0.0068685 0.00502317
436000000 0.981584 0.983243 0.994067 -0.222482 0.013599 0.0241469
437000000 1.00405 0.953219 0.954002 -0.206593 -0.00786657 -0.00821843
438000000 1.03031 1.01953 0.963214 -0.21136 -0.014564 0.0244178
439000000 1.00043 1.00109 0.938493 -0.185503 0.00638947 0.0175073
440000000 0.983522 0.998317 0.94073 -0.167846 -0.00417581 0.00615984
441000000 1.01676 0.990446 0.913632 -0.175443 -0.0200711 -0.010727
442000000 1.02753 1.01078 0.956524 -0.112148 -0.00256352 0.0280983
443000000 0.997613 1.01115 0.933888 -0.122215 -0.0434791 0.0228859
444000000 1.0057 0.975201 0.936092 -0.113241 -0.0326716 0.0584398
445000000 0.987067 0.982587 0.957674 -0.0803248 0.0127754 0.0218708
446000000 0.970493 0.991497 0.967486 -0.0591052 0.0152056 -0.0068374
447000000 1.01075 0.998885 0.977453 -0.0494865 -0.0390661 -0.00599023
448000000 0.960252 0.9868 0.9497 -0.0573616 -0.0331889 0.0280537
449000000 0.993799 0.995424 0.961602 -0.00277027 -0.00532062 -0.00831312
450000000 0.966509 0.958708 0.943268 -0.0164953 -0.0252783 0.0181727
451000000 0.966515 1.03941 0.951208 0.0338035 0.019495 0.0145227
452000000 0.994366 1.01293 0.957379 0.0803923 0.0101592 0.0356029
453000000 1.01421 0.997635 0.927814 0.0361017 -0.0197761 0.00589155
454000000 0.971946 1.02176 0.915919 0.0730158 -0.0161123 0.00295007
455000000 1.01712 0.986677 0.987062 0.0845962 0.000869552 0.00742019
456000000 0.980244 1.01491 0.951318 0.125354 -0.0199941 0.00512675
457000000 0.972545 1.00967 0.967952 0.130278 -0.015476 0.0257824
458000000 1.01558 0.991451 0.960238 0.137061 -0.00118101 0.00423559
459000000 0.969463 0.980295 0.946207 0.161803 -0.00501616 0.0295119
460000000 1.00933 0.990096 0.964311 0.183134 -0.0113567 0.0105582
461000000 1.01718 0.979098 0.961517 0.192523 -0.0195376 0.0183354
462000000 0.992007 0.984912 0.934793 0.200449 -0.0177869 0.03553
463000000 0.961588 1.0097 0.95413 0.2152 0.0045693 0.0116316
464000000 0.962818 1.01724 0.963114 0.243623 -0.0134382 0.0348721
465000000 0.956307 1.0087 0.95405 0.223188 0.000120958 0.0115452
466000000 0.964389 0.981594 0.990771 0.26821 -0.0226949 -0.00237532
467000000 0.966715 1.00084 0.970703 0.25448 -0.0185578 0.00405768
468000000 0.982653 0.976782 0.950245 0.269496 -0.00303472 -0.00261979
469000000 1.0042 1.02345 0.943472 0.284847 -0.0252577 0.0241131
470000000 0.990202 1.02984 0.921048 0.305078 -0.0207482 -0.00676777
471000000 0.979265 1.00103 0.966724 0.285781 0.000774669 -0.0150134
472000000 1.00779 1.03253 0.9558 0.318876 -0.0108955 0.015772
473000000 0.992253 0.983214 0.991339 0.292417 -0.0249487 0.00350865
474000000 0.967867 0.989461 0.971732 0.29909 0.0149535 0.0395012
475000000 0.97965 1.03582 0.980286 0.298629 -0.00134284 -0.0293449
476000000 0.994181 0.985748 1.01329 0.284053 0.000895966 0.0129031
477000000 0.998989 0.999479 0.984741 0.278882 -0.0425177 -0.00342449
478000000 0.972679 0.986084 0.954518 0.287938 -0.0235571 0.0126556
479000000 1.00893 1.01319 0.956251 0.276858 -0.0138982 -0.0312366
480000000 0.997059 1.01461 0.952717 0.271653 0.00224515 0.00160383
481000000 0.96423 0.989049 0.932728 0.272201 0.00943817 0.00513026
482000000 1.02249 1.02079 0.931103 0.26423 -0.0127243 0.00500065
483000000 0.96298 0.991956 0.953132 0.24336 -0.00385051 0.0351364
484000000 0.965119 0.978694 0.95146 0.236537 -0.0504181 -0.00379512
485000000 0.975377 0.994327 0.945891 0.25706 -0.00124606 -0.00600098
486000000 1.00518 0.995587 1.02178 0.253002 -0.0241245 0.0147453
487000000 0.981336 1.00533 0.979466 0.234603 -0.0156334 -0.00692701
488000000 0.961689 0.997988 0.964045 0.219726 -0.0438177 0.00317104
489000000 1.00816 0.973159 0.985813 0.200369 -0.00278768 0.00691013
490000000 0.965722 1.00543 0.989073 0.185189 -0.0215088 0.0212321
491000000 0.964697 0.982943 1.02546 0.157704 0.00951491 0.0264639
492000000 0.964426 0.990191 1.00973 0.142042 0.00272025 -0.0113904
493000000 0.956332 1.01029 0.937152 0.105149 -0.0138373 0.0222737
494000000 0.95785 0.969484 0.96059 0.0973763 -0.0226656 0.0232401
495000000 0.970654 0.988253 0.939657 0.082945 0.0055338 0.0102946
496000000 0.994396 0.982954 0.956145 0.0443454 0.00742541 0.0147586
497000000 1.00834 0.948462 0.936847 0.0918125 0.0162748 -0.0109119
498000000 1.00094 0.968642 0.955211 0.0277576 0.00292874 0.021194
499000000 0.996766 0.991142 0.969041 0.00244549 -0.000933425 0.0204702
500000000 1.00542 0.945777 0.988162 0.0205099 -0.0242687 0.0103775
