# Time-averaged data for fix ps1
# TimeStep c_thermo_press[1] c_thermo_press[2] c_thermo_press[3] c_thermo_press[4] c_thermo_press[5] c_thermo_press[6]
0 -269.239 1020.22 583.675 -106.508 -527.609 -318.389
1000 694.161 1653 1724.56 -9.1518 -20.0218 -634.864
2000 1661.89 981.863 3498.04 -197.258 -35.0539 -654.462
3000 947.053 2011.66 3100.99 -38.7919 -764.115 -145.183
4000 1026.68 2093.06 989.248 -140.44 68.2425 -74.1959
5000 2217.55 2187.33 1603.36 -310.691 198.475 -764.795
6000 2416.23 2821.88 1979.91 619.665 -555.082 34.4741
7000 947.482 714.682 2070.57 1063.14 355.663 -116.174
8000 2366.77 1973.76 1174.93 17.3051 169.702 -469.22
9000 538.888 1563.88 1434.88 423.189 829.584 -155.677
10000 1170.11 2313.82 2923.6 -85.0278 -4.54757 1025.57
11000 2137.4 1693.62 3021.66 229.502 77.86 260.216
12000 761.944 2504.48 1140.72 93.6113 -131.829 38.8067
13000 1307.08 1219.27 1904.67 -167.817 160.998 -106.752
14000 1348.09 1669.17 2676.96 -571.55 279.575 -481.232
15000 1492.05 793.838 2415.57 -493.65 183.656 -431.8
16000 1525.83 1221.89 2056.03 -379.031 -179.254 -551.875
17000 1395.3 826.786 1597.13 160.316 91.5159 256.333
18000 1852.13 1635.26 1375.36 -113.931 474.857 -168.896
19000 2236.15 1366.72 639.918 520.825 -101.322 -303.771
20000 2672.68 1869.49 3086.91 -108.965 -389.074 179.311
21000 667.283 935.34 2718.96 213.814 140.207 -224.75
22000 1656.76 2558.19 2312.71 -271.348 194.143 286.933
23000 2228.05 2116.98 1157.86 -16.8529 385.867 276.721
24000 1644.04 1671.36 -11.2397 17.2621 301.451 -871.367
25000 1530.75 662.563 1719.61 11.7202 333.281 196.066
26000 1770.14 602.192 1229.96 -851.126 383.612 419.396
27000 2233.95 1033.04 651.673 166.383 -388.478 413.974
28000 2032.56 1600.49 2340.89 -342.718 -235.443 519.865
29000 2956.95 2584.12 2211.26 190.013 991.131 -432.89
30000 1106.71 1609.33 2437.68 293.621 1453.98 317.775
31000 851.409 1116.96 1440.42 -132.48 245.579 -290.516
32000 1413.14 2043.98 2475.67 -808.47 433.227 -22.9073
33000 1559.45 993.245 882.437 -56.8536 -787.98 -549.217
34000 1779.56 1590.2 1153.01 -610.593 90.8699 -76.9804
35000 1969.42 994.847 2449.8 114.36 -333.556 541.175
36000 1779.29 1248.58 2196.01 -47.9568 -189.776 537.564
37000 2110.1 848.235 588.472 321.508 -172.399 -728.697
38000 2498.13 1882.25 803.843 -414.886 529.722 212.071
39000 2461.29 1724.25 2770.28 273.377 689.89 408.544
40000 1204.05 1079.45 2739.05 -570.264 204.286 148.773
41000 561.177 1677.11 1743.96 922.888 -494.084 -677.159
42000 2045.15 1779.83 2019.64 505.815 -525.583 -469.143
43000 1068.69 881.602 2104.39 260.692 -281.782 -2.73709
44000 1382.66 1116.25 2445.83 -205.411 -452.53 -407.569
45000 2816.25 1773.14 2852.7 506.554 237.663 -284.672
46000 1606.52 1327.18 812.851 -593.817 -396.644 -94.2003
47000 1930.48 1505.73 2400.72 58.8493 164.006 -9.1321
48000 1851.97 1648.75 1304.51 -221.394 203.48 287.811
49000 2546.97 505.742 1898.79 -682.662 -398.984 -303.39
50000 2737.03 1091.93 1435.37 362.394 -291.821 739.105
51000 2034.62 1812.82 1234.55 -907.776 -321.659 -144.671
52000 3698.96 2128.14 1193.69 -237.954 377.236 784.378
53000 2109.71 1606.03 1508.07 358.993 -235.062 -106.589
54000 1552.1 1386.13 1378.04 -35.7315 -108.694 632.949
55000 2045.29 2796.53 3397.43 -63.953 -214.806 -807.941
56000 2870.25 2303.53 2229.41 494.62 -68.3607 -115.044
57000 1893.71 1555.01 1871.36 -35.9308 300.734 230.339
58000 1597.87 1525.36 1603.26 -314.211 57.5167 451.895
59000 892.437 2139.57 1027.4 24.3946 759.557 -266.313
60000 1913.83 1513.78 1521.53 721.768 -550.476 -336.078
61000 1677.8 1812.58 1143.52 565.281 246.021 -185.684
62000 1815.45 1910.8 603.863 -491.989 -700.408 -646.468
63000 2584.67 1431.14 956.98 112.173 -374.489 288.132
64000 2376.09 1282.79 998.887 -1036.21 -459.602 -144.124
65000 2474.32 1209.7 673.648 -179.429 -263.653 593.637
66000 2058.92 1146.92 1562.21 568.339 -1436.16 -197.013
67000 1804.27 1166.84 814.096 457.999 -517.848 -578.442
68000 3331.58 809.33 871.681 -156.221 30.2057 431.963
69000 1869.95 3205.74 2592.1 189.497 117.89 485.323
70000 2530.34 1726.36 2187.61 -140.322 124.179 154.37
71000 680.928 1038.54 1775 604.717 75.7616 95.3893
72000 2593.63 1106.84 1436.06 -48.2396 -785.71 225.816
73000 1992.22 2921.62 2851.34 -209.226 57.7627 678.546
74000 935.682 2320.4 2090.83 585.546 359.773 279.7
75000 2438.91 983.422 1911.79 447.039 132.12 -235.404
76000 1738.18 1433.77 2109.65 1131.97 462.224 478.198
77000 2012.55 1995.96 1355.41 -814.984 307.907 -399.469
78000 2368.17 3097.54 1649.82 -752.807 -718.832 -32.7647
79000 1695.37 1974.77 450.329 455.912 680.421 280.399
80000 1958.52 1866.06 1474.11 -156.521 436.727 476.249
81000 1627.6 1400.13 1474.74 -682.162 -104.706 408.166
82000 692.461 257.923 148.556 -671.757 -348.217 -467.23
83000 1712.1 408.656 1630.28 -219.626 -819.583 -460.264
84000 1814.01 1429.31 1220.12 261.369 -563.812 -127.963
85000 2953.74 2175.88 320.2 -260.219 -455.067 -108.054
86000 1270.98 2186.79 1099.29 359.063 -594.807 87.2135
87000 2780.86 650.537 1327.92 272.757 -805.714 193.342
88000 1160.39 2378.91 2177.17 -407.777 611.579 -699.324
89000 1217.22 1214.14 2195.15 -218.449 -770.907 -293.466
90000 2275.73 2349.2 378.02 105.317 45.8949 -1032.71
91000 2883.72 786.244 385.419 262.934 140.393 -761.466
92000 1283.28 -36.6828 1785.32 1284.32 -25.1349 432.722
93000 1104.48 648.869 1389.02 323.657 -23.0228 -426.393
94000 1633.4 933.563 2284.26 -131.488 705.824 -434.462
95000 1520.08 2011.57 507.322 1122.7 -670.195 445.738
96000 1997.54 2527.18 3287.75 147.122 -610.036 199.433
97000 1290.29 2433.13 2076.75 -92.8321 -952.684 225.024
98000 1436.8 881.11 2547.08 480.676 -13.012 -204.253
99000 729.973 1994.26 1154.58 375.744 285.938 -664.181
100000 1011.17 1710.31 2469.5 284.405 186.404 -64.9384
101000 1063.82 2295.12 1542.52 199.617 535.329 658.228
102000 1737.54 892.555 670.402 -2.71572 40.6204 -381.443
103000 1235.19 2093.76 1468.39 255.215 -58.606 -1.67262
104000 1781.09 2135.86 1339.65 100.025 -621.818 93.7975
105000 2230.48 1625.15 1132.71 1101.43 -598.064 57.7219
106000 973.038 1331.63 1699.76 588.369 826.34 -500.238
107000 1013.73 2883.97 580.697 190.496 -692.522 593.578
108000 1767.19 1772.19 2242.81 -510.101 317.216 -931.718
109000 706.364 1289.39 1056.33 674.305 8.84139 -400.136
110000 2044.1 2352.25 2780.43 252.539 665.501 -109.648
111000 1112.97 2798.74 1138.53 -2.32492 723.176 -183.05
112000 1341.03 1385.5 1840.26 188.051 596.178 280.818
113000 1761.89 1900.63 1915.78 -484.575 3.81119 -177.146
114000 1670.16 1624.85 1756.01 209.572 -313.693 1000.46
115000 1637.13 2957.66 1521.82 -1106.22 -27.7602 -441.268
116000 1600.55 1825.27 2135.55 -1090.99 16.1086 -769.881
117000 2771.64 1428.83 964.562 -574.741 89.156 591.998
118000 466.026 1778.72 1352.47 -394.719 318.156 -491.906
119000 1474.58 1231.32 191.749 -374.69 142.981 -452.894
120000 976.785 3101.47 1135.25 -888.229 -411.03 -262.018
121000 1645.23 2499.66 2278.44 -7.85156 84.3231 -810.205
122000 908.755 2020.43 2441.38 -110.306 -122.881 716.331
123000 2791.57 1196.12 1175.19 399.44 359.046 61.5059
124000 2180.25 2747.57 2068.62 586.885 197.647 -254.672
125000 1327.54 2279.44 592.222 494.865 -171.272 727.34
126000 1878.15 1155.41 2794.23 870.906 -205.725 -404.069
127000 1800.44 1113.52 2172.77 -269.891 -218.798 856.986
128000 1057.84 1303.66 2231.2 438.365 -116.763 508.347
129000 2200.24 659.205 2263.41 16.2063 -424.631 -120.815
130000 1663.15 1937.6 1115.57 -163.718 -709.155 -69.2683
131000 1127.71 1671.72 1527.86 -9.10603 519.398 -69.6313
132000 2076.15 2134.08 1254.63 744.232 557.354 -1116.82
133000 2526.33 1832.46 350.031 836.274 -319.325 -255.525
134000 2191.55 1736.04 1451.83 298.817 -113.986 411.22
135000 389.998 685.123 -198.146 80.1225 177.383 -118.363
136000 740.597 2018.9 877.965 228.488 -643.154 -169.2
137000 1453.2 702.71 871.711 -107.844 199.161 -275.374
138000 1085.64 1300.58 341.143 622.716 -869.828 -17.6939
139000 1951.27 2129.68 2377.95 -570.633 -486.171 -469.93
140000 2018.15 2171.64 1051.51 -264.939 178.494 454.558
141000 2016.3 2036.44 1755.01 267.65 -529.6 713.735
142000 2968.88 1453.55 1302.19 -970.935 16.8581 -65.2977
143000 2271.68 1912.29 991.808 -1078.85 111.263 -112.755
144000 1495.65 676.133 463.949 138.711 380.415 306.207
145000 2575.64 590.248 575.91 -753.7 123.547 -55.5039
146000 770.018 2177.41 1167.23 320.191 -582.945 130.588
147000 2738.55 1666.75 256.19 651.312 -896.157 -550.567
148000 1754.25 2252.1 1556.14 36.1465 -1036.88 493.446
149000 1020.57 2439.23 192.623 -90.7685 478.555 95.4972
150000 2069.98 2438.78 1498.41 -572.719 205.652 -188.423
151000 981.484 1413.48 243.92 -315.941 341.695 56.6987
152000 2092.82 1614.43 180.757 145.646 663.663 483.531
153000 2871.8 2325.35 1523.83 130.343 136.42 -351.49
154000 822.228 2202.16 416.771 -670.822 -265.922 -143.387
155000 991.053 1232.74 1884.64 -611.469 -144.13 -82.5922
156000 1452.27 1619.84 83.2373 -12.6193 267.137 635.506
157000 2462.18 1274.39 1694.36 -626.293 -9.87559 70.1868
158000 2200.79 432.182 2947.02 272.975 -481.274 890.777
159000 1364.17 1789.91 902.73 -148.45 -181.698 92.214
160000 1361.03 1314.16 614.217 -226.138 -222.976 49.5881
161000 1910.68 453.208 1506.91 -134.526 140.897 -180.726
162000 3225.64 649.945 1556.19 -314.328 349.614 403.829
163000 1879.69 1283.49 1555.55 104.251 -667.95 157.944
164000 1590.59 1617.52 1940.19 -69.6342 -387.195 196.669
165000 1767.45 2236.82 1889.56 -785.375 137.889 308.144
166000 1278.31 1794.3 1463.93 -690.829 -952.804 -647.91
167000 1051.81 1859.43 952.924 -321.783 -165.794 -247.823
168000 1627.87 -236.714 1434.17 100.948 344.032 -357.349
169000 1600.44 1491.07 1180.43 77.4496 -135.205 257.781
170000 3068.26 1600.78 326.869 -69.2855 601.387 -248.245
171000 1604.01 2525.04 2162.49 -83.1856 -315.469 -225.34
172000 1519.72 2687.53 1387.86 -490.997 307.341 457.141
173000 2180.59 2334.16 530.462 -320.193 778.795 -236.373
174000 1780.21 2310.74 1780.71 356.26 253.977 116.583
175000 2594.13 1493.69 1432.71 318.171 -678.069 171.698
176000 675.924 2992.31 2845.72 139.585 301.253 -394.386
177000 1396.06 1238.66 1786.02 526.203 4.83982 62.7131
178000 704.586 1447.48 2525.3 -466.881 535.5 724.135
179000 1723.07 2012.14 1791 -485.298 575.509 188.902
180000 1709.64 1306.29 2126.43 810.021 288.527 -84.1366
181000 1251 1295.06 2638.25 -479.995 99.2642 239.415
182000 1451.71 1737.15 816.315 -367.876 329.045 -967.839
183000 1560.65 2386.6 1769.3 70.6133 67.7303 573.027
184000 1331.78 1141.33 1633.73 681.045 43.8725 103.39
185000 1915.93 1192.6 2459.58 -461.176 160.84 335.088
186000 1624.16 1396.36 1148.65 -221.532 -175.154 -174.93
187000 -535.079 817.44 957.803 -740.056 -678.185 162.803
188000 846.11 2125.75 1181.47 -236.979 -68.895 -565.037
189000 523.391 2030.33 750.35 77.0003 -31.3258 488.603
190000 1110.5 2419.42 -57.203 218.756 136.004 -282.794
191000 1046.04 2326.42 1572.87 -459.017 -507.644 -354.094
192000 1478.57 2916.33 1459.85 -243.41 727.591 -630.163
193000 1401.75 2131.34 1207.81 307.772 646.736 -83.429
194000 3207.77 1450.87 1361.73 114.162 405.086 -74.92
195000 2228.16 1659.29 749.155 301.728 -238.758 -388.288
196000 2394.69 1971.21 2278.74 -211.162 -42.4154 -185.709
197000 2639.23 2619.42 1636.81 -23.7816 -184.947 -254.236
198000 1861.28 1731.18 1778.64 138.767 77.9243 313.934
199000 2321.18 1777.02 1650.92 136.739 -472.376 411.148
200000 1265.59 995.89 1009.52 -316.529 411.249 150.964
201000 1578.39 2733.12 1550.09 -336.515 419.263 406.509
202000 1552.97 1908.27 1784.02 -417.808 -1051.11 -471.758
203000 1572.29 1436.84 2093.97 358.805 -983.407 480.696
204000 2466 1986.56 850.395 -709.389 155.159 513.297
205000 2197.01 1691.06 1399.77 499.289 -621.073 -351.568
206000 1796.58 2524.72 1555.12 -211.187 129.822 -216.241
207000 1149.81 2200.56 1910.57 262.211 461.841 147.719
208000 2024.09 2967.79 1956.26 173.752 -341.324 777.569
209000 1968.13 1015.59 1374.23 512.386 455.876 816.217
210000 676.381 2329.44 1723.09 434.825 -839.654 352.226
211000 128.226 2071.4 1135.34 100.934 95.6401 689.7
212000 978.005 1783.36 -492.998 376.681 -138.022 -395.003
213000 2092.47 2474.38 1752.46 16.9187 -276.743 -10.3771
214000 908.246 967.043 2149.87 -67.9333 -369.33 -531.284
215000 1017.45 1488.2 2035.65 -602.243 214.321 -328.265
216000 1410.78 2790.1 1671.61 -832.475 -425.375 -303.515
217000 1102.13 1231.09 1716.49 -515.867 -338.224 -406.919
218000 660.27 3235.74 1574.97 -92.6527 -1335.19 148.864
219000 1858.39 1878.22 1455.74 -292.077 -317.241 -1202.54
220000 2839.81 2313.95 2079.95 723.093 -373.346 103.982
221000 1588.06 882.81 1942.89 -64.1171 1040.5 -665.28
222000 2136.12 2639.36 1507.14 -52.34 1443.75 -778.971
223000 2873.87 1761.33 1191.59 -29.2205 188.376 -41.3219
224000 1362.81 1090.87 654.806 98.4049 -245.221 1.05396
225000 318.95 1747.66 1796.8 90.4935 284.379 -285.889
226000 1538.23 1743.35 2227.03 525.697 171.239 -816.746
227000 1647.03 1536.66 347.202 -57.6488 74.6793 643.81
228000 1489.18 1662.48 1227.77 188.179 -39.5979 -591.978
229000 1814.29 123.458 2156.81 -1045.85 -134.622 -199.539
230000 833.579 2070.84 2288.08 -328.471 -925.056 -7.19343
231000 2207.58 2280 977.427 -602.357 -545.421 -703.773
232000 454.32 1911.9 2115.8 -582.108 12.0516 -969.807
233000 2207.06 2462.99 975.332 752.15 132.102 -416.314
234000 1962.79 947.046 1242.46 224.451 -550.465 144.798
235000 576.381 2259.41 1791.11 379.847 399.804 -948.882
236000 192.216 2051.62 593.221 -653.772 -17.1063 -23.6209
237000 -309.261 713.445 873.153 -2.24697 -400.005 -326.234
238000 478.705 -955.618 52.3221 -681.196 -155.409 414.24
239000 2123.72 2081.54 835.473 -413.602 -198.425 26.7538
240000 1944.71 795.347 1395.72 96.9744 -235.639 -142.695
241000 1450.2 1309 591.198 53.6291 -909.612 208.201
242000 1027.42 1896.59 1790.75 566.455 59.436 -264.198
243000 1274.45 1127.49 980.109 652.752 56.3166 340.851
244000 1459.6 1206.9 959.963 453.752 -70.5185 400.593
245000 1007.73 660.707 5.82697 -78.7404 -15.7402 -385.274
246000 2473.52 734.894 2218.03 685.277 1566.11 336.406
247000 1390.47 858.061 1865.86 804.528 622.235 493.85
248000 1347.44 2045.35 1766.19 284.384 681.448 -1145.05
249000 1603.41 1532.23 818.982 366.061 338.886 -348.667
250000 2168.22 1967.19 1949.89 -458.433 -220.927 252.886
251000 2836.66 1497.33 1072.7 684.012 -110.109 -173.603
252000 1785.11 1169.85 1303.19 -417.472 -112.105 -379.106
253000 2810.41 1912.61 299.499 228.022 -742.49 398.182
254000 1566.84 699.411 989.188 -13.3806 -520.852 537.567
255000 2720.75 2283.43 2526.19 1013.5 145.404 -37.7948
256000 1505.42 1031.57 1647.96 -1489.94 -357.423 -65.2691
257000 2332.72 1972.11 1940.67 -211.469 575.367 822.959
258000 1518.2 1374.25 860.068 -57.9056 -274.021 453.657
259000 2642.29 1360.83 2143.03 -415.116 222.168 -8.40764
260000 1441.02 1926.02 454.562 172.556 241.767 -194.557
261000 1636.28 1183.7 1275.11 181.268 337.492 684.473
262000 1702.95 -64.3317 408.075 -168.136 -164.583 143.655
263000 801.161 299.416 1091.32 10.9536 -301.691 -285.471
264000 1893 1339 -108.671 152.588 202.785 197.477
265000 1987.66 511.247 901.458 120.503 92.1556 -1152.04
266000 1403.03 1502.69 1196.63 -43.5088 -247.477 -904.7
267000 1719.6 1452.7 1154.11 31.6261 -586.948 653.817
268000 771.266 530.093 1320.29 222.308 -535.95 -105.86
269000 1932.1 437.727 1921.95 477.66 260.213 -451.401
270000 1549.84 1454.09 2057.54 -419.052 465.255 225.971
271000 474.311 3047.8 1215.19 -383.458 -262.406 169.181
272000 1785.14 1471.99 1844.51 -110.194 118.952 -142.118
273000 1319.04 1147.49 680.013 -199.909 -25.3183 -262.724
274000 1594.63 1941.84 3289.83 -135.625 265.67 -356.667
275000 1761.86 1923.58 2506.84 -158.468 117.032 -148.096
276000 2273.62 2103.96 875.941 543.976 -44.8575 136.548
277000 1030.7 3393.85 2166.17 -453.626 -393.184 -324.101
278000 2156.36 2437.52 1275.73 129.739 242.917 569.992
279000 1663.52 592.919 1296.02 -76.6616 -547.961 256.708
280000 1921.92 1416.77 992.682 -713.785 703.801 -604.575
281000 2559.25 775.349 2271.45 124.783 -442.867 247.653
282000 2976.81 1311.47 1225.76 371.303 -460.654 751.564
283000 2367.33 820.074 2546.16 -794.43 -203.651 -651.273
284000 1099.72 1376.95 966.381 -450.436 215.823 -38.9541
285000 1640.74 622.324 2173.49 -419.866 427.336 839.078
286000 1627.82 1531.43 1491.55 -253.747 -613.445 177.658
287000 576.693 1259.13 1166.45 160.136 -779.573 252.42
288000 818.199 1280.75 1913.16 -208.026 -385.2 468.493
289000 1718.18 2359.84 1532.89 366.5 -242.273 -149.739
290000 543.238 1810.51 959.137 -585.045 -247.126 503.288
291000 1515.12 3092.75 2607.44 -1034.3 294.756 756.706
292000 2717.06 1834.03 1523.28 77.8595 -549.758 662.859
293000 2114.24 2504.98 2777.97 -499.319 -166.356 374.764
294000 1113.97 1918.36 2025.71 -133.259 -187.849 701.326
295000 1566.51 1194.91 2987.98 -282.12 -315.883 -695.466
296000 1618.17 1706.11 1123.63 -112.736 107.842 -523.854
297000 1326.96 1869.84 1259.9 228.903 -88.2041 757.758
298000 1052.72 2031.5 476.393 106.157 571.111 82.7023
299000 1740.18 1061.64 707.346 341.952 -88.0162 -168.399
300000 1775.11 1779.47 1902.09 251.558 -5.03166 -84.7967
301000 1592.19 715.778 1509.68 517.907 -186.269 598.21
302000 2145.69 1696.74 1376.81 560.296 -372.064 -319.139
303000 2172.17 1593.56 1801.23 6.39976 451.674 -413.431
304000 1247.93 2408.73 1349.32 -775.284 403.062 -899.08
305000 871.057 1871.3 1559.75 -95.8342 -1169.07 -743.795
306000 -565.406 1698.92 1483.88 1052.46 872.373 -113.519
307000 1288.24 1323.91 1429.94 -189.787 -138.01 -153.222
308000 944.722 1879.84 1897.53 278.218 398.014 167.977
309000 2381.51 1550.87 1163.35 66.7137 -964.593 -161.483
310000 1171.2 1652.13 783.569 -29.3177 -538.872 -298.906
311000 1318.77 2080.79 794.127 -519.397 192.626 155.274
312000 443.157 2829.12 2451.8 424.282 -423.89 498.798
313000 1062.52 2817.92 1845.57 -496.127 212.524 -243.681
314000 1828.23 2565.47 2846.65 445.321 809.202 -244.266
315000 1973.74 2513.07 1085.42 10.3833 9.96773 270.753
316000 2134.74 1755.06 2169.48 -574.154 426.575 246.851
317000 1442.45 1840.04 1876.45 -204.816 -597.725 344.791
318000 1611.04 2460.88 1553.14 -725.984 -190.253 -279.208
319000 1369.86 2161.51 2225.14 -278.532 221.015 -404.845
320000 2991.91 1019.26 1611.78 802.639 842.002 44.3081
321000 1698.41 1514.86 1510.31 626.152 -4.64232 766.691
322000 1594.33 2224.46 1364.52 -257.141 835.726 499.579
323000 1739.31 1877.74 1461.1 -732.339 427.025 67.717
324000 802.571 2173.35 1389.54 -1134.79 -895.867 -563.543
325000 1913.16 1425.96 1895.87 400.534 277.846 -405.092
326000 2322.67 1763.73 1121.27 49.0993 671.023 0.192571
327000 2429.77 2745.7 1231.74 -681.078 585.774 426.877
328000 3138.79 942.85 2015.52 -97.0637 349.334 378.282
329000 2600.42 1162.09 2526.63 274.909 -84.6429 774.811
330000 2134.66 1980.89 917.881 631.688 -233.867 175.855
331000 3130.96 349.233 1186.11 1154.89 467.902 -87.0273
332000 2730.74 2307.12 2145.24 74.5475 464.923 -102.616
333000 1466.09 1551.61 1649.34 -443.609 -856.055 240.802
334000 3049.96 1394 2438.81 -304.296 -437.969 -127.95
335000 2802.69 1408.61 1681.15 322.604 -382.758 646.364
336000 1876.83 2497.37 1722.84 -440.457 445.541 -601.37
337000 1199.94 2497.05 2525.9 -362.858 550.811 109.432
338000 1795.96 1014.03 3623.27 -875.274 30.1603 625.24
339000 -27.8032 2120.52 830.66 152.194 232.76 -49.5625
340000 2619.79 1910.13 208.944 496.549 563.81 -127.238
341000 1191.6 1365.34 674.066 175.495 -296.92 69.4567
342000 1621.83 1660.91 2568.04 -402.256 -105.97 -65.9762
343000 2552.5 2469.84 2361.56 9.24317 -125.775 -279.641
344000 1392.31 278.075 1500.2 328.308 129.869 -277.135
345000 2097.96 2457.12 2038.93 63.5961 435.894 -730.593
346000 2042.12 1570.91 1927.45 327.134 130.523 -664.821
347000 3394.35 1205.99 774.582 690.171 -366.412 476.826
348000 2672.31 1127.62 1215.47 -233.79 -417.391 -495.316
349000 1303.43 1020.17 2140.12 491.951 -671.642 -575.992
350000 2619.62 1467.42 2025.71 236.483 -28.8275 353.644
351000 2367.64 1910.4 1399.67 -165.104 -111.961 89.3684
352000 2438.74 1473.21 2256.25 48.6849 299.181 -466.713
353000 2740.53 939.601 2906.51 -565.125 -664.98 -287.049
354000 1146.04 2210.17 1526.76 -468.074 310.351 -271.642
355000 2472.77 2043.77 2290.88 -90.7882 163.473 448.116
356000 1777.15 1458.83 1692.16 456.984 54.0197 -471.996
357000 2419.08 1668.18 2294.6 197.107 -795.055 249.321
358000 3236.2 1813.04 668.837 537.8 19.4667 724.256
359000 2211.71 971.332 1756.33 84.2025 -128.916 -148.828
360000 2142.66 1413.78 1184.79 216.146 318.938 345.988
361000 2114.31 1944 1052.59 81.1173 -3.98525 732.877
362000 1662.44 798.756 1307.98 102.995 -623.089 -156.65
363000 2349.54 1714.62 2464.55 624.382 9.32439 -352.576
364000 2650.15 1460.87 2150.85 -571.878 641.277 -899.336
365000 2638.13 2061.9 1666.06 150.556 607.533 456.731
366000 1383.2 1419.56 2310.39 684.987 958.026 -165.523
367000 2958.43 2526.71 1733.19 113.476 177.218 85.9651
368000 2426.94 2685.57 1883.02 -546.046 113.322 -95.0573
369000 2256.32 1861.5 1675.48 -531.506 35.9566 101.192
370000 1917.02 2100.76 1667.14 -614.912 -530.079 180.94
371000 2763.4 2199.6 1597.03 78.0585 78.2261 -745.577
372000 2805.08 918.184 2143.43 -263.692 199.027 657.324
373000 1818.48 1415.87 550.575 -548.413 -521.539 -961.125
374000 2303.9 1823.25 1637.77 -529.161 -599.545 616.179
375000 2077.77 1398.15 2358.49 -62.7975 -232.835 -263.374
376000 568.064 1653.18 2109.23 -251.549 -512.694 -309.837
377000 1749.5 2390.41 1516.49 143.649 311.541 208.585
378000 2179.12 1511.36 2283.03 467.566 -380.016 -34.3671
379000 1129.98 1104.69 2056.81 695.653 22.9146 67.0472
380000 1896.58 1535.61 1309.98 55.7694 220.277 -568.994
381000 2479.01 973.824 1753.79 402.708 740.256 -134.875
382000 1280.01 885.131 1834.86 -392.775 -161.608 166.363
383000 2879.73 2660.55 1218.95 -19.9964 -672.129 339.149
384000 1964.64 3207.94 1107.91 165.803 413.987 665.071
385000 702.11 945.586 377.211 277.854 391.687 -493.966
386000 1101.03 2096.35 1686.06 -570.648 539.736 -983.852
387000 1598.5 2346.01 2723.18 8.51608 -354.994 -645.364
388000 1149.42 1655.36 2260.08 -119.637 -223.363 -305.496
389000 1209.92 2486.96 1968.77 327.521 265.678 -433.973
390000 1001.66 2178.9 1162.82 73.0537 60.1009 -401.866
391000 366.885 1964.63 1596.39 263.418 190.86 430.93
392000 1517.9 1869.02 1435.21 -101.503 -374.987 132.269
393000 2033.71 1978.3 1349.64 -476.425 -244.845 475.577
394000 1124.61 2342.24 883.272 963.327 505.524 508.901
395000 1084.63 1802.83 1611.51 -382.99 -44.4323 347.507
396000 619.641 789.433 1410.75 -485.462 529.694 735.908
397000 859.352 2412.04 2474.19 839.979 -528.467 837.239
398000 2379.28 1271.38 865.386 723.858 96.9799 -177.807
399000 978.631 1113.1 863.243 -370.072 -243.462 -705.755
400000 1419.53 1108.67 1713.84 277.05 -574.308 -6.88476
401000 2172.42 2386.22 1013.28 688.667 -317.106 -611.562
402000 2810.73 1202.02 2167.49 515.95 444.127 -460.971
403000 1877.77 1428.05 2372.87 1154.08 60.5699 307.159
404000 1426.35 1879.63 2096.69 1733.19 -463.132 165.901
405000 1699.48 3494.23 2010 352.816 58.9731 353.39
406000 1109.42 3174.61 432.057 -460.984 137.961 -410.453
407000 1507.81 2241.53 2146.57 197.563 373.336 -81.844
408000 1064.95 1276.23 2370.51 -30.5737 -25.4131 -1199.31
409000 1788.17 1202.01 3064.87 323.142 1055.63 1347.45
410000 1532.78 1922.35 2390.63 -10.6223 -1410.76 -509.543
411000 1724.95 1261.24 1420.01 -172.57 443.584 548.875
412000 1229.75 1103.56 1766.06 683.165 390.624 951.301
413000 991.641 1475.2 2922.43 348.862 -1140.55 670.327
414000 1455.98 836.538 396.897 1086.1 -282.323 915.412
415000 2385.68 1827.6 2101.26 -80.2746 11.173 615.613
416000 1468.47 2429.16 1733.87 230.866 -359.302 339.099
417000 1857.16 2892.04 1124.59 -85.9001 -292.056 319.882
418000 2260.14 1994.13 3455.9 161.006 -528.186 165.092
419000 710.755 552.984 2328.67 1229.2 1438.85 124.284
420000 1463.95 2607.4 3434.72 -160.672 214.863 -242.375
421000 1792.46 1455.02 2139.65 -556.408 -294.651 -251.706
422000 1850.96 1592.05 1374.82 -582.463 -34.0754 -21.7556
423000 861.647 1308.68 2437.95 -470.038 870.151 294.157
424000 506.819 3235.17 1173.55 -781.734 686.597 -160.624
425000 1110.42 1798.39 1762.2 567.791 817.236 413.723
426000 1351.67 1552.83 1221.71 -421.013 -275.575 352.703
427000 808.819 302.264 761.563 -540.123 54.8249 -359.287
428000 168.64 1113.21 2794.67 319.605 538.756 -85.9855
429000 804.509 1209.45 2226.03 4.23411 -371.806 246.103
430000 1488.99 1423.2 1920.48 -285.442 254.08 -638.917
431000 869.906 1603.82 1767.98 -559.308 489.517 -1196.35
432000 1978.84 1248.65 1635.58 361.881 479.509 -207.154
433000 2280.91 2002.39 563.431 334.799 582.501 576.13
434000 2098.33 2336.32 790.614 -431.441 -255.19 -147.109
435000 2416.77 769.42 1298.29 -124.069 -306.1 -15.5487
436000 2515.9 2187.72 1434.68 291.92 -17.3148 -126.867
437000 723.881 2353.43 882.515 -808.454 -384.307 1344.09
438000 688.426 1840.18 1190.6 50.4977 18.0437 208.997
439000 2689.99 1541.74 1041.63 -201.454 -118.392 304.895
440000 1623.81 1274.08 2104.75 654.156 614.854 -483.149
441000 1455.51 1410.03 2005.88 287.969 99.6642 -859.955
442000 1670.95 1107.13 2048.61 547.966 -774.423 -206.716
443000 2572.27 849.425 1531.91 452.234 -243.243 -910.067
444000 1769.99 2132.56 1880.3 822.954 -543.956 919.919
445000 1688.72 1278.88 1590.38 -128.803 -49.3828 -48.3409
446000 986.851 862.362 2060.35 328.645 127.106 564.463
447000 1666.41 1604.94 2075.32 481.469 398.564 593.739
448000 1328.37 1268.58 155.257 491.979 216.064 -192.732
449000 2512.71 2743.38 1679.6 345.12 406.158 93.5855
450000 2343.76 3038.75 648.055 124.449 -214.149 -318.566
451000 1323.21 399.666 1643.02 -76.1914 1070.9 72.9185
452000 2191.2 1724.8 1023.64 111.848 800.067 463.024
453000 1397.05 1110.96 1212.03 24.5779 415.163 924.054
454000 1505.73 2551.45 911.805 221.328 -61.8214 -556.092
455000 2410.72 1890.37 2059.57 357.612 -178.052 474.752
456000 1645.15 1201.6 1444.76 100.627 229.094 -130.843
457000 1801.09 772.674 1794.59 -204.988 688.302 -92.8081
458000 2017.39 1580.53 2419.9 -357.663 625.952 61.4813
459000 1680.8 2033.23 1616.33 774.63 570.495 -281.724
460000 2350.86 2026.3 1016.3 75.5527 -1.97897 91.3782
461000 1911.44 1089.87 2358.68 112.242 -683.761 228.865
462000 2843.66 1420.35 2057.88 796.58 -647.836 -96.2447
463000 2731.25 1907.96 1926.55 -498.62 -292.538 -214.844
464000 2242.6 2319.74 1291.88 -313.835 489.025 -87.1073
465000 224.654 1597.68 1734.96 586.137 -120.535 -476.717
466000 2866.07 2581.59 622.542 165.613 1040.5 25.0587
467000 1107.5 2354.05 1224.1 -91.4161 -597.086 -778.352
468000 2557.83 1365.07 1542.88 444.193 162.97 -14.1054
469000 2074.12 1044.57 974.465 387.765 -455.151 -469.015
470000 2146.3 2601.52 2190.12 675.143 300.203 -547.817
471000 1902.78 1357.67 2521.05 529.502 -771.147 -24.7969
472000 2129.41 1519.51 1051.76 145.272 -271.986 236.892
473000 1334.78 2305.18 2370.76 -107.641 -499.794 311.457
474000 2003.29 1970.48 1682.97 -57.0188 -277.565 -121.545
475000 3083.2 1693.03 2165.19 255.829 -558.644 -18.6203
476000 1341.42 1907.76 1062.16 -1449.73 -410.059 -141.731
477000 1577.02 3220.2 2799.19 -79.4275 -22.4216 -148.583
478000 784.803 3300.88 2736.8 93.2618 -722.818 -645.121
479000 685.39 1740.91 1343.56 33.7369 -258.664 -370.994
480000 1110.19 1745.87 2617.45 302.284 518.27 590.799
481000 2565.07 1835.67 2377.24 877.664 -165.701 163.86
482000 1018.49 2089.88 1841.79 493.668 -60.7451 284.858
483000 2903.21 1626.96 916.171 -116.458 451.22 49.294
484000 2264.68 2092.96 2745.94 582.512 692.407 274.727
485000 1292.3 1070.51 2833.18 144.179 259.455 -740.486
486000 1567.48 1744.62 1598.64 386.628 -181.021 -380.026
487000 2289.2 1505.52 2116.77 163.405 1109.02 -34.5971
488000 790.032 2462.33 2138.72 304.874 -137.076 51.4096
489000 1703.81 1648.84 1891.2 63.9563 -254.782 -171.967
490000 1556.05 1304.77 1461.73 204.128 -365.594 -37.0459
491000 1380.69 2086.55 1282.01 -606.927 -368.74 -497.224
492000 875.232 2273.32 2250.25 58.2515 -520.53 -1058.89
493000 -2.65576 2405.26 1299.48 194.552 -61.5326 -342.215
494000 1406.11 1849.76 2769.82 -671.291 256.216 -24.4349
495000 1570.14 672.158 702.023 -248.469 346.554 1108.93
496000 2778.55 1900.64 1274.27 450.282 -1051.27 -871.51
497000 1789.64 1829.79 1442.18 91.966 234.148 -486.58
498000 781.301 2500.15 1079.34 589.147 122.517 791.139
499000 2436.64 3216.5 894.514 265.787 346.542 -394.635
500000 1788.67 2187.19 1377.17 273.171 542.554 101.104
501000 1911.43 2367.55 1644.09 367.992 272.865 -417.418
502000 881.602 1579.73 1697.85 -326.931 -624.74 -551.527
503000 2135.87 2546.87 2712.93 516.492 -521.329 -117.632
504000 215.671 1073.12 2846.08 326.974 85.9969 -79.7712
505000 2488.49 1415 2262.78 285.615 -237.495 812.642
506000 1198.03 1100.05 2007.14 737.154 -205.599 697.377
507000 2088.91 1497.6 2103.37 460.268 432.541 473.668
508000 1968.87 1218.09 1934.08 363.048 -50.8243 3.45162
509000 1887.12 1051.05 1383.76 -640.489 -549.569 -278.488
510000 955.168 694.619 1021.08 21.5929 426.328 -574.601
511000 1298.47 2637.33 1488.74 -590.723 -305.004 445.507
512000 1161.71 2339.36 2142.35 228.319 127.464 -64.0861
513000 929.447 2534.35 2044.61 119.847 -808.869 246.54
514000 2349.69 1501.99 2890.02 713.958 -496.91 -602.84
515000 2492.23 734.673 2159.63 -224.774 -252.617 64.4379
516000 1445.69 1738.96 890.646 -256.62 -22.9507 -362.078
517000 2058.03 1924.09 2388.02 -266.607 680.233 -682.168
518000 2206.49 1161.76 1548.97 -893.875 50.6204 260.807
519000 1798.31 2740.26 2226.56 -238.85 331.933 -277.037
520000 2172.41 1941.67 62.3745 -754.194 1049.39 101.301
521000 1541.97 1232.43 1427.08 -402.343 7.78166 -108.185
522000 2615.52 1820.08 2556.46 413.706 930.056 510.617
523000 1965.22 623.987 1156.1 -523.992 92.2292 1137.92
524000 3594.8 2202.79 1406.8 -337.719 716.062 145.818
525000 1554.6 1532.53 2696.76 -233.987 -131.257 659.717
526000 1397.31 2605.91 1484.41 275.682 -862.869 121.822
527000 2020.43 1064.82 2352.65 -60.2721 427.115 418.554
528000 2724.7 1803.41 2630.74 1064.17 -372.628 1021.26
529000 1546.83 1021.97 927.099 -736.63 171.312 -360.869
530000 1423.83 2549.68 1561.24 -414.052 -146.526 -300.824
531000 2438.41 915.436 873.117 -259.553 -9.65604 -474.258
532000 2292.22 1252.43 820.149 -261.924 133.363 736.066
533000 2743.75 1652.15 567.036 -390.518 340.455 -328.202
534000 1824.94 858.522 1707.35 -314.215 274.643 -294.857
535000 1936.71 1779.61 2237.98 -86.5542 -497.944 -416.788
536000 2179.68 1751.09 1928.44 -130.618 990.198 -104.224
537000 872.259 2042.88 1385.76 -765.837 409.779 145.132
538000 744.601 1609.4 1504.92 933.505 -478.105 178.248
539000 2321.67 1566.86 1584.63 -64.5234 244.129 -105.118
540000 1279.58 1493.48 2435.22 551.768 223.202 287.826
541000 2788.81 1980.24 799.698 406.488 43.4229 -65.3974
542000 3219.18 437.198 2680.48 -635.176 -94.4913 612.028
543000 2644.75 1482.16 2172.06 -222.893 -1272.3 -280.604
544000 1578.96 2010.54 1640.71 -178.489 137.817 -238.718
545000 1920.2 1885.9 2358.93 453.057 366.804 147.921
546000 1244.35 1970.73 1678.46 17.1013 -273.656 527.921
547000 1461.74 1856.41 1301.12 -598.046 765.828 88.5831
548000 2145.25 1021.45 1706.97 -433.062 -70.358 117.345
549000 3329.59 402.091 1298.66 277.883 -29.2938 -271.395
550000 2126.89 2123.71 1453.88 325.639 1080.76 -97.0185
551000 2010.95 651.608 2413.1 228.642 428.839 -374.646
552000 1333.08 1168.74 1984.03 -271.906 6.47814 -101.88
553000 1777.01 1974.49 1654.29 -416.22 -332.064 439.058
554000 1303.02 889.42 2112.81 -274.448 -167.554 -24.7618
555000 2888.98 2506.96 1418.14 277.324 -340.803 675.904
556000 1752.05 2051.39 1820.4 827.227 -113.593 -762.832
557000 2148.58 2869.76 780.533 -28.6111 -133.022 30.4342
558000 2448.17 1467.01 2364.68 -261.854 661.795 -0.655754
559000 2186.65 1975.4 2157.8 432.897 -259.312 373.525
560000 1494.13 1821.15 2087.76 871.079 -629.394 -24.9325
561000 2589.18 1398.27 673.837 264.686 -246.013 -546.574
562000 1953.31 1457.46 2221.79 -909.744 -440.321 -43.0296
563000 2925.84 1020.4 1842.63 624.243 303.491 1085.53
564000 2568.01 1659.01 2564.69 -24.202 -142.196 -134.752
565000 1871.49 2270.59 2059.46 -71.8449 -641.885 -271.165
566000 2099.67 2110.48 2366.82 218.011 -291.994 146.153
567000 1796.41 674.332 1843.48 -68.8709 450.115 -1183.32
568000 2111.67 1265.57 2705.79 404.224 707.497 443.134
569000 -64.8401 1818.3 1796.62 249.683 309.82 584.479
570000 876.822 1806.98 1587.63 541.45 -550.343 -195.768
571000 2487.46 2374.24 1460.21 141.05 -91.5565 336.161
572000 1571.95 1551.39 2328.41 342.542 -338.43 398.499
573000 1945.87 1836.16 1705.61 -242.85 437.534 -141.997
574000 1683.11 1699.73 1880.14 386.674 298.905 -86.6862
575000 2276.08 877.663 1429.1 -578.079 -403.62 -152.985
576000 845.249 797.151 875.03 -87.5248 -324.694 -604.216
577000 2066.53 1200.54 1967.02 -180.902 -150.853 433.159
578000 1061.26 1913.54 2271.84 -220.535 960.58 500.375
579000 995.931 482.204 928.951 345.949 -354.08 57.6033
580000 376.05 2130.83 1585.36 480.251 441.695 20.2921
581000 2509.51 2085.77 1087.45 495.289 294.535 -635.251
582000 861.183 1197.76 1049.58 686.288 72.6543 -12.8143
583000 679.83 1623.81 1632.43 -450.618 317.6 -450.283
584000 1635.45 1875.88 896.799 -20.5207 -317.972 157.821
585000 1954.28 771.628 1385.3 203.893 38.8038 -98.2639
586000 1447.06 1500.43 1458.64 627.938 -83.6228 -122.776
587000 608.617 2586.63 1719 842.645 382.481 -268.84
588000 2334.84 1462.08 2984.71 -27.9608 -235.819 -219.086
589000 954.752 2232.25 1695.03 382.114 265.136 550.012
590000 2557.92 1382.24 1309.61 -404.194 271.315 4.98414
591000 2060.62 1780.7 -291.104 76.7062 877.952 238.089
592000 1190.47 1793.31 664.671 -92.7919 140.64 14.3541
593000 84.6519 1315.49 1641.93 -668.894 80.4592 -212.138
594000 1314.19 2550.19 1615.07 -998.084 -266.126 -310.139
595000 821.264 1617.4 2185.55 469.899 430.454 130.863
596000 -57.5113 1597.72 2426.74 -411.041 -11.998 838.63
597000 1452.41 1511.86 1189.13 -855.727 464.927 -408.619
598000 1621.55 2213.24 610.87 -144.034 -434.835 342.234
599000 1323.77 2060.06 2037.56 118.882 -922.78 206.047
600000 2901.18 2261.09 1561.77 -98.6711 132.354 82.2892
601000 1114.44 2053.72 699.578 734.883 -243.306 731.168
602000 1203.03 1634.18 2507.81 -431.338 121.88 256.924
603000 1634.37 988.372 877.092 27.5365 308.579 -142.448
604000 1348.56 2614.95 1433.62 153.261 195.195 51.3899
605000 1304.27 1248.17 1819.06 26.907 408.377 92.3522
606000 1234.01 1420.68 2114.12 -416.002 -145.748 249.005
607000 2821.97 2064.5 838.225 221.607 368.626 -468.249
608000 1984.12 1758.53 1026.61 -912.433 -297.71 -192.691
609000 2088.83 2441.14 2398.99 158.74 564.727 -644.644
610000 1506.63 1472.27 3044.45 81.9029 216.642 294.718
611000 120.74 1972.36 2255.47 580.761 -345.592 345.535
612000 1850.88 2023.5 1801.63 134.962 -279.879 620.694
613000 2007.86 1378.87 887.15 -285.041 -17.2693 -45.779
614000 1561.8 721.987 697.356 -282.148 85.3881 205.169
615000 1413.27 2021.06 1099.19 -91.3181 34.3049 226.807
616000 800.897 1940.2 1121.68 44.5449 -79.1747 -163.879
617000 985.967 2385.11 1998.42 -324.584 -34.3597 162.824
618000 1853.23 1199.95 1597.49 905.833 -321.771 110.135
619000 1841.17 1821.51 1796.31 530.744 283.375 -190.783
620000 1844.21 1959.73 2828.6 636.811 300.616 29.2049
621000 2269.71 2006.21 1733.85 708.639 87.7883 329.895
622000 1486.33 1506.42 1447.7 -171.33 34.723 -200.15
623000 718.526 2141.64 2069.7 255.398 324.424 -121.8
624000 499.558 2187.56 1548.86 -119.383 -549.86 474.311
625000 2285.66 2430.42 1119.2 -885.922 -298.272 442.558
626000 2337.5 2519.48 1712.3 439.899 -41.8346 984.702
627000 3194.63 2676.91 875.017 413.889 -213.93 735.328
628000 1616.38 2178.78 1120.08 383.409 441.237 884.095
629000 985.914 1683.38 1727.53 -765.125 334.546 138.99
630000 2133.42 1007.02 1379.73 124.844 160.046 574.29
631000 2801.82 3438.18 3760.36 -516.143 55.1668 875.166
632000 1982.95 1439.1 2316.35 -497.324 861.59 268.625
633000 829.772 1749.31 2472.28 -693.03 -1011.28 996.842
634000 2952.27 569.394 2390.11 -533.954 244.063 192.164
635000 2976.87 1025.53 858.253 144.466 11.3852 -434.413
636000 2517.63 1004.28 2044.76 -314.635 -361.647 -456.735
637000 1799.3 1905.87 1688.75 -389.208 296.165 60.5876
638000 1092.65 1798.03 2292.85 -182.765 926.149 -786.175
639000 2898.33 1638.27 1987.93 79.573 566.153 392.003
640000 1830.93 1276.39 2455.63 241.899 267.455 90.0665
641000 2176.7 2197.22 1400.92 462.645 -855.188 -52.5464
642000 1820.56 887.282 1273.43 349.225 505.385 255.315
643000 1669.36 1251.38 1398.13 259.245 724.987 236.589
644000 1701.54 824.724 983.233 12.8868 -257.195 -148.813
645000 811.459 1000.76 1126.75 962.424 -78.1127 295.869
646000 492.971 1866.93 1106.33 -169.828 -334.443 346.328
647000 824.284 1708.2 2528.15 -931.1 -236.231 512.267
648000 1948.63 715.12 2712.78 965.349 173.239 417.544
649000 315.105 1014.84 727.91 335.839 -113.632 179.684
650000 598.71 952.243 2282.63 422.549 386.679 -718.664
651000 1621.93 1878.32 1289.03 54.7947 -128.266 150.464
652000 1465.3 2251.26 1017.12 -1.65345 530.682 -671.159
653000 1387.7 1740.05 1251.95 -156.733 684.3 -361.965
654000 1325.69 1549.22 915.057 -1038.57 -105.917 -88.8815
655000 2301.16 1864.68 1920.81 -283.597 -489.259 428.027
656000 1142.49 1939.46 424.367 -74.57 -239.976 -44.1957
657000 1115.53 1965.71 1589.49 196.007 -60.5058 -641.943
658000 1349.14 1105.23 1320.94 -565.292 681.116 345.613
659000 2611.9 1900.66 2381.33 144.141 477.688 -380.061
660000 1895.67 1813.43 1388.48 609.59 -15.1587 874.755
661000 1463.08 2301.97 560.778 278.345 -35.2394 1059.27
662000 2156.29 1342.7 1934.26 -797.869 210.705 155.894
663000 1624.04 1734.21 2157.58 -196.678 25.1337 478.582
664000 2383.12 2632.07 1034.84 -251.69 204.085 160.097
665000 2446.48 2045.77 -114.787 -478.137 -21.5788 -478.839
666000 422.42 2473.18 2725.59 359.704 -99.532 -71.4158
667000 3042.66 2213.1 1916.6 374.099 161.104 -294.72
668000 1379.57 2088.61 1306.05 -15.3631 503.793 -74.8457
669000 1171.17 1271.34 1436.46 -426.083 647.818 388.769
670000 3345.34 1470.06 1627.44 -102.289 -411.159 -45.4209
671000 1511.01 2610.42 926.571 -578.087 -808.625 181.963
672000 198.577 1048.52 3180.65 -339.115 -945.605 532.002
673000 1196.99 1334.88 1626.6 -430.268 148.884 -133.779
674000 1804.59 1291.34 2221.85 -505.595 -725.071 -433.017
675000 1264.13 820.356 2625.79 195.195 -338.484 -582.832
676000 616.904 930.396 2410.31 670.872 175.871 1262.42
677000 1640.05 1592.5 940.422 405.182 -110.85 213.427
678000 3132.05 1453.96 1621.97 289.972 17.7236 887.682
679000 1798.49 1654.95 1606.69 430.22 225.946 775.969
680000 2032.42 1700.04 464.63 124.972 -492.811 -90.5638
681000 1302.58 1987.36 1675.92 -738.843 494.234 367.838
682000 2410.04 1097.73 2096.5 -1203.11 -372.594 272.506
683000 2200.93 1024.94 1697.28 113.076 -203.864 -36.6101
684000 1773.27 1259.48 1959.75 159.21 8.2824 -66.3689
685000 2053.77 887.129 1679.41 151.363 -1245.28 -2.08698
686000 2755.46 2060.85 1503.8 -10.1643 -393.682 -486.591
687000 187.663 1120.35 2351.17 152.6 641.875 1250.04
688000 424.122 1434.86 1786.79 702.976 -301.809 -199.239
689000 2781.16 1019.73 564.692 1008.1 -251.386 102.218
690000 1807.69 2137.22 2234.8 504.454 234.478 -246.207
691000 1423.57 1724.03 2100.97 51.5895 144.71 -325.982
692000 2314.92 2705.76 2039.89 185.025 -507.235 55.8028
693000 1131.91 2011.59 2456.99 86.9339 -952.077 -193.467
694000 2546.89 2424.04 1795.89 217.47 -69.3075 518.697
695000 1059.75 1835.75 2303.31 -3.628 -106.219 514.802
696000 2120.17 1483.1 2381.02 -244.117 -1905.76 -1000.62
697000 2894.88 1236.29 3155.17 -17.9433 24.3892 173.387
698000 1458.48 1949.79 2637.78 -326.881 774.726 -95.3333
699000 1620.09 1723.87 894.105 549.572 102.917 -741.5
700000 1430.07 2662.78 1261.12 -537.715 164.041 426.587
701000 912.184 1263.65 3005.33 -428.958 574.288 -387.637
702000 1864.21 1540.61 1991.98 -51.7325 54.1329 614.393
703000 2550.57 1611.2 1928.02 -27.9063 27.1313 286.842
704000 1192.09 2389.42 542.146 628.969 323.437 -135.761
705000 1447.92 1856.05 2815.98 -60.9309 791.968 577.38
706000 1816.38 1205.43 1718.94 -482.516 742.207 -46.0792
707000 347.418 2130.53 1423.69 916.069 837.401 -367.573
708000 2346.51 1209.11 1817.87 68.1353 741.344 673.539
709000 1371.42 1359.57 3576.45 -158.407 -1077.64 966.891
710000 1549.32 1453.85 2140.52 453.092 152.174 419.785
711000 899.533 2047.91 1600.96 -457.432 25.3688 16.8496
712000 1785.42 2002.27 1213.18 182.654 -56.7814 549.915
713000 1919.13 1798.62 1291.61 378.653 -801.079 -78.7648
714000 1818.83 2088.16 429.35 -535.588 -122.007 3.24856
715000 2577.62 2290.87 333.203 33.2468 225.204 437.544
716000 1745.12 2743.15 819.726 501.559 -407.505 1363.91
717000 1838.29 1001.29 1618.87 750.354 -3.51774 -194.535
718000 511.84 2365.76 761.374 -151.479 191.532 -573.504
719000 1344.32 1665.64 311.837 985.405 641.042 76.3151
720000 789.391 1194.24 1995.72 -31.796 87.3369 610.505
721000 1780.87 1379.13 2395.64 93.369 118.498 570.387
722000 764.981 1901.37 1510.22 94.3901 230.175 208.864
723000 1257.63 776.648 2131.96 -495.385 43.2506 -228.788
724000 1632.78 2305.41 1720.75 -538.131 -112.461 -370.047
725000 1755.3 1473.18 1319.58 -613.729 -439.735 -1260.77
726000 1486.69 2252.16 1649.01 -297.757 324.405 -426.361
727000 254.658 885.252 2114.36 -259.536 446.261 -75.4988
728000 972.66 2691.72 1869.09 -266.608 202.931 524.968
729000 1760.36 1928.33 2036.86 366.474 495.808 119.922
730000 1776.81 1637.97 1495.92 -445.771 -27.3235 593.92
731000 1030.08 822.281 1170.22 -213.821 -451.036 597.29
732000 1281.99 2408.8 1100 -169.463 -201.349 -50.7122
733000 2286.86 2569.06 2235.85 892.577 -596.564 -157.016
734000 2257.27 2553.79 2369.18 173.442 -729.722 476.54
735000 1540.93 2532.53 2132.53 468.19 119.676 805.944
736000 969.907 1561.57 2025.31 183.952 394.153 974.028
737000 1805.85 1301.89 1693.15 -69.1269 -382.36 -266.779
738000 1872.22 1009.59 138.847 -843.109 96.4005 99.1614
739000 2193.83 1027.4 1086.16 224.979 -924.648 232.681
740000 1511.8 1882.42 1856.54 266.943 308.133 -369.265
741000 2001.43 1680.18 1442.07 -549.879 62.6835 -581.464
742000 983.04 1441.52 2077.72 233.326 -466.056 -337.09
743000 2209.92 2142.01 1224.88 -567.079 -832.464 -272.215
744000 1610.55 1930.41 356.946 -701.612 -336.957 89.2306
745000 2552.68 1372 1161.23 751.206 656.046 -187.221
746000 2159.68 -638.708 1127.51 778.278 658.249 39.437
747000 1455.48 234.954 970.529 837.478 289.633 176.127
748000 2138.48 859.808 687.985 281.222 -142.006 -624.912
749000 2028.34 530.01 1474.69 -186.778 509.36 -61.0999
750000 3269.81 1642.43 1472.73 -480.21 124.169 -574.818
751000 1344.33 457.545 2325.6 510.034 -351.833 -193.041
752000 1538.76 2565.92 452.898 647.723 57.9283 113.108
753000 2184.41 1042.86 969.879 198.31 -860.7 -825.356
754000 2413.73 993.146 1139.83 -609.425 -288.632 757.718
755000 2369.71 286.157 2182.76 -920.866 25.5293 111.286
756000 1258.32 1647.42 1930.59 735.808 -434.29 1074.43
757000 3119.3 1621.44 2842.55 257.439 285.897 61.4686
758000 2338.88 2275.01 3359.86 -310.984 -65.4025 -261.911
759000 1590.07 908.955 2010.01 -463.259 515.361 196.175
760000 1641 967.711 2000.92 434.647 542.035 343.738
761000 1787.89 1897.32 854.606 949.481 175.191 -139.032
762000 1362.02 1569.13 827.518 300.569 452.484 -761.318
763000 2907.26 341.386 1890.06 251.982 322.673 -949.261
764000 2574.99 2114.26 1680.2 621.129 195.174 -666.896
765000 2964.27 1453.61 1939.87 -429.418 446.701 177.438
766000 3391.57 1537.79 3241.2 40.8666 222.064 -306.748
767000 2060.82 1493.93 2303.05 227.047 890.586 -541.881
768000 2318.12 2373.57 1705.98 -767.17 -384.076 -762.995
769000 1178.57 2154.12 1714.51 -87.1678 195.842 371.935
770000 1660.43 1203.39 1074.88 -640.456 -479.118 -554.357
771000 2430.27 1523.37 2474.59 -104.684 1066.31 -151.836
772000 1423.25 2488.63 1962.95 479.438 289.844 194.378
773000 2878.41 1574.81 3014.54 728.271 -294.881 7.93014
774000 2823.71 1912.82 1559 204.427 -320.291 -681.598
775000 2344.36 826.42 1687.48 961.222 -38.9894 -540.814
776000 2436.79 2523.48 2098.22 265.935 98.0007 -414.889
777000 1676.99 1865.55 1558.98 -3.03484 184.141 -58.655
778000 1653.39 914.027 1443.03 -1159.58 -8.617 -536.763
779000 803.804 -19.6221 1773.52 17.0376 236.462 -602.683
780000 1079.5 1579.54 1975.74 -61.9953 -443.649 176.428
781000 1289.81 1154.44 2079.11 -390.397 496.259 825.159
782000 1518.18 564.712 1599.21 -562.556 591.777 -607.797
783000 990.073 1340.47 1113.69 -423.341 -647.982 219.469
784000 494.916 2520.67 1893.43 408.507 -393.108 -472.573
785000 1261.71 1065.14 751.569 217.504 -185.76 -299.276
786000 967.227 1420.08 1773.72 52.6416 -67.8958 28.2335
787000 1722.53 204.617 2479.49 -593.146 -358.658 -1204.37
788000 547.131 1093.69 3238.55 546.902 -14.6933 45.4532
789000 599.265 505.113 2995.47 -899.636 29.8936 -231.683
790000 1479.43 268.609 1169.78 -504.784 -397.079 -1150.72
791000 1112.02 1785.32 851.046 338.528 551.32 -44.6582
792000 384.464 1123.56 1649.38 -374.953 839.771 -221.106
793000 430.112 897.009 2143.79 -632.519 468.457 292.547
794000 1058.63 1987.1 1669.37 -265.593 284.285 205.123
795000 1108.7 2334.59 490.541 139.913 -436.275 735.768
796000 794.638 1693.01 622.273 -350.23 -135.694 544.686
797000 1009.16 1976.99 1156.79 -373.855 105.304 -953.78
798000 492.794 1527.79 690.773 -288.578 -36.2616 295.435
799000 1475.73 1888.93 1009.99 -226.667 -361.248 121.594
800000 176.219 3051.71 1776.69 -148.014 289.057 -830.738
801000 1352 1773.16 1718.09 -226.721 -145.735 -81.7913
802000 615.41 1757.99 904.566 422.314 -314.974 -409.637
803000 150.958 2062.05 1258.96 739.239 -296.818 742.117
804000 664.314 1363.3 401.012 -174.544 -306.648 890.756
805000 -351.832 3074.99 1698.7 620.855 133.615 855.517
806000 938.6 1849.26 1481.7 558.425 712.906 -749.642
807000 -120.103 1791.08 2335.96 -9.01095 311.741 463.5
808000 624.895 2470 1859.59 -422.64 540.458 159.302
809000 1317.42 918.548 2207.44 -343.62 53.5114 -397.257
810000 -146.766 2072.08 1077.83 404.045 339.521 66.9863
811000 304.566 841.659 1705.65 -206.928 570.97 384.965
812000 707.232 2127.68 2427.69 653.09 311.824 130.159
813000 1774.96 1251.58 853.104 227.706 -118.102 358.331
814000 2088.39 2042.29 1506.76 130.58 -815.321 -150.784
815000 845.992 1698.52 1650.78 -75.5942 269.176 615.197
816000 527.088 1586.13 336.453 242.96 522.677 61.7752
817000 1418.51 869.067 1959.31 36.7368 -94.0148 139.604
818000 1723.37 2169.64 1744.76 -153.249 -144.55 21.8688
819000 1482.95 654.794 1034.72 87.2016 -797.769 -105.199
820000 691.007 1249.74 1439.98 290.699 -193.439 -703.715
821000 2232.2 2192.42 1888.69 323.604 -47.1034 225.184
822000 386.463 1799.4 2599.89 -64.9382 -379.192 -36.5672
823000 2269.43 2332.7 1612.11 295.151 -908.49 377.742
824000 -53.6168 1627.29 1302.78 1644.23 -136.806 -693.609
825000 1637.41 3174.54 1874.67 339.159 78.8236 376.359
826000 1624.22 2543.79 1739.96 193.138 1099.67 -669.508
827000 1035.19 1108.7 2415.49 306.231 -22.8689 48.735
828000 1963.21 768.626 2297.8 -110.339 -155.888 67.0127
829000 1372.29 590.841 1988.27 80.2861 348.801 209.353
830000 2747.58 2211.64 1147.64 140.096 -490.367 268.095
831000 2142.57 780.251 1141.54 32.0983 -40.4785 -378.925
832000 1711.97 1188.53 664.617 -171.2 -224.805 -448.71
833000 2150.69 3567.36 -313.883 -773.801 -864.143 -459.158
834000 2827.96 1241.61 1105.74 -221.948 -203.717 -623.047
835000 1149.75 1799.16 1651.04 260.704 15.5752 -938.295
836000 1632.47 393.404 190.6 614.434 -809.881 -346.732
837000 1310.5 1060.99 1834.74 -180.505 116.409 -236.503
838000 889.92 1283.69 1330.52 311.03 -85.228 354.358
839000 2444.92 1625.03 1691.34 1005.12 -591.793 -71.7834
840000 788.783 1881.52 1692.56 1115.18 -644.766 81.9257
841000 2559.93 1970.12 1910.39 669.561 -521.222 -342.939
842000 1753.22 1465.35 1154.4 288.096 -17.4023 -33.5266
843000 685.084 2463.49 1733.12 -221.673 -145.669 522.412
844000 1231.56 2166.41 1332.22 -377.781 -401.015 432.28
845000 2003.93 2508.63 1356.67 -573.365 -351.195 -69.5099
846000 1869.79 1074.69 1356.89 146.138 15.9259 -410.121
847000 2916.57 1251.38 1575.52 29.4033 -188.925 116.59
848000 2349.56 1271 1746.62 176.25 -136.024 -332.458
849000 2863.55 1112.92 1613.14 -335.598 114.918 -1.14129
850000 1523.83 1742.55 2052.32 331.523 -179.312 98.2538
851000 894.641 1355.17 2174.34 -308.141 -544.673 -75.456
852000 1019.66 3077.56 1982 -655.328 430.072 236.048
853000 2488.12 1414.64 635.481 3.83527 109.335 -643.559
854000 2268.91 2037.55 2271.8 -30.373 -168.546 -35.45
855000 2356.86 2322.41 2030.95 424.314 21.7624 -664
856000 1672.75 1440.04 1364.68 -85.2355 -93.3608 -39.9439
857000 2041.1 1902.09 944.09 434.151 -751.345 -378.04
858000 1133.36 2127.02 617.991 -334.874 211.111 -246.96
859000 2772.98 1277.99 1406.65 -434.799 26.2981 225.247
860000 3374.76 992.129 1449.3 -61.5899 116.643 213.541
861000 1421.42 592.607 1593.4 -507.578 -1504.68 -214.806
862000 2260.75 554.34 2134.07 -10.8675 616.065 497.023
863000 2312.8 1829.47 1910.44 -509.778 -360.878 753.276
864000 720.026 1984.54 1526.1 487.259 -172.886 383.663
865000 1327 899.583 1856.41 693.731 -151.254 -725.477
866000 423.498 13.2468 2347.67 -869.761 324.354 623.892
867000 1738.62 1346.42 1375.31 -306.186 454.922 -211.601
868000 664.229 630.846 1181.52 -202.212 262.624 -495.949
869000 2468.36 1189.14 1087.45 688.288 -910.402 -182.068
870000 1154.18 2334.27 817.33 354.58 -465.044 42.38
871000 2148.06 1154.31 1381 493.539 414.482 309.764
872000 3229.69 2136.59 1773.78 543.143 -114.038 435.677
873000 2435.09 2403.1 560.055 378.726 -464.816 208.65
874000 1650.28 1995.15 2113.12 592.38 324.445 -510.685
875000 1715.21 2609.97 1141.89 431.367 858.758 15.912
876000 1393.28 627.286 3035.94 630.765 289.394 673.106
877000 426.578 2336.96 1561.56 -103.997 -57.1843 -379.05
878000 1532.9 1082.32 1609.03 -997.782 -432.843 -906.627
879000 1175.64 2246.68 1040.82 -1064.94 252.248 327.942
880000 2087.06 3198.95 1651.27 -373.806 -631.509 -117.984
881000 988.864 2220.3 1277.77 -735.259 186.77 -240.014
882000 1812.35 1578.06 2441.75 647.826 39.5 -243.373
883000 1114.21 1904.92 3262.65 -88.9563 -716.239 -286.642
884000 1968.28 1820.82 1780.94 281.985 540.754 243.265
885000 2397.84 2223.41 1401.39 -337.617 -1264.15 -170.858
886000 941.71 1640.06 974.242 -517.27 -90.5908 181.997
887000 1327.36 1236.85 1030.8 336.198 -418.44 217.893
888000 1339.13 2805.71 1234.8 -294.428 174.441 72.3969
889000 1076.7 1853.97 999.609 -116 100.992 -381.865
890000 1360.3 1194.69 2049.38 375.692 173.854 -74.5899
891000 1536.47 1967.18 1614.49 267.008 -544.286 215.565
892000 1227.94 1494.94 1584.39 -1.55909 150.595 -223.063
893000 440.043 1391.55 1867.28 93.6115 190.178 -271.945
894000 761.1 623.185 1412.06 -103.521 116.688 -359.708
895000 842.307 1465.42 1521.9 -37.4882 -119.582 35.5765
896000 811.112 1608.81 319.389 655.369 -180.066 -189.118
897000 1042.42 1340.31 2847.11 126.038 -51.384 497.083
898000 880.035 2403.28 1398.93 -526.796 -418.957 41.5153
899000 1946.76 1718.35 3182.51 -531.67 109.998 -135.135
900000 2008.24 2423.63 2440.2 -379.848 733.96 -270.972
901000 1715.67 2081.99 1600.41 -309.208 433.15 -83.5837
902000 1773.27 1280.44 1071.76 -17.5867 317.12 -116.971
903000 1436.06 1770.14 2364.51 -419.775 1264.72 683.172
904000 1868.85 2603.84 1724.89 -115.335 57.9758 -426.228
905000 2012.25 4008.63 2054.09 57.4561 684.414 96.2209
906000 2158.84 1282.45 1907.59 -382.093 -56.0093 -351.082
907000 1887.75 1337.6 1718.55 34.6828 120.727 -28.9384
908000 1891.89 798.748 1598.78 -1019.18 -286.886 1113.92
909000 463.4 1316.79 2983.32 -144.24 109.654 212.171
910000 1338.39 1372.56 2756.14 316.636 488.173 29.1876
911000 2801.38 1669.18 2279.65 89.3264 994.447 20.6017
912000 1606.4 1107.13 1621.93 147.069 505.276 53.4231
913000 1289.92 2659.99 1289.27 284.836 190.985 524.287
914000 1092.22 1792.16 1726.09 1024.32 -1073.97 840.436
915000 2754.79 2076.84 1751.33 -381.727 1075.49 582.507
916000 1758.84 1724.44 2255.47 -318.863 328.691 122.431
917000 1211.98 2097.9 1130.89 464.756 -201.027 -841.495
918000 1922.03 470.443 3190.99 -222.334 -26.7781 -126.488
919000 1963.13 1267.76 2444.02 -458.34 83.4176 -152.301
920000 2352.47 2455.39 1655.95 348.759 123.441 25.9673
921000 1516.58 1212.54 416.221 329.753 -331.635 -42.5371
922000 1807.33 1605.58 1618.71 645.656 -719.367 -186.534
923000 2381.83 2463.53 2209.01 744.134 -741.329 23.6571
924000 2530.14 1448.25 1676.17 401.872 313.317 -289.962
925000 2666.87 2785.91 2353.29 1047.72 -566.506 -545.588
926000 1636.69 2400.63 1596.67 174.221 617.062 170.008
927000 2314.93 1979.43 1516.88 -251.597 440.626 -346.509
928000 2034.59 1143.19 2470.36 -167.053 -114.685 -88.9815
929000 914.564 548.529 2648.78 -896.411 719.241 -802.214
930000 1328.03 860.455 1542.63 569.645 436.29 4.42225
931000 2000.64 1972.51 2055.42 453.76 -204.273 -709.946
932000 1814.61 2933.94 1496.54 539.344 -342.784 -105.692
933000 1924.59 1140.3 1160.6 -81.4088 -169.813 -96.8428
934000 1418.35 650.12 1048.31 27.5744 1003.11 -471.6
935000 1856.34 1256.19 1343.98 100.398 -298.733 -686.23
936000 2491.32 -91.4636 872.703 280.918 -160.484 -251.137
937000 1316.81 749.353 1714.68 309.976 507.615 135.982
938000 1968.19 1421.74 993.735 -586.03 535.251 336.227
939000 1825.66 2062.97 1423.95 105.254 -472.81 738.051
940000 2064.63 1170.3 939.804 -121.786 218.882 361.241
941000 2238.72 1517.37 2310.24 376.916 -338.113 199.301
942000 970.299 1711.68 336.937 543.009 -36.6664 656.247
943000 418.806 1789.63 1370 749.227 174.544 -979.888
944000 3302.88 906.093 805.098 -189.556 -479.75 -379.033
945000 1395.72 1805.51 1321.68 328.969 286.972 -419.346
946000 461.256 1899.02 1643.29 403.514 845.758 556.784
947000 2100.04 1697.95 443.085 -45.2573 -330.474 543.549
948000 170.321 2928.93 737.058 70.079 31.888 -168.654
949000 1314.9 2214.22 539.771 -195.809 -48.9938 -325.526
950000 704.921 2072.41 664.704 -443.557 269.987 85.2941
951000 1484.29 2779.42 1979.44 256.396 547.814 499.201
952000 1847.01 2112.34 1236.04 -344.111 -332.444 997.049
953000 2251.17 1439.45 1666.7 -792.284 407.916 -562.221
954000 2270.72 774.153 1744.22 234.979 -811.765 -391.873
955000 1832.31 1766.21 2139.18 -502.281 -10.5219 -108.051
956000 2246.96 966.867 937.945 -108.193 -49.6804 -242.793
957000 2518.22 913.508 1677.62 137.003 695.301 406.731
958000 2922.43 1786.75 752.073 -341.809 791.232 500.399
959000 2206.32 1480.05 1135.48 207.424 821.566 -35.067
960000 1416.39 1997.36 1929.1 -168.656 565.891 -343.675
961000 1931.67 2261.49 1584.87 -260.461 -60.828 -807.325
962000 693.041 1502.97 1886.69 165.085 435.453 364.297
963000 2137.28 1354.28 1606.91 474.483 378.83 -683.284
964000 1516.87 1238.2 2168.9 -344.497 -515.456 159.013
965000 2097.26 1992.52 1928.03 178.544 116.055 -205.939
966000 2985.26 1169.07 1247.42 775.604 -333.239 -398.429
967000 2189.76 1746.59 1887.3 -84.2225 50.1304 -138.503
968000 2734.15 2131.54 1811.01 517.862 250.913 -1363.66
969000 2255.56 1972.28 158.93 -162.755 128.067 -339.609
970000 1679.07 2912.02 1836.49 819.037 -1364.42 101.305
971000 684.556 838.372 2170.65 504.496 318.07 -336.798
972000 616.597 2024.41 1869.29 142.476 -287.442 722.247
973000 1816.2 1901.7 876.485 321.409 413.231 -233.19
974000 1696 1505.68 2223.16 -198.47 42.3354 -288.247
975000 1225.17 3316.24 2723.39 617.84 -206.183 -253.295
976000 1547.38 1876.62 3877.56 68.3552 288.135 -85.93
977000 1486.47 1251.65 889.851 200.472 -191.237 -1150.65
978000 841.824 1069.13 310.348 -633.438 433.238 260.282
979000 1468.53 1844.89 1037.49 408.001 467.782 -742.615
980000 1711.77 976.856 2234.24 -1007.04 -72.8688 537.629
981000 1744.28 1666.87 378.338 179.772 204.421 -968.304
982000 406.048 1417.43 1513.52 54.5125 -248.025 -224.302
983000 2689.05 560.413 1739.9 -208.925 -300.295 -173.282
984000 1581.56 1521.41 2656.89 730.262 433.604 -564.871
985000 2081.89 1264.44 1505.19 120.939 -719.764 -927.703
986000 2565.8 867.621 1742.37 -74.1256 -499.79 -315.15
987000 1740.99 2093.2 1502.95 -198.964 374.771 315.648
988000 2044.96 1885.99 1438.7 678.836 329.755 122.276
989000 3435.48 1622.15 1712.6 -337.496 403.909 314.952
990000 2592.79 447.127 474.724 93.9368 672.017 -125.132
991000 2919.9 2707 1774.63 534.8 703.46 116.259
992000 2711.16 2114.99 1762.19 -374.725 -144.631 510.334
993000 2800.82 2195.52 1589.26 171.025 -164.604 1483.55
994000 1855.15 1878.27 2402.54 1185.1 309.409 838.773
995000 844.036 2029.29 2650.65 -45.8011 144.732 698.091
996000 1565.88 2224.46 2666.23 70.5599 -391.772 779.378
997000 -116.672 2461.32 602.324 -838.503 789.706 37.5706
998000 2847.32 1671.36 1742.25 -194.76 -379.534 769.377
999000 1307.62 2624.03 2415 -179.727 -94.1975 350.018
1000000 633.491 840.378 2458.2 1199.14 244.348 475.436
