# Time-averaged data for fix ps1
# TimeStep c_thermo_press[1] c_thermo_press[2] c_thermo_press[3] c_thermo_press[4] c_thermo_press[5] c_thermo_press[6]
0 357.2 354.07 -772.376 -121.66 353.865 -574.827
1000 1252.92 1174.78 -11.4219 -430.911 150.791 -511.579
2000 -13.7126 2992.88 1204.63 -547.455 -200.509 -441.55
3000 -735.178 1935.34 875.484 -359.599 -189.95 420.669
4000 -91.1017 2094.1 1965.15 -686.717 403.669 -914.425
5000 -179.889 2438.81 1317.05 -732.689 -616.772 -1021
6000 -848.764 2534.07 1489.4 348.593 -546.375 -1038.61
7000 -293.117 3691.88 1486.29 -9.839 -477.827 -283.523
8000 -703.642 3188.53 1484.98 -321.653 -231.851 -438.457
9000 -1147.99 2404.75 1094.59 -670.445 -561.345 -902.819
10000 -1836.79 2208.73 1925.37 -707.6 -555.493 -361.948
11000 -1966.16 2829.47 1968 201.011 -256.697 -311.337
12000 -2052.04 3066.55 2400.39 -541.074 -278.261 -516.113
13000 -1327.38 3644.2 2698.27 -980.923 -330.61 -219.236
14000 -1333.19 2816.44 1875.68 -421.183 204.166 -159.442
15000 -2352.69 4028.14 1976.26 -192.714 37.9857 -569.04
16000 -2161.27 3727.14 2461.83 -766.482 -674.082 -271.383
17000 -2959.93 3524.14 2566.26 -941.851 -288.139 -293.45
18000 -1877.71 3542.34 2028.55 40.1691 82.6056 -143.405
19000 -1731.83 3440.86 2596.88 -275.441 -310.252 -69.9696
20000 -2559.87 2677.07 2818.89 239.676 -340.715 -485.22
21000 -2990.43 3219.79 3374.38 23.829 -179.021 -365.284
22000 -1784.79 3510.77 2546.53 -73.7656 -558.577 39.0019
23000 -1942.43 3841.07 2196.34 80.0848 331.642 -768.243
24000 -2866.02 4509.98 3020.64 -550.755 225.526 -111.353
25000 -1588.33 3539.06 3194.68 415.609 -201.551 -265.509
26000 -2123.43 4423.95 2893.3 -99.7176 -386.473 -660.453
27000 -1270.31 3689.87 2874.43 325.391 -2.48486 -203.977
28000 -819.208 3044.76 3352.19 -300.905 -127.319 -660.136
29000 -2359.52 3805.72 2493.45 -482.863 -255.13 -113.761
30000 -2289.09 3031.1 2714.66 -850.807 -219.264 -16.6179
31000 -1392.54 3977.01 3376.98 -89.5602 21.0399 267.479
32000 -2452.71 3248.98 2378.09 -592.565 -994.399 216.178
33000 -1233.5 3268.34 3070.11 261.629 -527.628 -385.893
34000 -1112.12 2908.99 1881.67 391.168 -1058.54 -154.321
35000 -1168.85 3269.25 3480.68 -185.894 141.428 -791.801
36000 -337.461 2528.96 2006.79 -413.72 -721.781 137.539
37000 -1341.67 1920.64 1595.68 -825.491 -696.764 179.727
38000 -951.388 2321.92 2520.19 -306.073 -860.406 632.723
39000 -1156.5 2862.41 2199.72 -63.5305 -542.509 -420.51
40000 -504.919 2047.72 1548.02 -752.271 -365.394 294.601
41000 281.717 2599.8 1607.52 -468.837 -212.665 -241.47
42000 -198.394 3366.72 1476.26 -1189.06 -46.7354 114.484
43000 -27.8853 1718.42 1816.06 -587.1 468.2 154.717
44000 891.113 1458.59 1400.86 -964.352 -247.5 -16.1915
45000 171.759 1041.12 1542.72 -1138.76 -110.238 314.316
46000 298.453 1548.86 987.353 -654.869 -293.042 -349.229
47000 911.055 2129.75 720.285 -76.9721 -255.623 306.997
48000 1168.51 1280.8 706.184 -988.635 -827.174 291.749
49000 1591.17 1121.12 708.456 -895.303 -720.991 378.448
50000 1402.71 802.479 903.246 -665.196 -644.626 -276.015
51000 2023.26 1269.56 1197.29 -883.377 -670.904 144.489
52000 1793.7 500.47 697.02 -1532.23 -509.384 -610.319
53000 2445.72 498.916 423.416 -704.477 -409.85 -780.241
54000 2755.02 324.787 267.553 -431.415 -203.76 -124.656
55000 3017.85 -826.458 -257.908 -665.597 -279.74 213.479
56000 4023.68 366.225 -672.994 109.142 -492.878 -586.297
57000 3490.97 -317.497 86.397 -383.757 -3.70708 -591.077
58000 3232.13 -613.168 343.348 -572.402 -340.442 -334.167
59000 3102.98 -465.672 -615.452 -186.352 438.039 713.932
60000 4157.52 -338.011 -295.452 -1361.05 -510.305 -128.139
61000 4908.02 700.165 70.0233 165.544 -284.292 -324.129
62000 4625.46 -11.65 -649.441 -1181.95 -35.7091 -17.5181
63000 4587.93 -474.173 42.2983 -265.247 -452.443 188.7
64000 4358.77 362.942 -154.457 -601.599 249.168 -68.1789
65000 4549.32 -1360.89 -1328.84 -429.155 -17.4354 23.2461
66000 4405.82 -499.335 86.9749 -760.769 -94.7405 9.57379
67000 6044.42 388.87 -689.01 -300.404 -751.914 79.1662
68000 5756.77 -1338.93 -1095.81 -358.379 -78.2229 181.324
69000 5907.38 -93.5763 -606.83 44.3623 -481.895 597.985
70000 5022.21 196.431 -633.283 -553.521 -202.4 -29.0018
71000 5127.45 -249.183 -1184.96 47.1724 -364.859 270.693
72000 4493.11 471.805 -246.534 -583.098 85.6907 -1057.12
73000 3641.7 -1355 -120.179 -332.084 -542.543 234.766
74000 5171.89 279.328 -616.238 -1065.24 32.0209 -377.648
75000 4669.49 403.079 299.692 -1140.79 -97.2471 -562.511
76000 5677.71 -582.777 -207.567 -39.833 132.17 -344.462
77000 3906.23 -540.371 -318.755 -139.394 1.8141 -342.019
78000 4517.82 155.296 -1927 -39.2631 16.3601 -420.977
79000 4140.88 -1241.24 74.2764 -410.36 18.0892 -87.3076
80000 3762.33 299.97 -339.219 -501.748 193.293 -10.2526
81000 3889.47 28.8415 -1089.02 -109.583 -420.572 458.335
82000 3341.13 678.824 115.68 -475.4 -92.1875 119.588
83000 4708.39 212.094 -140.281 462.055 -468.488 -599.907
84000 4890.33 729.032 -276.887 -423.721 -399.135 -424.554
85000 3122.05 763.978 194.727 -630.771 -108.189 -39.0019
86000 3851.62 500.35 1070.25 352.936 -466.84 -973.873
87000 3532.14 445.228 -124.787 11.0903 -446.461 -119.507
88000 3365.05 1282.06 -1620.97 49.9729 -239.185 -925.985
89000 2830.53 600.123 1814.73 -812.751 -410.464 -463.87
90000 2453.4 1126.63 197.756 -481.204 -425.129 -208.496
91000 1901.61 -251.995 790.479 -1017.93 -183.137 -835.632
92000 2448.23 -83.3991 424.712 12.0039 -728.851 -398.443
93000 1537.28 1752.45 979.896 -170.241 -569.725 -152.738
94000 1914.24 1097.51 1200.47 -411.007 -815.066 402.434
95000 1443.68 1922.19 1096.65 -155.027 134.712 -139.626
96000 1171.97 1692.73 1105.09 -701.285 -42.2041 -223.129
97000 655.854 1538.33 733.032 -295.482 -377.021 25.4009
98000 -236.948 1737.31 1329.77 222.073 140.255 -253.159
99000 492.385 1752.32 1930.82 211.198 -602.249 40.4447
100000 -663.967 2260.1 1265.88 -267.447 174.913 -423.32
101000 38.1893 2876.44 1960.85 -488.585 51.7068 -454.13
102000 -862.021 2617.46 1822.4 186.322 -203.05 531.272
103000 321.151 2136.96 1609.34 -641.942 -935.416 -432.013
104000 -1816.62 2843.23 1117.7 -362.34 -399.064 -263.475
105000 -238.215 2844.4 2121.13 -638.54 45.0246 78.8543
106000 -1624.78 2595.42 2165.65 107.659 -128.312 -380.989
107000 -655.701 2871.92 1405.79 -307.795 -79.8255 237.781
108000 -1800.08 2994.23 1899.77 -14.387 -625.797 77.1054
109000 -823.231 3304.97 2478.47 -27.2154 -216.464 541.321
110000 -1663.57 2896.66 2457.09 -113.249 -160.549 47.5488
111000 -1723.34 3486.99 2972.81 -965.868 -345.285 130.199
112000 -2565.24 2963.4 2639.75 -817.187 -75.6748 -306.456
113000 -2532.09 3826.34 2899.57 -97.3888 -672.127 318.393
114000 -2312.44 2771.8 3376.07 -556.873 438.828 -98.2766
115000 -2232.62 3670.21 3159.35 -986.382 -839.443 -193.003
116000 -2185.08 2720.15 3110.15 -319.947 -27.24 166.625
117000 -2471.96 3207.95 3064.26 -629.279 -641.607 448.044
118000 -2248.52 3283.45 3211.94 -781.741 -634.629 -452.896
119000 -2616.09 4148.73 4211.97 -677.879 177.561 -755.087
120000 -2524.63 2701.71 3082.02 -655.007 -518.551 -311.502
121000 -1501.96 3096.85 3963.1 -339.582 -886.764 -676.136
122000 -2720.49 2513.28 4152.45 -732.699 -390.451 -125.032
123000 -2663.03 2827.37 4373.74 -404.704 -778.064 410.907
124000 -1507.45 3891.49 3618.71 514.224 -291.554 -251.537
125000 -2485.98 2873.64 2968.24 285.834 4.90635 21.0774
126000 -1399.76 2632.33 3086 52.0353 341.442 77.0278
127000 -2119.17 3396.84 3098.93 203.592 601.551 257.299
128000 -2551.86 2304.74 2686.45 347.221 181.394 -276.223
129000 -1228.07 3611.53 2534.23 -457.399 -279.245 104.723
130000 -2325.06 2773.91 3485.92 46.6302 216.758 -797.206
131000 -2701.27 3179.41 3175.5 -40.3073 -64.4624 -53.8116
132000 -2622.3 3183.46 3004.15 117.724 -593.1 -375.262
133000 -510.334 2187.21 4134.68 117.162 -121.819 -893.408
134000 -1446.73 2209.33 3061.68 -271.57 -753.695 -413.398
135000 -409.939 2980.33 2453.47 599.8 -375.196 -18.2582
136000 -1085.28 3180.59 2585.36 -153.636 -35.088 21.751
137000 -1954.51 2528.88 1686.04 -170.516 -675.835 210.31
138000 -1282.9 2587.75 3469.17 125.97 -772.114 76.6902
139000 -1270.62 2769.28 1786.59 -89.3179 180.32 -238.509
140000 81.394 2458.8 2014.38 521.006 -618.619 -834.696
141000 -1131.88 2262.84 1518.64 85.5976 -552.226 244.689
142000 -91.5428 1804.05 2888.09 146.19 -94.2467 47.8148
143000 510.365 2170.75 991.138 -115.197 61.1791 -230.235
144000 132.018 1430.67 2404.29 -124.615 -317.062 852.162
145000 626.305 1454.1 1949.41 -749.366 -676.816 236.686
146000 561.27 1040.81 785.519 -417.655 104.189 -387.642
147000 801.866 1243.86 539.915 -626.078 -68.9399 520.742
148000 992.023 1653.01 1246.73 87.7931 -278.914 201.414
149000 1337.04 1154.68 1581.54 148.888 -84.6033 -386.548
150000 2357.87 547.022 1725.99 454.13 -159.823 165.285
151000 1619.62 2149.02 888.375 15.805 -13.3585 -621.951
152000 2660.66 940.559 638.309 47.7514 -152.831 -76.3285
153000 2537.28 -100.622 813.74 110.373 -367.501 149.405
154000 2867.74 335.688 430.291 -364.93 57.2914 -277.634
155000 3398.05 893.321 689.352 -566.206 79.8584 -75.6253
156000 2934.97 272.841 564.333 201.106 52.8524 59.8061
157000 3174.45 -111.529 801.137 304.975 219.414 -263.328
158000 4091.32 24.2316 473.776 34.5363 -674.282 596.326
159000 3244.6 392.966 504.316 547.236 -472.497 -22.4784
160000 3938.57 587.285 683.912 82.8937 -663.375 548.098
161000 3547.21 -212.832 -78.4365 -258.836 -488.006 -81.127
162000 4395.29 559.356 1036.39 -87.0799 -325.248 -68.3295
163000 4340.46 408.323 201.589 122.78 -572.524 250.745
164000 3692.7 -479.415 247.694 -57.1688 -342.442 169.268
165000 5049.28 -640.301 636.165 -449.383 -828.302 -516.913
166000 4535.72 704.349 411.317 -233.542 -148.507 -1152.44
167000 4992.02 -317.356 549.074 -691.367 -562.604 -227.199
168000 3712.15 -298.704 1307.09 -863.028 -559.279 -69.0523
169000 4673.39 -77.6563 224.913 -6.04184 -924.421 650.087
170000 4026.1 179.098 867.817 271.432 -180.573 250.058
171000 4575.95 305.355 719.965 -373.789 -462.911 134.951
172000 3944.15 343.386 -210.991 -630.248 -517.535 34.8666
173000 4431.14 40.1661 -366.295 -785.627 -189.68 -679.26
174000 4516.63 739.902 854.507 -413 -467.448 -521.616
175000 4398.71 1109.61 409.664 -129.877 -1345.4 674.664
176000 3949.07 -571.302 -136.429 -48.0202 44.279 -281.913
177000 4926.35 -44.2643 -160.439 -490.584 -582.63 -37.1938
178000 4217.96 -131.244 109.223 -77.6108 -308.501 -641.179
179000 3975.1 850.041 7.01627 -5.8557 45.9309 -166.996
180000 3217.34 486.229 178.704 -177.004 -801.005 -4.32954
181000 3640.72 816.042 877.081 -55.8178 -1076.17 -394.474
182000 4532.67 1051.89 570.352 50.8278 121.676 -435.718
183000 3610.81 677.079 1132.71 215.129 -182.806 -435.326
184000 2991.36 310.358 1010.88 287.642 -143.915 -195.599
185000 3858.8 506.42 776.746 -123.054 -1114.87 -176.092
186000 3676.33 1334.54 651.897 485.925 -997.475 50.2165
187000 2795.42 23.1652 715.872 137.763 -269.701 159.216
188000 3040.16 1294.72 288.212 -91.6499 -274.985 88.5656
189000 2997.68 1001.11 1139.61 20.7318 -78.9665 186.377
190000 2398.45 1130.64 699.205 -233.907 -128.508 -520.285
191000 2237.03 1125.35 826.27 -539.7 5.34701 -516.98
192000 1846.04 556.079 440.837 -71.8678 198.306 184.282
193000 1699.58 762.575 1251.23 -188.291 -73.7761 -15.7037
194000 1815.66 1033.02 1261.15 -273.279 -225.804 -1.65732
195000 1719.33 1255.6 1621.77 -94.3104 -895.31 84.4425
196000 783.061 927.738 934.346 -450.423 21.0058 -288.848
197000 967.977 1903.96 731.007 -107.029 -626.521 -378.042
198000 -36.3948 1538.23 1512.83 342.932 -142.813 323.683
199000 714.66 1528.39 1767.13 -803.585 -582.659 -422.075
200000 192.107 2759.4 1184.84 634.2 -258.805 -117.068
201000 -338.285 2060.87 2457.71 363.967 90.6146 8.08842
202000 346.064 2758.77 1840.99 310.197 -306.437 401.61
203000 -966.296 2200.14 2010.36 317.21 -729.105 216.476
204000 -1651.76 1978.88 2551.69 -55.4833 -529.308 219.8
205000 -1212.63 3125.57 1223.91 426.644 -35.3777 175.031
206000 -1423.93 2760.05 1469 -191.375 -277.223 -198.472
207000 -1314.9 2873.8 1842.57 -468.536 -567.428 -85.6949
208000 -1884.46 2871.67 3100.72 -230.335 -539.818 461.815
209000 -1650.54 3372.31 2809.29 -13.3125 -958.135 280.415
210000 -2589.02 2089.27 2264.42 -650.284 338.778 -368.618
211000 -1945.87 2891.82 2449.88 320.974 104.515 -99.1536
212000 -3615.16 3825.41 3551.86 -518.25 -262.304 -152.12
213000 -2319.12 3464.13 3557.83 -320.153 22.283 -458.132
214000 -2243.44 2489.98 2776.96 49.0528 -904.368 -110.749
215000 -3557.24 3732.16 3293.68 -474.067 -161.009 151.846
216000 -2491.88 3551.8 3470.14 -53.3986 121.595 16.853
217000 -1999.75 3790.24 3359.03 -77.2687 -94.828 469.274
218000 -2853.2 4910.12 3492.26 14.7278 179.839 -76.4866
219000 -3720.74 3961.14 2989.41 440.081 -299.062 401.96
220000 -2415.98 3927.74 3632.04 -231.305 -306.658 -333.162
221000 -3036.57 4015.14 2845.67 -129.437 -754.052 272.037
222000 -2394.32 3062.55 3126.73 -462.435 82.806 90.1414
223000 -1246.34 3549.29 4102.16 -485.735 431.217 -320.331
224000 -3622.71 3188.86 3928.35 -886.39 227.155 -193.521
225000 -2649.66 3410.37 4256.97 79.2195 -358.041 -105.212
226000 -2940.93 3821.72 3682.55 -200.674 -725.292 42.5282
227000 -2715.53 3285.55 3075.54 -532.507 -153.732 797.109
228000 -3417.97 2409.51 4082.65 30.6104 -336.214 -613.502
229000 -1768.46 2752.64 3483.79 -1043.29 -805.752 -162.966
230000 -1894.99 2572.07 3737.36 -36.3776 -836.842 107.426
231000 -2580.05 3119.89 3976.78 567.877 -569.79 -62.1422
232000 -2242.06 3369.99 3547.5 -160.58 -125.031 5.96548
233000 -1573.77 2301.47 3411.9 -368.239 -566.951 -459.259
234000 -1995.35 3879.11 2574.94 -714.196 -533.556 78.3778
235000 -1313.26 3119.62 2617.3 328.021 -372.94 186.691
236000 -1759.72 2515.93 2932.57 -176.79 99.8885 195.258
237000 -1559.91 2295.23 2501.87 688.987 -620.982 -152.371
238000 -670.563 2639.56 2922.53 -455.253 -257.043 237.256
239000 -833.433 2095.48 2034.04 313.748 -488.946 281.743
240000 -1531.73 1961.68 2368.05 86.072 -240.988 372.507
241000 -1136.08 1529.8 2896.18 23.9795 -349.037 329.511
242000 -2.38935 1980.5 2975.55 417.027 -196.607 -318.505
243000 1110.1 1714.19 1416.38 19.9681 -442.854 -112.8
244000 425.369 1466.29 2172.3 -4.4841 -267.211 -224.034
245000 -415.517 1646.74 1800.79 223.608 683.104 501.074
246000 830.663 1848 1496.28 -152.274 -236.769 10.6469
247000 495.072 1469.73 2182.62 -3.38561 -48.948 -228.264
248000 1450.43 1537.62 889.537 -146.993 -216.072 -402.316
249000 1294.91 1073.57 380.627 -296.547 -193.292 -527.828
250000 2114.59 904.454 1747.1 -37.4713 -87.8186 151.174
251000 1454.1 1068.89 1512.42 -186.633 -217.844 10.5885
252000 1538.26 1154.13 1563.99 260.976 613.931 -175.708
253000 2809.51 944.314 1152.86 211.405 -348.215 73.1727
254000 2862.62 -963.587 723.709 -480.616 204.309 177.455
255000 2289.45 538.192 -253.042 472.616 -286.155 -302.234
256000 2756.25 621.073 207.083 328.061 128.546 -683.531
257000 2947.32 -229.547 742.288 559.006 -660.906 -376.427
258000 3049.1 261.631 369.731 310.746 176.747 -308.144
259000 3491.67 -542.324 126.396 141.899 -147.777 -738.281
260000 4343.39 -239.311 69.1985 -259.909 63.5407 -49.2108
261000 3626.36 621.989 1184.95 554.761 -213.92 -210.646
262000 3644.3 -153.461 671.552 199.024 -272.588 219.632
263000 5315.76 -914.197 83.2083 73.2113 -707.943 -65.3037
264000 5000.4 88.5982 -429.978 618.648 -270.914 -598.475
265000 4894.52 -994.685 -368.78 -445.948 -166.173 264.442
266000 3623.71 -549.941 678.37 -244.266 -143.441 -307.088
267000 5102.79 -640.462 -32.6889 646.572 -396.275 466.233
268000 4544.42 120.505 755.275 -208.451 -697.124 180.308
269000 5251.06 -324.106 -681.675 128.092 -669.169 632.459
270000 4397.78 -364.572 273.607 169.457 274.327 350.407
271000 4765.53 -84.6142 -278.523 434.032 -474.437 755.576
272000 4629.42 217.472 -378.528 706.454 51.1324 114.694
273000 3980.93 429.427 246.208 -104.57 -1.22706 -234.56
274000 5160.89 323.722 776.926 551.368 -914.827 -198.585
275000 5201.67 168.054 -625.75 -526.271 -308.219 317.799
276000 4148.84 175.839 -1233.21 37.2682 -674.644 370.324
277000 4383.36 -197.008 476.054 -414.919 17.4985 -67.8041
278000 4898.29 910.352 -128.08 -221.464 -140.177 -324.36
279000 4895.61 -181.219 -337.768 -40.787 195.797 -582.793
280000 3810.38 -173.745 17.0548 104.342 -526.688 -260.597
281000 5034.34 886.506 -1010.84 190.16 -915.796 -522.819
282000 3892.95 611.39 -122.556 69.6973 -318.422 421.309
283000 3414.76 691.804 -251.4 135.579 765.837 217.673
284000 3083.71 721.534 1159.67 14.699 -624.686 97.0866
285000 4037.49 -190.912 456.94 422.451 50.7409 303.792
286000 2949.74 909.273 408.197 36.6413 -490.498 -510.073
287000 2684.7 83.4946 1019.58 156.062 -485.454 -414.629
288000 2831.26 453.037 711.802 60.6181 -455.002 32.9484
289000 2288.95 1570.27 220.941 -469.136 17.5734 -332.167
290000 2778.02 786.027 776.468 246.198 -435.402 -159.874
291000 1776.93 546.247 700.469 -38.4311 -231.238 -585.399
292000 2319.15 1504.29 828.402 -124.76 -137.731 -620.899
293000 1937.86 1589.56 1368.7 -435.713 -13.9344 -670.108
294000 1214.73 2595.39 774.207 554.048 151.138 -334.458
295000 1011.24 1530.99 671.079 292.017 -9.56184 -465.897
296000 1277.55 1406.96 2091.95 299.34 286.328 345.542
297000 1218.35 1440.94 1381.02 79.7002 -659.234 -462.457
298000 1572.74 1290.46 1128.91 -230.021 -359.556 -45.36
299000 870.839 1585.44 1938.51 365.364 -149.494 -175.499
300000 -621.22 1867.97 1911.08 17.7688 -97.1278 -42.7856
301000 -201.419 2161.42 1932.85 -25.2506 -87.9835 184.178
302000 87.2437 2236.59 1436.61 211.055 -981.576 -169.88
303000 -878.69 2102.28 2118.66 -79.7995 119.676 11.9325
304000 -1743.76 2179.42 2530.38 361.485 545.728 -435.793
305000 -429.03 2935.55 2760.18 -87.054 -304.341 -130.609
306000 -1839.56 2111.71 2320.22 -268.488 -130.005 -563.304
307000 -449.553 2287.51 2333.03 -48.9231 -402.356 -728.833
308000 -986.414 3029.81 2411.79 -1006.23 -806.324 -551.163
309000 -2271.66 2644.44 2849.46 -440.264 224.815 168.649
310000 -2112.74 3855.04 3077.93 -140.202 3.85037 -267.331
311000 -2360.6 3690 3298.04 -34.3926 16.4054 -390.498
312000 -1357.27 3648.61 3247.26 -46.5049 116.251 -317.023
313000 -2606.2 3690.79 2902.82 -676.277 -490.703 -384.476
314000 -1992.44 2743.16 3509.84 -144.518 -452.49 -435.634
315000 -2627.57 3647.55 3868.36 -309.634 -302.566 224.481
316000 -2066.26 3696.49 3668.39 -487.426 -643.558 193.36
317000 -2746.31 3219.42 3424.19 538.88 129.759 -25.3188
318000 -1880.39 4018.85 3311.6 -405.193 -519.091 -328.171
319000 -2828.89 3095.89 4052.34 -102.027 -190.272 27.4079
320000 -2118.24 3757.44 4026.52 -1200.44 -697.487 -722.392
321000 -2641.23 3163.25 3528.5 -549.23 -55.3912 -265.093
322000 -2726.31 3263.57 3783.3 -448.331 362.989 -814.617
323000 -1945.2 2263.75 4762.97 -703.442 -106.079 -108.567
324000 -1963.87 4021.7 4444.46 -724.875 -117.139 -409.822
325000 -1801.95 3820.89 3855.07 -857.286 -324.836 -215.866
326000 -1807.09 3614.14 4021.36 -322.694 -538.193 -636.96
327000 -2706.24 3399.13 4589.61 -745.376 -595.16 -122.834
328000 -1865.59 3516.35 3748.45 -760.351 -640.677 -676.248
329000 -2026.72 3654.38 3905.75 -407.7 -724.638 -521.491
330000 -2610.69 3485.64 4774.53 -558.25 471.824 -514.203
331000 -2664.63 3394.49 3389.63 -169.586 -198.517 -448.385
332000 -1465.74 3467.25 3892.01 -690.708 -428.248 120.281
333000 -2717.29 3432.17 2986.94 -102.805 -857.348 -425.49
334000 -1788.78 3085.23 3168.83 -646.554 252.162 -780.342
335000 -1815.7 2743.84 2773.67 -348.666 -264.116 -747.437
336000 -2304.09 3894.76 3300.34 -309.397 -183.946 -3.93688
337000 -836.573 2713.04 2745.01 -41.1004 340.981 -113.156
338000 -1578.86 2447.47 3217.21 -316.978 244.174 -83.6448
339000 -721.319 3101.94 2527.03 174.618 272.762 -131.788
340000 -473.944 2557.35 3382.01 -858.714 352.215 -889.884
341000 -830.244 1959.89 3132.71 -823.857 142.828 -4.13964
342000 -236.311 1752.64 2320.35 -396.198 253.748 91.5883
343000 10.2135 2550.18 2063.32 -1195.76 140.059 -566.162
344000 -201.44 1639.57 2492.17 -997.382 -206.852 -66.3231
345000 326.189 1511 2091.33 -1142.41 -222.966 -377.236
346000 204.101 1325.23 1789.83 -1005.9 236.258 -1422.83
347000 -290.037 1285.34 676.193 -502.597 -305.951 -376.859
348000 859.386 1434.6 702.529 -1070.91 278.466 -732.585
349000 1428.63 2007.38 1577.11 -218.711 224.972 -170.649
350000 2312.53 947.892 1507.49 -518.7 -486.046 -263.101
351000 1781.12 1862.86 1051.49 -329.159 -82.1678 -1005.52
352000 1840.87 1331.16 832.608 -804.689 -979.919 -436.217
353000 1477.88 882.812 1151.76 -566.523 202.623 -669.659
354000 1733.88 1053.63 953.359 -105.397 -441.381 -767.96
355000 2547.92 552.194 543.136 -446.502 195.14 178.807
356000 3438.33 914.144 421.793 -362.248 -675.037 -244.117
357000 2564.9 1406.17 514.517 -573.09 475.839 -288.714
358000 4201.66 905.21 902.135 -1643.54 -193.632 -638.817
359000 3227.5 105.12 1121.13 177.984 315.065 209.96
360000 3948.8 626.672 1307.2 -140.284 45.946 342.052
361000 4922.52 -1038.9 1305.64 -295.392 20.6988 -373.303
362000 4087.63 586.259 501.242 -396.372 -936.958 -241.431
363000 4282.33 -211.465 412.575 -830.922 -838.818 -267.33
364000 5231.71 716.186 -456.643 -223.509 -648.821 -567.236
365000 4719.83 1025.68 143.981 -610.274 -730.532 -367.377
366000 4708.65 -59.4799 -360.889 28.0694 -545.86 -120.566
367000 4306.85 -406.186 14.7968 -227.741 -467.637 -288.502
368000 4851.44 -272.32 661.349 -780.307 -405.451 -482.248
369000 5254.89 401.901 153.998 -788.172 -378.872 -150.507
370000 5125.45 129.402 -876.201 -173.347 207.774 -277.653
371000 4177.97 967.196 -281.515 -54.7821 -274.288 -100.028
372000 4517.43 -880.535 -17.6054 -484.077 -556.849 234.468
373000 5086.22 695.916 -479.384 -218.724 -830.61 285.728
374000 4298.98 122.214 -264.247 -683.532 -666.578 316.119
375000 4573.41 -1291.34 -304.491 -344.015 -802.455 496.443
376000 4915.07 -498.211 32.6629 -20.0205 -474.526 525.325
377000 4073.15 1305.04 -384.408 -651.209 -930.893 361.324
378000 4621.83 -722.017 -91.4489 -120.208 -529.098 273.601
379000 5402.57 -288.405 127.988 -609.413 495.782 142.487
380000 5285.2 227.434 434.932 -706.327 -734.248 323.937
381000 4142.47 -248.255 776.854 -794.754 -349.107 -434.887
382000 4198.22 957.258 33.3836 -582.251 -237.804 191.264
383000 4283.93 441.024 461.072 -776.076 316 -24.5665
384000 4539.83 1021.05 256.236 -751.347 -157.191 -447.345
385000 3583.96 879.765 -390.971 -928.585 -180.919 -227.539
386000 3746.01 -203.336 1139.14 -526.787 -458.286 176.817
387000 2716.03 935.609 482.904 5.10037 -982.504 18.3497
388000 3279.01 1310.29 634.345 -552.395 -1334.43 -106.368
389000 2487.22 920.786 294.816 144.721 -859.267 52.69
390000 2927.76 1098.51 810.385 -628.015 -334.956 137.327
391000 2940.84 785.105 1569.71 -823.625 -836.236 -423.515
392000 2092.9 1543.86 1639.99 -500.989 -326.22 -890.181
393000 1184.52 1803.99 1055.45 -1353.42 -232.052 -309.974
394000 2081.37 2031.93 1027.76 -640.279 555.178 -313.96
395000 1932.4 1991.73 739.92 -874.339 -750.502 441.975
396000 1975.6 1352.34 878.367 -1056.41 -472.108 -44.7941
397000 1922.87 2456.48 982.889 -959.093 68.0575 -435.938
398000 68.7889 1629.91 1537.35 -821.253 -718.671 239.552
399000 253.743 2428.6 1796.39 -832.888 -1340.13 -502.839
400000 475.835 2139.29 2812.21 -243.013 -610.915 10.8653
401000 -458.902 2730.35 2530.57 -1471.73 -64.3875 -276.481
402000 338.773 2242.9 3066.56 -863.974 -527.123 -110.76
403000 45.7184 2000.73 2388.47 -879.496 -169.163 166.107
404000 -565.538 3452.42 2993.89 -260.149 -407.406 466.979
405000 -959.761 3904.22 2200.06 -1429.55 -730.283 197.71
406000 -1373.7 2530.34 2650.17 -1509.05 -681.445 -119.04
407000 -1232.72 2997.67 2400.93 -924.631 -715.581 -335.419
408000 -700.771 3122.93 3190.11 -353.491 -417.111 -429.273
409000 -1038.71 2821.21 2704.27 -1465.13 -489.642 -291.269
410000 -2136.15 3359.6 2683.56 -978.788 -803.516 277.114
411000 -1396.92 3200.49 3521.2 -1302.03 500.922 -424.201
412000 -1402.26 3926.57 3082.51 77.243 165.309 24.3901
413000 -333.379 3133.21 3925.48 -854.356 -270.41 374.567
414000 -2205.01 4091.56 2779.95 -1121.81 -229.387 -124.06
415000 -2269.37 4267.39 3964.79 -515.73 -630.305 -291.564
416000 -2064.62 3464.08 4208.49 -1410.62 -123.4 181.678
417000 -1862.75 3785.26 3205.61 -692.16 -802.169 11.4041
418000 -2314.36 3335.45 3528.83 -424.525 -517.851 1004.79
419000 -2086.5 3581.1 2971.28 -701.728 -433.345 451.488
420000 -1600.36 3317.26 2704.27 -784.061 -541.693 592.441
421000 -1584.79 3662.53 3657.46 -939.984 -550.472 760.532
422000 -2284.13 3615.35 3301.91 -996.662 -351.043 674.25
423000 -2635.99 3439.1 3205.29 -616.978 -656.296 346.816
424000 -2316.63 3921.64 3652.19 -787.295 -654.114 49.9541
425000 -2862.6 3904.95 2660.9 -1206.58 -388.055 203.852
426000 -1890.51 3274.73 3676.84 583.406 -678.971 117.117
427000 -2795.86 4219.78 2936.11 -299.408 -733.747 -156.6
428000 -1809.16 4022.64 3938.25 68.9281 -727.513 -106.826
429000 -1889.19 3311.81 3132.51 -367.229 -396.188 99.6616
430000 -854.938 3651.03 3478.57 -818.554 -473.766 -107.956
431000 -2142.2 4697.79 2878.53 -847.274 -666.904 221.783
432000 -1164.52 3507.78 3381.8 -550.147 -269.615 275.688
433000 -1853.08 3266.81 2801.14 -170.525 -342.709 -73.7788
434000 -2187.4 3512.73 3359.68 89.6632 -754.021 -206.33
435000 -1398.09 2353.02 2359.12 -244.159 -1004.3 374.266
436000 -434.953 2239.96 3508.38 -80.8585 -633.589 -786.413
437000 -151.929 2597.56 2638.43 -696.434 -720.46 -170.571
438000 -915.23 3484.53 2897.31 -381.847 -1290.97 79.2609
439000 -1188.56 2452.9 2824.65 -565.854 -465.821 -453.56
440000 -13.0415 1879.46 3283.35 -542.374 -1045.15 236.534
441000 -793.199 771.693 1607.81 -384.793 -598.193 -144.939
442000 852.755 2265.32 1697.17 -1175.72 -215.585 -126.008
443000 142.102 1667.73 1435.77 -1281.8 -121.048 -153.076
444000 1341.96 1736.74 1603.23 -70.5275 -653.812 130.267
445000 1062.66 2363.35 1946.98 -677.311 -579.909 256
446000 934.517 2353.63 2301.78 -1366.76 43.0715 521.772
447000 2274.06 700.165 1668 -521.098 -1016.63 -337.601
448000 1756.68 1131.1 1251.8 154.694 -641.958 -53.446
449000 1784.75 1385.17 2088.56 -933.701 -1280.96 -184.742
450000 2265.24 1325.88 738.322 -676.921 -807.598 -353.705
451000 2034.16 1198.47 893.674 -1004.12 -388.635 -23.6802
452000 2840.21 799.483 1789.37 -274.54 -265.127 -263.944
453000 2104.46 1306.2 1451.47 -549.199 -791.171 860.388
454000 2511.66 737.453 826.786 -504.184 -1150.15 -168.821
455000 3020.46 1532.34 -611.933 -289.373 -393.726 -368.461
456000 4028.41 1619.48 1044.41 -332.926 -132.788 -452.701
457000 2659.26 614.775 -269.073 -147.799 -267.194 117.908
458000 3092.92 1380.04 712.802 -247.579 -630.289 -247.048
459000 3857.44 -49.6697 743.057 -580.587 21.3679 -67.1075
460000 4243.72 82.2557 265.207 -542.486 -687.857 -67.0118
461000 3439.62 1592.69 -44.8142 -274.584 -1075.49 -630.377
462000 4229.67 -108.186 -469.065 -808.796 -367.973 -616.753
463000 4457.06 822.844 -715.872 -773.99 -204.635 -80.3622
464000 4617.21 225.583 -95.7581 -457.712 -384.266 -124.876
465000 4927.8 -441.809 -390.263 -302.353 -512.312 721.595
466000 4544.31 1158.85 -123.246 -754.239 100.336 -159.386
467000 3983.63 -200.203 -461.095 -902.1 -567.549 391.629
468000 4750.36 237.87 387.63 -1445.8 -614.381 -336.02
469000 5024.11 894.354 -84.173 -988.901 -801.335 -487.053
470000 4310.19 96.0106 -277.69 -105.388 -892.169 82.5677
471000 5556.18 719.666 -12.4637 -927.442 6.30917 495.637
472000 3301.92 1195.35 -535.219 29.1498 -1137.39 177.802
473000 3785.79 811.339 -3.17365 -702.817 -8.311 41.7223
474000 3821.42 -47.9354 41.4211 -46.6895 -493.506 -43.9612
475000 5560.95 -77.5678 175.717 -623.432 -332.521 836.492
476000 4042.08 -355.978 -814.898 -585.663 -807.305 -40.7444
477000 4600.42 863.654 -752.698 -532.984 -372.884 -291.551
478000 3700.94 1389.57 811.658 -323.224 -269.711 192.428
479000 4267.43 492.194 -328.21 -25.132 63.6972 213.061
480000 4949.33 348.307 -336.129 -544.546 -809.745 131.738
481000 3165.33 1442.28 -248.768 -508.545 -689.966 201.764
482000 4433.98 638.893 -97.7754 -612.17 -596.122 735.192
483000 3359.07 579.709 243.819 -838.695 -1136.21 -159.48
484000 3315.51 1348.2 -746.558 -855.664 223.477 910.251
485000 3911.14 1764.61 958.148 -208.249 -409.286 354.222
486000 2769.97 136.757 786.316 -496.746 -367.49 61.5693
487000 3069.58 1451.59 519.176 -935.906 -778.907 222.871
488000 2930.15 136.984 921.566 -1094.72 -1376.6 766.142
489000 2721.65 1289.38 1041.98 -295.418 -833.453 296.859
490000 2535.73 1612.04 973.891 -435.618 248.965 265.558
491000 2191.82 992.619 834.483 -522.378 -707.14 -117.34
492000 1904.65 1238.75 93.8216 -933.531 -250.489 405.007
493000 2611.38 1410.69 1936.38 -587.37 -508.21 833.725
494000 877.912 941.849 1954 -1038.16 -787.532 -773.215
495000 -421.132 1454.73 1805.69 -388.779 -241.959 208.333
496000 1484.27 1729.98 1392.84 -777.487 -748.073 -86.2671
497000 766.141 2155.63 998.069 -1008.34 -271.776 236.262
498000 920.066 2488.81 1698.6 -1608.24 -908.01 184.433
499000 -274.752 2542.01 2175.59 -729.566 -697.265 466.87
500000 -987.461 2791.17 1605.37 -754.674 -1026.89 605.32
501000 -864.293 3262.77 2379.73 -798.794 -940.28 344.649
502000 -496.193 2140.52 2692.85 -652.701 -1040.63 750.65
503000 -3.09959 3206.29 3273.18 -1092.72 -667.48 164.656
504000 -752.915 2251.68 2230.08 -918.555 -494.875 418.924
505000 -1385.67 1618.71 2419.13 -1092.74 82.6151 792.143
506000 -945.136 2295.96 3084.25 50.3366 -369.185 -449.976
507000 -852.986 3462.48 3423.67 -516.22 -514.995 1293.81
508000 -1299.52 3616.53 3050.41 -774.874 -291.659 233.58
509000 -1262.35 3547.67 3888.51 -1130.06 108.626 -229.084
510000 -2157.24 3257.98 3215.86 -101.134 -442.472 326.134
511000 -1217.91 3187.31 3490.75 -424.949 -393.623 192.75
512000 -2547.11 3895.7 3852.71 -833.893 -281.162 -612.101
513000 -2442.53 3909.82 2330.38 -524.387 -362.993 54.5326
514000 -1440.41 3908.31 2798.44 -277.172 -588.843 54.0046
515000 -1695.14 4184.82 3487.29 -759.163 -701.401 -505.598
516000 -2451.1 4586.97 3659.31 -802.942 -832.421 610.692
517000 -1932.84 4644.14 4362.69 -678.524 -271.306 -58.1462
518000 -1894.29 3879.31 3933.59 -530.097 -543.401 167.984
519000 -2351.97 3747.29 3762.3 -741.543 -62.1215 352.942
520000 -2764.51 3764.1 3506.78 -791.892 -456.275 -50.267
521000 -1965.88 3897.13 3496.04 -245.767 -627.869 -105.825
522000 -1312.99 3805.7 4033.93 -1222.81 -19.7297 40.9495
523000 -2849.79 3407.33 3629.89 -681.049 -522.127 -18.5267
524000 -2272.3 4808.13 3160.3 -979.507 -190.143 117.04
525000 -2535.22 3661.63 3356.4 -964.834 -352.851 50.1772
526000 -2846.82 4391.67 2336.34 -1053.03 61.4618 -425.28
527000 -1569.87 4397.11 2813.91 -618.29 -545.864 411.997
528000 -905.553 3359.1 2945.53 -453.466 -269.798 -64.8259
529000 -1151.1 3989.93 2498.14 -491.487 -487.569 -335.807
530000 -1664.41 3547.34 2890.63 -479.04 -650.919 -339.309
531000 -1106 3361.19 3307.15 -760.785 -607.038 -463.72
532000 -1534.17 3354.35 2653.87 -743.617 259.409 -222.957
533000 -1041.29 3480.07 2786.91 -418.679 -725.774 68.0486
534000 -1283.94 3323.25 2723.93 -127.085 170.19 100.942
535000 -1537.17 3207.52 2987.76 -392.352 -276.313 481.452
536000 -966.539 3095.97 3147.05 -64.9103 -209.383 892.298
537000 -1341.62 2497.7 2145.48 -989.435 -1458.79 38.6754
538000 -577.969 3783.07 2690.99 -122.279 0.219463 618.952
539000 -898.241 2064.99 2349.65 -991.068 471.197 421.947
540000 -736.229 3039.29 1906.24 -462.799 -1092.41 -293.68
541000 886.703 1841.55 2715.94 -906.635 -89.7083 -125.357
542000 747.135 2212.59 1944.06 -534.872 -680.567 254.193
543000 351.106 2788.69 1139.2 -496.571 -1092.16 177.704
544000 365.383 2239.9 2310.16 -617.503 -690.252 379.691
545000 820.502 1834.56 934.416 -171.069 -196.159 148.991
546000 948.898 1747.4 1686.73 -337.113 672.886 937.179
547000 1756.03 2223.73 1967.87 -428.99 -694.271 219.523
548000 1913.75 993.062 1520.5 -392.463 -171.793 -583.892
549000 2887.55 935.536 1902.52 -722.606 810.984 473.44
550000 1643.37 1212.22 648.51 -730.277 145.531 710.988
551000 2864.33 415.61 730.423 -29.2062 -396.929 -606.186
552000 3341 606.543 1485.45 -452.565 -40.4551 73.2323
553000 2757.9 265.591 549.567 -759.295 41.1756 80.9979
554000 2555.63 1264.26 273.679 -532.924 -5.35825 287.717
555000 3266.5 662.651 754.494 -408.841 -128.61 332.353
556000 2853.29 738.652 -187.337 -510.404 -142.201 -317.17
557000 3820.92 747.53 -72.3786 -2.62123 -429.713 254.419
558000 3102.66 44.4742 -36.2753 -495.847 -414.005 231.208
559000 3735.12 -64.1726 417.976 -263.302 -20.1787 -15.1899
560000 3983.19 -151.082 925.7 -764.645 -416.993 -130.735
561000 5066.85 8.08203 894.623 218.045 -75.9566 1047.99
562000 4332.39 241.467 68.6244 -529.843 607.053 503.858
563000 4441.71 -292.127 153.027 -520.753 -68.8013 35.8955
564000 4517.92 -191.83 634.669 39.2558 -380.912 1098.16
565000 4682.37 585.707 -207.147 -133.057 -526.405 185.009
566000 4494.08 763.932 1151.39 -112.52 636.767 512.603
567000 5249.1 115.161 1079.58 -307.363 77.7806 -43.3355
568000 4767.71 -630.566 667.905 -638.109 -118.198 862.221
569000 5370.16 -225.15 956.094 29.7798 -29.5749 243.958
570000 5143.88 648.284 -231.872 -391.307 -864.893 306.95
571000 4860.72 -170.239 352.827 -654.424 -311.253 -295.738
572000 4575.57 -376.724 48.6195 -1121.83 42.7828 474.588
573000 4405.98 -238.331 264.065 -794.586 -569.806 403.93
574000 5684.31 -10.8842 -845.326 -639.278 452.859 282.686
575000 5478.49 343.801 -636.967 -474.166 -103.783 780.779
576000 5888.29 84.5397 138.923 -652.027 -317.356 329.965
577000 6177.57 724.937 20.3373 -1207.71 -165.431 372.365
578000 5833.45 342.619 -555.214 -386.292 48.2415 182.418
579000 4502.62 336.329 550.929 -555.33 -152.405 387.661
580000 4830.78 474.406 610.031 -1094.78 896.471 -31.2005
581000 4069.05 -201.653 1189.25 -302.326 -455.567 -178.087
582000 4751.6 218.822 585.938 -882.632 -38.7233 -384.311
583000 4211.52 76.8044 -146.1 199.678 -20.2331 28.8184
584000 4203.31 434.51 971.944 -752.143 -615.855 -1.27454
585000 3946.82 332.909 547.537 -532.97 418.884 462.597
586000 4085.78 1214.1 864.907 -631.062 -22.8353 122.194
587000 3069.17 29.8851 754.412 -253.159 -344.012 87.7813
588000 3224.85 129.995 1435.9 -246.223 -681.31 210.741
589000 3448.1 676.293 853.887 -240.445 -184.843 -114.238
590000 3850.36 1002.96 1666.8 -412.6 388.24 305.502
591000 3244.59 1200.94 383.588 -457.49 422.946 -115.607
592000 2399.45 982.32 1200.12 587.58 -557.829 -107.42
593000 2065.07 1079.9 288.63 45.056 -119.91 40.1943
594000 1863.16 1013.93 563.314 -544.236 562.236 -133.074
595000 1671.24 288.881 1490.63 -520.744 -78.7428 -141.134
596000 1657.96 1940.35 1911.72 -320.929 -168.772 -662.903
597000 2077.88 1042.42 1316.68 -122.893 400.996 -392.783
598000 1710.19 1642.58 1855.41 537.5 -326.219 -1300.75
599000 1703.42 1775.2 2012.22 -1134.32 85.7121 -475.179
600000 767.02 2515.25 1635.35 -182.971 -19.6897 -416.056
601000 -63.0344 2369.12 1484.31 10.061 273.5 -157.758
602000 293.807 1588.58 2775.07 -475.606 318.482 124.248
603000 -335.662 1974.69 1899.41 0.579534 461.804 -449.926
604000 326.545 2383.45 2042.78 -757.561 783.575 -543.634
605000 -945.809 2406.75 1750.39 266.638 432.829 -10.7716
606000 -1165.94 2659.48 2518.63 -430.392 44.7402 189.191
607000 -581.105 3002.29 2431.78 21.3617 816.195 35.6134
608000 -895.126 2199.44 2910.06 303.665 416.07 954.977
609000 -1263.74 2385.99 2072.54 -115.14 249.215 -275.889
610000 -476.708 3132.55 2906.51 -299.649 502.297 528.492
611000 -1243.41 2733.01 3190.6 -642.072 363.397 115.292
612000 -701.79 3846.52 3439.34 -589.624 -55.0072 -374.464
613000 -1760.7 3836.37 3258.39 -1124.7 -152.062 621.134
614000 -1754.87 3255.06 2320.16 -311.312 -428.135 156.489
615000 -1113.86 2547.09 2984.4 -789.053 176.103 569.356
616000 -1847.71 3471.06 3697.13 -248.756 724.655 391.469
617000 -859.423 2708.79 3177.8 -323.506 -101.612 58.0635
618000 -1565.27 4186.11 3164.65 -793.323 1151.39 527.667
619000 -855.406 4294.2 2829.09 75.0721 -15.7342 -339.79
620000 -256.319 3362.68 3425.56 -382.441 -597.702 873.363
621000 -552.551 3368.92 2713.71 -449.192 841.531 -245.615
622000 -1995.13 3344.2 2172.08 -658.567 415.826 590.288
623000 -1322.3 3891.84 2603.69 49.8495 304.87 396.278
624000 -2564.8 3766.93 2517.34 -119.323 401.093 117.853
625000 -5.16295 2676.39 2544.05 38.4395 -526.458 136.713
626000 -1061.44 3503.94 1671.3 -626.696 -655.038 -895.481
627000 -1854.26 2602 2726.76 -657.343 130.466 -151.718
628000 -1295.45 2677.43 1949.7 -465.207 532.438 91.7368
629000 -1338.71 2586.05 2302.62 -353.952 -244.398 -730.25
630000 -780.435 2952.96 2729.33 -419.811 328.627 -469.378
631000 -1591.94 2638.93 2192.37 -907.576 -0.75616 449.442
632000 -718.297 2463.39 2124.25 427.234 231.981 -586.092
633000 -809.906 3609.44 1560.57 -598.939 -218.892 -399.11
634000 -128.276 3116.91 2662.63 -30.0634 -273.725 37.9565
635000 -1068.05 2867 2050.6 -494.638 -332.486 4.18761
636000 711.45 2119 2303.63 -547.171 -142.984 -179.538
637000 437.2 2839.61 2255.78 -622.874 -140.604 -73.1196
638000 639.252 1685.28 1986.5 -473.159 243.719 221.75
639000 1501.9 2947.04 2057.36 -667.812 -135.982 772.661
640000 1262.3 1251.4 1736.74 -640.895 -251.966 -122.527
641000 14.0295 1842.59 2311.24 -742.661 319.135 -156.219
642000 -101.473 2144.02 2038.87 -50.315 -558.143 166.543
643000 1232.45 1845.94 1327.34 -614.879 -60.7069 68.3184
644000 1718.36 1411.91 1442.41 -494.358 44.8439 421.999
645000 1384.85 1640.62 -343.119 -196.543 -172.062 69.7589
646000 1935.27 1353.73 990.535 -106.188 797.787 643.769
647000 2403.95 1397.97 974.87 -213.513 119.085 -101.878
648000 2514.42 1333.53 1589.01 180.756 -129.787 105.608
649000 1448.74 1283.99 308.48 -154.477 424.826 113.489
650000 2039.81 511.928 899.494 -328.778 522.384 374.929
651000 2234.03 614.128 478.235 -369.445 158.41 -538.832
652000 2882.14 541.504 533.296 22.8006 -337.941 218.012
653000 3221.89 337.528 738.34 -43.5337 595.762 -160.92
654000 2754.63 555.251 449.4 -488.363 -147.786 218.496
655000 3973.18 698.05 196.771 -351.073 -109.154 166.888
656000 2929.11 849.509 -306.578 -95.4666 379.235 -405.049
657000 3231.69 462.765 1034.4 -598.542 56.4888 -523.469
658000 3964.36 88.6372 314.131 -481.892 -122.345 -180.471
659000 3477.62 -289.461 -187.447 -660.295 361.635 -488.742
660000 3775.89 -746.932 131.278 -655.353 74.9155 -388.521
661000 5204.59 -48.4869 -858.722 -359.473 255.962 -104
662000 4905.63 65.5099 641.681 -178.85 297.58 486.475
663000 4867.72 17.2351 -624.63 -514.869 319.315 218.306
664000 4788.47 -314.389 267.58 -275.186 669.17 381.09
665000 4491.79 -893.718 -423.769 -676.607 235.818 216.532
666000 5557.14 832.434 -329.958 25.0285 137.321 275.509
667000 5628.92 633.898 -312.993 -1143.49 557.13 -921.895
668000 5776.08 -950.733 -193.788 -518.601 185.434 -48.3311
669000 5273.59 -237.907 -72.1858 -778.586 1073.57 252.253
670000 4765.4 769.792 672.998 -258.126 461.912 -137.342
671000 4956.51 -203.529 641.331 -215.176 764.135 617.927
672000 5930.18 -489 -442.937 142.74 621.098 -155.115
673000 4738.02 567.006 16.2002 -756.502 -404.81 -130.031
674000 4892.06 -260.528 -69.9247 -619.44 690.996 -46.3262
675000 5271 306.693 -107.169 -701.176 -146.092 -303.416
676000 4118.12 688.734 -466.551 -525.786 125.563 364.594
677000 5134.21 370.147 291.711 -482.782 333.414 320.179
678000 4971.55 -141.899 -452.534 -677.942 11.516 -557.449
679000 5118.71 -66.1535 951.949 -726.416 68.9225 -929.179
680000 5096.89 -108.244 -629.167 -17.7287 367.124 62.5678
681000 4659.76 -468.186 -163.257 -3.42287 -261.489 -784.28
682000 4277.76 37.2392 176.596 -482.784 976.597 -387.01
683000 4919.57 167.21 -495.776 -822.576 66.8662 -103.729
684000 4512.4 -39.5237 -423.121 -414.441 -106.311 400.452
685000 3535.55 -128.277 646.812 -774.17 743.543 198.617
686000 3343.25 1197.08 195.467 -473.928 429.307 -532.643
687000 3286.24 1225.98 1016.4 -928.532 413.731 -877.906
688000 4011.61 1288.92 694.99 -282.717 836.131 765.185
689000 3298.02 361.513 471.299 -74.1329 -238.588 -44.7513
690000 2265.89 1532.72 1205.96 -394.616 924.257 590.289
691000 2708.46 1414.06 507.705 -514.716 458.808 -411.318
692000 1971.69 2015.63 861.252 -287.181 581.464 214.202
693000 2842.18 807.058 2087.45 -656.114 151.238 -176.323
694000 2147.76 1672.45 1189.19 -176.455 -119.456 -79.3414
695000 1200.77 1811.04 1173.58 -792.864 612.933 87.9962
696000 961.758 1299.55 2386.56 -468.189 312.714 202.563
697000 930.825 2545.39 493.874 -588.108 225.046 -297.809
698000 1420.03 2073.55 1391.89 -572.737 708.535 -611.347
699000 61.9932 1551.74 1964.81 75.5596 -83.665 -555.274
700000 525.425 2620.86 2423.52 -473.489 -163.071 168.173
701000 437.854 2089.52 1995.46 -406.546 196.104 220.185
702000 -292.766 3380.8 3007.2 -913.213 -129.96 -506.488
703000 -956.316 1715.6 1738.22 -422.131 -495.763 -134.691
704000 -269.318 1968.21 3378.84 -264.318 842.499 -399.949
705000 -513.298 2503.51 2173.8 -273.204 -131.93 -543.711
706000 194.819 2184.56 2971.28 -427.951 52.5807 -49.0656
707000 181.421 2874.85 2003.43 -636.317 -70.2669 188.746
708000 -381.578 3066.01 2954.76 -507.055 115.618 -198.396
709000 -638.15 3377.55 3175.32 26.4854 -162.912 -227.665
710000 -1125.15 3305.11 2342.81 -140.381 147.977 57.6653
711000 -1142.92 2689.71 2754.83 163.159 919.053 -445.553
712000 -2316.33 3121.58 3348.18 -284.305 -247.209 -341.592
713000 -1503.75 2776.08 1946.66 322.618 564.164 -413.416
714000 -1400.46 2989.91 3047.18 -271.264 129.982 -80.9524
715000 -2106.66 2652.35 3271.35 -470.732 253.285 -500.518
716000 -897.261 3241.47 2869.49 -153.132 353.991 60.5974
717000 -513.444 2595.07 3322.84 207.468 -236.737 -761.054
718000 -1084.09 2354.02 3327.59 -210.638 -53.4352 -176.441
719000 -2140.61 2487.64 3949.55 -265.159 -269.471 -278.668
720000 -1945.39 3515.49 4076.69 -516.257 25.7868 -143.319
721000 -2339.98 2919.45 4710.83 -172.679 93.83 -127.337
722000 -1173.79 3753.32 3031.57 -71.7616 95.9664 -290.706
723000 -1795.99 2721.96 3654.19 -551.752 343.446 268.863
724000 -1920.64 2938.67 3597.77 264.574 -453.072 -413.241
725000 -330.028 3363.01 3855.38 -637.44 225.967 -19.3969
726000 -1564.78 3059.75 3410.35 -455.987 -285.732 320.606
727000 -1076.57 2734.67 3003.34 -536.803 -612.239 736.283
728000 -1646.49 3742.69 4142.46 73.2624 552.688 474.673
729000 -1105.86 3040.21 3452.28 459.036 -708.307 641.991
730000 -1115.03 2557.06 3466.52 -171.055 -120.688 -245.857
731000 -1215.94 2727.9 3389.11 233.125 239.924 73.2062
732000 -820.685 2846.72 3442.53 205.249 -506.626 137.425
733000 -725.059 1812.22 3093.6 -587.202 283.108 -384.965
734000 -1131.01 3376.19 2998.95 -283.284 -38.197 -401.15
735000 -45.7952 2488.2 2399.69 -299.99 228.496 12.4431
736000 -397.682 1768.82 2317.53 -747.944 231.091 571.857
737000 52.6069 1637.93 2526.53 -277.109 20.4084 205.545
738000 -83.4418 1954.53 2130.65 62.6948 -648.589 380.336
739000 -177.503 2259.49 2509.86 -770.968 1031.85 -592.744
740000 247.418 1649.48 2456.1 209.145 -205.356 -762.479
741000 131.786 1822.11 1949.26 -587.706 330 122.228
742000 -385.695 921.71 1667.88 -821.986 1198.64 -165.569
743000 840.456 2123.86 1993.93 585.463 -708.431 341.94
744000 1888.11 1670.86 863.438 -616.453 272.644 -55.8528
745000 1568.63 1764.75 1716.57 -305.359 569.801 433.659
746000 1770.84 1234.27 1605.85 80.6186 -89.9668 439.285
747000 1735.37 286.927 763.029 -496.527 864.509 253.81
748000 1907.77 542.198 1590.4 -855.74 -376.458 66.1033
749000 2278.32 1236.9 781.149 -211.217 188.812 258.797
750000 2419.54 -398.683 886.731 -337.166 796.36 -294.162
751000 2616.99 -102.336 302.336 -126.757 -219.137 411.669
752000 3238.3 -4.15333 -369.915 -228.292 141.338 -209.765
753000 2958.52 400.12 86.5904 -121.758 379.15 -423
754000 3071.98 697.331 1072.2 27.8303 369.977 -63.9897
755000 4550.64 377.654 505.026 -53.0359 320.103 36.7535
756000 4210.94 -460.116 -743.236 -635.465 287.134 205.873
757000 3812.63 -115.272 258.73 -1069.01 113.031 -409.919
758000 4901.06 -1020.12 473.819 -526.832 217.577 596.478
759000 4502.85 -47.5947 -65.16 -253.665 -34.9194 -69.4345
760000 5420.98 -422.734 -254.927 -194.553 819.712 -704.904
761000 4754.07 -213.383 -653.408 -365.02 755.038 304.953
762000 5031.23 -579.005 289.68 -463.068 153.554 815.973
763000 5579.57 244.263 -905.652 -367.679 305.31 390.688
764000 5026.5 -135.938 -662.596 -465.003 295.614 243.84
765000 4786.03 38.306 -77.5868 -243.6 165.01 46.2562
766000 6480.07 -297.417 -524.545 -780.504 -168.438 567.097
767000 5338.35 284.081 -142.415 -329.495 902.247 70.8053
768000 5409.1 9.82636 -360.04 -68.2025 391.778 147.324
769000 5006.92 -749.8 508.058 -135.201 126.309 30.5215
770000 5980.26 -659.38 -394.717 -362.392 251.337 19.1253
771000 6364.91 -24.1194 322.535 -303.769 -390.356 373.754
772000 5496.77 100.135 993.7 -886.008 -275.547 102.997
773000 5258.18 -1209.63 -230.408 143.328 25.4734 -101.274
774000 5279.27 124.728 -396.029 -183.293 331.556 477.157
775000 5811.55 621.578 590.141 142.437 -352.73 -95.7352
776000 4782.03 -654.963 -656.18 -379.547 -277.488 -223.548
777000 5312.66 -301.955 -524.406 13.5632 -478.242 144.843
778000 4628.76 -352.026 -95.3456 -1.03431 -553.156 329.469
779000 4528.79 140.056 508.074 -679.378 -123.978 322.094
780000 4305.66 551.587 218.056 -230.22 239.583 228.607
781000 4398.34 434.365 335.906 146.196 -132.269 408.143
782000 4054.43 -285.091 -507.907 -673.908 -535.286 239.86
783000 4432.97 328.284 -116.649 -576.294 -247.534 401.632
784000 3227.85 494.806 639.797 -5.94481 -112.386 364.457
785000 3355.21 396.629 871.633 -649.861 -104.555 1203.31
786000 3313.82 866.462 -11.4652 -637.271 -752.484 -381.071
787000 3713.31 -58.7552 -152.045 -187.679 -302.51 -2.40017
788000 2532.44 406.078 245.942 -827.153 -380.664 -91.8339
789000 1866.78 -7.11827 860.458 -1343.02 10.7368 206.991
790000 1946.95 2590.82 1111.99 -305.446 27.2711 -281.98
791000 2486.27 412.604 1022.84 -343.079 73.4762 -275.091
792000 2863.02 235.372 837.303 -44.5378 138.42 515.311
793000 1252.52 1350.22 1673.97 60.5353 -29.756 -313.003
794000 1359.14 1134.49 1611.8 326.587 170.279 40.6741
795000 968.089 314.651 1394.7 39.5302 -25.4444 390.327
796000 703.16 1290.14 2162.52 -479.737 152.351 796.515
797000 461.581 1279.74 1731.44 -291.802 413.251 407.531
798000 -523.959 1446.06 2277.85 -493.797 -329.66 217.818
799000 207.877 546.839 1706.95 204.296 -242.937 551.096
800000 706.842 1877.34 1790.88 -251.227 -632.679 -345.823
801000 461.952 1261 1817.11 -473.952 -92.4831 -470.741
802000 -144.848 1118.92 2198.39 -580.177 -510.776 -206.299
803000 -416.753 1873.88 1937.31 327.4 -420.538 -350.382
804000 -410.57 1870.82 1958.58 39.8837 224.733 53.4187
805000 -1013.39 2966.04 1671.74 -227.312 551.824 576.251
806000 -544.907 2113.77 2468.91 -387.726 -110.803 524.013
807000 -723.834 2434.89 3232.83 -431.771 231.579 82.7873
808000 -1280.65 3288.79 2170.71 -149.438 -53.2018 -652.006
809000 -1282.78 3407.27 2861.09 -382.027 -450.321 517.044
810000 -1403.49 3249.61 2976.38 -353.672 -335.288 315.005
811000 -1693.44 4061.3 2519.67 -462.156 -323.218 187.284
812000 -1635.29 3058.16 2782.01 -828.142 278.929 562.833
813000 -1475 3081.34 2837.99 -125.229 -715.666 532.433
814000 -2138.76 2222.19 3629.55 -107.021 -588.185 707.548
815000 -1204.56 2989.89 3430.2 -759.836 90.2362 -252.106
816000 -1929.08 2476.96 3981.04 405.051 -341.085 673.983
817000 -2551.89 2382.01 3043.36 189.306 329.78 263.725
818000 -1875.71 3052.74 3132.27 334.208 -524.255 452.908
819000 -1104.81 2273.08 3740.47 -35.1229 -483.673 -29.3735
820000 -1167.06 2997.6 4275.76 417.692 -508.634 223.666
821000 -113.472 2702.03 2721.28 -517.41 -506.05 -499.868
822000 -746.915 2757.16 4125.37 -712.543 -448.225 305.947
823000 -2158.01 3579.24 2667.26 -659.875 -422.304 783.416
824000 -1597.28 2970.66 3602.8 25.3123 -777.798 -344.195
825000 -1086.4 2459.28 3305.83 -1244.3 -623.425 -324.933
826000 -1267.48 3460.23 3074.87 -116.545 -659.266 -28.0179
827000 -1281.93 2421.54 2509.5 -443.54 135.094 522.988
828000 -630.995 2921.07 4345.56 -153.215 -628.498 308.643
829000 -811.94 2728.96 3432.82 192.435 51.0078 485.734
830000 -905.493 2490.53 3225.44 -244.376 -379.547 892.419
831000 47.3667 2252.72 2730.32 1.31218 166.748 -255.379
832000 69.1364 2325.54 3324.73 -886.623 135.225 -214.352
833000 133.516 3284.2 2561.93 -914.23 72.8151 8.57108
834000 215.119 2634.5 2886.59 -398.705 -130.395 18.2211
835000 -414.568 1977.26 1956.78 -452.034 -274.603 721.329
836000 676.226 1456.58 2555.76 26.7135 624.221 -39.4708
837000 153.343 2092.11 2340.46 -887.262 -281.482 259.042
838000 399.429 929.449 1235.69 -489.176 47.6209 599.125
839000 180.176 1513.8 1826.36 -723.669 -27.6499 83.6847
840000 1133.71 1548.5 687.821 -473.154 -118.175 -240.328
841000 1834.91 1081.27 1397.55 -871.638 65.5836 -581.579
842000 926.857 1589.09 2022.37 -164.165 15.193 -535.979
843000 1599.13 1273.95 1774.47 -469.366 -349.474 -501.493
844000 1138.5 1197.32 1238.52 -1035.78 -66.687 -273.635
845000 1265 1750.89 1770.51 -330.801 -492.411 -148.857
846000 2277.15 1135.57 1719.04 90.494 120.683 -222.36
847000 2010.44 233.332 1032.89 -1167.84 -98.5795 -264.688
848000 1994.08 1023.73 1594.33 28.1605 -221.888 -425.491
849000 2661.53 1812.08 285.703 -418.807 -730.718 -324.29
850000 2870.91 313.008 1303.03 -740.919 -250.3 -1162.59
851000 2337.99 884.135 1593.66 -830.075 249.444 -484.374
852000 2131.69 709.312 1568.6 61.6503 -140.753 -842.03
853000 2731.86 593.326 929.732 -802.537 -459.823 -340.396
854000 3348.31 1127.35 1955.97 -369.87 -409.301 -488.767
855000 3060.67 793.479 19.5545 -765.892 -319.142 -297.009
856000 2745.48 322.151 89.8464 -610.907 62.7706 -332.069
857000 3551.93 282.374 975.463 -1083.81 -55.9071 -372.998
858000 3694.52 454.095 664.781 -357.957 -372.943 -966.141
859000 5027.69 -235.481 418.524 -394.884 -550.744 -775.193
860000 5080.84 -1065.67 -157.9 -267.968 -326.351 -468.327
861000 4493.15 -964.124 1039.62 282.347 -528.276 -789.055
862000 4695.96 429.05 33.7915 -194.068 -666.264 -514.968
863000 4937.5 43.5704 -348.336 -320.247 -59.7184 234.744
864000 4916.67 335.238 562.467 -782.906 -1082.09 723.128
865000 4469 340.734 -1209.73 -962.542 111.008 2.58351
866000 4941.1 -1011.51 426.518 -845.36 -783.122 -63.1749
867000 5071.36 -1162.9 421.428 -726.147 182.194 -407.109
868000 5491.7 -383.659 -680.124 -1127.47 -114.437 -347.736
869000 4991.1 -583.888 -605.956 -409.959 -302.314 118.523
870000 5299.78 -903.742 -709.72 -177.257 60.335 -216.767
871000 5370.36 -538.983 460.935 -419.816 -407.74 27.5784
872000 4500.98 -445.234 -129.007 -318.536 -597.883 126.684
873000 5057.31 -211.589 457.55 -368.705 -41.8965 305.082
874000 4951.75 5.70232 1234.7 -102.8 -228.87 463.486
875000 6601.44 -1056.1 -392.839 -321.179 38.9527 215.237
876000 4569.45 -1427.74 646.339 -709.677 414.009 -79.2571
877000 5765.96 -967.619 -113.04 -149.485 -1014.3 -6.20428
878000 5692.23 -1190.6 64.3587 -592.659 -929.435 -116.643
879000 4697.73 138.368 712.632 -1057.56 -450.669 278.5
880000 4079.42 -461.389 577.133 -865.618 -277.531 -35.2025
881000 4939.11 -140.153 904.179 -883.852 500.175 -191.041
882000 4377 -77.8326 1088.38 -694.253 -75.7887 -457.914
883000 4247.15 1059.38 513.371 279.913 -272.615 -166.769
884000 3873.69 118.659 -154.535 -993.705 -413.705 380.377
885000 4453.35 272.406 112.166 -866.782 159.739 -454.848
886000 4012.54 406.796 1048.57 -255.492 -505.031 -700.951
887000 2536.11 466.796 1219.75 630.075 99.7316 -488.243
888000 3092.56 312.896 700.386 422.322 435.63 -599.378
889000 3483.82 317.427 1006.46 -247.521 309.441 -981.732
890000 2433.33 -393.25 1554.17 417.05 -258.844 -653.407
891000 3196.49 1318.64 1354.86 -9.72929 68.6092 -595.921
892000 1956.15 1310.91 1467.22 -173.133 591.675 -804.081
893000 2460.58 407.158 1961 -424.996 -46.0126 245.558
894000 2808.06 823.662 2388.92 -363.477 -306.479 -371.193
895000 2184.76 1345.27 2817.56 -47.5201 -693.844 -24.8378
896000 1481.99 1498.99 1833.7 -108.795 213.437 731.839
897000 1418.12 1595.76 2920.22 -135.546 290.425 56.6567
898000 941.746 695.144 1457.3 302.791 -328.826 -416.965
899000 1297.16 1325.58 1263.42 -101.203 -3.07073 -166.45
900000 1183.97 1774.98 1466.24 -621.388 -4.69274 -245.222
901000 107.594 2051.22 1880.34 -143.934 -121.084 378.039
902000 763.024 1593.13 1910.7 -280.327 698.577 -338.26
903000 13.0779 2083.7 2652.63 -864.456 -9.00327 432.728
904000 -665.914 2390.27 1888.05 77.8099 55.8362 130.443
905000 -187.309 2413.31 3365.18 202.097 381.67 103.943
906000 -886.366 2545.26 1871.34 -824.12 633.053 106.419
907000 -756.164 2372.24 1824.81 -316.998 300.373 18.5963
908000 -1481.23 2283.35 3186.41 -288.841 251.428 -465.246
909000 -1002.09 1532.37 3493.25 -227.246 -395.54 165.593
910000 -1431.62 3346.94 2465.84 -372.102 333.6 -622.178
911000 -1320.85 2974.81 3441.15 -120.323 355.096 -24.5542
912000 -834.69 2370.47 2819.62 -437.68 600.34 -261.815
913000 -983.449 2938.56 3451.94 121.87 193.576 -150.73
914000 -635.356 3234.05 3120.52 554.339 -148.804 177.409
915000 -1411.55 2141.07 4104.1 -288.189 268.446 -639.628
916000 -1288.08 2715.74 3685.27 -343.327 748.556 125.454
917000 -1591.85 3314.99 3221.45 -18.6723 -358.844 -568.393
918000 -1733.52 2980.42 3370.18 -1329.93 -19.4879 -501.139
919000 -995.596 3777.71 5220.65 -368.027 447.863 -319.769
920000 -881.594 3197.96 4035.73 -1208.3 -294.643 -333.249
921000 -1311.62 3060.84 4559.81 329.11 -126.055 -387.101
922000 -569.066 2422.27 3165.39 -468.398 39.1054 -887.511
923000 -1523.01 2639.81 3685.42 62.2608 -24.065 -566.668
924000 -912.696 3121.74 3723.76 -317.929 1123.87 55.1853
925000 -1975.84 2286.6 4037.67 -501.98 436.328 -252.79
926000 -924.865 2479.73 3181.83 52.231 -333.393 -553.336
927000 -1218.35 2568.74 3191.74 -240.423 373.906 -341.099
928000 -31.0354 2538.49 3640.13 -440.058 -478.145 -424.716
929000 -816.447 3193.15 3334.23 -487.154 -312.239 35.0938
930000 -932.615 3065.56 4168.8 266.719 226.727 -470.913
931000 -301.07 2704.1 3704.75 -405.434 -285.957 -331.507
932000 -1170.24 2329.76 3228.32 -70.0721 -228.131 -1079.52
933000 -95.3462 1445.48 3494.86 292.026 11.4123 -60.071
934000 563.923 1668.89 3094.67 107.453 340.551 -704.317
935000 -49.6169 1780.22 3155.94 -203.898 117.344 -504.201
936000 108.726 607.14 3249.31 199.121 161.931 -362.825
937000 -262.541 1531.89 3359.16 180.24 1294.98 -461.668
938000 -763.776 1847.27 3045.67 694.719 444.524 -312.149
939000 981.764 1804.62 2836.33 464.993 768.739 106.636
940000 -799.608 2097.06 2502.04 -93.2768 294.527 149.162
941000 78.5061 2462.12 2003.13 -4.60563 237.165 56.0894
942000 1448.79 1446.42 1980.32 17.3519 -352.953 483.179
943000 930.832 1520.16 1438.95 -722.724 12.7361 -15.8416
944000 753.675 1508.04 1763.05 -573.471 20.5929 -501.583
945000 1157.09 1803.14 1216.97 -46.7172 676.506 246.924
946000 1128.75 1089.73 1705.24 97.1078 226.479 -89.4115
947000 2232.54 1620.54 2117.34 -122.276 6.9283 -657.159
948000 1510.46 1565.33 540.993 810.446 -201.947 -445.176
949000 2692.62 419.822 1714.91 -557.702 775.691 237.374
950000 3085.98 801.689 1270.41 568.119 320.769 -309.64
951000 1982.41 1596.77 1049.94 1655.95 431.717 313.055
952000 2518.76 1524.83 1770.52 131.108 664.111 139.274
953000 2696.67 2549.23 1480.69 328.141 -60.4728 1159.7
954000 3176.9 343.056 509.721 54.6371 157.118 774.817
955000 2434.57 112.935 227.696 84.3248 289.152 545.244
956000 3458.95 1392.8 95.4107 89.0438 678.868 -67.0176
957000 4451.44 1373.62 -231.169 372.004 -558.774 305.574
958000 4390.1 511.902 1108.53 721.529 -153.961 666.761
959000 4880.01 138.047 47.3431 565.922 -701.32 -29.5452
960000 4738.88 241.244 1073.46 365.608 197.971 -193.996
961000 5094.11 452.129 963.453 -217.051 624.944 -410.341
962000 5020.72 722.869 259.6 -345.193 536.74 -37.1527
963000 6142.59 218.971 158.795 177.569 -17.9747 96.7013
964000 5442.2 -321.977 -558.25 -443.797 -294.238 -296.924
965000 5778.19 -338 500.572 0.988837 44.8997 -774.493
966000 5910.48 176.915 385.315 -434.041 -252.814 -212.906
967000 5665.06 37.7756 511.121 -164.467 -576.871 558.643
968000 5240.47 -400.708 93.018 -201.261 -1219.72 -239.977
969000 6100.13 -751.099 857.761 -193.276 -873.599 76.1869
970000 5384.21 -67.5064 -547.899 -265.416 -336.121 55.8112
971000 5625.31 246.509 394.096 34.2299 -1082.16 -175.872
972000 5111.81 117.71 296.368 -377.191 -579.987 252.831
973000 4533.45 357.743 1056.15 -142.026 82.6371 69.2302
974000 6040.08 -407.598 -727.703 -299.835 -313.594 392.563
975000 5947.9 2.33567 -456.558 -708.275 -395.512 288.7
976000 4405.78 -89.3561 644.185 -626.024 -59.2563 263.306
977000 4678.58 463.382 77.7666 358.38 189.39 236.506
978000 5379.65 -1096.82 -445.311 496.421 -254.322 -513.946
979000 3970.75 -115.71 1391.14 -218.951 -550.994 274.711
980000 5114.89 -293.541 1387.89 -43.5944 -744.595 -384.707
981000 4999.78 -1145.39 335.176 -157.116 -290.452 -284.609
982000 4729.08 -1055.84 896.037 -157.524 -444.005 -183.049
983000 4006.96 531.537 954.595 -596.562 -726.632 -624.008
984000 4591.79 -83.0902 603.586 1193.21 -306.874 -130.44
985000 3822.69 -438.298 1856.06 129.453 -497.852 160.533
986000 3440.06 129.945 417.883 559.899 -600.622 -218.268
987000 4335.63 79.0062 927.107 819.134 -649.694 -337.322
988000 4457.73 144.107 1377.96 364.299 -644.665 -164.184
989000 3784.97 528.612 1082.96 -395.729 -431.462 46.1896
990000 3199.06 -76.4775 849.754 444.578 -1151.39 401.316
991000 3184.77 1375.05 776.838 141.254 -737.95 -179.551
992000 2886.93 605.543 569.058 723.892 -80.2758 143.385
993000 3355.91 1257.09 1364.34 63.4774 135.798 -258.378
994000 2252.42 -164.672 1991.92 586.683 -355.209 -30.8536
995000 1507.78 331.894 1437.21 -157.992 -335.609 22.7149
996000 2048.15 1585.63 1904.19 248.63 -530.677 -159.264
997000 718.227 619.461 2201.12 -275.532 105.106 312.662
998000 741.843 1749.78 1879.84 -217.924 255.406 180.899
999000 781.191 1434.39 2101.6 -764.277 300.983 -132.754
1000000 72.0856 2199.76 2800.35 -410.13 230.215 -118.452
