# Time-averaged data for fix ps1
# TimeStep c_thermo_press[1] c_thermo_press[2] c_thermo_press[3] c_thermo_press[4] c_thermo_press[5] c_thermo_press[6]
0 -860.91 -445.986 -1676.81 -510.059 -42.3153 -750.02
1000 -528.878 1288.56 188.848 128.75 -349.568 340.012
2000 313.928 1057.64 338.808 196.829 -973.617 -227.781
3000 12.3901 1249.34 721.11 -505.33 126.825 -774.179
4000 163.28 1004.99 652.013 288.727 -714.198 -843.21
5000 -510.505 -130.573 746.65 408.637 -640.558 281.691
6000 1001.32 134.221 1086.09 -290.793 280.967 412.833
7000 64.705 724.398 -200.773 351.199 564.287 530.454
8000 522.499 956.39 -115.359 -590.687 -351.165 -165.967
9000 406.407 1272.08 1459.89 -525.633 64.568 413.63
10000 162.868 226.324 877.353 -282.208 168.342 -211.154
11000 648.609 1133.65 253.336 449.855 615.885 235.888
12000 -309.128 111.076 712.721 -127.231 -215.965 -87.7129
13000 382.131 -708.196 803.304 97.4593 213.119 922.703
14000 -53.1931 1030.48 671.965 -134.393 468.07 -3.8866
15000 322.044 -88.4904 -542.821 -235.566 -800.691 228.088
16000 1011.47 -273.782 -1111.08 -718.067 502.844 -663.484
17000 1098.36 763.791 384.589 -480.567 94.7585 625.794
18000 2173.6 174.188 457.968 -648.38 382.997 -223.303
19000 364.843 628.323 1107.22 487.921 -251.766 -33.2008
20000 734.798 634.258 2290.41 846.92 -280.745 -377.891
21000 1800.88 626.409 507.108 -36.7612 695.746 -656.445
22000 169.487 263.06 768.803 -739.127 400.527 660.546
23000 1852.45 1415.15 1089.13 -276.993 277.82 405.356
24000 -350.526 -373.628 992.273 -1098.96 -413.814 85.8358
25000 207.339 138.489 1389.72 880.69 105.038 75.4067
26000 536.628 2386.14 2162.63 131.877 -838.812 20.5011
27000 764.994 61.8582 1619.89 -672.56 -115.382 472.554
28000 1111.03 -505.252 93.9284 2.00345 599.883 214.07
29000 1168.68 858.307 228.077 -331.982 -93.3601 -668.082
30000 259.244 1312.7 1348.05 149.685 -45.1864 176.809
31000 1090.59 608.308 -118.441 -33.2615 -442.675 434.738
32000 1641.56 514.662 1578.27 -87.8516 259.061 -473.295
33000 1292.97 1101.33 2065.09 -661.739 -429.888 97.9908
34000 735.073 1125.85 801.168 -47.8732 101.576 42.2527
35000 764.37 179.45 711.343 378.716 197.623 514.391
36000 484.188 -442.503 637.704 -424.641 -205.814 310.418
37000 1685.12 1428.47 638.498 -513.933 -780.587 -132.066
38000 1305.44 414.75 829.887 337.954 299.874 -712.566
39000 1266.35 470.692 568.396 439.559 110.742 88.6938
40000 -103.211 1268.84 873.813 -95.2095 -372.538 -160.122
41000 350.359 1334.42 878.786 -396.007 -89.4973 -63.1042
42000 335.57 1979.48 54.6457 -386.09 -837.98 -69.2267
43000 165.603 140.867 -834.114 457.381 -830.808 79.824
44000 493.361 -143.722 -341.497 -1.83618 545.607 302.028
45000 1072.62 80.2254 222.535 179.114 -132.375 -18.0472
46000 56.5225 1571.86 -317.105 136.841 480.406 -673.091
47000 1071.67 -64.164 -15.3819 -887.622 578.082 -570.962
48000 1010.74 1159.69 683.628 130.852 -967.534 415.285
49000 245.803 802.07 399.842 -472.02 -303.785 -357.023
50000 1010.57 1098.03 -966.089 -626.389 -587.014 436.66
51000 956.012 495.676 -756.636 146.73 -317.838 -229.342
52000 -38.8867 801.858 -418.743 725.23 -578.709 142.477
53000 445.835 975.98 160.82 103.087 462.286 -499.275
54000 1055.13 982.168 -1.50083 -219.377 274.406 200.916
55000 1003.28 958.325 412.075 112.721 29.7776 332.778
56000 833.833 511.992 -334.18 -435.885 64.4736 357.029
57000 -1395.48 -117.576 -684.337 -992.118 -58.5399 -314.98
58000 669.743 8.03761 770.182 265.694 195.882 -244.011
59000 340.17 291.725 453.637 177.467 -69.3528 47.9476
60000 262.973 1330.03 716.44 32.9554 -198.053 -233.469
61000 770.899 -286.866 32.0997 47.0282 -230.279 -22.9578
62000 645.981 571.256 1021.83 556.209 -369.91 439.37
63000 562.808 1226.87 212.572 2.44662 640.926 91.9694
64000 567.328 327.748 325.823 111.362 -273.037 -80.1267
65000 487.746 832.864 927.843 231.058 11.8931 -128.654
66000 744.425 -944.638 -504.998 112.631 -665.592 -143.62
67000 157.708 506.707 536.383 656.661 171.395 -168.903
68000 785.74 524.947 -381.079 -456.212 -27.8952 -79.9885
69000 995.628 853.967 1197.06 -173.968 70.0622 755.236
70000 666.331 482.93 1258.43 358.548 575.615 -245.237
71000 780.286 -254.8 716.532 -412.98 57.6923 89.3843
72000 1778.22 471.263 280.231 -94.4678 -594.295 309.712
73000 608.917 -998.36 36.1943 226.006 428.537 428.949
74000 1580.56 862.451 -122.746 201.753 932.244 77.2703
75000 363.636 -1020.03 307.042 134.837 -813.818 409.73
76000 -529.108 328.454 -226.252 -709.502 0.653164 13.7491
77000 625.594 856.2 -290.828 -224.931 -533.728 451.006
78000 729.394 806.074 92.4816 547.076 169.317 469.311
79000 -310.406 773.042 848.137 587.409 180.347 -2.52204
80000 1192.12 1531.81 1205.33 383.115 -269.072 -129.504
81000 914.935 -703.633 1360.69 -302.723 339.767 22.1193
82000 344.353 340.09 782.351 438.474 -195.739 -782.061
83000 -231.198 571.153 555.808 -23.3312 363.108 170.296
84000 523.386 1055.48 610.143 -186.301 -224.256 730.372
85000 551.242 968.522 -39.1191 -169.279 -76.3212 813.996
86000 -213.638 1158.94 -406.655 -348.86 -404.425 225.223
87000 278.44 431.575 1216.99 -378.24 848.193 393.525
88000 630.843 -553.787 975.602 303.045 89.8429 29.8218
89000 -596.398 289.264 -499.227 -228.028 371.077 -482.781
90000 557.464 -201.153 -211.643 1058.06 279.889 -511.517
91000 1152.74 655.57 199.75 0.00961925 -87.1517 -230.512
92000 -15.9579 236.791 -111.118 -60.3929 -35.9415 543.38
93000 874.652 -562.018 -1431.03 280.077 -133.744 -199.364
94000 416.648 794.603 -560.678 87.1334 481.294 -60.3316
95000 -51.106 1432.84 989.745 -520.176 -353.199 -719.552
96000 850.31 744.926 1116.69 -0.122012 232.514 -8.37134
97000 510.917 1742.97 1241.76 379.547 -822.749 -225.549
98000 1096.14 260.446 154.386 -539.199 144.146 -86.3107
99000 520.803 619.226 159.736 -185.616 -302.384 -915.387
100000 -601.759 -248.409 932.928 464.366 236.048 47.3106
101000 795.435 1327.83 1584.23 39.9999 -996.217 -567.968
102000 470.664 1111.93 1406.29 -177.718 222.482 447.595
103000 -318.412 1158.65 514.303 -402.014 145.826 -614.814
104000 619.959 -218.253 249.07 171.022 75.3533 119.671
105000 48.6885 -224.249 629.344 141.322 -1026.26 -386.118
106000 -324.841 498.504 299.348 69.8899 395.479 -356.834
107000 -346.73 -501.137 897.362 635.182 -117.714 342.42
108000 -875.264 390.927 153.744 675.721 919.752 -531.177
109000 1030.43 4.63698 304.61 373.619 507.745 52.9722
110000 -1006.76 1034.83 943.881 -54.5266 -103.39 415.669
111000 539.865 -213.258 370.828 142.737 109.65 168.168
112000 1447.03 1181.05 1028.53 -471.995 33.5361 408.645
113000 329.129 333.657 1509 248.46 16.7707 -220.576
114000 1095.83 170.653 840.048 -286.736 -342.127 1186.79
115000 25.4367 442.354 1180.11 184.424 -89.6685 -51.5852
116000 121.153 429.303 866.335 560.547 253.698 -464.049
117000 500.841 1398.02 1675.1 474.287 1421.2 -581.362
118000 -198.722 1000.67 345.317 645.939 -222.6 1110.45
119000 -511.833 626.047 299.966 -103.423 -459.173 318.865
120000 1294.86 414.572 -71.7666 -25.2286 -519.403 377.006
121000 690.697 1386.82 1128.81 -689.71 -215.181 402.455
122000 433.542 -36.552 1532.9 339.539 383.408 476.009
123000 1135.25 -191.969 75.8823 -153.789 -193.208 -407.001
124000 664.387 96.6307 1618 110.47 -387.446 -224.459
125000 394.396 -353.845 -55.9289 -207.492 63.332 -205.333
126000 1020.74 707.421 402.669 -665.356 28.4138 188.574
127000 457.636 669.345 1481.13 -960.997 -125.384 316.604
128000 928.976 866.111 -152.037 154.198 -16.7305 -488.86
129000 1024.76 749.441 215.428 98.1257 -93.1355 -263.347
130000 198.906 433.548 597.682 -139.861 -704.743 430.153
131000 1153.54 -570.565 1163.01 -798.677 115.948 -576.883
132000 681.19 426.605 72.669 -142.043 -142.174 -804.078
133000 901.354 895.746 1340.86 149.59 -2.74401 -428.294
134000 1329.18 38.7543 286.875 -421.846 -776.021 -99.8693
135000 -245.842 480.916 -24.3836 14.1921 264.322 114.836
136000 -719.824 -203.708 367.803 528.451 305.116 -3.31889
137000 -253.687 785.942 1407.24 614.315 354.307 518.419
138000 1162.27 833.242 313.046 631.94 158.179 -550.931
139000 1137.1 -616.59 -669.567 685.154 230.076 560.647
140000 1379.15 1704.78 27.3847 342.942 607.693 -991.227
141000 1083.17 404.456 1316.89 -521.457 -248.013 1072.42
142000 1196.19 -100.533 489.736 488.467 -14.7767 -630.912
143000 1224.65 43.6623 -308.222 -141.435 -153.773 643.816
144000 1489.13 713.816 591.222 -328.646 57.7403 -549.927
145000 1511.11 -603.934 635.375 447.255 414.056 1017.72
146000 1308.92 -249.724 -192.561 -590.589 664.733 -341.152
147000 1657.28 728.386 777.939 -12.3792 -293.767 534.169
148000 371.954 1049.27 691.412 -1111.02 -531.146 -515.104
149000 1559.51 866.802 488.058 602.666 531.881 -92.1934
150000 -254.429 281.517 1173.32 -178.64 -207.77 669.596
151000 1323.55 1385.48 259.233 -33.596 131.685 -636.435
152000 1188.92 -230.766 1222.18 286.113 -38.6427 -696.36
153000 -178.343 -850.973 -410.268 335.738 315.065 -422.022
154000 135.445 -326.415 1313.34 6.84172 212.501 538.712
155000 749.282 -316.042 1469.84 -650.705 -279.903 365.074
156000 882.951 1343.6 1595.53 -316.985 -309.791 338.233
157000 368.344 334.019 364.751 140.034 114.537 27.3632
158000 530.191 -325.089 737.529 -525.08 -622.326 799.911
159000 1052.47 -138.689 838.683 -102.452 190.679 53.7608
160000 1702.22 -41.2536 326.607 168.134 319.358 219.834
161000 1408.84 848.755 242.376 -652.074 -117.743 -186.28
162000 2704.79 942.884 1633.89 -15.631 179.917 -57.6534
163000 993.178 1217.94 638.761 -366.137 -12.5766 1118.88
164000 380.167 198.087 -679.419 553.184 139.702 858.752
165000 801.71 255.104 48.7282 133.456 245.856 52.9467
166000 -334.665 897.749 387.383 -83.4765 -359.353 -373.588
167000 195.721 802.522 399.13 -111.914 -590.484 132.423
168000 845.664 116.791 175.022 137.11 -890.775 -548.216
169000 574.51 1412.25 80.5707 -265.583 379.358 159.682
170000 1317.65 118.842 489.098 110.295 -19.731 -234.586
171000 1548.91 232.323 -379.147 274.247 -97.7751 -834.29
172000 1252.67 1507.03 1620.62 75.3465 -229.865 -183.727
173000 1037.17 444.581 1551.32 193.622 -330.336 -1246.48
174000 -142.021 1861.27 319.713 -25.8672 -400.71 -31.2192
175000 -223.954 1017.48 1021.77 -530.767 -126.698 -162.14
176000 787.703 -38.8289 1128.21 -625.941 598.897 -214.45
177000 -335.804 262.04 337.421 -210.149 -230.026 967.092
178000 20.5361 807.84 544.708 -372.662 759.758 -222.548
179000 2022.15 -73.0508 901.78 -645.06 -5.52218 -155.138
180000 314.598 1548.75 1034.58 101.874 357.042 -135.701
181000 634.572 938.853 -270.575 148.871 180.281 542.769
182000 191.792 1584.42 927.905 285.056 -529.687 -113.844
183000 673.044 1086.74 1837.1 1067.92 432.822 -97.3848
184000 1053.39 1942.87 1153.64 -683.082 -162.305 -715.73
185000 230.502 1041.34 701.545 -89.799 296.795 56.4357
186000 865.26 1959.9 5.2199 191.269 791.161 80.8896
187000 731.81 -1124.43 -131.163 504.664 -224.745 294.783
188000 676.4 2062.02 971.21 -1547.19 380.575 -455.158
189000 965.676 -844.611 375.181 -330.085 95.6984 184.539
190000 693.042 411.795 1394.9 93.3023 155.156 651.191
191000 462.3 157.884 593.205 241.8 217.505 343.63
192000 650.951 1059.26 -101.002 -123.909 -193.853 341.664
193000 888.532 880.491 -77.1449 897.562 1101.06 -136.139
194000 1248.27 1308.89 -394.559 424.897 103.404 -119.955
195000 881.076 1435.93 112.932 -155.465 -68.7367 36.55
196000 702.31 1334.62 876.798 -149.518 -32.9921 78.6681
197000 917.85 948.371 253.507 454.022 -575.353 -204.308
198000 655.679 709.922 1146.41 575.338 428.721 -784.182
199000 739.212 -275.652 951.191 24.2048 295.873 183.797
200000 168.166 -653.213 -76.487 143.943 30.5489 169.908
201000 561.087 928.747 58.3952 212.071 -1359.02 552.707
202000 176.353 1493.54 1068.95 -566.595 510.03 -34.3877
203000 1348.08 1482.99 1101.39 855.365 405.263 -662.101
204000 -658.404 105.086 1181.46 -117.921 60.1266 -416.531
205000 382.225 11.5911 -1219.46 -455.362 -123.197 -361.162
206000 734.458 683.573 -696.451 56.8195 950.311 -328.935
207000 552.12 25.9764 -676.187 -28.4476 -138.58 542.019
208000 -336.844 1532.9 525.547 95.6747 259.193 396.542
209000 360.911 7.49639 -204.24 422.537 -620.253 460.794
210000 770.067 809.823 343.168 -385.969 398.47 -229.221
211000 87.2028 956.839 1154.16 -586.664 540.5 726.748
212000 -666.461 554.064 1472.03 -154.316 327.941 -928.096
213000 640.086 1267.42 635.93 350.15 953.506 -34.8437
214000 -215.088 1039.99 728.07 -522.833 -410.034 51.9986
215000 1023.82 1025.22 660.381 749.052 92.6692 586.586
216000 539.098 -173.609 556.2 749.78 186.932 -320.867
217000 284.843 1130.22 1258.82 -513.659 -363.366 -20.5527
218000 720.387 955.203 -283.655 -327.089 110.189 -98.8471
219000 225.686 -395.49 435.061 -540.933 -211.061 -420.143
220000 -448.168 661.428 171.006 -747.24 -259.387 -139.968
221000 858.485 -707.361 189.588 9.46852 -306.565 54.0897
222000 430.139 712.241 926.371 298.096 652.908 -400.83
223000 1167.55 668.668 28.954 314.435 797.061 162.13
224000 37.5139 585.493 601.799 434.989 -397.722 227.17
225000 -354.285 1408.7 1064.11 70.2589 -186.304 -177.035
226000 1579.08 489.884 164.292 -327.742 357.84 -287.26
227000 -76.0958 1606.33 481.394 -42.3356 -70.4858 -420.612
228000 1552.65 9.83667 156.083 -1297.56 -22.6602 250.438
229000 926.252 556.457 1591.93 898.658 185.479 62.4535
230000 -138.391 849.498 229.443 -632.762 -1123.86 100.889
231000 657.939 1511.9 1168.38 -502.434 86.8243 -463.641
232000 1399.93 437.56 891.921 -435.56 741.75 -458.709
233000 796.749 165.324 169.944 -77.3037 130.666 -901.601
234000 2522.37 889.026 -151.339 -62.2825 -153.946 -1292.69
235000 388.211 1066.1 41.6956 553.508 -446.83 -328.775
236000 1315.49 1720.22 1411.03 361.253 280.696 -580.576
237000 128.33 1324.69 942.402 -182.627 654.779 -965.573
238000 55.3643 1747.53 1447.37 263.729 94.9625 -215.075
239000 810.101 1447.06 835.594 -96.9413 439.844 309.034
240000 718.538 672.44 1035.18 -888.28 -236.967 520.103
241000 691.543 550.34 1324.1 -234.342 -494.793 317.366
242000 389.129 180.975 1385.9 -859.731 236.197 195.378
243000 516.672 1081.13 -710.614 195.442 20.9213 410.612
244000 216.58 -348.255 783.082 -69.8568 389.487 4.35796
245000 684.737 473.014 1164.92 -16.1373 -438.817 -162.51
246000 967.678 1422.38 -374.844 -317.455 -107.168 -42.5066
247000 1728.27 1408.57 984.417 156.628 -425.785 369.356
248000 343.934 -551.855 989.016 -475.128 356.45 1.37886
249000 -197.738 -535.009 1995.14 -242.203 38.6487 453.021
250000 105.586 -82.9818 130.346 201.943 -443.61 -804.586
251000 402.592 -367.602 488.094 -420.142 74.9848 -414.705
252000 821.321 1280.14 896.504 -435.737 212.621 -28.2112
253000 2466.26 650.616 -137.172 -378.233 14.003 -44.3757
254000 993.697 266.586 848.888 185.156 -462.464 -193.82
255000 1419.73 848.609 393.625 427.722 -227.014 -385.148
256000 183.072 320.826 91.0211 -458.751 -527.492 -252.815
257000 1504.02 483.739 869.39 -257.102 -299.318 420.26
258000 166.632 -888.256 296.995 46.6226 341.4 -46.1495
259000 1294.17 1139.49 303.685 791.651 -3.41262 -436.645
260000 433.975 1273.57 756.567 70.734 19.8017 54.1601
261000 1351.5 203.784 838.668 305.058 -82.3616 -172.783
262000 1479.47 -645.997 1153.19 -220.56 -271.192 134.529
263000 347.427 2092.91 3160.38 281.535 406.501 -82.6602
264000 360.815 737.388 1240.7 -532.912 -427.793 -678.73
265000 628.89 946.834 -61.3642 -549.897 -344.51 -424.457
266000 474.094 568.689 573.735 -582.596 470.127 359.572
267000 1380.71 -86.0132 536.477 -890.094 -310.35 -457.259
268000 1223.97 -71.9769 -61.6636 260.616 -391.986 384.222
269000 411.61 -37.0941 482.013 -183.587 671.528 1194.86
270000 50.1311 150.274 686.879 198.196 167.864 948.663
271000 621.094 433.825 291.162 -470.47 -229.894 196.126
272000 1047.44 709.623 1355.53 -171.107 173.688 -423.781
273000 -1013.15 1217.12 811.791 -624.219 -319.692 218.295
274000 1416.04 1261.56 909.61 250.218 348.275 -311.374
275000 588.553 1060.5 1181.63 148.779 -31.166 313.656
276000 1579.29 796.465 621.419 -572.212 538.052 70.7321
277000 1277.16 329.733 470.302 -159.711 -632.609 -66.2192
278000 877.461 765.216 498.042 277.706 -281.533 -939.612
279000 852.665 1171.91 1499.69 757.069 -369.139 22.6581
280000 2529.35 -32.1052 928.647 189.812 -439.913 -12.2448
281000 1413.19 -485.347 1541.83 -552.109 78.897 425.089
282000 688.656 526.506 786.8 230.452 -161.024 -391.835
283000 514.215 1529.08 1118.91 245.905 16.3176 505.196
284000 -400.086 681.01 790.162 219.818 68.1191 -1368.2
285000 129.088 694.215 654.516 219.163 51.4755 -1265.39
286000 562.635 -29.432 1230.07 189.452 613.673 -171.349
287000 86.818 1532.45 1330.85 88.3888 -63.7573 -62.8377
288000 1448.24 261.683 1355.73 857.064 -387.295 -400.579
289000 880.324 568.538 -373.352 235.507 -162.668 479.933
290000 1920.21 828.708 -49.6264 38.6441 -93.3409 82.0297
291000 850.593 1296.93 570.558 -483.154 608.344 -400.807
292000 6.48661 881.081 1598.18 44.874 135.827 580.9
293000 -1181.1 797.454 301.424 21.7062 -482.051 -563.427
294000 272.273 1313.49 1180.11 27.1143 276.745 4.7468
295000 -190.569 327.827 735.787 -11.5728 14.9606 152.807
296000 328.96 268.37 -179.384 304.611 -332.601 -164.753
297000 2054.55 -583.276 475.516 -319.162 -197.434 -619.784
298000 1008.84 167.495 915.835 -273.014 126.458 187.518
299000 -945.316 661.83 2322.27 -418.754 -583.768 -139.779
300000 621.162 895.331 970.157 -249.065 -869.701 516.641
301000 204.926 -233.979 739.433 -199.985 186.517 65.6327
302000 -653.193 -537.795 468.453 126.261 -303.872 -283.581
303000 268.65 397.181 -407.292 -503.187 -130.698 262.461
304000 288.523 -138.427 147.672 -285.573 326.136 44.4699
305000 -298.217 521.236 1456.01 -358.345 -122.858 -203.894
306000 -10.1339 436.609 1238.48 -619.364 756.144 688.598
307000 1511.87 1406.64 414.756 135.696 326.633 1405.54
308000 -859.715 588.442 656.949 -284.44 39.3768 574.881
309000 286.542 124.816 864.373 132.654 53.6814 -422.161
310000 627.715 268.964 857.87 579.078 -198.871 -588.165
311000 159.087 602.182 974.821 127.588 -196.856 -13.0462
312000 910.001 1709.49 758.623 164.833 126.073 -441.274
313000 164.76 1491.72 -543.944 -87.4727 -95.5527 -12.2146
314000 11.2384 906.253 1333.87 -308.262 -3.42708 -103.394
315000 1033.54 1902.71 198.583 520.245 -417.218 -36.2671
316000 716.615 1321.26 1627.12 -97.3803 -125.06 -26.698
317000 955.24 232.928 255.341 219.766 -153.626 366.312
318000 683.556 911.48 794.693 292.598 -306.451 -564.488
319000 298.598 308.957 -829.111 -142.561 -230.436 -731.963
320000 1838.44 -320.083 18.8257 616.006 -100.294 -412.867
321000 575.188 1218.89 1124.41 386.038 -102.201 -184.24
322000 864.892 962.083 -929.001 132.843 374.617 -91.9187
323000 -46.5027 316.935 -185.615 -208.812 248.53 -592.785
324000 207.125 856.86 578.766 344.057 39.4093 282.226
325000 1370.66 1355.46 1069.51 -230.737 -421.945 -81.5201
326000 2887.94 301.204 -35.1222 -149.504 -50.4355 -301.953
327000 488.124 1031.78 5.18036 174.469 -460.518 -560.111
328000 172.431 1694.32 1280.25 -38.4754 -533.396 801.323
329000 486.092 455.27 1481.64 48.8963 284.02 -204.888
330000 1922.38 1355.99 -89.8768 -358.836 -734.492 330.343
331000 1729.96 754.743 623.202 -230.11 143.861 -239.306
332000 2216.77 287.72 1214.99 -3.62322 -441.633 -604.103
333000 799.999 237.29 852.759 -635.933 -162.44 -722.182
334000 759.371 1810.22 1532.43 334.158 -309.806 498.081
335000 1609.59 -181.787 1182.31 -479.704 -677.689 -314.512
336000 307.824 -137.589 -215.101 47.7803 -284.963 -171.371
337000 1143.14 606.149 1362.38 587.176 -59.1321 -145.376
338000 1406.22 932.05 1544.01 -1010.94 379.245 -800.332
339000 920.131 946.67 1330.96 -142.872 -414.584 323.245
340000 408.614 1092.18 -276.384 546.153 -383.38 711.971
341000 1016.98 1665.77 430.79 469.524 -385.617 580.573
342000 1203.54 1547.68 1565.93 -459.693 -267.992 305.244
343000 353.948 1294.28 725.05 -626.79 -43.9533 -143.987
344000 -37.6694 63.567 447.386 604.223 -103.343 529.678
345000 852.655 218.713 858.814 -225.614 298.008 125.492
346000 1260.3 349.324 1949.92 140.8 838.627 -305.671
347000 659.093 826.294 856.009 -9.29113 383.097 211.62
348000 970.423 -34.1823 376.186 4.95189 750.127 -681.082
349000 352.377 -20.8757 63.4825 430.565 1297.84 38.0479
350000 -196.893 714.402 471.79 344.516 187.489 386.539
351000 1072.45 26.269 404.02 724.092 259.949 -103.902
352000 464.043 -519.465 809.393 538.135 552.47 310.521
353000 872.915 -760.011 2159.2 -330.371 86.5533 234.961
354000 1438.26 580.286 822.01 -572.668 725.077 -722.33
355000 762.556 -681.383 -25.5806 -447.925 205.571 -600.221
356000 165.555 1532.49 -242.234 831.93 5.00468 192.704
357000 2002.34 524.61 1546.06 384.902 858.276 286.163
358000 321.854 264.2 667.105 39.3966 366.54 -1570.4
359000 171.535 351.558 842.88 97.9021 265.525 875.82
360000 1404.79 783.757 1881.14 -387.633 240.454 -58.9105
361000 1255.17 545.288 404.696 -253.025 434.477 230.098
362000 164.726 1402.84 -1216 -508.391 282.014 -239.901
363000 636.782 1426.27 -205.199 -617.084 71.2104 -297.816
364000 -120.736 1412.21 1448.77 -220.193 -99.422 163.432
365000 2227.84 1135.5 -797.274 -166.415 -712.974 809.609
366000 -818.697 -13.1964 883.622 280.835 -97.4672 21.8134
367000 44.6508 435.817 326.236 -387.582 -181.671 398.504
368000 132.745 921.863 81.6562 -680.259 184.864 -302.795
369000 718.313 -31.3705 888.126 126.192 -0.330498 -9.2131
370000 -35.1447 1078.05 1506.63 957.468 172.298 -510.303
371000 -458.281 813.381 1063.83 194.318 -351.734 -221.073
372000 687.139 -12.0242 220.044 1.82969 606.785 -830.226
373000 458.206 649.094 77.5616 -605.815 65.0248 -539.835
374000 1077.26 292.95 953.411 -320.161 350.775 325.253
375000 600.305 590.834 538.655 -213.102 -600.965 10.3773
376000 526.364 493.472 602.246 -247.816 137.135 -353.575
377000 -755.2 789.363 364.931 -282.181 -294.942 354.755
378000 437.186 123.044 135.729 156.207 411.146 -901.65
379000 -67.0072 1194.15 -987.12 -478.347 -388.745 -164.756
380000 -23.4176 1084.83 17.7274 704.431 -181.13 344.537
381000 1450.74 602.709 444.685 1434.51 -327.818 18.1234
382000 1609.22 1989.31 881.878 57.6131 223.188 -162.641
383000 2210.84 1023.84 -616.156 -352.617 300.548 -617.685
384000 -1015.52 356.711 665.52 -418.004 -173.58 360.809
385000 413.859 378.071 202.533 -548.967 -618.448 -403.243
386000 1072.19 1082.86 176.461 -662.84 -53.5018 -132.348
387000 693.949 402.679 -749.786 -151.345 731.129 296.548
388000 -84.2273 970.339 1426.53 78.8589 -1086.11 -104.496
389000 957.19 327.761 -285.448 111.473 239.458 176.111
390000 1076.57 1077.83 1272.5 109.04 -163.937 -237.676
391000 1802.23 1176.29 835.002 -1211.64 565.69 -160.897
392000 1030.55 1896.06 650.747 -288.968 636.624 316.366
393000 1170.49 -233.497 293.338 406.38 -239.137 448.793
394000 1034.33 863.103 765.011 -78.7622 -264.907 -119.988
395000 82.2773 -311.484 580.64 592.686 375.757 100.485
396000 -602.813 1456.23 1111.87 -21.2542 58.7639 -587.097
397000 741.789 257.496 1738.41 -194.62 80.0743 -298.549
398000 760.243 1078.79 1900.22 1033.33 -264.165 135.172
399000 694.856 738.63 2101.68 -47.5585 209.172 286.933
400000 1641.06 926.124 1370.65 -217.843 772.887 -676.044
401000 1582.6 2320.76 1763.69 -259.558 -60.0451 25.6586
402000 422.165 1583.7 2494.87 1.67884 316.365 -413.748
403000 78.1671 1668.59 1342.91 -434.462 -246.346 -182.166
404000 -661.765 781.116 484.993 345.491 290.339 837.874
405000 184.121 1515.87 1008.29 -245.366 -209.316 -775.321
406000 -164.344 75.6023 85.8852 456.929 861.936 16.6445
407000 -53.7905 -448.403 1193.48 -28.975 583.175 -665.807
408000 305.256 774.383 791.303 1059.3 -1138.89 -195.535
409000 1086.9 1782.3 -215.145 -153.706 -649.726 -281.455
410000 965.905 -154.115 1720.39 -336.981 241.209 -40.1137
411000 1158.41 1347.82 1069.18 401.759 -310.538 -410.746
412000 548.347 -20.6843 925.155 -570.347 -27.7821 -115.137
413000 1250.41 657.496 1645.52 -278.492 -19.6837 636.309
414000 1599.43 1031.34 1717.49 178.18 311.261 -34.6752
415000 1087.16 562.654 672.754 237.696 72.3788 1470.54
416000 1708.63 1180.11 438.679 438.779 -493.647 55.5887
417000 1072.94 1092 808.214 -209.629 212.127 -470.174
418000 302.001 1256.97 2586.93 -656.399 -661.031 -244.198
419000 285.099 629.365 987.576 -1677.65 147.863 -290.809
420000 11.3899 1924.54 340.481 380.878 -171.705 476.41
421000 1095.61 1100.37 763.174 -317.516 -98.5586 -1120.49
422000 881.101 1119.19 177.405 480.446 -358.612 147.396
423000 997.29 379.386 1771.35 435.929 29.9965 427.004
424000 357.612 1265.61 2.97832 -848.065 -628.752 -507.057
425000 217.819 1322.98 870.066 -448.689 265.988 -178.247
426000 517.822 1397.81 559.824 247.188 -369.851 847.944
427000 831.821 2193.09 1152.73 -378.569 -180.704 -244.247
428000 1305.26 1694.14 -463.843 -57.0989 -151.451 325.636
429000 821.072 633.502 88.044 377.075 129.933 237.114
430000 2701.22 540.119 737.931 -91.0339 -729.683 152.983
431000 -336.79 -99.1834 275.707 -580.424 495.605 316.354
432000 -128.191 770.531 1513.06 489.192 -172.469 459.101
433000 1740.98 1038.76 552.392 90.2937 -242.272 -342.143
434000 1781.81 1146.41 356.271 -75.384 -121.544 177.479
435000 202.649 564.468 -852.577 63.289 306.087 -357.222
436000 1210.6 318.377 729.777 164.841 -55.538 1003.25
437000 1541.28 861.046 1816.14 586.013 -281.072 -173.718
438000 1176.78 550.282 1705.21 -326.642 951.29 -757.926
439000 1749.66 649.635 1176.44 -275.1 -573.986 255.985
440000 976.539 788.033 166.038 -127.705 818.87 938.906
441000 1162.56 -424.565 1269.53 -864.481 -491.961 237.964
442000 601.89 260.418 398.998 -48.0018 -451.008 -19.275
443000 742.638 32.2719 1261.94 139.366 -530.461 -114.127
444000 1484.73 -6.19326 867.199 534.178 -343.847 -602.246
445000 967.069 1234.56 180.436 256.367 -50.4934 -44.7993
446000 489.454 378.654 219.979 135.342 286.349 1510.81
447000 621.321 254.533 386.668 1055.56 574.341 397.461
448000 1645.37 1042.92 1047.32 -77.9298 -247.792 -476.736
449000 749.377 -983.187 496.891 -294.3 695.02 478.872
450000 230.489 -748.068 -82.359 -192.651 227.215 -654.973
451000 -98.3588 163.589 917.924 -369.145 -1139.17 -575.848
452000 1344.65 163.51 266.593 -464.858 -140.812 837.081
453000 1113.71 242.918 780.389 -754.309 435.683 -198.771
454000 -830.365 153.998 -253.332 -264.271 492.109 504.365
455000 -598.401 529.922 339.14 -420.79 715.785 677.501
456000 -3.48688 991.068 1124.04 143.763 144.6 -113.084
457000 -440.462 1094.44 -885.654 -329.477 94.6583 463.219
458000 -76.8709 535.376 -812.47 655.162 -601.925 663.609
459000 858.408 -317.651 -288.815 -646.842 434.289 750.625
460000 802.113 -67.3012 550.59 236.201 227.123 -8.72013
461000 1628.12 247.976 -336.55 231.72 205.553 588.71
462000 1609.26 -391.497 -859.032 389.838 -315.886 434.787
463000 -1256.38 199.407 665.909 -103.091 -59.0819 1078.31
464000 -976.62 -128.273 992.166 -22.3397 -133.042 -562.48
465000 -260.477 1210.85 818.524 -769.274 147.611 728.609
466000 326.689 946.356 1212.66 379.879 49.5314 278.43
467000 700.538 90.2444 1667.74 237.043 838.93 -123.885
468000 -337.563 807.662 621.86 -431.861 407.001 -434.604
469000 -52.3783 358.356 -183.267 -75.0741 71.1808 -565.191
470000 408.296 100.578 1035.64 219.146 -171.79 98.0563
471000 895.041 369.199 -339.199 -111.829 474.24 -176.154
472000 911.367 751.554 1771.95 -158.086 78.4213 624.077
473000 1482.72 136.854 628.25 -318.058 151.57 714.251
474000 101.181 1294.07 -631.379 -648.03 403.241 376.661
475000 387.674 449.131 101.399 110.749 -555.529 441.93
476000 1029.81 51.7061 -186.932 163.515 579.326 -723.184
477000 463.893 2099.81 989.148 -237.941 119.758 -356.883
478000 576.633 839.299 -75.4933 -100.472 441.954 -275.678
479000 1541.34 1442.62 390.272 -120.874 -404.1 250.852
480000 -188.377 989.827 854.608 -305.066 253.31 -70.11
481000 567.691 -310.868 89.2062 275.349 313.631 319.279
482000 1052.92 366.718 461.811 515.208 -165.668 326.921
483000 722.186 389.47 -335.293 -513.086 800.719 653.326
484000 -199.904 1152.51 33.1486 -353.313 189.383 -208.891
485000 977.028 1863.32 26.3909 -266.019 474.542 200.233
486000 1043.75 445.714 247.208 228.577 -759.642 -279.8
487000 1376.79 207.962 1258.67 -642.664 296.254 72.328
488000 438.936 1818.09 691.448 -159.272 -649.73 -92.7155
489000 -239.899 590.647 -230.045 397.549 -704.795 847.909
490000 1169.43 272.162 187.825 227.068 46.2968 -1.10071
491000 576.779 1449.54 24.2078 -131.728 -150.551 -362.219
492000 84.6374 123.035 774.366 -19.3917 890.549 -357.835
493000 -889.823 1475.83 738.764 -50.7738 -841.939 861.025
494000 -533.288 639.756 275.43 57.4935 -407.672 83.2349
495000 634.425 372.896 -980.186 117.263 361.973 -515.603
496000 532.575 -26.9782 523.496 329.602 -267.384 -506.253
497000 -742.086 -477.858 -795.938 197.002 28.1716 188.653
498000 55.3659 139.376 945.733 587.174 106.267 161.752
499000 477.637 1142.73 758.447 -789.701 642.447 247.626
500000 -714.134 489.045 -265.474 237.816 -82.9347 105.125
501000 389.638 1332.88 1482.46 610.943 255.28 585.585
502000 271.758 -671.121 290.599 -170.287 -490.781 75.5385
503000 -350.689 1592.14 -51.6591 921.896 315.59 -88.7914
504000 1085.87 -435.788 62.9459 802.59 -340.115 753.518
505000 487.412 375.121 329.896 455.223 997.438 -978.593
506000 -145.64 -11.2316 620.23 112.153 -101.313 -236.747
507000 677.506 868.399 -292.134 347.052 -209.052 -472.218
508000 822.775 -109.287 673.932 496.053 726.75 239.953
509000 195.674 192.875 233.602 -294.624 63.8812 484.861
510000 -262.991 533.96 1458.64 81.6138 -139.424 -181.931
511000 -720.317 807.42 -357.019 804.566 404.474 -258.32
512000 1073.08 -9.14472 703.338 -116.992 -332.299 -70.4665
513000 -1046.52 457.091 177.043 -480.414 -139.941 339.499
514000 277.594 1538.66 5.8529 204.752 301.811 -74.1619
515000 -489.558 -60.0859 -769.57 194.703 539.633 297.195
516000 -939.031 1241.44 507.4 31.8966 -196.65 -585.551
517000 -1268.76 802.328 -112.427 310.305 479.709 121.598
518000 -831.274 -234.657 -159.724 -55.1154 -147.804 105.723
519000 951.78 12.4522 1659.54 732.866 -32.6984 -415.293
520000 605.665 746.588 364.565 249.769 -6.3204 46.3134
521000 425.825 584.434 -1361.85 632.22 -1221.58 260.195
522000 503.909 -401.239 -79.4234 1100.83 383.623 -824.891
523000 1079.36 1239.98 700.308 98.9504 9.25527 569.269
524000 652.032 2116.61 1463.74 -199.308 208.87 124.413
525000 515.696 563.998 802.508 -49.107 43.2646 -605.905
526000 1323.18 -438.1 847.663 -216.372 214.3 407.876
527000 394.328 -183.468 26.6846 -237.967 182.617 -226.126
528000 109.99 -297.209 632.16 250.98 -138.107 924.493
529000 617.99 559.494 394.172 735.115 324.438 140.322
530000 573.691 256.847 180.988 -98.8818 -160.455 -172.152
531000 731.995 178.124 868.261 438.832 165.038 727.606
532000 593.156 -45.0638 -307.262 840.595 421.443 153.418
533000 425.139 -464.84 562.453 360.798 678.397 -310.011
534000 925.248 170.861 387.177 -31.1064 -314.482 408.81
535000 886.811 331.881 307.227 55.4234 -277.296 -225.183
536000 301.398 1341.11 -239.828 165.476 -915.107 -90.0761
537000 1022.86 -24.4075 53.1777 756.473 -130.059 286.365
538000 1461.33 -69.9257 701.402 523.232 249.07 469.896
539000 801.717 -304.101 482.782 -483.465 -98.5329 90.4441
540000 1199.25 1492.76 626.512 -54.2949 298.198 -166.477
541000 315.906 166.32 929.169 1148.57 -70.1732 439.26
542000 723.227 912.954 -350.512 -49.0035 -373.256 -136.706
543000 -68.4727 -518.042 47.4617 -500.441 -402.562 -37.5829
544000 1664.02 550.131 58.8733 804.821 -632.093 463.3
545000 1240.52 499.367 -704.693 -77.5272 193.309 985.952
546000 1167.61 643.305 867.394 -787.094 -35.1433 -516.189
547000 564.106 783.195 7.28916 226.21 92.7712 1087.43
548000 -188.409 1078.74 543.023 -444.312 366.226 -212.834
549000 -111.686 -8.76247 1199.26 181.996 -388.404 379.667
550000 2314.4 -498.328 468.447 198.496 -148.051 -148.382
551000 372.409 -41.738 163.457 517.32 403.768 59.7528
552000 1757.65 998.269 1027.44 46.6601 726.986 185.159
553000 2008.3 1319.05 -414.282 -35.9853 591.447 -29.5657
554000 377.947 1172.25 343.613 220.739 246.531 483.441
555000 1473.84 1712.2 730.301 -11.2542 -586.884 11.9071
556000 424.777 710.991 320.41 -562.297 -59.6729 176.202
557000 1366.19 847.283 1510.75 -247.783 136.495 92.5321
558000 947.067 -68.601 684.971 139.072 374.514 -896.309
559000 1450.85 1541.23 1164.59 106.77 -143.45 -166.211
560000 1599.52 1219.84 1260.09 -251.156 -118.928 -301.852
561000 1685.62 245.4 1384.32 74.4344 -338.372 -24.5983
562000 176.821 458.401 1092.11 81.557 -483.18 294.498
563000 514.38 431.11 2087.89 -120.225 -27.8777 321.314
564000 1567.67 1715.91 1000.39 -99.6039 751.812 84.5938
565000 542.918 550.995 214.126 -868.608 -279.506 141.674
566000 946.969 26.1167 920.603 -558.05 56.6267 567.141
567000 1867.13 636.415 518.862 490.737 -234.433 105.063
568000 139.825 1014.59 -600.223 182.623 -545.61 -657.32
569000 -219.965 982.871 70.7271 25.5391 986.575 -19.7697
570000 717.504 1671.75 632.97 377.007 999.314 473.961
571000 1837.14 -134.499 377.893 397.623 -48.7488 302.115
572000 169.223 1079.87 487.107 77.1964 70.0325 -1120.97
573000 2300.32 405.93 1050.77 102.005 -614.741 824.058
574000 1272.69 1910.81 1391.06 321.727 -478.264 -493.035
575000 -95.9705 855.151 336.259 158.407 -324.719 -104.964
576000 -622.07 1182.01 -797.09 413.06 -851.419 418.834
577000 821.869 130.181 -581.097 33.3262 -408.77 -746.534
578000 -66.5316 -396.151 -51.5854 10.5957 -744.265 -11.4653
579000 189.976 618.375 397.422 47.6452 -352.581 -606.516
580000 116.375 742.915 153.161 -940.716 -641.834 40.6144
581000 249.974 540.875 -425.497 291.839 -389.178 129.891
582000 13.3622 -696.92 -252.509 440.549 223.463 621.175
583000 -86.251 -331.805 743.152 525.963 688.263 1274.81
584000 -563.637 791.057 587.541 655.262 363.502 211.306
585000 -368.701 1034.54 -179.104 996.17 -567.907 -573.501
586000 614.2 1403.73 -326.342 216.306 120.145 118.846
587000 1303.53 1388.13 711.916 214.729 -451.979 6.93861
588000 330.08 -265.801 684.023 -222.205 -267.228 88.7819
589000 895.355 1701.84 1105.4 -648.047 403.835 477.341
590000 853.838 687.02 359.986 257.684 67.5927 429.947
591000 296.393 1113.02 1132.58 558.705 1078.77 -689.035
592000 849.006 1311.07 366.285 -80.7008 70.7135 -225.294
593000 609.16 940.48 222.969 -397.132 57.8466 -239.128
594000 -642.233 1052.2 1042.42 -65.8131 121.282 1077
595000 1940.31 775.657 878.551 -189.351 227.028 581.73
596000 1862.73 427.739 -246.257 -431.754 -245.04 849.024
597000 -103.653 310.967 1423.02 -932.665 -480.814 927.917
598000 997.598 -94.2357 916.974 389.436 22.7153 343.455
599000 327.592 159.819 629.453 321.16 1360.19 -454.24
600000 1500.02 787.972 -246.788 114.933 -1315.83 286.886
601000 1239.4 2306.14 -582.575 408.23 -343.262 -17.0551
602000 873.574 -673.131 175.679 -52.855 564.549 515.229
603000 501.223 74.3276 1875.3 -554.022 573.142 -81.9366
604000 1261.42 929.779 1134.43 -821.477 -4.83696 115.241
605000 669.781 189.552 2029.14 -113.891 -124.221 304.994
606000 1220.77 904.504 1495.91 -414.212 123.565 158.56
607000 838.405 1309.65 -987.469 320.7 -1056.31 -22.7056
608000 245.055 1409.44 719.312 527.727 -229.984 -148.323
609000 -432.392 1014.32 318.005 -1102.66 168.61 -228.107
610000 -412.175 542.697 1598.67 -271.668 195.277 144.955
611000 -64.0959 1455.75 706.812 -394.765 23.739 -323.97
612000 -557.999 1501.56 -626.332 -303.124 -326.689 -204.979
613000 458.748 91.5831 -388.761 439.263 612.234 108.713
614000 598.513 702.069 1255.14 -448.326 2.1296 -773.922
615000 831.837 531.689 750.818 126.855 94.9371 543.607
616000 712.149 -215.708 447.811 -378.582 -452.078 50.4108
617000 602.882 985.31 500.99 -327.271 -117.622 75.8106
618000 524.702 1259.98 -546.662 -277.284 -866.793 533.325
619000 -219.676 -732.425 259.309 575.956 -679.239 70.995
620000 1544.51 946.911 187.696 -149.85 300.03 1290.06
621000 389.688 332.062 -33.5849 106.735 -676.843 -71.801
622000 1411.2 481.422 757.144 -38.7453 170.102 -360.193
623000 946.341 1617.12 404.987 -491.646 -282.521 730.673
624000 1025.32 1440.88 1576.08 -44.4141 -59.6534 273.832
625000 1787.1 266.958 610.003 14.6088 69.6114 707.091
626000 -224.37 1629.86 710.653 -33.6139 -36.0654 377.008
627000 971.795 -54.5514 1000.73 -915.736 265.37 100.439
628000 -102.144 -435.112 326.795 111.699 24.3322 -267.218
629000 1028.07 54.7017 601.243 -168.498 111.399 -263.628
630000 211.675 75.56 349.846 182.061 356.189 348.718
631000 972.368 -1068.14 895.691 220.824 525.402 -455.118
632000 1299.49 1036.36 0.992454 -1.34584 -970.56 -17.8479
633000 1290.98 1063 1115.22 -418.31 -748.469 737.752
634000 334.056 1011.06 47.5835 -750.215 -732.272 291.643
635000 437.447 201.935 799.606 -948.621 -402.346 247.062
636000 1104.79 224.315 -219.363 -5.77952 -93.0882 -94.3399
637000 682.177 1082.85 786.035 -50.8501 97.8156 -302.228
638000 1139.89 996.406 728.93 -182.393 -577.855 759.506
639000 585.366 733.279 329.756 193.163 -317.855 449.738
640000 1178.95 1687.37 -819.916 -437.264 -536.752 163.963
641000 1735.02 336.1 -905.311 -166.944 -263.213 656.113
642000 1454.04 796.451 -130.351 -534.522 -471.076 859.84
643000 1713.94 -552.992 -276.501 279.211 -224.929 -649.662
644000 790.363 5.59058 945.819 -393.969 260.905 -544.62
645000 892.425 -1343.35 1733.27 245.694 -96.2118 130.495
646000 1297.54 -184.276 1245.67 500.279 -437.908 -490.321
647000 1582.87 766.412 1228.86 -482.996 232.023 -238.648
648000 572.752 412.159 -787.615 378.416 590.254 228.25
649000 463.823 1606.77 -23.3746 -407.746 -246.409 -675.945
650000 -21.7701 523.777 1206.01 611.012 -1.9838 -333.286
651000 84.1244 798.511 1603.74 -71.3132 -755.464 363.818
652000 800.585 15.7444 407.679 242.698 732.685 109.097
653000 666.387 786.483 237.605 -219.902 510.282 -725.447
654000 -180.729 624.298 1885.65 677.415 155.256 98.8187
655000 1601.89 882.035 1257.21 -79.7527 477.269 1071.57
656000 660.064 839.31 -55.1004 -729.001 265.078 941.982
657000 -240.162 1683.69 1584.42 35.0108 157.656 -249.351
658000 21.0823 84.7804 -150.178 -569.089 -203.735 -26.0138
659000 1234.41 225.326 46.2598 5.03257 -259.583 -101.893
660000 1406.72 48.9412 633.452 491.248 -35.4284 -507.419
661000 1431.24 474.873 976.035 -492.478 -250.829 -194.827
662000 883.258 -504.452 342.214 -613.082 -740.582 644.745
663000 1374.87 682.508 938.707 -1015.39 -389.329 241.551
664000 112.803 473.268 367.129 -305.775 -392.349 384.685
665000 299.507 765.351 1544.36 -201.959 -92.5745 404.536
666000 724.865 948.536 1926.09 -61.1038 -786.065 -226.04
667000 -93.8675 937.823 76.063 -504.189 24.3918 -82.1932
668000 -291.176 -312.535 675.376 533.102 749.129 -510.68
669000 476.497 816.095 670.483 36.6849 49.7729 141.138
670000 -230.845 -102.615 -408.49 -114.367 164.109 -358.775
671000 741.6 1466.07 1325.71 100.32 74.8239 -442.239
672000 1207.55 1514.01 1849.98 897.237 -207.764 -177.367
673000 410.447 1143.18 1280.93 444.913 -893.658 140.711
674000 -264.393 1213.52 1082.19 266.509 -1064.3 -563.149
675000 898.554 2623.04 264.984 237.455 -258.848 49.9795
676000 505.151 1749.63 2053.84 -317.369 -1310.01 -380.302
677000 2292.55 1323.5 1317.81 18.6987 274.46 186.219
678000 1489.48 1754.8 2233.78 -368.616 -292.09 1044.71
679000 891.624 213.405 574.025 -711.17 -132.183 1123.24
680000 81.0199 734.132 522.47 -185.93 -358.818 329.594
681000 -210.092 1479.35 1798.49 -268.332 120.073 1046.72
682000 -29.4312 1069.84 633.273 640.127 324.395 126.205
683000 778.071 478.497 126.746 572.37 -95.5774 1089.49
684000 581.977 -448.28 38.2552 -656.444 -483.942 -75.563
685000 536.696 -147.611 1284.9 -990.007 -110.532 31.6742
686000 598.691 891.666 274.372 60.9817 -302.402 100.944
687000 286.215 467.971 1110.03 -346.629 142.111 -962.807
688000 -21.5384 352.208 1079.55 351.435 440.654 -69.8387
689000 373.869 1605.71 720.872 10.4041 888.146 232.665
690000 408.058 -1045.04 1151.68 -478.955 851.233 -380.782
691000 137.209 -94.144 242.133 65.2194 -500.98 -148.176
692000 1371.38 1089.97 748.884 -189.101 331.597 -69.5513
693000 1096.34 481.014 -4.04911 -282.132 683.324 666.212
694000 405.944 610.606 -375.857 -334.262 402.84 576.352
695000 -539.407 1051.56 136.5 -1677.31 762.522 306.932
696000 126.794 1675.69 197.046 -215.229 343.154 113.888
697000 13.7329 1142.36 328.757 -408.015 390.904 461.071
698000 271.179 1555.31 40.6946 -358.499 -75.5634 18.8342
699000 861.622 1772.23 1315.06 352.428 20.5292 -367.302
700000 945.721 1102.58 693.067 -10.4044 -296.96 -1055
701000 1075.81 203.293 233.74 827.236 -456.542 -257.59
702000 693.562 609.465 550.325 -222.717 -370.097 362.427
703000 344.453 641.293 770.659 188.758 227.921 -617.563
704000 587.819 497.11 706.065 148.237 -164.974 380.779
705000 -149.129 1308.31 1178.92 303.151 -199.952 580.042
706000 100.649 549.95 1210.63 -925.556 -940.156 -298.585
707000 593.248 -278.643 1156.26 715.012 -696.179 -195.734
708000 802.343 212.82 1527.02 -977.019 112.529 -470.615
709000 1205.98 827.819 605.513 504.1 122.928 1062.08
710000 593.758 957.251 -34.9273 778.521 100.688 -744.6
711000 970.925 559.394 800.984 104.107 -331.626 -39.608
712000 202.997 281.598 535.593 -207.101 68.5084 817.978
713000 419.445 -428.696 1762.85 -465.429 123.658 -146.41
714000 441.984 442.417 -405.384 -348.093 -892.375 -206.584
715000 1406.44 1027.56 238.299 -501.232 -526.849 152.99
716000 -388.08 737.699 1887.56 -346.612 388.27 848.125
717000 77.1855 213.358 -15.6124 -224.424 24.4726 -225.522
718000 521.184 434.509 -270.547 -722.712 -518.399 -324.063
719000 851.427 620.547 -860.694 -133.405 134.822 355.194
720000 784.938 1055 2401.87 774.572 -197.604 112.919
721000 774.847 1489.37 1702.35 -142.091 178.573 1147.68
722000 1808.79 728.428 1187.95 -481.047 -460.391 65.0631
723000 1280.47 243.553 884.43 444.585 -133.401 -112.568
724000 2004.39 144.807 1201.47 311.331 55.7648 -310.072
725000 739.142 1409.29 2291.55 -539.753 -280.195 -196.246
726000 1381.92 1260.7 596.915 367.335 -1027.91 -1333.53
727000 822.529 1506.21 830.282 298.63 -613.168 51.5686
728000 1242.84 535.523 541.742 -480.346 -487.756 60.2955
729000 1179.28 609.691 993.557 58.9861 601.602 -111.05
730000 663.562 84.2737 452.268 791.283 343.181 -171.837
731000 1011.4 722.183 205.5 -49.1967 -188.698 -78.8762
732000 676.822 764.344 789.331 -20.2181 502.875 122.462
733000 1953.09 1159.31 -660.413 -178.909 207.095 -419.472
734000 758.003 -156.972 1563.96 -51.0356 -94.3919 259.139
735000 1220.55 1121.67 782.72 142.813 -648.678 -86.8827
736000 955.23 948 1217.43 156.655 627.41 -81.7366
737000 93.0315 435.822 309.332 -72.6628 65.2582 331.374
738000 1547.87 1049.12 -234.511 149.098 190.038 76.8219
739000 -369.637 -376.406 -770.257 -48.324 -574.895 559.892
740000 576.073 -538.531 -21.7094 404.175 411.375 -169.768
741000 449.684 807.349 -398.873 -169.575 610.153 -79.2776
742000 109.81 -152.057 22.8458 555.262 163.14 -538.959
743000 -394.426 286.577 757.97 34.3803 248.875 -83.5556
744000 277.907 -309.262 554.457 -190.369 878.257 -795.453
745000 697.92 1096 698.19 -437.522 87.2151 648.556
746000 127.378 1032.46 1051.7 165.448 -141.74 278.874
747000 726.345 -311.597 343.477 179.862 239.479 -239.507
748000 1257.04 423.653 856.297 739.678 264.594 -554.027
749000 138.083 894.51 1465.07 289.496 249.68 54.7948
750000 759.382 953.679 844.157 -774.478 184.344 -457.561
751000 849.416 80.9937 1592.02 55.137 -10.9904 11.1778
752000 -137.564 294.529 -32.922 -446.197 70.2569 -208.232
753000 1716.48 -305.303 122.884 1129.32 80.3623 -301.635
754000 70.068 403.509 207.852 621.202 -1046.63 -5.38538
755000 436.064 -233.271 1101.17 51.0211 560.992 -0.942906
756000 1021.7 47.501 534.161 212.445 -697.883 -132.643
757000 -847.882 -639.458 150.939 204.232 212.905 -1253.22
758000 568.076 1629.61 1481.98 -329.566 372.99 -546.074
759000 2186.73 1278.42 -587.525 188.375 516.801 -722.871
760000 1083.63 649.098 516.905 -541.876 590.658 153.901
761000 889.38 1145.28 1148.04 -135.33 468.03 -40.8052
762000 1704.91 719.351 503.609 -53.1873 30.4799 -530.443
763000 1876.29 1148.42 1379.59 -162.06 117.299 -15.1524
764000 559.158 662.899 -662.619 -658.817 196.821 -362.81
765000 420.335 1638.33 156.997 291.712 -669.88 -258.015
766000 62.2321 373.589 1161.99 -42.2651 -305.221 -147.964
767000 1719.34 1634.77 352.618 -49.309 -34.043 1265.81
768000 383.095 890.36 425.867 -213.014 -780.208 -317.28
769000 2080.56 1258.71 653.036 -185.194 -155.578 -117.129
770000 -460.396 442.008 349.139 750.783 -215.436 -784.486
771000 256.715 338.732 1209.37 396.989 -129.095 -160.886
772000 1396.34 -13.5866 93.366 340.551 651.305 876.956
773000 2721.13 1128.86 264.434 3.71278 645.498 172.182
774000 120.536 896.622 987.447 -405.557 -1.21467 -643.384
775000 -861.7 666.881 -289.88 -117.134 243.345 281.01
776000 1411.74 883.266 1096.61 855.887 -514.681 764.308
777000 1731.54 808.391 1094.98 681.466 620.498 -392.546
778000 582.09 2138.53 1469.24 -430.132 -480.383 258.204
779000 366.088 786.341 -396.909 1376.37 -53.626 146.819
780000 266.902 229.991 1105.39 356.73 -752.033 301.745
781000 392.813 735.831 2468.39 176.57 720.295 786.363
782000 516.455 1440.63 -1043.92 94.6776 5.13518 607.88
783000 673.181 -36.7526 450.687 -117.056 55.3807 765.658
784000 -77.1285 -585.978 1326.18 162.535 357.351 -789.135
785000 -611.044 -233.725 105.91 -323.464 164.676 8.51323
786000 -108.454 838.975 -171.414 434.201 -403.665 193.417
787000 1338.78 -83.6656 1032.4 -180.031 12.6963 114.389
788000 -86.6127 1088.19 452.636 1136.28 71.0683 -332.815
789000 1092.55 912.987 379.206 -303.969 -484.167 316.401
790000 55.452 931.605 1200.53 165.656 -57.7984 521.961
791000 1251.69 203.72 1202.5 -56.3973 180.623 549.477
792000 -407.426 1288.31 1205.82 -502.08 1245.18 -458.593
793000 440.577 645.571 -365.631 -351.938 -450.237 130.286
794000 314.647 250.404 -629.721 834.049 329.592 430.386
795000 -999.987 1331.29 592.088 791.075 -196.492 -179.685
796000 760.574 756.946 600.14 1.3787 -174.241 133.802
797000 613.144 637.898 -721.409 32.6228 -331.068 -125.555
798000 864.606 -1148.25 1152.24 555.331 -266.071 -202.051
799000 312.527 568.654 1572.21 -826.812 -714.118 -65.537
800000 -228.088 1283.62 227.279 496.924 494.011 57.9703
801000 792.619 -39.5033 133.951 691.238 829.748 -497.597
802000 -25.8059 497.318 580.543 31.4176 182.293 15.8301
803000 608.735 747.633 2231.3 314.925 317.635 -183.775
804000 89.4766 1195.46 1690.48 109.985 458.264 293.015
805000 542.583 466.272 1232.84 -199.883 21.0569 499.735
806000 -468.015 740.56 511.104 231.852 -180.814 -263.18
807000 366.767 -1226.02 381.568 -489.902 540.332 277.75
808000 735.391 519.989 237.615 -160.285 -136.752 64.6971
809000 -646.105 1213.77 1198.69 -761.922 -26.3242 -113.186
810000 691.73 124.038 -120.575 -236.52 177.927 12.931
811000 266.246 131.83 545.406 -451.44 -567.349 132.812
812000 -99.1845 386.208 529.629 -365.311 -179.621 93.6901
813000 900.108 872.4 -56.1817 317.597 -530.787 863.922
814000 -860.282 559.997 -963.284 164.052 -305.886 556.509
815000 857.821 216.503 990.786 636.245 441.323 51.0437
816000 334.171 1079.65 -22.901 -197.814 30.421 728.696
817000 1154.04 1152.36 -285.414 133.231 314.443 -473.399
818000 -511.462 340.194 157.199 -873.956 83.93 -199.533
819000 688.11 565.939 1713.68 456.175 -82.0429 -550.118
820000 910.189 305.81 1767.93 -152.479 -77.8432 -109.961
821000 853.007 1027.8 465.915 -38.7075 -100.927 666.894
822000 546.088 901.4 672.568 -248.172 -62.1459 475.801
823000 -105.567 106.049 176.731 -262.787 -403.914 -406.1
824000 917.37 1211.16 881.513 -166.781 56.5109 137.304
825000 631.015 64.1989 941.035 -390.21 492.682 -991.026
826000 -246.646 764.536 261.036 684.552 -533.53 64.5452
827000 1717.35 -328.728 -352.743 -171.245 -5.25173 -664.374
828000 418.732 -1210.21 -820.803 89.4609 76.3498 121.206
829000 976.525 1510.63 238.434 -339.575 -637.159 804.968
830000 1229.43 600.158 1342.36 -1370.79 71.4426 69.5469
831000 320.807 974.452 601.213 -73.1373 -354.955 4.23819
832000 809.9 392.514 -875.266 -115.515 -111.552 -138.593
833000 1885.28 -76.2849 926.978 4.65151 -236.062 -259.908
834000 497.078 1376.07 1709.58 236.046 607.269 -216.321
835000 -1188.9 840.864 758.099 -251.534 -1078.64 61.9766
836000 1292.89 684.488 401.437 434.27 -806.134 406.649
837000 -904.217 1537.15 -399.813 -1029.59 -416.65 485.459
838000 -347.455 505.984 1239.47 549.745 -601.727 -480.345
839000 1036.77 382.079 1500.13 39.5623 -224.75 -230.251
840000 284.674 563.007 -879.386 308.913 -627.406 -246.032
841000 335.589 -78.3612 1383.26 463.346 -238.507 -794.325
842000 546.63 -7.29667 656.202 483.059 79.11 -166.427
843000 890.239 58.8238 418.44 -44.0655 84.3265 -269.246
844000 -44.4411 533.907 93.4661 554.005 -942.416 -49.6687
845000 820.574 758.043 -357.383 121.901 699.829 -187.318
846000 643.11 -31.2667 293.934 502.56 -193.325 220.686
847000 464.079 -24.6089 827.676 738.842 -324.871 47.4716
848000 726.584 392.089 1004.65 -372.206 -252.692 308.443
849000 0.654226 996.991 861.334 136.947 23.5727 364.145
850000 125.769 1415.73 498.203 3.4417 -448.433 -191.673
851000 -218.038 -550.24 -609.758 -1055.97 1397.59 -190.418
852000 747.072 418.594 184.302 113.904 12.635 1.12339
853000 1048.99 441.375 1436.52 -399.458 80.5896 374.565
854000 1324.67 1090.74 591.512 -364.826 339.438 -26.6747
855000 632.887 198.644 1296.84 -1056.79 1370.82 192.572
856000 761.694 1454.01 1780.54 -1454.11 -1033.8 -361.361
857000 1032.53 1057.07 1254.27 981.574 486.635 678.039
858000 127.612 183.39 1046.31 -125.924 -774.608 373.087
859000 1660.75 966.613 560.114 159.66 -280.972 -844.235
860000 790.353 -442.319 246.508 -638.354 -321.002 260.781
861000 359.734 379.22 -470.722 553.937 178.363 875.82
862000 959.443 1362.86 978.877 -738.293 672.008 -180.211
863000 1147.68 -91.3692 1213.34 -943.142 147.596 775.726
864000 -197.082 -39.5097 -785.23 83.5881 -372.196 522.742
865000 -212.631 989.176 -144.812 747.255 10.8792 -768.614
866000 897.06 -880.149 200.426 -852.133 69.262 21.2498
867000 860.104 291.272 296.061 -452.316 419.315 -329.963
868000 571.149 441.581 1414.98 61.0556 316.146 -658.041
869000 1605.18 320.862 595.177 -197.399 -292.532 -861.311
870000 1395.11 89.2814 -419.515 17.9526 71.6706 414.516
871000 1331.78 714.036 660.765 -638.576 -470.548 -690.281
872000 428.63 446.655 -1030.58 -615.449 -609.432 50.1185
873000 1585.21 1734.67 1160.78 49.8474 -708.023 -323.183
874000 382.326 519.636 393.091 -132.792 -207.373 -81.3954
875000 944.171 72.4641 1155.7 347.977 716 -142.719
876000 1144.04 267.184 1191.11 247.75 -149.305 159.611
877000 35.2938 783.541 1257.66 -211.574 23.3838 -851.452
878000 -383.361 886.244 150.433 83.8775 -9.44761 565.67
879000 884.972 -1019.46 1349.7 -843.091 -44.9604 259.952
880000 1089.84 764.778 639.475 -134.617 511.675 -312.129
881000 451.209 -373.916 949.513 -447.401 303.516 -87.7056
882000 265.83 317.557 -807.935 901.609 95.9258 -464.523
883000 -378.514 210.295 378.135 134.585 533.847 571.749
884000 446.556 1288.07 1201.33 -252.803 305.63 202.225
885000 489.852 983.368 1378.43 12.5852 774.333 431.722
886000 872.495 1048.13 1670.99 301.433 -463.901 -943.291
887000 1176.05 200.935 1324.72 434.197 337.207 434.086
888000 47.939 570.864 1859.29 140.998 -411.287 406.373
889000 525.07 47.4797 1395.25 -439.14 -259.966 123.058
890000 1548.26 550.399 453.943 269.129 -132.315 194.644
891000 -227.017 -530.804 842.312 490.423 397.729 -261.397
892000 500.189 -308.74 420.67 -224.599 222.059 -429.36
893000 1328.06 -305.759 -340.861 -229.132 -33.7126 701.161
894000 310.773 -544.201 667.443 425.453 -558.266 215.087
895000 759.83 35.9068 437.019 811.249 -501.035 -0.384797
896000 198.77 93.3231 1379.94 697.568 -19.9849 -278.424
897000 -721.017 -795.115 740.659 228.954 -181.827 1334.38
898000 421.963 214.252 108.15 -73.7287 -214.877 277.39
899000 1109.76 1224.45 2138.19 133.968 389.153 -37.5397
900000 1798.05 163.442 1719.75 34.9936 -572.97 838.855
901000 1384.58 1254.04 1023.62 242.761 -254.923 233.924
902000 -122.324 1269.98 1163.7 -20.3784 -123.774 517.615
903000 1114.37 81.2144 1255.82 -440.582 247.458 -383.219
904000 -166.555 847.531 292.232 -151.852 -175.247 -76.1628
905000 -171.436 1902.33 366.607 -321.685 -358.423 -612.29
906000 -182.045 -634.747 266.52 406.456 44.0505 113.193
907000 119.041 687.673 -582.192 57.4665 -118.953 -428.293
908000 975.847 686.2 1416.99 16.0908 -8.71865 -241.151
909000 244.46 135.146 604.536 546.85 -516.301 90.7996
910000 398.489 940.543 595.911 143.618 -108.329 -147.414
911000 -65.8051 927.555 639.008 172.963 292.317 -415.696
912000 92.7994 1552.64 493.078 -191.355 -50.2893 590.494
913000 159.434 84.3102 719.459 -264.721 391.917 -53.2664
914000 655.824 241.289 813.836 862.711 518.582 430.705
915000 1731.74 -342.515 1279.79 -332.255 -145.669 -441.36
916000 327.699 1554.72 -59.0579 449.235 -253.047 -584.393
917000 604.205 -416.356 670.718 -134.342 -52.8052 -298.528
918000 -170.463 745.139 1350.92 443.707 6.0267 -713.477
919000 455.042 177.855 736.188 -34.131 484.101 -571.502
920000 -269.841 920.852 971.868 -469.023 99.5242 -365.827
921000 1070.19 366.911 -512.54 354.346 -311.122 -82.2932
922000 497.743 1495.57 752.621 88.9384 -356.678 325.943
923000 153.237 538.856 947.34 483.367 359.386 -372.772
924000 -517.823 -476.204 -501.812 706.012 336.391 553.998
925000 1022.31 -10.3963 797.07 297.958 193.13 203.202
926000 455.996 428.11 324.819 -405.122 446.224 -533.202
927000 670.4 -41.8608 -212.373 -532.507 -308.325 673.603
928000 1096.62 895.527 295.291 1047.07 45.9538 -703.631
929000 -267.415 829.058 836.77 -389.967 -231.214 -217.344
930000 403.659 418.011 1028.27 -984.589 425.999 -249.536
931000 198.592 989.805 751.8 439.754 -263.46 -476.966
932000 1359.17 -570.542 574.312 -17.8961 51.6766 -429.506
933000 342.425 1219.3 1263.39 438.526 -383.294 -81.8669
934000 603.631 154.289 858.847 -212.338 110.662 -213.419
935000 415.669 -144.187 282.344 -519.065 -697.131 150.261
936000 806.936 1072.26 485.488 -505.343 218.044 57.1675
937000 309.123 1066.36 1181.19 -474.151 207.91 408.674
938000 203.572 -49.4571 -536.841 -224.445 -284.468 -133.43
939000 -14.9452 -477.526 684.283 399.195 -140.309 -279.973
940000 -540.563 209.144 230.642 426.465 737.697 -719.688
941000 480.337 312.671 1132.65 528.954 137.078 -291.629
942000 672.222 753.377 879.216 94.8024 33.762 -42.044
943000 989.162 410.965 1279.56 -136.414 338.297 -68.6905
944000 328.846 665.017 1054.44 -90.2012 -374.643 551.706
945000 631.482 700.519 296.188 -526.701 -668.551 -518.456
946000 591.194 -553.049 -1212.03 -582.405 808.268 140.204
947000 -364.288 1571.86 903.617 -222.746 -365.66 56.9626
948000 468.06 557.473 602.569 64.6496 -734.755 191.22
949000 277.072 565.97 883.34 432.93 -190.612 -363.172
950000 576.7 475.294 945.055 373.11 -577.407 -447.349
951000 835.791 528.037 800.692 -310.025 528.374 5.22784
952000 1001.48 1053.59 491.919 -520.723 -373.619 273.381
953000 988.7 895.53 221.724 192.16 -409.611 145.906
954000 184.309 1361.11 1034.86 292.296 -1070.03 -5.1008
955000 97.5461 902.469 863.208 -416.629 -400.511 335.056
956000 1033.28 1019.18 105.841 -592.739 -416.527 -193.036
957000 1932.65 1089.37 930.723 29.3434 -163.041 -303.297
958000 133.484 1232.34 613.921 122.421 -817.366 -455.202
959000 -10.9795 1549.61 -588.366 262.307 -340.376 -124.796
960000 806.571 746.9 324.639 -71.3285 -254.717 -413.088
961000 579.555 1409.25 228.793 -130.212 828.203 88.8964
962000 789.82 -883.954 -1006.88 387.852 150.658 -216.95
963000 1046.45 -598.015 304.557 184.452 175.554 548.952
964000 -288.091 800.078 -86.1902 -165.026 106.623 -52.8387
965000 -751.164 -603.256 -561.019 841.158 -94.8802 236.166
966000 -19.2706 -192.632 1177.19 -41.4405 -452.914 665.306
967000 56.7648 626.695 1021.44 739.257 -383.47 267.996
968000 266.491 91.584 517.89 290.078 -400.104 -549.731
969000 -104.693 -159.685 -440.792 244.629 -602.444 -702.162
970000 -791.948 -481.504 545.865 21.047 581.265 103.768
971000 439.664 154.566 200.056 -664.038 -742.82 159.27
972000 716.154 479.097 328.303 -731.538 173.084 -353.209
973000 1064.69 -966.737 -317.672 -415.192 294.219 -160.223
974000 1279.11 736.095 -845.094 -484.386 1060.21 303.739
975000 1212.82 689.943 156.556 -38.4046 -28.2155 131.053
976000 463.177 599.242 238.242 -161.867 -51.4868 191.223
977000 1604.97 135.735 796.692 -271.917 -42.6866 496.227
978000 1659.6 160.076 1091.92 -135.675 -69.1028 -469.64
979000 312.03 316.424 -554.497 -128.02 92.8548 269.228
980000 -799.277 -261.424 744.384 -608.397 -207.51 -564.238
981000 1179.62 891.681 943.874 217.652 -525.102 -86.7077
982000 161.741 729.851 851.542 621.285 -74.4935 262.233
983000 663.011 -396.12 1040.65 260.998 200.884 452.705
984000 1838.43 986.285 1124.87 -715.064 -18.9199 -59.4794
985000 1655.86 790.711 502.499 79.3179 205.872 334.065
986000 463.502 272.855 657.913 457.739 65.9221 571.237
987000 461.381 452.5 475.191 60.6186 -547.136 -157.881
988000 -124.473 716.415 447.165 11.4574 -175.394 45.5553
989000 -1206.99 -313.818 280.274 208.788 948.748 -298.753
990000 -2.67965 -581.646 184.398 -175.994 611.091 211.026
991000 677.645 -69.9345 -64.3774 58.0731 -267.537 -94.8961
992000 194.523 319.612 95.1138 499.688 -64.805 147.061
993000 341.001 -118.965 927.506 316.786 302.105 425.815
994000 687.089 781.907 100.882 14.8345 144.041 -142.42
995000 68.7354 -37.2181 586.521 -636.961 -312.771 899.314
996000 208.528 1321.21 587.723 -364.464 198.085 -200.626
997000 2142.96 921.423 -76.7288 -716.145 -562.323 447.234
998000 1266.6 430.331 307.217 -49.0577 -240.066 -287.439
999000 -109.874 155.671 265.638 -288.771 -348.134 -117.464
1000000 11.1846 900.106 379.241 -668.376 105.656 290.914
