# Time-averaged data for fix ps1
# TimeStep c_thermo_press[1] c_thermo_press[2] c_thermo_press[3] c_thermo_press[4] c_thermo_press[5] c_thermo_press[6]
1000 396315 388967 0 1333.88 0 0
2000 396727 386382 0 398.227 0 0
3000 397434 385258 0 -36.4423 0 0
4000 397052 387078 0 -3863.04 0 0
5000 394974 388799 0 686.449 0 0
6000 392479 388638 0 277.413 0 0
7000 389790 388569 0 1799.11 0 0
8000 393530 386863 0 -2340.26 0 0
9000 394080 389254 0 -404.156 0 0
10000 392898 388538 0 -2173.33 0 0
11000 393717 390246 0 -5097.41 0 0
12000 394861 390980 0 -1825 0 0
13000 394141 388176 0 -2946.02 0 0
14000 396775 388196 0 -3546.77 0 0
15000 391657 389548 0 -2573.78 0 0
16000 394216 388372 0 -3638.52 0 0
17000 388771 390144 0 -1460.5 0 0
18000 392655 389309 0 -2413.79 0 0
19000 395587 387693 0 -5117.73 0 0
20000 395076 390267 0 -6324.02 0 0
21000 393417 389846 0 -4684.03 0 0
22000 393969 386948 0 -6923.17 0 0
23000 396050 386551 0 -2778.93 0 0
24000 396269 389778 0 -5931.08 0 0
25000 392136 388282 0 -4903.63 0 0
26000 392704 387987 0 -650.366 0 0
27000 390698 389464 0 -372.486 0 0
28000 392785 387709 0 -1861.57 0 0
29000 394546 388295 0 -1250.27 0 0
30000 391971 388012 0 -1724.6 0 0
31000 392356 392004 0 722.336 0 0
32000 392094 390326 0 1482.32 0 0
33000 390217 390401 0 -1262.94 0 0
34000 391808 390713 0 1775.47 0 0
35000 392388 389507 0 -1914.48 0 0
36000 391047 392465 0 556.214 0 0
37000 390700 393484 0 -2694.04 0 0
38000 392256 394100 0 -147.285 0 0
39000 392140 392858 0 -1527.11 0 0
40000 389092 390790 0 -2143.88 0 0
41000 392419 391054 0 1390.61 0 0
42000 389217 390360 0 1744.85 0 0
43000 390925 389539 0 61.644 0 0
44000 388239 393032 0 827.625 0 0
45000 388376 392612 0 -150.651 0 0
46000 390163 393734 0 1199.15 0 0
47000 390584 390979 0 3387.65 0 0
48000 391214 389129 0 3206.09 0 0
49000 394931 390943 0 -2111.38 0 0
50000 394174 389147 0 1061.23 0 0
51000 387691 391258 0 1513.38 0 0
52000 390563 391056 0 924.601 0 0
53000 388506 394084 0 -1640.87 0 0
54000 389949 392661 0 43.5632 0 0
55000 391406 393316 0 -358.399 0 0
56000 388884 391828 0 1721.85 0 0
57000 389098 394802 0 -338.407 0 0
58000 390800 392950 0 2634.89 0 0
59000 389981 390152 0 1755.87 0 0
60000 388701 391756 0 685.966 0 0
61000 389273 393249 0 986.029 0 0
62000 393247 388165 0 194.613 0 0
63000 390490 389790 0 2258.98 0 0
64000 388187 390934 0 21.737 0 0
65000 389173 395662 0 2617.35 0 0
66000 391240 392461 0 -1966.03 0 0
67000 386831 391846 0 687.762 0 0
68000 392080 391885 0 -1409.19 0 0
69000 391506 393147 0 3633.92 0 0
70000 388392 392795 0 444.118 0 0
71000 386482 394100 0 1767.99 0 0
72000 389734 395136 0 1421.7 0 0
73000 391704 391195 0 718.649 0 0
74000 389221 393197 0 -1968.45 0 0
75000 390313 391714 0 -844.529 0 0
76000 391483 390752 0 1963.7 0 0
77000 390309 392105 0 1306.91 0 0
78000 391426 391959 0 1793.72 0 0
79000 392921 389727 0 2349.63 0 0
80000 391460 392464 0 -85.0699 0 0
81000 392384 390549 0 849.591 0 0
82000 389969 392910 0 -72.0396 0 0
83000 392189 391386 0 -1309.83 0 0
84000 390823 392387 0 -1313.04 0 0
85000 390052 390582 0 -3162.53 0 0
86000 390311 391802 0 -3050.79 0 0
87000 392693 387214 0 -2835.41 0 0
88000 391261 388660 0 -3435.84 0 0
89000 388956 388411 0 -1752.81 0 0
90000 392922 388671 0 66.8307 0 0
91000 388518 394808 0 -1672.75 0 0
92000 390536 392847 0 -2829.5 0 0
93000 390740 394086 0 -266.884 0 0
94000 391303 390681 0 -3343.39 0 0
95000 390068 392974 0 -3063.04 0 0
96000 390796 390416 0 -813.714 0 0
97000 387460 390923 0 -4136.18 0 0
98000 389683 391318 0 -2582.35 0 0
99000 389892 392865 0 -3223 0 0
100000 388852 391997 0 -6337.96 0 0
101000 390454 392388 0 -2321.55 0 0
102000 385661 392965 0 -5474.92 0 0
103000 386324 395514 0 -637.219 0 0
104000 388839 395036 0 -4909.66 0 0
105000 387934 392037 0 -2488.25 0 0
106000 390032 392547 0 -5955.03 0 0
107000 390614 394596 0 -6545.58 0 0
108000 390967 392289 0 -5230.86 0 0
109000 392348 392446 0 -2355.51 0 0
110000 396228 392419 0 -2512.74 0 0
111000 390928 394193 0 -3261.83 0 0
112000 389918 392850 0 -6464.42 0 0
113000 388432 396539 0 -3724.06 0 0
114000 391955 389053 0 -799.875 0 0
115000 389340 393649 0 -1799.34 0 0
116000 390357 390276 0 -4684.49 0 0
117000 390560 390001 0 -745.017 0 0
118000 392687 392090 0 -189.539 0 0
119000 392156 394414 0 -4030.64 0 0
120000 388162 394639 0 -3238.81 0 0
121000 394678 391687 0 -3693.17 0 0
122000 390920 388723 0 -4227.73 0 0
123000 391357 393066 0 -4464.94 0 0
124000 386254 394013 0 -6566.87 0 0
125000 393125 390405 0 -3086.62 0 0
126000 392530 390124 0 1075.93 0 0
127000 392617 389957 0 -2470.88 0 0
128000 391708 392740 0 -150.509 0 0
129000 394124 389704 0 -2135.64 0 0
130000 392291 389151 0 642.647 0 0
131000 391918 388365 0 -133.308 0 0
132000 394287 386182 0 -2355.02 0 0
133000 388809 391399 0 -921.899 0 0
134000 393465 387258 0 -2796.76 0 0
135000 394353 389333 0 2185.65 0 0
136000 391123 388294 0 -318.04 0 0
137000 390665 388965 0 -1470.73 0 0
138000 391937 390075 0 1989.92 0 0
139000 392363 388823 0 1190.87 0 0
140000 390898 390309 0 3244.99 0 0
141000 396794 385121 0 3087.56 0 0
142000 392735 386504 0 3055.36 0 0
143000 394166 388228 0 5465.39 0 0
144000 394364 388504 0 3549.85 0 0
145000 392875 387969 0 4784.2 0 0
146000 392818 387453 0 4740.85 0 0
147000 393447 386956 0 4590.82 0 0
148000 394008 388524 0 5337.15 0 0
149000 396246 387620 0 6177.87 0 0
150000 394817 389449 0 5807.15 0 0
151000 391059 390090 0 7921.26 0 0
152000 392675 388061 0 6742.98 0 0
153000 393408 390400 0 1850.61 0 0
154000 390122 390050 0 3473.74 0 0
155000 391280 389005 0 7675.79 0 0
156000 393269 390023 0 6050.16 0 0
157000 391416 388777 0 4961 0 0
158000 390127 389189 0 2973.12 0 0
159000 392572 393158 0 7772.34 0 0
160000 389070 391693 0 4837.22 0 0
161000 390671 392470 0 1545.7 0 0
162000 385153 394752 0 4751.99 0 0
163000 391869 387429 0 2457.88 0 0
164000 390609 390462 0 3190.02 0 0
165000 394231 388478 0 3621.56 0 0
166000 392015 389816 0 3363.67 0 0
167000 394673 389454 0 1613.89 0 0
168000 388757 393553 0 2742.11 0 0
169000 391897 389165 0 860.858 0 0
170000 393875 388037 0 2099.94 0 0
171000 392199 390812 0 4619.29 0 0
172000 390705 391008 0 4596.97 0 0
173000 387113 392486 0 -196.294 0 0
174000 391248 393044 0 2265.48 0 0
175000 390363 391629 0 1432.88 0 0
176000 390652 388846 0 2551.89 0 0
177000 389369 392600 0 -172.023 0 0
178000 386786 393993 0 -795.922 0 0
179000 387792 394001 0 2036.86 0 0
180000 389873 391671 0 1898.05 0 0
181000 391184 393242 0 839.446 0 0
182000 388696 390559 0 1429.77 0 0
183000 385907 394140 0 1756.59 0 0
184000 389594 392273 0 705.123 0 0
185000 390000 393752 0 -188.741 0 0
186000 391269 390910 0 3048.97 0 0
187000 391262 389959 0 2241.7 0 0
188000 389907 391043 0 1362.03 0 0
189000 393193 387447 0 751.084 0 0
190000 391805 389728 0 1243.98 0 0
191000 390552 391265 0 -53.288 0 0
192000 390111 391183 0 1976.49 0 0
193000 387298 391887 0 1089.75 0 0
194000 391152 387445 0 0.928336 0 0
195000 387761 392278 0 -122.326 0 0
196000 386126 391054 0 987.548 0 0
197000 388225 394026 0 -1713.17 0 0
198000 387419 393930 0 -3435.09 0 0
199000 385997 392253 0 -5497.59 0 0
200000 388868 392813 0 -541.779 0 0
201000 388976 390081 0 -3615.74 0 0
202000 388299 389663 0 -4117.94 0 0
203000 389229 389968 0 -4391.44 0 0
204000 386180 393371 0 -3741.78 0 0
205000 386740 392164 0 -5958.76 0 0
206000 387154 391833 0 -6198.04 0 0
207000 390823 390596 0 -7409.69 0 0
208000 387363 390543 0 -3671.48 0 0
209000 389165 391189 0 -4643.52 0 0
210000 389548 394212 0 -2950.42 0 0
211000 389559 392729 0 -6410.17 0 0
212000 387491 393511 0 -5430.1 0 0
213000 391298 388165 0 -4183.79 0 0
214000 388725 388666 0 -6185.08 0 0
215000 388146 393181 0 -7101.88 0 0
216000 388496 392404 0 -6003.95 0 0
217000 388748 393698 0 -5224.57 0 0
218000 390144 390004 0 -6927.77 0 0
219000 392436 390335 0 -5383.81 0 0
220000 390513 390306 0 -3819 0 0
221000 388678 390418 0 -2827.38 0 0
222000 387076 390940 0 -1186.44 0 0
223000 387187 390437 0 -3167.91 0 0
224000 386017 393509 0 -1924.88 0 0
225000 389022 389072 0 -3327.93 0 0
226000 390478 393322 0 -1787.18 0 0
227000 389166 387662 0 549.797 0 0
228000 391014 391572 0 -850.858 0 0
229000 390547 394869 0 476.233 0 0
230000 391728 391219 0 539.646 0 0
231000 388976 390543 0 -2021.74 0 0
232000 389238 392080 0 1208.97 0 0
233000 392134 387689 0 328.702 0 0
234000 385746 390747 0 1243.13 0 0
235000 389507 388524 0 1256.37 0 0
236000 388173 392004 0 686.283 0 0
237000 392226 388318 0 1625.33 0 0
238000 392831 390668 0 -37.0467 0 0
239000 391226 387508 0 415.767 0 0
240000 389933 389080 0 -149.326 0 0
241000 388843 391622 0 465.409 0 0
242000 389975 390109 0 2987.96 0 0
243000 393478 388552 0 1325.46 0 0
244000 391550 390935 0 1266.31 0 0
245000 390380 389134 0 4635.12 0 0
246000 391204 391370 0 1380.54 0 0
247000 391260 388951 0 1157.57 0 0
248000 392416 391226 0 847.192 0 0
249000 392185 388757 0 3859.7 0 0
250000 391535 388712 0 2803.07 0 0
251000 390853 389008 0 2949.09 0 0
252000 390157 392438 0 2788.94 0 0
253000 391969 388792 0 1193.28 0 0
254000 389108 391406 0 2148.61 0 0
255000 389259 390756 0 3963.87 0 0
256000 389767 392823 0 2317.41 0 0
257000 389978 391150 0 2332.03 0 0
258000 389630 390365 0 1755.4 0 0
259000 391023 389192 0 488.786 0 0
260000 390800 388757 0 718.726 0 0
261000 389503 393668 0 1661.69 0 0
262000 389857 390983 0 2264.08 0 0
263000 393863 386455 0 1151.62 0 0
264000 392270 391617 0 3003.72 0 0
265000 389219 389186 0 4574.9 0 0
266000 393690 388375 0 2750.96 0 0
267000 393478 392661 0 3638.83 0 0
268000 388951 393081 0 3225.48 0 0
269000 393356 387177 0 1159.72 0 0
270000 392812 390462 0 3516.25 0 0
271000 390622 390700 0 4889.35 0 0
272000 389870 394301 0 4074.29 0 0
273000 390993 390835 0 1202.77 0 0
274000 392178 390320 0 825.027 0 0
275000 391909 389216 0 1881.88 0 0
276000 393344 388293 0 2679.77 0 0
277000 390067 392222 0 816.439 0 0
278000 387581 390496 0 952.41 0 0
279000 388131 392156 0 623.782 0 0
280000 389385 389516 0 1288.49 0 0
281000 392409 388872 0 2196.15 0 0
282000 387931 392364 0 -551.508 0 0
283000 389004 392794 0 1005.37 0 0
284000 388272 391388 0 -384.263 0 0
285000 389030 393635 0 1446.5 0 0
286000 386809 394702 0 -368.408 0 0
287000 389352 389544 0 2122.85 0 0
288000 389144 392395 0 1073.07 0 0
289000 388277 391768 0 -64.1721 0 0
290000 391048 390908 0 2040.39 0 0
291000 394457 387498 0 -1039.09 0 0
292000 393134 383833 0 2531.74 0 0
293000 389442 394052 0 -689.493 0 0
294000 388268 390660 0 3603.68 0 0
295000 393708 388539 0 750.28 0 0
296000 393765 388871 0 -361.458 0 0
297000 390926 391737 0 -1300.25 0 0
298000 388193 396396 0 -2802.88 0 0
299000 388502 394462 0 -1360.27 0 0
300000 389726 391182 0 -2666.1 0 0
301000 389939 389846 0 -1933.58 0 0
302000 390537 391587 0 -2086.74 0 0
303000 388170 394464 0 -4080.4 0 0
304000 394736 389404 0 -3352.22 0 0
305000 392758 388312 0 -1878.44 0 0
306000 389218 393827 0 -418.197 0 0
307000 389864 392946 0 -1519.46 0 0
308000 391917 391255 0 -3294.78 0 0
309000 392885 389608 0 -6667.11 0 0
310000 390982 395275 0 -4815.85 0 0
311000 393256 388789 0 -5759.27 0 0
312000 393907 391463 0 -2732.33 0 0
313000 392619 387746 0 -2101.35 0 0
314000 391158 388834 0 -1073.46 0 0
315000 391283 391368 0 -2795.11 0 0
316000 391588 390829 0 -1823.94 0 0
317000 390094 389794 0 1668.56 0 0
318000 394998 389897 0 -3452.2 0 0
319000 391600 390425 0 -1909.29 0 0
320000 393310 389706 0 -1421.95 0 0
321000 395103 388874 0 -1343.51 0 0
322000 390742 393398 0 -3210.01 0 0
323000 390655 391191 0 4.5354 0 0
324000 389644 393276 0 1369.84 0 0
325000 393014 391382 0 -2403.05 0 0
326000 388706 391850 0 -2857.09 0 0
327000 389206 394012 0 994.413 0 0
328000 389104 394746 0 -794.651 0 0
329000 391094 391165 0 1203.65 0 0
330000 388307 390652 0 -1139.29 0 0
331000 388349 391282 0 -2204.18 0 0
332000 394777 393764 0 -39.6441 0 0
333000 389257 391398 0 -1344.78 0 0
334000 390082 391707 0 1098.56 0 0
335000 387961 389813 0 1806.81 0 0
336000 389872 391311 0 2365.09 0 0
337000 388740 388437 0 3286.02 0 0
338000 389526 391197 0 2104.82 0 0
339000 393133 391435 0 4424.17 0 0
340000 391095 391330 0 4387.86 0 0
341000 392755 392719 0 5080.4 0 0
342000 390073 392686 0 1498.06 0 0
343000 392952 389404 0 4680.87 0 0
344000 390208 392089 0 689.466 0 0
345000 391424 392193 0 567.264 0 0
346000 388540 392706 0 212.103 0 0
347000 388193 390582 0 893.98 0 0
348000 387123 390427 0 1029.33 0 0
349000 389922 390221 0 2758.2 0 0
350000 388236 394687 0 4427.33 0 0
351000 390590 388753 0 1176.01 0 0
352000 394683 388999 0 6222.31 0 0
353000 388827 392521 0 3126.88 0 0
354000 389256 388712 0 -786.938 0 0
355000 391888 391148 0 3312.37 0 0
356000 393773 389727 0 5075.72 0 0
357000 391710 386605 0 2708.82 0 0
358000 391823 388552 0 3584.71 0 0
359000 388839 393309 0 3302.83 0 0
360000 392014 390113 0 4983.53 0 0
361000 388077 387482 0 3876.07 0 0
362000 391250 388844 0 4566.64 0 0
363000 393310 388560 0 3456.22 0 0
364000 391535 387722 0 3699.85 0 0
365000 391005 391165 0 2783.03 0 0
366000 392892 390569 0 4911.97 0 0
367000 392123 389308 0 2056.98 0 0
368000 389200 388935 0 2394.28 0 0
369000 393580 387266 0 1491.41 0 0
370000 392180 386683 0 7136.96 0 0
371000 388598 390919 0 4668.7 0 0
372000 395264 387694 0 5510.16 0 0
373000 392075 390628 0 1982.79 0 0
374000 388813 392831 0 6941.59 0 0
375000 392399 389914 0 6828.87 0 0
376000 393647 389752 0 6486.56 0 0
377000 392980 388666 0 2364.26 0 0
378000 392774 389586 0 3904.04 0 0
379000 390421 389870 0 2543.98 0 0
380000 390057 394461 0 1920.67 0 0
381000 386501 392793 0 2601.79 0 0
382000 393203 388749 0 994.94 0 0
383000 389920 389391 0 2429.15 0 0
384000 391256 388134 0 -140.621 0 0
385000 390676 391413 0 3907.63 0 0
386000 392680 390154 0 3858.79 0 0
387000 393442 387752 0 1893.58 0 0
388000 390967 391633 0 630.343 0 0
389000 388561 387633 0 -3420.95 0 0
390000 392263 387192 0 -2333.98 0 0
391000 392939 389654 0 -2607.42 0 0
392000 389819 390587 0 -172.478 0 0
393000 392798 389460 0 -3019.09 0 0
394000 392989 388495 0 2497.9 0 0
395000 394907 390941 0 3255.64 0 0
396000 389324 390369 0 -1863.27 0 0
397000 391438 387393 0 4019.49 0 0
398000 394220 390556 0 1303.13 0 0
399000 391300 386625 0 810.848 0 0
400000 396346 387543 0 -2277.13 0 0
401000 389607 390427 0 -4329.48 0 0
402000 388039 394076 0 -3492.67 0 0
403000 390356 389829 0 -1958.18 0 0
404000 390854 388595 0 -4001.78 0 0
405000 394596 384796 0 -3299.17 0 0
406000 396122 384241 0 -3442.83 0 0
407000 387895 390940 0 -2790.04 0 0
408000 392435 387614 0 -1276.06 0 0
409000 392537 390390 0 -3358.46 0 0
410000 387173 389981 0 -5047.69 0 0
411000 386899 391651 0 -2086.2 0 0
412000 392552 387990 0 -2328.19 0 0
413000 389969 391385 0 -3080.62 0 0
414000 391401 391337 0 -4757.04 0 0
415000 391228 390253 0 -1619.08 0 0
416000 395219 387680 0 -5320.98 0 0
417000 390900 388411 0 -2254.09 0 0
418000 390034 390004 0 21.252 0 0
419000 391158 387846 0 -2327.16 0 0
420000 387152 391354 0 -565.154 0 0
421000 390298 388505 0 -932.43 0 0
422000 392442 388868 0 -3064.89 0 0
423000 391260 385892 0 -2845.56 0 0
424000 395043 387964 0 -4336.98 0 0
425000 393518 387622 0 -4828.56 0 0
426000 393729 389751 0 -2300.46 0 0
427000 389891 394091 0 -3200.66 0 0
428000 391675 391801 0 -3812.79 0 0
429000 390926 392365 0 -2957.93 0 0
430000 391636 389718 0 530.452 0 0
431000 395027 388692 0 -820.943 0 0
432000 394397 389744 0 -1805.26 0 0
433000 393781 389771 0 -625.05 0 0
434000 391974 390580 0 -376.647 0 0
435000 393496 392426 0 -3387.3 0 0
436000 388621 392255 0 -427.797 0 0
437000 392361 388441 0 1724.92 0 0
438000 391917 391885 0 -470.793 0 0
439000 393883 392133 0 -650.273 0 0
440000 388572 392804 0 -2643.72 0 0
441000 391069 391101 0 3873.5 0 0
442000 397001 385252 0 777.23 0 0
443000 390121 389223 0 669.943 0 0
444000 391715 391730 0 2580.82 0 0
445000 392271 387274 0 -398.273 0 0
446000 393861 388612 0 2331.74 0 0
447000 391448 390660 0 2616.7 0 0
448000 389009 390387 0 677.806 0 0
449000 389809 389881 0 439.683 0 0
450000 391734 392779 0 1349.13 0 0
451000 388722 388756 0 3115.73 0 0
452000 395502 385982 0 3443.47 0 0
453000 395053 389145 0 1685.44 0 0
454000 394988 388209 0 -166.79 0 0
455000 390982 392064 0 -2200.72 0 0
456000 394963 389671 0 -928.461 0 0
457000 395198 388649 0 1674.55 0 0
458000 390671 393806 0 2460.36 0 0
459000 388206 392876 0 1513.94 0 0
460000 387736 392877 0 -673.464 0 0
461000 390066 390615 0 990.785 0 0
462000 392421 389402 0 -2383.05 0 0
463000 390277 388927 0 847.747 0 0
464000 388407 393876 0 -853.774 0 0
465000 387111 392129 0 160.458 0 0
466000 390701 392134 0 1752.07 0 0
467000 390027 394224 0 1411.73 0 0
468000 391971 389255 0 2480.48 0 0
469000 386077 395507 0 -419.77 0 0
470000 386124 394202 0 -140.523 0 0
471000 389997 392706 0 -973.561 0 0
472000 392236 391985 0 813.54 0 0
473000 390063 390614 0 -184.026 0 0
474000 387607 395252 0 -1485.57 0 0
475000 393843 389029 0 -1297.7 0 0
476000 393085 389520 0 -2371.85 0 0
477000 391161 390535 0 -3994.09 0 0
478000 389802 392251 0 -4547.72 0 0
479000 389454 390229 0 -1997.2 0 0
480000 394913 389103 0 1259.61 0 0
481000 392797 388258 0 -1228.99 0 0
482000 392325 388941 0 159.391 0 0
483000 394400 389091 0 -4855.18 0 0
484000 392495 386573 0 -1155.69 0 0
485000 394613 388697 0 -2941.15 0 0
486000 390502 387407 0 -1063 0 0
487000 395379 387588 0 -702.523 0 0
488000 393542 389730 0 671.42 0 0
489000 395050 390720 0 1008.4 0 0
490000 392575 389041 0 -1309.45 0 0
491000 395788 390079 0 -1082.38 0 0
492000 393934 389256 0 -2593.85 0 0
493000 397863 385581 0 -4160.32 0 0
494000 397851 383868 0 -2835.34 0 0
495000 393321 388410 0 -1151.78 0 0
496000 388998 391446 0 -3108.1 0 0
497000 391722 389314 0 -2166.27 0 0
498000 394201 386235 0 -3995.07 0 0
499000 394735 388447 0 -2539.8 0 0
500000 394167 388077 0 -585.202 0 0
