# Time-averaged data for fix ps1
# TimeStep c_thermo_press[1] c_thermo_press[2] c_thermo_press[3] c_thermo_press[4] c_thermo_press[5] c_thermo_press[6]
1000 404200 404277 0 345.232 0 0
2000 407913 400794 0 -564.865 0 0
3000 408319 402128 0 257.166 0 0
4000 408755 402928 0 -1200.37 0 0
5000 402409 407221 0 2276.82 0 0
6000 404246 406604 0 505.587 0 0
7000 404321 404044 0 -427.872 0 0
8000 411344 404226 0 1402.49 0 0
9000 406849 403978 0 465.941 0 0
10000 402580 406097 0 -84.3917 0 0
11000 404919 402460 0 3849.95 0 0
12000 407151 402643 0 99.749 0 0
13000 405021 403849 0 239.476 0 0
14000 407455 407767 0 -2404.55 0 0
15000 405086 404703 0 -493.849 0 0
16000 401959 407776 0 -303.502 0 0
17000 400047 405286 0 -290.801 0 0
18000 403139 407277 0 1503.7 0 0
19000 403984 404265 0 -2621.73 0 0
20000 404332 407607 0 -523.296 0 0
21000 408675 405288 0 620.778 0 0
22000 406693 407275 0 1565.08 0 0
23000 405738 405434 0 -234.399 0 0
24000 409867 403677 0 -1153.3 0 0
25000 402960 408515 0 1475.99 0 0
26000 407040 404784 0 231.556 0 0
27000 407568 404846 0 1300.98 0 0
28000 406396 402036 0 43.0829 0 0
29000 406251 401728 0 515.03 0 0
30000 409229 401938 0 -1188.17 0 0
31000 411204 402098 0 -3180.41 0 0
32000 406013 400439 0 1267.09 0 0
33000 406683 404922 0 -2029.05 0 0
34000 405529 404462 0 2683.37 0 0
35000 404341 405166 0 1163.35 0 0
36000 403973 409827 0 559.861 0 0
37000 403031 403588 0 6081.32 0 0
38000 406122 401838 0 -418.797 0 0
39000 407988 401834 0 -523.552 0 0
40000 407149 402886 0 1294.99 0 0
41000 404066 402892 0 4312.08 0 0
42000 408657 404579 0 -921.236 0 0
43000 403445 406970 0 -910.594 0 0
44000 407808 402742 0 539.263 0 0
45000 405021 405300 0 -1174.49 0 0
46000 402804 407690 0 -768.686 0 0
47000 408097 403504 0 1609.94 0 0
48000 408643 406999 0 1135.95 0 0
49000 404857 409731 0 72.1943 0 0
50000 406031 405864 0 1404.22 0 0
51000 404184 408376 0 3111.07 0 0
52000 405504 404034 0 1908.86 0 0
53000 408216 404376 0 1954.86 0 0
54000 405867 401566 0 511.838 0 0
55000 406321 405274 0 1389.3 0 0
56000 406689 404913 0 -1189.53 0 0
57000 408037 405562 0 -2090.26 0 0
58000 404087 407655 0 -4200.32 0 0
59000 403986 408388 0 -2035.5 0 0
60000 405804 405195 0 4466.6 0 0
61000 407080 408009 0 798.171 0 0
62000 409410 406024 0 -537.137 0 0
63000 405501 403776 0 4096.09 0 0
64000 403740 407359 0 2505.32 0 0
65000 406755 402634 0 1575.51 0 0
66000 406495 402501 0 253.981 0 0
67000 407246 404548 0 1731.98 0 0
68000 404687 402301 0 -952.938 0 0
69000 410956 402206 0 1204.1 0 0
70000 409110 399516 0 1112.27 0 0
71000 406498 403133 0 2568.1 0 0
72000 406158 404806 0 1905.89 0 0
73000 404121 406848 0 -1259.21 0 0
74000 402718 403240 0 -488.34 0 0
75000 403323 404862 0 -695.92 0 0
76000 404609 404457 0 1950.29 0 0
77000 405489 403607 0 -172.228 0 0
78000 406627 404020 0 -2199.36 0 0
79000 401801 410709 0 1549.87 0 0
80000 405292 405747 0 1176.66 0 0
81000 407188 404270 0 -2208.31 0 0
82000 403345 405975 0 2849.66 0 0
83000 405250 404540 0 1843.42 0 0
84000 403811 405416 0 1053.32 0 0
85000 403758 408042 0 -947 0 0
86000 405373 404716 0 -678.039 0 0
87000 404130 405284 0 -2809.6 0 0
88000 403763 406208 0 1144.87 0 0
89000 405443 404544 0 -920.897 0 0
90000 409912 399815 0 466.898 0 0
91000 405473 407035 0 -448.464 0 0
92000 404763 405607 0 4228.29 0 0
93000 403870 403619 0 703.984 0 0
94000 405931 406244 0 -2857.67 0 0
95000 407119 406886 0 -918.575 0 0
96000 404764 405853 0 -344.397 0 0
97000 408331 405379 0 -982.328 0 0
98000 401993 407696 0 251.853 0 0
99000 404605 403841 0 -703.001 0 0
100000 406485 408399 0 -1894.28 0 0
101000 408100 404979 0 -280.386 0 0
102000 403167 407145 0 243.903 0 0
103000 400076 407609 0 2090.49 0 0
104000 401172 406266 0 716.288 0 0
105000 408852 404460 0 -1480.88 0 0
106000 406471 407090 0 -1589.64 0 0
107000 402311 408972 0 -232.386 0 0
108000 405492 406992 0 1967.73 0 0
109000 404224 403411 0 204.155 0 0
110000 406547 401612 0 -216.045 0 0
111000 405776 404898 0 -1777.31 0 0
112000 408625 403160 0 2020.48 0 0
113000 404181 404821 0 469.207 0 0
114000 403764 403576 0 2623.17 0 0
115000 403891 404411 0 531.128 0 0
116000 405361 407261 0 -143.515 0 0
117000 401641 406635 0 -2220.46 0 0
118000 404661 405245 0 1101.8 0 0
119000 403011 405608 0 -752.476 0 0
120000 402736 404243 0 -247.245 0 0
121000 405154 406900 0 -1215.46 0 0
122000 404163 402777 0 -3772.33 0 0
123000 404252 408960 0 1926.81 0 0
124000 404875 404951 0 -1269.68 0 0
125000 405073 409186 0 2882.23 0 0
126000 401681 404142 0 -162.951 0 0
127000 408271 404543 0 -302.551 0 0
128000 404348 404184 0 -1924.28 0 0
129000 406446 405518 0 -1007.82 0 0
130000 405293 405043 0 2719.48 0 0
131000 400646 408371 0 -190.168 0 0
132000 406127 407100 0 -682.087 0 0
133000 404452 405409 0 327.747 0 0
134000 404593 404948 0 -64.8776 0 0
135000 402957 402399 0 620.246 0 0
136000 406674 408907 0 -616.782 0 0
137000 402818 405592 0 1009.62 0 0
138000 406772 405275 0 1527.95 0 0
139000 403330 409612 0 4255.08 0 0
140000 402936 406547 0 1256.16 0 0
141000 404527 406295 0 2132.62 0 0
142000 405752 407599 0 1400.22 0 0
143000 404376 402424 0 1943.65 0 0
144000 402961 407330 0 829.327 0 0
145000 404146 404175 0 204.232 0 0
146000 406130 405819 0 1226.16 0 0
147000 407734 404984 0 -829.276 0 0
148000 403920 407684 0 1644.04 0 0
149000 406645 406028 0 2412.19 0 0
150000 406493 403930 0 798.983 0 0
151000 405350 401858 0 1465.78 0 0
152000 404609 404083 0 196.593 0 0
153000 402516 405846 0 -144.332 0 0
154000 404620 408209 0 555.028 0 0
155000 405946 404500 0 -963.816 0 0
156000 406607 404190 0 1164.37 0 0
157000 403488 404596 0 1649.89 0 0
158000 404344 403324 0 1980.16 0 0
159000 405151 404682 0 2097.84 0 0
160000 408828 405461 0 -117.425 0 0
161000 404834 401737 0 1652.63 0 0
162000 403649 405794 0 -1733.08 0 0
163000 404384 408544 0 -139.822 0 0
164000 409449 404233 0 1805.54 0 0
165000 404052 404246 0 -237.2 0 0
166000 407633 404019 0 -2787.77 0 0
167000 408275 403164 0 -956.639 0 0
168000 407908 403557 0 2330.19 0 0
169000 404107 407044 0 1006.42 0 0
170000 403658 408737 0 315.091 0 0
171000 402396 407005 0 3099.19 0 0
172000 405417 404819 0 600.347 0 0
173000 409399 407904 0 2939.03 0 0
174000 405251 408630 0 243.299 0 0
175000 406907 403603 0 523.385 0 0
176000 408594 404734 0 2231.8 0 0
177000 403062 407020 0 925.591 0 0
178000 407434 405307 0 -1549.06 0 0
179000 403650 404915 0 2587.64 0 0
180000 409535 405722 0 724.789 0 0
181000 407171 406767 0 508.754 0 0
182000 407807 407625 0 540.328 0 0
183000 407494 406110 0 -347.971 0 0
184000 411573 405870 0 2057.24 0 0
185000 403804 404005 0 3848.86 0 0
186000 408205 406269 0 -2072.29 0 0
187000 404089 406042 0 2548.75 0 0
188000 404395 409150 0 539.479 0 0
189000 406222 408039 0 376.531 0 0
190000 407350 404490 0 -2052.4 0 0
191000 406638 403000 0 -1384.06 0 0
192000 406420 407078 0 -1134.31 0 0
193000 401046 410721 0 -357.569 0 0
194000 402533 406357 0 2152.47 0 0
195000 405104 404558 0 -490.507 0 0
196000 407362 404217 0 -1133.62 0 0
197000 409332 405715 0 -550.781 0 0
198000 401899 402678 0 1770.35 0 0
199000 402200 405084 0 831.434 0 0
200000 405891 404547 0 -920.87 0 0
201000 400026 407951 0 2206.3 0 0
202000 405229 403581 0 -663.836 0 0
203000 403465 409333 0 -3416.19 0 0
204000 402706 408368 0 -637.225 0 0
205000 410198 399899 0 -3916.6 0 0
206000 410699 401855 0 -569.18 0 0
207000 401156 411454 0 663.714 0 0
208000 406144 406890 0 -282.659 0 0
209000 401307 404103 0 -1491.05 0 0
210000 405893 403552 0 999.712 0 0
211000 404509 406569 0 -1561.91 0 0
212000 405076 406723 0 -835.289 0 0
213000 405290 410069 0 1584.31 0 0
214000 400831 406923 0 -1476.52 0 0
215000 403044 406413 0 -3089.71 0 0
216000 403323 405936 0 -2302.41 0 0
217000 405320 406157 0 858.927 0 0
218000 404657 405645 0 605.809 0 0
219000 407218 402989 0 -1679.06 0 0
220000 407002 404945 0 1740.54 0 0
221000 409117 404034 0 1952.12 0 0
222000 403203 406534 0 937.728 0 0
223000 408627 402427 0 582.587 0 0
224000 408497 403086 0 1029.27 0 0
225000 406034 407787 0 429.805 0 0
226000 406618 406372 0 -105.207 0 0
227000 402336 406151 0 -1568.59 0 0
228000 405707 404998 0 2014.79 0 0
229000 406907 405051 0 871.874 0 0
230000 405405 403380 0 5023.31 0 0
231000 406702 405588 0 890.944 0 0
232000 400931 413751 0 -767.796 0 0
233000 405235 405543 0 2737.03 0 0
234000 406492 407694 0 3397.49 0 0
235000 404680 403515 0 2798.29 0 0
236000 405298 403920 0 2475.91 0 0
237000 404644 404070 0 1327.26 0 0
238000 406250 405838 0 480.886 0 0
239000 408907 404903 0 -1939.51 0 0
240000 406960 402308 0 1624.46 0 0
241000 407360 402197 0 205.253 0 0
242000 407007 405921 0 1751.18 0 0
243000 407930 405985 0 3412.31 0 0
244000 404838 404508 0 2662.8 0 0
245000 405985 403836 0 1082.81 0 0
246000 402883 406369 0 -2475.35 0 0
247000 407908 402525 0 920.003 0 0
248000 405881 406297 0 -1356.56 0 0
249000 405361 407452 0 164.745 0 0
250000 402564 407891 0 5646.67 0 0
251000 408299 407250 0 -791.762 0 0
252000 404693 407186 0 1147.22 0 0
253000 404067 410472 0 -531.027 0 0
254000 405905 408869 0 3387.14 0 0
255000 405600 406265 0 -1026.7 0 0
256000 406344 403446 0 3139.73 0 0
257000 408933 404694 0 6924.8 0 0
258000 408277 401016 0 1435.77 0 0
259000 404766 399853 0 -4036.67 0 0
260000 406295 405815 0 -1939.99 0 0
261000 407083 404265 0 407.02 0 0
262000 403312 404632 0 5758.31 0 0
263000 403772 401324 0 979.101 0 0
264000 405296 401665 0 -941.293 0 0
265000 405861 403860 0 -573.222 0 0
266000 408091 405521 0 4467.5 0 0
267000 408680 402387 0 513.703 0 0
268000 402749 405920 0 2228.86 0 0
269000 407375 404813 0 -214.079 0 0
270000 402444 408068 0 -1351.32 0 0
271000 405103 404876 0 -59.2174 0 0
272000 402239 407752 0 4130.1 0 0
273000 406026 404509 0 6075.5 0 0
274000 401787 405283 0 9.38435 0 0
275000 406774 401557 0 449.394 0 0
276000 406448 404612 0 3355.5 0 0
277000 404208 405039 0 621.312 0 0
278000 408309 400541 0 -58.4544 0 0
279000 407145 405445 0 2104.5 0 0
280000 405036 402973 0 3073.1 0 0
281000 405752 406721 0 96.4502 0 0
282000 403848 404123 0 -3829.44 0 0
283000 403355 405558 0 127.763 0 0
284000 406367 406438 0 2005.57 0 0
285000 406640 403402 0 1364.31 0 0
286000 404957 407769 0 592.384 0 0
287000 409175 406499 0 -2177.84 0 0
288000 406210 405303 0 -935.211 0 0
289000 405948 405636 0 -889.98 0 0
290000 404762 405260 0 618.001 0 0
291000 407873 409679 0 541.916 0 0
292000 403805 403861 0 -4311.55 0 0
293000 403693 408190 0 -3264.77 0 0
294000 403384 409755 0 -2089.69 0 0
295000 402445 408552 0 -2491.95 0 0
296000 406275 403766 0 -2243.12 0 0
297000 405740 404922 0 -4059.71 0 0
298000 408502 404796 0 -355.099 0 0
299000 406188 405682 0 -2044.55 0 0
300000 403783 405650 0 -1166.78 0 0
301000 405325 404129 0 -1582.53 0 0
302000 403917 403436 0 -2462.77 0 0
303000 405672 408239 0 -993.129 0 0
304000 406490 407119 0 -2207.98 0 0
305000 407350 406292 0 -2282.08 0 0
306000 405040 407053 0 3663.38 0 0
307000 406719 402506 0 -1581.88 0 0
308000 406415 402694 0 1123.05 0 0
309000 411331 405202 0 -1750.01 0 0
310000 405494 403685 0 1735.56 0 0
311000 405031 404763 0 1714.78 0 0
312000 406508 405882 0 -15.5528 0 0
313000 404873 408844 0 355.908 0 0
314000 404050 405372 0 3457.42 0 0
315000 402730 402551 0 219.963 0 0
316000 407370 401737 0 -2194.7 0 0
317000 407426 404672 0 -1643.18 0 0
318000 403120 405421 0 244.772 0 0
319000 404707 410072 0 534.181 0 0
320000 406240 404797 0 -667.247 0 0
321000 411188 400342 0 -2364.06 0 0
322000 409633 407309 0 -895.448 0 0
323000 406018 406724 0 -2447.12 0 0
324000 403397 406407 0 3457.27 0 0
325000 404642 409553 0 -667.144 0 0
326000 404288 405565 0 -2067.1 0 0
327000 406172 405490 0 -676.993 0 0
328000 407556 406402 0 2436.9 0 0
329000 406745 404853 0 985.415 0 0
330000 404717 404286 0 -308.41 0 0
331000 405397 407747 0 1419.73 0 0
332000 405303 404639 0 1269.25 0 0
333000 406835 407026 0 1064.95 0 0
334000 404784 405329 0 797.45 0 0
335000 408253 401568 0 -3241.45 0 0
336000 405879 405182 0 -789.656 0 0
337000 406410 404155 0 4296.68 0 0
338000 403127 410681 0 3469.47 0 0
339000 404537 407245 0 2079.97 0 0
340000 408609 404362 0 -2.53576 0 0
341000 404419 407059 0 2402.43 0 0
342000 404968 406737 0 -2052.58 0 0
343000 403370 407048 0 459.063 0 0
344000 405942 406112 0 4480.69 0 0
345000 408297 402652 0 4867.41 0 0
346000 403663 406560 0 -1286.82 0 0
347000 407439 406458 0 4655.88 0 0
348000 410555 402985 0 3092.07 0 0
349000 407529 404971 0 1203.78 0 0
350000 406461 405272 0 2845.26 0 0
351000 408140 406431 0 1034.38 0 0
352000 406974 405159 0 2240.95 0 0
353000 407070 405493 0 4943.52 0 0
354000 405865 405704 0 -1546.1 0 0
355000 407951 406859 0 1734.14 0 0
356000 407505 404299 0 1799.68 0 0
357000 407599 404792 0 -1888.13 0 0
358000 407623 405523 0 2463.36 0 0
359000 409648 403488 0 -706.732 0 0
360000 406023 407715 0 -800.388 0 0
361000 404681 407828 0 -1848.26 0 0
362000 407948 404538 0 500.467 0 0
363000 407218 402410 0 -167.866 0 0
364000 405945 405844 0 -3641.06 0 0
365000 402605 407646 0 -1834.49 0 0
366000 410129 403641 0 -4184.78 0 0
367000 407405 405518 0 831.454 0 0
368000 407038 405114 0 -657.551 0 0
369000 403187 405591 0 -539.244 0 0
370000 410009 403452 0 3289.77 0 0
371000 406930 406557 0 593.138 0 0
372000 405529 405241 0 1971.62 0 0
373000 405684 403749 0 -596.453 0 0
374000 406266 408681 0 -1319.5 0 0
375000 405240 408869 0 688.726 0 0
376000 405205 411291 0 -744.402 0 0
377000 408820 404296 0 -2852.39 0 0
378000 407141 403557 0 3935.73 0 0
379000 408875 404009 0 -195.861 0 0
380000 403573 406811 0 -2497.13 0 0
381000 407570 408099 0 607.268 0 0
382000 406698 405747 0 -631.742 0 0
383000 402269 408916 0 2789.34 0 0
384000 406032 407349 0 82.9203 0 0
385000 405660 409762 0 -4493.06 0 0
386000 407590 406935 0 2142.33 0 0
387000 409197 402968 0 122.76 0 0
388000 407452 408311 0 1631.4 0 0
389000 405142 408556 0 -495.558 0 0
390000 406390 404791 0 -813.027 0 0
391000 406660 403881 0 -588.209 0 0
392000 404118 408749 0 -4254.27 0 0
393000 404388 407599 0 -3230.6 0 0
394000 406887 406037 0 -3957 0 0
395000 405147 408987 0 -5303.48 0 0
396000 407124 403681 0 -3128.97 0 0
397000 405485 406582 0 -3667.96 0 0
398000 406618 407408 0 -1275.37 0 0
399000 404674 405791 0 3036.03 0 0
400000 403620 404112 0 -175.563 0 0
401000 401410 405935 0 -2150.22 0 0
402000 402890 409237 0 -1818.02 0 0
403000 402988 406822 0 -2111.78 0 0
404000 405109 405161 0 -1694.84 0 0
405000 407804 408348 0 14.6136 0 0
406000 406868 406354 0 1135.96 0 0
407000 406133 406489 0 1982.42 0 0
408000 404691 408097 0 1974.66 0 0
409000 405399 405978 0 -1331.77 0 0
410000 403941 405955 0 -3333.97 0 0
411000 405014 404891 0 1880.68 0 0
412000 406347 403508 0 -247.209 0 0
413000 402386 406661 0 -804.444 0 0
414000 406870 405601 0 -3777.23 0 0
415000 405740 405904 0 -1391.79 0 0
416000 405519 408018 0 231.451 0 0
417000 407307 405615 0 -1016.83 0 0
418000 404753 407492 0 -878.34 0 0
419000 405152 411075 0 2.67059 0 0
420000 409103 405998 0 -220.97 0 0
421000 406228 407690 0 1875.21 0 0
422000 402411 409434 0 -352.32 0 0
423000 405496 410013 0 -3210.12 0 0
424000 407609 406158 0 -2825.65 0 0
425000 407513 406813 0 -1521.11 0 0
426000 406970 409580 0 -579.254 0 0
427000 401333 406592 0 -943.265 0 0
428000 402901 409164 0 -2676.15 0 0
429000 404534 409232 0 -2187.58 0 0
430000 403448 410262 0 -3620.94 0 0
431000 406762 405856 0 -4072.64 0 0
432000 400736 408279 0 1365.8 0 0
433000 403787 408749 0 -2377.52 0 0
434000 405421 408685 0 -2727.45 0 0
435000 406816 406915 0 -849.075 0 0
436000 405052 409482 0 -1047.44 0 0
437000 407775 407880 0 -275.241 0 0
438000 407653 410366 0 3321.61 0 0
439000 408428 409300 0 1977.57 0 0
440000 407747 406166 0 -2741.74 0 0
441000 405768 409583 0 3848.79 0 0
442000 405645 403425 0 4493.23 0 0
443000 403998 406630 0 -893.286 0 0
444000 405620 407612 0 -5662.88 0 0
445000 409848 403645 0 650.835 0 0
446000 408219 402253 0 4011.04 0 0
447000 407013 409072 0 -4293.39 0 0
448000 406639 404730 0 -314.574 0 0
449000 400033 407330 0 -1736.19 0 0
450000 404241 407317 0 -2529.7 0 0
451000 403407 408808 0 279.823 0 0
452000 406068 406775 0 614.396 0 0
453000 403967 409476 0 181.135 0 0
454000 402987 407770 0 -412.901 0 0
455000 407131 406469 0 -1354.7 0 0
456000 405494 409027 0 -279.999 0 0
457000 409015 402847 0 -1414.61 0 0
458000 408612 402956 0 163.312 0 0
459000 405593 403506 0 397.631 0 0
460000 411361 403760 0 532.259 0 0
461000 408774 403549 0 -328.392 0 0
462000 407031 404414 0 -211.197 0 0
463000 408233 407961 0 1347.66 0 0
464000 406214 408776 0 1645.1 0 0
465000 407818 403404 0 2670.32 0 0
466000 406336 402791 0 -3151.01 0 0
467000 404937 408358 0 524.265 0 0
468000 405438 409065 0 -138.947 0 0
469000 404241 406628 0 -2138.68 0 0
470000 405406 408647 0 4134.94 0 0
471000 401967 407985 0 -3849.25 0 0
472000 407753 407822 0 -1745.43 0 0
473000 405828 407061 0 -1882.06 0 0
474000 402865 406922 0 646.539 0 0
475000 407065 407644 0 2856.4 0 0
476000 404086 410927 0 3545.05 0 0
477000 403774 405205 0 2129.57 0 0
478000 405891 405695 0 816.781 0 0
479000 405001 410890 0 -2345.24 0 0
480000 407171 405151 0 574.272 0 0
481000 405695 410906 0 -2640.42 0 0
482000 405151 406897 0 119.14 0 0
483000 404016 407081 0 2191.74 0 0
484000 404511 405702 0 96.2604 0 0
485000 407393 409581 0 203.863 0 0
486000 403827 409436 0 -1840.89 0 0
487000 402940 406272 0 527.765 0 0
488000 404404 410312 0 -3718.38 0 0
489000 406765 406155 0 -1518.1 0 0
490000 403371 405403 0 -440.383 0 0
491000 404084 408793 0 -825.204 0 0
492000 408436 407042 0 2933.63 0 0
493000 409761 403459 0 -512.03 0 0
494000 407315 406995 0 719.052 0 0
495000 403572 407627 0 1020.22 0 0
496000 408797 409223 0 -629.411 0 0
497000 408933 406533 0 475.423 0 0
498000 411741 403851 0 1492.79 0 0
499000 405357 410844 0 -1728.29 0 0
500000 405073 404860 0 935.686 0 0
