# Time-averaged data for fix ps1
# TimeStep c_thermo_press[1] c_thermo_press[2] c_thermo_press[3] c_thermo_press[4] c_thermo_press[5] c_thermo_press[6]
1000 360056 353712 0 -1187.5 0 0
2000 359785 355121 0 -2367.19 0 0
3000 357028 356780 0 -3592.91 0 0
4000 356101 357058 0 -1363.62 0 0
5000 359828 355865 0 -1742.84 0 0
6000 360102 356102 0 -4018.81 0 0
7000 360447 355094 0 -5135.54 0 0
8000 358161 356071 0 -4276.61 0 0
9000 360179 355667 0 -4665.11 0 0
10000 359599 353906 0 -3923.96 0 0
11000 359444 354893 0 -5374.63 0 0
12000 359111 355354 0 -5802.07 0 0
13000 359600 354985 0 -7760.46 0 0
14000 358889 356213 0 -6844.59 0 0
15000 360040 352889 0 -7353.43 0 0
16000 358926 356971 0 -7858 0 0
17000 358964 353610 0 -8110.46 0 0
18000 358094 356946 0 -8034.86 0 0
19000 359830 356404 0 -7644.76 0 0
20000 360171 353830 0 -7815.12 0 0
21000 360477 354973 0 -10019.3 0 0
22000 360185 354655 0 -9361.22 0 0
23000 359611 353716 0 -8518.77 0 0
24000 357789 354944 0 -8028.08 0 0
25000 357089 357735 0 -9027.67 0 0
26000 357243 354828 0 -8984.69 0 0
27000 359063 356787 0 -10805.5 0 0
28000 359088 354945 0 -10616.9 0 0
29000 359585 354189 0 -7853.94 0 0
30000 361635 353906 0 -8354.67 0 0
31000 359030 354470 0 -8396.17 0 0
32000 358545 357425 0 -8392.44 0 0
33000 359551 355009 0 -8714.68 0 0
34000 356993 357635 0 -6847.38 0 0
35000 356951 357117 0 -6921.38 0 0
36000 360125 355171 0 -7507.6 0 0
37000 359669 355670 0 -9203.96 0 0
38000 360415 356966 0 -7111.57 0 0
39000 360027 355356 0 -7497.17 0 0
40000 360769 357849 0 -6130.82 0 0
41000 360538 356635 0 -4294.45 0 0
42000 361025 354619 0 -3710.94 0 0
43000 359567 355711 0 -6764.49 0 0
44000 359660 355740 0 -3741.83 0 0
45000 360072 355583 0 -4177.96 0 0
46000 358517 355243 0 -1937.32 0 0
47000 359143 355186 0 -1936.49 0 0
48000 358649 355620 0 350.479 0 0
49000 359913 354073 0 -634.811 0 0
50000 360300 354985 0 -2249.08 0 0
51000 358813 356434 0 -325.837 0 0
52000 358347 355860 0 1610.17 0 0
53000 357913 354099 0 611.436 0 0
54000 359830 354588 0 1677.17 0 0
55000 356904 355992 0 445.828 0 0
56000 359068 353814 0 545.917 0 0
57000 360604 355043 0 4502.15 0 0
58000 360547 353505 0 4073 0 0
59000 360188 354557 0 4862.36 0 0
60000 359738 355810 0 3099.69 0 0
61000 358141 355061 0 3601.17 0 0
62000 357946 356371 0 5398.11 0 0
63000 357490 356052 0 6351.5 0 0
64000 359381 354212 0 5408.91 0 0
65000 361141 352760 0 3802.93 0 0
66000 358335 354632 0 6800.11 0 0
67000 359661 352841 0 6608.1 0 0
68000 358912 357340 0 7325 0 0
69000 360640 354730 0 7797.83 0 0
70000 358418 356228 0 4955.73 0 0
71000 359259 357321 0 4908.51 0 0
72000 356713 354453 0 7007.25 0 0
73000 359593 353407 0 7559.63 0 0
74000 361372 354285 0 7057.71 0 0
75000 358803 354699 0 7234.87 0 0
76000 360502 354359 0 6472.36 0 0
77000 358758 352902 0 5662.57 0 0
78000 357615 354776 0 6051.26 0 0
79000 359341 353358 0 5429.49 0 0
80000 361751 354143 0 5953.71 0 0
81000 357617 353832 0 6011.63 0 0
82000 358402 353078 0 8046.88 0 0
83000 358500 356696 0 6907.47 0 0
84000 359812 355256 0 7511.72 0 0
85000 358969 356415 0 6029.56 0 0
86000 357352 355699 0 6187.42 0 0
87000 357787 358388 0 6363.12 0 0
88000 360718 354924 0 4201.53 0 0
89000 361339 353762 0 2651.11 0 0
90000 359500 356688 0 5211.59 0 0
91000 357585 356384 0 2207.14 0 0
92000 361076 356158 0 3687.17 0 0
93000 360143 353210 0 2445.07 0 0
94000 357122 357596 0 -78.7924 0 0
95000 358510 356001 0 1553.37 0 0
96000 362131 354632 0 1388.71 0 0
97000 359546 355609 0 -927.629 0 0
98000 359028 355548 0 305.888 0 0
99000 360220 354171 0 -1382.97 0 0
100000 359511 354066 0 899.275 0 0
101000 359283 354001 0 -2583.6 0 0
102000 358582 354015 0 -776.514 0 0
103000 356916 356789 0 -3182.89 0 0
104000 359810 355231 0 -3828.14 0 0
105000 359012 356074 0 -4250.48 0 0
106000 360938 354763 0 -2927.15 0 0
107000 358237 354483 0 -4716.11 0 0
108000 359812 354646 0 -4858.84 0 0
109000 358286 356879 0 -6251.6 0 0
110000 358484 355538 0 -6560.58 0 0
111000 357455 356906 0 -6906.46 0 0
112000 358462 356911 0 -7641.14 0 0
113000 360673 354268 0 -7133.59 0 0
114000 358224 355185 0 -7103.78 0 0
115000 358459 355461 0 -9228.1 0 0
116000 359370 356649 0 -7961.52 0 0
117000 359023 354612 0 -7893.34 0 0
118000 360304 355569 0 -9014.71 0 0
119000 361526 354888 0 -10462.1 0 0
120000 357905 354886 0 -9674.67 0 0
121000 359860 357418 0 -9678.64 0 0
122000 361621 354511 0 -9593.79 0 0
123000 358285 356757 0 -9117.12 0 0
124000 361168 356418 0 -6645.31 0 0
125000 357277 356096 0 -8537.46 0 0
126000 359527 354685 0 -9260.93 0 0
127000 361321 356274 0 -9410.32 0 0
128000 358978 353270 0 -8983.07 0 0
129000 356552 357773 0 -7834.71 0 0
130000 361744 356192 0 -10910.5 0 0
131000 358350 356970 0 -8054.17 0 0
132000 358849 356550 0 -9270.05 0 0
133000 359418 355501 0 -8068.82 0 0
134000 358409 356003 0 -7687.66 0 0
135000 358346 357642 0 -7462.13 0 0
136000 360774 353239 0 -7396.13 0 0
137000 359830 355501 0 -7514.69 0 0
138000 359946 354113 0 -5429.7 0 0
139000 359968 354821 0 -8715.51 0 0
140000 359532 355716 0 -4966.98 0 0
141000 362251 352642 0 -4966.65 0 0
142000 360637 354267 0 -3359.55 0 0
143000 360531 355231 0 -4206.64 0 0
144000 361296 353610 0 -3028.1 0 0
145000 358009 355931 0 -3107.33 0 0
146000 358274 354466 0 -4493.01 0 0
147000 356084 356530 0 -3143.47 0 0
148000 362239 353797 0 -2545.5 0 0
149000 357627 355224 0 -3269.05 0 0
150000 359018 355155 0 -1124.2 0 0
151000 360329 354746 0 -373.533 0 0
152000 359501 352971 0 954.147 0 0
153000 359322 355453 0 1191.85 0 0
154000 361263 353510 0 -91.574 0 0
155000 360003 355410 0 1836.4 0 0
156000 359159 353452 0 2372.84 0 0
157000 359942 354544 0 755.09 0 0
158000 358720 355765 0 2333.76 0 0
159000 359663 354485 0 4434.68 0 0
160000 360189 354919 0 3154.72 0 0
161000 361669 355123 0 4007.11 0 0
162000 360866 354144 0 5497.49 0 0
163000 360747 354617 0 5793.07 0 0
164000 358042 356405 0 5089.88 0 0
165000 358769 354444 0 4680.88 0 0
166000 360090 354458 0 5702.58 0 0
167000 359950 355489 0 6861.02 0 0
168000 358358 356224 0 4259.26 0 0
169000 358652 355411 0 7260.55 0 0
170000 360199 355181 0 7571.74 0 0
171000 359410 355092 0 7602.42 0 0
172000 359631 355655 0 6921.97 0 0
173000 361734 355792 0 7373.84 0 0
174000 360354 356808 0 7820.47 0 0
175000 359074 355898 0 6449.32 0 0
176000 358325 355122 0 8684.65 0 0
177000 360567 353292 0 7723.67 0 0
178000 356899 354372 0 7681.82 0 0
179000 360100 354779 0 5709.79 0 0
180000 358471 357164 0 5758.9 0 0
181000 359109 353762 0 5448.51 0 0
182000 358803 356868 0 5814.84 0 0
183000 360456 355409 0 5928.85 0 0
184000 361513 355433 0 5536.66 0 0
185000 358233 354675 0 5560.84 0 0
186000 361832 353588 0 5317.33 0 0
187000 358699 355640 0 3460.74 0 0
188000 359518 355637 0 4763.5 0 0
189000 358503 354377 0 4609.19 0 0
190000 360119 355002 0 3110.73 0 0
191000 358784 356276 0 1913.83 0 0
192000 359168 354634 0 3087.29 0 0
193000 358699 354649 0 2752.6 0 0
194000 358611 356240 0 1623.97 0 0
195000 358677 355987 0 1507.23 0 0
196000 360341 352483 0 1011.28 0 0
197000 357372 355309 0 730.384 0 0
198000 358576 355712 0 -377.461 0 0
199000 359910 356274 0 312.914 0 0
200000 360732 352458 0 -2023.01 0 0
201000 360824 355955 0 -1747.09 0 0
202000 360334 355302 0 -1390.69 0 0
203000 361497 355532 0 -2807.02 0 0
204000 360281 355161 0 -3884.68 0 0
205000 359753 354200 0 -3486.7 0 0
206000 359182 354190 0 -6126.52 0 0
207000 359234 355393 0 -6993.87 0 0
208000 359043 356936 0 -4670.56 0 0
209000 360144 353163 0 -5109.29 0 0
210000 358019 355238 0 -4463.5 0 0
211000 356757 355216 0 -6149.52 0 0
212000 360808 356689 0 -7271.96 0 0
213000 357909 354792 0 -8410.57 0 0
214000 357960 356021 0 -8514.84 0 0
215000 359860 354886 0 -7131.34 0 0
216000 362133 356930 0 -7962.58 0 0
217000 360916 354400 0 -6466.19 0 0
218000 359191 357949 0 -8000.32 0 0
219000 359085 354526 0 -8990.99 0 0
220000 359741 355360 0 -9173.41 0 0
221000 360048 356563 0 -7308.87 0 0
222000 360525 356024 0 -8301.5 0 0
223000 358326 356721 0 -10291.2 0 0
224000 359210 355102 0 -8652.56 0 0
225000 361142 354339 0 -9607.75 0 0
226000 359899 354412 0 -9654.92 0 0
227000 361796 353536 0 -9165.37 0 0
228000 358577 354436 0 -9565.22 0 0
229000 359457 356933 0 -10513.4 0 0
230000 360610 355716 0 -9259.6 0 0
231000 358172 356226 0 -8887.91 0 0
232000 359139 356359 0 -7934.41 0 0
233000 359169 355198 0 -9858.65 0 0
234000 361157 355036 0 -10049 0 0
235000 359942 355227 0 -8200.04 0 0
236000 360680 355041 0 -6696.77 0 0
237000 359803 353533 0 -8728.36 0 0
238000 355950 357057 0 -5219.23 0 0
239000 360092 355742 0 -7665.82 0 0
240000 359895 355511 0 -5702.33 0 0
241000 359547 355981 0 -5379.35 0 0
242000 357082 355779 0 -5812.67 0 0
243000 359832 355460 0 -5193.17 0 0
244000 357068 355128 0 -3652.53 0 0
245000 357751 357527 0 -4429.33 0 0
246000 359816 357564 0 -5694.52 0 0
247000 357860 355941 0 -826.665 0 0
248000 359015 355382 0 -634.882 0 0
249000 359812 355933 0 -982.235 0 0
250000 359501 354019 0 -469.82 0 0
251000 360328 354332 0 41.6992 0 0
252000 358055 355256 0 104.15 0 0
253000 359123 356688 0 74.2447 0 0
254000 359980 354681 0 157.972 0 0
255000 359482 355616 0 -865.91 0 0
256000 358885 356353 0 1905.26 0 0
257000 360098 355506 0 3122.3 0 0
258000 359163 356227 0 2556.55 0 0
259000 361026 355307 0 1912 0 0
260000 358375 355204 0 3729.11 0 0
261000 360199 354502 0 5996.51 0 0
262000 359002 356128 0 2352.18 0 0
263000 359896 355565 0 5091.57 0 0
264000 359879 354844 0 5700.23 0 0
265000 359324 354433 0 6809.15 0 0
266000 356724 358230 0 6030.71 0 0
267000 356637 354906 0 6512.16 0 0
268000 358060 357914 0 7757.7 0 0
269000 360669 354538 0 6488.97 0 0
270000 358477 355595 0 7555.5 0 0
271000 359843 356000 0 5565.47 0 0
272000 360881 353810 0 6510.88 0 0
273000 358332 356502 0 6217.32 0 0
274000 359439 354870 0 7740.03 0 0
275000 355894 358021 0 5471.93 0 0
276000 358840 354788 0 6716.78 0 0
277000 361112 356047 0 7801.22 0 0
278000 358813 355723 0 4786.34 0 0
279000 358016 356488 0 6168.77 0 0
280000 359748 355990 0 4972.13 0 0
281000 359895 356220 0 4884.26 0 0
282000 359125 354004 0 5163.67 0 0
283000 359757 355524 0 6580.96 0 0
284000 359946 354586 0 5865.05 0 0
285000 358913 355087 0 3439.56 0 0
286000 359938 353000 0 4513.08 0 0
287000 362201 353929 0 4301.07 0 0
288000 358591 357366 0 3145.19 0 0
289000 357379 357225 0 2333.09 0 0
290000 358621 356727 0 3461.12 0 0
291000 358374 355138 0 2366.37 0 0
292000 358518 354931 0 -206.424 0 0
293000 358612 357106 0 2525.85 0 0
294000 358434 354909 0 757.233 0 0
295000 359288 355051 0 462.768 0 0
296000 358542 355905 0 1810.93 0 0
297000 360290 355835 0 -535.415 0 0
298000 359442 353878 0 -765.885 0 0
299000 357346 358395 0 -2585.48 0 0
300000 357274 355792 0 -903.95 0 0
301000 359133 354092 0 -1993.95 0 0
302000 356783 355365 0 -1922.77 0 0
303000 359354 354908 0 -4236.67 0 0
304000 356592 356243 0 -4584.81 0 0
305000 360516 353089 0 -3456.62 0 0
306000 361457 353366 0 -3701.24 0 0
307000 358013 355929 0 -3281.32 0 0
308000 359636 355326 0 -4176.15 0 0
309000 359685 355417 0 -4841.81 0 0
310000 360242 354517 0 -4621.89 0 0
311000 360531 354335 0 -5379.9 0 0
312000 359189 357146 0 -6879.46 0 0
313000 357901 355538 0 -8850.51 0 0
314000 360025 354411 0 -7349.65 0 0
315000 358371 355256 0 -8788.45 0 0
316000 357719 358789 0 -8658.61 0 0
317000 359415 354684 0 -7006.12 0 0
318000 360000 355584 0 -9170.28 0 0
319000 359888 354190 0 -9924.19 0 0
320000 358711 355327 0 -10167.7 0 0
321000 360465 356050 0 -9697.5 0 0
322000 359229 355516 0 -9410.27 0 0
323000 359764 355057 0 -10298.1 0 0
324000 360181 359239 0 -11039.4 0 0
325000 359356 355369 0 -11919.3 0 0
326000 360017 355065 0 -10440.3 0 0
327000 360625 356584 0 -9812.34 0 0
328000 360204 354432 0 -8463.98 0 0
329000 359864 355361 0 -9500.22 0 0
330000 361299 356360 0 -9701.19 0 0
331000 357863 354568 0 -9070.49 0 0
332000 359530 354968 0 -8462.8 0 0
333000 358747 354605 0 -8116.55 0 0
334000 358345 356681 0 -7465.13 0 0
335000 361282 357261 0 -8685.26 0 0
336000 360038 353592 0 -7081.28 0 0
337000 358725 358268 0 -8029.68 0 0
338000 359856 354370 0 -5202.18 0 0
339000 359762 355146 0 -7062.62 0 0
340000 359633 356560 0 -5976.65 0 0
341000 359419 354699 0 -5314.5 0 0
342000 359117 354612 0 -4061.53 0 0
343000 359554 356732 0 -4440.99 0 0
344000 358858 355159 0 -5776.87 0 0
345000 360417 354064 0 -2451.55 0 0
346000 360248 355280 0 -3888.18 0 0
347000 359545 357179 0 -2749.06 0 0
348000 358578 356934 0 -1591.56 0 0
349000 360339 353966 0 -567.669 0 0
350000 358545 356192 0 -47.0456 0 0
351000 359017 356277 0 491.526 0 0
352000 360183 354481 0 -574.147 0 0
353000 358731 356031 0 -939.422 0 0
354000 358330 357007 0 231.126 0 0
355000 358343 355758 0 1421.56 0 0
356000 360279 353809 0 2432.85 0 0
357000 358239 358932 0 1023.24 0 0
358000 361407 355449 0 1737.29 0 0
359000 358617 357557 0 2772.99 0 0
360000 359104 354390 0 2061.74 0 0
361000 360504 356236 0 2859.04 0 0
362000 357453 356917 0 2713.16 0 0
363000 361927 353430 0 4071.95 0 0
364000 359165 355755 0 3740.92 0 0
365000 356424 356017 0 4327.45 0 0
366000 359193 356464 0 5230.33 0 0
367000 359269 353006 0 5010.31 0 0
368000 360545 354477 0 4814.32 0 0
369000 357977 354929 0 6155.3 0 0
370000 358470 355415 0 5534.07 0 0
371000 359189 355401 0 6693.27 0 0
372000 359259 355901 0 4434.53 0 0
373000 358599 357316 0 6038.46 0 0
374000 358535 356201 0 6369.23 0 0
375000 356239 358097 0 6159.87 0 0
376000 356491 356770 0 4775.36 0 0
377000 357982 357471 0 5344.39 0 0
378000 358181 357160 0 4278.1 0 0
379000 357804 356527 0 7183.93 0 0
380000 358306 354462 0 7946.97 0 0
381000 357977 356648 0 4574.09 0 0
382000 360722 354577 0 7271.15 0 0
383000 359185 355197 0 3809.6 0 0
384000 358502 354205 0 5318.32 0 0
385000 358663 355348 0 4679.03 0 0
386000 359299 354653 0 4164.72 0 0
387000 358310 356057 0 6456.69 0 0
388000 359249 355607 0 4922.67 0 0
389000 359253 354798 0 5715.39 0 0
390000 359087 357529 0 1988.78 0 0
391000 357060 355220 0 3049.73 0 0
392000 361099 354835 0 3277.49 0 0
393000 359061 357142 0 2294.33 0 0
394000 360516 353860 0 1504.45 0 0
395000 361785 353000 0 -853.938 0 0
396000 358554 355839 0 -300.383 0 0
397000 361170 353705 0 283.688 0 0
398000 360103 356394 0 846.705 0 0
399000 359672 355727 0 -2121.39 0 0
400000 359791 354749 0 -862.885 0 0
401000 360931 356215 0 -1471.33 0 0
402000 359967 356859 0 -2989.47 0 0
403000 359861 353467 0 -3546.41 0 0
404000 359115 355576 0 -4288.34 0 0
405000 358624 355791 0 -4938.13 0 0
406000 359976 352301 0 -4033.89 0 0
407000 357578 355079 0 -3756.55 0 0
408000 359784 357628 0 -5309.72 0 0
409000 360364 354728 0 -6515.58 0 0
410000 358376 355167 0 -8518.76 0 0
411000 359626 356059 0 -7808.33 0 0
412000 359505 355320 0 -7883.82 0 0
413000 359815 351591 0 -5440.12 0 0
414000 358416 355408 0 -8106.57 0 0
415000 359356 354790 0 -7901.76 0 0
416000 360611 355038 0 -8885.76 0 0
417000 358134 356705 0 -8237.28 0 0
418000 359490 354527 0 -10426 0 0
419000 360321 355481 0 -9235.11 0 0
420000 358191 355485 0 -9446.5 0 0
421000 358750 354040 0 -9124.08 0 0
422000 360786 354628 0 -9615.16 0 0
423000 362007 355942 0 -10073.9 0 0
424000 359096 355915 0 -10137 0 0
425000 360676 355684 0 -9331.83 0 0
426000 360218 354799 0 -9776.38 0 0
427000 359492 355720 0 -11000.8 0 0
428000 360751 357840 0 -9171.86 0 0
429000 359142 356336 0 -8793.91 0 0
430000 358814 356423 0 -9130.66 0 0
431000 357018 354881 0 -11478.7 0 0
432000 362253 354985 0 -8039.57 0 0
433000 357615 357893 0 -9174.53 0 0
434000 357909 354851 0 -8704.36 0 0
435000 358939 353984 0 -9281.52 0 0
436000 359937 357156 0 -8928.93 0 0
437000 358187 356203 0 -6965.53 0 0
438000 359221 356409 0 -7442.76 0 0
439000 360563 356018 0 -7596.76 0 0
440000 359160 355034 0 -5099.2 0 0
441000 359988 356584 0 -4637.53 0 0
442000 358141 356921 0 -6453.86 0 0
443000 357937 355782 0 -6296.41 0 0
444000 358368 354960 0 -5131.38 0 0
445000 360201 355288 0 -3196.33 0 0
446000 358158 356986 0 -4611.41 0 0
447000 359551 354170 0 -3239.51 0 0
448000 357795 356113 0 -5173.4 0 0
449000 359069 357939 0 -2941.59 0 0
450000 358446 356316 0 -1808.43 0 0
451000 359101 355324 0 -1252.82 0 0
452000 359975 356667 0 -1339.12 0 0
453000 359517 355175 0 2270.95 0 0
454000 358767 354599 0 146.42 0 0
455000 359488 355422 0 889.695 0 0
456000 358445 355661 0 2547.22 0 0
457000 359492 354609 0 1561.53 0 0
458000 358332 358012 0 2488.12 0 0
459000 359963 356991 0 3327.43 0 0
460000 359229 353274 0 3000.99 0 0
461000 359421 354947 0 2237.64 0 0
462000 358550 356355 0 2260.75 0 0
463000 359789 353894 0 5347.28 0 0
464000 358788 354495 0 4500.15 0 0
465000 357789 355922 0 4938.6 0 0
466000 357502 357733 0 4976.93 0 0
467000 358602 355733 0 4351.98 0 0
468000 360074 354614 0 5820.23 0 0
469000 359586 353761 0 5499.24 0 0
470000 360335 356342 0 5250.9 0 0
471000 359628 355500 0 6892.22 0 0
472000 358958 354723 0 8096.56 0 0
473000 359477 354491 0 6848.9 0 0
474000 357593 354598 0 6895.63 0 0
475000 358692 356675 0 7260.22 0 0
476000 360373 354258 0 7995.25 0 0
477000 357852 357822 0 7859.3 0 0
478000 360415 354885 0 6263.57 0 0
479000 361425 353445 0 4782.7 0 0
480000 358991 354252 0 6723.92 0 0
481000 359071 354653 0 5134.72 0 0
482000 357637 355739 0 4872.97 0 0
483000 359089 354795 0 5767.41 0 0
484000 358571 355885 0 3992.75 0 0
485000 358258 354849 0 4770.18 0 0
486000 359594 356638 0 5638.15 0 0
487000 359274 353363 0 4481.41 0 0
488000 358789 355437 0 3413.61 0 0
489000 359441 355411 0 3436.46 0 0
490000 359733 354466 0 2438.71 0 0
491000 356490 357060 0 1330.22 0 0
492000 360212 354053 0 2694.86 0 0
493000 362300 352722 0 3205.14 0 0
494000 359982 355727 0 2503.01 0 0
495000 359350 356057 0 167.916 0 0
496000 360020 353976 0 2547.5 0 0
497000 360218 354785 0 -50.1201 0 0
498000 359456 355639 0 -661.718 0 0
499000 359193 352969 0 -2117.03 0 0
500000 359199 356214 0 -687.003 0 0
