# Time-averaged data for fix ps1
# TimeStep c_thermo_press[1] c_thermo_press[2] c_thermo_press[3] c_thermo_press[4] c_thermo_press[5] c_thermo_press[6]
1000 343811 343825 0 -2266.2 0 0
2000 345332 341694 0 -702.893 0 0
3000 342100 343993 0 130.498 0 0
4000 347004 341035 0 -3165.69 0 0
5000 345465 343195 0 -4315.45 0 0
6000 346216 342724 0 -3117.51 0 0
7000 345465 341925 0 -3543.73 0 0
8000 345582 342157 0 -5381.92 0 0
9000 346469 343059 0 -5634.78 0 0
10000 345110 342225 0 -6856.7 0 0
11000 345378 344142 0 -5036.37 0 0
12000 346031 342010 0 -6148.59 0 0
13000 345834 343028 0 -6653.7 0 0
14000 346517 342504 0 -6629.03 0 0
15000 344982 342235 0 -7209.96 0 0
16000 344023 343912 0 -8915.92 0 0
17000 345130 343999 0 -9355.45 0 0
18000 344716 342648 0 -9474.24 0 0
19000 345685 341789 0 -8758.74 0 0
20000 345011 342370 0 -9834.63 0 0
21000 345327 342542 0 -9553.34 0 0
22000 342895 344124 0 -9230.07 0 0
23000 345389 344011 0 -7665.76 0 0
24000 344587 344832 0 -9277.63 0 0
25000 345747 341972 0 -6872.84 0 0
26000 347009 343668 0 -7509.42 0 0
27000 344246 344105 0 -6836.85 0 0
28000 345020 343421 0 -9430.13 0 0
29000 344205 341817 0 -12211.8 0 0
30000 345700 343121 0 -8549.57 0 0
31000 344958 343910 0 -9315.15 0 0
32000 343054 342826 0 -8809.5 0 0
33000 345416 343024 0 -9468.91 0 0
34000 344506 343111 0 -8011.24 0 0
35000 344048 344021 0 -6942.44 0 0
36000 346252 341657 0 -6764.49 0 0
37000 344555 342493 0 -7782.29 0 0
38000 346794 342258 0 -6576.21 0 0
39000 344980 342979 0 -7442.97 0 0
40000 343778 342165 0 -6902.01 0 0
41000 345445 343275 0 -4853.34 0 0
42000 346209 342206 0 -6309.36 0 0
43000 344375 344005 0 -3125.49 0 0
44000 343824 344481 0 -3257.23 0 0
45000 342962 342433 0 -3655.8 0 0
46000 345557 344196 0 -3177.46 0 0
47000 344833 341478 0 -2003.36 0 0
48000 344739 343142 0 -1979.35 0 0
49000 344588 343390 0 -340.909 0 0
50000 346793 343134 0 620.731 0 0
51000 346493 341796 0 -150.398 0 0
52000 343983 343204 0 -1044.22 0 0
53000 345643 341844 0 1872.89 0 0
54000 345021 342280 0 39.7773 0 0
55000 344568 342513 0 2066.19 0 0
56000 343391 343047 0 3116.86 0 0
57000 344304 343808 0 2346.72 0 0
58000 344391 342817 0 2852 0 0
59000 344509 342243 0 5261.9 0 0
60000 343853 343059 0 3858.93 0 0
61000 344951 343710 0 5275.65 0 0
62000 345772 340829 0 6914.96 0 0
63000 344403 342438 0 5512.57 0 0
64000 344893 343242 0 6681.89 0 0
65000 344577 344091 0 7124.94 0 0
66000 345148 342702 0 5944.23 0 0
67000 344905 343790 0 6459.45 0 0
68000 345711 342895 0 8444.03 0 0
69000 345995 343548 0 7691.45 0 0
70000 344164 343299 0 8443.41 0 0
71000 343512 342825 0 6999.69 0 0
72000 344912 342172 0 7731.33 0 0
73000 343584 343308 0 8555.54 0 0
74000 345539 342488 0 7771.05 0 0
75000 345443 344618 0 8130.19 0 0
76000 346348 341043 0 8420.15 0 0
77000 346090 342489 0 8410.62 0 0
78000 347554 341687 0 8678.24 0 0
79000 343618 342933 0 7712.25 0 0
80000 345329 343492 0 7038.45 0 0
81000 346178 342011 0 5781.34 0 0
82000 346371 341776 0 7052.15 0 0
83000 344310 343497 0 6048.4 0 0
84000 346468 342470 0 6043.18 0 0
85000 345156 343435 0 7128.41 0 0
86000 345869 342020 0 6191.41 0 0
87000 344053 343745 0 6048.72 0 0
88000 342673 344657 0 4559.13 0 0
89000 344606 342377 0 3379.68 0 0
90000 345076 341963 0 5419.73 0 0
91000 345077 342442 0 4038.61 0 0
92000 344528 341004 0 3965.36 0 0
93000 345791 343320 0 3958.14 0 0
94000 345067 342025 0 2334.97 0 0
95000 347819 342328 0 1973.44 0 0
96000 344389 342441 0 1595.55 0 0
97000 343832 342520 0 150.92 0 0
98000 347588 340743 0 2573.79 0 0
99000 344869 343245 0 330.661 0 0
100000 346214 342178 0 -19.2181 0 0
101000 346706 342190 0 -1171.06 0 0
102000 344964 342289 0 -708.758 0 0
103000 343409 344293 0 -1690.18 0 0
104000 345948 341446 0 -1409.85 0 0
105000 344708 342990 0 -2270.69 0 0
106000 345689 342482 0 -5208.77 0 0
107000 345930 343280 0 -3910.29 0 0
108000 344410 342102 0 -5492.72 0 0
109000 344636 343503 0 -4678.69 0 0
110000 344335 344772 0 -5394.96 0 0
111000 346328 343444 0 -6042.65 0 0
112000 345906 342951 0 -5450.62 0 0
113000 344996 343474 0 -6619.11 0 0
114000 345340 342657 0 -7797.33 0 0
115000 344642 341688 0 -8088.75 0 0
116000 345114 343527 0 -8140.7 0 0
117000 344200 341935 0 -7380.5 0 0
118000 345658 342234 0 -8566.75 0 0
119000 344054 343330 0 -8544.51 0 0
120000 345987 343259 0 -8883.73 0 0
121000 345618 341135 0 -9503.62 0 0
122000 346232 341190 0 -8073.1 0 0
123000 345661 342069 0 -9562 0 0
124000 345043 342006 0 -8528.28 0 0
125000 344016 343020 0 -10020.4 0 0
126000 344213 344882 0 -8606.7 0 0
127000 345544 343225 0 -8986.88 0 0
128000 345031 343017 0 -8915.73 0 0
129000 343730 344341 0 -8458.17 0 0
130000 344844 343226 0 -8609.03 0 0
131000 346095 342973 0 -8869.97 0 0
132000 345250 344368 0 -8187.01 0 0
133000 344315 344631 0 -8072.8 0 0
134000 343844 344022 0 -8488.57 0 0
135000 344355 344337 0 -9703.88 0 0
136000 345538 343344 0 -7717.75 0 0
137000 345329 342749 0 -8477.36 0 0
138000 342915 345159 0 -6377.32 0 0
139000 346001 342929 0 -4608.13 0 0
140000 345060 343915 0 -4911.52 0 0
141000 345645 342625 0 -4909.07 0 0
142000 346067 342533 0 -5479.74 0 0
143000 346479 343044 0 -2638.19 0 0
144000 346136 341951 0 -2827.02 0 0
145000 343508 344934 0 -2146.86 0 0
146000 345174 344157 0 -3873.59 0 0
147000 342782 345447 0 -2608.37 0 0
148000 346504 340667 0 -1617.68 0 0
149000 345068 342130 0 282.322 0 0
150000 345757 342469 0 -404.253 0 0
151000 343350 343865 0 983.698 0 0
152000 346589 342308 0 -1.06979 0 0
153000 344636 342730 0 502.365 0 0
154000 345425 339972 0 374.522 0 0
155000 344433 343303 0 2146.44 0 0
156000 347036 341529 0 1734.03 0 0
157000 346007 342801 0 4108.67 0 0
158000 345915 342872 0 2886.65 0 0
159000 345272 342552 0 5808.22 0 0
160000 347168 341245 0 2547.42 0 0
161000 343805 343618 0 4634.82 0 0
162000 344239 341582 0 5598.8 0 0
163000 345569 341700 0 6560.55 0 0
164000 343750 343004 0 5776.23 0 0
165000 344756 344193 0 8091.33 0 0
166000 345720 341921 0 6926.37 0 0
167000 345828 342358 0 8004.31 0 0
168000 346085 342602 0 6767.36 0 0
169000 345313 344649 0 8188.66 0 0
170000 344201 345084 0 8719.77 0 0
171000 345294 341674 0 6660.71 0 0
172000 346134 340938 0 7173.5 0 0
173000 343185 341870 0 7247.4 0 0
174000 345533 342348 0 7743.11 0 0
175000 344007 342387 0 9477.96 0 0
176000 345189 343551 0 8087.09 0 0
177000 346410 342711 0 7634.8 0 0
178000 346512 342498 0 7576.01 0 0
179000 346004 344469 0 7779.03 0 0
180000 344583 342392 0 8418.29 0 0
181000 345152 344504 0 6262.85 0 0
182000 347561 340265 0 6646.11 0 0
183000 345163 343512 0 7409.88 0 0
184000 345917 341667 0 6421.09 0 0
185000 343737 343681 0 5813.04 0 0
186000 344906 341895 0 6240.62 0 0
187000 345741 341043 0 4031.99 0 0
188000 344711 343494 0 3909.76 0 0
189000 346164 341907 0 4779.18 0 0
190000 346375 341528 0 5615.64 0 0
191000 344693 342689 0 3306.84 0 0
192000 346045 343123 0 3112.05 0 0
193000 346327 343638 0 3342.77 0 0
194000 343839 342056 0 1243.24 0 0
195000 345651 344161 0 3580.06 0 0
196000 345349 341693 0 2582.75 0 0
197000 344214 342552 0 1469.27 0 0
198000 345293 343612 0 1173.37 0 0
199000 347848 340577 0 473.858 0 0
200000 344809 342865 0 -1519.89 0 0
201000 344372 343725 0 -1727.75 0 0
202000 344242 343107 0 -1839.43 0 0
203000 345433 344063 0 -1701.58 0 0
204000 346643 341524 0 -1912.23 0 0
205000 344149 343739 0 -4195.13 0 0
206000 344420 344277 0 -3806.19 0 0
207000 345069 341379 0 -4919.14 0 0
208000 345841 341154 0 -5679.15 0 0
209000 345742 343516 0 -5066.16 0 0
210000 344927 342756 0 -5906.57 0 0
211000 346720 342243 0 -5815.97 0 0
212000 345763 341855 0 -6780.04 0 0
213000 345474 342344 0 -8880.19 0 0
214000 345674 342430 0 -8092.59 0 0
215000 347242 342338 0 -7081.37 0 0
216000 346671 341073 0 -8259.11 0 0
217000 345077 341188 0 -8878.68 0 0
218000 346060 342054 0 -8299.78 0 0
219000 346843 342408 0 -8618.47 0 0
220000 344363 345265 0 -9311.88 0 0
221000 345751 343813 0 -8242.37 0 0
222000 345210 343527 0 -8275.89 0 0
223000 345136 343930 0 -9242.6 0 0
224000 344874 343826 0 -10068.7 0 0
225000 347852 342649 0 -9732.88 0 0
226000 345598 344182 0 -8458.7 0 0
227000 345912 343703 0 -7329.14 0 0
228000 344811 343864 0 -8721.32 0 0
229000 345724 343221 0 -7657.32 0 0
230000 346314 343527 0 -7995.3 0 0
231000 345414 343101 0 -8950.22 0 0
232000 345129 344654 0 -7984.17 0 0
233000 345337 343306 0 -8546.83 0 0
234000 344963 342753 0 -9316.33 0 0
235000 345405 343439 0 -6852.63 0 0
236000 342369 344098 0 -8621.69 0 0
237000 342967 344350 0 -8237.75 0 0
238000 345373 344292 0 -7246.95 0 0
239000 344515 345502 0 -8626.73 0 0
240000 345121 341132 0 -6096.13 0 0
241000 345051 344085 0 -5133.39 0 0
242000 345002 342522 0 -5333.46 0 0
243000 343437 343528 0 -4450.46 0 0
244000 344066 344107 0 -3869.59 0 0
245000 343999 343824 0 -3679.07 0 0
246000 347213 342268 0 -2671.35 0 0
247000 344850 342235 0 -3110.37 0 0
248000 344990 342915 0 -1821.5 0 0
249000 344676 342053 0 125.874 0 0
250000 347101 342229 0 -669.21 0 0
251000 345687 344600 0 -1397.54 0 0
252000 344916 343320 0 602.277 0 0
253000 344208 344076 0 932.436 0 0
254000 344633 343311 0 3063.82 0 0
255000 343327 344074 0 1698.38 0 0
256000 346188 341431 0 204.465 0 0
257000 345404 342642 0 2062.86 0 0
258000 344851 342608 0 4874.35 0 0
259000 345237 341781 0 4985.88 0 0
260000 345417 342576 0 3606.6 0 0
261000 345371 342835 0 4017.58 0 0
262000 345302 342414 0 3799.09 0 0
263000 344556 343062 0 6286.57 0 0
264000 344112 343498 0 5381.68 0 0
265000 345593 342836 0 5160.81 0 0
266000 344796 343827 0 6453.95 0 0
267000 347914 342608 0 6899.95 0 0
268000 345542 342483 0 6967.83 0 0
269000 345343 341623 0 7817.67 0 0
270000 344420 342851 0 7939.87 0 0
271000 345956 341511 0 8529.71 0 0
272000 344501 342297 0 7539.04 0 0
273000 344036 343314 0 8274.3 0 0
274000 344362 342776 0 8455.67 0 0
275000 345930 345339 0 10379.1 0 0
276000 345455 343958 0 6657.9 0 0
277000 345714 342517 0 6272.11 0 0
278000 345060 342433 0 8767.01 0 0
279000 344223 344934 0 7541.34 0 0
280000 344524 343854 0 6699.7 0 0
281000 344796 341705 0 7354.8 0 0
282000 346023 344136 0 7378.98 0 0
283000 345243 342580 0 5588.73 0 0
284000 344510 342876 0 4794.06 0 0
285000 345425 343074 0 7192.26 0 0
286000 344297 343355 0 5760.54 0 0
287000 345045 343138 0 5812.65 0 0
288000 345398 342672 0 5521.77 0 0
289000 345480 340581 0 5130.47 0 0
290000 346074 341140 0 6162.33 0 0
291000 344705 342254 0 5301.55 0 0
292000 345509 344396 0 3149.05 0 0
293000 345011 342856 0 3947.95 0 0
294000 343236 345634 0 3469.85 0 0
295000 346170 342331 0 1222.46 0 0
296000 344625 341965 0 1826.65 0 0
297000 344768 343465 0 977.156 0 0
298000 346384 342555 0 -45.3511 0 0
299000 344338 344548 0 859.15 0 0
300000 345528 342981 0 -287.904 0 0
301000 344719 343981 0 -1570.47 0 0
302000 343802 342742 0 -809.013 0 0
303000 345623 343046 0 -2876.23 0 0
304000 344974 343314 0 -2802.81 0 0
305000 343743 344134 0 -1533.2 0 0
306000 345799 342793 0 -4206.98 0 0
307000 344124 343318 0 -3908.28 0 0
308000 347185 342195 0 -5457.39 0 0
309000 344963 342334 0 -5689.23 0 0
310000 343608 343740 0 -5052.63 0 0
311000 343563 342254 0 -6351.19 0 0
312000 345518 343100 0 -4437.96 0 0
313000 344713 341753 0 -7274.69 0 0
314000 345274 343697 0 -9055.9 0 0
315000 346944 343359 0 -7526.36 0 0
316000 344846 341910 0 -7360.17 0 0
317000 343864 345090 0 -8138.76 0 0
318000 347160 343244 0 -9000.41 0 0
319000 344430 342403 0 -9146.99 0 0
320000 346401 341728 0 -8247.17 0 0
321000 345552 342170 0 -10969.2 0 0
322000 344983 341488 0 -7509.18 0 0
323000 344066 343976 0 -9718.75 0 0
324000 344895 344251 0 -9568.46 0 0
325000 344105 343558 0 -8510.14 0 0
326000 346448 344684 0 -8669.08 0 0
327000 344817 341435 0 -7648.76 0 0
328000 345307 342995 0 -9092.04 0 0
329000 345319 342812 0 -8786.57 0 0
330000 343529 343580 0 -9428.57 0 0
331000 344497 343303 0 -7268.11 0 0
332000 345191 342040 0 -7055.15 0 0
333000 346449 341362 0 -8145.59 0 0
334000 343171 344746 0 -8502.87 0 0
335000 345896 342626 0 -8828.69 0 0
336000 343296 345326 0 -5238.03 0 0
337000 344979 343239 0 -6076.88 0 0
338000 344146 343393 0 -7280.54 0 0
339000 344893 342670 0 -6577.99 0 0
340000 343393 343270 0 -5889.91 0 0
341000 344351 342322 0 -6132.85 0 0
342000 345271 343021 0 -5215.06 0 0
343000 343813 344408 0 -4631.91 0 0
344000 344343 345800 0 -4042.8 0 0
345000 345845 343404 0 -2940.78 0 0
346000 345036 343672 0 -3311.85 0 0
347000 345776 340881 0 -1297.87 0 0
348000 343611 341318 0 -936.182 0 0
349000 345161 342861 0 -815.07 0 0
350000 345447 341985 0 -397.777 0 0
351000 344116 343136 0 -1200.96 0 0
352000 344329 341235 0 669.184 0 0
353000 346188 344093 0 784.983 0 0
354000 345934 341915 0 3575.88 0 0
355000 342982 343969 0 807.582 0 0
356000 346374 342704 0 2859.28 0 0
357000 343002 343063 0 2906.44 0 0
358000 345435 343593 0 3739.19 0 0
359000 343457 343765 0 3412.49 0 0
360000 345806 342412 0 4284.68 0 0
361000 346084 342515 0 4328.12 0 0
362000 346447 342353 0 4360.29 0 0
363000 344125 345040 0 5566.66 0 0
364000 345859 342569 0 5026.2 0 0
365000 343449 343037 0 7322.32 0 0
366000 346024 342073 0 6498.68 0 0
367000 343736 342091 0 6931.73 0 0
368000 343558 343401 0 6870.58 0 0
369000 345048 342200 0 7337.52 0 0
370000 344623 344180 0 6116.31 0 0
371000 345785 340702 0 8257.2 0 0
372000 345501 343826 0 7387.86 0 0
373000 345135 342248 0 7657.05 0 0
374000 343640 342250 0 9043.51 0 0
375000 345010 343714 0 7676.2 0 0
376000 343887 344809 0 5962.58 0 0
377000 343381 343645 0 7820.36 0 0
378000 345379 341812 0 8448.2 0 0
379000 347597 342586 0 8546.17 0 0
380000 346413 343788 0 6258.45 0 0
381000 344016 343654 0 7555.65 0 0
382000 344812 343929 0 7962.6 0 0
383000 344817 342758 0 7402.37 0 0
384000 343650 342254 0 4440.8 0 0
385000 345471 341888 0 6006.42 0 0
386000 346105 343515 0 7236.32 0 0
387000 344102 345675 0 4410.04 0 0
388000 345159 343442 0 5903.72 0 0
389000 346103 341234 0 3654.4 0 0
390000 345070 340932 0 5743.87 0 0
391000 344206 343147 0 3388.86 0 0
392000 344635 341655 0 3971.66 0 0
393000 344378 343802 0 2667.08 0 0
394000 346211 341643 0 3603.25 0 0
395000 344874 342380 0 2211.35 0 0
396000 345400 341589 0 616.125 0 0
397000 345121 343299 0 1583.11 0 0
398000 346016 341915 0 1490.75 0 0
399000 346183 342063 0 -561.881 0 0
400000 345216 342060 0 -1052.54 0 0
401000 343270 342185 0 -1518.98 0 0
402000 345765 342386 0 -1123.42 0 0
403000 344388 341998 0 -3714.06 0 0
404000 344958 342845 0 -2822 0 0
405000 345089 343481 0 -2808.11 0 0
406000 342199 343685 0 -4302.75 0 0
407000 346327 342685 0 -4255.44 0 0
408000 344910 342810 0 -4974.5 0 0
409000 344095 343110 0 -4865.25 0 0
410000 343785 342776 0 -4737.88 0 0
411000 345911 342698 0 -5877.53 0 0
412000 344063 342658 0 -7565.6 0 0
413000 345019 343435 0 -6669.89 0 0
414000 343687 343074 0 -7096.5 0 0
415000 345903 341932 0 -8293.04 0 0
416000 346228 341635 0 -10000.7 0 0
417000 345910 343811 0 -8695.35 0 0
418000 344763 341502 0 -6072.7 0 0
419000 344797 342723 0 -8312.29 0 0
420000 344023 343490 0 -8698.95 0 0
421000 346386 342693 0 -8096.78 0 0
422000 345557 342370 0 -9048.66 0 0
423000 343720 343868 0 -9966.51 0 0
424000 343875 344585 0 -9028.1 0 0
425000 346245 342858 0 -8009.65 0 0
426000 344488 344812 0 -8964.73 0 0
427000 346823 342221 0 -8393.53 0 0
428000 345269 341936 0 -8307.59 0 0
429000 345699 343663 0 -7915.43 0 0
430000 346029 342492 0 -7710.04 0 0
431000 345017 343107 0 -8892.02 0 0
432000 345554 341821 0 -8210.13 0 0
433000 346368 342783 0 -8288.85 0 0
434000 345321 343564 0 -6446.59 0 0
435000 344792 343807 0 -7655.04 0 0
436000 345479 345107 0 -5617.71 0 0
437000 345249 342605 0 -7839.29 0 0
438000 344695 343027 0 -6480.24 0 0
439000 346960 343560 0 -6208.98 0 0
440000 344733 344206 0 -7808.89 0 0
441000 346924 341668 0 -5280.67 0 0
442000 345212 342107 0 -7523.06 0 0
443000 345741 339216 0 -4849.96 0 0
444000 344085 342535 0 -3137.06 0 0
445000 344637 343118 0 -4869.28 0 0
446000 344314 345137 0 -3282.48 0 0
447000 345046 341023 0 -3599.67 0 0
448000 343174 344693 0 -1017.18 0 0
449000 346680 343064 0 -463.909 0 0
450000 346479 341475 0 -1043.55 0 0
451000 345863 343659 0 -449.363 0 0
452000 345193 342353 0 -405.691 0 0
453000 346522 342344 0 1044.58 0 0
454000 343461 344837 0 735.955 0 0
455000 343664 343437 0 1535.56 0 0
456000 345066 342852 0 1494.78 0 0
457000 344681 341515 0 3345.93 0 0
458000 345356 342746 0 3906.66 0 0
459000 343839 343615 0 5366.32 0 0
460000 345054 340825 0 4518.51 0 0
461000 344785 342482 0 6088.38 0 0
462000 344835 343097 0 6004.79 0 0
463000 344627 342234 0 3614.73 0 0
464000 345168 343160 0 5954.02 0 0
465000 343606 341199 0 7694.19 0 0
466000 344106 342409 0 7031.08 0 0
467000 343651 342149 0 6435.22 0 0
468000 345327 343088 0 6176.92 0 0
469000 345196 342959 0 6778.59 0 0
470000 344415 343511 0 6438.64 0 0
471000 345151 342808 0 7501.06 0 0
472000 343185 342660 0 7371.21 0 0
473000 343955 343450 0 7642.16 0 0
474000 344828 343357 0 7182.73 0 0
475000 346032 343717 0 8275.8 0 0
476000 344636 343227 0 6381.78 0 0
477000 347804 342141 0 8265.45 0 0
478000 344432 344965 0 8633.59 0 0
479000 342624 344600 0 7890.28 0 0
480000 343791 342642 0 7204.68 0 0
481000 345702 341829 0 6857.39 0 0
482000 344824 343876 0 6907.08 0 0
483000 345112 341864 0 8175.5 0 0
484000 343732 342663 0 7030.34 0 0
485000 345617 342514 0 6010.85 0 0
486000 347072 341709 0 5840.22 0 0
487000 344305 344691 0 5794.25 0 0
488000 343716 343381 0 5624.57 0 0
489000 344907 342313 0 4248.61 0 0
490000 345213 341920 0 5402.02 0 0
491000 345118 343107 0 4679.55 0 0
492000 343568 343585 0 3069.46 0 0
493000 344577 342084 0 4056.3 0 0
494000 345116 342689 0 3115.81 0 0
495000 347045 343606 0 2713.71 0 0
496000 346305 342378 0 1218.79 0 0
497000 343142 343331 0 504.409 0 0
498000 346018 340858 0 1948.99 0 0
499000 346509 341975 0 -51.2668 0 0
500000 344486 343080 0 -1354.4 0 0
