# Time-averaged data for fix ps1
# TimeStep c_thermo_press[1] c_thermo_press[2] c_thermo_press[3] c_thermo_press[4] c_thermo_press[5] c_thermo_press[6]
1000 380161 378608 0 861.209 0 0
2000 381670 377561 0 -1432.01 0 0
3000 383103 378304 0 1090.43 0 0
4000 382732 376644 0 -1990.41 0 0
5000 379056 377704 0 -1190.07 0 0
6000 383067 376643 0 -522.086 0 0
7000 381950 375078 0 -2793.5 0 0
8000 382659 377837 0 -3273.43 0 0
9000 384130 377893 0 -1426.29 0 0
10000 383694 376404 0 -3344.62 0 0
11000 382043 378535 0 -5116.07 0 0
12000 378576 378610 0 -4384.59 0 0
13000 381448 379315 0 -7198.9 0 0
14000 381107 376663 0 -1561.86 0 0
15000 379437 380542 0 -4378.93 0 0
16000 381369 378421 0 -4945.46 0 0
17000 379688 379759 0 -5093.04 0 0
18000 381240 381713 0 -6311.3 0 0
19000 382960 377154 0 -8178.68 0 0
20000 379514 380413 0 -6076.66 0 0
21000 379447 380064 0 -8089.86 0 0
22000 376917 379721 0 -5995.01 0 0
23000 380403 377578 0 -6094.04 0 0
24000 381208 379780 0 -5588.2 0 0
25000 380154 377955 0 -6311.97 0 0
26000 379724 379850 0 -4371.85 0 0
27000 382740 378238 0 -2308.06 0 0
28000 383513 376137 0 -2471.3 0 0
29000 381625 379631 0 -3549 0 0
30000 380470 378437 0 -3592.02 0 0
31000 377178 382736 0 -5447.7 0 0
32000 384090 375046 0 -6045.02 0 0
33000 380364 378017 0 -3852.68 0 0
34000 380029 377626 0 -2053.18 0 0
35000 379306 380339 0 -5129.26 0 0
36000 380277 377602 0 -2055.57 0 0
37000 378653 379336 0 -1783.04 0 0
38000 380503 379373 0 -2750.7 0 0
39000 380728 381059 0 1729.43 0 0
40000 382641 377846 0 323.166 0 0
41000 383345 377487 0 2343.55 0 0
42000 381496 377987 0 -292.819 0 0
43000 383614 378086 0 1024.01 0 0
44000 384339 376705 0 4151.48 0 0
45000 384083 375053 0 2446.2 0 0
46000 379625 377890 0 403.256 0 0
47000 382468 377939 0 1732.22 0 0
48000 382487 377843 0 3111.3 0 0
49000 383345 375437 0 259.623 0 0
50000 381925 378061 0 3197.88 0 0
51000 377535 379626 0 5553.06 0 0
52000 382741 379234 0 2659.58 0 0
53000 377676 379496 0 3022.25 0 0
54000 382607 380255 0 930.803 0 0
55000 380915 377394 0 4033.39 0 0
56000 382210 374820 0 6966.5 0 0
57000 383920 378982 0 6590.28 0 0
58000 379632 378757 0 4841.19 0 0
59000 379749 379570 0 3568.58 0 0
60000 380725 377773 0 6366.8 0 0
61000 380212 380076 0 5620.41 0 0
62000 382118 375256 0 6395.03 0 0
63000 380629 376736 0 7139.63 0 0
64000 380612 381193 0 2416.72 0 0
65000 382486 377160 0 6689.77 0 0
66000 382849 377445 0 3387.47 0 0
67000 382808 378946 0 7854.58 0 0
68000 380116 379647 0 7944.03 0 0
69000 380130 378944 0 6270.17 0 0
70000 380354 380493 0 6808.62 0 0
71000 380734 378737 0 9381.67 0 0
72000 378264 381879 0 6568.43 0 0
73000 383347 378690 0 7669.15 0 0
74000 382649 373813 0 6560.6 0 0
75000 381962 376687 0 7058.54 0 0
76000 382785 377537 0 6840.49 0 0
77000 383115 372948 0 7457.53 0 0
78000 379264 379563 0 7198.12 0 0
79000 380715 378751 0 6347.81 0 0
80000 382255 378844 0 4869.67 0 0
81000 381129 377518 0 7710.15 0 0
82000 381598 380201 0 7014.76 0 0
83000 381633 376629 0 7901.47 0 0
84000 382673 377025 0 5572.74 0 0
85000 381049 376254 0 4921.86 0 0
86000 382737 377834 0 5713.42 0 0
87000 381330 378076 0 5752.02 0 0
88000 377507 377466 0 2085.49 0 0
89000 377137 378810 0 2315.7 0 0
90000 379310 378397 0 2142.84 0 0
91000 381956 375640 0 2833.1 0 0
92000 380113 378587 0 1814.45 0 0
93000 381677 378337 0 2415.71 0 0
94000 380548 377274 0 1412.5 0 0
95000 379254 377901 0 2024.01 0 0
96000 380157 379811 0 -1106.75 0 0
97000 382769 377222 0 -1917.46 0 0
98000 384666 378793 0 -2551.47 0 0
99000 381752 379387 0 -1363.4 0 0
100000 381125 379781 0 -2547.27 0 0
101000 380833 377510 0 -2939.81 0 0
102000 379900 377122 0 1355.08 0 0
103000 381475 378005 0 -1956.06 0 0
104000 380147 379694 0 -3652.4 0 0
105000 379379 378598 0 -2590.47 0 0
106000 383677 375985 0 -3005.79 0 0
107000 382662 375817 0 -2586.34 0 0
108000 380650 379943 0 -3624.57 0 0
109000 379820 377823 0 -3356.76 0 0
110000 380286 377262 0 -5091.59 0 0
111000 380476 379019 0 -2712.51 0 0
112000 381361 376965 0 -3560.12 0 0
113000 381968 374421 0 -3952.09 0 0
114000 380093 377230 0 -3656.11 0 0
115000 385313 374899 0 -4778.17 0 0
116000 384947 376653 0 -5684.43 0 0
117000 385141 373299 0 -6850.19 0 0
118000 382637 378015 0 -4403.89 0 0
119000 381824 378391 0 -2917.72 0 0
120000 384552 375354 0 -5693.37 0 0
121000 383772 376708 0 -4007.71 0 0
122000 380619 378339 0 -5001.88 0 0
123000 382838 375879 0 -3599.52 0 0
124000 380170 379001 0 -2976.96 0 0
125000 380019 378261 0 -1560.95 0 0
126000 383349 376477 0 -6097.56 0 0
127000 382566 377856 0 -4652.41 0 0
128000 379442 375455 0 -5977.18 0 0
129000 381085 376583 0 -5953.36 0 0
130000 380842 376371 0 -4845.63 0 0
131000 382631 373059 0 -4728.51 0 0
132000 377862 380048 0 -3385.25 0 0
133000 384752 375476 0 -1197.54 0 0
134000 383008 376503 0 -1369.91 0 0
135000 381045 378654 0 -3912.96 0 0
136000 382750 373995 0 -3141.18 0 0
137000 381190 376840 0 -5452.61 0 0
138000 381090 377749 0 -4092.73 0 0
139000 377343 379062 0 -1681.25 0 0
140000 381451 376104 0 -4511.8 0 0
141000 381665 374807 0 -2554.55 0 0
142000 378418 378222 0 -2361.97 0 0
143000 382562 375922 0 -1210.22 0 0
144000 380037 378504 0 143.884 0 0
145000 379865 376263 0 -2385.6 0 0
146000 383285 376560 0 -2085.51 0 0
147000 381674 377231 0 -812.103 0 0
148000 382040 377016 0 -784.796 0 0
149000 381149 376920 0 -1973.94 0 0
150000 379919 377763 0 -2961.89 0 0
151000 382729 376225 0 749.642 0 0
152000 382700 376964 0 -41.8369 0 0
153000 380300 378990 0 -1555.81 0 0
154000 381771 378592 0 3442.42 0 0
155000 377870 381169 0 2976.59 0 0
156000 380758 376914 0 765.874 0 0
157000 383230 377915 0 2209.04 0 0
158000 382040 375455 0 2799.03 0 0
159000 380857 375166 0 1475.67 0 0
160000 379714 378941 0 522.69 0 0
161000 381102 376389 0 1825.6 0 0
162000 382095 377690 0 4062.01 0 0
163000 381358 378089 0 3611.82 0 0
164000 383712 377589 0 3954.1 0 0
165000 381220 375920 0 6225.5 0 0
166000 380991 378071 0 5800.89 0 0
167000 382069 377327 0 5313.48 0 0
168000 382627 376918 0 6015.14 0 0
169000 378024 380489 0 2521.27 0 0
170000 381178 380288 0 4516.74 0 0
171000 383717 375870 0 4404.09 0 0
172000 381086 378017 0 4069.7 0 0
173000 380393 378922 0 6496.36 0 0
174000 380425 377125 0 6807.57 0 0
175000 381424 378911 0 4245.06 0 0
176000 382768 377858 0 4920.88 0 0
177000 382284 377150 0 4341.71 0 0
178000 381195 379109 0 3718.35 0 0
179000 379369 376105 0 4393.58 0 0
180000 379813 378357 0 2976.86 0 0
181000 379995 379733 0 7244.46 0 0
182000 379796 378820 0 4384.73 0 0
183000 383187 379319 0 5282.3 0 0
184000 384704 375588 0 4245.9 0 0
185000 383169 375926 0 2325.23 0 0
186000 385062 372596 0 3454 0 0
187000 380964 379761 0 4974.21 0 0
188000 380743 379044 0 2840.05 0 0
189000 384024 377523 0 2214.53 0 0
190000 381735 376543 0 646.096 0 0
191000 383940 377601 0 -1347.05 0 0
192000 379880 377796 0 1201.11 0 0
193000 382824 377076 0 1358.3 0 0
194000 381596 374131 0 1859.04 0 0
195000 382031 375460 0 386.774 0 0
196000 385708 375543 0 575.192 0 0
197000 381727 376831 0 312.283 0 0
198000 382117 378260 0 -1927.05 0 0
199000 381417 376947 0 425.012 0 0
200000 384459 375736 0 -2396.81 0 0
201000 383637 378859 0 -1510.6 0 0
202000 382003 375676 0 -4810.09 0 0
203000 386202 374945 0 -2421 0 0
204000 385453 374510 0 -3040.8 0 0
205000 385135 375667 0 -2726.62 0 0
206000 382247 379037 0 -2913.69 0 0
207000 382581 375717 0 -5407.12 0 0
208000 380729 379366 0 -1387.83 0 0
209000 380758 378834 0 -2038.69 0 0
210000 382079 380706 0 -2915.56 0 0
211000 379945 378395 0 -3427.56 0 0
212000 381914 380315 0 -3946.27 0 0
213000 378600 381938 0 -1500.08 0 0
214000 379188 381474 0 -5330.59 0 0
215000 377613 381725 0 -7345.32 0 0
216000 378921 378330 0 -4566.14 0 0
217000 378516 378417 0 -5273.88 0 0
218000 378436 380681 0 -4522.11 0 0
219000 379258 383105 0 -8390.25 0 0
220000 380887 383560 0 -5612.64 0 0
221000 377540 381507 0 -5338.48 0 0
222000 377519 382178 0 -4691.58 0 0
223000 377699 384339 0 -6805.07 0 0
224000 380048 380766 0 -5670.84 0 0
225000 378244 381953 0 -5696.57 0 0
226000 375174 382348 0 -4221.6 0 0
227000 379433 379432 0 -4040.82 0 0
228000 380052 381528 0 -4221.6 0 0
229000 379332 383103 0 -5468.46 0 0
230000 376935 381426 0 -3293.69 0 0
231000 377648 381453 0 176.546 0 0
232000 379123 380322 0 -2692.95 0 0
233000 376643 380192 0 -4478.23 0 0
234000 380496 382531 0 -2407.04 0 0
235000 381029 379670 0 -3277.19 0 0
236000 381369 380759 0 -940.159 0 0
237000 379965 383015 0 -1067.63 0 0
238000 378719 381537 0 -2630 0 0
239000 379020 380769 0 -297.164 0 0
240000 381092 380041 0 -4790.78 0 0
241000 381974 378746 0 -2766.9 0 0
242000 381230 381509 0 -1076.74 0 0
243000 380709 383445 0 -1157.25 0 0
244000 383345 376697 0 -1837.78 0 0
245000 384837 378860 0 104.173 0 0
246000 382952 377036 0 1008.56 0 0
247000 381708 377392 0 1929.98 0 0
248000 383267 379352 0 -1469.44 0 0
249000 383008 378912 0 -1103.77 0 0
250000 380991 376404 0 -857.792 0 0
251000 382877 375784 0 955.924 0 0
252000 382667 377546 0 2240.17 0 0
253000 380228 379746 0 2047.77 0 0
254000 379666 381098 0 4091.97 0 0
255000 380189 377543 0 3601.94 0 0
256000 382481 377603 0 5351.71 0 0
257000 380154 380522 0 5186.06 0 0
258000 381827 379545 0 1395.87 0 0
259000 382599 382509 0 5479.5 0 0
260000 381729 377828 0 4300.19 0 0
261000 379915 381244 0 4149.92 0 0
262000 383611 378206 0 4747.18 0 0
263000 380149 378689 0 4736.76 0 0
264000 381952 377122 0 3975.35 0 0
265000 381902 383004 0 4498.24 0 0
266000 382532 377474 0 5661.3 0 0
267000 381671 381259 0 5792.18 0 0
268000 381057 377014 0 6515.95 0 0
269000 385901 375766 0 4463.83 0 0
270000 379679 377121 0 5509.39 0 0
271000 380445 378502 0 5361.48 0 0
272000 382995 378407 0 6071.64 0 0
273000 380165 382295 0 4487.9 0 0
274000 383169 378772 0 5186.09 0 0
275000 376897 385150 0 1590.69 0 0
276000 380601 379504 0 5592.44 0 0
277000 377120 381781 0 2274.31 0 0
278000 377762 380705 0 3943.58 0 0
279000 378734 380267 0 5206.34 0 0
280000 379809 378587 0 6716.64 0 0
281000 379289 382368 0 5735.24 0 0
282000 382242 380688 0 4697.28 0 0
283000 379781 381057 0 3853.26 0 0
284000 380174 382308 0 5208.56 0 0
285000 379938 379898 0 2275.46 0 0
286000 380480 377600 0 2832.1 0 0
287000 380604 378122 0 3994.39 0 0
288000 379052 380337 0 4623.22 0 0
289000 380624 378345 0 1971.79 0 0
290000 379525 379923 0 242.706 0 0
291000 377497 380943 0 513.422 0 0
292000 377980 383589 0 1473.42 0 0
293000 382906 379197 0 3545.12 0 0
294000 379058 380067 0 -1529.73 0 0
295000 381373 379171 0 2234.14 0 0
296000 381329 378873 0 3867.43 0 0
297000 382519 374499 0 499.291 0 0
298000 381290 378233 0 -2593.69 0 0
299000 382818 377893 0 -36.5718 0 0
300000 380888 379827 0 -1282.68 0 0
301000 378642 377949 0 -709.302 0 0
302000 381187 380089 0 1104.88 0 0
303000 382094 377617 0 -219.11 0 0
304000 380476 377867 0 -421.987 0 0
305000 381368 378711 0 121.763 0 0
306000 379379 380167 0 -1114.57 0 0
307000 380628 377091 0 -653.791 0 0
308000 382353 378071 0 -1987.89 0 0
309000 380351 378503 0 -3455.85 0 0
310000 376981 380935 0 -1086.53 0 0
311000 377952 377381 0 -3690.14 0 0
312000 379827 381434 0 -3809.59 0 0
313000 378489 379820 0 -2910.83 0 0
314000 380614 378903 0 -3214.53 0 0
315000 380145 379193 0 -3083.01 0 0
316000 381310 378368 0 -1106.85 0 0
317000 380609 377962 0 -4540.06 0 0
318000 379097 382140 0 -4243.19 0 0
319000 379404 379107 0 -5074.41 0 0
320000 379137 380425 0 -2488.33 0 0
321000 379506 378523 0 -3184.92 0 0
322000 377668 380722 0 -2002.27 0 0
323000 381594 380280 0 -4261.76 0 0
324000 383281 376916 0 -3682.48 0 0
325000 380014 381030 0 -2987.47 0 0
326000 377547 378184 0 -5339 0 0
327000 382279 377126 0 -3358 0 0
328000 380052 381424 0 -4064.72 0 0
329000 378990 380317 0 -4858.97 0 0
330000 379360 378999 0 -4484.63 0 0
331000 381711 377611 0 -4615.29 0 0
332000 379140 379662 0 -2820.05 0 0
333000 379290 380098 0 -3971.63 0 0
334000 379130 379010 0 -2597.3 0 0
335000 379695 379708 0 -3660.55 0 0
336000 379162 375322 0 -3338.2 0 0
337000 382623 378088 0 -3110.08 0 0
338000 380367 376982 0 -1652.05 0 0
339000 380739 379792 0 -3218.37 0 0
340000 381581 378339 0 -1834.67 0 0
341000 379222 378882 0 -2563.44 0 0
342000 378089 381740 0 -2941.05 0 0
343000 377965 380634 0 -1255.5 0 0
344000 376506 381273 0 -1375.18 0 0
345000 379091 382057 0 -2098.47 0 0
346000 378553 377931 0 -261.856 0 0
347000 379566 381179 0 2563.73 0 0
348000 380948 377150 0 -201.825 0 0
349000 379850 380429 0 592.568 0 0
350000 383775 376016 0 -18.092 0 0
351000 381687 378433 0 1354.31 0 0
352000 377772 379109 0 981.78 0 0
353000 378052 379747 0 3385.85 0 0
354000 376936 379503 0 4712.38 0 0
355000 379778 381191 0 2531.71 0 0
356000 377619 380932 0 3394.75 0 0
357000 380824 378903 0 887.479 0 0
358000 380263 379755 0 3080.1 0 0
359000 380467 377121 0 3261.26 0 0
360000 379121 379268 0 5705.02 0 0
361000 378588 379260 0 1910.18 0 0
362000 376881 379127 0 1227.86 0 0
363000 379651 379971 0 5069.83 0 0
364000 375748 382387 0 4068.14 0 0
365000 380066 379899 0 3158.26 0 0
366000 379218 380455 0 2573.68 0 0
367000 376698 380395 0 7015.23 0 0
368000 376363 379176 0 7380.31 0 0
369000 378293 380351 0 6527.82 0 0
370000 380725 381084 0 2694.76 0 0
371000 377396 380613 0 6542.81 0 0
372000 376419 383535 0 4993.32 0 0
373000 376150 380416 0 2998.93 0 0
374000 382317 381015 0 7267.96 0 0
375000 380064 381419 0 5670.47 0 0
376000 377644 381284 0 6642.56 0 0
377000 375710 385406 0 5772.79 0 0
378000 377142 380590 0 6354.87 0 0
379000 378176 379142 0 6912.72 0 0
380000 376349 379815 0 6183.56 0 0
381000 380856 379219 0 5102.81 0 0
382000 377719 381019 0 4641.31 0 0
383000 381977 379936 0 2584.29 0 0
384000 380005 380487 0 2970.53 0 0
385000 378424 380554 0 3301.57 0 0
386000 382573 379795 0 3962.12 0 0
387000 379647 379510 0 2635.95 0 0
388000 379708 378796 0 3399.85 0 0
389000 379402 381682 0 1302.82 0 0
390000 376765 382822 0 738.157 0 0
391000 376064 381103 0 2478.23 0 0
392000 379799 379615 0 2342.8 0 0
393000 378177 383290 0 996.034 0 0
394000 379627 382515 0 1079.39 0 0
395000 376787 382847 0 1085.26 0 0
396000 376430 383321 0 -260.866 0 0
397000 374457 381960 0 779.7 0 0
398000 376619 380864 0 -1395.42 0 0
399000 379532 381616 0 -497.436 0 0
400000 378790 379840 0 -3444.62 0 0
401000 378994 379786 0 -980.615 0 0
402000 378671 380461 0 129.098 0 0
403000 380168 378846 0 -768.581 0 0
404000 376980 380214 0 -2239.25 0 0
405000 379077 378802 0 -1876.22 0 0
406000 377002 381334 0 -2994.56 0 0
407000 382801 379083 0 -4477.42 0 0
408000 378910 382159 0 -2614.37 0 0
409000 377785 381872 0 -5602.15 0 0
410000 380130 379161 0 -7359.35 0 0
411000 378516 381924 0 -4657.64 0 0
412000 378459 377290 0 -3913.59 0 0
413000 377218 380862 0 -5371.29 0 0
414000 379755 379186 0 -6454.81 0 0
415000 382477 379164 0 -4314 0 0
416000 380204 379403 0 -3571.26 0 0
417000 380531 379943 0 -5281.5 0 0
418000 378917 380359 0 -2396.9 0 0
419000 380213 379846 0 -2805.88 0 0
420000 380682 380295 0 -5008.97 0 0
421000 382515 377615 0 -4977.43 0 0
422000 378637 380291 0 -4037.1 0 0
423000 378504 380694 0 -4093.63 0 0
424000 380727 378166 0 -5390.93 0 0
425000 379426 379874 0 -4527.64 0 0
426000 380971 380026 0 -4255.1 0 0
427000 377996 378149 0 -4123.74 0 0
428000 378068 377982 0 -6341.19 0 0
429000 377581 382246 0 -2652.86 0 0
430000 380483 376593 0 -3758.92 0 0
431000 379897 379994 0 -4839.61 0 0
432000 381181 383067 0 -1655.14 0 0
433000 380505 381329 0 -1877.67 0 0
434000 378980 377231 0 -3158.45 0 0
435000 380721 378025 0 -1368.56 0 0
436000 379124 382316 0 -1376.32 0 0
437000 382874 377900 0 -2743.01 0 0
438000 379478 378025 0 0.65679 0 0
439000 379333 378264 0 -3623.8 0 0
440000 378443 380074 0 -1883.52 0 0
441000 376289 381438 0 -1176.51 0 0
442000 380689 381766 0 1526.59 0 0
443000 377186 380593 0 172.028 0 0
444000 377398 379985 0 1845.05 0 0
445000 380899 378388 0 -641.369 0 0
446000 378824 380286 0 -299.407 0 0
447000 378746 377849 0 2736.34 0 0
448000 380903 382033 0 1105.97 0 0
449000 381101 378548 0 -520.789 0 0
450000 375738 380931 0 3031.77 0 0
451000 375750 382505 0 2864.38 0 0
452000 380321 381532 0 3861.84 0 0
453000 378861 381048 0 4554.8 0 0
454000 378874 380364 0 3092.22 0 0
455000 378643 380940 0 2339.29 0 0
456000 376548 382207 0 5220.86 0 0
457000 378730 380828 0 6148.1 0 0
458000 382570 378340 0 5770.89 0 0
459000 378701 380592 0 6545.92 0 0
460000 379856 380610 0 5377.06 0 0
461000 379049 379580 0 4325.64 0 0
462000 378250 382909 0 7478.78 0 0
463000 378133 380759 0 6958.52 0 0
464000 378323 382712 0 5542.18 0 0
465000 379654 382075 0 3361.5 0 0
466000 378284 382578 0 5068.83 0 0
467000 379634 382500 0 5361.45 0 0
468000 380318 382465 0 3692.56 0 0
469000 381553 378855 0 5616.6 0 0
470000 378568 384822 0 8208.43 0 0
471000 382418 381288 0 7107.27 0 0
472000 381257 380091 0 7042.77 0 0
473000 381590 381149 0 8334.46 0 0
474000 378328 382475 0 5750.32 0 0
475000 381170 380523 0 8134.85 0 0
476000 378368 381030 0 5906.89 0 0
477000 380861 382052 0 7238.92 0 0
478000 379129 380772 0 6121.35 0 0
479000 378979 383873 0 5061.15 0 0
480000 379723 382285 0 4487.27 0 0
481000 379328 380425 0 3909.22 0 0
482000 379206 380648 0 5413.04 0 0
483000 381760 380511 0 8262.7 0 0
484000 381844 380797 0 5163.26 0 0
485000 380732 380690 0 5507.07 0 0
486000 377419 378577 0 3332.63 0 0
487000 382122 379032 0 3820.91 0 0
488000 378757 381289 0 244.376 0 0
489000 377939 380235 0 3009.38 0 0
490000 379491 378279 0 371.99 0 0
491000 380873 379635 0 1576.01 0 0
492000 378920 383163 0 3191.03 0 0
493000 378498 382396 0 733.054 0 0
494000 381736 378968 0 1316.09 0 0
495000 378638 382539 0 -689.693 0 0
496000 379069 380968 0 1183.39 0 0
497000 376623 382437 0 -607.229 0 0
498000 378067 382153 0 -481.239 0 0
499000 378065 380472 0 1132.46 0 0
500000 377364 382958 0 -2776.57 0 0
