# Time-averaged data for fix ps1
# TimeStep c_thermo_press[1] c_thermo_press[2] c_thermo_press[3] c_thermo_press[4] c_thermo_press[5] c_thermo_press[6]
0 2.77096 2.79767 0 -0.0379266 0 0
100000 2.8964 2.95059 0 -0.0446939 0 0
200000 2.91278 2.88153 0 -0.0415267 0 0
300000 2.87666 2.95312 0 -0.157783 0 0
400000 2.84621 2.9867 0 -0.105623 0 0
500000 2.89984 2.92352 0 -0.141056 0 0
600000 2.9118 2.96609 0 -0.156281 0 0
700000 2.91383 2.97429 0 -0.143658 0 0
800000 2.92556 2.94847 0 -0.181137 0 0
900000 2.90981 2.939 0 -0.192441 0 0
1000000 2.9018 2.9544 0 -0.187145 0 0
1100000 2.88205 2.93825 0 -0.228501 0 0
1200000 2.93241 2.93275 0 -0.194318 0 0
1300000 2.9075 2.98926 0 -0.195652 0 0
1400000 2.90157 2.92711 0 -0.227736 0 0
1500000 2.92062 2.96384 0 -0.23322 0 0
1600000 2.86667 3.03837 0 -0.177774 0 0
1700000 2.90097 2.96383 0 -0.264955 0 0
1800000 2.97223 2.95911 0 -0.265605 0 0
1900000 2.87967 3.01963 0 -0.278983 0 0
2000000 2.97049 2.95325 0 -0.232566 0 0
2100000 2.90849 2.98115 0 -0.32959 0 0
2200000 2.87737 3.00627 0 -0.324905 0 0
2300000 2.91435 2.99208 0 -0.261329 0 0
2400000 2.90886 2.93324 0 -0.260554 0 0
2500000 2.90236 2.96622 0 -0.30362 0 0
2600000 2.90323 3.02399 0 -0.259828 0 0
2700000 2.91792 2.93494 0 -0.269812 0 0
2800000 2.9137 2.95711 0 -0.189686 0 0
2900000 2.90413 3.00193 0 -0.283885 0 0
3000000 2.92677 2.95209 0 -0.271008 0 0
3100000 2.92189 2.95192 0 -0.313214 0 0
3200000 2.92145 2.95138 0 -0.217637 0 0
3300000 2.92737 2.9686 0 -0.271421 0 0
3400000 2.94285 2.93701 0 -0.209153 0 0
3500000 2.85938 3.03134 0 -0.230467 0 0
3600000 2.84521 3.02967 0 -0.264989 0 0
3700000 2.91225 2.98254 0 -0.218696 0 0
3800000 2.91627 2.95272 0 -0.234421 0 0
3900000 2.88272 2.97607 0 -0.18454 0 0
4000000 2.91016 2.93414 0 -0.157217 0 0
4100000 2.83532 3.00432 0 -0.205893 0 0
4200000 2.91559 2.92097 0 -0.152165 0 0
4300000 2.84803 2.95422 0 -0.156844 0 0
4400000 2.91082 2.91742 0 -0.131375 0 0
4500000 2.85897 2.98918 0 -0.107979 0 0
4600000 2.87035 2.96738 0 -0.107546 0 0
4700000 2.8766 2.95038 0 -0.0514648 0 0
4800000 2.89703 2.94546 0 -0.0623971 0 0
4900000 2.88931 2.97222 0 -0.0784607 0 0
5000000 2.86868 2.98879 0 -0.0366566 0 0
5100000 2.87356 2.97301 0 -0.0127681 0 0
5200000 2.83135 3.0437 0 0.0115332 0 0
5300000 2.89298 2.98696 0 0.0381486 0 0
5400000 2.88421 2.95386 0 0.0504018 0 0
5500000 2.9002 2.96849 0 0.0405403 0 0
5600000 2.83366 2.98269 0 0.0952111 0 0
5700000 2.8692 2.94296 0 0.0710561 0 0
5800000 2.8335 2.99679 0 0.093582 0 0
5900000 2.85975 2.96639 0 0.0749398 0 0
6000000 2.87973 2.99307 0 0.14183 0 0
6100000 2.86246 2.94867 0 0.120157 0 0
6200000 2.85632 3.0022 0 0.147738 0 0
6300000 2.92432 2.93608 0 0.142116 0 0
6400000 2.8872 2.98769 0 0.146287 0 0
6500000 2.91365 2.98142 0 0.157719 0 0
6600000 2.88801 2.94237 0 0.161819 0 0
6700000 2.89834 2.95162 0 0.183081 0 0
6800000 2.891 2.97818 0 0.176273 0 0
6900000 2.87679 3.00691 0 0.218657 0 0
7000000 2.87932 2.98815 0 0.17659 0 0
7100000 2.90403 2.96305 0 0.193095 0 0
7200000 2.92311 2.99031 0 0.198142 0 0
7300000 2.88854 2.97507 0 0.198572 0 0
7400000 2.88926 2.94133 0 0.197267 0 0
7500000 2.94293 2.95367 0 0.212756 0 0
7600000 2.87834 3.00973 0 0.221879 0 0
7700000 2.88567 2.98532 0 0.233843 0 0
7800000 2.86253 2.99523 0 0.203188 0 0
7900000 2.88099 2.98046 0 0.201542 0 0
8000000 2.90272 2.97933 0 0.186146 0 0
8100000 2.86627 2.97223 0 0.182869 0 0
8200000 2.90879 2.94757 0 0.152581 0 0
8300000 2.86047 2.9863 0 0.193309 0 0
8400000 2.87326 2.9697 0 0.156843 0 0
8500000 2.91746 2.94771 0 0.149976 0 0
8600000 2.875 2.97374 0 0.150286 0 0
8700000 2.93681 2.94406 0 0.168324 0 0
8800000 2.90112 2.97696 0 0.133266 0 0
8900000 2.87485 2.95429 0 0.116795 0 0
9000000 2.91525 2.9364 0 0.0635109 0 0
9100000 2.8997 2.9695 0 0.0714344 0 0
9200000 2.87989 2.9548 0 0.0801154 0 0
9300000 2.83014 2.97611 0 0.0564398 0 0
9400000 2.8529 2.98947 0 0.052367 0 0
9500000 2.87005 2.99019 0 0.0392688 0 0
9600000 2.90996 2.92799 0 0.0370401 0 0
9700000 2.95161 2.91422 0 -0.0594878 0 0
9800000 2.89366 2.95971 0 0.00453101 0 0
9900000 2.90453 2.95252 0 -0.00909908 0 0
10000000 2.89439 2.96447 0 -0.0659623 0 0
10100000 2.90354 2.95243 0 -0.0587562 0 0
10200000 2.89295 2.94768 0 -0.026503 0 0
10300000 2.92255 2.95367 0 -0.056645 0 0
10400000 2.92653 2.91238 0 -0.0687909 0 0
10500000 2.90708 2.94024 0 -0.0968624 0 0
10600000 2.89558 2.9539 0 -0.114936 0 0
10700000 2.85266 3.00158 0 -0.150223 0 0
10800000 2.89401 2.9484 0 -0.170469 0 0
10900000 2.9188 2.95359 0 -0.184958 0 0
11000000 2.93629 2.91877 0 -0.177432 0 0
11100000 2.94002 2.9094 0 -0.180122 0 0
11200000 2.96788 2.93508 0 -0.210975 0 0
11300000 2.9338 2.94107 0 -0.189333 0 0
11400000 2.90597 2.94806 0 -0.20977 0 0
11500000 2.964 2.90361 0 -0.271914 0 0
11600000 2.92553 2.9235 0 -0.284233 0 0
11700000 2.93482 2.95855 0 -0.255667 0 0
11800000 2.96814 2.92283 0 -0.270536 0 0
11900000 2.931 2.96086 0 -0.29301 0 0
12000000 2.91916 2.92461 0 -0.24933 0 0
12100000 2.93196 2.9626 0 -0.284283 0 0
12200000 2.93706 2.92576 0 -0.285869 0 0
12300000 2.92245 2.93634 0 -0.281432 0 0
12400000 2.92915 2.96984 0 -0.334445 0 0
12500000 2.89969 2.94996 0 -0.274945 0 0
12600000 2.93423 2.95809 0 -0.272496 0 0
12700000 2.95039 2.92116 0 -0.251744 0 0
12800000 2.9585 2.95442 0 -0.277802 0 0
12900000 2.90906 2.94815 0 -0.24685 0 0
13000000 2.9302 2.93912 0 -0.241 0 0
13100000 2.87823 3.0016 0 -0.254675 0 0
13200000 2.97433 2.92567 0 -0.216162 0 0
13300000 2.95205 2.9442 0 -0.226746 0 0
13400000 2.90934 2.94536 0 -0.232594 0 0
13500000 2.89336 2.95581 0 -0.23008 0 0
13600000 2.98469 2.95197 0 -0.17414 0 0
13700000 2.94219 2.93174 0 -0.189458 0 0
13800000 2.91446 2.94491 0 -0.208659 0 0
13900000 2.93398 2.93649 0 -0.157568 0 0
14000000 2.94069 2.89767 0 -0.162843 0 0
14100000 2.92277 2.94747 0 -0.156625 0 0
14200000 2.8819 2.99026 0 -0.174291 0 0
14300000 2.90662 3.04514 0 -0.128593 0 0
14400000 2.95933 2.95027 0 -0.132152 0 0
14500000 2.89337 2.91337 0 -0.158671 0 0
14600000 2.88722 2.99452 0 -0.0763582 0 0
14700000 2.90064 2.93311 0 -0.0925038 0 0
14800000 2.87774 2.95684 0 -0.0641282 0 0
14900000 2.88146 2.9705 0 -0.0437076 0 0
15000000 2.93432 2.93072 0 -0.0234967 0 0
15100000 2.88952 2.9365 0 -0.039623 0 0
15200000 2.90719 2.95933 0 -0.0345259 0 0
15300000 2.93729 2.93316 0 -0.00805183 0 0
15400000 2.84376 2.97331 0 0.062085 0 0
15500000 2.88701 2.98845 0 0.0360223 0 0
15600000 2.87616 3.01529 0 0.0530547 0 0
15700000 2.85688 2.99583 0 0.134918 0 0
15800000 2.85907 3.00192 0 0.133881 0 0
15900000 2.86854 2.95602 0 0.0637261 0 0
16000000 2.89682 2.96666 0 0.114765 0 0
16100000 2.91592 2.9543 0 0.108925 0 0
16200000 2.85493 3.00046 0 0.135334 0 0
16300000 2.85765 2.96747 0 0.145158 0 0
16400000 2.92386 2.90006 0 0.13294 0 0
16500000 2.85426 2.95845 0 0.147991 0 0
16600000 2.88922 2.93778 0 0.162627 0 0
16700000 2.85093 2.98222 0 0.174844 0 0
16800000 2.94307 2.93478 0 0.197551 0 0
16900000 2.88342 2.96007 0 0.231243 0 0
17000000 2.88522 2.98774 0 0.201975 0 0
17100000 2.89282 2.98109 0 0.170912 0 0
17200000 2.89363 2.97028 0 0.174459 0 0
17300000 2.85293 3.00905 0 0.173436 0 0
17400000 2.89938 2.9591 0 0.222144 0 0
17500000 2.91495 2.95774 0 0.207064 0 0
17600000 2.91833 2.92524 0 0.224437 0 0
17700000 2.87804 2.95424 0 0.229989 0 0
17800000 2.87266 2.95027 0 0.174673 0 0
17900000 2.88256 2.97502 0 0.190351 0 0
18000000 2.87076 2.97953 0 0.219916 0 0
18100000 2.9212 2.99562 0 0.219069 0 0
18200000 2.91906 2.95441 0 0.193169 0 0
18300000 2.92555 2.91422 0 0.164522 0 0
18400000 2.94612 2.90459 0 0.163356 0 0
18500000 2.89259 2.97524 0 0.129983 0 0
18600000 2.90706 2.98036 0 0.142244 0 0
18700000 2.93692 2.95687 0 0.148388 0 0
18800000 2.89838 2.98029 0 0.157948 0 0
18900000 2.87643 2.96593 0 0.140442 0 0
19000000 2.86163 2.98236 0 0.1059 0 0
19100000 2.91335 2.96664 0 0.131071 0 0
19200000 2.87471 2.969 0 0.0790338 0 0
19300000 2.9216 2.92792 0 0.0611864 0 0
19400000 2.8941 2.97293 0 0.0821014 0 0
19500000 2.90238 2.95009 0 0.0400266 0 0
19600000 2.9242 2.96218 0 0.0157358 0 0
19700000 2.87811 2.946 0 0.00722048 0 0
19800000 2.87014 2.97123 0 -0.0176714 0 0
19900000 2.86851 2.9305 0 -0.0227938 0 0
20000000 2.89481 2.92986 0 -0.02741 0 0
20100000 2.87482 2.93594 0 -0.0932411 0 0
20200000 2.8846 2.92199 0 -0.0461458 0 0
20300000 2.90313 2.95213 0 -0.027079 0 0
20400000 2.89425 2.97294 0 -0.100498 0 0
20500000 2.89757 2.93018 0 -0.134006 0 0
20600000 2.92959 2.92437 0 -0.118817 0 0
20700000 2.88364 2.91664 0 -0.163881 0 0
20800000 2.90063 2.99505 0 -0.151938 0 0
20900000 2.92385 2.93657 0 -0.195615 0 0
21000000 2.94126 2.95375 0 -0.175288 0 0
21100000 2.90119 2.93284 0 -0.194362 0 0
21200000 2.89614 2.98709 0 -0.215445 0 0
21300000 2.91859 2.96512 0 -0.222457 0 0
21400000 2.95618 2.93094 0 -0.277469 0 0
21500000 2.91513 2.95375 0 -0.252014 0 0
21600000 2.91216 2.94683 0 -0.226183 0 0
21700000 2.94036 2.95179 0 -0.250914 0 0
21800000 2.96438 2.90307 0 -0.224864 0 0
21900000 2.90262 2.95467 0 -0.254594 0 0
22000000 2.88505 2.99559 0 -0.285184 0 0
22100000 2.93576 2.95665 0 -0.301137 0 0
22200000 2.99057 2.86897 0 -0.270403 0 0
22300000 2.89792 2.97061 0 -0.285737 0 0
22400000 2.90646 2.97276 0 -0.331278 0 0
22500000 2.94751 2.96977 0 -0.275 0 0
22600000 2.95174 2.9542 0 -0.248003 0 0
22700000 2.89594 2.96751 0 -0.269689 0 0
22800000 2.92766 2.98302 0 -0.273893 0 0
22900000 2.95605 2.95606 0 -0.286797 0 0
23000000 2.95552 2.95252 0 -0.274565 0 0
23100000 2.92927 2.93867 0 -0.234767 0 0
23200000 2.94575 2.93298 0 -0.286337 0 0
23300000 2.95071 2.91828 0 -0.269387 0 0
23400000 2.91371 2.92801 0 -0.230702 0 0
23500000 2.92849 2.97359 0 -0.24196 0 0
23600000 2.90383 2.95018 0 -0.223667 0 0
23700000 2.94495 2.95621 0 -0.213323 0 0
23800000 2.96037 2.94781 0 -0.224379 0 0
23900000 2.87672 2.949 0 -0.187605 0 0
24000000 2.92077 2.92711 0 -0.161695 0 0
24100000 2.95889 2.93924 0 -0.168452 0 0
24200000 2.97288 2.92122 0 -0.142956 0 0
24300000 2.94063 2.93065 0 -0.155433 0 0
24400000 2.90376 2.94392 0 -0.10246 0 0
24500000 2.91426 2.93708 0 -0.0929979 0 0
24600000 2.86902 2.94963 0 -0.0807027 0 0
24700000 2.89323 2.93041 0 -0.124803 0 0
24800000 2.90574 2.9182 0 -0.0706037 0 0
24900000 2.81567 3.00551 0 -0.0607076 0 0
25000000 2.90807 2.92961 0 -0.0409777 0 0
25100000 2.83956 3.01477 0 0.0248937 0 0
25200000 2.86623 3.00297 0 0.00202374 0 0
25300000 2.84612 2.96285 0 0.0116285 0 0
25400000 2.91793 2.93962 0 0.0361056 0 0
25500000 2.86803 2.97291 0 0.0407344 0 0
25600000 2.89492 2.93861 0 0.0368526 0 0
25700000 2.88919 2.99997 0 0.0696811 0 0
25800000 2.87703 3.00289 0 0.0781153 0 0
25900000 2.86677 2.98035 0 0.104652 0 0
26000000 2.89774 2.94772 0 0.143317 0 0
26100000 2.89659 2.9394 0 0.111733 0 0
26200000 2.84589 2.991 0 0.155242 0 0
26300000 2.8819 2.96442 0 0.164559 0 0
26400000 2.88282 2.98782 0 0.220336 0 0
26500000 2.88808 2.96592 0 0.179862 0 0
26600000 2.88525 2.96978 0 0.138005 0 0
26700000 2.90693 2.95531 0 0.206558 0 0
26800000 2.90115 2.95446 0 0.196227 0 0
26900000 2.86797 2.98936 0 0.200447 0 0
27000000 2.87333 2.99615 0 0.215882 0 0
27100000 2.86402 2.98897 0 0.209105 0 0
27200000 2.88421 2.9704 0 0.228095 0 0
27300000 2.89603 2.9569 0 0.238982 0 0
27400000 2.88384 3.02218 0 0.209463 0 0
27500000 2.91057 2.97472 0 0.21014 0 0
27600000 2.92876 2.94495 0 0.214989 0 0
27700000 2.86914 2.99437 0 0.234724 0 0
27800000 2.9139 2.93385 0 0.2016 0 0
27900000 2.90114 2.9892 0 0.229487 0 0
28000000 2.90826 2.98862 0 0.199213 0 0
28100000 2.89967 2.91527 0 0.203662 0 0
28200000 2.93853 2.93768 0 0.20625 0 0
28300000 2.9067 2.9151 0 0.176687 0 0
28400000 2.8875 2.98349 0 0.146879 0 0
28500000 2.91634 2.95188 0 0.125328 0 0
28600000 2.8814 2.98087 0 0.140382 0 0
28700000 2.90981 2.95738 0 0.207087 0 0
28800000 2.92311 2.93738 0 0.100159 0 0
28900000 2.89934 2.96721 0 0.126691 0 0
29000000 2.90038 2.96429 0 0.0964064 0 0
29100000 2.9266 2.9531 0 0.0642901 0 0
29200000 2.89464 2.9652 0 0.0854511 0 0
29300000 2.86859 2.96663 0 0.0330447 0 0
29400000 2.87506 2.92234 0 0.0308211 0 0
29500000 2.8942 3.00228 0 0.0276933 0 0
29600000 2.89089 2.96989 0 0.0148165 0 0
29700000 2.91315 2.94613 0 0.00359987 0 0
29800000 2.89312 2.95044 0 -0.032205 0 0
29900000 2.89931 2.91301 0 -0.0472672 0 0
30000000 2.91889 2.92561 0 -0.00899333 0 0
30100000 2.9226 2.93649 0 -0.0618348 0 0
30200000 2.90093 2.94429 0 -0.0596017 0 0
30300000 2.93688 2.93159 0 -0.0940521 0 0
30400000 2.9237 2.9435 0 -0.0893177 0 0
30500000 2.92731 2.9203 0 -0.116602 0 0
30600000 2.93244 2.90108 0 -0.170263 0 0
30700000 2.88834 2.9433 0 -0.173766 0 0
30800000 2.89338 2.93215 0 -0.161221 0 0
30900000 2.88717 2.96022 0 -0.151851 0 0
31000000 2.9384 2.93687 0 -0.209335 0 0
31100000 2.91275 2.9774 0 -0.169067 0 0
31200000 2.9116 3.00417 0 -0.206361 0 0
31300000 2.84931 2.98305 0 -0.216415 0 0
31400000 2.89925 2.95238 0 -0.166209 0 0
31500000 2.92159 2.96113 0 -0.245174 0 0
31600000 2.88085 3.02602 0 -0.21582 0 0
31700000 2.91992 2.98093 0 -0.202272 0 0
31800000 2.91047 2.9699 0 -0.282788 0 0
31900000 2.90446 2.97265 0 -0.247939 0 0
32000000 2.92094 2.95711 0 -0.217508 0 0
32100000 2.89386 2.9679 0 -0.296032 0 0
32200000 2.89982 2.97262 0 -0.27629 0 0
32300000 2.91896 2.93003 0 -0.294656 0 0
32400000 2.94926 2.94675 0 -0.237574 0 0
32500000 2.92685 2.95755 0 -0.279894 0 0
32600000 2.93831 2.91228 0 -0.286277 0 0
32700000 2.91042 2.97571 0 -0.221868 0 0
32800000 2.89078 3.00687 0 -0.292804 0 0
32900000 2.94454 2.90891 0 -0.296087 0 0
33000000 2.89257 2.96149 0 -0.28811 0 0
33100000 2.94463 2.95194 0 -0.282285 0 0
33200000 2.89306 2.97075 0 -0.242652 0 0
33300000 2.92335 2.96765 0 -0.241486 0 0
33400000 2.92431 2.98243 0 -0.252506 0 0
33500000 2.92264 2.97812 0 -0.23983 0 0
33600000 2.91631 2.96046 0 -0.264261 0 0
33700000 2.90213 2.96435 0 -0.217603 0 0
33800000 2.96062 2.9458 0 -0.222458 0 0
33900000 2.92185 2.96955 0 -0.199273 0 0
34000000 2.84041 3.00566 0 -0.239352 0 0
34100000 2.90697 2.9664 0 -0.162669 0 0
34200000 2.91715 2.97638 0 -0.174174 0 0
34300000 2.93471 2.95524 0 -0.14527 0 0
34400000 2.84572 3.00149 0 -0.110546 0 0
34500000 2.85502 2.94649 0 -0.0843887 0 0
34600000 2.88573 2.98089 0 -0.0821557 0 0
34700000 2.83031 3.01126 0 -0.0642558 0 0
34800000 2.92075 2.93563 0 -0.0535945 0 0
34900000 2.87758 2.97296 0 -0.0710004 0 0
35000000 2.83395 2.99074 0 -0.00395775 0 0
35100000 2.91321 2.96705 0 0.0529988 0 0
35200000 2.8451 2.97356 0 -0.0272104 0 0
35300000 2.87563 2.92079 0 -0.00148729 0 0
35400000 2.83436 3.02843 0 0.0391044 0 0
35500000 2.85926 2.96822 0 0.035809 0 0
35600000 2.87304 2.96491 0 0.0878118 0 0
35700000 2.83406 3.01573 0 0.0188423 0 0
35800000 2.8647 2.94014 0 0.0784315 0 0
35900000 2.91517 2.94691 0 0.114105 0 0
36000000 2.84434 2.98905 0 0.151549 0 0
36100000 2.86347 2.99976 0 0.116552 0 0
36200000 2.88776 2.97346 0 0.157129 0 0
36300000 2.87104 2.97929 0 0.164258 0 0
36400000 2.83977 2.99252 0 0.14364 0 0
36500000 2.91635 2.93491 0 0.158593 0 0
36600000 2.89993 2.97615 0 0.176059 0 0
36700000 2.89257 2.99094 0 0.213146 0 0
36800000 2.85893 2.96332 0 0.203791 0 0
36900000 2.86107 2.97268 0 0.214024 0 0
37000000 2.87547 2.98768 0 0.226798 0 0
37100000 2.88746 2.98413 0 0.19119 0 0
37200000 2.90582 2.98157 0 0.198747 0 0
37300000 2.93344 2.95661 0 0.260997 0 0
37400000 2.88276 2.9471 0 0.241856 0 0
37500000 2.89497 2.93108 0 0.23839 0 0
37600000 2.84642 3.05292 0 0.211808 0 0
37700000 2.8763 2.98254 0 0.180703 0 0
37800000 2.89358 2.99287 0 0.192772 0 0
37900000 2.92192 2.94101 0 0.236878 0 0
38000000 2.87582 2.97632 0 0.235671 0 0
38100000 2.86514 2.98984 0 0.19708 0 0
38200000 2.85609 2.97073 0 0.198742 0 0
38300000 2.94461 2.94294 0 0.186305 0 0
38400000 2.88966 2.99678 0 0.1146 0 0
38500000 2.90704 2.93118 0 0.152303 0 0
38600000 2.8958 2.96224 0 0.151075 0 0
38700000 2.93915 2.92354 0 0.156217 0 0
38800000 2.88405 2.95218 0 0.124866 0 0
38900000 2.90828 2.91382 0 0.156978 0 0
39000000 2.84102 2.99308 0 0.0906158 0 0
39100000 2.88729 2.92315 0 0.0772706 0 0
39200000 2.90618 2.95252 0 0.105144 0 0
39300000 2.86059 2.95707 0 0.0901627 0 0
39400000 2.87778 2.96367 0 0.0346379 0 0
39500000 2.89878 2.96522 0 0.0794522 0 0
39600000 2.88545 2.97026 0 0.00542236 0 0
39700000 2.84514 2.95524 0 -0.00787581 0 0
39800000 2.90201 2.9545 0 0.010422 0 0
39900000 2.88101 2.95123 0 -0.012505 0 0
40000000 2.87852 2.9679 0 0.00800302 0 0
40100000 2.90297 2.89403 0 -0.0444027 0 0
40200000 2.88309 2.98004 0 -0.0939195 0 0
40300000 2.92014 2.93166 0 -0.0847415 0 0
40400000 2.90113 2.97686 0 -0.132267 0 0
40500000 2.93977 2.9334 0 -0.125172 0 0
40600000 2.92794 2.94661 0 -0.105589 0 0
40700000 2.8913 2.92265 0 -0.123022 0 0
40800000 2.91491 2.97787 0 -0.135439 0 0
40900000 2.90987 2.97154 0 -0.170755 0 0
41000000 2.9472 2.91948 0 -0.203632 0 0
41100000 2.90764 2.9707 0 -0.182687 0 0
41200000 2.93247 2.91925 0 -0.236115 0 0
41300000 2.8381 3.00932 0 -0.223242 0 0
41400000 2.89456 2.98895 0 -0.205038 0 0
41500000 2.92886 2.9776 0 -0.214738 0 0
41600000 2.92762 2.94705 0 -0.212631 0 0
41700000 2.92707 2.94566 0 -0.251215 0 0
41800000 2.94318 2.88518 0 -0.248207 0 0
41900000 2.92046 2.98266 0 -0.235726 0 0
42000000 2.942 2.93786 0 -0.259662 0 0
42100000 2.97639 2.95288 0 -0.292349 0 0
42200000 2.92726 2.9825 0 -0.257879 0 0
42300000 2.89314 2.97088 0 -0.26628 0 0
42400000 2.94596 2.90927 0 -0.301997 0 0
42500000 2.91952 2.94286 0 -0.262038 0 0
42600000 2.97682 2.90407 0 -0.284886 0 0
42700000 2.97626 2.91427 0 -0.23811 0 0
42800000 2.94587 2.94016 0 -0.276556 0 0
42900000 2.89536 2.94184 0 -0.312693 0 0
43000000 2.90445 2.96802 0 -0.221967 0 0
43100000 2.97112 2.92595 0 -0.283425 0 0
43200000 2.95511 2.93161 0 -0.254352 0 0
43300000 2.89433 3.01441 0 -0.253767 0 0
43400000 2.93855 2.94363 0 -0.222905 0 0
43500000 2.9233 2.93426 0 -0.193908 0 0
43600000 2.93407 2.95496 0 -0.267655 0 0
43700000 2.93278 2.92093 0 -0.194739 0 0
43800000 2.98278 2.90474 0 -0.214273 0 0
43900000 2.89014 2.93323 0 -0.15926 0 0
44000000 2.93807 2.89036 0 -0.164482 0 0
44100000 2.86636 2.96645 0 -0.166341 0 0
44200000 2.90482 2.96561 0 -0.136455 0 0
44300000 2.92523 2.93725 0 -0.126855 0 0
44400000 2.89672 2.93891 0 -0.108261 0 0
44500000 2.89124 3.02245 0 -0.0882108 0 0
44600000 2.9602 2.9105 0 -0.085284 0 0
44700000 2.88927 2.95319 0 -0.109524 0 0
44800000 2.86157 2.998 0 -0.0880043 0 0
44900000 2.93933 2.90869 0 -0.0927553 0 0
45000000 2.95306 2.92165 0 -0.04299 0 0
45100000 2.89982 2.94518 0 0.00405588 0 0
45200000 2.85376 2.98026 0 -0.0116489 0 0
45300000 2.89312 2.94179 0 -0.0138551 0 0
45400000 2.93122 2.91959 0 0.0344827 0 0
45500000 2.88666 2.95362 0 0.00865041 0 0
45600000 2.96056 2.93417 0 0.0526317 0 0
45700000 2.94639 2.88917 0 0.05943 0 0
45800000 2.87344 2.96764 0 0.0517547 0 0
45900000 2.93457 2.94074 0 0.077973 0 0
46000000 2.8952 2.93313 0 0.128409 0 0
46100000 2.9118 2.97167 0 0.124351 0 0
46200000 2.89674 2.99341 0 0.119705 0 0
46300000 2.88991 2.93833 0 0.17417 0 0
46400000 2.82786 3.00185 0 0.163835 0 0
46500000 2.89415 2.95028 0 0.132061 0 0
46600000 2.89779 2.96692 0 0.193938 0 0
46700000 2.91592 2.91046 0 0.164418 0 0
46800000 2.88577 2.96454 0 0.171328 0 0
46900000 2.87908 2.9659 0 0.201111 0 0
47000000 2.85886 2.99143 0 0.244906 0 0
47100000 2.8883 2.9795 0 0.253413 0 0
47200000 2.84788 3.01861 0 0.232251 0 0
47300000 2.9093 2.94223 0 0.28205 0 0
47400000 2.9342 2.92944 0 0.23235 0 0
47500000 2.87698 3.00136 0 0.20118 0 0
47600000 2.9291 2.94422 0 0.246117 0 0
47700000 2.96708 2.93847 0 0.250422 0 0
47800000 2.87233 2.98417 0 0.177902 0 0
47900000 2.9043 2.95598 0 0.214595 0 0
48000000 2.92651 2.96434 0 0.1611 0 0
48100000 2.88315 3.00192 0 0.193801 0 0
48200000 2.91904 2.93855 0 0.195381 0 0
48300000 2.88169 3.00799 0 0.188881 0 0
48400000 2.90523 2.94368 0 0.153931 0 0
48500000 2.8851 2.99353 0 0.145259 0 0
48600000 2.8779 2.94875 0 0.144812 0 0
48700000 2.89759 2.94291 0 0.175691 0 0
48800000 2.86364 2.99084 0 0.136065 0 0
48900000 2.88926 2.9524 0 0.110662 0 0
49000000 2.93504 2.96001 0 0.109978 0 0
49100000 2.87196 2.9735 0 0.0827447 0 0
49200000 2.90792 2.94825 0 0.0918622 0 0
49300000 2.89348 2.99422 0 0.050011 0 0
49400000 2.92027 2.94086 0 0.0179751 0 0
49500000 2.89424 2.92938 0 0.0890525 0 0
49600000 2.9192 2.92089 0 0.0339044 0 0
49700000 2.85621 2.96809 0 0.00129285 0 0
49800000 2.88498 2.95029 0 -0.0281589 0 0
49900000 2.88136 2.96126 0 -0.00163769 0 0
50000000 2.88801 2.97135 0 -0.0669382 0 0
