# Time-averaged data for fix ps1
# TimeStep c_thermo_press[1] c_thermo_press[2] c_thermo_press[3] c_thermo_press[4] c_thermo_press[5] c_thermo_press[6]
0 3.22714 3.33824 0 -0.00809782 0 0
100000 3.38019 3.50512 0 -0.0827951 0 0
200000 3.43648 3.50805 0 -0.0908213 0 0
300000 3.42689 3.43275 0 -0.151149 0 0
400000 3.43034 3.49475 0 -0.08631 0 0
500000 3.54047 3.4418 0 -0.0616615 0 0
600000 3.4656 3.47409 0 -0.134041 0 0
700000 3.44039 3.52587 0 -0.155806 0 0
800000 3.46094 3.42956 0 -0.163276 0 0
900000 3.37539 3.51646 0 -0.146665 0 0
1000000 3.45372 3.52297 0 -0.148808 0 0
1100000 3.46152 3.51938 0 -0.185869 0 0
1200000 3.48889 3.49479 0 -0.171681 0 0
1300000 3.50193 3.46597 0 -0.138819 0 0
1400000 3.44643 3.48955 0 -0.238847 0 0
1500000 3.49 3.48996 0 -0.198814 0 0
1600000 3.42632 3.53868 0 -0.198159 0 0
1700000 3.41856 3.57555 0 -0.260601 0 0
1800000 3.48722 3.58058 0 -0.204716 0 0
1900000 3.4629 3.50462 0 -0.276945 0 0
2000000 3.4638 3.56887 0 -0.269721 0 0
2100000 3.41956 3.54056 0 -0.273148 0 0
2200000 3.48511 3.48171 0 -0.231799 0 0
2300000 3.49881 3.46604 0 -0.242166 0 0
2400000 3.44542 3.49918 0 -0.272885 0 0
2500000 3.46212 3.50274 0 -0.312224 0 0
2600000 3.52225 3.49315 0 -0.291048 0 0
2700000 3.48923 3.45721 0 -0.280449 0 0
2800000 3.52632 3.41382 0 -0.21829 0 0
2900000 3.50058 3.53559 0 -0.214595 0 0
3000000 3.45713 3.49527 0 -0.249251 0 0
3100000 3.48381 3.52969 0 -0.241547 0 0
3200000 3.45801 3.46906 0 -0.220837 0 0
3300000 3.43374 3.55394 0 -0.171514 0 0
3400000 3.45098 3.53116 0 -0.179928 0 0
3500000 3.48523 3.45947 0 -0.186926 0 0
3600000 3.44723 3.51077 0 -0.207162 0 0
3700000 3.41984 3.54581 0 -0.150262 0 0
3800000 3.53776 3.45046 0 -0.176154 0 0
3900000 3.495 3.53753 0 -0.148872 0 0
4000000 3.48442 3.50687 0 -0.170126 0 0
4100000 3.46323 3.50439 0 -0.115516 0 0
4200000 3.45592 3.47156 0 -0.135043 0 0
4300000 3.45637 3.52069 0 -0.123536 0 0
4400000 3.44359 3.53242 0 -0.132282 0 0
4500000 3.4715 3.51594 0 -0.115353 0 0
4600000 3.44315 3.5281 0 -0.0954623 0 0
4700000 3.46526 3.49702 0 -0.0351003 0 0
4800000 3.47899 3.43905 0 -0.0474914 0 0
4900000 3.49422 3.44958 0 -0.0164685 0 0
5000000 3.32793 3.5473 0 -0.0950757 0 0
5100000 3.41492 3.4769 0 -0.0379706 0 0
5200000 3.42623 3.58457 0 0.0248993 0 0
5300000 3.40512 3.54252 0 0.060165 0 0
5400000 3.51677 3.46874 0 0.0597567 0 0
5500000 3.44402 3.54623 0 0.041534 0 0
5600000 3.46855 3.45558 0 0.050825 0 0
5700000 3.51823 3.47603 0 0.0359052 0 0
5800000 3.3915 3.5132 0 0.0220774 0 0
5900000 3.4483 3.55666 0 0.0381077 0 0
6000000 3.50734 3.48146 0 0.0940662 0 0
6100000 3.45458 3.46548 0 0.132698 0 0
6200000 3.43217 3.48684 0 0.115294 0 0
6300000 3.41845 3.55213 0 0.143015 0 0
6400000 3.46629 3.44632 0 0.18709 0 0
6500000 3.50761 3.48606 0 0.199263 0 0
6600000 3.46734 3.54021 0 0.135554 0 0
6700000 3.36176 3.52071 0 0.164128 0 0
6800000 3.45029 3.46251 0 0.152558 0 0
6900000 3.46198 3.54526 0 0.201003 0 0
7000000 3.49437 3.45808 0 0.150419 0 0
7100000 3.4639 3.55802 0 0.241573 0 0
7200000 3.45548 3.51713 0 0.21499 0 0
7300000 3.48706 3.5008 0 0.217477 0 0
7400000 3.44158 3.5403 0 0.184162 0 0
7500000 3.49772 3.442 0 0.214078 0 0
7600000 3.44114 3.50363 0 0.180614 0 0
7700000 3.4796 3.46698 0 0.210696 0 0
7800000 3.37306 3.59857 0 0.200701 0 0
7900000 3.41451 3.55514 0 0.177994 0 0
8000000 3.49533 3.49886 0 0.174646 0 0
8100000 3.51464 3.45053 0 0.163961 0 0
8200000 3.4347 3.5223 0 0.206573 0 0
8300000 3.42649 3.48921 0 0.155955 0 0
8400000 3.43427 3.5408 0 0.100732 0 0
8500000 3.45837 3.53464 0 0.138771 0 0
8600000 3.40985 3.48945 0 0.150276 0 0
8700000 3.46001 3.52102 0 0.212851 0 0
8800000 3.43691 3.53247 0 0.141732 0 0
8900000 3.48273 3.50001 0 0.0857306 0 0
9000000 3.44939 3.50582 0 0.0818829 0 0
9100000 3.38953 3.56467 0 0.0727002 0 0
9200000 3.44994 3.51566 0 0.0610139 0 0
9300000 3.46241 3.47281 0 0.0411827 0 0
9400000 3.4316 3.55068 0 0.0243537 0 0
9500000 3.44059 3.49549 0 0.0181417 0 0
9600000 3.51453 3.4767 0 0.0518946 0 0
9700000 3.42981 3.46088 0 0.0180993 0 0
9800000 3.46494 3.52797 0 -0.0326926 0 0
9900000 3.46789 3.48865 0 -0.0234055 0 0
10000000 3.48339 3.47151 0 -0.0739591 0 0
10100000 3.42056 3.51021 0 -0.099952 0 0
10200000 3.43298 3.5517 0 -0.0908426 0 0
10300000 3.49938 3.4566 0 -0.0679441 0 0
10400000 3.45673 3.51513 0 -0.125529 0 0
10500000 3.43423 3.52651 0 -0.194891 0 0
10600000 3.45805 3.49058 0 -0.0929902 0 0
10700000 3.47097 3.39767 0 -0.124362 0 0
10800000 3.42624 3.47869 0 -0.17611 0 0
10900000 3.46709 3.54611 0 -0.17788 0 0
11000000 3.4145 3.53536 0 -0.202246 0 0
11100000 3.39598 3.5139 0 -0.191245 0 0
11200000 3.37581 3.51974 0 -0.206382 0 0
11300000 3.46977 3.53308 0 -0.160968 0 0
11400000 3.46504 3.48702 0 -0.204327 0 0
11500000 3.44572 3.50008 0 -0.211348 0 0
11600000 3.41559 3.57006 0 -0.172014 0 0
11700000 3.48247 3.56266 0 -0.285672 0 0
11800000 3.48581 3.49615 0 -0.162185 0 0
11900000 3.45831 3.57095 0 -0.231145 0 0
12000000 3.5141 3.44168 0 -0.22531 0 0
12100000 3.43016 3.54068 0 -0.280737 0 0
12200000 3.46106 3.48872 0 -0.245634 0 0
12300000 3.48038 3.52284 0 -0.238264 0 0
12400000 3.52968 3.52821 0 -0.272466 0 0
12500000 3.44472 3.55995 0 -0.272654 0 0
12600000 3.47859 3.53271 0 -0.261237 0 0
12700000 3.44241 3.47076 0 -0.252909 0 0
12800000 3.51275 3.51469 0 -0.290318 0 0
12900000 3.42875 3.51267 0 -0.23447 0 0
13000000 3.49302 3.48843 0 -0.260573 0 0
13100000 3.51879 3.51099 0 -0.251879 0 0
13200000 3.47528 3.49586 0 -0.221544 0 0
13300000 3.47846 3.46182 0 -0.216882 0 0
13400000 3.46234 3.57991 0 -0.238125 0 0
13500000 3.5015 3.52189 0 -0.252846 0 0
13600000 3.47384 3.47167 0 -0.196934 0 0
13700000 3.43925 3.55676 0 -0.217151 0 0
13800000 3.44511 3.52513 0 -0.190394 0 0
13900000 3.4654 3.51595 0 -0.206079 0 0
14000000 3.48922 3.49062 0 -0.143148 0 0
14100000 3.44502 3.51225 0 -0.111354 0 0
14200000 3.42276 3.55362 0 -0.124867 0 0
14300000 3.46249 3.4929 0 -0.0934692 0 0
14400000 3.49642 3.48743 0 -0.163867 0 0
14500000 3.46218 3.4672 0 -0.0717918 0 0
14600000 3.42912 3.52491 0 -0.0861571 0 0
14700000 3.40137 3.59971 0 -0.0766439 0 0
14800000 3.51293 3.51283 0 -0.0370723 0 0
14900000 3.39232 3.54327 0 -0.0403958 0 0
15000000 3.43844 3.45537 0 -0.0307155 0 0
15100000 3.43134 3.52346 0 -0.0367847 0 0
15200000 3.41507 3.53465 0 0.0461186 0 0
15300000 3.44527 3.49398 0 -0.0197184 0 0
15400000 3.41594 3.53 0 -0.0180694 0 0
15500000 3.42628 3.55355 0 0.0141767 0 0
15600000 3.46377 3.52729 0 0.0429756 0 0
15700000 3.47694 3.49127 0 0.0705135 0 0
15800000 3.41496 3.47503 0 0.0845404 0 0
15900000 3.44321 3.49872 0 0.0815897 0 0
16000000 3.33908 3.61575 0 0.0899098 0 0
16100000 3.47171 3.52164 0 0.102587 0 0
16200000 3.43916 3.51834 0 0.128372 0 0
16300000 3.38355 3.49596 0 0.112247 0 0
16400000 3.469 3.52714 0 0.118549 0 0
16500000 3.43006 3.48031 0 0.152485 0 0
16600000 3.40553 3.50301 0 0.181127 0 0
16700000 3.43051 3.48331 0 0.135153 0 0
16800000 3.45933 3.49623 0 0.130964 0 0
16900000 3.42945 3.51934 0 0.18795 0 0
17000000 3.4679 3.48269 0 0.169693 0 0
17100000 3.44353 3.473 0 0.153761 0 0
17200000 3.44212 3.54998 0 0.185808 0 0
17300000 3.50635 3.51504 0 0.176025 0 0
17400000 3.49456 3.48133 0 0.15286 0 0
17500000 3.40456 3.54624 0 0.223803 0 0
17600000 3.44857 3.51156 0 0.21587 0 0
17700000 3.4766 3.49246 0 0.155947 0 0
17800000 3.43183 3.48836 0 0.200139 0 0
17900000 3.45217 3.46691 0 0.14383 0 0
18000000 3.45976 3.5028 0 0.178059 0 0
18100000 3.45952 3.47156 0 0.152769 0 0
18200000 3.45013 3.5721 0 0.155044 0 0
18300000 3.5032 3.4704 0 0.171212 0 0
18400000 3.42836 3.49873 0 0.154742 0 0
18500000 3.46404 3.52763 0 0.143633 0 0
18600000 3.49069 3.45109 0 0.128297 0 0
18700000 3.42355 3.46136 0 0.151085 0 0
18800000 3.45193 3.55128 0 0.103652 0 0
18900000 3.47551 3.53292 0 0.064776 0 0
19000000 3.44826 3.49747 0 0.0934082 0 0
19100000 3.43786 3.52559 0 0.114626 0 0
19200000 3.52476 3.43355 0 0.114591 0 0
19300000 3.39961 3.56 0 0.0860668 0 0
19400000 3.47156 3.53488 0 0.0557994 0 0
19500000 3.39692 3.51017 0 0.065498 0 0
19600000 3.40614 3.49995 0 0.00218795 0 0
19700000 3.37732 3.52864 0 0.00176741 0 0
19800000 3.39361 3.4916 0 -0.0185882 0 0
19900000 3.40415 3.55808 0 -0.015886 0 0
20000000 3.46816 3.45564 0 -0.00635262 0 0
20100000 3.40084 3.53639 0 -0.0270331 0 0
20200000 3.40978 3.53135 0 -0.106045 0 0
20300000 3.51061 3.50336 0 -0.106803 0 0
20400000 3.47741 3.5071 0 -0.152085 0 0
20500000 3.47351 3.4989 0 -0.107608 0 0
20600000 3.45632 3.45958 0 -0.117286 0 0
20700000 3.45253 3.50904 0 -0.0697755 0 0
20800000 3.43899 3.51207 0 -0.210114 0 0
20900000 3.43495 3.52994 0 -0.171246 0 0
21000000 3.46146 3.52201 0 -0.151154 0 0
21100000 3.46571 3.52136 0 -0.170235 0 0
21200000 3.44013 3.56252 0 -0.160536 0 0
21300000 3.42143 3.51398 0 -0.22235 0 0
21400000 3.48929 3.4985 0 -0.172289 0 0
21500000 3.47037 3.4722 0 -0.261884 0 0
21600000 3.43107 3.53626 0 -0.196952 0 0
21700000 3.516 3.49507 0 -0.296307 0 0
21800000 3.48183 3.50946 0 -0.236072 0 0
21900000 3.4761 3.43439 0 -0.201318 0 0
22000000 3.46399 3.60189 0 -0.222533 0 0
22100000 3.46987 3.45257 0 -0.289515 0 0
22200000 3.55177 3.49167 0 -0.258033 0 0
22300000 3.53324 3.43588 0 -0.270077 0 0
22400000 3.49596 3.5237 0 -0.308191 0 0
22500000 3.41873 3.57135 0 -0.306929 0 0
22600000 3.45742 3.48429 0 -0.235983 0 0
22700000 3.36887 3.49294 0 -0.241993 0 0
22800000 3.51514 3.48975 0 -0.273131 0 0
22900000 3.41476 3.51011 0 -0.222625 0 0
23000000 3.43348 3.54359 0 -0.254554 0 0
23100000 3.44354 3.52609 0 -0.250866 0 0
23200000 3.52113 3.44512 0 -0.26968 0 0
23300000 3.48072 3.49591 0 -0.20739 0 0
23400000 3.51328 3.45838 0 -0.247109 0 0
23500000 3.48317 3.4627 0 -0.235284 0 0
23600000 3.45866 3.46101 0 -0.248793 0 0
23700000 3.44956 3.53376 0 -0.188014 0 0
23800000 3.44854 3.47805 0 -0.212382 0 0
23900000 3.53428 3.43158 0 -0.161853 0 0
24000000 3.4554 3.48304 0 -0.129707 0 0
24100000 3.4529 3.55122 0 -0.067151 0 0
24200000 3.42901 3.46217 0 -0.139868 0 0
24300000 3.4576 3.54748 0 -0.141171 0 0
24400000 3.41277 3.48119 0 -0.146513 0 0
24500000 3.40081 3.52708 0 -0.0942925 0 0
24600000 3.47015 3.4968 0 -0.0866743 0 0
24700000 3.46307 3.48204 0 -0.0828558 0 0
24800000 3.4592 3.53111 0 -0.0420146 0 0
24900000 3.4672 3.48835 0 -0.0435339 0 0
25000000 3.46835 3.42371 0 0.000941132 0 0
25100000 3.42425 3.49364 0 -0.053436 0 0
25200000 3.47419 3.49437 0 0.0325023 0 0
25300000 3.44801 3.4669 0 -0.0352971 0 0
25400000 3.50921 3.49178 0 0.031187 0 0
25500000 3.44395 3.48664 0 0.0285086 0 0
25600000 3.46503 3.45872 0 0.0701053 0 0
25700000 3.48497 3.43603 0 0.0493966 0 0
25800000 3.51301 3.48121 0 0.0941707 0 0
25900000 3.42398 3.51338 0 0.0418807 0 0
26000000 3.48867 3.47556 0 0.0875264 0 0
26100000 3.49058 3.51191 0 0.150243 0 0
26200000 3.37718 3.52719 0 0.102166 0 0
26300000 3.45886 3.50261 0 0.156587 0 0
26400000 3.4695 3.48988 0 0.215836 0 0
26500000 3.45606 3.50637 0 0.171327 0 0
26600000 3.47204 3.491 0 0.126482 0 0
26700000 3.4371 3.49457 0 0.189058 0 0
26800000 3.47535 3.522 0 0.111563 0 0
26900000 3.42998 3.50677 0 0.195497 0 0
27000000 3.40136 3.55499 0 0.223853 0 0
27100000 3.4031 3.46157 0 0.213569 0 0
27200000 3.45522 3.48419 0 0.205762 0 0
27300000 3.44726 3.45975 0 0.187944 0 0
27400000 3.45866 3.47363 0 0.195175 0 0
27500000 3.43127 3.50017 0 0.165781 0 0
27600000 3.47951 3.53787 0 0.161951 0 0
27700000 3.45371 3.46579 0 0.188932 0 0
27800000 3.48717 3.4592 0 0.223536 0 0
27900000 3.51698 3.50498 0 0.178886 0 0
28000000 3.54442 3.41818 0 0.187163 0 0
28100000 3.42424 3.46925 0 0.186016 0 0
28200000 3.51354 3.44758 0 0.143233 0 0
28300000 3.52658 3.44583 0 0.151592 0 0
28400000 3.3962 3.54591 0 0.0873032 0 0
28500000 3.40211 3.51401 0 0.137719 0 0
28600000 3.4618 3.50121 0 0.138244 0 0
28700000 3.43344 3.51619 0 0.141698 0 0
28800000 3.4325 3.52095 0 0.12193 0 0
28900000 3.42303 3.46378 0 0.130286 0 0
29000000 3.40512 3.49242 0 0.0843055 0 0
29100000 3.38491 3.5395 0 0.0723855 0 0
29200000 3.43499 3.47433 0 0.0612896 0 0
29300000 3.42596 3.48944 0 0.0762895 0 0
29400000 3.5346 3.45429 0 0.015505 0 0
29500000 3.49126 3.55008 0 0.05213 0 0
29600000 3.44807 3.48308 0 -0.037325 0 0
29700000 3.42915 3.47571 0 -0.0280604 0 0
29800000 3.41768 3.47955 0 -0.0262762 0 0
29900000 3.44257 3.50436 0 0.0148295 0 0
30000000 3.43132 3.52962 0 -0.0587643 0 0
30100000 3.40024 3.53536 0 -0.0892069 0 0
30200000 3.45838 3.46186 0 -0.0440067 0 0
30300000 3.45994 3.4628 0 -0.0829075 0 0
30400000 3.41313 3.53594 0 -0.107753 0 0
30500000 3.50819 3.50477 0 -0.110948 0 0
30600000 3.44767 3.47444 0 -0.141373 0 0
30700000 3.49097 3.49613 0 -0.159084 0 0
30800000 3.41464 3.54006 0 -0.160281 0 0
30900000 3.43778 3.5006 0 -0.197996 0 0
31000000 3.47943 3.45195 0 -0.199414 0 0
31100000 3.48423 3.49287 0 -0.215951 0 0
31200000 3.46112 3.49204 0 -0.215811 0 0
31300000 3.44828 3.49829 0 -0.16699 0 0
31400000 3.54105 3.49489 0 -0.198934 0 0
31500000 3.47927 3.47678 0 -0.236502 0 0
31600000 3.49064 3.48849 0 -0.140586 0 0
31700000 3.46731 3.48219 0 -0.231502 0 0
31800000 3.50092 3.49007 0 -0.241223 0 0
31900000 3.46783 3.51486 0 -0.290549 0 0
32000000 3.47615 3.45497 0 -0.214238 0 0
32100000 3.49679 3.42559 0 -0.203777 0 0
32200000 3.55252 3.42385 0 -0.301537 0 0
32300000 3.47995 3.5067 0 -0.268314 0 0
32400000 3.46631 3.52136 0 -0.264087 0 0
32500000 3.49481 3.51657 0 -0.214522 0 0
32600000 3.51519 3.50073 0 -0.30436 0 0
32700000 3.50318 3.48594 0 -0.253078 0 0
32800000 3.48615 3.51085 0 -0.243201 0 0
32900000 3.4878 3.43252 0 -0.234519 0 0
33000000 3.52026 3.51218 0 -0.226278 0 0
33100000 3.41594 3.50392 0 -0.295473 0 0
33200000 3.50619 3.4685 0 -0.253088 0 0
33300000 3.49486 3.4854 0 -0.201871 0 0
33400000 3.56689 3.44637 0 -0.204934 0 0
33500000 3.50304 3.4893 0 -0.196549 0 0
33600000 3.43006 3.4648 0 -0.236938 0 0
33700000 3.42893 3.50775 0 -0.201236 0 0
33800000 3.44058 3.47579 0 -0.209378 0 0
33900000 3.51958 3.43776 0 -0.177006 0 0
34000000 3.41176 3.46448 0 -0.165037 0 0
34100000 3.40122 3.54894 0 -0.171508 0 0
34200000 3.44399 3.47518 0 -0.151252 0 0
34300000 3.52131 3.43759 0 -0.124055 0 0
34400000 3.49564 3.44615 0 -0.135652 0 0
34500000 3.4425 3.49856 0 -0.0721295 0 0
34600000 3.49872 3.48495 0 -0.0830867 0 0
34700000 3.43677 3.52088 0 -0.050932 0 0
34800000 3.53063 3.44494 0 0.00674426 0 0
34900000 3.49465 3.45018 0 -0.0375945 0 0
35000000 3.471 3.49491 0 -0.0379493 0 0
35100000 3.39312 3.52644 0 0.0022915 0 0
35200000 3.42713 3.52255 0 0.00270551 0 0
35300000 3.43287 3.46376 0 -0.0281971 0 0
35400000 3.51238 3.45849 0 -0.000149487 0 0
35500000 3.395 3.45447 0 0.0344974 0 0
35600000 3.45007 3.46193 0 0.0617525 0 0
35700000 3.45628 3.46337 0 0.0366917 0 0
35800000 3.39702 3.57174 0 0.0495412 0 0
35900000 3.4941 3.51375 0 0.135805 0 0
36000000 3.4001 3.48223 0 0.0229117 0 0
36100000 3.43846 3.48309 0 0.115479 0 0
36200000 3.36166 3.49512 0 0.07083 0 0
36300000 3.40076 3.57721 0 0.134015 0 0
36400000 3.39464 3.51369 0 0.227613 0 0
36500000 3.47517 3.48659 0 0.125952 0 0
36600000 3.41376 3.48498 0 0.180798 0 0
36700000 3.34632 3.61621 0 0.169221 0 0
36800000 3.48652 3.43777 0 0.201115 0 0
36900000 3.40765 3.56792 0 0.167399 0 0
37000000 3.42951 3.57861 0 0.190145 0 0
37100000 3.46905 3.54281 0 0.208112 0 0
37200000 3.43604 3.57501 0 0.214266 0 0
37300000 3.48227 3.51412 0 0.244224 0 0
37400000 3.48037 3.47421 0 0.221291 0 0
37500000 3.49477 3.46163 0 0.179644 0 0
37600000 3.45375 3.49598 0 0.192825 0 0
37700000 3.42577 3.62258 0 0.144826 0 0
37800000 3.48154 3.53226 0 0.16178 0 0
37900000 3.46264 3.54147 0 0.204075 0 0
38000000 3.43246 3.47271 0 0.182199 0 0
38100000 3.46665 3.49392 0 0.188974 0 0
38200000 3.42137 3.52228 0 0.201672 0 0
38300000 3.45159 3.52419 0 0.203965 0 0
38400000 3.39665 3.493 0 0.191312 0 0
38500000 3.42363 3.53835 0 0.132939 0 0
38600000 3.40752 3.52288 0 0.137686 0 0
38700000 3.43942 3.49276 0 0.0930244 0 0
38800000 3.44238 3.56394 0 0.101913 0 0
38900000 3.49145 3.49853 0 0.0933421 0 0
39000000 3.49099 3.47956 0 0.0863327 0 0
39100000 3.41104 3.51769 0 0.116656 0 0
39200000 3.39974 3.50593 0 0.0944202 0 0
39300000 3.51898 3.48977 0 0.0404092 0 0
39400000 3.45961 3.48454 0 -0.000890369 0 0
39500000 3.5078 3.43438 0 0.0414845 0 0
39600000 3.47576 3.5115 0 0.0110538 0 0
39700000 3.43511 3.49979 0 0.00311412 0 0
39800000 3.47074 3.49929 0 -0.0418532 0 0
39900000 3.41101 3.48709 0 -0.0544888 0 0
40000000 3.4857 3.44987 0 -0.0366395 0 0
40100000 3.43219 3.51878 0 -0.0709608 0 0
40200000 3.43752 3.49201 0 -0.0749172 0 0
40300000 3.50637 3.44752 0 -0.047157 0 0
40400000 3.38945 3.51624 0 -0.0554591 0 0
40500000 3.49823 3.47691 0 -0.091967 0 0
40600000 3.45281 3.54834 0 -0.118027 0 0
40700000 3.49371 3.5 0 -0.104788 0 0
40800000 3.47577 3.49447 0 -0.120705 0 0
40900000 3.46203 3.47203 0 -0.139073 0 0
41000000 3.42427 3.48595 0 -0.179312 0 0
41100000 3.4806 3.43581 0 -0.219457 0 0
41200000 3.44007 3.42414 0 -0.134274 0 0
41300000 3.50478 3.45333 0 -0.194427 0 0
41400000 3.46728 3.50595 0 -0.238165 0 0
41500000 3.51624 3.47818 0 -0.19979 0 0
41600000 3.48346 3.53332 0 -0.228697 0 0
41700000 3.42828 3.49992 0 -0.206435 0 0
41800000 3.4472 3.56263 0 -0.283462 0 0
41900000 3.47054 3.52033 0 -0.297153 0 0
42000000 3.499 3.49244 0 -0.272278 0 0
42100000 3.46908 3.4744 0 -0.298331 0 0
42200000 3.38065 3.53733 0 -0.234978 0 0
42300000 3.40334 3.5331 0 -0.313469 0 0
42400000 3.51891 3.41804 0 -0.222259 0 0
42500000 3.43085 3.51727 0 -0.230478 0 0
42600000 3.44037 3.56187 0 -0.267969 0 0
42700000 3.51028 3.47745 0 -0.24844 0 0
42800000 3.44217 3.51908 0 -0.250503 0 0
42900000 3.45209 3.45557 0 -0.245841 0 0
43000000 3.37434 3.56919 0 -0.239971 0 0
43100000 3.46829 3.47843 0 -0.281607 0 0
43200000 3.41681 3.55439 0 -0.291969 0 0
43300000 3.4995 3.51321 0 -0.223776 0 0
43400000 3.48761 3.47284 0 -0.240065 0 0
43500000 3.45717 3.441 0 -0.237754 0 0
43600000 3.50756 3.45858 0 -0.218126 0 0
43700000 3.46895 3.49643 0 -0.200896 0 0
43800000 3.46866 3.54092 0 -0.229422 0 0
43900000 3.44682 3.4648 0 -0.22832 0 0
44000000 3.43278 3.53589 0 -0.189443 0 0
44100000 3.36715 3.57249 0 -0.149097 0 0
44200000 3.46734 3.46172 0 -0.183529 0 0
44300000 3.4287 3.52583 0 -0.156922 0 0
44400000 3.45955 3.49115 0 -0.139801 0 0
44500000 3.4045 3.48231 0 -0.0907061 0 0
44600000 3.41629 3.53156 0 -0.0957964 0 0
44700000 3.43548 3.4511 0 -0.0830891 0 0
44800000 3.46791 3.43804 0 -0.0851362 0 0
44900000 3.40599 3.49867 0 -0.0725419 0 0
45000000 3.46608 3.49439 0 -0.0150559 0 0
45100000 3.4267 3.4476 0 0.0256842 0 0
45200000 3.42621 3.56255 0 0.0155257 0 0
45300000 3.4512 3.47161 0 0.0704995 0 0
45400000 3.50816 3.43199 0 0.0223563 0 0
45500000 3.40554 3.49295 0 0.0139651 0 0
45600000 3.46026 3.52913 0 0.0484907 0 0
45700000 3.40302 3.51488 0 0.0827594 0 0
45800000 3.45902 3.46989 0 0.0240843 0 0
45900000 3.49015 3.47683 0 0.109204 0 0
46000000 3.37874 3.54333 0 0.1065 0 0
46100000 3.36461 3.59215 0 0.11782 0 0
46200000 3.44226 3.50832 0 0.104379 0 0
46300000 3.44879 3.55735 0 0.156851 0 0
46400000 3.43722 3.54899 0 0.172257 0 0
46500000 3.43571 3.45798 0 0.110962 0 0
46600000 3.48799 3.50003 0 0.162472 0 0
46700000 3.42418 3.54192 0 0.177652 0 0
46800000 3.41949 3.53436 0 0.184536 0 0
46900000 3.42149 3.53037 0 0.184867 0 0
47000000 3.38471 3.57273 0 0.112863 0 0
47100000 3.48136 3.46542 0 0.238818 0 0
47200000 3.43771 3.53807 0 0.200046 0 0
47300000 3.4398 3.48661 0 0.174174 0 0
47400000 3.50678 3.46578 0 0.167917 0 0
47500000 3.44055 3.58256 0 0.187463 0 0
47600000 3.46246 3.56128 0 0.22616 0 0
47700000 3.46684 3.50049 0 0.230558 0 0
47800000 3.38971 3.56708 0 0.191311 0 0
47900000 3.48972 3.50651 0 0.233199 0 0
48000000 3.43119 3.51973 0 0.197056 0 0
48100000 3.44494 3.51425 0 0.150122 0 0
48200000 3.46899 3.48561 0 0.167528 0 0
48300000 3.44066 3.51919 0 0.154528 0 0
48400000 3.48829 3.52563 0 0.174834 0 0
48500000 3.39808 3.56555 0 0.195759 0 0
48600000 3.43734 3.48885 0 0.139247 0 0
48700000 3.413 3.53579 0 0.158704 0 0
48800000 3.44613 3.50089 0 0.148026 0 0
48900000 3.4224 3.45722 0 0.127694 0 0
49000000 3.46061 3.52791 0 0.0893719 0 0
49100000 3.44159 3.5053 0 0.0784754 0 0
49200000 3.4336 3.52606 0 0.140851 0 0
49300000 3.42325 3.48202 0 0.0625459 0 0
49400000 3.46805 3.5103 0 0.0178011 0 0
49500000 3.42188 3.51139 0 0.0467771 0 0
49600000 3.4977 3.4833 0 -0.0100042 0 0
49700000 3.43004 3.53124 0 -0.0219022 0 0
49800000 3.3866 3.53594 0 -0.0669533 0 0
49900000 3.46017 3.47963 0 -0.0371963 0 0
50000000 3.39081 3.51779 0 -0.0396585 0 0
