# Time-averaged data for fix ps1
# TimeStep c_thermo_press[1] c_thermo_press[2] c_thermo_press[3] c_thermo_press[4] c_thermo_press[5] c_thermo_press[6]
0 3.7055 3.78508 0 -0.0581359 0 0
100000 3.98725 4.04934 0 -0.0350251 0 0
200000 4.02024 3.99764 0 -0.0947865 0 0
300000 3.98404 4.05377 0 -0.0739963 0 0
400000 4.02146 3.96801 0 -0.0799129 0 0
500000 4.05697 4.03691 0 -0.118902 0 0
600000 3.98115 4.07573 0 -0.0625849 0 0
700000 4.0072 4.00096 0 -0.170442 0 0
800000 4.04342 4.05578 0 -0.170858 0 0
900000 4.0141 4.08274 0 -0.170735 0 0
1000000 4.00351 4.02154 0 -0.121663 0 0
1100000 3.99609 4.00576 0 -0.193054 0 0
1200000 4.00775 4.0494 0 -0.126549 0 0
1300000 4.06035 4.05038 0 -0.224674 0 0
1400000 4.01061 4.05128 0 -0.237556 0 0
1500000 4.00564 3.98684 0 -0.220646 0 0
1600000 4.06196 4.00155 0 -0.294414 0 0
1700000 4.03754 4.05583 0 -0.236815 0 0
1800000 3.93011 4.08201 0 -0.25937 0 0
1900000 3.99977 4.10545 0 -0.222259 0 0
2000000 4.00145 4.0081 0 -0.21228 0 0
2100000 4.06925 3.98983 0 -0.297605 0 0
2200000 3.97536 4.08245 0 -0.246341 0 0
2300000 3.9926 4.05217 0 -0.252004 0 0
2400000 3.98401 4.03429 0 -0.218625 0 0
2500000 4.02565 4.06316 0 -0.248077 0 0
2600000 4.01116 4.0184 0 -0.267505 0 0
2700000 3.98926 3.94434 0 -0.275601 0 0
2800000 4.03133 4.06194 0 -0.325108 0 0
2900000 3.98954 4.03889 0 -0.249914 0 0
3000000 3.99645 4.05266 0 -0.2027 0 0
3100000 3.95994 4.05691 0 -0.251559 0 0
3200000 4.03404 3.98762 0 -0.168315 0 0
3300000 4.02372 4.01207 0 -0.240003 0 0
3400000 4.0275 3.98728 0 -0.185002 0 0
3500000 3.99421 3.92435 0 -0.220037 0 0
3600000 4.00233 3.9952 0 -0.195043 0 0
3700000 4.02265 4.0648 0 -0.226147 0 0
3800000 4.0312 4.02785 0 -0.161208 0 0
3900000 4.00987 3.98152 0 -0.187934 0 0
4000000 3.94779 4.17203 0 -0.194704 0 0
4100000 3.94527 4.10057 0 -0.194496 0 0
4200000 4.0839 3.96792 0 -0.0829373 0 0
4300000 3.95744 3.95548 0 -0.108093 0 0
4400000 4.05434 4.02294 0 -0.0887942 0 0
4500000 3.98197 4.07123 0 -0.0935097 0 0
4600000 4.05827 3.98771 0 -0.0589416 0 0
4700000 3.93814 3.97852 0 -0.0613914 0 0
4800000 3.99264 4.01298 0 -0.113538 0 0
4900000 3.94294 4.05303 0 0.00135659 0 0
5000000 3.99284 3.99118 0 -0.0389169 0 0
5100000 4.00326 4.05814 0 -0.0399344 0 0
5200000 4.02857 4.04695 0 -0.001065 0 0
5300000 3.91438 4.03477 0 -0.0100782 0 0
5400000 4.05495 4.06261 0 0.0437177 0 0
5500000 3.9812 4.06054 0 0.0498609 0 0
5600000 4.03065 4.077 0 0.0723407 0 0
5700000 3.95501 4.09429 0 0.0704341 0 0
5800000 3.98062 4.08884 0 0.147178 0 0
5900000 4.024 4.06489 0 0.112979 0 0
6000000 3.9881 4.04867 0 0.0428633 0 0
6100000 4.06941 3.98151 0 0.128211 0 0
6200000 3.95672 4.0384 0 0.177134 0 0
6300000 3.94507 4.0304 0 0.156738 0 0
6400000 3.99969 3.99841 0 0.103645 0 0
6500000 4.01706 3.98724 0 0.139247 0 0
6600000 4.0056 4.01953 0 0.165441 0 0
6700000 3.93648 4.11802 0 0.204692 0 0
6800000 4.02712 4.08115 0 0.202828 0 0
6900000 4.01534 3.97069 0 0.128306 0 0
7000000 3.94635 4.09961 0 0.198301 0 0
7100000 3.98954 4.06951 0 0.233135 0 0
7200000 3.99142 3.99052 0 0.240359 0 0
7300000 4.03014 4.03688 0 0.199593 0 0
7400000 3.98498 4.01765 0 0.247208 0 0
7500000 4.022 4.08005 0 0.117538 0 0
7600000 3.93935 4.03645 0 0.258238 0 0
7700000 3.96991 4.04017 0 0.217485 0 0
7800000 3.98548 3.98117 0 0.168059 0 0
7900000 4.02633 4.02698 0 0.206913 0 0
8000000 4.03047 4.02522 0 0.278576 0 0
8100000 4.04659 3.98767 0 0.304931 0 0
8200000 4.01825 4.00575 0 0.186441 0 0
8300000 4.0095 3.97418 0 0.150391 0 0
8400000 4.03631 4.02537 0 0.149097 0 0
8500000 4.01374 4.02336 0 0.183736 0 0
8600000 4.03704 4.07106 0 0.123154 0 0
8700000 3.98708 4.03198 0 0.159614 0 0
8800000 3.97993 4.09399 0 0.104761 0 0
8900000 4.01796 4.03132 0 0.162036 0 0
9000000 3.96382 4.03055 0 0.0956979 0 0
9100000 3.91467 4.07495 0 0.0414872 0 0
9200000 4.03672 3.99903 0 0.0495266 0 0
9300000 4.07292 3.96969 0 0.0803916 0 0
9400000 4.06207 4.03091 0 0.0214022 0 0
9500000 4.09734 3.99369 0 -0.0260194 0 0
9600000 4.02047 4.07587 0 0.0296853 0 0
9700000 4.05288 4.02617 0 -0.0593443 0 0
9800000 3.95162 4.08607 0 -0.00604292 0 0
9900000 4.04804 4.01874 0 -0.0347173 0 0
10000000 3.95743 4.1117 0 0.00180792 0 0
10100000 4.03462 3.9719 0 -0.0664963 0 0
10200000 3.97794 4.0121 0 -0.120035 0 0
10300000 4.03625 4.02155 0 -0.0405808 0 0
10400000 3.9715 4.02291 0 -0.0579391 0 0
10500000 4.11966 3.92682 0 -0.138799 0 0
10600000 3.97604 4.04668 0 -0.127276 0 0
10700000 4.00957 4.04022 0 -0.130517 0 0
10800000 4.04711 4.02883 0 -0.162162 0 0
10900000 4.01351 4.0199 0 -0.179782 0 0
11000000 4.02289 4.08532 0 -0.100126 0 0
11100000 4.01616 4.03316 0 -0.140743 0 0
11200000 4.0248 3.9868 0 -0.191669 0 0
11300000 4.03562 4.01155 0 -0.128601 0 0
11400000 4.01337 4.07338 0 -0.136699 0 0
11500000 4.10758 3.99992 0 -0.187984 0 0
11600000 4.0572 4.04384 0 -0.213475 0 0
11700000 4.02216 4.08469 0 -0.264416 0 0
11800000 4.1164 4.03158 0 -0.278055 0 0
11900000 3.99132 4.07517 0 -0.215891 0 0
12000000 4.07753 3.96684 0 -0.247048 0 0
12100000 4.04239 3.99655 0 -0.204374 0 0
12200000 3.98095 4.01997 0 -0.217167 0 0
12300000 4.01843 4.05395 0 -0.190207 0 0
12400000 4.12283 4.00236 0 -0.211934 0 0
12500000 4.05213 4.03727 0 -0.229504 0 0
12600000 4.08038 4.04165 0 -0.206119 0 0
12700000 4.09166 3.98094 0 -0.239258 0 0
12800000 3.97821 4.04376 0 -0.265936 0 0
12900000 3.9871 4.06215 0 -0.213972 0 0
13000000 3.98668 4.08854 0 -0.316797 0 0
13100000 3.98649 4.098 0 -0.241876 0 0
13200000 4.07238 3.90764 0 -0.254641 0 0
13300000 4.02616 4.01703 0 -0.165831 0 0
13400000 4.01104 3.98773 0 -0.191916 0 0
13500000 4.10622 4.05754 0 -0.246736 0 0
13600000 4.05024 4.03193 0 -0.244746 0 0
13700000 3.92562 4.05626 0 -0.129053 0 0
13800000 3.96903 4.08487 0 -0.177978 0 0
13900000 4.04785 3.98134 0 -0.232613 0 0
14000000 4.0638 4.01952 0 -0.104172 0 0
14100000 3.96771 4.0809 0 -0.0915299 0 0
14200000 4.05011 4.07584 0 -0.120449 0 0
14300000 4.05745 3.9998 0 -0.197666 0 0
14400000 3.99935 4.10735 0 -0.184987 0 0
14500000 3.99903 3.98495 0 -0.0749216 0 0
14600000 4.08014 4.00724 0 -0.0811091 0 0
14700000 4.02614 4.03751 0 -0.0336765 0 0
14800000 3.94402 4.02855 0 -0.00722968 0 0
14900000 4.00189 4.1073 0 -0.0615888 0 0
15000000 4.02717 4.087 0 -0.00297331 0 0
15100000 4.02033 3.98581 0 -0.0457506 0 0
15200000 3.99745 4.10759 0 -0.00824063 0 0
15300000 3.98361 4.02167 0 0.0163585 0 0
15400000 3.96204 4.00978 0 0.094069 0 0
15500000 4.08761 3.95495 0 0.060611 0 0
15600000 4.02318 4.05662 0 0.0365596 0 0
15700000 4.04018 4.00644 0 0.0228695 0 0
15800000 4.03868 4.10639 0 0.0707653 0 0
15900000 4.01443 4.02274 0 0.117091 0 0
16000000 4.04862 4.05594 0 0.0562381 0 0
16100000 3.97488 4.03883 0 0.13382 0 0
16200000 4.01001 4.01792 0 0.133712 0 0
16300000 3.99965 4.05167 0 0.189612 0 0
16400000 3.90722 4.0525 0 0.203995 0 0
16500000 4.00617 3.99287 0 0.173622 0 0
16600000 3.95138 4.0807 0 0.101166 0 0
16700000 4.07676 4.02771 0 0.196842 0 0
16800000 4.05877 3.97354 0 0.170241 0 0
16900000 4.02272 3.99421 0 0.180557 0 0
17000000 3.98282 4.0704 0 0.201057 0 0
17100000 3.95312 4.0226 0 0.220634 0 0
17200000 3.96711 4.07719 0 0.18771 0 0
17300000 3.97224 4.10401 0 0.189995 0 0
17400000 3.95285 4.07946 0 0.15418 0 0
17500000 3.99915 4.0398 0 0.207372 0 0
17600000 3.97451 4.01326 0 0.14398 0 0
17700000 3.99089 4.00941 0 0.227593 0 0
17800000 4.05512 4.05605 0 0.144314 0 0
17900000 4.04893 4.03806 0 0.156955 0 0
18000000 4.08258 4.05619 0 0.231266 0 0
18100000 4.06262 4.09106 0 0.148893 0 0
18200000 4.03859 3.95409 0 0.101573 0 0
18300000 4.10163 4.00067 0 0.153765 0 0
18400000 4.00092 4.01096 0 0.136409 0 0
18500000 3.96943 4.05234 0 0.0654508 0 0
18600000 4.0098 4.03097 0 0.115815 0 0
18700000 4.00381 4.05132 0 0.0917267 0 0
18800000 4.04862 4.06451 0 0.118235 0 0
18900000 3.93828 4.07979 0 0.0690643 0 0
19000000 4.06221 4.01102 0 0.131573 0 0
19100000 3.97774 4.10836 0 0.044659 0 0
19200000 3.99277 4.03623 0 0.0208588 0 0
19300000 4.03754 3.98025 0 0.0396934 0 0
19400000 4.02941 4.03868 0 0.0767702 0 0
19500000 3.99225 3.94945 0 0.0170142 0 0
19600000 4.04192 3.95731 0 0.0185908 0 0
19700000 3.99733 4.07714 0 0.00802246 0 0
19800000 4.035 4.05537 0 0.0166936 0 0
19900000 3.93753 4.06204 0 0.0212306 0 0
20000000 4.00198 4.03176 0 -0.059581 0 0
20100000 3.991 4.01373 0 -0.119828 0 0
20200000 4.02748 4.03958 0 0.0231436 0 0
20300000 3.99304 4.08797 0 -0.00532219 0 0
20400000 4.07993 3.99693 0 0.000543298 0 0
20500000 3.96634 4.05533 0 -0.155965 0 0
20600000 4.04406 3.99602 0 -0.127224 0 0
20700000 3.9725 4.05796 0 -0.0928794 0 0
20800000 4.02579 4.02709 0 -0.185245 0 0
20900000 3.97058 4.05247 0 -0.104932 0 0
21000000 4.07215 4.00687 0 -0.146618 0 0
21100000 4.00055 4.05504 0 -0.183401 0 0
21200000 4.04009 4.09979 0 -0.169362 0 0
21300000 4.11743 3.91789 0 -0.194526 0 0
21400000 3.97609 4.07789 0 -0.227107 0 0
21500000 4.04244 4.02043 0 -0.189363 0 0
21600000 3.98925 4.01511 0 -0.0961265 0 0
21700000 4.03639 4.01485 0 -0.137102 0 0
21800000 4.0987 3.96415 0 -0.28801 0 0
21900000 4.08834 4.01632 0 -0.229715 0 0
22000000 4.04202 3.98095 0 -0.282436 0 0
22100000 4.07455 4.04193 0 -0.258203 0 0
22200000 3.93337 4.02916 0 -0.232206 0 0
22300000 3.96412 4.10491 0 -0.189184 0 0
22400000 4.05571 4.06746 0 -0.211038 0 0
22500000 4.07849 4.06372 0 -0.240214 0 0
22600000 4.05318 3.97604 0 -0.227278 0 0
22700000 4.04916 4.10168 0 -0.266014 0 0
22800000 4.02082 4.04958 0 -0.238297 0 0
22900000 3.99321 4.13953 0 -0.273296 0 0
23000000 4.03656 4.06646 0 -0.275881 0 0
23100000 4.03243 4.07807 0 -0.220323 0 0
23200000 4.06925 4.05006 0 -0.163752 0 0
23300000 4.02934 3.99409 0 -0.267807 0 0
23400000 4.03246 4.00303 0 -0.203514 0 0
23500000 3.92387 4.08099 0 -0.174357 0 0
23600000 4.00482 4.05443 0 -0.19751 0 0
23700000 4.01402 4.02249 0 -0.174389 0 0
23800000 4.0489 4.0308 0 -0.192437 0 0
23900000 3.98217 4.10464 0 -0.155823 0 0
24000000 4.00431 4.03996 0 -0.155838 0 0
24100000 3.95568 4.03757 0 -0.162508 0 0
24200000 4.04056 4.00423 0 -0.107885 0 0
24300000 3.99674 4.03034 0 -0.132178 0 0
24400000 3.99324 3.97088 0 -0.0818842 0 0
24500000 3.99663 4.00564 0 -0.0550042 0 0
24600000 3.92892 4.05312 0 -0.00300526 0 0
24700000 3.9653 4.019 0 -0.0729363 0 0
24800000 4.00651 4.09839 0 -0.094548 0 0
24900000 4.0269 4.00387 0 -0.0532907 0 0
25000000 4.03738 3.98826 0 0.0308441 0 0
25100000 4.04331 3.95947 0 -0.0144749 0 0
25200000 4.05725 4.08818 0 -0.0179797 0 0
25300000 4.01212 3.98787 0 -0.00465059 0 0
25400000 4.04909 4.04981 0 0.0230804 0 0
25500000 4.06209 4.01127 0 0.0325705 0 0
25600000 4.03089 4.05762 0 0.087919 0 0
25700000 3.93544 4.09563 0 -0.0177915 0 0
25800000 3.9941 4.04097 0 0.069587 0 0
25900000 3.9931 4.06748 0 0.107195 0 0
26000000 3.90139 4.04249 0 0.128499 0 0
26100000 3.94956 4.02623 0 0.129892 0 0
26200000 4.00483 4.06377 0 0.170975 0 0
26300000 3.98471 4.09415 0 0.206021 0 0
26400000 4.00863 4.00158 0 0.161422 0 0
26500000 3.97016 3.9623 0 0.127902 0 0
26600000 4.08078 3.96908 0 0.187456 0 0
26700000 4.06817 4.00243 0 0.194193 0 0
26800000 4.00634 4.0535 0 0.137914 0 0
26900000 4.02301 3.99815 0 0.20647 0 0
27000000 4.02634 4.03722 0 0.200343 0 0
27100000 3.95737 4.07414 0 0.217718 0 0
27200000 3.96171 4.09194 0 0.283395 0 0
27300000 3.99388 3.985 0 0.152456 0 0
27400000 3.99854 4.03974 0 0.193792 0 0
27500000 3.94227 4.03179 0 0.228089 0 0
27600000 3.99624 4.03941 0 0.155905 0 0
27700000 4.02795 4.06189 0 0.185324 0 0
27800000 3.91556 4.13909 0 0.170877 0 0
27900000 3.91855 4.16221 0 0.189288 0 0
28000000 4.06215 4.04514 0 0.138701 0 0
28100000 4.02355 4.03094 0 0.18069 0 0
28200000 3.96418 4.05626 0 0.171142 0 0
28300000 4.00969 4.0106 0 0.132253 0 0
28400000 3.96844 4.109 0 0.146127 0 0
28500000 4.05352 4.05721 0 0.137783 0 0
28600000 4.0584 3.9879 0 0.174204 0 0
28700000 3.96828 4.03829 0 0.0796091 0 0
28800000 3.99277 4.02024 0 0.136342 0 0
28900000 4.04661 4.04578 0 0.0784511 0 0
29000000 4.01196 3.953 0 0.0852919 0 0
29100000 4.02913 4.06435 0 0.0546143 0 0
29200000 4.03954 4.07019 0 0.0291787 0 0
29300000 4.00381 4.04187 0 0.0752105 0 0
29400000 4.08943 4.06726 0 0.0186927 0 0
29500000 4.02685 3.96825 0 0.0525292 0 0
29600000 3.98384 4.03182 0 0.0166754 0 0
29700000 4.08089 4.02862 0 -0.0289779 0 0
29800000 4.03215 4.01896 0 -0.0174346 0 0
29900000 4.0854 3.97346 0 0.0158175 0 0
30000000 4.02195 3.9575 0 -0.000274207 0 0
30100000 4.06652 3.93977 0 0.00951803 0 0
30200000 4.02899 4.07362 0 -0.0880554 0 0
30300000 4.01597 4.02924 0 -0.0131875 0 0
30400000 4.081 4.01122 0 -0.0882774 0 0
30500000 4.04307 4.03784 0 -0.048472 0 0
30600000 4.03732 4.0123 0 -0.177691 0 0
30700000 4.03212 3.99821 0 -0.110967 0 0
30800000 4.02657 4.01023 0 -0.146334 0 0
30900000 4.01975 4.02843 0 -0.135935 0 0
31000000 4.07972 3.97008 0 -0.114772 0 0
31100000 4.00535 4.01998 0 -0.193236 0 0
31200000 4.06505 3.94295 0 -0.131547 0 0
31300000 4.08575 4.04216 0 -0.173025 0 0
31400000 4.06049 3.95158 0 -0.0925869 0 0
31500000 4.04618 3.98417 0 -0.196419 0 0
31600000 4.00504 4.05827 0 -0.140588 0 0
31700000 4.06037 4.02311 0 -0.167227 0 0
31800000 4.01796 4.01316 0 -0.16525 0 0
31900000 4.01474 4.04174 0 -0.21308 0 0
32000000 4.01456 4.01382 0 -0.225545 0 0
32100000 4.03785 4.06123 0 -0.244303 0 0
32200000 4.07609 4.00228 0 -0.209994 0 0
32300000 4.14398 4.03967 0 -0.210829 0 0
32400000 4.08251 4.0497 0 -0.149756 0 0
32500000 4.06198 3.99611 0 -0.200969 0 0
32600000 4.04448 4.00419 0 -0.264927 0 0
32700000 4.09503 3.97405 0 -0.202908 0 0
32800000 4.04427 3.98878 0 -0.208365 0 0
32900000 4.04291 4.03804 0 -0.191883 0 0
33000000 3.93762 4.04481 0 -0.258487 0 0
33100000 4.04107 4.04914 0 -0.206214 0 0
33200000 4.02751 4.00752 0 -0.157476 0 0
33300000 4.03178 4.06521 0 -0.209505 0 0
33400000 4.07945 4.01317 0 -0.196997 0 0
33500000 4.05518 3.96143 0 -0.174717 0 0
33600000 4.00142 4.05191 0 -0.224381 0 0
33700000 4.09051 3.98249 0 -0.127931 0 0
33800000 4.12942 3.97157 0 -0.129457 0 0
33900000 4.02001 3.95924 0 -0.142891 0 0
34000000 4.09325 3.98734 0 -0.175249 0 0
34100000 4.04121 4.04507 0 -0.0916131 0 0
34200000 4.05477 4.00936 0 -0.123143 0 0
34300000 3.97591 4.06233 0 -0.109728 0 0
34400000 4.01209 4.061 0 -0.0990168 0 0
34500000 4.05495 3.97086 0 -0.11056 0 0
34600000 4.07648 4.00446 0 -0.0419625 0 0
34700000 4.04714 4.06966 0 -0.0243047 0 0
34800000 4.04038 4.00564 0 -0.104864 0 0
34900000 4.00588 4.02967 0 -0.0229595 0 0
35000000 4.08116 3.98487 0 -0.0575141 0 0
35100000 4.09663 3.96979 0 0.00946213 0 0
35200000 3.98736 4.06225 0 -0.00882853 0 0
35300000 4.06026 4.01351 0 0.00946533 0 0
35400000 3.93944 4.0737 0 0.0507391 0 0
35500000 3.99404 3.96319 0 0.0180843 0 0
35600000 4.02587 4.02893 0 0.00550176 0 0
35700000 3.98214 3.97886 0 0.119076 0 0
35800000 4.0446 4.0447 0 0.0978343 0 0
35900000 4.0053 3.98126 0 0.0706055 0 0
36000000 4.0081 3.96384 0 0.0326464 0 0
36100000 4.01306 4.03814 0 0.0402334 0 0
36200000 4.0436 3.92928 0 0.0784074 0 0
36300000 4.14199 3.96769 0 0.109241 0 0
36400000 3.98009 4.01131 0 0.0682259 0 0
36500000 3.98309 4.03198 0 0.102143 0 0
36600000 3.99748 4.10923 0 0.129545 0 0
36700000 3.90772 4.03035 0 0.220876 0 0
36800000 3.9964 4.05331 0 0.164061 0 0
36900000 4.04685 4.02812 0 0.197974 0 0
37000000 4.03081 4.09273 0 0.136105 0 0
37100000 3.91051 4.14085 0 0.0868524 0 0
37200000 4.08703 4.11483 0 0.193135 0 0
37300000 3.99614 3.99672 0 0.174885 0 0
37400000 3.95564 4.06845 0 0.249885 0 0
37500000 3.87672 4.05109 0 0.172301 0 0
37600000 3.95477 4.00356 0 0.177961 0 0
37700000 4.00287 4.06018 0 0.164951 0 0
37800000 3.95009 4.09825 0 0.235194 0 0
37900000 3.99593 4.04435 0 0.217382 0 0
38000000 3.99921 4.0545 0 0.178147 0 0
38100000 4.0014 4.01905 0 0.15428 0 0
38200000 4.07548 3.97871 0 0.0697051 0 0
38300000 3.99622 4.04942 0 0.169105 0 0
38400000 4.01416 4.02097 0 0.155683 0 0
38500000 4.08081 4.07252 0 0.183511 0 0
38600000 3.92261 4.10328 0 0.217184 0 0
38700000 4.08831 4.01485 0 0.123108 0 0
38800000 4.02236 4.03249 0 0.0894477 0 0
38900000 3.94935 4.05969 0 0.0569491 0 0
39000000 3.99083 4.01739 0 0.0942484 0 0
39100000 4.00964 4.01606 0 0.0655255 0 0
39200000 4.06744 4.04922 0 0.0549827 0 0
39300000 3.96319 4.01136 0 0.0666761 0 0
39400000 3.96952 4.05072 0 0.043907 0 0
39500000 4.02163 4.07072 0 -0.0121677 0 0
39600000 4.01366 4.01491 0 -0.00493012 0 0
39700000 4.0628 3.90813 0 -0.0397937 0 0
39800000 3.9921 4.02795 0 0.0227743 0 0
39900000 4.05312 4.04842 0 -0.0181999 0 0
40000000 4.02347 4.00858 0 -0.0752101 0 0
40100000 3.95112 4.07074 0 -0.0630567 0 0
40200000 4.05075 3.94834 0 0.00978511 0 0
40300000 3.96608 3.99919 0 -0.0664755 0 0
40400000 3.9649 4.1381 0 -0.125268 0 0
40500000 3.92231 4.06001 0 -0.0905212 0 0
40600000 4.04374 4.05435 0 -0.136016 0 0
40700000 3.95716 4.09007 0 -0.145631 0 0
40800000 4.08941 4.0395 0 -0.157369 0 0
40900000 3.94837 4.06739 0 -0.0956478 0 0
41000000 4.09979 3.95366 0 -0.179085 0 0
41100000 4.09405 4.02455 0 -0.188789 0 0
41200000 3.96681 4.00442 0 -0.180982 0 0
41300000 4.0274 4.00295 0 -0.124202 0 0
41400000 4.01809 3.95177 0 -0.24573 0 0
41500000 4.02983 4.04317 0 -0.185006 0 0
41600000 4.05682 3.99564 0 -0.185514 0 0
41700000 4.02564 3.96999 0 -0.197008 0 0
41800000 4.07004 3.99759 0 -0.197642 0 0
41900000 4.06244 3.985 0 -0.141547 0 0
42000000 4.02805 3.96552 0 -0.216111 0 0
42100000 4.13834 3.97126 0 -0.234291 0 0
42200000 3.947 4.02295 0 -0.235335 0 0
42300000 4.0502 3.96535 0 -0.251013 0 0
42400000 4.05684 4.00499 0 -0.265818 0 0
42500000 4.10673 4.0038 0 -0.27555 0 0
42600000 4.08915 4.02516 0 -0.242272 0 0
42700000 4.00027 3.99996 0 -0.242575 0 0
42800000 4.02029 3.97003 0 -0.25609 0 0
42900000 4.0347 4.07384 0 -0.242838 0 0
43000000 4.00084 4.04505 0 -0.238025 0 0
43100000 4.071 4.01437 0 -0.263536 0 0
43200000 4.05993 4.03479 0 -0.281851 0 0
43300000 4.11764 4.00305 0 -0.184026 0 0
43400000 4.02995 4.02024 0 -0.229416 0 0
43500000 4.02153 3.95178 0 -0.217522 0 0
43600000 4.03426 3.99834 0 -0.247024 0 0
43700000 4.04819 3.91361 0 -0.163842 0 0
43800000 4.14136 3.94797 0 -0.130319 0 0
43900000 4.05859 4.0335 0 -0.173366 0 0
44000000 4.11631 3.88967 0 -0.105616 0 0
44100000 4.00398 3.99526 0 -0.219958 0 0
44200000 4.09804 3.95404 0 -0.175413 0 0
44300000 4.04481 4.00902 0 -0.0945144 0 0
44400000 4.02724 4.00924 0 -0.12718 0 0
44500000 4.04076 4.00202 0 -0.024466 0 0
44600000 3.99536 4.07318 0 -0.0627299 0 0
44700000 4.06555 4.02007 0 -0.0954226 0 0
44800000 4.08191 3.97616 0 -0.0403521 0 0
44900000 3.97328 3.98473 0 -0.0198756 0 0
45000000 4.02463 4.02247 0 0.0243409 0 0
45100000 4.02439 4.04064 0 -0.0461584 0 0
45200000 3.98678 3.99342 0 -0.0615242 0 0
45300000 4.04561 4.01319 0 0.0383196 0 0
45400000 4.00025 4.0443 0 0.0233633 0 0
45500000 4.01822 3.99472 0 0.0706245 0 0
45600000 4.02525 3.93004 0 0.0982747 0 0
45700000 3.94751 4.11319 0 0.0211648 0 0
45800000 4.03019 3.96855 0 0.115504 0 0
45900000 4.03211 4.00527 0 0.0928822 0 0
46000000 3.93313 4.09066 0 0.0996354 0 0
46100000 3.98709 3.94997 0 0.161577 0 0
46200000 4.05814 3.94931 0 0.158591 0 0
46300000 4.0361 3.95945 0 0.122746 0 0
46400000 4.02626 4.05082 0 0.142474 0 0
46500000 4.04186 4.06582 0 0.0880803 0 0
46600000 3.98796 3.97761 0 0.168246 0 0
46700000 4.0142 3.99525 0 0.119069 0 0
46800000 4.01492 4.03959 0 0.147056 0 0
46900000 3.9541 4.03046 0 0.163916 0 0
47000000 4.03904 3.95663 0 0.145174 0 0
47100000 3.9802 4.01008 0 0.154583 0 0
47200000 3.97156 4.10469 0 0.214852 0 0
47300000 3.93583 4.03698 0 0.192834 0 0
47400000 4.03247 4.0971 0 0.249227 0 0
47500000 4.0923 3.96165 0 0.14395 0 0
47600000 3.99029 4.04721 0 0.164029 0 0
47700000 3.92867 4.10533 0 0.192701 0 0
47800000 4.04873 4.00583 0 0.142375 0 0
47900000 4.06641 3.9695 0 0.154899 0 0
48000000 4.07605 3.98286 0 0.111629 0 0
48100000 3.96204 4.06642 0 0.147829 0 0
48200000 4.0489 3.97228 0 0.159532 0 0
48300000 4.0705 4.04512 0 0.187124 0 0
48400000 4.05233 3.9931 0 0.0994976 0 0
48500000 4.08357 3.96452 0 0.107238 0 0
48600000 4.00295 4.00153 0 0.0723698 0 0
48700000 4.02157 4.00876 0 0.078259 0 0
48800000 4.02084 3.99126 0 0.149803 0 0
48900000 4.0451 3.99914 0 0.0467675 0 0
49000000 4.01368 4.05321 0 0.117493 0 0
49100000 4.00653 4.01127 0 0.0856495 0 0
49200000 3.99456 4.01993 0 0.0386112 0 0
49300000 4.03259 3.98192 0 0.0972268 0 0
49400000 4.02079 3.99303 0 0.0215684 0 0
49500000 4.05579 3.98949 0 0.023756 0 0
49600000 3.99141 4.10141 0 -0.00377308 0 0
49700000 4.03128 3.97964 0 0.0445337 0 0
49800000 3.95532 4.09506 0 -0.00394364 0 0
49900000 4.05005 4.00181 0 -0.0201677 0 0
50000000 4.04503 3.95933 0 -0.023939 0 0
