# Time-averaged data for fix ps1
# TimeStep c_thermo_press[1] c_thermo_press[2] c_thermo_press[3] c_thermo_press[4] c_thermo_press[5] c_thermo_press[6]
0 37661.9 43308.9 0 26.2025 0 0
100 38146 38798 0 -808.07 0 0
200 40066.6 40751.2 0 1130.51 0 0
300 42299.2 37650.6 0 1813.92 0 0
400 39829.9 41116.1 0 2568.19 0 0
500 33560.1 46636.7 0 2563.97 0 0
600 37001.3 42779 0 1465.89 0 0
700 38152.2 39120 0 4121.91 0 0
800 41551.1 40098.7 0 97.1335 0 0
900 42363.1 35886.2 0 1907.66 0 0
1000 37849.7 39527.2 0 277.773 0 0
1100 39145.2 37364.6 0 -4780.35 0 0
1200 38656.5 40575.9 0 -692.822 0 0
1300 40007.3 39763.6 0 1694.2 0 0
1400 40113.6 39024.9 0 -170.839 0 0
1500 36446.8 43539.9 0 -280.034 0 0
1600 40691.3 43775.9 0 -3727.77 0 0
1700 38992.7 39313.9 0 463.747 0 0
1800 42352.4 40531.9 0 -511.301 0 0
1900 40905 36752.9 0 -662.22 0 0
2000 38410.7 38625.1 0 532.127 0 0
2100 39368.7 32432.9 0 1261.43 0 0
2200 42656.8 40843.9 0 2850.12 0 0
2300 43460.5 39410.3 0 420.498 0 0
2400 43968.2 44554.6 0 814.971 0 0
2500 40170.6 43984.6 0 1248.28 0 0
2600 37666.7 41141.2 0 211.927 0 0
2700 42934.1 41471.2 0 -1887.33 0 0
2800 43594.1 42004.5 0 983.706 0 0
2900 39186.4 42500.8 0 -51.2398 0 0
3000 44513.6 39278.8 0 1740.39 0 0
3100 41280.8 46768.2 0 -1749.08 0 0
3200 41269.4 38335.4 0 1845.6 0 0
3300 41774.9 38559.9 0 1053.31 0 0
3400 42743.7 40498.9 0 2343.78 0 0
3500 41899.2 38422.2 0 479.736 0 0
3600 38272.7 40014.8 0 -2658.97 0 0
3700 35541.5 42449.1 0 -2075.07 0 0
3800 38470.6 39647 0 3256.63 0 0
3900 37848.7 39327.4 0 314.297 0 0
4000 37451.2 42453.7 0 -1340.82 0 0
4100 43325.7 36930.2 0 1375.76 0 0
4200 42118.1 40643.2 0 648.084 0 0
4300 39697.6 40004.2 0 -2904.81 0 0
4400 45404 36489.4 0 1.85357 0 0
4500 42926.1 39395.3 0 3043.96 0 0
4600 43534.7 37746.8 0 -1347.25 0 0
4700 42824.5 37453.6 0 1345.09 0 0
4800 39372.9 43766.3 0 -2235.49 0 0
4900 38797.5 40536.5 0 -3068.82 0 0
5000 40596.6 40412.6 0 -1000.16 0 0
5100 39946.3 37973.2 0 -1909.25 0 0
5200 39718.8 39652.8 0 -2008.31 0 0
5300 38064.7 43556.6 0 1208.49 0 0
5400 39128.8 42407.4 0 2473.64 0 0
5500 43976.5 38381.8 0 -1316.41 0 0
5600 41250.9 41009.4 0 1386.37 0 0
5700 39164.4 39638.1 0 -512.922 0 0
5800 41354.6 41051 0 3185.21 0 0
5900 38941.2 40501.8 0 -1441.27 0 0
6000 41779.6 36131.3 0 2805.61 0 0
6100 38794.5 41801.8 0 1561.77 0 0
6200 40571.3 42312.7 0 542.022 0 0
6300 36073.8 42733.4 0 -4290.38 0 0
6400 40397.1 41712.8 0 -1629.02 0 0
6500 38848.6 42833.4 0 -1598.76 0 0
6600 41907.4 41135.9 0 517.023 0 0
6700 38768.6 42804.8 0 -1074.31 0 0
6800 38111 37482.6 0 451.135 0 0
6900 39240.9 39110 0 -3741.4 0 0
7000 38780.5 34897.5 0 1007.4 0 0
7100 39731.7 42767.8 0 -761.653 0 0
7200 39947.3 36965.8 0 2209.42 0 0
7300 40764.3 39489.3 0 -913.688 0 0
7400 45224.6 37473.2 0 4079.26 0 0
7500 41645.7 42279.6 0 4366.59 0 0
7600 40509.8 34833.1 0 5314.94 0 0
7700 38238.5 43085 0 -807.474 0 0
7800 41488.9 37401.1 0 -259.893 0 0
7900 40457.9 41805.2 0 -3002.86 0 0
8000 40881.5 41835.4 0 -801.975 0 0
8100 37055.9 35024 0 676.736 0 0
8200 39762.2 40702 0 -1272.59 0 0
8300 41049.5 40007.2 0 -2512.02 0 0
8400 39444.2 36741.9 0 1986.77 0 0
8500 41834 38013.6 0 -1735.9 0 0
8600 37320.8 39862.1 0 106.968 0 0
8700 38895.6 34884.8 0 -1159.78 0 0
8800 39633.3 39096.6 0 -1992.51 0 0
8900 33380.1 42323.8 0 -2941.82 0 0
9000 40213.6 41014.5 0 4245.32 0 0
9100 37029.6 39937 0 893.519 0 0
9200 40098.9 41409.4 0 -848.595 0 0
9300 38308.2 41111.7 0 -1215.53 0 0
9400 39696.6 36729.9 0 2838.09 0 0
9500 44246.3 39102 0 -637.639 0 0
9600 41368.3 39431 0 -2221.57 0 0
9700 35004.5 42134.4 0 -1182.9 0 0
9800 39679.5 38184.2 0 31.5023 0 0
9900 38454.1 43273.6 0 -4777.11 0 0
10000 40286.2 43713.7 0 -3157.49 0 0
10100 37069.9 37304.6 0 -3584.45 0 0
10200 38343.5 42506.6 0 638.518 0 0
10300 40679.4 38952.4 0 -1456.89 0 0
10400 37326 44104.5 0 -428.703 0 0
10500 35418 39560.1 0 -2756.25 0 0
10600 38494 44535.1 0 -1455.09 0 0
10700 40407.1 41820.9 0 -1737.32 0 0
10800 39220.2 39926.9 0 2186.9 0 0
10900 36651.5 37052.1 0 -793.89 0 0
11000 42471.9 35414.8 0 -2992.26 0 0
11100 42767.4 37517.4 0 -4761.26 0 0
11200 38337.7 38815.1 0 -2185.31 0 0
11300 42259.4 39325.4 0 -2876.7 0 0
11400 37283.8 38454.3 0 -1703.11 0 0
11500 35841.6 39529.5 0 627.392 0 0
11600 45132.9 37582.3 0 -412.731 0 0
11700 41669.1 40652.6 0 -1830.57 0 0
11800 40761.4 38770.7 0 -3764.33 0 0
11900 36795.8 43011.3 0 -1420.07 0 0
12000 39936.2 40835.8 0 -1346.54 0 0
12100 41964.4 42649.1 0 2241.12 0 0
12200 39298.4 41526.8 0 -1625.19 0 0
12300 41631.9 37694.5 0 1078.22 0 0
12400 42166.4 36039.6 0 -1516.32 0 0
12500 39525.1 37173.7 0 1705.18 0 0
12600 40013.3 38395.6 0 -1925.95 0 0
12700 41136.4 40579 0 4341.99 0 0
12800 39974.6 37881.8 0 1583.33 0 0
12900 39585.9 37962 0 2598.18 0 0
13000 42891.6 39773.8 0 -416.336 0 0
13100 36236.4 40646.1 0 185.943 0 0
13200 37796.7 41837.6 0 -144.902 0 0
13300 42657.5 39687.2 0 -3562.18 0 0
13400 42291.4 37762.7 0 553.244 0 0
13500 43003.8 35581.2 0 1177.04 0 0
13600 40995 36234.4 0 933.549 0 0
13700 37948.4 38446.2 0 498.121 0 0
13800 38976.2 41804.1 0 -3165.4 0 0
13900 41188.1 40306.6 0 1499.44 0 0
14000 39594.8 44355.6 0 -1337.74 0 0
14100 41626.3 39250.5 0 623.252 0 0
14200 31879.9 42183.8 0 -525.245 0 0
14300 38181.6 42262.2 0 3453.43 0 0
14400 38181.8 35678.4 0 -120.936 0 0
14500 39768.9 35732.6 0 -3279.08 0 0
14600 37896.1 37144 0 -1186.62 0 0
14700 39165.2 38283 0 -1892.65 0 0
14800 37918.4 40272 0 935.283 0 0
14900 38193.2 38914.7 0 3674.59 0 0
15000 40127.6 38278.6 0 -2847.6 0 0
15100 39360 39574.7 0 2173.22 0 0
15200 37212.6 40326.4 0 1685.75 0 0
15300 39900.3 38152.1 0 311.326 0 0
15400 35290.7 40928.8 0 973.427 0 0
15500 38672.9 39172.4 0 -3189.93 0 0
15600 41143.7 38550.4 0 -791.583 0 0
15700 40092.1 41146.8 0 -3999.73 0 0
15800 41429.8 42169 0 1303.54 0 0
15900 41051.2 42586.2 0 1042.67 0 0
16000 41621.6 42052.2 0 -285.868 0 0
16100 44880.9 40027.3 0 686.655 0 0
16200 37814.5 40158.7 0 -1490.97 0 0
16300 40880.2 39035.4 0 -608.23 0 0
16400 39697.9 38013.5 0 -504.203 0 0
16500 37025.7 41661.8 0 -148.066 0 0
16600 40562.5 40034.2 0 453.959 0 0
16700 38970.5 36078.4 0 5517.58 0 0
16800 36061.4 41655.7 0 3700.6 0 0
16900 38894.8 39822.1 0 -1961.43 0 0
17000 42369.8 40716.9 0 1596.94 0 0
17100 40126.1 37569.1 0 -1688.06 0 0
17200 43971.3 36858.1 0 -2178.67 0 0
17300 38773.8 37164.7 0 -2241.31 0 0
17400 40442 39956.2 0 -561.649 0 0
17500 40965.7 40860.9 0 -1887.02 0 0
17600 42905 36536.9 0 -574.715 0 0
17700 41420.2 44535.4 0 922.315 0 0
17800 43217.8 38957.1 0 1323.43 0 0
17900 41414.1 39436 0 3356.44 0 0
18000 39688.6 39827.2 0 739.845 0 0
18100 38762.1 37418.2 0 -1797.83 0 0
18200 45025.2 37934.1 0 326.553 0 0
18300 41197.4 37684.7 0 1072.04 0 0
18400 40155.6 40255.9 0 597.504 0 0
18500 42137.2 43562.2 0 -807.208 0 0
18600 39876.4 43169 0 -1101.63 0 0
18700 37232.7 42897.9 0 1467.48 0 0
18800 37289.8 45160.5 0 4641.31 0 0
18900 40094.3 38946 0 -792.83 0 0
19000 41877.5 39062 0 1642.15 0 0
19100 42402.5 41456.2 0 -2850.65 0 0
19200 37076.4 43014.9 0 -828.59 0 0
19300 42246 38755 0 1750.83 0 0
19400 39908.4 38043.5 0 -1255.95 0 0
19500 41483.5 41135 0 -2458.87 0 0
19600 42381.3 43733.5 0 -2833.23 0 0
19700 40297 40988.5 0 -723.011 0 0
19800 39907.2 42310.2 0 -2009.63 0 0
19900 38954.5 38924.5 0 -466.338 0 0
20000 44039.9 40911.4 0 -1462.18 0 0
20100 41515.8 40383.7 0 -149.294 0 0
20200 40090.8 42493.2 0 987.419 0 0
20300 40870.5 43962.2 0 -1686.75 0 0
20400 40051.1 42189 0 1693.63 0 0
20500 41187.1 41256.6 0 2790.36 0 0
20600 42111.3 39239.7 0 -2480.5 0 0
20700 38375.5 39323.7 0 2421.3 0 0
20800 42128.3 40585.6 0 2427.48 0 0
20900 41924.7 40694.7 0 542.215 0 0
21000 38836.2 34242 0 -1757.31 0 0
21100 40446.2 39938.2 0 -1400.09 0 0
21200 40488.1 39015.1 0 -2409.91 0 0
21300 40355 38236.8 0 2331.15 0 0
21400 37654.3 43450.3 0 773.957 0 0
21500 38173.3 40555.3 0 2181.47 0 0
21600 40905.8 39637.6 0 241.251 0 0
21700 38319.2 40479.9 0 49.2803 0 0
21800 40446.5 37560.9 0 3742.59 0 0
21900 42112.6 38646.1 0 -2406.3 0 0
22000 39092.8 40496.1 0 1715.63 0 0
22100 42959.5 39474.5 0 -2734.09 0 0
22200 43583.8 39408.5 0 -63.6649 0 0
22300 43457.1 40769.8 0 -915.553 0 0
22400 42426.9 38043.1 0 499.149 0 0
22500 43212.8 40008.9 0 304.227 0 0
22600 39490.4 44273.3 0 2015.25 0 0
22700 38528.9 37902.9 0 -130.849 0 0
22800 45070.7 40472 0 -590.72 0 0
22900 34908 41244.2 0 167.295 0 0
23000 40996.1 38562.4 0 -831.747 0 0
23100 35429.7 40486.5 0 836.372 0 0
23200 42875.4 42086.9 0 -1069.14 0 0
23300 39994 40652 0 1687.2 0 0
23400 40645.7 39031.5 0 1121.83 0 0
23500 37715.7 42234.8 0 -1146.5 0 0
23600 40996.5 40737.2 0 3374.06 0 0
23700 42961 39638.9 0 -1629.57 0 0
23800 39869.1 41146.8 0 -1038.64 0 0
23900 39451 38578.3 0 2335.81 0 0
24000 37323.2 41678.2 0 4558.92 0 0
24100 40200.5 39974.8 0 2041.17 0 0
24200 41698 41205.2 0 1424.68 0 0
24300 38663.5 36317.4 0 -2956.69 0 0
24400 38836.8 43576.4 0 -133.353 0 0
24500 34810.4 43463.5 0 -1761.74 0 0
24600 42307 39365.9 0 403.723 0 0
24700 43353.4 36132.5 0 4536.76 0 0
24800 44478 40131.8 0 -1014.39 0 0
24900 40845.2 40574.1 0 675.989 0 0
25000 39946 40522.9 0 -713.761 0 0
25100 36438.9 40037.7 0 547.019 0 0
25200 43518.1 42642.2 0 1320.03 0 0
25300 39375 40863.8 0 -354.971 0 0
25400 43633 44079.7 0 -120.305 0 0
25500 39670.5 40176 0 923.913 0 0
25600 44985.1 38143.7 0 337.043 0 0
25700 39766.2 41834.4 0 -13.5409 0 0
25800 46297.2 40076.5 0 -123.799 0 0
25900 39750.7 43948.8 0 -1763.52 0 0
26000 42799 41273.9 0 -2162.25 0 0
26100 42632.3 40030.4 0 3503.89 0 0
26200 39408.2 43002.6 0 1104.95 0 0
26300 42315.3 35956.5 0 -2750.57 0 0
26400 40427.4 42515.7 0 -241.032 0 0
26500 40461.8 45972.9 0 3236.61 0 0
26600 39241.7 41125 0 819.543 0 0
26700 40549.3 39049.8 0 1488.36 0 0
26800 41332.3 44923.3 0 485.501 0 0
26900 37814.4 46305.8 0 -1358.91 0 0
27000 37535.9 40598 0 -703.342 0 0
27100 38870.8 44158 0 1665.1 0 0
27200 38107.6 42452.2 0 -1928.32 0 0
27300 41251.7 40970.2 0 190.873 0 0
27400 40665.1 37890 0 904.974 0 0
27500 41499 37666.1 0 2776.81 0 0
27600 44704.2 37555.9 0 85.4905 0 0
27700 37380.3 46162.8 0 679.179 0 0
27800 40081.9 40476.4 0 570.648 0 0
27900 38283.7 40682.3 0 1112.37 0 0
28000 40948.9 38911.3 0 4032.98 0 0
28100 39279.1 44248.5 0 -4408.2 0 0
28200 38943.2 38706.2 0 1719.59 0 0
28300 36599.6 42273.3 0 -260.284 0 0
28400 35815.4 40037.2 0 1668.57 0 0
28500 35563.7 38748.2 0 2255.64 0 0
28600 37437.5 40063.8 0 54.5056 0 0
28700 37627.3 40893.1 0 -622.225 0 0
28800 43442.6 37532.3 0 -1637.23 0 0
28900 39346.4 40962.8 0 3547.07 0 0
29000 42233.9 44000.6 0 -322.39 0 0
29100 38170 36887.8 0 -1941.99 0 0
29200 40514.4 39608.6 0 2971.11 0 0
29300 38357.9 39528.5 0 -882.788 0 0
29400 39431.1 44048.9 0 818.358 0 0
29500 38714.8 36847.8 0 -1105.33 0 0
29600 39815.2 43216.6 0 1982.2 0 0
29700 44074 41198 0 -377.44 0 0
29800 40213.9 43412.3 0 -2702.39 0 0
29900 38216.4 36780.8 0 607.923 0 0
30000 43508.8 41115.5 0 1406.53 0 0
30100 42697 39618.7 0 1144.41 0 0
30200 41560.5 39916.5 0 -1551.14 0 0
30300 38210.6 41224.7 0 787.116 0 0
30400 40928.2 40125.1 0 -356.621 0 0
30500 37201.7 38051.8 0 715.896 0 0
30600 39280.3 45930.9 0 1272.27 0 0
30700 39813.6 38294.1 0 110.971 0 0
30800 37230.7 37942.7 0 833.362 0 0
30900 41198.6 37068.1 0 -1808.48 0 0
31000 38830.9 42161.2 0 -1978.35 0 0
31100 41039.8 39564.2 0 -1109.74 0 0
31200 35594.9 41595.3 0 -3023.87 0 0
31300 44052.9 40604.8 0 -1186.82 0 0
31400 43139.9 40933.7 0 1141.01 0 0
31500 38169.5 41593.3 0 -698.358 0 0
31600 38140.5 41176 0 925.481 0 0
31700 36026 35649.4 0 901.557 0 0
31800 36655.2 36748 0 416.619 0 0
31900 38806.6 38734.6 0 -2025.95 0 0
32000 39615.7 39616.5 0 -151.131 0 0
32100 38455.1 37335.7 0 -1618.86 0 0
32200 40805 38488.2 0 -4644.53 0 0
32300 37697.1 36768.1 0 2032.49 0 0
32400 40724.5 40071.7 0 1478.03 0 0
32500 44103.2 39035.5 0 -1912.58 0 0
32600 40977 37757.1 0 529.474 0 0
32700 41824.6 39965.1 0 -685.771 0 0
32800 41198.9 43508.8 0 366.439 0 0
32900 40510.8 40267.5 0 2247.29 0 0
33000 41936.3 38083.4 0 4590.5 0 0
33100 43542.6 37711.2 0 1248.91 0 0
33200 42085.9 35299.7 0 2407.87 0 0
33300 39897.7 36548.3 0 2096.84 0 0
33400 41166.1 41618.5 0 -914.143 0 0
33500 39917.8 33876.5 0 910.144 0 0
33600 37409.4 35153.3 0 1954.49 0 0
33700 37520.5 39936.4 0 397.267 0 0
33800 36795.4 37302.7 0 -1577 0 0
33900 39338.5 36020 0 28.1617 0 0
34000 34167.7 46379.8 0 420.815 0 0
34100 32495 42645.1 0 -965.576 0 0
34200 34142.9 44916.2 0 5164.24 0 0
34300 37123.7 38539.4 0 2634.59 0 0
34400 37171.8 37626.7 0 -358.486 0 0
34500 41678.4 39790.9 0 -4446.55 0 0
34600 38468.7 34202.8 0 3235.92 0 0
34700 40910.3 39460.5 0 -1502.86 0 0
34800 37424.7 39881.6 0 1326.33 0 0
34900 39273.7 46423.2 0 233.689 0 0
35000 42163.7 40667 0 3739.23 0 0
35100 38453.6 39972.4 0 5142.39 0 0
35200 42600.9 39779.3 0 974.799 0 0
35300 37091.6 43009.6 0 -788.141 0 0
35400 42204.7 39864.9 0 4506.82 0 0
35500 40122.6 38221.8 0 -486.671 0 0
35600 42117 33832.4 0 1390.15 0 0
35700 43664.2 39734.7 0 696.571 0 0
35800 38480.4 37489.9 0 3934.76 0 0
35900 43080.9 40349.6 0 620.787 0 0
36000 39718.9 39802.6 0 1581.61 0 0
36100 42419.7 36628.3 0 783.306 0 0
36200 39191.1 38853 0 1869.89 0 0
36300 43518.8 37434.1 0 1482.29 0 0
36400 38931.3 38822.2 0 5181.91 0 0
36500 39050.4 37761.7 0 2599.44 0 0
36600 37364.7 41162.7 0 -257.666 0 0
36700 39948.9 37379.6 0 -2204.9 0 0
36800 40896.1 38400.2 0 96.9931 0 0
36900 39422.4 37797 0 -1617.11 0 0
37000 40420 39330.9 0 -3875.55 0 0
37100 42703.9 37191.7 0 -3583.4 0 0
37200 40073.9 35515.1 0 -189.688 0 0
37300 39632.1 36410 0 -2009.23 0 0
37400 43601.1 31927.1 0 -1020.23 0 0
37500 39323.2 42791.3 0 -5213.91 0 0
37600 38726.8 36020.8 0 3103.44 0 0
37700 39261 42366.1 0 -663.315 0 0
37800 40082.9 42282 0 -1152.53 0 0
37900 41780 37580.7 0 383.124 0 0
38000 41054 41111.7 0 2494.57 0 0
38100 39996.8 37439 0 870.339 0 0
38200 37301.9 38866.9 0 -2415.09 0 0
38300 37501.1 35995.6 0 1197.21 0 0
38400 40942.7 34475.9 0 2562.87 0 0
38500 41112 38836.6 0 -957.423 0 0
38600 32914.7 41138.6 0 -2216.35 0 0
38700 39115.2 40203.8 0 -3598.18 0 0
38800 40477.8 36562.7 0 1720.59 0 0
38900 42442.8 43322.1 0 -20.6491 0 0
39000 35840.2 40486.4 0 -2287.44 0 0
39100 38085.2 39269.3 0 770.983 0 0
39200 35065.2 44168.3 0 -118.747 0 0
39300 38841.8 42794.7 0 -546.862 0 0
39400 40615.6 40019.2 0 -3415.98 0 0
39500 40075.3 37151.5 0 -1458.59 0 0
39600 38409.7 36606.6 0 95.1135 0 0
39700 36523.2 43135.9 0 458.24 0 0
39800 44267.2 38473.8 0 239.684 0 0
39900 42810.9 39411.5 0 -2187.25 0 0
40000 40773.6 42090.4 0 -1615.41 0 0
40100 36771.2 36562.2 0 -7892.08 0 0
40200 38811.6 42501.5 0 310.466 0 0
40300 39130.3 43290.6 0 -422.485 0 0
40400 44994.3 39314 0 -1519.85 0 0
40500 40936 35573 0 902.114 0 0
40600 41953.6 36903.8 0 1005.81 0 0
40700 42127.6 39661.7 0 1917.35 0 0
40800 47654.7 37033.4 0 -1495.41 0 0
40900 43698.8 44765.4 0 -1823.48 0 0
41000 39509.9 36665.1 0 768.728 0 0
41100 36472.9 43723.9 0 -1678.04 0 0
41200 42338.1 37533.5 0 890.198 0 0
41300 38692.3 35712.9 0 803.59 0 0
41400 37494.1 40203.9 0 -2160.6 0 0
41500 36937.6 39275 0 219.603 0 0
41600 37903.3 40070.2 0 2221.64 0 0
41700 39447.2 38475.6 0 2108.96 0 0
41800 39474.2 37674.1 0 3754.12 0 0
41900 42508.7 36827.7 0 4085.43 0 0
42000 38558.3 41405.8 0 743.566 0 0
42100 39177.1 38375.4 0 477.907 0 0
42200 39935 38534.1 0 -2190.36 0 0
42300 39905.5 40603 0 2194.51 0 0
42400 39208.8 43101 0 -398.915 0 0
42500 39545.6 38795.2 0 2670.59 0 0
42600 40048.4 38934.4 0 -272.176 0 0
42700 42104.2 39365.6 0 1420.33 0 0
42800 43316.2 44540.9 0 2828.71 0 0
42900 43289.8 40734.9 0 3775.79 0 0
43000 35006.1 40619.5 0 -2977.13 0 0
43100 40398.2 37961.6 0 1231.43 0 0
43200 40372.6 42079.9 0 88.3832 0 0
43300 36442.3 42917.4 0 1902.99 0 0
43400 34396.5 43677.2 0 -39.8697 0 0
43500 36795.4 43160 0 1410.01 0 0
43600 41452.3 38733.9 0 -2394.41 0 0
43700 37625.5 39730 0 -3069.02 0 0
43800 41541.7 36236.9 0 -1448.44 0 0
43900 45265.9 35451 0 -1519.25 0 0
44000 38722.8 40963.9 0 3619.13 0 0
44100 39678.8 35741.1 0 2371.94 0 0
44200 42651.5 35668.3 0 861.967 0 0
44300 42786.7 40657.3 0 -1118.81 0 0
44400 44476 39197.3 0 -475.706 0 0
44500 35241.9 40581.4 0 -124.286 0 0
44600 39573.8 37834.6 0 -3962.42 0 0
44700 38339.4 36580 0 -205.219 0 0
44800 39020.9 37378 0 2699.22 0 0
44900 39459.6 41733.8 0 133.802 0 0
45000 40277.3 38012.4 0 2712.25 0 0
45100 38458.7 41167.7 0 832.238 0 0
45200 41893.9 39488.4 0 1189.43 0 0
45300 43013.6 39764.9 0 -20.6254 0 0
45400 43131.8 38098.6 0 685.615 0 0
45500 38747.8 40996.2 0 27.9517 0 0
45600 43511.6 37979.4 0 -322.885 0 0
45700 41154.3 44167.9 0 -1160.11 0 0
45800 36967.6 39548.9 0 3539.88 0 0
45900 41468.5 41783.3 0 3676.4 0 0
46000 41551.1 40389.6 0 1490.82 0 0
46100 41420.3 36870.4 0 -2331.09 0 0
46200 41248.8 37823.3 0 1958.21 0 0
46300 39093 41899.3 0 1686.31 0 0
46400 44531.2 40644.6 0 546.636 0 0
46500 42604.7 42217.3 0 -730.446 0 0
46600 41906.5 39292.8 0 1168.75 0 0
46700 41437 37661.4 0 1409.18 0 0
46800 40194.9 37259.7 0 256.722 0 0
46900 38663.2 34333.4 0 -587.464 0 0
47000 40144.1 38435.7 0 -1080.68 0 0
47100 42626.7 37369 0 2505.46 0 0
47200 38898.3 44158.8 0 -2107.73 0 0
47300 41260.7 40034.4 0 -3972.5 0 0
47400 41641.2 42334.2 0 -373.327 0 0
47500 44822.8 41442.3 0 2.30695 0 0
47600 40518.3 40334.4 0 -260.397 0 0
47700 38889.4 40991.9 0 -3417.25 0 0
47800 42785.1 39176.1 0 -1368.1 0 0
47900 37087.8 42867.7 0 996.254 0 0
48000 45316.5 40791.8 0 -2309.42 0 0
48100 42297.1 41861.5 0 -3214.03 0 0
48200 39715.7 40763.9 0 -1270.24 0 0
48300 40545 42715.2 0 -1338.68 0 0
48400 38776 40498.9 0 1104.84 0 0
48500 40787.7 41454.1 0 -3733.9 0 0
48600 41001 41356 0 -555.462 0 0
48700 41021.2 40461 0 -582.889 0 0
48800 40322.2 43007.1 0 -13.9847 0 0
48900 36544.5 40885 0 -263.357 0 0
49000 42494.7 41621.5 0 -879.566 0 0
49100 40088.1 43110.1 0 -1031.36 0 0
49200 39407.6 43859.1 0 -88.2777 0 0
49300 36324.1 40906 0 -933.42 0 0
49400 41522.1 40138.9 0 -422.628 0 0
49500 41224.3 41848.2 0 2872.87 0 0
49600 42344 40491.4 0 628 0 0
49700 42202 38918.3 0 -270.878 0 0
49800 41697.6 39776.5 0 934.037 0 0
49900 42067.8 40348.8 0 1850.61 0 0
50000 43368 44220.8 0 301.724 0 0
