# Time-averaged data for fix ps1
# TimeStep c_thermo_press[1] c_thermo_press[2] c_thermo_press[3] c_thermo_press[4] c_thermo_press[5] c_thermo_press[6]
0 -50907.9 -53183.3 0 -241.17 0 0
100 -51521.5 -49779.6 0 -985.97 0 0
200 -51641 -52317 0 -949.143 0 0
300 -49427.1 -52226.4 0 -1060.92 0 0
400 -51843.4 -51410.4 0 -2243.08 0 0
500 -49610 -51674.5 0 -2263.27 0 0
600 -49541.5 -51406 0 -2843.39 0 0
700 -52358 -52943.3 0 -2782.44 0 0
800 -52192.3 -51359.8 0 -3485.57 0 0
900 -50228.4 -51692 0 -4344.8 0 0
1000 -49884.2 -51607.7 0 -4215.99 0 0
1100 -51350.1 -52228.1 0 -3215.32 0 0
1200 -51482.4 -50976.3 0 -3183.58 0 0
1300 -50083.7 -50591 0 -3895.41 0 0
1400 -51749.3 -53225.3 0 -5566.19 0 0
1500 -52381.5 -50321.3 0 -4215.54 0 0
1600 -51229.7 -51736.9 0 -5810.09 0 0
1700 -50475.5 -49516 0 -4446.12 0 0
1800 -54737.5 -52599.1 0 -6651.57 0 0
1900 -49766.5 -51013.4 0 -5640.54 0 0
2000 -53439 -51944.5 0 -5744.06 0 0
2100 -48814.8 -50438.8 0 -6054.7 0 0
2200 -48055.5 -50841.2 0 -7329.34 0 0
2300 -50635.4 -50133.5 0 -5991.05 0 0
2400 -49061.9 -50990.6 0 -7082.81 0 0
2500 -51614.7 -52473.2 0 -5337.85 0 0
2600 -49011.1 -51864.3 0 -5702.18 0 0
2700 -49294.6 -52457.4 0 -6543.19 0 0
2800 -51426.6 -52664.1 0 -6747.09 0 0
2900 -47646.9 -50037.8 0 -6970.52 0 0
3000 -52431.8 -49510.3 0 -5716.23 0 0
3100 -49674.1 -51605.2 0 -5039.46 0 0
3200 -51821.5 -51732.1 0 -5764.96 0 0
3300 -52481.4 -50027 0 -4562.05 0 0
3400 -49228.1 -50642.3 0 -6395.27 0 0
3500 -54078 -48580 0 -5156.06 0 0
3600 -51171.5 -50072.5 0 -4418.07 0 0
3700 -51086.2 -51308.5 0 -4928.39 0 0
3800 -50264.6 -51019.3 0 -3474.38 0 0
3900 -51385.5 -54206 0 -4110.58 0 0
4000 -50313.4 -52814 0 -4846.27 0 0
4100 -50887.7 -49870 0 -2966.14 0 0
4200 -47875.4 -51623.6 0 -3239.96 0 0
4300 -49705.7 -51796.2 0 -2379.8 0 0
4400 -51320.2 -51432.3 0 -1443.52 0 0
4500 -48598.9 -52058 0 -1940.86 0 0
4600 -51858.4 -51205.8 0 -1940.33 0 0
4700 -52238 -51023.6 0 -852.953 0 0
4800 -48808.6 -51805.8 0 1527.1 0 0
4900 -49391.8 -52040.9 0 287.426 0 0
5000 -52138.5 -50171.2 0 -1394.89 0 0
5100 -51606.6 -52893.3 0 -169.123 0 0
5200 -50469 -49700.4 0 -262.266 0 0
5300 -50405.4 -52630.9 0 -222.134 0 0
5400 -51178.7 -51285.5 0 1253.91 0 0
5500 -53230.6 -49998.3 0 2638.75 0 0
5600 -48307.7 -52571.6 0 2498.17 0 0
5700 -49427.2 -53069.6 0 2784.1 0 0
5800 -51046.6 -50533.1 0 3197.65 0 0
5900 -50211.7 -50694 0 4130.91 0 0
6000 -49875.8 -50605.6 0 4164.57 0 0
6100 -52088 -51336.8 0 4543.08 0 0
6200 -51997.3 -52667.4 0 3619.72 0 0
6300 -53068.6 -50438 0 4949.22 0 0
6400 -49604.8 -52163.9 0 3764.49 0 0
6500 -50916 -49953.6 0 4681.96 0 0
6600 -48785.3 -50188.1 0 4697.98 0 0
6700 -51132.3 -52807.9 0 3399.76 0 0
6800 -50274.8 -52032.4 0 5076.67 0 0
6900 -48720.9 -53257 0 7289.01 0 0
7000 -50498.4 -51056.8 0 3542.76 0 0
7100 -51173.2 -52381.4 0 5720.45 0 0
7200 -51022.9 -50688.4 0 6781.13 0 0
7300 -53273.6 -49482 0 5759.62 0 0
7400 -49686 -52167.1 0 7229.81 0 0
7500 -50347.7 -51520.8 0 6626.31 0 0
7600 -51398.9 -50793.4 0 6540.26 0 0
7700 -50981.4 -51210.3 0 6296.72 0 0
7800 -50021.2 -52648.8 0 4979.12 0 0
7900 -52934.8 -51774.8 0 4571.12 0 0
8000 -49385.5 -51000.3 0 5563.66 0 0
8100 -52172.5 -52092 0 5855.03 0 0
8200 -49892.5 -48673.5 0 4360.51 0 0
8300 -51766.1 -48796.3 0 4209.96 0 0
8400 -52119.9 -51108 0 6028.7 0 0
8500 -50298.8 -48870.5 0 5414.09 0 0
8600 -51348.6 -49898 0 6157.25 0 0
8700 -48914.2 -51565.4 0 3232.29 0 0
8800 -50305.8 -51686.4 0 4317.52 0 0
8900 -50852.9 -50278.6 0 4155.45 0 0
9000 -51499.4 -51583.1 0 2546.01 0 0
9100 -52056.3 -49693.7 0 3680.12 0 0
9200 -49484.5 -50250.2 0 3590.11 0 0
9300 -50921.5 -50697.6 0 928.937 0 0
9400 -49826.3 -52629.5 0 3823.61 0 0
9500 -50452.2 -51488.9 0 990.154 0 0
9600 -51106.6 -51837.7 0 577.676 0 0
9700 -49090.8 -51217.8 0 1276.62 0 0
9800 -49431.4 -51343.1 0 437.894 0 0
9900 -49666.9 -52017.4 0 -1484.81 0 0
10000 -53225.3 -49880.1 0 472.925 0 0
10100 -51517.2 -49649.8 0 -212.975 0 0
10200 -50082 -52214.7 0 271.647 0 0
10300 -50905.9 -51158.1 0 -1769.52 0 0
10400 -51543.6 -51717.2 0 -1224.13 0 0
10500 -51396.6 -53010.4 0 -1041.34 0 0
10600 -51470 -50100.6 0 -2237.06 0 0
10700 -49012.4 -50223.5 0 -2280.67 0 0
10800 -50092.6 -50885.4 0 -1869.02 0 0
10900 -50948.9 -52649.7 0 -2723.87 0 0
11000 -49946.7 -51634.5 0 -2466.06 0 0
11100 -49823.2 -50605.4 0 -3881.33 0 0
11200 -51790.4 -51354.7 0 -3933.52 0 0
11300 -49567.2 -53560.3 0 -4578.3 0 0
11400 -52938 -51165.7 0 -4321.1 0 0
11500 -49389.9 -52232.2 0 -6936.09 0 0
11600 -51201.7 -50223.5 0 -5894.4 0 0
11700 -50821.9 -51046.9 0 -5372.12 0 0
11800 -48365.6 -50264.3 0 -4776 0 0
11900 -51497.6 -52019 0 -6279.81 0 0
12000 -49234 -51944.1 0 -5408.2 0 0
12100 -50502.9 -54244.8 0 -5992.56 0 0
12200 -50821.2 -51774 0 -7032.19 0 0
12300 -49492.6 -50587.9 0 -5560.42 0 0
12400 -52225.3 -50010.8 0 -7059.92 0 0
12500 -51293 -53039.9 0 -6271.37 0 0
12600 -53364.9 -49281.1 0 -5736.17 0 0
12700 -51893.5 -50564.9 0 -5918.9 0 0
12800 -49605.2 -49376.2 0 -6131.18 0 0
12900 -48508.4 -50807.4 0 -4230.77 0 0
13000 -48496.5 -53791.6 0 -5415.77 0 0
13100 -49722.5 -52680.5 0 -4438.73 0 0
13200 -51688.7 -53088 0 -5362.15 0 0
13300 -48724.3 -50406.9 0 -5068.94 0 0
13400 -50351.1 -52288.3 0 -5018.75 0 0
13500 -49719.7 -52861.9 0 -4564.33 0 0
13600 -51516.2 -52221.5 0 -5591.68 0 0
13700 -49360.7 -52885.3 0 -4299.29 0 0
13800 -49495.9 -53149.4 0 -3514.48 0 0
13900 -50900.5 -52051.5 0 -2052.82 0 0
14000 -49551.7 -50893.4 0 -3463.17 0 0
14100 -49945.1 -50017.1 0 -3941.86 0 0
14200 -47023.9 -53606.8 0 -3679.47 0 0
14300 -50970.6 -51258.1 0 -3372.88 0 0
14400 -49029.1 -52751.4 0 -2249.35 0 0
14500 -48955.5 -51774.2 0 -28.9943 0 0
14600 -49479 -49731.2 0 335.805 0 0
14700 -50976.1 -52064.6 0 318.745 0 0
14800 -51229.4 -52760.7 0 -1714.36 0 0
14900 -51172 -50250.3 0 -693.068 0 0
15000 -50832.6 -53100.4 0 1324.74 0 0
15100 -50181.3 -51070 0 1871.15 0 0
15200 -51201 -51720.4 0 200.094 0 0
15300 -51158 -51579.5 0 217.394 0 0
15400 -49601 -50084.3 0 2825.17 0 0
15500 -51966.2 -51758.8 0 3165.13 0 0
15600 -49246.8 -48700.1 0 3582.34 0 0
15700 -51943.9 -52035.2 0 3290.42 0 0
15800 -51958 -52719.7 0 4522.37 0 0
15900 -50017.1 -52238 0 2225.43 0 0
16000 -50425.9 -52156.3 0 3908.24 0 0
16100 -50206.8 -50459 0 5779.04 0 0
16200 -49590.3 -51713.1 0 3434.04 0 0
16300 -50455.2 -52130.7 0 3821.97 0 0
16400 -51615.2 -49924.2 0 5141.99 0 0
16500 -50410.7 -52357.2 0 4970 0 0
16600 -50819.8 -51991.7 0 3255.98 0 0
16700 -52298.8 -51691.4 0 4446.5 0 0
16800 -52061.7 -51048.6 0 5588.71 0 0
16900 -50262.4 -51077.1 0 5500.52 0 0
17000 -50881.9 -54072.7 0 3941.42 0 0
17100 -50780.8 -52058 0 6760.14 0 0
17200 -50293.2 -51414 0 5559.12 0 0
17300 -52265.4 -53237.7 0 5721.48 0 0
17400 -50811.5 -51911.2 0 4699.36 0 0
17500 -50155.9 -52384.2 0 5331.92 0 0
17600 -51807.7 -49192.2 0 6806.64 0 0
17700 -49218.7 -52570.1 0 4559.33 0 0
17800 -50992.4 -51034.9 0 7194.7 0 0
17900 -50575.2 -51795 0 6588.55 0 0
18000 -50984.7 -51976.6 0 5646.18 0 0
18100 -50256.9 -48385.4 0 6235.37 0 0
18200 -50680.7 -49108 0 4422.03 0 0
18300 -50779.2 -52576.7 0 5545.53 0 0
18400 -50099.2 -51059.5 0 4935.45 0 0
18500 -51294.4 -50456.9 0 5117.15 0 0
18600 -51015.6 -51200.4 0 3971.45 0 0
18700 -50361.2 -51272.2 0 5615.36 0 0
18800 -51413.1 -50182.6 0 4730.01 0 0
18900 -50179.8 -51854.4 0 6170.8 0 0
19000 -51644.8 -51991.2 0 4758.79 0 0
19100 -51922.8 -51973.5 0 3279.46 0 0
19200 -50945.8 -52382.1 0 3775.48 0 0
19300 -49099.2 -51380.2 0 3319.19 0 0
19400 -49828.5 -51163.2 0 3423.51 0 0
19500 -50948 -51253.1 0 490.907 0 0
19600 -51767.8 -51439.4 0 2722.38 0 0
19700 -51564.2 -53716.7 0 -169.306 0 0
19800 -50771.3 -49798.6 0 1235.2 0 0
19900 -52872.9 -49706.9 0 1468.97 0 0
20000 -48931.8 -50505.1 0 -451.406 0 0
20100 -50348.9 -53536.5 0 1902.62 0 0
20200 -49404.5 -50150.5 0 -579.18 0 0
20300 -51160.6 -48202.9 0 61.8976 0 0
20400 -49412 -52119.4 0 -3247.7 0 0
20500 -50161.6 -52432 0 -1603.04 0 0
20600 -51260 -49515.7 0 -882.275 0 0
20700 -50684.1 -49622.9 0 -2836.1 0 0
20800 -52051.9 -51595.3 0 -4106.12 0 0
20900 -52953 -50687.3 0 -3536.92 0 0
21000 -50243.6 -51649.6 0 -2748.51 0 0
21100 -50273.8 -52127.8 0 -2958.25 0 0
21200 -50903.3 -50759.8 0 -2380.37 0 0
21300 -49317.2 -51536.3 0 -5476.17 0 0
21400 -51434.8 -51371 0 -4020.48 0 0
21500 -50840.4 -54401.1 0 -5079.58 0 0
21600 -50423.6 -51908.5 0 -4365 0 0
21700 -49618 -53017.4 0 -3287.27 0 0
21800 -52881.3 -50980.9 0 -7359.46 0 0
21900 -51934.5 -49963.6 0 -5096.63 0 0
22000 -52342.6 -52049.7 0 -5422.08 0 0
22100 -51036.2 -52771.1 0 -6497.8 0 0
22200 -50431.5 -52014.2 0 -5681.67 0 0
22300 -49387.7 -53670.1 0 -7356.39 0 0
22400 -49601.1 -52054.2 0 -5728.81 0 0
22500 -48711.6 -52339 0 -5675.73 0 0
22600 -51471.1 -52124.1 0 -7119.99 0 0
22700 -49085.4 -52986.8 0 -5140.94 0 0
22800 -49996.9 -50490.8 0 -5604.33 0 0
22900 -51342 -52454.8 0 -5313.02 0 0
23000 -50809.4 -52283.4 0 -4384.63 0 0
23100 -49858.9 -52313.3 0 -4311.75 0 0
23200 -51654.7 -50335.3 0 -6273.88 0 0
23300 -52470 -49685.1 0 -8257.73 0 0
23400 -53280.3 -50853.8 0 -4455.75 0 0
23500 -49586 -51123.3 0 -3003.12 0 0
23600 -49810 -51656.4 0 -4875.53 0 0
23700 -48954.8 -51787 0 -3540.9 0 0
23800 -50550.2 -53353.3 0 -2755.17 0 0
23900 -49451.5 -52775.6 0 -3237.76 0 0
24000 -51770.1 -51083.2 0 -4277.28 0 0
24100 -51914.9 -49757.9 0 -2348.86 0 0
24200 -49653.5 -51624.2 0 -3258.77 0 0
24300 -48739 -55528.9 0 -2501.58 0 0
24400 -49630 -52170.7 0 -1590.95 0 0
24500 -51122.9 -50915.2 0 -737.662 0 0
24600 -51156.8 -51536.8 0 -1045.51 0 0
24700 -52624.1 -52143.5 0 -336.202 0 0
24800 -50806.1 -51517.8 0 -1315.62 0 0
24900 -51353.6 -49264 0 -1734.63 0 0
25000 -50027.1 -52134.7 0 265.052 0 0
25100 -51291.4 -51135.5 0 -525.609 0 0
25200 -52314 -52143.4 0 830.296 0 0
25300 -49940.4 -52065.2 0 1625.55 0 0
25400 -48414.3 -51315.2 0 3748.13 0 0
25500 -52398.1 -51458.3 0 2068.69 0 0
25600 -51712.8 -51517.6 0 2046.88 0 0
25700 -50920.6 -52919.4 0 2364.33 0 0
25800 -49446 -54007.8 0 4123.5 0 0
25900 -50229.7 -51110.5 0 4311.25 0 0
26000 -50428.2 -52972.2 0 3067.08 0 0
26100 -49678.7 -51512.1 0 3970.74 0 0
26200 -48138.4 -51474.5 0 4885.55 0 0
26300 -49884 -52014.9 0 4358.44 0 0
26400 -52707 -52074.4 0 3669.58 0 0
26500 -48565.3 -51042.1 0 3046.69 0 0
26600 -49095.5 -51687.5 0 4110.59 0 0
26700 -53220.8 -50493.6 0 6595.02 0 0
26800 -51587.1 -50917.5 0 3654.37 0 0
26900 -51293.8 -51423.8 0 6197.31 0 0
27000 -50123.8 -47993.7 0 5111.26 0 0
27100 -51835.4 -53749.8 0 6728.21 0 0
27200 -49297.1 -53355 0 6595.44 0 0
27300 -51641.7 -52829.5 0 5421.61 0 0
27400 -51587.2 -50925.9 0 6584.66 0 0
27500 -50732.5 -50569.1 0 8351.35 0 0
27600 -50268.7 -52245.1 0 4926.89 0 0
27700 -51517.9 -50080.3 0 6648.27 0 0
27800 -50656.2 -52582 0 5993.23 0 0
27900 -49399.5 -50949.6 0 6019.76 0 0
28000 -51620.9 -52719.1 0 6673.99 0 0
28100 -51826.5 -51281 0 6904.2 0 0
28200 -48303.1 -51844.9 0 7266.67 0 0
28300 -51384.6 -51247.2 0 6029.15 0 0
28400 -54179.1 -51155 0 3311.43 0 0
28500 -52434 -49876.4 0 4902.28 0 0
28600 -48163 -51464.8 0 4960.64 0 0
28700 -49980 -52284.6 0 3967.1 0 0
28800 -51627.8 -51573.7 0 4917.75 0 0
28900 -50631.6 -53606.2 0 3797.26 0 0
29000 -51283.9 -52398.1 0 2903.22 0 0
29100 -50905.1 -50820.5 0 3330.69 0 0
29200 -50010.9 -50676.6 0 1617.07 0 0
29300 -51695.9 -49931.2 0 3752.89 0 0
29400 -51220.1 -51063.1 0 3431.24 0 0
29500 -50328.8 -51346.6 0 2326.83 0 0
29600 -49396.1 -51917.5 0 1144.84 0 0
29700 -49275.5 -53832.1 0 2151.9 0 0
29800 -50691.1 -51003.6 0 506.164 0 0
29900 -52095.9 -50633.7 0 470.928 0 0
30000 -49167.1 -52818.8 0 761.392 0 0
30100 -50673.8 -51166.8 0 -534.74 0 0
30200 -48027 -52224.9 0 393.093 0 0
30300 -48863.2 -51950.3 0 -1883.14 0 0
30400 -52089.3 -50627.4 0 -0.90357 0 0
30500 -50298.2 -48921.8 0 -898.037 0 0
30600 -52141.4 -53361.2 0 -3275.85 0 0
30700 -52834.5 -53174.1 0 -3366.19 0 0
30800 -50128.2 -51849.9 0 -2832 0 0
30900 -51103.8 -51023.3 0 -4931.04 0 0
31000 -48671.6 -49911.5 0 -2104.55 0 0
31100 -49801.6 -52043.3 0 -2834.36 0 0
31200 -53205 -53768 0 -3412.53 0 0
31300 -51267.1 -51375.8 0 -3175.57 0 0
31400 -52278.5 -49884.8 0 -3192.8 0 0
31500 -52409.4 -50930.1 0 -4477.73 0 0
31600 -51340.2 -52320.6 0 -6318.18 0 0
31700 -51384 -53222.6 0 -5661.93 0 0
31800 -50392.4 -52374.8 0 -4808.96 0 0
31900 -52286.3 -52674.3 0 -5460.2 0 0
32000 -49788.2 -51400.5 0 -4800.07 0 0
32100 -52721.4 -53355 0 -6290.41 0 0
32200 -52548 -49483.4 0 -6279.97 0 0
32300 -51123.4 -52954.4 0 -6541.1 0 0
32400 -51714 -53534.7 0 -6685.49 0 0
32500 -51524.2 -51165.9 0 -6401.55 0 0
32600 -52813.9 -53410.6 0 -5913 0 0
32700 -48546.4 -52025.2 0 -6693.71 0 0
32800 -51285.2 -50964.8 0 -4923.48 0 0
32900 -49392.2 -53450.7 0 -6178.8 0 0
33000 -50400.9 -50898.7 0 -6502.92 0 0
33100 -51573.1 -53572 0 -5865.4 0 0
33200 -49048.5 -49527.9 0 -7464.29 0 0
33300 -49884.9 -50324.2 0 -4771.91 0 0
33400 -49825 -52148.9 0 -5714.84 0 0
33500 -51366.1 -50128.7 0 -4469.46 0 0
33600 -51338.4 -51991 0 -6189.1 0 0
33700 -50762.2 -52290.7 0 -7209.51 0 0
33800 -51320 -51943.4 0 -3880.34 0 0
33900 -51099.9 -50425.8 0 -3000.68 0 0
34000 -51197.3 -52549.8 0 -2672.85 0 0
34100 -50606.7 -54659.6 0 -3433.41 0 0
34200 -49585.3 -50379.8 0 -2461.55 0 0
34300 -50706.3 -49955.8 0 -2480.89 0 0
34400 -51718.2 -52247.1 0 -1553.75 0 0
34500 -50275 -53437.6 0 -1452.58 0 0
34600 -50848 -49713.2 0 -3688.8 0 0
34700 -49998.5 -49578 0 -1823.83 0 0
34800 -49064.2 -52260.6 0 -1681.56 0 0
34900 -53582.6 -51301.8 0 -1420.9 0 0
35000 -51358 -51802.9 0 -242.924 0 0
35100 -50612.2 -50680.3 0 831.136 0 0
35200 -49864.6 -50996.3 0 1026.63 0 0
35300 -49608 -50339.3 0 432.425 0 0
35400 -49239 -49770.5 0 2706.48 0 0
35500 -51587.1 -49710.6 0 3330.89 0 0
35600 -53644.5 -46873.6 0 2498.38 0 0
35700 -50635.2 -52102.6 0 3728.77 0 0
35800 -51022.5 -52030.4 0 3098.08 0 0
35900 -50283.4 -50877.3 0 3524.88 0 0
36000 -50379.8 -51158.6 0 2713.34 0 0
36100 -52482.1 -50082.8 0 4030.18 0 0
36200 -51341.6 -50621.4 0 3970.51 0 0
36300 -50079.6 -50729.3 0 5649.07 0 0
36400 -50113.9 -53010.6 0 5205.29 0 0
36500 -50769.3 -52250.4 0 4478.56 0 0
36600 -50664.2 -51702.2 0 5275.85 0 0
36700 -49424.5 -51499.1 0 4662 0 0
36800 -50649.4 -51843.6 0 4946.7 0 0
36900 -51488.7 -50608.7 0 3084.22 0 0
37000 -50612.4 -51191.4 0 4406.4 0 0
37100 -50559.7 -50205.7 0 5535.55 0 0
37200 -52365.8 -51754.2 0 4792.86 0 0
37300 -52201.6 -51588.3 0 4933.23 0 0
37400 -52496.9 -51294.7 0 4665.24 0 0
37500 -52701.1 -48808.2 0 2961.64 0 0
37600 -52622.8 -50652.3 0 5374.7 0 0
37700 -49460.6 -50938 0 5544.88 0 0
37800 -52885.5 -51927 0 5005.83 0 0
37900 -50786.9 -50962.8 0 4678.38 0 0
38000 -50129.4 -53079.5 0 3957.27 0 0
38100 -53251 -49558.8 0 4786.35 0 0
38200 -49411.2 -47989.5 0 6547.41 0 0
38300 -51516.7 -49493 0 5238.04 0 0
38400 -53487.8 -52580 0 4590.97 0 0
38500 -50414.5 -52367 0 5190.13 0 0
38600 -50124.3 -51914.1 0 4565.91 0 0
38700 -51577.9 -49557.9 0 3663.24 0 0
38800 -51293.9 -51243.7 0 5856.71 0 0
38900 -50762.7 -48728.9 0 4412.51 0 0
39000 -51933.9 -50349.3 0 3420.8 0 0
39100 -51568.6 -49151 0 1620.39 0 0
39200 -50938 -50325.8 0 3785.75 0 0
39300 -49302 -51688.9 0 3328.27 0 0
39400 -51938 -50007.8 0 1190.39 0 0
39500 -51012 -51725.6 0 1059.43 0 0
39600 -50923.1 -49727.1 0 301.366 0 0
39700 -52645.3 -51123.6 0 2726.32 0 0
39800 -50899.3 -51318.7 0 -336.007 0 0
39900 -50329.3 -52371.6 0 -890.991 0 0
40000 -50909.3 -51713.2 0 -834.722 0 0
40100 -49495.6 -52488.7 0 263.845 0 0
40200 -50039.5 -52130.2 0 -834.431 0 0
40300 -51659.7 -49523.1 0 -2711.92 0 0
40400 -52008.5 -51944.8 0 -2000.3 0 0
40500 -50664.1 -50727.4 0 -3948.18 0 0
40600 -51159.2 -50367.4 0 -817.842 0 0
40700 -51347.5 -50249.6 0 -1319.44 0 0
40800 -51228.9 -50418.9 0 -2369.13 0 0
40900 -51261.2 -52320.7 0 -2578.64 0 0
41000 -52412.7 -50256.7 0 -2367.22 0 0
41100 -50812.3 -50812.4 0 -3598.83 0 0
41200 -49058.4 -51039.6 0 -5588.65 0 0
41300 -49490.5 -50397.7 0 -4461.14 0 0
41400 -52219.3 -50570.5 0 -4962.67 0 0
41500 -53065.5 -52171.7 0 -5795.21 0 0
41600 -50011.2 -52184 0 -3637.81 0 0
41700 -50381.5 -51156.5 0 -6263.96 0 0
41800 -51531.1 -50786.5 0 -6310.08 0 0
41900 -51936.7 -49583.8 0 -7179.81 0 0
42000 -52009.7 -51470 0 -5335.98 0 0
42100 -48979.9 -50654.5 0 -5077.85 0 0
42200 -50878.7 -50560.6 0 -6774.18 0 0
42300 -50248.3 -51632.9 0 -5728.61 0 0
42400 -49502.1 -50570.3 0 -5972.75 0 0
42500 -52562.5 -48667.9 0 -5151.53 0 0
42600 -51748.3 -51437.5 0 -6267.23 0 0
42700 -48345.3 -48435.8 0 -6448.52 0 0
42800 -52236.1 -50261.6 0 -4525.6 0 0
42900 -51505.7 -49424.1 0 -6520.56 0 0
43000 -50359 -52277.3 0 -6037.14 0 0
43100 -51807.9 -50480 0 -8188.93 0 0
43200 -49012.7 -48234.2 0 -5806.83 0 0
43300 -49521.8 -51940.8 0 -5621.33 0 0
43400 -49950.7 -48342.3 0 -3815.69 0 0
43500 -50743.4 -52806.8 0 -6075.11 0 0
43600 -50350.4 -51241.3 0 -4833.54 0 0
43700 -51615.5 -51119.2 0 -4557.73 0 0
43800 -49884.4 -51513.8 0 -4422.4 0 0
43900 -53559.1 -50112.3 0 -5063.09 0 0
44000 -50807.7 -50777.8 0 -3034.71 0 0
44100 -51548.5 -51689.4 0 -3172.67 0 0
44200 -53955.3 -48241.1 0 -3757.56 0 0
44300 -49175.6 -51178.9 0 -1211.71 0 0
44400 -50956.5 -50239.8 0 -1926.7 0 0
44500 -49641.8 -49810.5 0 -2481.76 0 0
44600 -52538.4 -51755.3 0 -2381.27 0 0
44700 -51234.6 -50210.9 0 -976.379 0 0
44800 -49904.5 -50746.1 0 -635.358 0 0
44900 -49384.8 -51736 0 -173.496 0 0
45000 -53177 -49983.5 0 222.489 0 0
45100 -50888.3 -52371.9 0 130.728 0 0
45200 -50153.5 -52514.2 0 1650.12 0 0
45300 -52368.7 -51862.1 0 1427.42 0 0
45400 -50873.7 -53158.9 0 1959.89 0 0
45500 -51283.2 -51635.3 0 -240.119 0 0
45600 -49867.9 -49101.5 0 598.84 0 0
45700 -50337.4 -50120.4 0 2265.07 0 0
45800 -49837.9 -51002 0 916.707 0 0
45900 -50588.6 -52432.1 0 2292.67 0 0
46000 -51410.2 -51235.3 0 3275.82 0 0
46100 -51188.8 -54123.7 0 1974.71 0 0
46200 -53350.1 -51064.3 0 4067.41 0 0
46300 -49065.5 -51996.1 0 3163.72 0 0
46400 -52577.3 -51129.8 0 4311.56 0 0
46500 -52122.7 -52958.6 0 3623.68 0 0
46600 -52231.9 -51014.6 0 5709.66 0 0
46700 -53647.2 -49870.5 0 4669.36 0 0
46800 -50749.7 -52338.1 0 6438.55 0 0
46900 -50714.2 -50358.6 0 6845.62 0 0
47000 -50817.4 -49899 0 4859.27 0 0
47100 -51186.2 -53205.4 0 5568.77 0 0
47200 -51876.8 -51055.2 0 7115.42 0 0
47300 -51663.7 -52605.9 0 5713.17 0 0
47400 -53250.6 -50464.3 0 6181.98 0 0
47500 -50469.8 -50192.5 0 4726.42 0 0
47600 -51940.1 -52494.2 0 4953.31 0 0
47700 -52015.1 -51828.8 0 6294.2 0 0
47800 -53153.5 -49843.7 0 8478.61 0 0
47900 -49727.7 -49720.1 0 5076.85 0 0
48000 -49195.1 -52589 0 5225.55 0 0
48100 -49129.3 -50483.5 0 5499.24 0 0
48200 -51392.2 -51178.8 0 4151.69 0 0
48300 -49607.5 -52922.3 0 3808.07 0 0
48400 -50595 -53440.1 0 4531.51 0 0
48500 -48257.9 -51973.5 0 3013.64 0 0
48600 -52516.3 -49479.4 0 3363.88 0 0
48700 -52212.6 -50881.1 0 3212.39 0 0
48800 -48709.5 -50855.7 0 3985.52 0 0
48900 -49151.3 -51362.6 0 4001.27 0 0
49000 -50455.9 -51054.8 0 1552.4 0 0
49100 -51752.1 -52835.9 0 669.846 0 0
49200 -50532.4 -50608.8 0 2961.58 0 0
49300 -49297.1 -50113.1 0 830.877 0 0
49400 -50197.3 -50971.5 0 2358.69 0 0
49500 -51750 -52782.3 0 516.759 0 0
49600 -52008.1 -51728.2 0 249.658 0 0
49700 -51813.1 -50927.8 0 1635.76 0 0
49800 -51825.5 -50165.6 0 489.869 0 0
49900 -50281.9 -52350.3 0 354.58 0 0
50000 -52420.1 -52072.6 0 -1081.27 0 0
