# Time-averaged data for fix ps1
# TimeStep c_thermo_press[1] c_thermo_press[2] c_thermo_press[3] c_thermo_press[4] c_thermo_press[5] c_thermo_press[6]
0 -41304.9 -43236 0 1151.02 0 0
100 -44544.3 -40600.4 0 1114.15 0 0
200 -40946.9 -41644.1 0 579.857 0 0
300 -42322 -39370.9 0 -623.148 0 0
400 -43811.8 -40784.4 0 -567.412 0 0
500 -44396 -40722.8 0 -523.702 0 0
600 -43951.1 -42569.3 0 -1505.78 0 0
700 -42922.9 -45132.7 0 -3404.1 0 0
800 -43339.2 -42097.8 0 -1499.45 0 0
900 -42899.3 -41971.9 0 -3953.85 0 0
1000 -39503.6 -41092.8 0 -5255.35 0 0
1100 -44013.9 -39979.8 0 -1474.46 0 0
1200 -42192.3 -44869.9 0 -3593.91 0 0
1300 -43170 -39858.7 0 -2924.84 0 0
1400 -41859.5 -42293 0 -3001.66 0 0
1500 -44856.9 -41080.1 0 -4838.09 0 0
1600 -42919.7 -40945.2 0 -2578.82 0 0
1700 -44513.3 -39949.3 0 -5158.52 0 0
1800 -43913.8 -41687.8 0 -4333.91 0 0
1900 -41661.8 -42818.4 0 -3718.73 0 0
2000 -42488.7 -40731.8 0 -5177.11 0 0
2100 -43417.5 -43074.9 0 -3556.87 0 0
2200 -42864.3 -42945.4 0 -5690.28 0 0
2300 -44893.5 -40913.6 0 -5049.94 0 0
2400 -44072 -41757.8 0 -4160.08 0 0
2500 -45067.9 -40631.8 0 -4951.05 0 0
2600 -42896.6 -43525.8 0 -3679.62 0 0
2700 -41250.1 -38908 0 -4515.83 0 0
2800 -44499.8 -42178.8 0 -3893.32 0 0
2900 -42563.8 -40209.7 0 -4121.61 0 0
3000 -46977.2 -42704.8 0 -4328.87 0 0
3100 -45413.5 -41069.3 0 -5110.05 0 0
3200 -43725.5 -39882.5 0 -2796.08 0 0
3300 -44145.6 -41506.6 0 -4710.29 0 0
3400 -42357.6 -41569.9 0 -3982.5 0 0
3500 -45472 -40472.4 0 -4128.55 0 0
3600 -43660.2 -41127.6 0 -3755.2 0 0
3700 -45110.8 -40789.7 0 -3612.66 0 0
3800 -44053.3 -42428.5 0 -2345.56 0 0
3900 -42553.3 -40920.3 0 -1094.25 0 0
4000 -41473.4 -43241.8 0 -3244.89 0 0
4100 -41170.7 -42265.2 0 -1387.16 0 0
4200 -42091.7 -44523.3 0 -1883.78 0 0
4300 -43642.5 -39008.4 0 -1485.1 0 0
4400 -45427.4 -43335.4 0 -2163.2 0 0
4500 -43821.7 -42550.7 0 -1393.99 0 0
4600 -42560.7 -42708.3 0 -671.505 0 0
4700 -41413.3 -42896.6 0 -1150.38 0 0
4800 -43895.4 -41821 0 735.202 0 0
4900 -42947 -43577.8 0 871.875 0 0
5000 -41868.5 -40843.2 0 -30.1832 0 0
5100 -43465.5 -41998.7 0 617.514 0 0
5200 -42365 -41218.6 0 979.784 0 0
5300 -45999.1 -40786.9 0 1777.04 0 0
5400 -42335.9 -38939.3 0 1395.68 0 0
5500 -39764.4 -44360 0 3888.4 0 0
5600 -42645.5 -41235.6 0 3426.62 0 0
5700 -43463.7 -40449.1 0 3750.56 0 0
5800 -43220.6 -41699.8 0 2698.44 0 0
5900 -44486.4 -38364.6 0 3592.41 0 0
6000 -42107.8 -40535.4 0 3626.36 0 0
6100 -43351.7 -42001.4 0 2405.69 0 0
6200 -44571.5 -39992.5 0 3967.7 0 0
6300 -45926.9 -39443.6 0 3632.17 0 0
6400 -44088.9 -40376.6 0 4709.39 0 0
6500 -38820.4 -42978 0 5504.13 0 0
6600 -41215.4 -44051.7 0 4174.93 0 0
6700 -39105.7 -41040.7 0 4618.36 0 0
6800 -44367.3 -41165.4 0 4881.15 0 0
6900 -42134 -42826.3 0 4685.22 0 0
7000 -42854.9 -42900 0 5405.45 0 0
7100 -41908.2 -41717 0 6671.56 0 0
7200 -39807.4 -40991.4 0 5430.37 0 0
7300 -40162.3 -40386.7 0 5419.1 0 0
7400 -41805.1 -41972.4 0 5422.41 0 0
7500 -42661.6 -41815.8 0 7527.51 0 0
7600 -43649.8 -37570.8 0 7050.73 0 0
7700 -43057.7 -42896.9 0 6522.53 0 0
7800 -45046.9 -42057.9 0 6589.09 0 0
7900 -42745 -41569.5 0 4069.78 0 0
8000 -42908.5 -40902.7 0 6875.58 0 0
8100 -43221.4 -41240.9 0 6969.49 0 0
8200 -40083.4 -40242.1 0 5034.41 0 0
8300 -42639.5 -42334.3 0 4601.56 0 0
8400 -40371 -40405.1 0 5814.22 0 0
8500 -41694.6 -43464.6 0 6751.69 0 0
8600 -41327.8 -40441.6 0 3868.93 0 0
8700 -42616.8 -40071.3 0 3713.45 0 0
8800 -42899.1 -43011.5 0 5367.8 0 0
8900 -42270.8 -40155.6 0 4431.33 0 0
9000 -42657.3 -43383.7 0 4794.24 0 0
9100 -44146.5 -43222.3 0 4493.17 0 0
9200 -43695.1 -44292.2 0 1460.07 0 0
9300 -40900 -42508.6 0 4533.24 0 0
9400 -42373.6 -41999.3 0 1734.44 0 0
9500 -44839.5 -39661.4 0 2576.99 0 0
9600 -43041 -40964.3 0 4056.94 0 0
9700 -41275.1 -41115.5 0 709.037 0 0
9800 -41419.9 -43408.5 0 1842.07 0 0
9900 -42842.4 -39462 0 1125.7 0 0
10000 -41620.4 -42400.5 0 2763.14 0 0
10100 -44537 -42059 0 -652.475 0 0
10200 -42309.1 -39793.7 0 -551.66 0 0
10300 -40794.5 -43607.3 0 -2202.02 0 0
10400 -41570.8 -42308.4 0 -1469.15 0 0
10500 -42215.1 -42558.4 0 241.297 0 0
10600 -43449.3 -41037.9 0 461.502 0 0
10700 -44523.6 -41864.4 0 -1822.38 0 0
10800 -44393.9 -40018.6 0 -2711.68 0 0
10900 -42782.2 -42390 0 -2150.21 0 0
11000 -43662.4 -42371.7 0 -3808.38 0 0
11100 -42856.6 -42398.1 0 -1624.74 0 0
11200 -43341.5 -42567 0 -5340.87 0 0
11300 -44218.6 -42228.4 0 -5069.36 0 0
11400 -42396.9 -44977.6 0 -4549.41 0 0
11500 -45690.3 -40998.2 0 -4920.39 0 0
11600 -44681.9 -41009.1 0 -2932.27 0 0
11700 -41279.4 -41406 0 -3345.89 0 0
11800 -44572.5 -42302.9 0 -4703.47 0 0
11900 -44448.5 -43150.1 0 -5444.13 0 0
12000 -42716.6 -41867.8 0 -3746.58 0 0
12100 -43532.7 -43389.6 0 -4151.08 0 0
12200 -42791.8 -42566.4 0 -5206.05 0 0
12300 -41882.6 -40411.1 0 -2137.76 0 0
12400 -41175.1 -43217.9 0 -2660.11 0 0
12500 -42200.2 -41433.4 0 -3265.3 0 0
12600 -44375.9 -44108 0 -4769.34 0 0
12700 -40303.3 -41950.4 0 -6273.43 0 0
12800 -45272.2 -41479.2 0 -3873.14 0 0
12900 -44729 -40454.2 0 -3761.61 0 0
13000 -40975.4 -42929.5 0 -3382.05 0 0
13100 -44761.6 -43157.9 0 -2540.26 0 0
13200 -43931.1 -42223.2 0 -2640.52 0 0
13300 -41772.2 -40713.7 0 -1631.15 0 0
13400 -42831.8 -42579.7 0 -4277.23 0 0
13500 -43673.8 -42369 0 -1689.57 0 0
13600 -43581 -42798.9 0 -5173.11 0 0
13700 -41712.4 -42154.3 0 -2844.57 0 0
13800 -42267.5 -42820.6 0 -5057.91 0 0
13900 -42924.2 -41872.6 0 -1509.81 0 0
14000 -41972.2 -42508.8 0 -2974.13 0 0
14100 -42740.8 -43340.7 0 -1818.43 0 0
14200 -43858.6 -42012.2 0 -605.694 0 0
14300 -42045.4 -41508.4 0 -4792.7 0 0
14400 -42635.9 -42556.6 0 -2695.78 0 0
14500 -43378.6 -43032.6 0 -1854.5 0 0
14600 -40635.3 -39419.2 0 -2279.44 0 0
14700 -43366.6 -39585.4 0 -379.728 0 0
14800 -41791.5 -42058.5 0 564.111 0 0
14900 -44747.4 -41927.2 0 533.544 0 0
15000 -42384.2 -43540.5 0 1425.71 0 0
15100 -43801.9 -43876.3 0 749.319 0 0
15200 -42871.1 -44647.5 0 2597.74 0 0
15300 -42617.2 -44143.1 0 1488.23 0 0
15400 -43444.2 -42454.1 0 1479.48 0 0
15500 -43704.4 -42104.5 0 2108.46 0 0
15600 -43148.6 -41460.6 0 3734.32 0 0
15700 -42278.9 -43504.7 0 273.999 0 0
15800 -44407 -40741.5 0 3381.39 0 0
15900 -44495.1 -43974.6 0 4491.21 0 0
16000 -43320.6 -40300.9 0 5293.47 0 0
16100 -40823.2 -41535.5 0 5505.78 0 0
16200 -42948.6 -41546.5 0 4515.9 0 0
16300 -43346 -43572 0 3380.28 0 0
16400 -41971.9 -42240.4 0 6028.13 0 0
16500 -41366.1 -42037.9 0 4379.32 0 0
16600 -42334.8 -42021.1 0 5997.71 0 0
16700 -44280.5 -39690.6 0 3298.16 0 0
16800 -44054.9 -40891.5 0 3618.78 0 0
16900 -42009.5 -40281.4 0 4965.31 0 0
17000 -44941.2 -43494.9 0 5445.43 0 0
17100 -42111.3 -40367.7 0 5858.96 0 0
17200 -47345.1 -42704.2 0 5992.95 0 0
17300 -41390.7 -40088.8 0 4734.56 0 0
17400 -42757.5 -38829.8 0 4559.57 0 0
17500 -43295.5 -40791.9 0 6380.18 0 0
17600 -44649.8 -39389.6 0 6666.91 0 0
17700 -42093.2 -38974.6 0 7264.29 0 0
17800 -42071.2 -42058.3 0 5141.8 0 0
17900 -44652.3 -39604.5 0 4743.53 0 0
18000 -41658.6 -39397.6 0 4115.35 0 0
18100 -43979.9 -40294.7 0 4463.31 0 0
18200 -42655.5 -41317.4 0 6029.59 0 0
18300 -42121.3 -40760.1 0 3181.93 0 0
18400 -41653.4 -40641 0 3865.15 0 0
18500 -43031.8 -42485.4 0 5728.18 0 0
18600 -41973.3 -42186.2 0 3750.32 0 0
18700 -43703.7 -41934.1 0 5096.15 0 0
18800 -45341.4 -38484.4 0 2758.64 0 0
18900 -45023.4 -44483.4 0 3665.76 0 0
19000 -44052.8 -40569.6 0 -206.182 0 0
19100 -42936.3 -38862.2 0 2293.79 0 0
19200 -43221.7 -39785.7 0 2428.28 0 0
19300 -43114.5 -44258.8 0 1814.94 0 0
19400 -40534 -43273.8 0 1907.72 0 0
19500 -43483.7 -40599.8 0 3777.94 0 0
19600 -39294.1 -39699.9 0 2466.79 0 0
19700 -42376.1 -42721.7 0 235.959 0 0
19800 -43723.5 -39887.3 0 872.33 0 0
19900 -41353.9 -39616.2 0 -544.087 0 0
20000 -45486.4 -38854.5 0 898.978 0 0
20100 -41632.6 -41430.1 0 1501.92 0 0
20200 -43310.7 -42405 0 -648.462 0 0
20300 -40436.7 -41655 0 -41.7696 0 0
20400 -42551.8 -41860.7 0 1300.36 0 0
20500 -44313.8 -42358.2 0 -2554.66 0 0
20600 -44517.1 -41407.4 0 -1960.82 0 0
20700 -43463 -41741.4 0 -1328.65 0 0
20800 -44519.6 -41326.8 0 -704.219 0 0
20900 -40945.2 -42151.7 0 -1010.01 0 0
21000 -42866.1 -40659 0 -3316.79 0 0
21100 -43444.1 -41177.7 0 -3865.34 0 0
21200 -40154.6 -39468.5 0 -4344.92 0 0
21300 -44891.6 -41536.6 0 -3694.71 0 0
21400 -42043.2 -39215.3 0 -4538.27 0 0
21500 -43751.9 -41753 0 -4649.37 0 0
21600 -42179.9 -40971.4 0 -3035.72 0 0
21700 -43222.1 -41751.9 0 -3416.85 0 0
21800 -43112.5 -37073.4 0 -5028.81 0 0
21900 -43984 -40005.9 0 -5121.08 0 0
22000 -41199.8 -40930.2 0 -5705.19 0 0
22100 -42309.2 -43381.6 0 -4937.24 0 0
22200 -42480.4 -39267.4 0 -3914.6 0 0
22300 -40873.3 -40808.1 0 -4534.05 0 0
22400 -43647.5 -39264.8 0 -2262.69 0 0
22500 -41126.3 -39983.9 0 -4107.14 0 0
22600 -42509.8 -39159.6 0 -5116.64 0 0
22700 -42394.5 -42020.5 0 -3774.89 0 0
22800 -41402.4 -41273.2 0 -4804.58 0 0
22900 -42847.7 -41690.9 0 -6130.19 0 0
23000 -43414.1 -40636.1 0 -5486.52 0 0
23100 -41458.9 -41547 0 -5557.47 0 0
23200 -44947.8 -41746.5 0 -3255.7 0 0
23300 -43182.2 -43998.3 0 -5112.46 0 0
23400 -40977.3 -41491.4 0 -4396.68 0 0
23500 -41315.5 -41835.5 0 -2652.71 0 0
23600 -43333.7 -44002.9 0 -4342.25 0 0
23700 -44140.4 -40718.2 0 -3383.51 0 0
23800 -42143.9 -41522.4 0 -4849.21 0 0
23900 -42832.1 -40433.9 0 -1710.54 0 0
24000 -41158.7 -41920.7 0 -3310.86 0 0
24100 -42705.3 -41527.2 0 -657.318 0 0
24200 -41900.3 -41650 0 -2784.97 0 0
24300 -41015 -41170.2 0 -1423.83 0 0
24400 -41901.8 -41150.2 0 -1733.9 0 0
24500 -42003.5 -42397.9 0 199.787 0 0
24600 -41185.1 -43414.6 0 -1614.55 0 0
24700 -43220.4 -44184.1 0 -1524.41 0 0
24800 -42732.6 -41415.5 0 -290.785 0 0
24900 -42195 -43170 0 2393.66 0 0
25000 -42731.7 -42774.7 0 1194.88 0 0
25100 -40902.4 -40909.6 0 942.168 0 0
25200 -40887 -42661.8 0 2504.04 0 0
25300 -41663.3 -43529.9 0 797.14 0 0
25400 -40949.5 -40026.9 0 1517.21 0 0
25500 -43055.6 -42643.3 0 2707.43 0 0
25600 -44023.3 -38078.4 0 2513.8 0 0
25700 -43745 -40907.1 0 3434.58 0 0
25800 -43250.4 -40946.8 0 2966.03 0 0
25900 -41788.6 -41906.2 0 2907.38 0 0
26000 -42956.1 -42232.6 0 4333.48 0 0
26100 -41342.1 -41950.5 0 5102.09 0 0
26200 -43232.4 -43476.6 0 3356.8 0 0
26300 -44471.9 -41663.7 0 3604.81 0 0
26400 -43846.9 -42615.4 0 5990.18 0 0
26500 -43670.3 -40725.7 0 4635.62 0 0
26600 -42993.1 -43111.5 0 4055.56 0 0
26700 -41705.6 -42566.2 0 5959.75 0 0
26800 -40564.9 -42546.3 0 4391.05 0 0
26900 -43624.3 -40730.4 0 5215.87 0 0
27000 -41428.8 -40307.1 0 4684.18 0 0
27100 -42975.4 -40530.8 0 5516.82 0 0
27200 -42068.3 -40822.8 0 6613.1 0 0
27300 -43123.4 -43198.5 0 5101.06 0 0
27400 -43428 -41367 0 4025.69 0 0
27500 -41361.8 -40954 0 5397.33 0 0
27600 -41357.7 -43541.7 0 5891.62 0 0
27700 -39999.2 -40896.8 0 5703.74 0 0
27800 -41589.8 -41012.4 0 6770.3 0 0
27900 -42685.8 -40721.8 0 4673.75 0 0
28000 -43244.9 -42156.7 0 4890.28 0 0
28100 -43635.7 -41066.5 0 4878.43 0 0
28200 -40922.7 -41283.5 0 3506.69 0 0
28300 -41954.7 -40015.5 0 4110.21 0 0
28400 -42003 -42861.5 0 5569.91 0 0
28500 -42149.3 -40330.6 0 4063.21 0 0
28600 -44394.5 -38304 0 4721.09 0 0
28700 -42376.9 -42507 0 4805.78 0 0
28800 -43263.6 -41489.4 0 4647.43 0 0
28900 -45321.9 -39787.7 0 2747.48 0 0
29000 -43707.7 -39875.5 0 2449.72 0 0
29100 -42611.1 -41232.9 0 1871.34 0 0
29200 -45307.2 -40726.5 0 3492.7 0 0
29300 -42310.7 -41436.3 0 3001.76 0 0
29400 -43226.5 -40811.4 0 1954.19 0 0
29500 -42916.8 -41797.2 0 138.446 0 0
29600 -43651.7 -43677.4 0 50.9833 0 0
29700 -42724.1 -42806.6 0 1117.83 0 0
29800 -41603.9 -40549.6 0 794.301 0 0
29900 -43762.5 -38529.3 0 2351.01 0 0
30000 -43396.3 -41200.2 0 -1183.32 0 0
30100 -42162.7 -41642.9 0 -1209.94 0 0
30200 -42776 -42619.7 0 504.794 0 0
30300 -42577.6 -39515 0 -982.889 0 0
30400 -42641.4 -40456.3 0 -1678.28 0 0
30500 -41133.3 -41096.1 0 -2167.19 0 0
30600 -42064.4 -39619.6 0 -3957.14 0 0
30700 -43083.8 -41843.3 0 -3147.95 0 0
30800 -41587.6 -43694.8 0 -2264.66 0 0
30900 -43513.7 -40859.8 0 -4048.62 0 0
31000 -43459 -44893.3 0 -2902.79 0 0
31100 -42798.7 -42788.8 0 -1339.9 0 0
31200 -43727.1 -40536.8 0 -4439.31 0 0
31300 -41431.2 -41433 0 -2947.94 0 0
31400 -43431.6 -43655 0 -5939.62 0 0
31500 -42647 -41852.6 0 -5496.66 0 0
31600 -42174.4 -40166.5 0 -5709.64 0 0
31700 -39679.1 -43213.9 0 -3403.08 0 0
31800 -41434.5 -43966.6 0 -4408.78 0 0
31900 -42482.2 -41634.2 0 -3934.54 0 0
32000 -42493.1 -42092.9 0 -4708.89 0 0
32100 -41047.7 -41143.8 0 -3504.73 0 0
32200 -41946.2 -42000 0 -5031.06 0 0
32300 -40761.7 -42000 0 -4473.11 0 0
32400 -40091.5 -42998.5 0 -5187.48 0 0
32500 -41286.2 -42452.2 0 -5710.56 0 0
32600 -42038.7 -45652.7 0 -4297.07 0 0
32700 -40950.9 -42252.1 0 -5285.83 0 0
32800 -41707.8 -40221.5 0 -3781.45 0 0
32900 -43330.5 -41624.3 0 -2957.07 0 0
33000 -42996.2 -44320.2 0 -5979.23 0 0
33100 -41103.5 -43708.4 0 -2295.68 0 0
33200 -39913.1 -44009.9 0 -3408.45 0 0
33300 -40512.9 -42478 0 -3368.85 0 0
33400 -43138 -44121.3 0 -4377 0 0
33500 -44821.6 -39163.6 0 -2773.86 0 0
33600 -40249.7 -41867.4 0 -3775.52 0 0
33700 -42157.2 -41752.9 0 -3085.1 0 0
33800 -41231.7 -42555.3 0 -1767.35 0 0
33900 -41484 -41906.2 0 -2613.75 0 0
34000 -42263.2 -41911.4 0 -3488.84 0 0
34100 -44437.6 -43638 0 -429.824 0 0
34200 -42918.3 -42365.9 0 -1697.29 0 0
34300 -41761.7 -42228.9 0 -704.304 0 0
34400 -43767.7 -42525.9 0 -1171.65 0 0
34500 -43678.3 -43330.7 0 -194.615 0 0
34600 -42461.3 -40982.9 0 1815 0 0
34700 -42721.9 -41843.3 0 1330.26 0 0
34800 -40268.1 -42852.8 0 -840.31 0 0
34900 -42487.5 -42124.7 0 1200.49 0 0
35000 -42213.6 -40741.5 0 -598.182 0 0
35100 -42209.4 -40565.5 0 966.91 0 0
35200 -44016.7 -41379.3 0 1466.77 0 0
35300 -43239 -42374.6 0 2972.7 0 0
35400 -41203.6 -42531.3 0 2042 0 0
35500 -42060 -43403.8 0 301.72 0 0
35600 -44650 -40760.5 0 3001.44 0 0
35700 -41997.8 -41205.2 0 3039.65 0 0
35800 -41566.7 -41801.8 0 3475.91 0 0
35900 -45372.9 -42679.3 0 4372.95 0 0
36000 -44360.9 -43102.1 0 4194.68 0 0
36100 -39573 -45239.5 0 2801.82 0 0
36200 -44746.4 -42822.4 0 6209.59 0 0
36300 -42421.8 -41971.2 0 4100.21 0 0
36400 -39610.3 -42398.5 0 6421.36 0 0
36500 -40804.2 -41496.6 0 5559 0 0
36600 -43603 -42529.5 0 5839.54 0 0
36700 -41643.3 -40936.2 0 4988.99 0 0
36800 -41746.4 -43786 0 6802.84 0 0
36900 -41847 -41288.1 0 6490.54 0 0
37000 -41593.1 -41737.9 0 5275.44 0 0
37100 -41638.9 -41210.7 0 7269.03 0 0
37200 -42838.3 -38395 0 4901.57 0 0
37300 -43679.6 -42762.1 0 6274.39 0 0
37400 -42471.9 -42852.6 0 6306.31 0 0
37500 -45605.1 -41398.9 0 8281.59 0 0
37600 -41254.9 -40439.6 0 6239.27 0 0
37700 -41288.5 -41052.8 0 6936.27 0 0
37800 -43155.6 -40576.8 0 5153.18 0 0
37900 -43269.6 -42822.8 0 5873.44 0 0
38000 -43254 -42685.8 0 5223.93 0 0
38100 -40937.2 -41467 0 6046.05 0 0
38200 -44608 -41833.9 0 4480.14 0 0
38300 -43011.1 -43472.1 0 5268.63 0 0
38400 -39952.9 -40804 0 4833.81 0 0
38500 -44635.7 -39415.5 0 4895.58 0 0
38600 -43137.4 -39633.5 0 4640.11 0 0
38700 -42568.7 -43539.3 0 3658.36 0 0
38800 -43340.5 -40359.6 0 4111.38 0 0
38900 -45799.8 -41571.1 0 3834.8 0 0
39000 -43976 -41313.5 0 2837.83 0 0
39100 -44970.8 -42885.8 0 2984.14 0 0
39200 -43831.3 -43145.9 0 2370.68 0 0
39300 -43595.8 -42237.5 0 504.666 0 0
39400 -43112.4 -41032.5 0 2375.17 0 0
39500 -42619.1 -41519.6 0 2542.25 0 0
39600 -44573 -40637.1 0 -57.1369 0 0
39700 -42804.2 -40811.2 0 867.698 0 0
39800 -42947.2 -41790.6 0 1210.98 0 0
39900 -43931.3 -41580.4 0 1441.39 0 0
40000 -41302.5 -40977.7 0 -32.8045 0 0
40100 -43545.5 -39643.4 0 -1323.8 0 0
40200 -41511.6 -41665.1 0 -1645.59 0 0
40300 -41228.4 -41687.8 0 -394.415 0 0
40400 -44795.5 -41212.2 0 -1225.3 0 0
40500 -42611.8 -42850.9 0 -3294.84 0 0
40600 -43666.7 -41007.9 0 -570.972 0 0
40700 -43565.5 -42075.5 0 -1064.39 0 0
40800 -43559.5 -38701.4 0 -2040.63 0 0
40900 -40897.4 -42538.5 0 -2616.4 0 0
41000 -42963.6 -40568 0 -2466.61 0 0
41100 -44144.2 -42809 0 -2214.09 0 0
41200 -40842.9 -41191.7 0 -5434.28 0 0
41300 -45987.1 -41064.4 0 -3816.66 0 0
41400 -43553.9 -39235.1 0 -3410.62 0 0
41500 -43633.3 -38067 0 -4357.56 0 0
41600 -43063 -41017.3 0 -5816.11 0 0
41700 -42483.8 -39805.4 0 -4935.06 0 0
41800 -44898.3 -40229.2 0 -5048.2 0 0
41900 -44403.4 -42749.5 0 -5412.23 0 0
42000 -43355.4 -40889.8 0 -3615 0 0
42100 -43936.7 -39931 0 -6153.41 0 0
42200 -45136.7 -43707.8 0 -4006.91 0 0
42300 -43331.9 -40356.3 0 -5159.53 0 0
42400 -41898.4 -41950.1 0 -6170.07 0 0
42500 -39762.7 -42136.1 0 -4842.7 0 0
42600 -43213.4 -43348.5 0 -3971.42 0 0
42700 -41002.5 -41822 0 -2203.58 0 0
42800 -42733.9 -43153.1 0 -3760.74 0 0
42900 -41863.4 -40898.2 0 -2044.63 0 0
43000 -44059.8 -40787.5 0 -2731.13 0 0
43100 -43532.9 -42072.5 0 -5208.32 0 0
43200 -42050.5 -44491.7 0 -2161.9 0 0
43300 -43331.3 -39820.9 0 -2516.4 0 0
43400 -44178 -41661 0 -3595.74 0 0
43500 -44189.5 -41384.8 0 -3128.13 0 0
43600 -41867.1 -41479.8 0 -3347.55 0 0
43700 -44625.7 -42068.6 0 -4688.28 0 0
43800 -43488.8 -39890.7 0 -4451.03 0 0
43900 -43781.9 -43169.9 0 -4899.82 0 0
44000 -42791.4 -42778 0 -1143.83 0 0
44100 -45016.3 -42158.4 0 -1413.45 0 0
44200 -41819 -43420.9 0 -1683.34 0 0
44300 -43919.4 -44177.4 0 -1470.17 0 0
44400 -40544.1 -42675.2 0 -1109.17 0 0
44500 -40115.3 -42253.4 0 -2213.12 0 0
44600 -43146.8 -44565.2 0 -938.521 0 0
44700 -42087.6 -44357.2 0 -1775.18 0 0
44800 -41835 -43662.4 0 58.3731 0 0
44900 -42959.5 -40422.4 0 781.799 0 0
45000 -42536.1 -44106.8 0 295.993 0 0
45100 -42261.2 -41413.1 0 83.389 0 0
45200 -41743.1 -43012.7 0 -19.5846 0 0
45300 -42655.4 -44022.6 0 1726.91 0 0
45400 -43440 -42203 0 2539.45 0 0
45500 -42772.7 -39971.7 0 2872.33 0 0
45600 -42907.4 -42856.7 0 2657.19 0 0
45700 -43679.8 -39157.4 0 -396.721 0 0
45800 -43062.6 -40627.4 0 5427.36 0 0
45900 -41471.3 -40894.8 0 4520.01 0 0
46000 -39917.9 -42613.3 0 4156.37 0 0
46100 -41858.1 -43589.3 0 2827.14 0 0
46200 -41694.5 -43557 0 3325.96 0 0
46300 -41819.5 -41132.9 0 2935.13 0 0
46400 -43077.1 -41167.9 0 4081.01 0 0
46500 -45468.5 -41676.3 0 5066.1 0 0
46600 -41829 -44110 0 6715.15 0 0
46700 -43986.5 -40432.6 0 5193.9 0 0
46800 -43122 -39603.4 0 5407.51 0 0
46900 -43189.7 -41376.1 0 5703.19 0 0
47000 -41833.9 -41875.7 0 5556.05 0 0
47100 -44216.3 -43118.5 0 5950.32 0 0
47200 -43275.2 -41527.8 0 4909.41 0 0
47300 -42932.7 -39726.9 0 6174.16 0 0
47400 -41564.4 -41315.5 0 5020.91 0 0
47500 -42373.2 -41821.2 0 5131.45 0 0
47600 -42043.8 -41423.3 0 4863.07 0 0
47700 -39734.2 -40465.8 0 5941.47 0 0
47800 -43705.5 -41261.6 0 7552.37 0 0
47900 -42389.6 -43794 0 4552.29 0 0
48000 -41866.3 -41878.8 0 7126.98 0 0
48100 -43449 -43497.8 0 7091.74 0 0
48200 -44789.2 -41372.7 0 6037.97 0 0
48300 -43847 -38684.8 0 5335.96 0 0
48400 -42186.7 -42935.7 0 4011.68 0 0
48500 -42653.8 -41870.7 0 4532.7 0 0
48600 -43836.6 -41153.6 0 4361.95 0 0
48700 -44234.9 -42072.7 0 3411.57 0 0
48800 -42536.4 -44292.3 0 5321.19 0 0
48900 -43751.3 -42030.6 0 3006.77 0 0
49000 -41616.7 -41080.5 0 4862.27 0 0
49100 -41502.1 -41169.7 0 736.85 0 0
49200 -42244 -42404.8 0 4216.52 0 0
49300 -43748.2 -44252 0 1688.65 0 0
49400 -41235.8 -42293.9 0 3132.48 0 0
49500 -44584 -42797.5 0 2141.14 0 0
49600 -42254 -40706.3 0 1932.25 0 0
49700 -44209.2 -42806.2 0 3142.01 0 0
49800 -40661.3 -40948.9 0 -996.721 0 0
49900 -41312.5 -43736.3 0 661.109 0 0
50000 -44618.5 -43379.4 0 313.577 0 0
