# Time-averaged data for fix ps1
# TimeStep c_thermo_press[1] c_thermo_press[2] c_thermo_press[3] c_thermo_press[4] c_thermo_press[5] c_thermo_press[6]
0 17252.1 22900 0 -1865.68 0 0
100 22315.7 16307.9 0 -3784.8 0 0
200 20329.5 20633.2 0 -505.893 0 0
300 22837 18890.3 0 -2322.26 0 0
400 18623.3 20796.5 0 -1455.52 0 0
500 20375.1 18785.3 0 -2331.39 0 0
600 19230.5 20504.6 0 802.138 0 0
700 19425.7 19810.7 0 -1070.45 0 0
800 17916.6 19143 0 45.5755 0 0
900 21307.8 21414.7 0 -3157.33 0 0
1000 22679.6 16573.9 0 -603.096 0 0
1100 19570 23035.3 0 -2587.15 0 0
1200 20566.7 25324.4 0 -3369.58 0 0
1300 24570.8 19950.9 0 1452.47 0 0
1400 22460.3 18930.6 0 735.691 0 0
1500 22798.1 20210.4 0 -395.21 0 0
1600 19746.7 18991.9 0 -2304.28 0 0
1700 21314.8 20303.3 0 1124.89 0 0
1800 19818.6 25259.6 0 479.199 0 0
1900 19798.3 19129 0 3572.95 0 0
2000 19926.7 21838.3 0 3271.04 0 0
2100 23882.5 20537.2 0 6480.13 0 0
2200 21521.2 23028.6 0 2529.43 0 0
2300 19886.8 21212.6 0 1018.3 0 0
2400 20083.4 16584.6 0 2025.19 0 0
2500 22783.2 21017.4 0 -702.147 0 0
2600 24873.5 19969.8 0 -2544.94 0 0
2700 21885 20290.7 0 -1905.75 0 0
2800 21701.5 18342.5 0 -976.291 0 0
2900 20362.8 20886.7 0 -1505.99 0 0
3000 23990.7 20628 0 -440.914 0 0
3100 21813.4 20993.7 0 340.501 0 0
3200 20228.7 20414.6 0 2196.52 0 0
3300 18079.7 24401.1 0 1512.56 0 0
3400 15560.6 20697 0 346.314 0 0
3500 20861.1 24125.9 0 3151.25 0 0
3600 21220.5 23330.4 0 -542.665 0 0
3700 21599.8 20213.5 0 2745.02 0 0
3800 22271.4 18177.8 0 2621.91 0 0
3900 22193 20481.3 0 990.627 0 0
4000 20286.8 19999.7 0 -2407.2 0 0
4100 17645 18273.5 0 463.339 0 0
4200 17852.7 22437.2 0 -1823.84 0 0
4300 21811 22518.2 0 -2383.16 0 0
4400 21457.1 20003.1 0 1989.98 0 0
4500 23269.9 25323.6 0 -727.203 0 0
4600 16100.7 23652.2 0 2467.44 0 0
4700 17596.8 23181.9 0 2126.17 0 0
4800 17693.6 23071 0 3332.18 0 0
4900 20740 17169.1 0 1099.66 0 0
5000 23677 19671.9 0 738.298 0 0
5100 22183.7 21058.7 0 -1861.64 0 0
5200 19301.3 20514.7 0 4711.08 0 0
5300 20733.5 17194.3 0 -1202.39 0 0
5400 23255.1 16324.9 0 1085.14 0 0
5500 19117.5 22856.3 0 1816.69 0 0
5600 20608.8 18849.5 0 911.474 0 0
5700 19397.4 20531.1 0 -110.427 0 0
5800 24020.2 21739.2 0 -1245.86 0 0
5900 21095.4 21474.2 0 3233.5 0 0
6000 19767.3 24307.4 0 472.078 0 0
6100 19780.6 22034.1 0 2992.25 0 0
6200 16517.5 19609.7 0 -2296.4 0 0
6300 16284 22072 0 -1616.88 0 0
6400 19801.6 20600.2 0 402.872 0 0
6500 22721 18077.9 0 -588.599 0 0
6600 20326.7 21036.9 0 -1394.05 0 0
6700 20355.9 18409.3 0 -968.749 0 0
6800 23124.4 17932.7 0 -90.347 0 0
6900 19290.8 22105 0 -1558.52 0 0
7000 18421.7 23386.2 0 694.577 0 0
7100 18581.8 25988.9 0 -459.451 0 0
7200 19929.2 19950.6 0 693.351 0 0
7300 21385.9 19731.6 0 577.843 0 0
7400 17487 16486.4 0 3430.58 0 0
7500 19097.9 21451.2 0 2130.09 0 0
7600 19307.8 23674.6 0 2234.62 0 0
7700 17533.7 17981 0 4142.74 0 0
7800 16689.2 23670.6 0 726.949 0 0
7900 20673.1 20575.1 0 3286.3 0 0
8000 20440.6 21991 0 454.678 0 0
8100 21244.4 20898.5 0 640.931 0 0
8200 20663.6 19369.2 0 1114.49 0 0
8300 19773.3 20831.1 0 524.603 0 0
8400 19846.3 20317.7 0 1653.05 0 0
8500 20233.2 22917 0 962.462 0 0
8600 21209.3 17258.4 0 1082.83 0 0
8700 18782.1 18856.7 0 -457.933 0 0
8800 16238 21361.6 0 -214.727 0 0
8900 16927.7 24150.4 0 -1174.88 0 0
9000 16535.1 19575.3 0 578.025 0 0
9100 21700 19595.4 0 476.243 0 0
9200 20522.7 20948.3 0 -3527.52 0 0
9300 20532.4 13392 0 -3572.64 0 0
9400 21952.3 18865.9 0 -6304.29 0 0
9500 23677.1 17144.4 0 -6140.14 0 0
9600 20040.5 17833.9 0 -959.136 0 0
9700 18123.7 20034.2 0 472.53 0 0
9800 22140.5 15099.8 0 -2007.81 0 0
9900 21152.5 17611.9 0 -2314.51 0 0
10000 18808.3 18801 0 -1052.85 0 0
10100 19307 17229.7 0 111.886 0 0
10200 19511.2 19294.5 0 -1511.42 0 0
10300 19222.8 18681.7 0 -1896.49 0 0
10400 22907.3 20735.8 0 -3675.02 0 0
10500 17562.4 17824.2 0 537.552 0 0
10600 22432.4 19249.7 0 3598.39 0 0
10700 18277.6 19122.7 0 1623.65 0 0
10800 17954.7 18095.5 0 1689.29 0 0
10900 18080.2 19771.4 0 -2971.32 0 0
11000 19347 19273.7 0 -245.331 0 0
11100 17758.9 19363.8 0 1902.74 0 0
11200 20962.8 17347.5 0 -1601.7 0 0
11300 16562.7 21875.3 0 410.434 0 0
11400 18315 18686.8 0 1482.43 0 0
11500 16004.9 22011.7 0 -2077.97 0 0
11600 18767.3 21550.8 0 2179.98 0 0
11700 18179.9 17012.8 0 719.341 0 0
11800 20752.7 13621.9 0 132.661 0 0
11900 20413.6 19757.8 0 -589.367 0 0
12000 18261.6 20485.2 0 285.379 0 0
12100 20368.5 21671.2 0 -635.978 0 0
12200 19445.2 19639.1 0 -634.061 0 0
12300 21045 20962.4 0 881.473 0 0
12400 17487.9 20455.1 0 -2341.78 0 0
12500 20008.4 18026.4 0 1696.4 0 0
12600 19025.1 20259.2 0 2439.91 0 0
12700 18873.8 19833.6 0 3841.55 0 0
12800 20164.6 17278.8 0 1862.94 0 0
12900 20541.8 22832.3 0 2513.35 0 0
13000 16507.8 20684.2 0 -2576.27 0 0
13100 18605.5 20653.6 0 2171.5 0 0
13200 28351.8 17086.8 0 4015.59 0 0
13300 21234.4 21080.4 0 1953.93 0 0
13400 20416.9 17549 0 1953.94 0 0
13500 18065 18442.4 0 -1283.68 0 0
13600 19014.2 20703.1 0 -1489.23 0 0
13700 19233.8 20648.4 0 514.444 0 0
13800 19076.5 20932.7 0 3219.11 0 0
13900 21792 19331.2 0 721.9 0 0
14000 20928.2 19882.5 0 3008.21 0 0
14100 20880.6 19088.8 0 607.604 0 0
14200 18915.2 19628.4 0 854.797 0 0
14300 19009.4 19930.9 0 -0.193911 0 0
14400 19443.7 20117.9 0 681.833 0 0
14500 21368 19852.3 0 2541.31 0 0
14600 19116.5 23008.2 0 2895.12 0 0
14700 18591.4 20557.2 0 1094.53 0 0
14800 20310 19463.5 0 637.706 0 0
14900 13745.1 20770.7 0 904.426 0 0
15000 20992.7 17386.4 0 -427.23 0 0
15100 15628.8 19164.9 0 486.121 0 0
15200 15852.7 23582.3 0 -299.986 0 0
15300 19653.4 14934.2 0 2586.17 0 0
15400 13925.2 18489.3 0 -1364.77 0 0
15500 16752.6 18880.9 0 1408.85 0 0
15600 16111 16260.3 0 -2871.74 0 0
15700 14977.3 17908 0 2006.09 0 0
15800 15562.7 20141.1 0 -908.137 0 0
15900 15914.4 22493.8 0 291.922 0 0
16000 16630.2 17483.3 0 1266.29 0 0
16100 18042 23794 0 1756.13 0 0
16200 17797.9 18801 0 -850.377 0 0
16300 18328.5 17699.4 0 -635.022 0 0
16400 22267.9 15537 0 2051.49 0 0
16500 16236.5 21418.6 0 752.048 0 0
16600 15898.8 16613.5 0 -168.687 0 0
16700 18943.7 22501.7 0 1392.7 0 0
16800 17225.9 16176.4 0 1151.94 0 0
16900 18560.6 21650.4 0 -75.2457 0 0
17000 17819.3 18836.2 0 1106.35 0 0
17100 17237.9 21131.8 0 9.76735 0 0
17200 14014.4 20176.9 0 -1162.07 0 0
17300 16749 19905.1 0 -1564.9 0 0
17400 13847.1 20296 0 -1182.88 0 0
17500 18322.1 20081.7 0 -581.619 0 0
17600 15148.2 20150.7 0 391.899 0 0
17700 19292.5 21897.7 0 1958.62 0 0
17800 19472 13921.9 0 -1009.1 0 0
17900 17910.3 16683.1 0 -465.798 0 0
18000 21267.6 16325.9 0 1967.8 0 0
18100 17887.8 15674.3 0 -2814.69 0 0
18200 19111.8 16795.9 0 -1368.27 0 0
18300 14869.8 24280.6 0 -1425.95 0 0
18400 19613.9 15580.7 0 -291.091 0 0
18500 16353.6 20670.3 0 -753.024 0 0
18600 17091.5 18334.6 0 -1443.27 0 0
18700 18909.9 23189 0 -1450.33 0 0
18800 17822.8 16811.8 0 -1751.82 0 0
18900 18253.7 20253.9 0 -781.131 0 0
19000 16824.8 21568.2 0 1106.45 0 0
19100 18227.6 20795.5 0 3575.41 0 0
19200 17430.9 20438.1 0 -1359.55 0 0
19300 17481.4 20789.9 0 -5509.94 0 0
19400 17532 17218.3 0 903.249 0 0
19500 16686.4 20037.3 0 -56.2151 0 0
19600 20528.9 22498.9 0 1093.96 0 0
19700 18715 18223.1 0 -24.6469 0 0
19800 19890.7 16604.3 0 -3900.24 0 0
19900 19143.4 20273.8 0 -1901.83 0 0
20000 18738.9 20325.2 0 -715.797 0 0
20100 20748.1 12576.9 0 18.5939 0 0
20200 15984.9 21003.9 0 -3068.11 0 0
20300 20238.9 21273.7 0 372.399 0 0
20400 18179.5 18692.9 0 -298.44 0 0
20500 19337.3 17331.2 0 373.376 0 0
20600 19253.6 16192.9 0 451.762 0 0
20700 16419.2 19255 0 -853.485 0 0
20800 20063.5 16825.9 0 -2004.1 0 0
20900 21266 15494.4 0 -1824.37 0 0
21000 21095.5 18714.6 0 885.166 0 0
21100 22143.8 17915 0 -1929.09 0 0
21200 15699.4 16520 0 2613.92 0 0
21300 19933.5 16238.5 0 -854.959 0 0
21400 15575.8 19177.2 0 -2927.62 0 0
21500 17249.5 19714.1 0 -2127.94 0 0
21600 18740.4 16114.8 0 -4908.92 0 0
21700 17350.3 16952.1 0 956.384 0 0
21800 20475.1 15778.5 0 -265.669 0 0
21900 16618 19132.1 0 -1750.76 0 0
22000 17549.3 17734.5 0 -1183.12 0 0
22100 17606.4 18287.6 0 -2306.76 0 0
22200 17597.5 21112.3 0 -1367.5 0 0
22300 16542.3 19439.8 0 -1220.95 0 0
22400 16741 20901.7 0 518.921 0 0
22500 16344.5 22381.9 0 890.075 0 0
22600 16202.6 20191.3 0 817.948 0 0
22700 18031.7 19412.3 0 1349.37 0 0
22800 19092.2 17347.4 0 1983.4 0 0
22900 20880.2 18302.7 0 590.04 0 0
23000 17925.1 15178.7 0 1696.2 0 0
23100 20618.6 20607 0 797.522 0 0
23200 18122.1 18596.1 0 -1439.37 0 0
23300 16351.7 21040.4 0 570.238 0 0
23400 14717.1 21553.4 0 4760.07 0 0
23500 16332.9 21757.3 0 4035.95 0 0
23600 9007.01 26301.6 0 -326.923 0 0
23700 17443.9 21756.6 0 2435.98 0 0
23800 17355.8 22840.4 0 1765.09 0 0
23900 19832.1 19539.3 0 1500.96 0 0
24000 19529 20134.8 0 907.868 0 0
24100 19052.2 17685.1 0 319.847 0 0
24200 17925.5 19076.9 0 -135.181 0 0
24300 18720.4 18403.2 0 -2434.93 0 0
24400 15323.2 16407.8 0 2537.62 0 0
24500 22003.5 18254.1 0 1819.62 0 0
24600 20266.7 20340.9 0 2298.25 0 0
24700 17365.9 17382.9 0 -4028.08 0 0
24800 20754.8 19304.3 0 -1202.83 0 0
24900 17548.4 21818.6 0 2208.43 0 0
25000 15510.8 20272.2 0 50.0326 0 0
25100 16791.1 22215.4 0 1146.66 0 0
25200 20290 20613.3 0 -136.28 0 0
25300 17762.8 20634.9 0 -1567.54 0 0
25400 18722.7 20374.2 0 1498.04 0 0
25500 16625.8 24792.7 0 1947.22 0 0
25600 16601.6 22035.9 0 -205.793 0 0
25700 21387.5 18247.3 0 -2283.41 0 0
25800 17722.4 18425.6 0 146.167 0 0
25900 17168.7 20032.4 0 -135.158 0 0
26000 16734.3 20723.4 0 -608.284 0 0
26100 20517.7 17172.5 0 -2474.84 0 0
26200 16664.6 24838.1 0 11.5755 0 0
26300 19073.5 23640.3 0 -3648.47 0 0
26400 17167.9 20923.8 0 -612.423 0 0
26500 17769.6 20587.4 0 634.997 0 0
26600 16424.1 18501.2 0 -870.017 0 0
26700 16567.8 19752.4 0 866.583 0 0
26800 17842.8 16286.1 0 -1750.29 0 0
26900 17431.9 21403.1 0 1175.62 0 0
27000 20033.7 16681.5 0 -288.546 0 0
27100 19302.6 20945.9 0 -1719.51 0 0
27200 18794 20642.2 0 -740.398 0 0
27300 21003.3 17166.6 0 -1743.3 0 0
27400 15974.3 23607.1 0 1230.86 0 0
27500 18177 21267.9 0 -1472.72 0 0
27600 16250.9 22329.9 0 -1198.89 0 0
27700 21030.6 20716.5 0 802.509 0 0
27800 18718.6 24056.2 0 11.4251 0 0
27900 25724.6 17447.3 0 -456.744 0 0
28000 19114.7 23535.7 0 -2821.32 0 0
28100 19024.8 18918.9 0 -1151.6 0 0
28200 16760.1 19227.5 0 -1735.61 0 0
28300 19168.6 20763.7 0 279.872 0 0
28400 15412.8 24650.8 0 1092.49 0 0
28500 21831.2 21667.9 0 -3284.98 0 0
28600 22619 19795.1 0 1093.04 0 0
28700 20290.8 18153.5 0 545.218 0 0
28800 21887.3 21474.2 0 -172.45 0 0
28900 22930.6 21705.6 0 -2349.28 0 0
29000 17694.9 20259.2 0 -1920.45 0 0
29100 23694.5 18571.6 0 555.146 0 0
29200 21347.3 17410.7 0 351.685 0 0
29300 24865.6 16002.8 0 -1375.33 0 0
29400 23477.7 22025.4 0 -652.25 0 0
29500 22498.5 18923.8 0 -2542.56 0 0
29600 18194.4 19612.4 0 274.889 0 0
29700 17452.6 20047.9 0 -1813.62 0 0
29800 20633.1 20444.3 0 -273.371 0 0
29900 19204.5 23009.9 0 843.165 0 0
30000 17865.1 22069.8 0 -564.263 0 0
30100 20554.5 21752.2 0 -2720.28 0 0
30200 17750.8 18139.8 0 -1513.53 0 0
30300 17367.8 19736.4 0 -826.822 0 0
30400 19317.4 22775.1 0 -899.358 0 0
30500 19643.6 21097.6 0 2506.5 0 0
30600 17692.4 24413.3 0 373.442 0 0
30700 23991.1 22532.5 0 1466 0 0
30800 16785.2 26083.6 0 -1141.14 0 0
30900 13915.5 26421.6 0 -3375.4 0 0
31000 16768.6 21332.8 0 -5044.4 0 0
31100 22745.1 23271 0 363.011 0 0
31200 19364.9 22452.3 0 -396.735 0 0
31300 21825.7 21832.5 0 166.024 0 0
31400 20371.6 20086.9 0 -1329.83 0 0
31500 18627.3 19880.4 0 -1306.69 0 0
31600 16922.3 23297 0 -2090.38 0 0
31700 24871.9 21596 0 2995.09 0 0
31800 15600.8 21707.3 0 -1317.24 0 0
31900 18452.3 22762.9 0 -759.335 0 0
32000 15878.9 23415.2 0 -1244.05 0 0
32100 18776.5 21006.1 0 240.569 0 0
32200 20573.2 21975.8 0 -1291.14 0 0
32300 21318.8 20062.7 0 -274.633 0 0
32400 23406.7 20977.8 0 -1810.2 0 0
32500 20613.1 23150.9 0 -746.111 0 0
32600 21516.9 17828.9 0 -1078.79 0 0
32700 21964.7 19060.4 0 -1617.99 0 0
32800 21793.3 20041.2 0 780.353 0 0
32900 24423.6 16930.5 0 -2044.73 0 0
33000 24561.1 19622.7 0 515.284 0 0
33100 22274.7 20552.3 0 687.933 0 0
33200 20969.6 26714.1 0 2260.36 0 0
33300 23888.6 15807 0 2144.87 0 0
33400 20332.4 18320.9 0 -871.7 0 0
33500 18960.2 19326 0 -370.197 0 0
33600 19533.6 17278.2 0 994.864 0 0
33700 19854.8 20671.9 0 3088.38 0 0
33800 18980.8 23810.4 0 1135.42 0 0
33900 21392.4 20455.4 0 775.503 0 0
34000 18014.9 20686.8 0 1738.11 0 0
34100 23404.6 23309 0 1039.8 0 0
34200 16472.1 23317.5 0 434.264 0 0
34300 19896.3 19569.7 0 -1275.82 0 0
34400 19856 19567.3 0 698.013 0 0
34500 20056.2 20796 0 140.511 0 0
34600 21257.6 19775.2 0 984.057 0 0
34700 19499.6 19343.3 0 -369.449 0 0
34800 16867.3 25840.5 0 1440.52 0 0
34900 20943.2 21371.4 0 -216.656 0 0
35000 20746.3 20531.5 0 3585.63 0 0
35100 20496.3 17085 0 812.049 0 0
35200 22354.7 17901.1 0 1673.62 0 0
35300 18349.7 22447.7 0 5409.91 0 0
35400 19090.4 19763 0 652.222 0 0
35500 23741.3 21585.2 0 1580.36 0 0
35600 18764.5 21916.4 0 1549.47 0 0
35700 20509.7 21043.5 0 1190.78 0 0
35800 16637.7 22133.4 0 -492.328 0 0
35900 18505.7 23122.5 0 2765.88 0 0
36000 21445.9 22261.3 0 835.058 0 0
36100 18951.1 20356.1 0 4691.59 0 0
36200 21529.1 22179 0 2844.9 0 0
36300 20402.6 23053.2 0 4055.5 0 0
36400 19764.1 18883.4 0 1848.95 0 0
36500 17742.8 24569.3 0 3040.33 0 0
36600 22159.8 19944.7 0 -2944.09 0 0
36700 19912.1 23867.7 0 -352.894 0 0
36800 20749 22041.6 0 -600.105 0 0
36900 22267.7 22329.6 0 1247.14 0 0
37000 19007.5 27077 0 -2985.73 0 0
37100 23774.6 25490.4 0 1450.33 0 0
37200 19968.5 22116.7 0 -1200.42 0 0
37300 20264.8 26300.2 0 -164.757 0 0
37400 23787.5 21557.2 0 -769.634 0 0
37500 23653.4 21310.4 0 -1028.08 0 0
37600 21752.5 18404.1 0 -641.081 0 0
37700 19651 20279 0 3304.79 0 0
37800 24913 22155.9 0 541.984 0 0
37900 21929.4 23202.6 0 1018.58 0 0
38000 23133.6 21123.8 0 -1710.27 0 0
38100 22710.2 18237.9 0 -1695.47 0 0
38200 21731.2 23462.7 0 -178.627 0 0
38300 25838.8 22950.3 0 -572.919 0 0
38400 22554.6 20763.5 0 1514.44 0 0
38500 22556.5 21633.1 0 -1121.56 0 0
38600 21830.7 22601.5 0 -781.717 0 0
38700 24839.4 19605.3 0 -560.341 0 0
38800 23541.2 22596.5 0 -1261.91 0 0
38900 23033.8 19691.8 0 -1917.18 0 0
39000 18652.8 22868.1 0 -2166.69 0 0
39100 25367.1 24422.8 0 -2953.68 0 0
39200 23268.3 19605 0 672.101 0 0
39300 21013.4 24078.4 0 -2413.72 0 0
39400 23286.6 23129.4 0 -386.035 0 0
39500 22853.4 20824.6 0 -2742.68 0 0
39600 19297.1 24466.7 0 941.846 0 0
39700 24147.1 18339 0 -2930.52 0 0
39800 23458.4 18646.3 0 -2195.87 0 0
39900 22510.6 22725.6 0 1249.65 0 0
40000 18957.6 22689.9 0 57.1718 0 0
40100 25597.2 19468.5 0 -2709.83 0 0
40200 25284.1 19036.3 0 -1933.17 0 0
40300 23713 24037.7 0 -2849.2 0 0
40400 25174.3 20433.7 0 -1221.49 0 0
40500 17965.2 24020.6 0 383.972 0 0
40600 19444.7 22507.7 0 -1384.21 0 0
40700 20451 22080.6 0 -2487.26 0 0
40800 22363.5 21361.9 0 -2831.79 0 0
40900 25695.2 19596.8 0 -902.317 0 0
41000 21739.1 22886.2 0 -2729.68 0 0
41100 22552.3 22446.9 0 -2803.9 0 0
41200 21309.1 21461.7 0 -325.36 0 0
41300 19640.8 22768 0 -1681.72 0 0
41400 19431.6 19578.3 0 -17.179 0 0
41500 24054 20058.6 0 1315.84 0 0
41600 24103.7 24148.1 0 -67.2147 0 0
41700 21573.4 20028.3 0 -2627.35 0 0
41800 21573.4 19944.2 0 1680.81 0 0
41900 19575.1 18997.6 0 -2000.77 0 0
42000 23689.9 24108.5 0 -1237.52 0 0
42100 19902.6 22512.3 0 -309.377 0 0
42200 22221.2 19236.3 0 -508.363 0 0
42300 20978.1 18479 0 1782.26 0 0
42400 18822.4 19959.9 0 1400.8 0 0
42500 20051.6 17146.2 0 -13.8924 0 0
42600 20056.3 16783.3 0 -173.64 0 0
42700 25397.8 20806.3 0 685.317 0 0
42800 22992.5 18939.4 0 -1299.29 0 0
42900 22491.4 17172.2 0 -1205.1 0 0
43000 23310.1 19072.9 0 -622.027 0 0
43100 24474.4 19178.5 0 3955.18 0 0
43200 21357.6 16938.7 0 4499.71 0 0
43300 21383.7 21515.6 0 892.575 0 0
43400 22130.9 18797.4 0 1442.96 0 0
43500 21143.9 19171 0 3457.94 0 0
43600 21633.1 20876.4 0 2024.89 0 0
43700 21273.1 21669.9 0 3811.09 0 0
43800 21143.7 26320.3 0 781.664 0 0
43900 22740.5 24045.9 0 -649.748 0 0
44000 17476.1 22948.8 0 477.15 0 0
44100 19528.7 20919.2 0 -1389.68 0 0
44200 21971.7 23530.1 0 -1095.96 0 0
44300 20216.1 19135.8 0 276.648 0 0
44400 19588 21326.7 0 2591.99 0 0
44500 22411.7 19062.7 0 -2093.4 0 0
44600 19022.3 22532.1 0 -401.057 0 0
44700 22467.3 19893.4 0 -1068.79 0 0
44800 18422.4 24789.2 0 -499.966 0 0
44900 19534.4 21245.1 0 205.797 0 0
45000 18235.6 24048.3 0 2032.8 0 0
45100 16839.1 24908.1 0 3255.92 0 0
45200 15979.2 26212.7 0 2854.49 0 0
45300 22076.6 20087.2 0 1001.24 0 0
45400 20661 23798.3 0 955.492 0 0
45500 18900.6 19179.4 0 920.539 0 0
45600 21136.1 24288.3 0 724.417 0 0
45700 19326.6 22810.6 0 1352.01 0 0
45800 17796.3 23005.2 0 1711.01 0 0
45900 17814.5 24893.5 0 3654.38 0 0
46000 16109.6 21897.1 0 204.427 0 0
46100 18789.3 20751.1 0 -2200.59 0 0
46200 22632.4 20199.6 0 406.543 0 0
46300 19043 25302 0 499.15 0 0
46400 22533.9 19075.7 0 2349.89 0 0
46500 20701.6 24682.3 0 2505.76 0 0
46600 19476.9 19319.1 0 2528.88 0 0
46700 23971.1 22162.2 0 1885.97 0 0
46800 18256 19291.7 0 -808.387 0 0
46900 20402.6 17694.5 0 1864.06 0 0
47000 22590.6 17855.1 0 -25.6977 0 0
47100 21315.7 20388.7 0 1142.01 0 0
47200 20336.2 17487.2 0 -243.828 0 0
47300 19837.1 16286.6 0 3335.27 0 0
47400 18047.2 24009.3 0 3076.04 0 0
47500 18535.5 20752.5 0 3197.5 0 0
47600 19501.7 16924.5 0 -1361.23 0 0
47700 22236.4 22933 0 -749.942 0 0
47800 19406.4 22764.7 0 -1704.7 0 0
47900 22312.1 22361 0 1862.33 0 0
48000 18861.4 24282.9 0 -1501.15 0 0
48100 22672.8 17533.4 0 -2876.62 0 0
48200 19777.7 20476.9 0 2058.91 0 0
48300 20011.1 17205 0 934.239 0 0
48400 18859.2 19338.1 0 -39.6844 0 0
48500 22070.3 17611.2 0 -924.444 0 0
48600 20113 20182.3 0 -30.722 0 0
48700 18564.6 23488.2 0 -39.0615 0 0
48800 23318.8 18160.3 0 -419.124 0 0
48900 18992.2 17116.9 0 -2097.95 0 0
49000 22530.8 20935.3 0 -3035.96 0 0
49100 17532.3 18708.1 0 -764.556 0 0
49200 20051.5 18557.9 0 -143.986 0 0
49300 18526.7 22279 0 -3377.46 0 0
49400 21435.5 18594.3 0 -1904.52 0 0
49500 18637.8 18011.7 0 -284.214 0 0
49600 20411.2 20237.4 0 -3252.42 0 0
49700 17492.5 22443.3 0 -824.686 0 0
49800 20171.4 22062.5 0 969.481 0 0
49900 16714.4 20826.6 0 -686.153 0 0
50000 20057.7 16437.1 0 187.632 0 0
