# Time-averaged data for fix ps1
# TimeStep c_thermo_press[1] c_thermo_press[2] c_thermo_press[3] c_thermo_press[4] c_thermo_press[5] c_thermo_press[6]
0 -54553.4 -55692.6 0 326.744 0 0
100 -52686.9 -54130.1 0 -383.732 0 0
200 -54281.9 -53780.8 0 -345.686 0 0
300 -54773.3 -54727.2 0 -467.784 0 0
400 -57150.1 -52356 0 -1778.92 0 0
500 -54496 -54361.4 0 -1307.36 0 0
600 -53173.9 -51810.9 0 -4024.37 0 0
700 -55380.1 -53582.1 0 -2049.93 0 0
800 -54031.8 -52484 0 -3482.99 0 0
900 -51525.8 -52429.2 0 -4303.7 0 0
1000 -52260.8 -53146.9 0 -5489.03 0 0
1100 -52512.2 -53807.4 0 -5215.54 0 0
1200 -54483.6 -51867.6 0 -5672.66 0 0
1300 -53102.6 -51788.5 0 -5784.53 0 0
1400 -51890.3 -54863.5 0 -5029.21 0 0
1500 -53006.4 -53838.2 0 -6160.34 0 0
1600 -52453.5 -53638.2 0 -7179.88 0 0
1700 -53977.5 -53765.3 0 -6609.15 0 0
1800 -53989.2 -51388.4 0 -5134.3 0 0
1900 -53119.9 -50721.6 0 -6718.06 0 0
2000 -53875.2 -54433.5 0 -6366.98 0 0
2100 -54413.1 -53479.8 0 -5293.51 0 0
2200 -54393.7 -55129.2 0 -6393.74 0 0
2300 -53768.6 -54057.5 0 -7441.44 0 0
2400 -53066.3 -52945.5 0 -6060.3 0 0
2500 -51024.4 -54516.4 0 -6595.95 0 0
2600 -53686.1 -54528.1 0 -6395.11 0 0
2700 -55305.6 -54576.1 0 -7471.27 0 0
2800 -53393.5 -54215.2 0 -6140.81 0 0
2900 -54240.3 -54643.2 0 -6411.66 0 0
3000 -53310.6 -54983.6 0 -5549.24 0 0
3100 -54062.2 -53978.6 0 -6177.25 0 0
3200 -52456.3 -54126.5 0 -5271.56 0 0
3300 -51868.5 -53442 0 -6450.94 0 0
3400 -53749.3 -56003.5 0 -4191.55 0 0
3500 -52123.4 -55227.3 0 -5608.22 0 0
3600 -53686 -53979.3 0 -7038.6 0 0
3700 -53043.4 -51938.6 0 -5404.35 0 0
3800 -53069.5 -53412.4 0 -5898.61 0 0
3900 -52671 -53417.4 0 -6118.99 0 0
4000 -52027.9 -54580.4 0 -2920.49 0 0
4100 -53044.3 -55214 0 -3915.19 0 0
4200 -54074.6 -54460.3 0 -4953.11 0 0
4300 -54929.3 -53865.4 0 -4518.31 0 0
4400 -54713.8 -54586 0 -1941.19 0 0
4500 -53320.4 -54191.4 0 -2637.17 0 0
4600 -54040.9 -53155.7 0 -1645.58 0 0
4700 -52891.1 -52674.2 0 -2941.14 0 0
4800 -52736 -53206.7 0 -1310.32 0 0
4900 -53890.3 -53259.8 0 -570.837 0 0
5000 -55054.5 -51040.5 0 51.112 0 0
5100 -55482.2 -52564.6 0 -1114.71 0 0
5200 -54442.8 -52899 0 1400.21 0 0
5300 -53761.5 -53826.1 0 667.295 0 0
5400 -55136.5 -53529.3 0 850.656 0 0
5500 -51553.1 -54920.9 0 764.44 0 0
5600 -53365.9 -51863.7 0 1262.63 0 0
5700 -52807.8 -53716.5 0 1421.16 0 0
5800 -53711.6 -53322.2 0 2843.31 0 0
5900 -53759.5 -54076.7 0 2757.16 0 0
6000 -54427.9 -51986.3 0 3003.05 0 0
6100 -52857 -52124.5 0 2913.79 0 0
6200 -53205.7 -54095.8 0 2940.91 0 0
6300 -51804.2 -55441.8 0 4395.7 0 0
6400 -55090.9 -54358 0 5624.63 0 0
6500 -52938.2 -52565.4 0 4140.57 0 0
6600 -53925.8 -52923.7 0 6238.45 0 0
6700 -53194.2 -53164.2 0 6012.77 0 0
6800 -55467.7 -55527.6 0 3831.41 0 0
6900 -53539.1 -54909.9 0 6246.32 0 0
7000 -51794 -54175.7 0 6348.2 0 0
7100 -55208.6 -53637.4 0 5881.82 0 0
7200 -53647.3 -54039.3 0 5436.89 0 0
7300 -53103.6 -54975.2 0 6552.06 0 0
7400 -52467 -55178.6 0 5570.32 0 0
7500 -55419.3 -52532.4 0 4715.18 0 0
7600 -52668.6 -53355.3 0 5207.8 0 0
7700 -54476.3 -55365.8 0 6594.26 0 0
7800 -53567.7 -54800.1 0 4306.95 0 0
7900 -52932.4 -53526.1 0 6137.17 0 0
8000 -53386.5 -54045.2 0 5548.52 0 0
8100 -54857.9 -51768.6 0 5357.1 0 0
8200 -53469.3 -54532 0 4924.45 0 0
8300 -54063.1 -53274.4 0 6967.63 0 0
8400 -54519.3 -55389.6 0 5754.51 0 0
8500 -51357.3 -53908.2 0 4742.7 0 0
8600 -53681.4 -55672.5 0 4570.62 0 0
8700 -53828.6 -56205.3 0 2444.06 0 0
8800 -50931.1 -54200 0 3614.01 0 0
8900 -52994 -55597.2 0 3896.37 0 0
9000 -53144.2 -53125.4 0 2859.89 0 0
9100 -52930.7 -53106.4 0 1650.78 0 0
9200 -52370.9 -53145.9 0 2892.07 0 0
9300 -54011.1 -53002.5 0 2433.44 0 0
9400 -53861 -51821.6 0 2590.85 0 0
9500 -52907.5 -56252.4 0 2105.66 0 0
9600 -51875 -53977.7 0 702.641 0 0
9700 -53172.5 -55300.3 0 -156.881 0 0
9800 -53100.2 -53784.2 0 642.122 0 0
9900 -51975.9 -53241.4 0 1341.45 0 0
10000 -53280 -54128.5 0 1465.95 0 0
10100 -53345.5 -52452.9 0 -1075.66 0 0
10200 -53561.1 -52199.4 0 -506.185 0 0
10300 -53282.5 -51545.1 0 -648.306 0 0
10400 -53589.1 -54245.2 0 -2152.85 0 0
10500 -53207.6 -51020.3 0 -3706.88 0 0
10600 -53428.5 -51855.6 0 -2605.44 0 0
10700 -54585.2 -54227.3 0 -3886.3 0 0
10800 -52394.2 -56443.2 0 -2963.64 0 0
10900 -52758.4 -53763.7 0 -2849 0 0
11000 -52743.5 -53106.2 0 -4597.55 0 0
11100 -54354.1 -53186.6 0 -5195.63 0 0
11200 -52706.2 -52459.9 0 -5887.36 0 0
11300 -54579.4 -53679 0 -4972.02 0 0
11400 -54226.1 -53936 0 -5020.38 0 0
11500 -53866.5 -52581.4 0 -4528.22 0 0
11600 -52684.1 -55658 0 -5215.25 0 0
11700 -53980.4 -53147.5 0 -5201.7 0 0
11800 -55203.6 -54637 0 -6188.06 0 0
11900 -54728.2 -55121.1 0 -3940.25 0 0
12000 -54101.5 -51612.9 0 -4363.11 0 0
12100 -53657.2 -51316.4 0 -6869.77 0 0
12200 -53083.5 -52089.3 0 -6085.98 0 0
12300 -52761.1 -52766.4 0 -6403.05 0 0
12400 -54135.2 -52875.8 0 -6456.23 0 0
12500 -52830.5 -53274.2 0 -6057.77 0 0
12600 -52718.1 -55127.2 0 -5652.41 0 0
12700 -54926.2 -53653.1 0 -5540.95 0 0
12800 -54450.8 -53465 0 -6721.16 0 0
12900 -55445.4 -54528.6 0 -7258.75 0 0
13000 -55407 -53048.1 0 -5851.46 0 0
13100 -53369.8 -53918.2 0 -7110.76 0 0
13200 -54323.8 -53743.7 0 -6378 0 0
13300 -53376.6 -52514.2 0 -6381.51 0 0
13400 -52486.4 -55395.5 0 -5440.17 0 0
13500 -53019.9 -53266 0 -5930.98 0 0
13600 -54414.2 -54251.7 0 -4241.84 0 0
13700 -54317.7 -53179.2 0 -4064.73 0 0
13800 -52444.8 -53893.1 0 -4812.91 0 0
13900 -52284.4 -53822.6 0 -4066.26 0 0
14000 -52403 -54643.3 0 -6266.27 0 0
14100 -51212.1 -53600.8 0 -2843.45 0 0
14200 -54479.2 -53340 0 -4283.7 0 0
14300 -52070.9 -53647 0 -4042.56 0 0
14400 -53112.1 -52834.3 0 -1919.28 0 0
14500 -53005.3 -52565.7 0 -4047.06 0 0
14600 -52261.8 -54754.2 0 -2762.75 0 0
14700 -51965.4 -54666.2 0 -2566.78 0 0
14800 -55210 -52582.8 0 -558.682 0 0
14900 -53745.7 -56304 0 -659.331 0 0
15000 -54042.6 -55167.2 0 -434.123 0 0
15100 -52421.1 -52879.9 0 855.632 0 0
15200 -52796.1 -54559.8 0 -1879 0 0
15300 -52911.5 -52514.1 0 881.763 0 0
15400 -52271.1 -54617 0 -96.5849 0 0
15500 -54938.1 -54429.5 0 147.494 0 0
15600 -55122 -55380 0 815.056 0 0
15700 -52989.1 -53884.9 0 2987.52 0 0
15800 -55595.4 -54726.8 0 3052.19 0 0
15900 -55272.8 -53001.6 0 2633.12 0 0
16000 -53540.3 -52046.9 0 673.612 0 0
16100 -54614 -52426.3 0 3180.25 0 0
16200 -52129.3 -53706.6 0 3912.48 0 0
16300 -54180.4 -55854.3 0 4298.77 0 0
16400 -53644.4 -55305 0 5088.43 0 0
16500 -53117.7 -54532.3 0 3754.65 0 0
16600 -53861.8 -54350 0 3916.31 0 0
16700 -52350.4 -52999.9 0 4754.29 0 0
16800 -53522.8 -54331.4 0 4778.49 0 0
16900 -54719.9 -54326.2 0 5681.89 0 0
17000 -54152.5 -54216 0 5378.63 0 0
17100 -53851.2 -53470.9 0 6015.95 0 0
17200 -50954.9 -54634.8 0 5253.21 0 0
17300 -53560.5 -54642.2 0 5444.63 0 0
17400 -51868.2 -54557.2 0 4403.25 0 0
17500 -53248.2 -53161.2 0 4908.03 0 0
17600 -53060.1 -55191.7 0 5208.63 0 0
17700 -53870.2 -55241.3 0 6150.99 0 0
17800 -51535.4 -53550.8 0 5317.07 0 0
17900 -55102.6 -52813.2 0 5505.88 0 0
18000 -53980.6 -53876.2 0 4919.54 0 0
18100 -52001.7 -54445.5 0 4264.55 0 0
18200 -53678.2 -53453 0 4625.83 0 0
18300 -54950.9 -53774.3 0 4190.31 0 0
18400 -55333.1 -54008 0 5445.5 0 0
18500 -53016.8 -53390.6 0 4105.44 0 0
18600 -52779.5 -54045.4 0 4516.71 0 0
18700 -54263.1 -57268.4 0 2640.88 0 0
18800 -51942.3 -54292.7 0 2876.34 0 0
18900 -52884.9 -51840.9 0 1201.68 0 0
19000 -53205.7 -53629.7 0 3076.77 0 0
19100 -53646.5 -54891.5 0 3062.6 0 0
19200 -53466.4 -54862.5 0 3915.64 0 0
19300 -55667.8 -54022.3 0 1900.64 0 0
19400 -54787.9 -52827.1 0 1958.31 0 0
19500 -53682.2 -53877 0 -55.0508 0 0
19600 -51622.7 -55206.6 0 -750.484 0 0
19700 -53187.7 -53512 0 2090.51 0 0
19800 -52537.1 -55008.1 0 1383.88 0 0
19900 -54385.9 -54970 0 949.837 0 0
20000 -55871.7 -53555 0 -1560.78 0 0
20100 -54832.9 -53695 0 -2159.9 0 0
20200 -54316.1 -53774.8 0 -391.161 0 0
20300 -54166.9 -52421.7 0 -1483.25 0 0
20400 -54058.2 -52875 0 -2939.63 0 0
20500 -54682.4 -52920 0 -3970.25 0 0
20600 -52884.4 -54835.9 0 -2540.39 0 0
20700 -53657.2 -55040.2 0 -2335.55 0 0
20800 -53934.8 -53339.1 0 -1830.09 0 0
20900 -53027.9 -53218.7 0 -5578.84 0 0
21000 -54702.4 -52989.3 0 -4395.73 0 0
21100 -52543.9 -52521 0 -3228.21 0 0
21200 -54436.7 -52383.8 0 -5314.51 0 0
21300 -50994.5 -54022 0 -5390.34 0 0
21400 -53245.8 -53391.2 0 -4974.1 0 0
21500 -53767.7 -52502.4 0 -6004.57 0 0
21600 -52658.4 -54521.2 0 -7124.19 0 0
21700 -53844.2 -54381.6 0 -6776.6 0 0
21800 -53770.7 -53240.8 0 -6579.87 0 0
21900 -54541.3 -55026.1 0 -7031.64 0 0
22000 -54020.7 -50499 0 -6581.91 0 0
22100 -54190.4 -54842.5 0 -7602.17 0 0
22200 -52597.7 -54488.7 0 -5680.26 0 0
22300 -54180.2 -54079.3 0 -6533.92 0 0
22400 -52812.5 -52904 0 -7061.63 0 0
22500 -51953.3 -54349.5 0 -7020.87 0 0
22600 -54279.6 -55762.2 0 -6927.35 0 0
22700 -54642 -52287.4 0 -5259.91 0 0
22800 -55491.3 -53631.2 0 -7080.35 0 0
22900 -53990.3 -54611.4 0 -6102.71 0 0
23000 -52560.3 -56376.9 0 -7080.15 0 0
23100 -52144.5 -53668.2 0 -7159.48 0 0
23200 -56496.3 -52982.1 0 -6851.64 0 0
23300 -54510.5 -54643.7 0 -5022.38 0 0
23400 -53084.4 -52143.4 0 -5183.07 0 0
23500 -53105.1 -54966 0 -5769.77 0 0
23600 -55176.7 -51158.1 0 -4709.15 0 0
23700 -52504 -52881.5 0 -5766.26 0 0
23800 -52678.3 -53204.3 0 -4771.51 0 0
23900 -53462.4 -55080.9 0 -5264.04 0 0
24000 -53058.7 -52412 0 -3318.38 0 0
24100 -51817.3 -52944.2 0 -4394.09 0 0
24200 -52518.7 -56602.1 0 -4206.46 0 0
24300 -53721.9 -53923.1 0 -3213.43 0 0
24400 -55509.8 -54667.4 0 -2478.9 0 0
24500 -54010.3 -54111.9 0 -603.777 0 0
24600 -53122.5 -53454.2 0 -2319.85 0 0
24700 -52719.7 -53375.3 0 -1713.49 0 0
24800 -54973.1 -54608.8 0 -2519.36 0 0
24900 -53350.8 -52304.4 0 -270.648 0 0
25000 -53110.7 -52655 0 787.492 0 0
25100 -52208.6 -55783.9 0 62.0126 0 0
25200 -54073.1 -51689 0 915.148 0 0
25300 -53451.9 -52587.1 0 -626.966 0 0
25400 -52957.3 -53032.9 0 653.283 0 0
25500 -53861.9 -54089 0 1366.2 0 0
25600 -53652.9 -53825.8 0 752.411 0 0
25700 -53791.4 -54665.6 0 2757.72 0 0
25800 -55263.6 -53081.5 0 1325.03 0 0
25900 -54218.9 -55365 0 2324.44 0 0
26000 -53359.1 -52472.8 0 3672.02 0 0
26100 -52981.1 -55011.1 0 1782.89 0 0
26200 -53020.2 -53987 0 5133.23 0 0
26300 -53218.5 -54734.8 0 4421.74 0 0
26400 -52629.7 -55045.4 0 5738.29 0 0
26500 -54274.1 -53910.6 0 4182.37 0 0
26600 -53524 -52556.2 0 4999.62 0 0
26700 -53612.3 -53871.4 0 3663.92 0 0
26800 -53298 -53766.7 0 7994.27 0 0
26900 -53690.8 -53471.8 0 4332.73 0 0
27000 -53477.7 -54938.2 0 6486.08 0 0
27100 -51653.6 -53181.1 0 5010.37 0 0
27200 -51475.5 -53820 0 6969.82 0 0
27300 -53618.3 -54644.5 0 6217.53 0 0
27400 -52542.1 -53890.3 0 6439.57 0 0
27500 -53176.9 -57047.1 0 4731.54 0 0
27600 -52068.3 -54106.3 0 3586.59 0 0
27700 -53621.9 -55508.3 0 3923.34 0 0
27800 -53777.4 -57006.1 0 5698.9 0 0
27900 -51704.5 -53875.6 0 6056.06 0 0
28000 -52364.6 -54965.8 0 5018.16 0 0
28100 -54209.3 -53104.4 0 3809.49 0 0
28200 -51540.3 -54876.3 0 4951.91 0 0
28300 -54091.2 -55743.1 0 4854.2 0 0
28400 -53478.3 -54433.3 0 4507.31 0 0
28500 -52184.4 -54366.3 0 4346.02 0 0
28600 -54603.4 -54117.2 0 3129.41 0 0
28700 -51588.3 -53491.6 0 5135.01 0 0
28800 -54533.7 -53598.1 0 2915 0 0
28900 -53126 -54440 0 3354.34 0 0
29000 -54852.4 -54454.8 0 2811.91 0 0
29100 -55389.7 -54393.6 0 2119.01 0 0
29200 -51240.1 -54897.7 0 1927.37 0 0
29300 -51942.2 -55807.3 0 3388.35 0 0
29400 -55617.3 -53443.1 0 1686.52 0 0
29500 -53596.5 -54768 0 2554.06 0 0
29600 -52868.6 -53347.3 0 745.342 0 0
29700 -55502.9 -52810 0 -1194.7 0 0
29800 -53922.8 -52822.5 0 -409.498 0 0
29900 -51165.6 -55951 0 -866.996 0 0
30000 -54600.8 -54919.2 0 -2467.02 0 0
30100 -53359.9 -52970.5 0 374.514 0 0
30200 -52548.3 -55277.4 0 -2100.3 0 0
30300 -54383.6 -53852.3 0 -3151.48 0 0
30400 -52358 -52292 0 -4086.12 0 0
30500 -52559.2 -54485.1 0 -3759.36 0 0
30600 -54855.4 -54162.1 0 -3540.92 0 0
30700 -52141.5 -53965 0 -3032.15 0 0
30800 -53832.6 -53160.3 0 -3728.96 0 0
30900 -51497.3 -53290.8 0 -4613.17 0 0
31000 -54316.1 -54329.1 0 -4625.18 0 0
31100 -53753.8 -53300.5 0 -5035.76 0 0
31200 -54300.4 -54758 0 -3567.31 0 0
31300 -52198.2 -55030.8 0 -4374.1 0 0
31400 -53701.6 -51964.1 0 -4176.25 0 0
31500 -52307.5 -55940.6 0 -4834.9 0 0
31600 -53013.5 -53951.8 0 -5311.6 0 0
31700 -54146.8 -52986.5 0 -6946.98 0 0
31800 -56764.2 -55071.9 0 -5252.55 0 0
31900 -54201.8 -53106.6 0 -6189.96 0 0
32000 -54215 -52289.9 0 -6432.96 0 0
32100 -54604.3 -51769.4 0 -6962.94 0 0
32200 -51048 -54514 0 -6109.67 0 0
32300 -53372.1 -52437.6 0 -7738.4 0 0
32400 -54226.8 -54766.5 0 -6279.02 0 0
32500 -54434.3 -52880.1 0 -5819.22 0 0
32600 -52433.8 -55214.4 0 -7103.47 0 0
32700 -52915.2 -54812.1 0 -5736.19 0 0
32800 -52618.8 -51717.2 0 -7420.62 0 0
32900 -51977.5 -54048.4 0 -7273.78 0 0
33000 -51952.3 -53777.6 0 -5044.94 0 0
33100 -52949.4 -50955 0 -6114.19 0 0
33200 -53897.8 -52834.2 0 -4718.76 0 0
33300 -53100.9 -53880.4 0 -6128.77 0 0
33400 -54962 -52851.8 0 -5105.02 0 0
33500 -51502.8 -53342.9 0 -5609.61 0 0
33600 -53445.6 -51529.6 0 -3572.58 0 0
33700 -53405.4 -54569.3 0 -4321.57 0 0
33800 -52257.1 -53757.5 0 -4801.32 0 0
33900 -54651.6 -50769.7 0 -4749.28 0 0
34000 -52053.5 -54924.7 0 -5196.08 0 0
34100 -51250.2 -53522.1 0 -4189.17 0 0
34200 -54475.8 -54406.5 0 -1969.28 0 0
34300 -52254.6 -52796.8 0 -3526.58 0 0
34400 -51919.4 -53466.7 0 -4108.13 0 0
34500 -56023.5 -53611.9 0 -2452.15 0 0
34600 -55464.8 -54844.1 0 -334.245 0 0
34700 -54223.1 -54275 0 -1872.74 0 0
34800 -52833.7 -52227.2 0 -2254.63 0 0
34900 -52645.2 -55370.1 0 -1209.86 0 0
35000 -54746.8 -53108.9 0 -2076.32 0 0
35100 -52751.3 -56387.6 0 -947.921 0 0
35200 -54304.5 -53381.5 0 771.388 0 0
35300 -52796.1 -55912.8 0 -340.624 0 0
35400 -53257.5 -54779.5 0 860.001 0 0
35500 -53836.7 -54004.5 0 2208.51 0 0
35600 -53991 -54652.7 0 2226.67 0 0
35700 -54334.1 -52415.4 0 2955.51 0 0
35800 -55338.5 -55218.4 0 1946.62 0 0
35900 -52505.7 -55317.3 0 3462.61 0 0
36000 -52647 -54171.3 0 2296.75 0 0
36100 -56069.8 -54117.9 0 1321.18 0 0
36200 -52890.1 -52401.2 0 3378.47 0 0
36300 -54510.3 -54282.4 0 3477.24 0 0
36400 -53246 -54542.6 0 4321.37 0 0
36500 -53132.1 -52038.1 0 4465.43 0 0
36600 -53470.4 -52899.3 0 6000.33 0 0
36700 -55068.2 -54954.3 0 4092.91 0 0
36800 -51738.8 -54650.9 0 5531.7 0 0
36900 -53932.8 -54039.9 0 4920.02 0 0
37000 -55118.9 -51180 0 5090.71 0 0
37100 -50382 -53050.2 0 5487.21 0 0
37200 -51865.3 -53855 0 4746.6 0 0
37300 -54143.9 -55814.2 0 6060.82 0 0
37400 -53883.4 -52926.2 0 4809.22 0 0
37500 -52942.2 -53633.8 0 5594.96 0 0
37600 -51986.6 -53257.2 0 5999.77 0 0
37700 -54202.3 -54550.5 0 4537.53 0 0
37800 -53289.5 -53927.2 0 6497.59 0 0
37900 -54066.2 -52455.4 0 5308.68 0 0
38000 -55111.3 -54761.2 0 6215.42 0 0
38100 -55530.7 -54380.3 0 6370.83 0 0
38200 -54469.6 -53463.6 0 4600.95 0 0
38300 -51892.7 -55834.9 0 6367.7 0 0
38400 -52576 -53172.7 0 3315.18 0 0
38500 -51791.4 -54711.3 0 3854.5 0 0
38600 -53526.6 -54348.1 0 4208.76 0 0
38700 -53085.5 -53844 0 4318.65 0 0
38800 -52236.9 -52525.2 0 2507.94 0 0
38900 -53434.1 -52716.2 0 1376 0 0
39000 -53326.1 -54219.8 0 3476.49 0 0
39100 -53512 -54691.1 0 2495.14 0 0
39200 -54287.6 -53483 0 1301.77 0 0
39300 -53714.9 -54584.2 0 2581.95 0 0
39400 -55088.3 -53751.9 0 1579.96 0 0
39500 -52732.1 -52655.1 0 2514.5 0 0
39600 -54133.6 -54178.3 0 -85.3709 0 0
39700 -52502 -55248.5 0 813.085 0 0
39800 -53590.3 -54084.3 0 -653.102 0 0
39900 -54129.3 -54397.9 0 -55.0366 0 0
40000 -54051.4 -54397.8 0 -327.505 0 0
40100 -54664 -54894.7 0 -466.61 0 0
40200 -54163.7 -54462.7 0 -1100.25 0 0
40300 -54724.6 -54826.9 0 -1989.01 0 0
40400 -53151 -51820.9 0 -768.427 0 0
40500 -55387 -51393.7 0 -2930.28 0 0
40600 -53747.8 -53745.1 0 -3679.67 0 0
40700 -53872.4 -52932.1 0 -2152.24 0 0
40800 -54297.9 -53759.5 0 -1423.79 0 0
40900 -55566.4 -53948.1 0 -3564.04 0 0
41000 -52430 -52779.5 0 -4315.28 0 0
41100 -55936.8 -52344.2 0 -4905.75 0 0
41200 -54058.6 -50990.4 0 -4677.82 0 0
41300 -55249.9 -53173.9 0 -5554.77 0 0
41400 -52948.1 -53529.7 0 -5053.24 0 0
41500 -54286.6 -53500.7 0 -4969.17 0 0
41600 -50912.6 -56105.2 0 -5818.16 0 0
41700 -53232.4 -53453.6 0 -5381.86 0 0
41800 -55234 -52618.6 0 -7503.27 0 0
41900 -54493.3 -52603.2 0 -6385.22 0 0
42000 -52067 -54291.5 0 -5305 0 0
42100 -52230.3 -52640.8 0 -7435.72 0 0
42200 -53847.1 -53640.2 0 -7545.53 0 0
42300 -55318.9 -53063.9 0 -7029.62 0 0
42400 -54029.6 -56612.7 0 -7022.47 0 0
42500 -53284.7 -55682.1 0 -6624.31 0 0
42600 -53738.4 -53837.9 0 -5573.19 0 0
42700 -53627.9 -53999.6 0 -6118.19 0 0
42800 -52909.2 -55484.5 0 -5342.05 0 0
42900 -55062.7 -51493.2 0 -6132.8 0 0
43000 -55574.9 -54318.8 0 -8027.9 0 0
43100 -54644.9 -54660 0 -6098.74 0 0
43200 -54309.2 -53857.5 0 -5148.47 0 0
43300 -53490.2 -53150.8 0 -8259.82 0 0
43400 -53215.4 -52588.6 0 -6549.34 0 0
43500 -54762.2 -54028.8 0 -5191.75 0 0
43600 -54296.7 -55989.3 0 -4858.63 0 0
43700 -52871.2 -54911.3 0 -4602.93 0 0
43800 -51946.5 -53697.8 0 -6374.44 0 0
43900 -56083.9 -54021.2 0 -3356.38 0 0
44000 -54001 -52496.9 0 -5502.66 0 0
44100 -54590.7 -54101.7 0 -3309.1 0 0
44200 -52910.2 -53014.5 0 -4158.61 0 0
44300 -54016.5 -54574.3 0 -3727.26 0 0
44400 -53281.9 -54692.9 0 -1769.56 0 0
44500 -53273.5 -54462.6 0 -1887.52 0 0
44600 -51638.1 -53234.1 0 -2308.06 0 0
44700 -53420.3 -54920 0 -1536.9 0 0
44800 -53508.4 -53152.2 0 -2351.21 0 0
44900 -54449.1 -52429.4 0 -1611.47 0 0
45000 -54349.5 -52669.6 0 16.5094 0 0
45100 -56275 -51105.6 0 -768.241 0 0
45200 -55296.1 -53389.2 0 1300.94 0 0
45300 -53089.7 -53192.6 0 -26.676 0 0
45400 -53274.5 -53393.6 0 2019.6 0 0
45500 -53553.2 -54742.8 0 1141.24 0 0
45600 -52998.8 -54494.3 0 1505.74 0 0
45700 -53500.2 -53560.6 0 3542.78 0 0
45800 -54922.4 -57051.7 0 2938.99 0 0
45900 -54311.4 -53851.9 0 2840.85 0 0
46000 -55289.4 -53017.6 0 2700.15 0 0
46100 -54625.2 -53101.2 0 4841.98 0 0
46200 -54897.3 -56565.8 0 4875.23 0 0
46300 -50674.8 -52896.5 0 4557.48 0 0
46400 -53989.9 -52210 0 5651.48 0 0
46500 -55138.2 -53596.6 0 2107.22 0 0
46600 -52581.9 -54361.2 0 3693.57 0 0
46700 -53867 -53411 0 4422.99 0 0
46800 -55184.5 -51625.6 0 5565.9 0 0
46900 -52591 -54704.7 0 4975.52 0 0
47000 -51055.7 -53872.8 0 6496.52 0 0
47100 -52972 -53395.9 0 4342.77 0 0
47200 -53537.5 -56001 0 3929 0 0
47300 -55106 -54801.7 0 5148.71 0 0
47400 -51725 -52910.8 0 4009.24 0 0
47500 -54041.7 -52215.1 0 4733.76 0 0
47600 -54454.3 -55389.1 0 6322.15 0 0
47700 -53759.2 -57292 0 6137.42 0 0
47800 -53476.4 -53405.3 0 5921.3 0 0
47900 -54181.2 -55052 0 5803.98 0 0
48000 -53168.3 -52576.4 0 4585.19 0 0
48100 -53890.9 -55591 0 4898.63 0 0
48200 -52949 -55612.8 0 5999.44 0 0
48300 -52918 -53663.1 0 5260.12 0 0
48400 -52866.8 -54128.2 0 5813.5 0 0
48500 -51107.8 -55131.1 0 3203.37 0 0
48600 -53818 -51777.7 0 3929.5 0 0
48700 -53636.6 -55193.9 0 4055.35 0 0
48800 -54174.6 -53602.7 0 3633.65 0 0
48900 -53193.9 -53779.2 0 3198.06 0 0
49000 -52397.1 -54544.5 0 4291.86 0 0
49100 -51768.2 -53412.8 0 3025.41 0 0
49200 -54383 -52072.4 0 2713.25 0 0
49300 -53645.1 -55602.5 0 2868.58 0 0
49400 -54001.5 -54380.4 0 2010.51 0 0
49500 -52345.1 -53746.1 0 -299.352 0 0
49600 -52807.8 -53914.2 0 -591.66 0 0
49700 -54436.8 -52998.6 0 760.899 0 0
49800 -50615.9 -52470.3 0 -696.515 0 0
49900 -53225.2 -52825.9 0 453.432 0 0
50000 -52165.5 -55434 0 -311.706 0 0
