# Time-averaged data for fix ps1
# TimeStep c_thermo_press[1] c_thermo_press[2] c_thermo_press[3] c_thermo_press[4] c_thermo_press[5] c_thermo_press[6]
0 -41017.8 -44243.3 0 1117.99 0 0
100 -42078.3 -41943 0 -1918.85 0 0
200 -43424.4 -40481 0 -919.142 0 0
300 -41276.7 -42525 0 -1116.41 0 0
400 -40047.3 -43617.4 0 -915.842 0 0
500 -41982.6 -41530 0 365.425 0 0
600 -43381.5 -40954.7 0 -164.859 0 0
700 -40751.8 -43141.9 0 -2366.1 0 0
800 -40484.9 -42830.8 0 -836.899 0 0
900 -42899.8 -39814.8 0 -1843.9 0 0
1000 -43141.7 -42465 0 -3299.28 0 0
1100 -42979.1 -41975.9 0 -4653.04 0 0
1200 -41813.8 -42784.4 0 -4440.7 0 0
1300 -41610.6 -44301.1 0 -2941.68 0 0
1400 -44298.2 -38799.1 0 -3046.28 0 0
1500 -42324.9 -43017.1 0 -3287.76 0 0
1600 -45293.2 -39575.5 0 -4778.55 0 0
1700 -42490 -44647.7 0 -4136.39 0 0
1800 -43485.8 -41242.7 0 -3672.2 0 0
1900 -42544.5 -43928.1 0 -5099.87 0 0
2000 -44067.8 -41405 0 -4793.27 0 0
2100 -46380.6 -40575.4 0 -5236.03 0 0
2200 -44243.9 -39516.4 0 -4973.53 0 0
2300 -42597.6 -42744.2 0 -6722.77 0 0
2400 -42625.9 -44084 0 -6213.74 0 0
2500 -42117.5 -43365.2 0 -5724.12 0 0
2600 -43490.1 -41934.1 0 -5793.92 0 0
2700 -43399.9 -42581.4 0 -5581.97 0 0
2800 -44113.8 -43028.4 0 -4898.94 0 0
2900 -43129.2 -43184.9 0 -4942.47 0 0
3000 -42867.2 -42152.5 0 -5188.08 0 0
3100 -43491 -43797.7 0 -4807.02 0 0
3200 -44170.5 -43128.1 0 -5277.81 0 0
3300 -43567.8 -42139.8 0 -3427.7 0 0
3400 -38018.7 -39824.7 0 -4348.44 0 0
3500 -43795.4 -41339.9 0 -4292.95 0 0
3600 -42557.2 -44056.4 0 -3745.45 0 0
3700 -43215.2 -42515.7 0 -3995.87 0 0
3800 -40954 -42731.5 0 -4264.39 0 0
3900 -43053 -42491.1 0 -1599.55 0 0
4000 -38938.5 -40664.3 0 -4634.66 0 0
4100 -41856.2 -40750.5 0 -2786.96 0 0
4200 -41622 -41033.4 0 -2246.32 0 0
4300 -39064.7 -42510.3 0 -948.3 0 0
4400 -43993.3 -42367.8 0 -2910.73 0 0
4500 -40265.8 -43087.3 0 -2417.68 0 0
4600 -42159.4 -38579.7 0 -888.895 0 0
4700 -42868.2 -43241.4 0 956.693 0 0
4800 -42593.6 -39346.2 0 -938.177 0 0
4900 -44125.3 -43585.3 0 1392.55 0 0
5000 -42723.7 -42424.1 0 -559.591 0 0
5100 -44061.2 -43010.4 0 2741.72 0 0
5200 -44126.3 -40876.8 0 1765.48 0 0
5300 -42077.3 -40844.6 0 1520.82 0 0
5400 -43350.1 -39122.2 0 1267.06 0 0
5500 -42745.5 -43294.2 0 4065.65 0 0
5600 -41668.8 -44188 0 2536.79 0 0
5700 -43455 -41899.9 0 4553.48 0 0
5800 -40902.2 -43171.5 0 3369.02 0 0
5900 -42401.5 -41987.4 0 4907.58 0 0
6000 -44120.6 -40408.3 0 3220.62 0 0
6100 -41496.5 -42087.9 0 3090.34 0 0
6200 -41694.9 -42681.9 0 4903.71 0 0
6300 -42739 -38950.4 0 4133.86 0 0
6400 -45334.7 -40779.2 0 4019.17 0 0
6500 -45184.8 -40802.4 0 4672.25 0 0
6600 -43130.8 -42959.4 0 5862.17 0 0
6700 -43244.6 -41139.9 0 4034.93 0 0
6800 -44164.7 -41827.8 0 5276.72 0 0
6900 -42852.8 -39977.1 0 6543.39 0 0
7000 -39700.6 -44545.3 0 6973.98 0 0
7100 -42286.3 -42838.2 0 4634.01 0 0
7200 -42231.8 -42693.1 0 5019.78 0 0
7300 -40491.7 -42835.6 0 7674.17 0 0
7400 -45847.4 -41939.3 0 5196.34 0 0
7500 -43645.4 -41176.1 0 5227.76 0 0
7600 -41184.1 -40787.4 0 6090.93 0 0
7700 -43285.6 -42736.5 0 4981.16 0 0
7800 -41283.1 -41112.5 0 5958.3 0 0
7900 -42054 -41615.9 0 4893.03 0 0
8000 -45722.9 -40463.9 0 5244.92 0 0
8100 -43634.3 -40704.9 0 5654.66 0 0
8200 -41955.8 -42019.8 0 5085.52 0 0
8300 -43295.5 -40983.1 0 4971.29 0 0
8400 -40820.4 -41931.8 0 6310.14 0 0
8500 -43411.1 -43321.2 0 4455.31 0 0
8600 -46779.3 -42420.4 0 3730.42 0 0
8700 -45339.4 -40550.6 0 2540.75 0 0
8800 -42741.2 -40764 0 2391.62 0 0
8900 -44657.7 -39727.4 0 2149.19 0 0
9000 -43140.4 -43135.8 0 2432.45 0 0
9100 -42624.1 -42009.9 0 3158.39 0 0
9200 -44180.3 -40612.9 0 2601.91 0 0
9300 -44461.3 -42633 0 3385.2 0 0
9400 -43782.2 -41953.4 0 963.284 0 0
9500 -44772.7 -41722.7 0 2450.89 0 0
9600 -44827.8 -39856.8 0 1811.46 0 0
9700 -41373.1 -40086.5 0 199.38 0 0
9800 -44170.9 -41492.7 0 -387.621 0 0
9900 -42787.9 -42900.9 0 673.552 0 0
10000 -41008.6 -42704.3 0 -750.524 0 0
10100 -43382.7 -40398.8 0 845.838 0 0
10200 -42802 -40348.5 0 -829.23 0 0
10300 -43550.4 -43536.6 0 -646.064 0 0
10400 -44082.5 -41114.7 0 -3479.21 0 0
10500 -44324.8 -40812.3 0 -2848.35 0 0
10600 -44045.3 -41307.5 0 -1770.47 0 0
10700 -40683.7 -42741.4 0 -3100.7 0 0
10800 -42775.7 -42621.6 0 -2132.94 0 0
10900 -43181.2 -41621.7 0 -1669.7 0 0
11000 -43433.7 -44349.3 0 -2966.03 0 0
11100 -42373.4 -41022.4 0 -3858.15 0 0
11200 -44515.6 -39919.7 0 -3627.33 0 0
11300 -43884.4 -42740.8 0 -6628.64 0 0
11400 -44276.5 -40879 0 -4477.22 0 0
11500 -43891.6 -42564.8 0 -4957.08 0 0
11600 -43429.6 -41216.5 0 -4583.4 0 0
11700 -43586.3 -40244.8 0 -6787.64 0 0
11800 -41426.3 -42140.7 0 -4292.5 0 0
11900 -45343.9 -39931.3 0 -5335.01 0 0
12000 -44358.6 -39629.2 0 -7865.44 0 0
12100 -42194.2 -44657.1 0 -2805.69 0 0
12200 -43618 -39758.5 0 -4625.32 0 0
12300 -42713.5 -40866.9 0 -4311.92 0 0
12400 -42856.7 -41434.5 0 -5522.73 0 0
12500 -42271.1 -41561.4 0 -5931.64 0 0
12600 -44622.3 -39887.3 0 -7411.39 0 0
12700 -43776.5 -41252.7 0 -6035 0 0
12800 -45838.1 -39469.8 0 -5411.42 0 0
12900 -42400 -40009.5 0 -5520.43 0 0
13000 -42933.4 -40513.8 0 -3427.93 0 0
13100 -42380.8 -41891.6 0 -4759.89 0 0
13200 -40878.1 -42554 0 -5324.5 0 0
13300 -42074.6 -40766.9 0 -4486.59 0 0
13400 -44162.8 -38557.1 0 -3279.42 0 0
13500 -44564.2 -40708.2 0 -4307.98 0 0
13600 -43776.1 -41902.9 0 -1582.55 0 0
13700 -43691.8 -40118.7 0 -3983.58 0 0
13800 -44144.4 -41046.5 0 -4912.33 0 0
13900 -42930.4 -42725.9 0 -3691.18 0 0
14000 -43494.6 -39359.4 0 -3232.84 0 0
14100 -45214.2 -41935.7 0 -2721.85 0 0
14200 -43720.9 -41010.3 0 -3259.57 0 0
14300 -43446.3 -38574 0 -1688.24 0 0
14400 -45512.8 -39500.1 0 -2140.51 0 0
14500 -43793.1 -40021.5 0 245.205 0 0
14600 -41113.2 -41010 0 -1026.61 0 0
14700 -43307.6 -39863.9 0 -729.753 0 0
14800 -43064.5 -40883.6 0 -463.804 0 0
14900 -42720.3 -41958.4 0 136.476 0 0
15000 -44182.2 -42041.6 0 -562.184 0 0
15100 -45443.1 -38026.1 0 -549.724 0 0
15200 -41573.4 -41468.1 0 -365.003 0 0
15300 -43697.5 -41358.7 0 1780.16 0 0
15400 -40935.3 -41666.5 0 1336.72 0 0
15500 -43404.1 -41796.2 0 2861.05 0 0
15600 -45213.8 -40133.4 0 573.588 0 0
15700 -43011 -41902.5 0 3439.88 0 0
15800 -43184.1 -40041.6 0 2574.5 0 0
15900 -45366.5 -42024.9 0 1476.18 0 0
16000 -43325.1 -39226.8 0 3330.91 0 0
16100 -44105.6 -41588.9 0 3400.02 0 0
16200 -45518.9 -40213.9 0 3785.03 0 0
16300 -45641.2 -40075.3 0 2877.71 0 0
16400 -46481.3 -37636.2 0 2526.9 0 0
16500 -44062.2 -38506.4 0 5162.23 0 0
16600 -42229.4 -40354 0 6594.26 0 0
16700 -44123.5 -41945.1 0 4549.8 0 0
16800 -44348.8 -40338.6 0 5372.01 0 0
16900 -43458.9 -42030 0 5111.33 0 0
17000 -43907 -40528 0 4823.9 0 0
17100 -42621.3 -40823.2 0 3084.2 0 0
17200 -44645.9 -41879.2 0 5132.5 0 0
17300 -43340.2 -40816.5 0 8286.86 0 0
17400 -40893.4 -42250.3 0 5846.21 0 0
17500 -46645.8 -42055.5 0 5917.36 0 0
17600 -45867.2 -40514.8 0 5797.23 0 0
17700 -42473.1 -42861.8 0 4779.41 0 0
17800 -45294 -41834.7 0 5469.09 0 0
17900 -42578.1 -40485.1 0 5469.97 0 0
18000 -42361.4 -44282.2 0 5296.57 0 0
18100 -42682.4 -42642.9 0 4984.21 0 0
18200 -44060.5 -40435.6 0 4810.4 0 0
18300 -42839.4 -41784.7 0 7220.18 0 0
18400 -42323.6 -42062.3 0 5975.84 0 0
18500 -42686.3 -41935.9 0 4617.63 0 0
18600 -43860.3 -40760.1 0 6005.56 0 0
18700 -44974.4 -40863.1 0 4226.47 0 0
18800 -44136.8 -40570.5 0 4177.53 0 0
18900 -41752.1 -41709.6 0 4534.02 0 0
19000 -45066.2 -40898.5 0 4031.97 0 0
19100 -45720.8 -42177.2 0 2344.66 0 0
19200 -43612.9 -42044.2 0 3454.95 0 0
19300 -41382.2 -41904.4 0 3056.56 0 0
19400 -39801.3 -43457.1 0 3172.51 0 0
19500 -40940.1 -43386.5 0 2601.31 0 0
19600 -42456.7 -42438.9 0 1602.77 0 0
19700 -42200.9 -42572.7 0 1933.65 0 0
19800 -41940 -41047.3 0 -978.311 0 0
19900 -42063.9 -43741.8 0 141.232 0 0
20000 -41855.3 -40748.7 0 700.425 0 0
20100 -42116.3 -40353.3 0 636.82 0 0
20200 -43138.7 -41299.1 0 1578.54 0 0
20300 -43904.8 -41077.1 0 -1738.91 0 0
20400 -42561.9 -41002.1 0 -488.074 0 0
20500 -43465 -40513.4 0 -319.755 0 0
20600 -46007 -39772.8 0 -4175.74 0 0
20700 -42717.8 -41191 0 -1888.64 0 0
20800 -43438.1 -41820 0 -3897.71 0 0
20900 -43154 -40139.9 0 -2655.8 0 0
21000 -41148 -41199.4 0 -3503.21 0 0
21100 -42369.5 -41060.4 0 -4255.31 0 0
21200 -43244.1 -42774.6 0 -4674.61 0 0
21300 -42711.2 -40644 0 -4371.75 0 0
21400 -41457.4 -41646.7 0 -3506.86 0 0
21500 -41684 -42117.4 0 -2083.97 0 0
21600 -42777.6 -43457.2 0 -4647.7 0 0
21700 -43220.1 -40591.2 0 -4537.8 0 0
21800 -44232.7 -42049.2 0 -5041.16 0 0
21900 -41713.1 -43602.1 0 -4398.09 0 0
22000 -42164.5 -38843.2 0 -5206.78 0 0
22100 -42111.9 -42277.6 0 -4782.26 0 0
22200 -45332.6 -40951.5 0 -2412.75 0 0
22300 -42615.4 -41680.9 0 -5639.21 0 0
22400 -41144.3 -42864.9 0 -4931.53 0 0
22500 -40612.1 -42991.8 0 -4546.55 0 0
22600 -42365 -43016.8 0 -3581.47 0 0
22700 -46042 -40327.2 0 -6325.38 0 0
22800 -41771.5 -41131.7 0 -5757.46 0 0
22900 -42329.2 -42382.2 0 -6383.53 0 0
23000 -43360.7 -40810.2 0 -3437.28 0 0
23100 -41385.4 -38146.7 0 -5633.83 0 0
23200 -42668.4 -41713.8 0 -4513.91 0 0
23300 -43032.1 -42010.4 0 -3759 0 0
23400 -44294 -39361.9 0 -3182.16 0 0
23500 -40331.1 -42453.5 0 -2374.26 0 0
23600 -40995 -43812.4 0 -4333.79 0 0
23700 -41728.4 -41640.7 0 -3680.03 0 0
23800 -42959 -42306.4 0 -3659.83 0 0
23900 -41185.6 -41522.8 0 -4697.08 0 0
24000 -41856.6 -41115.7 0 -3671.66 0 0
24100 -41372.9 -42092.4 0 -4050.99 0 0
24200 -41635.3 -41688.2 0 -220.66 0 0
24300 -42048.8 -41146.1 0 -2090.6 0 0
24400 -41266 -39851.8 0 -743.373 0 0
24500 -43640.2 -40115.8 0 -356.245 0 0
24600 -41081 -42573.2 0 210.21 0 0
24700 -43169.6 -40050.1 0 -119.874 0 0
24800 -39942.4 -42025.1 0 1546.63 0 0
24900 -45912.1 -41682.8 0 1664.1 0 0
25000 -43893.6 -40642.8 0 -825.748 0 0
25100 -43064.6 -42627.8 0 935.207 0 0
25200 -43568.1 -40259.8 0 2382.91 0 0
25300 -43209.4 -43159.5 0 1836.38 0 0
25400 -40791 -40808.6 0 579.037 0 0
25500 -43143.9 -44149.1 0 1611.75 0 0
25600 -43514.1 -41046.2 0 2401.84 0 0
25700 -42017.7 -39863.2 0 4899.91 0 0
25800 -41032.5 -41956.8 0 3011.89 0 0
25900 -42304.7 -42959.4 0 3571.5 0 0
26000 -41471.9 -41981.4 0 2903.4 0 0
26100 -45491.6 -40655.7 0 3577.48 0 0
26200 -44110 -40697.3 0 4899.76 0 0
26300 -42709.3 -43354.3 0 6472.46 0 0
26400 -40709.1 -42350.8 0 3569.94 0 0
26500 -42651.1 -41922.1 0 5110.34 0 0
26600 -43221.4 -40582.4 0 5640.3 0 0
26700 -44840.9 -40953.6 0 6223.51 0 0
26800 -43963 -42474.3 0 5613.53 0 0
26900 -43136.5 -40540.5 0 5595.77 0 0
27000 -44054.7 -42902.6 0 4567.21 0 0
27100 -43113.6 -39608.1 0 6827.65 0 0
27200 -40896.3 -43738.9 0 4843.17 0 0
27300 -41904.5 -42440.8 0 4854.41 0 0
27400 -42139.5 -43633.7 0 7542.91 0 0
27500 -44498.9 -41885.6 0 6780.75 0 0
27600 -41752.2 -43480.4 0 5388.79 0 0
27700 -41276.7 -40112.4 0 6446.59 0 0
27800 -41991.6 -42114.1 0 4686.09 0 0
27900 -40747.4 -42248.6 0 4631.15 0 0
28000 -43930.7 -40635.6 0 7273.58 0 0
28100 -43139.7 -41895.4 0 4039.52 0 0
28200 -43404.6 -42964.2 0 6793.02 0 0
28300 -42971.2 -43230.9 0 5864.88 0 0
28400 -42625.4 -40858.1 0 4568.98 0 0
28500 -42571.9 -42896.9 0 6016.45 0 0
28600 -43530.6 -42493.1 0 5117.34 0 0
28700 -42301.5 -43093.1 0 5401.16 0 0
28800 -43027.4 -40548.5 0 4921.68 0 0
28900 -41078.2 -41304.4 0 3081.25 0 0
29000 -40781.7 -39543.8 0 4047.32 0 0
29100 -41486 -41438.9 0 2888.48 0 0
29200 -42214.1 -44623 0 3173.27 0 0
29300 -43037.7 -41935.6 0 2686.5 0 0
29400 -40177.4 -43549.2 0 2102.44 0 0
29500 -43717 -43562.3 0 129.79 0 0
29600 -43780 -42303.5 0 33.5158 0 0
29700 -44172.6 -40984.6 0 3434.99 0 0
29800 -42602.3 -43888.9 0 863.24 0 0
29900 -42057.7 -42139.2 0 1608.08 0 0
30000 -41812.4 -40419.3 0 401.839 0 0
30100 -40181.7 -42488.7 0 648.531 0 0
30200 -41932.6 -38947.7 0 253.003 0 0
30300 -45393.9 -41610.1 0 -2248.51 0 0
30400 -40448 -41320.3 0 -1359.46 0 0
30500 -42674.2 -42601.8 0 -1073.63 0 0
30600 -43867 -41264 0 -2294.73 0 0
30700 -43752.5 -43008.8 0 -2473.42 0 0
30800 -40165.1 -40231.9 0 -1845.6 0 0
30900 -43298 -40943.2 0 -2011.08 0 0
31000 -42427 -41165 0 -2676.07 0 0
31100 -40759.4 -43061.6 0 -2842.26 0 0
31200 -39503.6 -42463.2 0 -1583.54 0 0
31300 -43922.7 -42847.5 0 -2723.52 0 0
31400 -45724.5 -41603.1 0 -2851.99 0 0
31500 -44626.7 -42950.7 0 -3094.42 0 0
31600 -41648 -40653.7 0 -3870.29 0 0
31700 -42003 -42878.9 0 -3473.74 0 0
31800 -40245.2 -42348.9 0 -4469.39 0 0
31900 -41070.8 -42652.1 0 -4135.36 0 0
32000 -41081.7 -44981.5 0 -6567.73 0 0
32100 -42327.6 -39755.5 0 -4294.1 0 0
32200 -41889.4 -42144 0 -4615.65 0 0
32300 -42483.2 -42520.5 0 -4964.38 0 0
32400 -42831.2 -39853.4 0 -4422.35 0 0
32500 -43337.8 -41733.9 0 -5792.18 0 0
32600 -41791.6 -43275.3 0 -5303.57 0 0
32700 -42290.5 -41136.7 0 -4942.68 0 0
32800 -42272.7 -42352.6 0 -4753.52 0 0
32900 -42405.8 -41228.3 0 -6351.93 0 0
33000 -41971.7 -41207.6 0 -3744.66 0 0
33100 -43737.8 -41740.8 0 -6670.15 0 0
33200 -41780.4 -43241 0 -4900.12 0 0
33300 -43351.8 -41605.7 0 -6630.39 0 0
33400 -43074 -41756.7 0 -2870.02 0 0
33500 -40821.3 -43177.3 0 -3594.43 0 0
33600 -41648.5 -40601.1 0 -2805.93 0 0
33700 -43555.5 -43084.2 0 -2461.07 0 0
33800 -41624.9 -43785.4 0 -3626.21 0 0
33900 -43110.6 -41694.9 0 -1812.96 0 0
34000 -42442.6 -42788.8 0 -4002.46 0 0
34100 -42658.1 -40820.1 0 -2157.24 0 0
34200 -41064.2 -42478.4 0 -2280.44 0 0
34300 -42262.7 -42544.7 0 -1458.32 0 0
34400 -43111.7 -40831.2 0 -1104.58 0 0
34500 -40544.2 -42894.9 0 -2419.13 0 0
34600 -43374.8 -41928.8 0 -1550.57 0 0
34700 -44659.1 -40820 0 -816.069 0 0
34800 -43900.2 -40685.4 0 -472.027 0 0
34900 -44012.3 -42036.7 0 530.022 0 0
35000 -42203.2 -43608.6 0 -210.01 0 0
35100 -43028.7 -41140.3 0 -1351.5 0 0
35200 -43396.5 -39792.8 0 402.8 0 0
35300 -44564.1 -39144.3 0 2403.4 0 0
35400 -43188.8 -44141.9 0 1823.04 0 0
35500 -43379.5 -40563.4 0 2658.78 0 0
35600 -41448.5 -41711.8 0 5169.02 0 0
35700 -43895 -42259.6 0 4152.84 0 0
35800 -44298.6 -44666.3 0 2694.14 0 0
35900 -42607.1 -44022 0 3311.51 0 0
36000 -42596.9 -41262.3 0 3261.17 0 0
36100 -41444.3 -41486.2 0 2474.48 0 0
36200 -43700.3 -42698.9 0 5413.12 0 0
36300 -42550.3 -42735.1 0 4460.05 0 0
36400 -41921.3 -42396.2 0 5181.23 0 0
36500 -43573.8 -42279.7 0 5747.41 0 0
36600 -39726.8 -43780.6 0 5516.01 0 0
36700 -45680.4 -40592 0 5287.5 0 0
36800 -44899.3 -40745.4 0 5396.87 0 0
36900 -40923.5 -39932.4 0 6550.65 0 0
37000 -40369.4 -42294.1 0 7007.38 0 0
37100 -44585.6 -39005 0 7000.01 0 0
37200 -39038.7 -42404.9 0 5894.96 0 0
37300 -43345 -40889.2 0 4488.75 0 0
37400 -41848.9 -43013.4 0 5907.71 0 0
37500 -45853.8 -41520.4 0 3439.09 0 0
37600 -44299.8 -39247.8 0 5782.21 0 0
37700 -42520.9 -40772.9 0 5805.55 0 0
37800 -43359.6 -42145 0 4413.81 0 0
37900 -44274.9 -41382.6 0 5704.93 0 0
38000 -46311.2 -39680.5 0 6760.68 0 0
38100 -41261 -43103.9 0 5922.58 0 0
38200 -46584.1 -38685.7 0 6003.3 0 0
38300 -44067.4 -41173.7 0 4759.64 0 0
38400 -40761.3 -42967.4 0 4867.57 0 0
38500 -45577.8 -41236.2 0 2658.91 0 0
38600 -43662.5 -42642.4 0 6556.59 0 0
38700 -41709.6 -39806.2 0 2243.67 0 0
38800 -44199 -40598.2 0 3146.55 0 0
38900 -40234.2 -41744.8 0 5611.7 0 0
39000 -42456.9 -43015.8 0 2049.98 0 0
39100 -41842.1 -42458.1 0 3033.22 0 0
39200 -41156.2 -41895.4 0 3845.2 0 0
39300 -43634.6 -40817.4 0 2811.66 0 0
39400 -41328 -40799.5 0 3802.3 0 0
39500 -42609.5 -40919.8 0 2178.43 0 0
39600 -44723 -42761.9 0 719.237 0 0
39700 -40913.9 -42893.6 0 1414.78 0 0
39800 -45305.9 -44697.8 0 1622.64 0 0
39900 -44278.5 -41225.3 0 690.233 0 0
40000 -41892.2 -42630.1 0 1668.99 0 0
40100 -44504 -45200.6 0 -1665.68 0 0
40200 -43138.6 -43570 0 -19.7019 0 0
40300 -41008.1 -43130 0 -636.292 0 0
40400 -42987.4 -39637.3 0 -1735.63 0 0
40500 -44069.1 -44500.3 0 -1111.5 0 0
40600 -42415.5 -41176.2 0 -84.4457 0 0
40700 -43647.3 -43168.3 0 -2698.02 0 0
40800 -44599.1 -41598.2 0 -3378.37 0 0
40900 -40312 -42190.2 0 -3884.39 0 0
41000 -41728.6 -41619.8 0 -4636.23 0 0
41100 -42310.9 -43074 0 -1236.3 0 0
41200 -42721.5 -42794.4 0 -3048.55 0 0
41300 -44217.1 -44340.1 0 -3630.43 0 0
41400 -40704.6 -42923.1 0 -3121.61 0 0
41500 -42510.4 -44330 0 -3334.97 0 0
41600 -43120.9 -41298.7 0 -4857.89 0 0
41700 -41868 -42384.4 0 -6667.86 0 0
41800 -42488.2 -41925.2 0 -4513.85 0 0
41900 -41870.8 -42820.5 0 -3455.25 0 0
42000 -42911.6 -42061.2 0 -4268.16 0 0
42100 -40545.9 -38124.5 0 -3036.9 0 0
42200 -40809.1 -42155.7 0 -5246.23 0 0
42300 -46129 -41419.6 0 -2616.58 0 0
42400 -42642.6 -39882.4 0 -5016.66 0 0
42500 -41733.5 -43631.2 0 -4582.39 0 0
42600 -40849.6 -41104.4 0 -3456.71 0 0
42700 -44057 -41594.6 0 -4417.89 0 0
42800 -41083.4 -42091.3 0 -5605.33 0 0
42900 -44347.4 -43593.2 0 -5950.36 0 0
43000 -43171.9 -42081.2 0 -4836.42 0 0
43100 -42012.1 -45131.4 0 -5943.68 0 0
43200 -43531.9 -43063.1 0 -4740.81 0 0
43300 -43418.6 -38960.6 0 -3479.08 0 0
43400 -43897.8 -42015.8 0 -3844.76 0 0
43500 -42363.3 -44115.7 0 -2507.79 0 0
43600 -39917.2 -39623.3 0 -3514.49 0 0
43700 -43002.5 -39443.2 0 -1626.36 0 0
43800 -43820.9 -41833 0 -4412.54 0 0
43900 -40999.1 -43940.9 0 -4608.01 0 0
44000 -39301.3 -41772.4 0 -1259.12 0 0
44100 -42047.1 -43627.6 0 -3216.36 0 0
44200 -42888.4 -41048.1 0 -1209.18 0 0
44300 -41895 -40668.7 0 -1408.16 0 0
44400 -42469.4 -39896.3 0 -1977.21 0 0
44500 -41588.6 -41128.5 0 -480.276 0 0
44600 -43340.1 -42980.1 0 -1054.78 0 0
44700 -41960.6 -43777.1 0 31.7128 0 0
44800 -40876.2 -44149.3 0 460.652 0 0
44900 -40904.1 -41416.8 0 -25.1809 0 0
45000 -43504.8 -41740.7 0 -114.75 0 0
45100 -43229.1 -40285.1 0 592.781 0 0
45200 -43281.2 -43050.5 0 2144.27 0 0
45300 -41571.4 -42338.8 0 1979.58 0 0
45400 -40917.7 -42569.5 0 2407.27 0 0
45500 -45586.7 -41279.2 0 804.943 0 0
45600 -43848.5 -40712.8 0 1678.94 0 0
45700 -44095.2 -40832.2 0 2727.09 0 0
45800 -43114.1 -42225.6 0 4505.46 0 0
45900 -42055 -40578.1 0 4246.44 0 0
46000 -42546.8 -40939.8 0 3581.67 0 0
46100 -42735.5 -41308.5 0 3803.8 0 0
46200 -41794.7 -43201.8 0 5518.82 0 0
46300 -42085.2 -42465.3 0 4653.26 0 0
46400 -44085 -41777.1 0 4764.68 0 0
46500 -40997.6 -41834.9 0 3969.59 0 0
46600 -42711.9 -42087.5 0 3770.71 0 0
46700 -41078.8 -41748.4 0 5385 0 0
46800 -42873.2 -44034.8 0 4137.45 0 0
46900 -43009.1 -41482.1 0 5308.7 0 0
47000 -43451.2 -40711 0 4992.93 0 0
47100 -43230.4 -42424.4 0 5019.51 0 0
47200 -46545.6 -41591.5 0 5895.82 0 0
47300 -44206.8 -40338.6 0 7119.14 0 0
47400 -43345.9 -43207.2 0 5608.6 0 0
47500 -42981.5 -42209.7 0 6347.52 0 0
47600 -41524.9 -44375.9 0 6316.43 0 0
47700 -44025.7 -41219.1 0 5978.67 0 0
47800 -40954.2 -43141.9 0 7812.46 0 0
47900 -43043.5 -41957.7 0 4763.8 0 0
48000 -43861.8 -42082.7 0 5883.83 0 0
48100 -45246.3 -42828.7 0 5465.29 0 0
48200 -44341.3 -40143.8 0 5277.59 0 0
48300 -42652.7 -39227 0 5784.56 0 0
48400 -44031.1 -40148.9 0 4409.12 0 0
48500 -44481.5 -42697.8 0 4237.14 0 0
48600 -41290.2 -41060 0 4380.2 0 0
48700 -41683.4 -43868.9 0 3433.54 0 0
48800 -42392.9 -42328.9 0 3751.87 0 0
48900 -44134.2 -44210.2 0 4642.26 0 0
49000 -45075.2 -41097.2 0 3884.8 0 0
49100 -43440 -42269 0 2791.55 0 0
49200 -42445.3 -41676.2 0 4374.13 0 0
49300 -42694 -39362.9 0 2715.52 0 0
49400 -44410.1 -40257 0 2514.42 0 0
49500 -41069.9 -41565.2 0 2353.92 0 0
49600 -42897 -42412.9 0 216.122 0 0
49700 -42502.4 -43051.5 0 610.101 0 0
49800 -43769.6 -45191.7 0 1343.62 0 0
49900 -40521.5 -41872.4 0 105.529 0 0
50000 -43753.3 -39537.3 0 -594.708 0 0
