# Time-averaged data for fix ps1
# TimeStep c_thermo_press[1] c_thermo_press[2] c_thermo_press[3] c_thermo_press[4] c_thermo_press[5] c_thermo_press[6]
0 -35141.8 -37398.7 0 -69.2382 0 0
100 -35973.5 -37805.1 0 -3383.16 0 0
200 -35747.6 -38601.7 0 -3584.35 0 0
300 -35164.7 -38639.4 0 -2195.38 0 0
400 -35217 -39559 0 -3425 0 0
500 -33382.8 -41602.9 0 -1533.17 0 0
600 -37092.9 -38089.4 0 -3009.67 0 0
700 -34288.7 -35897.5 0 -5527.76 0 0
800 -34862.1 -35889.2 0 -4026.47 0 0
900 -35641.8 -37009.8 0 -5292.9 0 0
1000 -36225.2 -36958.2 0 -3833.32 0 0
1100 -33108 -34486.2 0 -6170.6 0 0
1200 -34499.8 -37407.7 0 -5198.2 0 0
1300 -33815 -35674.3 0 -4498.07 0 0
1400 -38039 -34416.8 0 -3887.62 0 0
1500 -34833.8 -37939.8 0 -5437.93 0 0
1600 -37764.2 -37857 0 -7030.03 0 0
1700 -36325 -35548.3 0 -7172.32 0 0
1800 -33655.6 -37416.1 0 -6930.5 0 0
1900 -35923.4 -36907.7 0 -9149.94 0 0
2000 -32805.7 -36674 0 -5217.24 0 0
2100 -32560.1 -37814.4 0 -6400.98 0 0
2200 -33614 -38809.4 0 -8355.41 0 0
2300 -34294.6 -35654.5 0 -8399.12 0 0
2400 -37059 -36469.6 0 -5809.93 0 0
2500 -34257.1 -40024.3 0 -7083.14 0 0
2600 -34009.2 -39001 0 -8640.97 0 0
2700 -34836.6 -35869.8 0 -6170.77 0 0
2800 -35058.7 -35621.6 0 -8093.32 0 0
2900 -35694.5 -35585.7 0 -5088.25 0 0
3000 -36573.9 -36736.1 0 -6771.95 0 0
3100 -36180.6 -36870.3 0 -7015.6 0 0
3200 -35295.6 -37510.9 0 -5251.71 0 0
3300 -38116 -37051 0 -5471.51 0 0
3400 -34362.1 -36893 0 -5883.21 0 0
3500 -34368.6 -37305.2 0 -7744.5 0 0
3600 -35220.9 -35862.8 0 -5357.5 0 0
3700 -36124.5 -35371.3 0 -4349.93 0 0
3800 -37562.4 -36040.9 0 -5383.21 0 0
3900 -32461 -37795.8 0 -5695.31 0 0
4000 -34130.2 -36816.7 0 -4444.61 0 0
4100 -34245.8 -38946.9 0 -5580.2 0 0
4200 -37049.3 -36233 0 -4011.87 0 0
4300 -37178.9 -37590.5 0 -4364.04 0 0
4400 -35071.9 -34827.1 0 -5602.97 0 0
4500 -37138.8 -35563.8 0 -2979.25 0 0
4600 -35232 -40161.4 0 -2450.77 0 0
4700 -33786.9 -35801.5 0 -3014.32 0 0
4800 -33464.1 -38297.9 0 -4312.32 0 0
4900 -37762.5 -37371.1 0 -885.292 0 0
5000 -35629.2 -36617.1 0 -1847.72 0 0
5100 -34701.9 -37460.9 0 -1871.51 0 0
5200 -37037.5 -33931.8 0 -938.195 0 0
5300 -38091.6 -37401.2 0 -1318.15 0 0
5400 -37506.9 -37388.8 0 864.004 0 0
5500 -35970.8 -37723.3 0 -425.804 0 0
5600 -33350.1 -39300.4 0 1001.55 0 0
5700 -38431.2 -35539.5 0 262.756 0 0
5800 -35104.4 -33971.7 0 1622.82 0 0
5900 -36015.7 -36897.4 0 2367.59 0 0
6000 -35119.5 -39338.6 0 1908.4 0 0
6100 -36067.2 -37722 0 1925.43 0 0
6200 -35687.9 -34480.4 0 2003.09 0 0
6300 -34903.2 -37571.5 0 -24.8958 0 0
6400 -34883.3 -36082.8 0 3031.89 0 0
6500 -34393.9 -35399.9 0 2470.93 0 0
6600 -36409.8 -34797.7 0 3202.88 0 0
6700 -35123.8 -35105.6 0 3455.31 0 0
6800 -37477.2 -35166.4 0 4491.34 0 0
6900 -34317.3 -39869 0 3594.37 0 0
7000 -35361.2 -36648.4 0 3699.31 0 0
7100 -35566.9 -37957.5 0 3243.17 0 0
7200 -36485.9 -36749.2 0 4266.34 0 0
7300 -38550.2 -37932.3 0 3465.29 0 0
7400 -34908.6 -38737.3 0 4630.38 0 0
7500 -36695.3 -35245.9 0 3155.54 0 0
7600 -35426.8 -38324.7 0 3556.09 0 0
7700 -36196.1 -37132.4 0 2807.61 0 0
7800 -34351.1 -36424.3 0 4314.27 0 0
7900 -36419.9 -37286 0 2374.03 0 0
8000 -34297.5 -35213.8 0 2649.18 0 0
8100 -37191.3 -37110.1 0 3908.03 0 0
8200 -34821.2 -37457.2 0 3750.38 0 0
8300 -35421.9 -35094.3 0 4424.39 0 0
8400 -36293.9 -36185.5 0 4441.73 0 0
8500 -36474.4 -39784.4 0 1919.23 0 0
8600 -37996.3 -36909.6 0 3038.38 0 0
8700 -35572.3 -35439.1 0 874.989 0 0
8800 -34979.2 -38707.2 0 1374.16 0 0
8900 -34649.1 -35431.4 0 1976.67 0 0
9000 -34804.3 -39765.5 0 47.4246 0 0
9100 -33345.9 -37684.2 0 -414.55 0 0
9200 -36530.2 -34108.6 0 -997.884 0 0
9300 -36649.4 -36548.7 0 839.406 0 0
9400 -34177.3 -36091.5 0 296.56 0 0
9500 -36049.8 -36955.5 0 150.858 0 0
9600 -35123.6 -39548.7 0 1101.03 0 0
9700 -33695.2 -35916.8 0 -503.258 0 0
9800 -36444.5 -39989.4 0 1710.85 0 0
9900 -36514.1 -38055 0 -1588.54 0 0
10000 -35181.5 -37826.4 0 -1332.3 0 0
10100 -35946.5 -37004.3 0 -1685.28 0 0
10200 -32766.3 -35808.2 0 -1432.38 0 0
10300 -36308.7 -37861.9 0 -1503.37 0 0
10400 -34496.6 -36955.6 0 -3008.85 0 0
10500 -36310.7 -38278.3 0 -2724.28 0 0
10600 -35247.5 -35808.3 0 -3846.14 0 0
10700 -38210.4 -35132.6 0 -1922.93 0 0
10800 -34994.3 -36892.5 0 -3556.98 0 0
10900 -36295.9 -33940.6 0 -4242.48 0 0
11000 -34101.3 -36180.5 0 -3387.38 0 0
11100 -35250.6 -36914.9 0 -4838.53 0 0
11200 -34622.2 -37373.5 0 -4873.54 0 0
11300 -35084.9 -36367 0 -5066.29 0 0
11400 -38214.9 -35063.9 0 -5322.71 0 0
11500 -37580.6 -34500.6 0 -7913.95 0 0
11600 -35899.3 -35130.4 0 -7478.75 0 0
11700 -36519.3 -37352.4 0 -6994.03 0 0
11800 -37089.6 -36087.5 0 -9306.67 0 0
11900 -35189 -35389.4 0 -6392.79 0 0
12000 -38338.1 -34499.8 0 -6537.94 0 0
12100 -32521.2 -36767.9 0 -6676.2 0 0
12200 -38550.2 -37596.7 0 -5998.15 0 0
12300 -36072.6 -34852.1 0 -6477.7 0 0
12400 -36275.4 -35554.7 0 -8743.71 0 0
12500 -33584.1 -35433.6 0 -6348.66 0 0
12600 -36593.7 -36777.9 0 -6986.63 0 0
12700 -36837.3 -34274.8 0 -6325.8 0 0
12800 -36938.1 -36210.3 0 -6266.35 0 0
12900 -34121.8 -39473.5 0 -5303.69 0 0
13000 -34637.5 -37562.9 0 -6571.08 0 0
13100 -34914.3 -36192.5 0 -7146.19 0 0
13200 -31964.1 -38078.6 0 -5411.02 0 0
13300 -32495.4 -37393.9 0 -5368.92 0 0
13400 -34817.9 -37232.9 0 -5026.06 0 0
13500 -38954 -34238.8 0 -6301.17 0 0
13600 -36569 -35219.9 0 -6385.49 0 0
13700 -35610 -34966.5 0 -4452.49 0 0
13800 -33278.5 -35689.2 0 -4956.44 0 0
13900 -36650 -34015.2 0 -3636.09 0 0
14000 -33189.1 -36950.3 0 -5211.37 0 0
14100 -34761.3 -35547 0 -5565.87 0 0
14200 -33598.4 -38996.8 0 -5240.98 0 0
14300 -37255.5 -37204.5 0 -5001.88 0 0
14400 -37570.3 -38907.4 0 -3634.31 0 0
14500 -34684.6 -36559.7 0 -2901.06 0 0
14600 -34054.7 -36849 0 -2322.16 0 0
14700 -37375.2 -37172 0 -1858.68 0 0
14800 -35726.1 -35614.8 0 -1211.31 0 0
14900 -35474.8 -35052.1 0 -359.409 0 0
15000 -36341.7 -34611.6 0 -825.487 0 0
15100 -32810.8 -34382.5 0 -1627.47 0 0
15200 -38181.6 -37840.7 0 -321.878 0 0
15300 -37004.2 -35219.1 0 -1758.15 0 0
15400 -33801.8 -37995.2 0 1011.23 0 0
15500 -36495.1 -34342.7 0 -649.525 0 0
15600 -36618.7 -37070.5 0 1557.68 0 0
15700 -35030.6 -35035.1 0 1505.65 0 0
15800 -32341.9 -38680.6 0 -167.149 0 0
15900 -34256.3 -37369.1 0 1452.07 0 0
16000 -34870.6 -36183.8 0 1424.7 0 0
16100 -35125.7 -34160.3 0 3177.63 0 0
16200 -37427.3 -35841.1 0 3159.85 0 0
16300 -36167.4 -36401.9 0 2826.32 0 0
16400 -33373 -36292.4 0 1801.3 0 0
16500 -39369.6 -35760.9 0 2357.67 0 0
16600 -36301.6 -36015 0 1099.64 0 0
16700 -40558 -36975.1 0 2626.22 0 0
16800 -34607.2 -37274.7 0 3147.44 0 0
16900 -36438 -38048.5 0 2889.25 0 0
17000 -34917.5 -34863.3 0 2803.52 0 0
17100 -34877.8 -37684.2 0 2702.75 0 0
17200 -35584.8 -38476.5 0 4114.05 0 0
17300 -35704 -38661.2 0 2055.98 0 0
17400 -35843.6 -37053.8 0 2242.21 0 0
17500 -35140.2 -35791.6 0 4135.25 0 0
17600 -35822.6 -36267.3 0 2696.77 0 0
17700 -32327 -38673.6 0 3963.73 0 0
17800 -36252.9 -38468.8 0 3897.46 0 0
17900 -36326.8 -36393.9 0 4612.37 0 0
18000 -37138.8 -36311.8 0 3002.93 0 0
18100 -38994.4 -36704.6 0 1616.23 0 0
18200 -34805.8 -37549.8 0 4027.93 0 0
18300 -35215.5 -33612.4 0 3702.73 0 0
18400 -38941.1 -32072.3 0 3399.31 0 0
18500 -34302 -35827.9 0 2098.02 0 0
18600 -34761.3 -36614.7 0 2556.35 0 0
18700 -36827.3 -35705.9 0 1243.53 0 0
18800 -34983.7 -37279.4 0 2417.17 0 0
18900 -33912.8 -34883.3 0 2525.44 0 0
19000 -34556.8 -35851.8 0 1299.98 0 0
19100 -37067.1 -38034.4 0 1444.1 0 0
19200 -34220.4 -35793.8 0 1103.03 0 0
19300 -35402.1 -36584.9 0 -562.884 0 0
19400 -34595.7 -32994.8 0 -790.404 0 0
19500 -34180.3 -35152.4 0 1417.93 0 0
19600 -36776.5 -38099.8 0 -1990.28 0 0
19700 -33129.3 -35104.4 0 1958.91 0 0
19800 -35632.6 -37421.6 0 -618.645 0 0
19900 -35019.5 -36371.8 0 -1528.05 0 0
20000 -33698.6 -38946 0 -2437.05 0 0
20100 -32769.5 -38889.5 0 -2949.89 0 0
20200 -35496.2 -37692.2 0 -1545.05 0 0
20300 -36348.5 -36164.3 0 -1420.8 0 0
20400 -36984.8 -37733.1 0 -4069.4 0 0
20500 -35324.7 -34987.6 0 -5494.64 0 0
20600 -34159.9 -36320.2 0 -2927.07 0 0
20700 -36979.3 -34580.7 0 -3142.55 0 0
20800 -35792.8 -34473.9 0 -5063.98 0 0
20900 -37046.6 -35440 0 -4602.94 0 0
21000 -35298.5 -36740.4 0 -5354.51 0 0
21100 -34322 -37351.1 0 -6529.75 0 0
21200 -32725.2 -37357.2 0 -5010.54 0 0
21300 -35011.1 -35323.2 0 -6082.61 0 0
21400 -35032.9 -38018.1 0 -6393.23 0 0
21500 -34791.3 -35904.9 0 -7024.95 0 0
21600 -36185.9 -35617.4 0 -8263.41 0 0
21700 -34059.7 -36896.5 0 -3782.14 0 0
21800 -35205.1 -34259 0 -6679.91 0 0
21900 -33273 -37466.2 0 -7413.03 0 0
22000 -33009.6 -35938.5 0 -6114.92 0 0
22100 -36017.9 -33884.3 0 -5948.32 0 0
22200 -35720.2 -33759.5 0 -6282.28 0 0
22300 -35188.8 -36151.3 0 -7863.73 0 0
22400 -33651.6 -34668.7 0 -7728.38 0 0
22500 -35318 -35373 0 -8269.95 0 0
22600 -33363.3 -37021.4 0 -6145.73 0 0
22700 -34742.4 -36733.4 0 -7291.43 0 0
22800 -39287.7 -35467.7 0 -6375.49 0 0
22900 -32089.9 -36289 0 -6629.37 0 0
23000 -34397.9 -38158.9 0 -3886.01 0 0
23100 -34215.9 -37915 0 -4805.97 0 0
23200 -35610.5 -35146.2 0 -6639.35 0 0
23300 -30867 -35687.3 0 -4588.23 0 0
23400 -35598.1 -36678 0 -4649.43 0 0
23500 -34883.3 -34675.8 0 -5534.17 0 0
23600 -33995.3 -33882 0 -6125.08 0 0
23700 -35088.6 -34531 0 -4641.32 0 0
23800 -35402.5 -35912.2 0 -4281.53 0 0
23900 -36762.4 -37595.7 0 -4144.05 0 0
24000 -34593.3 -38452.5 0 -4157.92 0 0
24100 -36589.2 -36420.1 0 -4713.57 0 0
24200 -36444.7 -35294.8 0 -3630.41 0 0
24300 -35897.5 -35774.4 0 -2812.45 0 0
24400 -34962.8 -36655.4 0 -4269.47 0 0
24500 -35782 -34884.4 0 -3696.69 0 0
24600 -35488.5 -36698.8 0 -1309.85 0 0
24700 -37185 -34884.8 0 -1727.22 0 0
24800 -35465.6 -36622.9 0 -4114.84 0 0
24900 -34203.2 -34192.3 0 -2076.05 0 0
25000 -32606.5 -36039.8 0 -2929.82 0 0
25100 -33984.1 -37297.7 0 -1874.38 0 0
25200 -35809.4 -38598.6 0 -895.147 0 0
25300 -34198.1 -38349.5 0 -1065.9 0 0
25400 -36085.9 -34687.6 0 -879.918 0 0
25500 -34738.1 -38060 0 441.768 0 0
25600 -37989.9 -36905.2 0 2222.57 0 0
25700 -36955.1 -35733.9 0 484.446 0 0
25800 -37988.6 -37702.6 0 -58.5022 0 0
25900 -35713.9 -36540.8 0 2084.91 0 0
26000 -37313.3 -36882.6 0 925.817 0 0
26100 -36889 -35947.6 0 850.441 0 0
26200 -34482.1 -35057.3 0 1512.36 0 0
26300 -35575.4 -34974.4 0 2122.76 0 0
26400 -38669.6 -37420.9 0 825.6 0 0
26500 -36944.5 -37214.8 0 4120.98 0 0
26600 -35582.7 -39577.1 0 2323.93 0 0
26700 -37126.8 -37654.2 0 3758.19 0 0
26800 -36142.5 -35057.9 0 3762.5 0 0
26900 -34723.3 -37128.7 0 3818.41 0 0
27000 -35969.6 -34659 0 5047.89 0 0
27100 -37861.3 -35538 0 3651.73 0 0
27200 -36500.5 -35614.3 0 2846.98 0 0
27300 -41381 -38932.1 0 953.871 0 0
27400 -36629.6 -35384.3 0 3178.42 0 0
27500 -34124.8 -35790.5 0 3136.51 0 0
27600 -35829 -35601.7 0 2483.95 0 0
27700 -37366.5 -37986.6 0 953.353 0 0
27800 -35208.1 -35270.5 0 4217.2 0 0
27900 -36955.9 -37248 0 2643.39 0 0
28000 -36742.7 -36988.3 0 3731.17 0 0
28100 -36962.5 -37102.5 0 1777.59 0 0
28200 -37987.3 -32772.4 0 2587.96 0 0
28300 -36702.8 -34359.7 0 2018.62 0 0
28400 -37512.5 -35392.8 0 2437.52 0 0
28500 -37749.9 -35320.5 0 2719.09 0 0
28600 -36581.4 -34367.2 0 1773.56 0 0
28700 -34275.8 -35022.8 0 2103.37 0 0
28800 -34250.8 -34037.5 0 2893.96 0 0
28900 -34969.1 -36395.6 0 1676.27 0 0
29000 -36888.6 -34584.4 0 690.092 0 0
29100 -35422.2 -34474.7 0 2644.37 0 0
29200 -34714.1 -35690.5 0 2234.71 0 0
29300 -34717.3 -36538 0 142.612 0 0
29400 -35916.1 -38091.7 0 -2017.06 0 0
29500 -35350.9 -38193.4 0 -176.461 0 0
29600 -35983.6 -35281.5 0 -1390.58 0 0
29700 -34699.6 -38523.7 0 -1380.38 0 0
29800 -35862.3 -36094.3 0 171.162 0 0
29900 -38020.8 -35823.3 0 -2308.98 0 0
30000 -37110.1 -32396.1 0 -2159.64 0 0
30100 -38001.9 -35279.6 0 -2045.16 0 0
30200 -34923.2 -36682 0 -661.627 0 0
30300 -33836.1 -36669.1 0 -2476.38 0 0
30400 -38105.3 -36444.1 0 -4418.22 0 0
30500 -37171.4 -36197.1 0 -2121.11 0 0
30600 -38070.6 -35133.5 0 -2732.81 0 0
30700 -32333.1 -36598.4 0 -4289.06 0 0
30800 -35590.2 -35618.7 0 -4476.66 0 0
30900 -34913.8 -36767.3 0 -7576.38 0 0
31000 -33072.9 -38707.5 0 -5661.99 0 0
31100 -36765.5 -37284.9 0 -3096.41 0 0
31200 -37919.8 -36680.1 0 -2718.93 0 0
31300 -35144.5 -35637.1 0 -9073.62 0 0
31400 -36272.8 -35781.9 0 -5928.61 0 0
31500 -32957.6 -37626.7 0 -3839.37 0 0
31600 -37296.8 -36084.3 0 -5409.13 0 0
31700 -37707.4 -36766 0 -6282.44 0 0
31800 -36490.6 -34723.2 0 -6178.84 0 0
31900 -35657.3 -38072.5 0 -6709.28 0 0
32000 -34634 -36428.6 0 -8011.12 0 0
32100 -32939.3 -36112.9 0 -5237.33 0 0
32200 -37783.5 -35295.5 0 -6659.91 0 0
32300 -39813.6 -33946.7 0 -7489.15 0 0
32400 -33833.9 -34876.6 0 -7543.08 0 0
32500 -36477 -37799 0 -8138.96 0 0
32600 -39394.5 -35006.9 0 -7285.07 0 0
32700 -36455.7 -35261.5 0 -7237.66 0 0
32800 -36147.3 -38325.7 0 -5849.04 0 0
32900 -35560.6 -37316.9 0 -4974.46 0 0
33000 -38129.9 -34490.1 0 -6165.49 0 0
33100 -35872.6 -37503.7 0 -6181.59 0 0
33200 -34870.8 -35631.5 0 -5908.74 0 0
33300 -33731 -36897.3 0 -6556.57 0 0
33400 -33117 -34241.7 0 -4823.56 0 0
33500 -37605.3 -32165.2 0 -4865.38 0 0
33600 -35513.7 -34840.4 0 -4805.54 0 0
33700 -37801.6 -38427.1 0 -4866.21 0 0
33800 -36832.4 -37377.3 0 -4459.17 0 0
33900 -35495.9 -36485.4 0 -3755.58 0 0
34000 -36496.2 -39237.9 0 -4214.71 0 0
34100 -36290.6 -36541.6 0 -4506.74 0 0
34200 -33349.1 -36445.8 0 -2558.5 0 0
34300 -37889.7 -38884.7 0 -3771.72 0 0
34400 -34858.1 -34472 0 -2256 0 0
34500 -34809.8 -34835.6 0 -3295.25 0 0
34600 -35917.3 -35212.6 0 -693.307 0 0
34700 -35113.3 -34473.5 0 -2187.69 0 0
34800 -35915 -37120.5 0 -1896.8 0 0
34900 -36814.2 -39504 0 -2789.82 0 0
35000 -37428.7 -37558.7 0 338.105 0 0
35100 -33722.1 -37112.6 0 1185.87 0 0
35200 -38613.8 -37203.1 0 -173.363 0 0
35300 -35388.2 -36725.6 0 448.797 0 0
35400 -37146.2 -36318.7 0 -25.9739 0 0
35500 -34654.2 -36135.6 0 -808.761 0 0
35600 -34048.9 -37502.5 0 1443.39 0 0
35700 -37889.2 -37674.1 0 931.954 0 0
35800 -38950.5 -35195.3 0 1557.91 0 0
35900 -37426.2 -37463.5 0 431.952 0 0
36000 -35543.7 -35546.7 0 2938.79 0 0
36100 -37039.3 -35962.8 0 2514.98 0 0
36200 -35928.6 -37799.9 0 3031 0 0
36300 -36497.7 -34826.2 0 2166.16 0 0
36400 -36878.5 -33434.2 0 1056.35 0 0
36500 -37662.9 -35245.6 0 2445.48 0 0
36600 -36348.6 -32756.3 0 2071.48 0 0
36700 -38280.8 -32449.9 0 4797.18 0 0
36800 -36287.8 -34308.1 0 4641.53 0 0
36900 -37421.5 -35795.1 0 2636.53 0 0
37000 -37189.3 -36606.2 0 4384.52 0 0
37100 -37272.3 -33857.8 0 1564.42 0 0
37200 -38052.1 -37040.1 0 1019.52 0 0
37300 -37706.2 -34136 0 2587.27 0 0
37400 -33912.7 -37247.4 0 3166.09 0 0
37500 -35777.9 -38118.5 0 4783.45 0 0
37600 -33743.1 -33360.6 0 4028.18 0 0
37700 -34152 -37378.1 0 1657.56 0 0
37800 -36021.1 -33596.7 0 4832.07 0 0
37900 -34925.3 -38130 0 2617.78 0 0
38000 -35119 -38199.9 0 1913.95 0 0
38100 -37351.7 -40046.3 0 3237.46 0 0
38200 -34588.2 -36585.2 0 2228.42 0 0
38300 -33935.5 -38466.3 0 3092.31 0 0
38400 -37304.6 -36181.2 0 1248.07 0 0
38500 -37052.7 -37076.9 0 1345.93 0 0
38600 -38383.2 -36188.5 0 3319.18 0 0
38700 -35093.4 -35916.8 0 1320.77 0 0
38800 -37030 -37785.1 0 3824.59 0 0
38900 -37544.1 -37977.7 0 2211.35 0 0
39000 -34281.8 -35026.7 0 -304.262 0 0
39100 -36232.2 -35984 0 1180.65 0 0
39200 -37825.8 -37296.5 0 1329 0 0
39300 -32755.1 -34701.8 0 455.537 0 0
39400 -35583.5 -35895.7 0 -1563.42 0 0
39500 -37645.2 -35828.5 0 447.337 0 0
39600 -36682 -37337.5 0 422.24 0 0
39700 -34001.1 -38756.1 0 -415.146 0 0
39800 -34696.3 -33975.5 0 -1790.66 0 0
39900 -36189.8 -36738.5 0 -1157.9 0 0
40000 -36659.6 -34795.8 0 -1700.48 0 0
40100 -33171.2 -37086.8 0 -1385.51 0 0
40200 -35407.8 -37832.3 0 -2853.47 0 0
40300 -35061.7 -39459.9 0 -2830.94 0 0
40400 -36227.1 -35250.6 0 -2463.15 0 0
40500 -37151.4 -37191 0 -3267.61 0 0
40600 -34596 -35550.7 0 -3201.71 0 0
40700 -35179.1 -37361.5 0 -3776.65 0 0
40800 -36063 -32776.2 0 -4307.19 0 0
40900 -36580.5 -35607 0 -4798.17 0 0
41000 -34613.9 -36797.7 0 -4695.41 0 0
41100 -35778.4 -34356.2 0 -3537.33 0 0
41200 -36043.6 -35781.6 0 -5006.28 0 0
41300 -36198.6 -34393.3 0 -3700.16 0 0
41400 -36772.6 -36632.9 0 -6495.51 0 0
41500 -34930.6 -37510.3 0 -8338.1 0 0
41600 -34537.1 -37623.6 0 -8919.19 0 0
41700 -36522.1 -37527.8 0 -7808.09 0 0
41800 -33697.1 -39825.3 0 -5178.28 0 0
41900 -35596.9 -36514.6 0 -7211.21 0 0
42000 -35340.2 -35248.3 0 -6768.04 0 0
42100 -35031.2 -35134.4 0 -7934.56 0 0
42200 -34767.8 -35785.1 0 -7753.86 0 0
42300 -34392.7 -37337.1 0 -8367.51 0 0
42400 -38740 -34925.4 0 -7064.19 0 0
42500 -34060.2 -36756.2 0 -5976.78 0 0
42600 -35236.2 -38256.3 0 -7368.53 0 0
42700 -35800.1 -35694.5 0 -7539.51 0 0
42800 -32693.5 -37582.1 0 -6561.71 0 0
42900 -32670 -35984.1 0 -6132.53 0 0
43000 -34837.8 -34860.8 0 -7630.53 0 0
43100 -35025.3 -37512.1 0 -6981.61 0 0
43200 -34779.8 -35164.8 0 -7708.71 0 0
43300 -35963.5 -37246.3 0 -6065.71 0 0
43400 -34951.1 -36182.2 0 -7045.5 0 0
43500 -36705.3 -36245.7 0 -7663.86 0 0
43600 -37238 -36367.9 0 -6713.79 0 0
43700 -34792.6 -36848.6 0 -6110.05 0 0
43800 -34549.9 -37161.5 0 -6508.77 0 0
43900 -34131.2 -38041.6 0 -4784.46 0 0
44000 -37852 -33548.7 0 -4249.35 0 0
44100 -36653.8 -36417.6 0 -4393.84 0 0
44200 -39785.7 -36402.7 0 -5817.96 0 0
44300 -34708.2 -34522.8 0 -5078.24 0 0
44400 -34692.7 -35858 0 -4728.95 0 0
44500 -35030.9 -33585.7 0 -5208.51 0 0
44600 -33800.6 -35704.5 0 -4625.6 0 0
44700 -31714.9 -37138.2 0 -3862.77 0 0
44800 -32953.3 -35799 0 -2318.12 0 0
44900 -35339.8 -35614.1 0 -1270.99 0 0
45000 -32029.5 -36663.2 0 -2446.52 0 0
45100 -35341.5 -34869.7 0 -3178.15 0 0
45200 -36525.9 -37335.3 0 -2287 0 0
45300 -34886.8 -34772.3 0 -252.296 0 0
45400 -35683.5 -36103.7 0 -2227.97 0 0
45500 -39302.8 -37444.1 0 1504.45 0 0
45600 -35630.6 -36949.4 0 184.245 0 0
45700 -34965.6 -37971.1 0 1361.05 0 0
45800 -36441.6 -38214.1 0 -1060.74 0 0
45900 -35192.9 -38429.3 0 2973.62 0 0
46000 -35384.5 -38810.5 0 2173.87 0 0
46100 -35060.2 -33161.9 0 1545.85 0 0
46200 -34277.1 -37530.5 0 2232.84 0 0
46300 -35297.1 -37423.2 0 3131.9 0 0
46400 -35983.5 -33100.4 0 1735.57 0 0
46500 -37411 -36446.5 0 4108.77 0 0
46600 -35080 -39818.1 0 2926.36 0 0
46700 -34834.3 -37517.1 0 1586.15 0 0
46800 -36590.8 -34839.6 0 1592.14 0 0
46900 -36123.7 -37292.4 0 1284.27 0 0
47000 -33872.4 -38318.5 0 2278.85 0 0
47100 -32257.1 -36271.3 0 3519.87 0 0
47200 -32959.5 -35419.4 0 4166.66 0 0
47300 -36832.8 -38601.1 0 3435.82 0 0
47400 -32932.1 -37857.7 0 4935.49 0 0
47500 -32133.9 -39648.8 0 5242.51 0 0
47600 -35969.7 -35468.2 0 5365.77 0 0
47700 -36067.4 -37096.3 0 2309.92 0 0
47800 -33310.6 -38013.7 0 2534.63 0 0
47900 -34712.5 -32545.6 0 2945.21 0 0
48000 -37017 -36131.7 0 2648.23 0 0
48100 -36830.2 -35370.2 0 3489.24 0 0
48200 -35387.8 -36110.8 0 3487.39 0 0
48300 -38829.2 -36653.6 0 4150.78 0 0
48400 -35379.1 -34835.6 0 6560.83 0 0
48500 -34988.4 -35745.9 0 1634.6 0 0
48600 -35632.1 -35889.7 0 2215.09 0 0
48700 -34858.1 -39374.2 0 1368.44 0 0
48800 -34096.8 -37069.4 0 400.718 0 0
48900 -35834.8 -37808.7 0 1218.96 0 0
49000 -37153.1 -36443.2 0 807.287 0 0
49100 -36266.9 -35026.8 0 -779.741 0 0
49200 -36689 -37868.7 0 374.679 0 0
49300 -35055.4 -36648.1 0 -829.553 0 0
49400 -34843.1 -37409.7 0 -810.656 0 0
49500 -35405.2 -37153.9 0 765.582 0 0
49600 -33979.6 -38168.4 0 -775.14 0 0
49700 -35517.3 -35325.8 0 -1223.3 0 0
49800 -34792.8 -33057.7 0 -1725.04 0 0
49900 -33992.4 -38995.2 0 -2008.65 0 0
50000 -37025.9 -37725.9 0 -2635.78 0 0
