# Time-averaged data for fix ps1
# TimeStep c_thermo_press[1] c_thermo_press[2] c_thermo_press[3] c_thermo_press[4] c_thermo_press[5] c_thermo_press[6]
0 12035.5 6362.85 0 -2759.81 0 0
100 7927.89 13980.5 0 -1481.73 0 0
200 12663 13012.8 0 1444.73 0 0
300 13117.7 10070.4 0 -829.328 0 0
400 10884.4 11079.1 0 -2995.07 0 0
500 11488.8 9262.23 0 -3787.34 0 0
600 12956 6667.45 0 -2910.7 0 0
700 8537.44 11134.9 0 -1396.19 0 0
800 7903.49 8150.26 0 -2005.11 0 0
900 8925.71 7074.15 0 695.811 0 0
1000 12907.4 7782.69 0 726.551 0 0
1100 13733.9 6642.58 0 -1737.41 0 0
1200 9956.95 6412.06 0 -1978.92 0 0
1300 8879.81 6074.35 0 -1461.07 0 0
1400 11214.9 11435.6 0 -2115.07 0 0
1500 10062.6 9916.96 0 -7018.36 0 0
1600 9797.9 10582.6 0 -3029.05 0 0
1700 11598.2 11622 0 -2416.65 0 0
1800 10265.6 12935.4 0 28.0699 0 0
1900 10806.5 12456.3 0 1641.03 0 0
2000 9500.55 9753.28 0 -913.964 0 0
2100 11245.7 11806.5 0 1638.76 0 0
2200 13126.6 9583.1 0 2367.33 0 0
2300 12435.2 7634.95 0 -3803.2 0 0
2400 12585.9 6043.67 0 -418.251 0 0
2500 11191 6621.05 0 1249.52 0 0
2600 11582.3 13562.6 0 -214.251 0 0
2700 11832.1 5150.02 0 -474.202 0 0
2800 8781.74 13863.5 0 1745.46 0 0
2900 9029.82 10247 0 -2965.03 0 0
3000 6561.04 12882.4 0 -144.274 0 0
3100 10825.9 11278.7 0 -808.92 0 0
3200 11791.1 8600.36 0 -801.977 0 0
3300 10187.2 5513.94 0 -10.0152 0 0
3400 9144.92 11660.3 0 -1437.68 0 0
3500 11258 12215.8 0 -1098.76 0 0
3600 14826.4 8872.9 0 -1617.79 0 0
3700 9631.28 11699.6 0 -296.866 0 0
3800 10928.5 11178 0 -851.739 0 0
3900 11313.3 7821.89 0 -474.317 0 0
4000 10815 13580.2 0 1659.84 0 0
4100 14001.4 9947.5 0 -1592.3 0 0
4200 10245.2 7850.84 0 -234.819 0 0
4300 10597.3 12713.7 0 -1442.25 0 0
4400 12392.3 10130.1 0 3822.67 0 0
4500 13002.2 12504.6 0 -1330.05 0 0
4600 13204.2 9563.68 0 975.091 0 0
4700 10768.6 11244.4 0 137.662 0 0
4800 9304.17 13880.2 0 958.363 0 0
4900 10227.5 8305.66 0 701.523 0 0
5000 11911.8 9346.26 0 -799.22 0 0
5100 10366.3 11868.8 0 2911.6 0 0
5200 9794.1 12738.2 0 -1126.25 0 0
5300 9803.76 12056.2 0 -326.631 0 0
5400 8856.09 12769.3 0 1578.44 0 0
5500 11932.4 13557 0 -3699.18 0 0
5600 15746.1 9807.82 0 -1611.81 0 0
5700 12561.4 8635.98 0 609.474 0 0
5800 12611.6 9088.93 0 1967.44 0 0
5900 11357.8 12623.1 0 -1485.74 0 0
6000 11952 7253.86 0 -2289.18 0 0
6100 11778.3 9874.01 0 170.456 0 0
6200 11674.9 14938.4 0 755.305 0 0
6300 12136.8 9340.3 0 2957.07 0 0
6400 11927.3 7813.08 0 3128.73 0 0
6500 8144.47 12537.9 0 797.875 0 0
6600 14065.4 10288.5 0 1390.89 0 0
6700 13224.6 10850.7 0 1843.26 0 0
6800 13896.7 7972 0 1184.08 0 0
6900 12281.4 12659.2 0 194.088 0 0
7000 11694.4 13100.4 0 396.549 0 0
7100 13342.5 11774.9 0 447.248 0 0
7200 10387.8 12303.3 0 947.323 0 0
7300 13194.6 10649.5 0 57.9459 0 0
7400 9565.66 9851.86 0 -1143.41 0 0
7500 7699.79 11481.2 0 712.585 0 0
7600 11148.5 12609.7 0 -1998.85 0 0
7700 8975.56 10975.1 0 3030.5 0 0
7800 9816.62 15234 0 2114.72 0 0
7900 7596.14 18105.3 0 4234.69 0 0
8000 10157.8 11370.2 0 729.529 0 0
8100 7862.19 10337.2 0 3478.09 0 0
8200 6593.34 14000.9 0 4264.8 0 0
8300 8312.84 12210.6 0 1576.96 0 0
8400 11416.8 9952.89 0 -1318.49 0 0
8500 10069.8 10442.5 0 -3444.12 0 0
8600 9028.92 10908.8 0 2661.12 0 0
8700 10372.3 11535 0 1864.6 0 0
8800 9511.03 9788.97 0 -769.637 0 0
8900 10950.6 11514.9 0 3334.26 0 0
9000 13851.5 9805.46 0 809.071 0 0
9100 13653 10424.3 0 105.898 0 0
9200 10072.4 11623.7 0 104.263 0 0
9300 10681.5 10390.9 0 -1827.12 0 0
9400 11492.4 11907.8 0 475.799 0 0
9500 9797.58 12456 0 -642.908 0 0
9600 6019.35 15132.4 0 13.7308 0 0
9700 14490.8 12715.8 0 -2262.29 0 0
9800 11192.7 8077.77 0 -1214.36 0 0
9900 6626.93 12134.4 0 -306.83 0 0
10000 9238.79 12496.6 0 -2046.34 0 0
10100 8830.91 12208.4 0 -1358.2 0 0
10200 9995.8 11681.4 0 -2323.76 0 0
10300 8698.38 10683.6 0 -809.168 0 0
10400 10983.2 11843.4 0 -1984.76 0 0
10500 11857.7 10708.7 0 -3384.22 0 0
10600 10440.8 10297.4 0 121.736 0 0
10700 15262.2 13650 0 -1181.5 0 0
10800 8214.17 11034.9 0 235.571 0 0
10900 13143.3 9930.89 0 365.993 0 0
11000 12770.4 12856.9 0 3049.48 0 0
11100 11866.5 10867.2 0 -1943.35 0 0
11200 12946.1 11542.2 0 -2605.42 0 0
11300 12389.2 8650.13 0 -2254.84 0 0
11400 10519.7 11569.9 0 -360.952 0 0
11500 7395.82 15021.1 0 -2093.59 0 0
11600 11485.2 10776.3 0 -2188.33 0 0
11700 10996.3 13733.5 0 -849.175 0 0
11800 13841 10134.2 0 3008.56 0 0
11900 14028.1 10059.2 0 -1430.55 0 0
12000 10068 10729.8 0 -1304.3 0 0
12100 11297 15506 0 -1257.92 0 0
12200 8609.93 10824.4 0 -3079.35 0 0
12300 15045.4 6952.26 0 -1536.75 0 0
12400 11292.6 10604 0 -1625.61 0 0
12500 10599.8 10264.8 0 -1670.07 0 0
12600 11832.8 12332.1 0 808.99 0 0
12700 12506.4 14326.1 0 432.412 0 0
12800 11913 11494.1 0 157.486 0 0
12900 9907.73 11559.2 0 34.3436 0 0
13000 10047.7 12013.9 0 3649.86 0 0
13100 12396.4 10959.2 0 542.067 0 0
13200 17114.9 16017.5 0 527.473 0 0
13300 12073.1 10297 0 1636.09 0 0
13400 13734.8 9867.14 0 2284.51 0 0
13500 8804.1 9591.16 0 281.663 0 0
13600 10203.8 13939.7 0 2884.67 0 0
13700 12760.2 7300.45 0 -443.487 0 0
13800 11707.7 10584.9 0 -873.02 0 0
13900 9882.69 7173.82 0 1330.83 0 0
14000 15013.6 12334.4 0 708.214 0 0
14100 13410.4 14956 0 -1252.54 0 0
14200 10167 12715.6 0 -506.979 0 0
14300 12800.4 7597.01 0 -1823.48 0 0
14400 9256.87 9209.77 0 -720.809 0 0
14500 14483.9 6139.47 0 -241.227 0 0
14600 14663.4 8510.76 0 -1412.72 0 0
14700 9456.83 8454.17 0 450.445 0 0
14800 15976.9 5881.27 0 -291.822 0 0
14900 14310.3 6923.59 0 1493.68 0 0
15000 13741.5 8913.33 0 1729.04 0 0
15100 13536 7563.51 0 994.728 0 0
15200 15810.9 6518.65 0 -1381.13 0 0
15300 12878.6 9743.36 0 1439.36 0 0
15400 14342.2 10791.3 0 -911.473 0 0
15500 19287.2 9547.63 0 760.615 0 0
15600 9768.4 11622.8 0 2894.32 0 0
15700 10417.7 13086.6 0 4000.26 0 0
15800 11076.2 15661.8 0 2354.81 0 0
15900 11602.4 11472.6 0 3838.51 0 0
16000 12138.8 13593.5 0 1668.7 0 0
16100 8686.13 12555.8 0 1762.07 0 0
16200 11351.8 10457.7 0 428.228 0 0
16300 13891.6 9766.95 0 1834.25 0 0
16400 9638.72 10547.3 0 -2221.26 0 0
16500 10807.2 10037.3 0 836.071 0 0
16600 7543.93 14233.5 0 109.358 0 0
16700 9824.59 12179.4 0 -1193.87 0 0
16800 13667.3 8180.73 0 -774.384 0 0
16900 11626 11320.4 0 549.447 0 0
17000 9991.42 10977.8 0 943.56 0 0
17100 13213.2 11277.3 0 1833.81 0 0
17200 13763.4 11234.8 0 5226.63 0 0
17300 9870.35 14211.7 0 1121.9 0 0
17400 13028.6 11055.3 0 567.255 0 0
17500 14433.4 11335.1 0 1913.65 0 0
17600 13342.6 11472.2 0 -1076.09 0 0
17700 11987.4 14056.5 0 1336.14 0 0
17800 11056.2 13408.7 0 2270.13 0 0
17900 13298.7 9802.01 0 1836.68 0 0
18000 13945.5 10010 0 -1492.49 0 0
18100 14934.5 12074.7 0 -827.368 0 0
18200 11274.9 12925.9 0 161.392 0 0
18300 14186 12428.3 0 -80.5191 0 0
18400 11983 10226.4 0 -1930.75 0 0
18500 10761.4 14727.5 0 -950.658 0 0
18600 11277.3 10772.4 0 -769.43 0 0
18700 11422.8 12353.4 0 -1353.18 0 0
18800 12019.7 10917.9 0 -2243.4 0 0
18900 15216.4 8752.77 0 -870.18 0 0
19000 10895.7 12699.8 0 1701.16 0 0
19100 15428.9 11224 0 -2870.17 0 0
19200 16444.5 8690.66 0 1312.95 0 0
19300 13894.3 10983.8 0 365.928 0 0
19400 11134.9 13575.9 0 -370.834 0 0
19500 11716 12224.1 0 -2026.8 0 0
19600 12474.4 8453.59 0 177.828 0 0
19700 15910.4 12159.1 0 -122.895 0 0
19800 13968.6 9357.6 0 982.472 0 0
19900 12781 12578.7 0 -1415.64 0 0
20000 12950.9 13938.7 0 -1928.78 0 0
20100 15054.7 13210 0 -2550.21 0 0
20200 13309.6 11457.9 0 -766.14 0 0
20300 11590 15094.8 0 -2496.09 0 0
20400 13787.5 17185 0 -507.498 0 0
20500 12090.7 14560.4 0 -1439.4 0 0
20600 10873.2 11799.8 0 828.856 0 0
20700 11368.5 10268.5 0 -2442.1 0 0
20800 11187.1 14788.4 0 -1681.8 0 0
20900 12508.6 10957.5 0 -6208.74 0 0
21000 14025.3 11024.5 0 -3360.55 0 0
21100 13040.2 12860.7 0 -2707.93 0 0
21200 12499.2 13424.5 0 -3407.2 0 0
21300 11079.5 10405.9 0 -3888.21 0 0
21400 10694.7 12453.2 0 -1240.03 0 0
21500 12118.9 16513.5 0 1904.28 0 0
21600 13481.3 13109.6 0 -600.484 0 0
21700 11444.9 18425 0 -972.738 0 0
21800 12352.7 15330.4 0 333.835 0 0
21900 12082 13572.3 0 1967.85 0 0
22000 12520.8 11814.7 0 -1166.8 0 0
22100 11068.6 16470.8 0 1465.19 0 0
22200 10330.7 13023.6 0 -3063.78 0 0
22300 12948.4 14441.9 0 -1528.88 0 0
22400 10813.6 12054.8 0 -1867.52 0 0
22500 8094.36 12794.4 0 -5002.86 0 0
22600 10306.3 13312.6 0 916.233 0 0
22700 11134.4 12441.4 0 -1612.96 0 0
22800 11087.6 12489.6 0 308.688 0 0
22900 13148.2 14303.2 0 458.061 0 0
23000 12522.9 15651.9 0 -1997.28 0 0
23100 10129 10404.1 0 1040.45 0 0
23200 12514.2 9737.54 0 -1728.06 0 0
23300 17250.6 7664.32 0 34.429 0 0
23400 18269.5 12673.4 0 564.249 0 0
23500 15615.1 9637.65 0 66.864 0 0
23600 12231.5 7700.75 0 537.504 0 0
23700 15111.4 12315.9 0 -777.716 0 0
23800 11392.6 12693.7 0 280.001 0 0
23900 12150.2 11575.6 0 2298.76 0 0
24000 15812.9 8856.48 0 -1146.68 0 0
24100 15899 7886.8 0 -1002.7 0 0
24200 13836.5 5762.61 0 -1399.46 0 0
24300 11261.2 13241.3 0 -3788.44 0 0
24400 13173.7 8422.39 0 -2259.54 0 0
24500 8792.07 15094.3 0 -996.478 0 0
24600 13626.3 10225.8 0 -489.533 0 0
24700 15260.6 5718.03 0 1477.45 0 0
24800 10304.4 13250.6 0 1780.74 0 0
24900 14473.5 10597 0 -439.114 0 0
25000 11095.5 10979.7 0 -639.156 0 0
25100 13253.4 7444.73 0 -1201.1 0 0
25200 9814.82 10967.6 0 -2106.69 0 0
25300 12167.9 12006 0 1481.39 0 0
25400 14054.7 10436.3 0 430.07 0 0
25500 12482.9 8874.83 0 2460.04 0 0
25600 13290.4 9289.09 0 2123.08 0 0
25700 10426.8 11937.3 0 1725.08 0 0
25800 10053 10115.2 0 -476.271 0 0
25900 7592.43 10133.8 0 1202.46 0 0
26000 10890.7 9599.48 0 -106.255 0 0
26100 9740 12313.8 0 184.514 0 0
26200 10608.2 10332.6 0 950.863 0 0
26300 10647.9 10590.6 0 2889.37 0 0
26400 10662.7 12539.8 0 388.323 0 0
26500 8504.79 9245.67 0 1089.26 0 0
26600 11950.1 6898.15 0 3998.23 0 0
26700 10931.5 7799.22 0 121.189 0 0
26800 11554.6 9771.51 0 -1501.2 0 0
26900 5592.65 10591.1 0 -2007.33 0 0
27000 8332.12 10123.5 0 -123.876 0 0
27100 11492.6 10597.3 0 -1120.49 0 0
27200 13755.1 12954.1 0 66.4576 0 0
27300 12346.9 9001.3 0 -2252.9 0 0
27400 10146.9 11393.4 0 -766.704 0 0
27500 11092.9 14856.1 0 -1984.39 0 0
27600 10321.7 9434.43 0 763.998 0 0
27700 7510.77 9538.13 0 -1837.74 0 0
27800 9968.15 11412 0 -973.677 0 0
27900 11408.8 10717.8 0 189.642 0 0
28000 12599 11604.5 0 1266.06 0 0
28100 12987.7 9294.45 0 305.161 0 0
28200 11938.9 13414.9 0 742.649 0 0
28300 12379.1 17474.4 0 -1020.12 0 0
28400 9763.94 12838.6 0 1759.29 0 0
28500 8598.48 12694.6 0 907.325 0 0
28600 7576.09 9687.35 0 2068.21 0 0
28700 14337.5 11310.8 0 -265.698 0 0
28800 14051.9 11205 0 -916.994 0 0
28900 12596.9 9003.89 0 -2465.99 0 0
29000 14398.3 11579.8 0 -633.201 0 0
29100 8860.34 10972.9 0 -1379.68 0 0
29200 11233.9 14007.6 0 98.6282 0 0
29300 12857.8 13498.6 0 -2816.97 0 0
29400 5013.42 13881 0 -2467.49 0 0
29500 12480 13573.2 0 -709.499 0 0
29600 13643.2 12237.3 0 2174.83 0 0
29700 10766 11089.7 0 -1935.31 0 0
29800 14507.9 11066.4 0 499.844 0 0
29900 12460.5 12219.7 0 -799.625 0 0
30000 15194.1 11852.1 0 505.248 0 0
30100 12374.4 13452 0 -1114.84 0 0
30200 12565.2 11960 0 -487.719 0 0
30300 10724.2 8136.64 0 -661.192 0 0
30400 13638.5 11120.8 0 -875.729 0 0
30500 12156.4 14064.6 0 820.447 0 0
30600 10524.9 10979.6 0 796.126 0 0
30700 10129.2 11488.2 0 19.8238 0 0
30800 11324.4 11177.4 0 -2141.98 0 0
30900 11256.5 11099.3 0 -319.582 0 0
31000 11743.6 14503.1 0 320.211 0 0
31100 12359.3 11434.1 0 -2341.39 0 0
31200 10851.3 11740.8 0 -1503.32 0 0
31300 12035.4 14153.3 0 -1808.83 0 0
31400 9596.21 11230 0 -2923.82 0 0
31500 15178.4 9377.32 0 -1418.72 0 0
31600 12919.1 14563.1 0 2091.49 0 0
31700 13195 9353.44 0 -1634.28 0 0
31800 11862.2 10478.2 0 -171.982 0 0
31900 12247.3 8832.02 0 1610.41 0 0
32000 9500.23 14350.5 0 -1369.86 0 0
32100 12910.3 11666.7 0 -1573.32 0 0
32200 10514.5 12876.7 0 -3069.83 0 0
32300 9499.25 14931.7 0 -3108.8 0 0
32400 9615.41 13199.8 0 -2817.47 0 0
32500 10195.3 12024.3 0 -260.717 0 0
32600 7462.2 15178.7 0 641.353 0 0
32700 10730.7 10643.5 0 953.57 0 0
32800 14048.1 8877.28 0 -1679.49 0 0
32900 8581.4 12983.8 0 696.702 0 0
33000 12058.1 13327 0 -1420.73 0 0
33100 13910.9 13519.7 0 -2039.54 0 0
33200 11317.6 9754.67 0 861.09 0 0
33300 11835 13965 0 1456.31 0 0
33400 14766.1 9116.11 0 1645.22 0 0
33500 11451.1 11232.1 0 2527.83 0 0
33600 9087.75 11687.3 0 2651.33 0 0
33700 10352.8 13247.8 0 3736.09 0 0
33800 11830.1 8885.16 0 2607.08 0 0
33900 14804.3 11962.1 0 908.902 0 0
34000 13079.4 11076 0 -283.656 0 0
34100 15952.4 8847.44 0 -1443.72 0 0
34200 13692.3 9988.86 0 -1097.19 0 0
34300 13493.9 10831.5 0 -801.748 0 0
34400 13269.4 10542.4 0 3022.36 0 0
34500 11606.1 10495.6 0 3491.03 0 0
34600 9933.6 14572.7 0 326.436 0 0
34700 13051 9304.99 0 1126.91 0 0
34800 12045.8 10829.4 0 -347.672 0 0
34900 14650.8 9627.21 0 1959.2 0 0
35000 11734.5 11006.7 0 711.351 0 0
35100 11305.1 9016.04 0 3093.2 0 0
35200 15564.1 13167.6 0 -1184.34 0 0
35300 10216.4 11933.1 0 1004.08 0 0
35400 12499.8 11400.7 0 2328.59 0 0
35500 9260.23 10472.5 0 2131.98 0 0
35600 10383.2 11270.3 0 278.723 0 0
35700 8861.64 9339.02 0 -85.2908 0 0
35800 6849.45 11735 0 -4221.49 0 0
35900 11206.5 10589.4 0 934.664 0 0
36000 9988.21 12443.8 0 -427.71 0 0
36100 9302.87 11905.4 0 -617.077 0 0
36200 12391 11690 0 1867.75 0 0
36300 10456.9 10307.1 0 2480.62 0 0
36400 12927 14588.2 0 3308.4 0 0
36500 6518.19 16833.3 0 1198.97 0 0
36600 8172.97 14814.2 0 -1134.81 0 0
36700 9777.82 14305.7 0 2205.62 0 0
36800 11019.3 12540.4 0 -1418.34 0 0
36900 8513.01 11857 0 8.24885 0 0
37000 8806.63 12855 0 1581.82 0 0
37100 11986.7 15263 0 -938.638 0 0
37200 12368.8 18799.4 0 1470.18 0 0
37300 12023.2 13689.4 0 -264.602 0 0
37400 11398.1 11706.2 0 105.095 0 0
37500 9142.69 15186.4 0 -961.885 0 0
37600 9182.22 17544.2 0 -2315.76 0 0
37700 10439.6 12937.8 0 -980.614 0 0
37800 11216 12577.3 0 -2052.62 0 0
37900 12895.6 10907.5 0 -2959.9 0 0
38000 13710.6 12604.6 0 -1766.62 0 0
38100 13245 11268.7 0 1391.07 0 0
38200 13141.8 9955.4 0 -1832.17 0 0
38300 16185.9 10084.7 0 930.456 0 0
38400 12427.5 12202.6 0 342.993 0 0
38500 10788 11799.4 0 -868.153 0 0
38600 11480.4 14230.4 0 -207.599 0 0
38700 12072.7 12275.9 0 -983.88 0 0
38800 13628.4 14359.6 0 -2758.79 0 0
38900 12912.4 13317.6 0 -2987.38 0 0
39000 10796 14031.6 0 941.812 0 0
39100 13829 13022.8 0 -1230.9 0 0
39200 10844.9 17072.5 0 -606.356 0 0
39300 10681 15533.8 0 -959.445 0 0
39400 10336.6 12616.6 0 -792.378 0 0
39500 16012.6 14485.6 0 1160.87 0 0
39600 11390 15378.1 0 -2569.17 0 0
39700 13744.9 14232.1 0 -1045.33 0 0
39800 12856.6 15860.2 0 -676.254 0 0
39900 13203.6 8751.23 0 -606.331 0 0
40000 15451.1 12218.8 0 -2671.66 0 0
40100 14440.5 14421.5 0 -1645.72 0 0
40200 15412.4 16061.9 0 -2298.19 0 0
40300 15785.4 12662.4 0 -446.798 0 0
40400 12281.3 11425.3 0 -771.383 0 0
40500 14517.4 13050.5 0 -601.793 0 0
40600 14477 10105.2 0 -3281.75 0 0
40700 14354.6 11460.8 0 -1671.51 0 0
40800 12139.1 15582.4 0 -4058.48 0 0
40900 12352.4 14025.7 0 -4356.93 0 0
41000 10835.1 13041.2 0 7.87895 0 0
41100 10283.5 12327.2 0 262.653 0 0
41200 12577.3 12239.3 0 -1202.92 0 0
41300 13707 11462.1 0 -2589.15 0 0
41400 15230.6 11920.7 0 -987.535 0 0
41500 11386.3 15988.5 0 -1225.66 0 0
41600 13617.7 14911 0 -1386.31 0 0
41700 14747 9702.82 0 2605.59 0 0
41800 12724 9406.4 0 184.905 0 0
41900 11195.3 14328.7 0 -1851.46 0 0
42000 13130.7 13327.8 0 253.486 0 0
42100 14689 10499.9 0 1859.6 0 0
42200 12215.3 14852.8 0 -1322.98 0 0
42300 10187.8 12263.6 0 -2718.9 0 0
42400 12172.8 12841 0 -1131.58 0 0
42500 14138 14940.8 0 980.09 0 0
42600 13886.6 13607.5 0 249.818 0 0
42700 13281.8 17018.7 0 -1765.72 0 0
42800 10954.6 14009.4 0 -1816.56 0 0
42900 8868.32 13376.9 0 -311.365 0 0
43000 9788.76 14197.5 0 -1294.03 0 0
43100 13457.6 15349.5 0 -302.36 0 0
43200 9935.54 12075.3 0 -1298.93 0 0
43300 11440.2 13641.6 0 -1997.67 0 0
43400 13719.5 16365.4 0 -1066.31 0 0
43500 10965.8 14729.9 0 -2559.7 0 0
43600 12405.8 15866.1 0 449.909 0 0
43700 14651.4 12853.3 0 436.52 0 0
43800 14463.2 11694.2 0 805.954 0 0
43900 11736 11392.1 0 914.016 0 0
44000 9711.36 12417.8 0 -1517.4 0 0
44100 12566 13188.2 0 -1670.8 0 0
44200 13431.7 10535.1 0 3972.32 0 0
44300 16122.3 12663.4 0 1631.14 0 0
44400 13426 12917.9 0 1562.18 0 0
44500 10593.3 11304.5 0 4386.24 0 0
44600 13553.9 16175 0 2193.58 0 0
44700 11071.7 13228.2 0 -548.796 0 0
44800 7545.54 12170 0 -2473.52 0 0
44900 14580.9 10715.4 0 151.682 0 0
45000 15850.8 13640.1 0 676.595 0 0
45100 12459.5 10250.3 0 -1348.68 0 0
45200 11427.9 15618.4 0 811.439 0 0
45300 16149.7 9452.54 0 3746.68 0 0
45400 12387.9 13244.6 0 894.959 0 0
45500 9240.71 12082.2 0 931.755 0 0
45600 10867.5 14828.5 0 1061.29 0 0
45700 14183 12288.9 0 -330.291 0 0
45800 11027.3 11657.3 0 2915.13 0 0
45900 11050.8 14054.6 0 127.448 0 0
46000 11862.5 13953.1 0 -602.691 0 0
46100 15559.2 13979.9 0 481.256 0 0
46200 15677.4 14675.2 0 292.236 0 0
46300 11245.5 11993.6 0 -1546.13 0 0
46400 10014.7 13317.9 0 790.645 0 0
46500 14293.3 11585.1 0 -2633.58 0 0
46600 13447.9 10599.8 0 -2803.82 0 0
46700 12139.7 13984.7 0 -1479.68 0 0
46800 13346.8 13229.8 0 -879.614 0 0
46900 9302.01 15504.1 0 1946.28 0 0
47000 13632.5 12410.6 0 -937.846 0 0
47100 10563.2 12621.2 0 -292.959 0 0
47200 12517.8 15092.4 0 -686.916 0 0
47300 12112.9 9353.83 0 -328.952 0 0
47400 13906.2 9732.89 0 521.268 0 0
47500 12611.1 14936 0 -1219.8 0 0
47600 11837 15281.4 0 175.785 0 0
47700 14668.1 13516.3 0 522.261 0 0
47800 14073.9 11720.9 0 -1174.34 0 0
47900 13767.1 14443.4 0 -1339.97 0 0
48000 15656.9 8802.14 0 -3114.05 0 0
48100 14221 9294.47 0 -1456.09 0 0
48200 15383.5 11919.5 0 -80.3255 0 0
48300 11162.9 13418.3 0 -2884.43 0 0
48400 16694.4 14267.1 0 -671.4 0 0
48500 15038.4 13076.9 0 3504.85 0 0
48600 14148.3 15458 0 1581.71 0 0
48700 14340.8 11761.2 0 959.356 0 0
48800 13380.8 17228.2 0 -1189.43 0 0
48900 12194.7 15401.3 0 -1731.02 0 0
49000 15123 14767.1 0 -412.465 0 0
49100 14786.5 14420.3 0 1950.59 0 0
49200 12772.9 14561.3 0 99.2747 0 0
49300 11344.8 10953.5 0 533.438 0 0
49400 13326 15062.6 0 1947.27 0 0
49500 5854.07 15220.4 0 -1028.38 0 0
49600 16816.8 11019.2 0 1631.31 0 0
49700 13299.6 15092.3 0 -1525.64 0 0
49800 12030.7 12477 0 -1240.08 0 0
49900 13826.2 11228.4 0 945.749 0 0
50000 12417.8 12264.5 0 -3594.92 0 0
