# Time-averaged data for fix ps1
# TimeStep c_thermo_press[1] c_thermo_press[2] c_thermo_press[3] c_thermo_press[4] c_thermo_press[5] c_thermo_press[6]
1000 366778 366337 0 -220.117 0 0
2000 366425 364426 0 -1263.04 0 0
3000 366163 365842 0 -2791.45 0 0
4000 369943 366189 0 -1632.78 0 0
5000 366055 364698 0 -1206.81 0 0
6000 367447 365138 0 -4634.33 0 0
7000 367302 367692 0 -6009.23 0 0
8000 365586 365855 0 -4205.75 0 0
9000 368262 365556 0 -6015.09 0 0
10000 365404 363295 0 -5286.05 0 0
11000 365744 366911 0 -6121.6 0 0
12000 364824 366578 0 -6624 0 0
13000 368695 365552 0 -5682.82 0 0
14000 364273 366998 0 -8391.9 0 0
15000 367546 365416 0 -5974.41 0 0
16000 368077 365610 0 -6982.73 0 0
17000 367385 365882 0 -8921.46 0 0
18000 365893 367636 0 -8401.72 0 0
19000 365353 366838 0 -8691.67 0 0
20000 365340 367740 0 -6854.1 0 0
21000 365610 365622 0 -8623.6 0 0
22000 367525 364333 0 -7214.31 0 0
23000 366972 365918 0 -7558.92 0 0
24000 365388 366326 0 -9237.6 0 0
25000 365370 367155 0 -9577.36 0 0
26000 367003 365596 0 -6283.78 0 0
27000 367819 364112 0 -7323.95 0 0
28000 367447 367175 0 -7770.23 0 0
29000 365683 365404 0 -8462.43 0 0
30000 362587 366748 0 -6000.32 0 0
31000 367373 367946 0 -7342.79 0 0
32000 365311 367685 0 -8427.91 0 0
33000 367020 367597 0 -6703.01 0 0
34000 363658 366569 0 -8160.14 0 0
35000 365104 365164 0 -5605.32 0 0
36000 365939 367922 0 -6767.14 0 0
37000 364781 367608 0 -5235.97 0 0
38000 364521 368725 0 -5123.55 0 0
39000 365950 367023 0 -6658.01 0 0
40000 366191 366362 0 -5653.78 0 0
41000 366301 365934 0 -5939.51 0 0
42000 367666 367213 0 -4298.8 0 0
43000 367304 364340 0 -2385 0 0
44000 366167 365708 0 -3430.92 0 0
45000 368004 364952 0 -2933.74 0 0
46000 365399 366214 0 -1544.79 0 0
47000 364907 368145 0 -230.665 0 0
48000 365443 365712 0 76.1448 0 0
49000 363792 367169 0 -484.918 0 0
50000 368182 366457 0 -215.759 0 0
51000 366651 365817 0 -290.358 0 0
52000 365396 367410 0 2316.21 0 0
53000 365475 367318 0 2803.28 0 0
54000 366818 366354 0 1857.97 0 0
55000 365075 366580 0 1285.63 0 0
56000 366788 365280 0 2783.28 0 0
57000 365099 369090 0 2120.96 0 0
58000 368146 364410 0 3943.81 0 0
59000 367835 363625 0 4026.27 0 0
60000 364377 370057 0 4332.63 0 0
61000 366946 366021 0 5942.6 0 0
62000 367329 364379 0 4506.9 0 0
63000 365686 366275 0 6287.81 0 0
64000 368406 365324 0 6709.7 0 0
65000 365522 366803 0 3749.82 0 0
66000 366141 366415 0 4469.82 0 0
67000 368427 364311 0 5865.61 0 0
68000 366728 365922 0 4765.18 0 0
69000 367288 364885 0 3804.03 0 0
70000 366610 366986 0 5273.01 0 0
71000 366541 366658 0 5735.95 0 0
72000 366872 364077 0 6094.03 0 0
73000 365570 365901 0 6815.29 0 0
74000 364684 366090 0 5634.69 0 0
75000 365501 364906 0 6690.13 0 0
76000 364968 365379 0 6993.09 0 0
77000 368695 366792 0 7358.53 0 0
78000 366239 366019 0 6412.93 0 0
79000 365680 365703 0 6475.27 0 0
80000 365680 365533 0 5514.58 0 0
81000 366978 364315 0 5957.31 0 0
82000 369107 365461 0 4563.14 0 0
83000 366123 364996 0 6118.52 0 0
84000 366249 367253 0 5306.35 0 0
85000 367695 364441 0 5803.39 0 0
86000 367940 363934 0 5382.19 0 0
87000 366500 365558 0 4408.47 0 0
88000 366437 367092 0 4424.84 0 0
89000 365939 366337 0 3868.16 0 0
90000 367257 367136 0 3890.62 0 0
91000 366161 365961 0 297.747 0 0
92000 366081 365351 0 753.444 0 0
93000 368693 363753 0 2413.55 0 0
94000 365252 367158 0 2266.18 0 0
95000 364653 367100 0 2855.38 0 0
96000 366476 366881 0 301.055 0 0
97000 367339 367668 0 -1154.44 0 0
98000 368228 367599 0 -1156.83 0 0
99000 365451 365148 0 386.282 0 0
100000 366084 366843 0 -1641.57 0 0
101000 365275 365038 0 -452.136 0 0
102000 366862 366425 0 -1295.41 0 0
103000 366498 367036 0 -3284.98 0 0
104000 365938 364270 0 -2311.2 0 0
105000 366927 364736 0 -3316.95 0 0
106000 368043 365067 0 -4772.04 0 0
107000 369222 365914 0 -2914.53 0 0
108000 370177 364696 0 -4007.05 0 0
109000 365975 366614 0 -3186.41 0 0
110000 363894 368641 0 -6301.42 0 0
111000 368829 367438 0 -5276.52 0 0
112000 365211 367737 0 -6120.59 0 0
113000 364847 366736 0 -6230.51 0 0
114000 366769 365490 0 -7239.27 0 0
115000 366105 367842 0 -5590.34 0 0
116000 367650 364169 0 -9132.62 0 0
117000 367160 365470 0 -8002.67 0 0
118000 363293 366144 0 -8329.53 0 0
119000 367609 366046 0 -8307.84 0 0
120000 367776 365136 0 -8110.62 0 0
121000 365537 368014 0 -8446.49 0 0
122000 364499 367510 0 -8112.38 0 0
123000 366029 368165 0 -6749.09 0 0
124000 365966 367529 0 -9142.53 0 0
125000 366270 364634 0 -6213.81 0 0
126000 365275 366038 0 -8194.55 0 0
127000 366700 366344 0 -7369.68 0 0
128000 366622 366494 0 -6186.81 0 0
129000 368327 364512 0 -6582.87 0 0
130000 363754 366945 0 -8110.63 0 0
131000 367398 366436 0 -7416.64 0 0
132000 365829 367138 0 -6191.57 0 0
133000 365037 366339 0 -5365.24 0 0
134000 364721 364677 0 -7731.41 0 0
135000 366640 367490 0 -8543.44 0 0
136000 365667 368088 0 -6319.16 0 0
137000 366376 369259 0 -3246.11 0 0
138000 365027 367116 0 -4607.61 0 0
139000 366395 364916 0 -5985.71 0 0
140000 366993 364405 0 -6279.87 0 0
141000 367325 367106 0 -5147.95 0 0
142000 364234 366243 0 -4800.2 0 0
143000 365765 367326 0 -5040.42 0 0
144000 365853 368456 0 -2733.95 0 0
145000 363197 367742 0 -3030.8 0 0
146000 364932 365898 0 -2189.92 0 0
147000 365432 367113 0 -3146.28 0 0
148000 367351 365401 0 -2022.92 0 0
149000 364356 366256 0 -1353.25 0 0
150000 366107 366245 0 -1280.68 0 0
151000 366274 366526 0 -13.3679 0 0
152000 365291 366324 0 978.993 0 0
153000 364641 367061 0 -590.889 0 0
154000 367339 364496 0 -937.087 0 0
155000 366721 362873 0 3734.82 0 0
156000 367814 365499 0 1830.36 0 0
157000 363782 366048 0 1175.09 0 0
158000 364987 366965 0 1586.74 0 0
159000 365942 366720 0 2321.13 0 0
160000 367962 365266 0 2822.57 0 0
161000 364290 367170 0 3092.42 0 0
162000 365638 363121 0 6560.62 0 0
163000 366055 368478 0 5577.77 0 0
164000 366018 367692 0 6341.91 0 0
165000 366097 367771 0 4543.21 0 0
166000 369171 366054 0 5364.58 0 0
167000 365869 366045 0 7232.73 0 0
168000 364202 366846 0 7053.16 0 0
169000 366094 367226 0 6967.91 0 0
170000 366092 367795 0 6221.57 0 0
171000 367053 366100 0 5673.37 0 0
172000 366182 367032 0 6955.79 0 0
173000 365683 366701 0 7890.78 0 0
174000 366077 365989 0 8303.09 0 0
175000 366720 367128 0 4807.57 0 0
176000 367146 363630 0 6357.61 0 0
177000 366282 365438 0 7518.39 0 0
178000 366325 365640 0 6740.08 0 0
179000 368669 363246 0 7128.1 0 0
180000 366449 363724 0 6759.97 0 0
181000 364411 367216 0 6459.47 0 0
182000 368070 365761 0 5974.12 0 0
183000 367097 366966 0 6391.78 0 0
184000 367010 367256 0 6708.23 0 0
185000 366320 366133 0 5715.85 0 0
186000 365914 367542 0 5238.23 0 0
187000 364609 366158 0 4778.05 0 0
188000 365403 366361 0 2967.34 0 0
189000 365514 368641 0 3846.68 0 0
190000 365040 365563 0 2946.77 0 0
191000 366666 367013 0 3058.61 0 0
192000 365230 366569 0 2727.91 0 0
193000 366910 365945 0 2914.28 0 0
194000 367739 365526 0 3659.39 0 0
195000 364755 369485 0 1454.85 0 0
196000 366216 365484 0 1310.47 0 0
197000 366546 366569 0 881.705 0 0
198000 366220 366295 0 -554.751 0 0
199000 364960 366256 0 -1386.19 0 0
200000 365201 366712 0 -2367.41 0 0
201000 366764 364660 0 -1025.81 0 0
202000 365237 366600 0 -668.456 0 0
203000 366825 366580 0 -3048.85 0 0
204000 363638 366333 0 -4893.14 0 0
205000 363312 366746 0 -3886.07 0 0
206000 367153 366536 0 -4182.78 0 0
207000 366958 366562 0 -7477.89 0 0
208000 366016 367632 0 -5180.01 0 0
209000 365330 369909 0 -6013.52 0 0
210000 366018 367107 0 -6087.17 0 0
211000 365183 365602 0 -7199.32 0 0
212000 366259 364501 0 -4438.73 0 0
213000 366097 363707 0 -7757.7 0 0
214000 367641 365894 0 -6083.96 0 0
215000 363615 365052 0 -6206.26 0 0
216000 366817 367308 0 -6743.21 0 0
217000 367039 366915 0 -10399.1 0 0
218000 366690 366919 0 -6891.02 0 0
219000 365596 365011 0 -8231.27 0 0
220000 369152 365514 0 -7259.3 0 0
221000 364972 366377 0 -7654.44 0 0
222000 365243 368344 0 -10020.4 0 0
223000 365315 365185 0 -8237.3 0 0
224000 365506 366980 0 -8693.42 0 0
225000 367488 364982 0 -6826.76 0 0
226000 363628 368210 0 -7022.34 0 0
227000 366029 367755 0 -8384.71 0 0
228000 363614 367076 0 -8211.06 0 0
229000 366473 367592 0 -8575.89 0 0
230000 365987 367658 0 -7902.05 0 0
231000 368329 366140 0 -8617.05 0 0
232000 365118 367030 0 -8058.53 0 0
233000 366035 368339 0 -7015.76 0 0
234000 364542 366796 0 -7042.39 0 0
235000 365100 367193 0 -6862.4 0 0
236000 366402 367820 0 -6794.89 0 0
237000 367311 366206 0 -6586.74 0 0
238000 366251 365781 0 -5483.7 0 0
239000 365041 366451 0 -2969.39 0 0
240000 367695 363600 0 -3863.12 0 0
241000 365737 366376 0 -2746.1 0 0
242000 368628 366137 0 -5092.39 0 0
243000 365956 365769 0 -3572.57 0 0
244000 367845 366619 0 -4748.25 0 0
245000 365314 366244 0 -1326.7 0 0
246000 365528 367638 0 -4393.42 0 0
247000 366162 363241 0 -3194.1 0 0
248000 365592 367054 0 -2692.73 0 0
249000 366013 367140 0 -756.506 0 0
250000 365559 366515 0 -398.314 0 0
251000 366126 365013 0 -60.7624 0 0
252000 365853 366643 0 -1395.12 0 0
253000 366562 368256 0 -394.533 0 0
254000 366197 364417 0 -1008.76 0 0
255000 368402 365363 0 1214.16 0 0
256000 364972 366879 0 872.107 0 0
257000 368095 367407 0 2031.94 0 0
258000 368291 365447 0 1128.42 0 0
259000 364643 364517 0 2494.69 0 0
260000 365195 365412 0 3536.63 0 0
261000 366825 367150 0 4357.59 0 0
262000 365513 368484 0 4209.88 0 0
263000 365019 366172 0 5945.21 0 0
264000 363918 367107 0 6575.64 0 0
265000 365059 365382 0 5165.34 0 0
266000 366066 366116 0 6116.4 0 0
267000 367191 363013 0 6188.74 0 0
268000 367479 366281 0 6836.17 0 0
269000 367204 365522 0 3383.29 0 0
270000 367240 364359 0 5565.51 0 0
271000 366020 365976 0 5152.29 0 0
272000 364337 367198 0 5811.24 0 0
273000 368304 365446 0 5539.31 0 0
274000 365121 365567 0 4607.03 0 0
275000 368835 364490 0 7391.62 0 0
276000 365464 366166 0 6180.22 0 0
277000 364078 366456 0 4665.5 0 0
278000 368034 364207 0 5174.48 0 0
279000 367799 365888 0 6538.32 0 0
280000 366420 368057 0 2558.32 0 0
281000 366441 364906 0 6294.05 0 0
282000 367852 365133 0 4937.92 0 0
283000 367782 366598 0 7034.7 0 0
284000 367969 365249 0 5130.4 0 0
285000 364681 365699 0 4830.78 0 0
286000 368491 364772 0 5110.42 0 0
287000 366684 365335 0 2278.4 0 0
288000 365981 362883 0 197.355 0 0
289000 368929 364852 0 4533.14 0 0
290000 367108 365096 0 1889.14 0 0
291000 366165 366063 0 2149.18 0 0
292000 367623 365567 0 1641.49 0 0
293000 365656 366409 0 3841.84 0 0
294000 366331 366200 0 -19.9618 0 0
295000 364691 367632 0 754.851 0 0
296000 368374 364266 0 -1333.84 0 0
297000 367740 363622 0 -591.109 0 0
298000 367651 366865 0 -3395.4 0 0
299000 365650 367384 0 -1813.71 0 0
300000 366180 364518 0 -1002.25 0 0
301000 368496 365081 0 -3203.71 0 0
302000 368497 364713 0 -3059.5 0 0
303000 366390 364318 0 -5152.7 0 0
304000 367744 364432 0 -2155.49 0 0
305000 366638 365927 0 -5325.48 0 0
306000 367588 364989 0 -4622.41 0 0
307000 366726 368075 0 -5087.09 0 0
308000 366274 368527 0 -3160.34 0 0
309000 366118 367034 0 -5858.93 0 0
310000 368039 365081 0 -7700.09 0 0
311000 366351 367391 0 -6333.02 0 0
312000 367463 364466 0 -6545.13 0 0
313000 368821 366001 0 -6975.99 0 0
314000 368751 366597 0 -7063.48 0 0
315000 366595 365854 0 -6302.18 0 0
316000 367234 366521 0 -7991.01 0 0
317000 367835 366962 0 -7888.04 0 0
318000 366604 367597 0 -9714.79 0 0
319000 365617 368713 0 -9886.32 0 0
320000 367097 365267 0 -9173.9 0 0
321000 366954 368299 0 -9952.92 0 0
322000 366052 366342 0 -8305.37 0 0
323000 368672 364777 0 -8875.72 0 0
324000 367478 368266 0 -9857.19 0 0
325000 364727 367006 0 -8979.28 0 0
326000 364541 367377 0 -9142.96 0 0
327000 365353 365447 0 -10145.8 0 0
328000 365056 369779 0 -11082.3 0 0
329000 366449 368753 0 -7678.04 0 0
330000 370332 366293 0 -8147.36 0 0
331000 368978 367685 0 -9381.43 0 0
332000 369429 363709 0 -11986 0 0
333000 365718 366968 0 -9201.74 0 0
334000 366427 366585 0 -10164.5 0 0
335000 366461 367887 0 -8092.37 0 0
336000 364259 367956 0 -8852.66 0 0
337000 366235 365883 0 -8120 0 0
338000 367431 367193 0 -5561.19 0 0
339000 364864 366264 0 -6267.96 0 0
340000 366328 367932 0 -6733.55 0 0
341000 365665 366841 0 -4501.1 0 0
342000 365787 365281 0 -6764.07 0 0
343000 365575 365536 0 -3683.37 0 0
344000 368066 366152 0 -5034.05 0 0
345000 368443 366296 0 -5179.89 0 0
346000 366874 366266 0 -2779.25 0 0
347000 366509 366329 0 -2424.53 0 0
348000 364756 365860 0 -3474.56 0 0
349000 367683 365235 0 -3086.09 0 0
350000 367759 366113 0 -987.982 0 0
351000 366110 367536 0 -1347.13 0 0
352000 368647 365311 0 131.351 0 0
353000 365509 367275 0 659.174 0 0
354000 367978 365089 0 -121.281 0 0
355000 365209 366267 0 -1639.97 0 0
356000 368669 364537 0 987.728 0 0
357000 366276 367106 0 1759.82 0 0
358000 366133 365594 0 1569.27 0 0
359000 365262 366523 0 2236.52 0 0
360000 366697 367388 0 2482.58 0 0
361000 365135 368557 0 2680.14 0 0
362000 365142 365232 0 3360.69 0 0
363000 366440 367786 0 4005.68 0 0
364000 366820 364872 0 5412.24 0 0
365000 366315 366066 0 3933.52 0 0
366000 366882 366931 0 2273.55 0 0
367000 366272 364982 0 4127.83 0 0
368000 366961 367275 0 4450.82 0 0
369000 366515 367681 0 4272.05 0 0
370000 367036 367796 0 4584.6 0 0
371000 364133 366638 0 5011.47 0 0
372000 367978 365082 0 7565.66 0 0
373000 367411 364306 0 5435.46 0 0
374000 367370 364546 0 7153.73 0 0
375000 366379 366082 0 2659.2 0 0
376000 365377 368088 0 7015.61 0 0
377000 365906 365232 0 4863.5 0 0
378000 363766 365077 0 6335.71 0 0
379000 367523 363751 0 3907.05 0 0
380000 366582 365776 0 6793.89 0 0
381000 366237 365474 0 5494.8 0 0
382000 366706 366776 0 4217.17 0 0
383000 364416 368155 0 6330.74 0 0
384000 367042 364880 0 824.246 0 0
385000 363771 368442 0 3827.19 0 0
386000 365300 366864 0 540.607 0 0
387000 364264 367703 0 563.249 0 0
388000 365041 367250 0 2395.07 0 0
389000 368006 363467 0 4838.23 0 0
390000 366821 364169 0 1732.4 0 0
391000 365954 369412 0 2798.04 0 0
392000 365537 367514 0 1650.96 0 0
393000 367336 365066 0 1869.75 0 0
394000 366583 366199 0 -1805.41 0 0
395000 366122 365978 0 -2159.72 0 0
396000 367744 365735 0 -1653.3 0 0
397000 367301 364727 0 -536.094 0 0
398000 365435 366382 0 1519.41 0 0
399000 367857 366338 0 -1321.1 0 0
400000 365691 365781 0 -2814.75 0 0
401000 363970 367049 0 -2809.73 0 0
402000 366866 364864 0 -602.438 0 0
403000 367065 366688 0 -3197.43 0 0
404000 366046 366259 0 -3255.19 0 0
405000 366060 364178 0 -4148.41 0 0
406000 366909 364847 0 -7920.16 0 0
407000 366233 366182 0 -5308.96 0 0
408000 367725 364421 0 -5202.8 0 0
409000 365323 365905 0 -5621.09 0 0
410000 367026 367135 0 -9482.59 0 0
411000 366557 364207 0 -5718.99 0 0
412000 367952 366132 0 -5908.42 0 0
413000 365815 367383 0 -7950.58 0 0
414000 366879 367215 0 -7774.49 0 0
415000 367379 365862 0 -8199.48 0 0
416000 369061 366902 0 -7084.16 0 0
417000 367380 367941 0 -9948.8 0 0
418000 364926 368171 0 -10572.4 0 0
419000 366664 366517 0 -8894.38 0 0
420000 367035 366565 0 -9044.2 0 0
421000 367736 366341 0 -9203.25 0 0
422000 367806 366017 0 -10729.4 0 0
423000 366881 366819 0 -9697.24 0 0
424000 366691 363817 0 -11538.6 0 0
425000 368445 368119 0 -10408.3 0 0
426000 365502 366312 0 -7830.52 0 0
427000 367316 367014 0 -10409.3 0 0
428000 367389 367337 0 -9353.52 0 0
429000 365991 366672 0 -10153.9 0 0
430000 366519 369070 0 -9782.02 0 0
431000 365508 368732 0 -8642.64 0 0
432000 365271 367003 0 -7967.61 0 0
433000 365583 367393 0 -7880.76 0 0
434000 366526 368024 0 -8899.48 0 0
435000 367721 367597 0 -6112.46 0 0
436000 365199 365711 0 -6089.08 0 0
437000 366028 366210 0 -4885.76 0 0
438000 365842 366382 0 -7367.68 0 0
439000 368684 364412 0 -6574.54 0 0
440000 367780 367296 0 -7313.49 0 0
441000 366048 366525 0 -5918.27 0 0
442000 366211 365095 0 -4740.84 0 0
443000 367599 367507 0 -5142.45 0 0
444000 368040 365990 0 -4637.4 0 0
445000 367347 367559 0 -3422.51 0 0
446000 366336 367449 0 -1675.51 0 0
447000 365720 367907 0 -1250.79 0 0
448000 368967 361788 0 -1252.84 0 0
449000 366897 367331 0 -4063.3 0 0
450000 367003 367164 0 -1127.58 0 0
451000 365259 366080 0 -1882.15 0 0
452000 367778 367867 0 -1842.28 0 0
453000 368556 366077 0 -604.647 0 0
454000 365672 369436 0 770.61 0 0
455000 366023 366717 0 2353.91 0 0
456000 366638 365336 0 -1292.63 0 0
457000 365800 364323 0 582.535 0 0
458000 366777 364604 0 1692.17 0 0
459000 366452 366816 0 2199.26 0 0
460000 366744 364155 0 2073.52 0 0
461000 366898 365227 0 4554.19 0 0
462000 364711 368860 0 3846.95 0 0
463000 367131 365589 0 4755.64 0 0
464000 369755 362463 0 4586.51 0 0
465000 366103 365280 0 2966.02 0 0
466000 364766 367068 0 499.789 0 0
467000 365673 369410 0 4412.32 0 0
468000 366667 368742 0 5059.29 0 0
469000 366696 366615 0 5837.71 0 0
470000 367733 366022 0 3563.43 0 0
471000 364732 367155 0 5075.72 0 0
472000 366556 364641 0 3429.48 0 0
473000 363159 368080 0 4897.45 0 0
474000 365763 368380 0 5309.9 0 0
475000 367431 367461 0 6194.84 0 0
476000 363356 365979 0 4407.84 0 0
477000 368988 364710 0 3947.37 0 0
478000 366839 363363 0 5578.43 0 0
479000 368100 364698 0 4516.69 0 0
480000 366664 365463 0 5075.59 0 0
481000 366958 364793 0 5014.85 0 0
482000 366963 365801 0 5135.08 0 0
483000 365549 368313 0 5071.44 0 0
484000 369813 364051 0 4776.94 0 0
485000 365838 367238 0 2813.61 0 0
486000 364716 365926 0 3018.29 0 0
487000 367541 364200 0 3656.77 0 0
488000 366518 366013 0 2045.46 0 0
489000 370160 362939 0 2208.05 0 0
490000 366781 363927 0 3260.6 0 0
491000 367343 366074 0 3336.48 0 0
492000 365851 365753 0 3151.97 0 0
493000 366781 365625 0 2085.96 0 0
494000 368141 364062 0 839.749 0 0
495000 366324 367136 0 31.4676 0 0
496000 365390 366773 0 1415.66 0 0
497000 368318 365436 0 -2601.94 0 0
498000 367999 368839 0 -2083.57 0 0
499000 365527 368202 0 -1132.28 0 0
500000 367577 364843 0 -2713.33 0 0
