# Time-averaged data for fix ps1
# TimeStep c_thermo_press[1] c_thermo_press[2] c_thermo_press[3] c_thermo_press[4] c_thermo_press[5] c_thermo_press[6]
1000 397113 386105 0 134.81 0 0
2000 394425 390630 0 -232.085 0 0
3000 393535 390594 0 -2500.89 0 0
4000 393392 390874 0 586.793 0 0
5000 395140 387858 0 -653.171 0 0
6000 396487 385806 0 -486.779 0 0
7000 394225 387909 0 -1493.54 0 0
8000 395470 392471 0 -109.671 0 0
9000 394349 387106 0 -4010.03 0 0
10000 390823 391819 0 -1193.38 0 0
11000 393084 392540 0 -601.162 0 0
12000 392897 388227 0 -2781.83 0 0
13000 392019 390584 0 -2515.04 0 0
14000 392810 390585 0 -4548.74 0 0
15000 394707 387798 0 -2860.04 0 0
16000 395929 393766 0 -637.755 0 0
17000 394134 387597 0 -4143.4 0 0
18000 393784 391867 0 -3434.87 0 0
19000 392466 393973 0 -1196.18 0 0
20000 392485 393214 0 -2072.22 0 0
21000 388909 397872 0 -2333.36 0 0
22000 389061 393080 0 -660.494 0 0
23000 392685 395192 0 -2018.28 0 0
24000 391232 395280 0 -4314.7 0 0
25000 390418 394598 0 -4367.25 0 0
26000 387899 392986 0 -3437.71 0 0
27000 388752 396009 0 -527.343 0 0
28000 388239 394714 0 -348.016 0 0
29000 390026 391985 0 -1994.66 0 0
30000 395349 387593 0 -1308.29 0 0
31000 390428 392433 0 -23.3934 0 0
32000 391833 392625 0 2300.5 0 0
33000 390363 393632 0 -711.374 0 0
34000 392599 392060 0 -1089.24 0 0
35000 392493 391996 0 -1002.91 0 0
36000 392631 395032 0 -125.398 0 0
37000 389663 395191 0 1080.95 0 0
38000 389890 395756 0 -2094.27 0 0
39000 392554 392458 0 690.612 0 0
40000 391683 396138 0 2830.87 0 0
41000 389745 393338 0 216.612 0 0
42000 391861 394544 0 -824.498 0 0
43000 393366 391063 0 -460.1 0 0
44000 394320 392875 0 1724.38 0 0
45000 392553 392634 0 30.2536 0 0
46000 391400 392601 0 1032.17 0 0
47000 392951 393123 0 1508.55 0 0
48000 395072 389756 0 3484.65 0 0
49000 392416 396679 0 1712.2 0 0
50000 394292 388820 0 1675.64 0 0
51000 393932 391505 0 1508.31 0 0
52000 390822 392810 0 71.9342 0 0
53000 394178 390993 0 2356.47 0 0
54000 393686 390351 0 727.726 0 0
55000 389432 392754 0 4335.54 0 0
56000 391301 391397 0 2852.77 0 0
57000 391108 393103 0 840.598 0 0
58000 392956 388851 0 4838.05 0 0
59000 397171 390063 0 3014.41 0 0
60000 393798 388445 0 3470.43 0 0
61000 391768 392755 0 2867.74 0 0
62000 392154 392930 0 7307.24 0 0
63000 391225 391369 0 3812.8 0 0
64000 392017 393437 0 6051.78 0 0
65000 389696 388752 0 5929.63 0 0
66000 392819 391159 0 4876.23 0 0
67000 391561 392060 0 2849.22 0 0
68000 392174 391410 0 4023.45 0 0
69000 390667 389268 0 2232.96 0 0
70000 388455 394840 0 2372.51 0 0
71000 389241 395873 0 3784.08 0 0
72000 388904 396367 0 3110.4 0 0
73000 393859 394254 0 6311.14 0 0
74000 387192 397214 0 5909.82 0 0
75000 387238 395120 0 3887.55 0 0
76000 392142 396977 0 1701.95 0 0
77000 388868 392777 0 232.578 0 0
78000 389822 394670 0 3401.21 0 0
79000 392308 390813 0 4232.73 0 0
80000 393861 391519 0 1954.56 0 0
81000 391062 393546 0 686.005 0 0
82000 388967 392705 0 3217.36 0 0
83000 391404 396569 0 3881.73 0 0
84000 389784 391697 0 1977.75 0 0
85000 390928 395559 0 214.227 0 0
86000 385733 395337 0 4320.4 0 0
87000 392187 390648 0 1339.68 0 0
88000 390772 393904 0 1837.73 0 0
89000 392475 391916 0 3929.05 0 0
90000 392290 395512 0 2576.08 0 0
91000 393872 390642 0 1950.68 0 0
92000 390450 394584 0 3309.35 0 0
93000 390121 392841 0 2285.94 0 0
94000 389574 394498 0 -2231.74 0 0
95000 390936 395620 0 -782.908 0 0
96000 391434 395283 0 -2126 0 0
97000 390034 392761 0 1059.47 0 0
98000 391607 393341 0 4.53953 0 0
99000 391343 390496 0 2539.97 0 0
100000 393595 393195 0 -2129.84 0 0
101000 391033 395913 0 847.98 0 0
102000 388246 396205 0 -4365.75 0 0
103000 393381 389629 0 -729.64 0 0
104000 390923 392040 0 -1776.84 0 0
105000 389231 393766 0 -2251.71 0 0
106000 392064 390951 0 -4646.65 0 0
107000 391379 388002 0 -1747.87 0 0
108000 390444 393083 0 -3052.67 0 0
109000 392850 394185 0 -3451.21 0 0
110000 392713 393968 0 733.727 0 0
111000 391050 393323 0 -1114.56 0 0
112000 391114 395238 0 -482.64 0 0
113000 394847 391626 0 -1014.67 0 0
114000 391855 395207 0 -1062.04 0 0
115000 392599 392391 0 -5414.35 0 0
116000 395867 390212 0 -3333.99 0 0
117000 392065 388542 0 47.4717 0 0
118000 392263 394205 0 -1844.11 0 0
119000 392231 393234 0 -972.141 0 0
120000 394131 395343 0 -3729.9 0 0
121000 393816 392470 0 1124.67 0 0
122000 389990 390400 0 2579.08 0 0
123000 390162 393757 0 -402.577 0 0
124000 391228 391580 0 3196.52 0 0
125000 390890 392047 0 -432.338 0 0
126000 390358 393354 0 854.632 0 0
127000 390334 393714 0 -4036.66 0 0
128000 389995 392569 0 -1044.15 0 0
129000 390592 392825 0 -947.67 0 0
130000 391867 392317 0 1530.91 0 0
131000 388459 395043 0 2672.26 0 0
132000 390359 391924 0 3679.49 0 0
133000 392001 391338 0 949.598 0 0
134000 387722 396274 0 3980.49 0 0
135000 391534 392670 0 755.59 0 0
136000 391787 391704 0 4709.32 0 0
137000 387476 395097 0 2000.64 0 0
138000 385145 397512 0 2007.63 0 0
139000 388678 392524 0 758.664 0 0
140000 389611 394713 0 3773.02 0 0
141000 390072 396174 0 4103.43 0 0
142000 390610 393532 0 3593.3 0 0
143000 389964 395087 0 1032.54 0 0
144000 389617 395454 0 5945.94 0 0
145000 390982 393966 0 5383.06 0 0
146000 389436 393729 0 -281.031 0 0
147000 390329 393863 0 1616.05 0 0
148000 390486 394725 0 1526.44 0 0
149000 393829 391077 0 3330.12 0 0
150000 389899 392807 0 1786.39 0 0
151000 388155 396773 0 5100.2 0 0
152000 390864 391350 0 4174.59 0 0
153000 388137 393336 0 5544.78 0 0
154000 392972 395270 0 5632.33 0 0
155000 388045 397870 0 3613.73 0 0
156000 389837 391577 0 6246.23 0 0
157000 393422 394030 0 7002.4 0 0
158000 391106 392752 0 7577.5 0 0
159000 387828 396353 0 2981.72 0 0
160000 392570 393728 0 5963.24 0 0
161000 388645 395314 0 4986.2 0 0
162000 390209 395437 0 4999.22 0 0
163000 389788 390840 0 4087.05 0 0
164000 389107 393432 0 2624.25 0 0
165000 390015 391177 0 1749.83 0 0
166000 391096 394301 0 5138.7 0 0
167000 389863 396885 0 6112.7 0 0
168000 391305 392556 0 1568.78 0 0
169000 392119 393191 0 6076.29 0 0
170000 390812 391140 0 3381.24 0 0
171000 394652 389078 0 2011.01 0 0
172000 393516 390605 0 5865.62 0 0
173000 394239 389782 0 2966.97 0 0
174000 389112 392782 0 1899.15 0 0
175000 391982 390557 0 1011.39 0 0
176000 390134 393550 0 -1170.91 0 0
177000 392909 391782 0 -736.047 0 0
178000 389298 392396 0 283.75 0 0
179000 391464 391992 0 -1822.45 0 0
180000 391898 391041 0 -3.32599 0 0
181000 393353 388764 0 2814.35 0 0
182000 390287 392635 0 869.713 0 0
183000 392260 391552 0 2145.37 0 0
184000 391751 395120 0 279.554 0 0
185000 391420 390819 0 1699.97 0 0
186000 391721 391165 0 1801.07 0 0
187000 389674 394744 0 -41.7854 0 0
188000 393964 390440 0 71.1466 0 0
189000 394849 392807 0 1411.46 0 0
190000 390028 392421 0 -350.852 0 0
191000 392098 392030 0 3891.44 0 0
192000 391437 394336 0 -740.42 0 0
193000 390269 395833 0 -404.167 0 0
194000 394089 390218 0 1505.14 0 0
195000 393367 392634 0 1157.64 0 0
196000 396014 392547 0 -1253.45 0 0
197000 390980 391484 0 -2137.84 0 0
198000 395086 390164 0 -754.978 0 0
199000 390453 391215 0 -453.096 0 0
200000 393761 387973 0 -1954.6 0 0
201000 393628 391975 0 -555.856 0 0
202000 395765 389320 0 1186.08 0 0
203000 392801 389959 0 -4043.39 0 0
204000 392088 393537 0 -322.912 0 0
205000 390965 394468 0 -3725.4 0 0
206000 393025 390256 0 1238.83 0 0
207000 392287 393261 0 498.204 0 0
208000 388133 395588 0 -2560.14 0 0
209000 392939 389728 0 -582.138 0 0
210000 393185 389043 0 -1671.2 0 0
211000 393454 390813 0 -369.772 0 0
212000 391067 393210 0 -1186.43 0 0
213000 393304 390275 0 -1392.88 0 0
214000 392464 395694 0 1318.55 0 0
215000 390425 394392 0 -1653.38 0 0
216000 394301 390047 0 1423.26 0 0
217000 391521 390600 0 2435.14 0 0
218000 390535 390094 0 -98.7707 0 0
219000 393466 390628 0 -982.28 0 0
220000 394100 387479 0 1329.83 0 0
221000 398780 387926 0 -2236.39 0 0
222000 391232 392428 0 -1163.2 0 0
223000 392262 390030 0 -1878.51 0 0
224000 391045 392333 0 -1707.85 0 0
225000 390441 394083 0 -1097.71 0 0
226000 390139 393049 0 -2902.59 0 0
227000 390011 395750 0 -2634.08 0 0
228000 388451 396176 0 -3928.16 0 0
229000 389285 392856 0 -2661.12 0 0
230000 391712 389236 0 -332.864 0 0
231000 390328 391284 0 -2252.56 0 0
232000 391397 390362 0 -624.243 0 0
233000 392751 389031 0 -4335.09 0 0
234000 388897 392187 0 -2595.5 0 0
235000 391572 391249 0 -3177.24 0 0
236000 390119 393594 0 604.089 0 0
237000 390459 392681 0 993.375 0 0
238000 390339 395180 0 -3009.53 0 0
239000 393769 390371 0 -3003.12 0 0
240000 392500 391158 0 -3906.48 0 0
241000 391571 390615 0 -1969.11 0 0
242000 389985 394686 0 -1414.58 0 0
243000 393926 392077 0 -3322.13 0 0
244000 389764 394512 0 -546.171 0 0
245000 390948 389253 0 22.4821 0 0
246000 391719 394377 0 235.065 0 0
247000 392445 389282 0 50.845 0 0
248000 394711 390888 0 698.97 0 0
249000 387748 396677 0 67.4125 0 0
250000 393713 388550 0 -458.409 0 0
251000 394464 388022 0 506.093 0 0
252000 394743 392204 0 1484.81 0 0
253000 392312 388464 0 1972.01 0 0
254000 394240 391896 0 1868.16 0 0
255000 394518 390710 0 5810.79 0 0
256000 396151 388854 0 3306.8 0 0
257000 396336 386279 0 5762.32 0 0
258000 392531 392902 0 5466.41 0 0
259000 392126 395256 0 1529.89 0 0
260000 391596 393312 0 3652.2 0 0
261000 392878 391428 0 5225.71 0 0
262000 393902 393125 0 1736.19 0 0
263000 393840 394639 0 5405.73 0 0
264000 389499 393952 0 6662.81 0 0
265000 389844 393959 0 2966.56 0 0
266000 391816 395445 0 1823.07 0 0
267000 393943 389421 0 1945.39 0 0
268000 394421 390287 0 1760.59 0 0
269000 396039 388911 0 1566.32 0 0
270000 393035 394720 0 1432.91 0 0
271000 394447 390152 0 4691.41 0 0
272000 392723 393903 0 -1782.96 0 0
273000 393383 391497 0 2240.89 0 0
274000 390275 396344 0 1013.04 0 0
275000 390022 394231 0 124.525 0 0
276000 392241 394722 0 2706.66 0 0
277000 394360 393028 0 1348.72 0 0
278000 391383 393797 0 -69.5251 0 0
279000 390919 396661 0 -1330.81 0 0
280000 391752 388864 0 2609.27 0 0
281000 393310 393623 0 1247.25 0 0
282000 391143 394586 0 5304.9 0 0
283000 391837 394319 0 2588.34 0 0
284000 391909 391058 0 950.849 0 0
285000 393120 390892 0 3576.26 0 0
286000 393719 390685 0 2348.65 0 0
287000 392249 391524 0 524.821 0 0
288000 392538 393540 0 2932.33 0 0
289000 389498 394624 0 3175.51 0 0
290000 390328 393006 0 839.655 0 0
291000 390765 394940 0 1075.94 0 0
292000 392806 391426 0 -1492.68 0 0
293000 390577 394105 0 -1430.67 0 0
294000 393652 395660 0 -1920.7 0 0
295000 390071 393407 0 -1936.76 0 0
296000 390657 393306 0 -3261.69 0 0
297000 392621 392060 0 -1218.7 0 0
298000 393081 393690 0 -1730.08 0 0
299000 392019 391137 0 -13.8185 0 0
300000 392539 392012 0 1288.1 0 0
301000 389370 394230 0 -2855.09 0 0
302000 389345 396911 0 -1532.38 0 0
303000 390639 392788 0 -3939.27 0 0
304000 392343 392450 0 -2511.09 0 0
305000 388388 395767 0 -2631.02 0 0
306000 389145 395858 0 -1197.76 0 0
307000 392921 392458 0 -2910.94 0 0
308000 390518 396590 0 -4882.63 0 0
309000 391282 394672 0 42.6824 0 0
310000 389710 393418 0 -1413.38 0 0
311000 387461 397016 0 -997.13 0 0
312000 392060 393702 0 -648.78 0 0
313000 389233 398782 0 -353.571 0 0
314000 391811 395656 0 -1572.54 0 0
315000 388300 396298 0 -937.231 0 0
316000 391789 393363 0 -274.38 0 0
317000 391225 391564 0 -2612.22 0 0
318000 391657 394608 0 -93.6098 0 0
319000 386192 396754 0 -357.084 0 0
320000 386290 399527 0 -2486.55 0 0
321000 385790 397867 0 -2956.44 0 0
322000 385727 398105 0 -1339.46 0 0
323000 387558 400056 0 1438.74 0 0
324000 387843 395294 0 -1839.62 0 0
325000 386195 396077 0 -680.802 0 0
326000 388340 394560 0 -1452.5 0 0
327000 386924 396578 0 546.778 0 0
328000 389347 399511 0 -2876.91 0 0
329000 387433 397260 0 159.055 0 0
330000 392956 392206 0 221.438 0 0
331000 392810 395237 0 218.844 0 0
332000 392545 391114 0 -937.604 0 0
333000 386358 396031 0 -3559.58 0 0
334000 391973 394552 0 -249.515 0 0
335000 394792 392341 0 -2532.65 0 0
336000 390282 393477 0 -1055.17 0 0
337000 391947 390461 0 845.879 0 0
338000 391020 392107 0 269.536 0 0
339000 392956 391233 0 1014.52 0 0
340000 389115 393567 0 2158.14 0 0
341000 392639 393138 0 4866.4 0 0
342000 391564 392177 0 2981.32 0 0
343000 393079 393771 0 891.455 0 0
344000 392812 393969 0 2409.74 0 0
345000 396533 388430 0 5966.25 0 0
346000 392580 394459 0 3321.46 0 0
347000 393212 394619 0 607.097 0 0
348000 393419 390748 0 2308.4 0 0
349000 389859 393907 0 5006.06 0 0
350000 392158 393855 0 3316.23 0 0
351000 392050 394142 0 2771.45 0 0
352000 388143 391813 0 -707.592 0 0
353000 391004 393575 0 -1181.11 0 0
354000 393223 393915 0 3322.56 0 0
355000 392480 393554 0 2378.33 0 0
356000 391419 392572 0 2423.66 0 0
357000 391408 392602 0 3058.57 0 0
358000 393835 391535 0 4533.63 0 0
359000 390814 394826 0 4537.28 0 0
360000 392507 393694 0 478.3 0 0
361000 389244 394363 0 3125.42 0 0
362000 391835 395074 0 3199.82 0 0
363000 391543 391803 0 2528.91 0 0
364000 389217 396463 0 87.3343 0 0
365000 390112 392387 0 3207.44 0 0
366000 389124 395008 0 1887.16 0 0
367000 391878 395233 0 3669.26 0 0
368000 389532 396307 0 469.844 0 0
369000 392484 394062 0 2499.83 0 0
370000 395158 392209 0 -402.745 0 0
371000 391802 393361 0 228.293 0 0
372000 390657 392325 0 705.089 0 0
373000 394313 390893 0 1073.2 0 0
374000 392727 391200 0 885.782 0 0
375000 393127 393733 0 4630.68 0 0
376000 384733 394722 0 1358.55 0 0
377000 394020 388856 0 2595.81 0 0
378000 392632 392910 0 1320.61 0 0
379000 390439 394358 0 834.708 0 0
380000 389923 393510 0 2798.09 0 0
381000 390654 390238 0 -390.592 0 0
382000 390657 391449 0 -919.248 0 0
383000 391967 390950 0 65.8738 0 0
384000 389696 394270 0 -371.7 0 0
385000 392961 391119 0 -2234.38 0 0
386000 392174 390729 0 -806.905 0 0
387000 386325 391640 0 3553.14 0 0
388000 390852 392341 0 -597.843 0 0
389000 390780 394053 0 301.661 0 0
390000 388030 392847 0 2599.04 0 0
391000 390709 392227 0 1016.2 0 0
392000 393398 389459 0 -1147.2 0 0
393000 391088 394962 0 -955.957 0 0
394000 393372 391197 0 592.345 0 0
395000 391964 394374 0 -2141.29 0 0
396000 387528 395346 0 -1842.09 0 0
397000 388201 392628 0 -2601.95 0 0
398000 390889 392659 0 -642.921 0 0
399000 389436 392725 0 -157.536 0 0
400000 392303 389736 0 -379.586 0 0
401000 396584 389943 0 -678.587 0 0
402000 396574 388938 0 174.334 0 0
403000 392892 391170 0 -2876.25 0 0
404000 393462 390854 0 395.059 0 0
405000 392690 391409 0 576.015 0 0
406000 391144 392797 0 2899.45 0 0
407000 392497 393375 0 -382.193 0 0
408000 388211 394676 0 -1410.54 0 0
409000 392663 390733 0 -177.771 0 0
410000 394068 392606 0 -299.696 0 0
411000 392909 391108 0 3605.32 0 0
412000 394196 391008 0 828.447 0 0
413000 391132 394334 0 1983.23 0 0
414000 395681 389813 0 -3764.46 0 0
415000 395043 392126 0 555.27 0 0
416000 393033 393618 0 -2752.15 0 0
417000 389145 393852 0 1192.5 0 0
418000 392277 393416 0 461.131 0 0
419000 390293 392999 0 -72.038 0 0
420000 388297 396930 0 644.577 0 0
421000 391622 392835 0 -536.027 0 0
422000 395981 389878 0 -713.775 0 0
423000 388825 396098 0 893.278 0 0
424000 391799 392977 0 185.059 0 0
425000 390552 395221 0 -193.787 0 0
426000 389097 396152 0 186.922 0 0
427000 392248 393745 0 2470.35 0 0
428000 393278 391816 0 -433.703 0 0
429000 392176 394491 0 2068.82 0 0
430000 391037 393682 0 1048.58 0 0
431000 391180 390167 0 1093.06 0 0
432000 390571 395760 0 1705.65 0 0
433000 395519 390366 0 3824.56 0 0
434000 393206 392850 0 869.641 0 0
435000 390430 395273 0 -97.4667 0 0
436000 396446 391697 0 -309.145 0 0
437000 392552 390526 0 736.96 0 0
438000 392092 390508 0 3854.77 0 0
439000 393228 391933 0 -2670.28 0 0
440000 392376 391676 0 -1345.06 0 0
441000 393283 392700 0 739.87 0 0
442000 395179 394353 0 1807.55 0 0
443000 394204 391155 0 -479.633 0 0
444000 392352 392007 0 -1159.48 0 0
445000 395010 393350 0 1107.08 0 0
446000 393066 394786 0 2898.38 0 0
447000 392863 394680 0 6823.74 0 0
448000 389940 394025 0 3459.4 0 0
449000 393522 390722 0 3564.61 0 0
450000 390178 395127 0 2700.38 0 0
451000 391356 394331 0 3033.92 0 0
452000 394113 391571 0 4631.96 0 0
453000 393277 391153 0 3944.33 0 0
454000 397071 392218 0 4362.6 0 0
455000 393046 394604 0 3528.46 0 0
456000 392436 392911 0 5481.45 0 0
457000 392206 391164 0 3256.73 0 0
458000 393116 394819 0 3272.93 0 0
459000 391735 393507 0 2907.78 0 0
460000 394834 391262 0 4999.34 0 0
461000 391476 392141 0 4710.05 0 0
462000 394024 392566 0 2500.42 0 0
463000 392385 394092 0 2523.04 0 0
464000 390442 397379 0 510.612 0 0
465000 391036 395180 0 1468.46 0 0
466000 390225 392930 0 -3130.71 0 0
467000 392236 393962 0 -1234.22 0 0
468000 392887 392304 0 797.255 0 0
469000 388321 395761 0 3514.98 0 0
470000 391135 391855 0 3420.96 0 0
471000 391154 392819 0 340.565 0 0
472000 394642 389023 0 1233.96 0 0
473000 396004 391919 0 753.887 0 0
474000 389486 396217 0 -741.317 0 0
475000 393437 395497 0 2028.76 0 0
476000 392548 392990 0 -287.464 0 0
477000 392107 392879 0 795.984 0 0
478000 392395 391254 0 1005.63 0 0
479000 392453 392653 0 2410.14 0 0
480000 392083 391253 0 637.601 0 0
481000 391381 395446 0 -1684.95 0 0
482000 392576 392424 0 473.103 0 0
483000 391849 391157 0 -1609.47 0 0
484000 389473 395123 0 -2045.12 0 0
485000 389249 395409 0 2516.41 0 0
486000 393968 393084 0 3524.79 0 0
487000 388105 391495 0 -1205.13 0 0
488000 391839 394139 0 -1584.31 0 0
489000 390649 394970 0 -29.0955 0 0
490000 389081 393690 0 776.989 0 0
491000 387591 394963 0 640.655 0 0
492000 393466 394326 0 -2900.66 0 0
493000 393148 392808 0 -2012.02 0 0
494000 394487 391363 0 -910.089 0 0
495000 392884 389943 0 1417.78 0 0
496000 388425 394449 0 168.151 0 0
497000 397546 390167 0 -885.588 0 0
498000 388704 393825 0 273.958 0 0
499000 392823 392234 0 -4409.95 0 0
500000 396320 391091 0 -1227.48 0 0
