# Time-averaged data for fix ps1
# TimeStep c_thermo_press[1] c_thermo_press[2] c_thermo_press[3] c_thermo_press[4] c_thermo_press[5] c_thermo_press[6]
1000 393104 397101 0 -2648.92 0 0
2000 397221 393909 0 1221.27 0 0
3000 397940 390167 0 -1849.63 0 0
4000 398333 392029 0 -2149.55 0 0
5000 395595 392240 0 -3177.61 0 0
6000 393693 396182 0 -1606.26 0 0
7000 400060 390293 0 -1999.27 0 0
8000 399426 391685 0 -3414.71 0 0
9000 396410 394311 0 1520.25 0 0
10000 399275 391270 0 -975.549 0 0
11000 395123 394860 0 -2568.19 0 0
12000 395817 395718 0 1999.32 0 0
13000 392832 397620 0 -391.524 0 0
14000 393697 394991 0 1660.96 0 0
15000 397112 395029 0 -2843.76 0 0
16000 392937 398544 0 -937.299 0 0
17000 394015 397154 0 -1322.98 0 0
18000 395063 394761 0 -292.727 0 0
19000 394958 395529 0 3098.7 0 0
20000 393281 395684 0 -252.104 0 0
21000 393317 393483 0 -567.345 0 0
22000 393981 397473 0 -886.951 0 0
23000 394428 395428 0 -1731.16 0 0
24000 395499 391750 0 -683.712 0 0
25000 391036 397757 0 -3188.63 0 0
26000 395303 396972 0 -2012.2 0 0
27000 397946 396941 0 -26.4858 0 0
28000 396417 395212 0 -2005.6 0 0
29000 397076 392119 0 63.9987 0 0
30000 397682 393203 0 1808.58 0 0
31000 393965 395234 0 -1125.38 0 0
32000 394844 398798 0 1605.42 0 0
33000 396258 394116 0 -961.008 0 0
34000 398051 391121 0 1626.9 0 0
35000 393942 395704 0 3172.11 0 0
36000 398026 396830 0 1396.08 0 0
37000 395059 391620 0 407.914 0 0
38000 392540 396363 0 1320.55 0 0
39000 398563 392867 0 3026.58 0 0
40000 394487 394613 0 5826.12 0 0
41000 394044 396715 0 5710.06 0 0
42000 394235 395685 0 -1437.42 0 0
43000 393634 395361 0 749.867 0 0
44000 395674 393552 0 1130.01 0 0
45000 397751 394826 0 659.126 0 0
46000 400521 391752 0 -377.619 0 0
47000 399459 392539 0 -77.1661 0 0
48000 398044 395576 0 -2045.07 0 0
49000 397996 390434 0 -1150.47 0 0
50000 396047 397497 0 397.313 0 0
51000 393052 393096 0 -4687.35 0 0
52000 398482 393085 0 2236.78 0 0
53000 397193 391089 0 -390.228 0 0
54000 396655 397134 0 1329.59 0 0
55000 397402 394794 0 631.353 0 0
56000 397523 393180 0 1620.46 0 0
57000 393631 396996 0 2496.67 0 0
58000 396713 394025 0 1135.69 0 0
59000 395809 397270 0 4198.15 0 0
60000 392213 391455 0 3266.05 0 0
61000 396188 391498 0 5317.91 0 0
62000 397852 393628 0 6273.34 0 0
63000 397611 391864 0 2371.51 0 0
64000 398320 393601 0 6157.22 0 0
65000 398275 392640 0 4289.92 0 0
66000 396090 396178 0 999.85 0 0
67000 394681 392004 0 600.51 0 0
68000 398455 393746 0 5286.93 0 0
69000 398539 389890 0 1524.73 0 0
70000 396740 393792 0 2752.1 0 0
71000 397450 392830 0 2974.05 0 0
72000 398137 395986 0 2288.07 0 0
73000 398443 394870 0 1985.59 0 0
74000 394779 394622 0 -709.441 0 0
75000 396362 396376 0 -2602.75 0 0
76000 395915 391866 0 1441.16 0 0
77000 398140 397182 0 -3959.91 0 0
78000 398998 390219 0 -1688.96 0 0
79000 395491 393407 0 -405.606 0 0
80000 397560 392585 0 4078.68 0 0
81000 399420 393887 0 -542.622 0 0
82000 395818 395474 0 1563.33 0 0
83000 395138 392921 0 2669 0 0
84000 396900 394586 0 1688.18 0 0
85000 396127 393831 0 6054.37 0 0
86000 399187 394428 0 1604.2 0 0
87000 397918 392069 0 5242.86 0 0
88000 395111 396279 0 -752.608 0 0
89000 395199 393336 0 998.5 0 0
90000 395034 398084 0 437.669 0 0
91000 394936 397210 0 267.401 0 0
92000 397146 395096 0 -1207.16 0 0
93000 394900 393875 0 -1326.72 0 0
94000 394730 394376 0 -172.266 0 0
95000 395334 394505 0 -1288.58 0 0
96000 397476 392387 0 534.39 0 0
97000 399602 392924 0 -476.028 0 0
98000 398495 391069 0 -1829.51 0 0
99000 396591 397779 0 2275.26 0 0
100000 397835 395984 0 4912.48 0 0
101000 396582 395604 0 -1327.78 0 0
102000 394786 394777 0 -1735.22 0 0
103000 399452 391739 0 -817.693 0 0
104000 396815 396180 0 -3589.09 0 0
105000 396942 393002 0 -257.243 0 0
106000 391822 398276 0 -2102.39 0 0
107000 391966 395368 0 -2698.42 0 0
108000 392397 394713 0 -80.4351 0 0
109000 390907 397811 0 -1431.89 0 0
110000 393462 398231 0 2473.55 0 0
111000 394652 395069 0 256.714 0 0
112000 393409 396939 0 -236.79 0 0
113000 395849 393715 0 -3319.54 0 0
114000 393544 393935 0 -1113.39 0 0
115000 392912 395659 0 24.0435 0 0
116000 393389 394384 0 2352.67 0 0
117000 395774 392910 0 -1864.26 0 0
118000 395398 394998 0 772.277 0 0
119000 397935 389711 0 -660.487 0 0
120000 392696 396900 0 -21.7176 0 0
121000 396271 393176 0 -1357.32 0 0
122000 398086 391686 0 -1984.8 0 0
123000 394951 396116 0 -79.8438 0 0
124000 396558 392311 0 2682.78 0 0
125000 390947 399611 0 402.506 0 0
126000 392885 395418 0 1757.77 0 0
127000 397385 392685 0 281.251 0 0
128000 391768 394777 0 -1064.44 0 0
129000 395220 392811 0 -538.953 0 0
130000 397643 393800 0 915.324 0 0
131000 395241 391563 0 2533.41 0 0
132000 393595 394978 0 3284.78 0 0
133000 394680 393467 0 2699.43 0 0
134000 394380 394326 0 1740.55 0 0
135000 394510 392931 0 -1185.09 0 0
136000 391958 395755 0 -288.632 0 0
137000 393478 395288 0 2253.46 0 0
138000 398743 392640 0 5111.68 0 0
139000 398018 393674 0 435.003 0 0
140000 394234 392864 0 -415.403 0 0
141000 393833 395998 0 1129.12 0 0
142000 393682 394986 0 2866.9 0 0
143000 391423 394504 0 2974.77 0 0
144000 392435 394723 0 377.017 0 0
145000 393711 397091 0 2840.76 0 0
146000 395894 395949 0 2786.12 0 0
147000 394322 396337 0 638.754 0 0
148000 396812 393774 0 2543.75 0 0
149000 394921 395271 0 594.3 0 0
150000 397701 394137 0 3250.11 0 0
151000 394726 396266 0 231.201 0 0
152000 397842 392270 0 4221.08 0 0
153000 395281 394796 0 2297.4 0 0
154000 396505 394740 0 3889.22 0 0
155000 394933 393654 0 2937.55 0 0
156000 394973 394748 0 1455.6 0 0
157000 395475 397102 0 3964.11 0 0
158000 397879 392908 0 3262.11 0 0
159000 394454 395383 0 6884.6 0 0
160000 399124 391159 0 1392.46 0 0
161000 394812 396762 0 3580.25 0 0
162000 394143 395677 0 4247.53 0 0
163000 395976 396521 0 1948.38 0 0
164000 395050 398014 0 4104.89 0 0
165000 396666 395888 0 -696.324 0 0
166000 395916 394465 0 3459.94 0 0
167000 393730 394734 0 2445.21 0 0
168000 399476 394207 0 -238.803 0 0
169000 395844 396074 0 3483.24 0 0
170000 394575 395685 0 3128.77 0 0
171000 396779 393947 0 5783.48 0 0
172000 394273 395155 0 5288.25 0 0
173000 395159 396800 0 3976.93 0 0
174000 397519 394072 0 351.403 0 0
175000 398141 394695 0 1368.56 0 0
176000 395599 395479 0 1648.89 0 0
177000 397829 397578 0 342.572 0 0
178000 396720 392307 0 -543.076 0 0
179000 397228 397109 0 2308.84 0 0
180000 395761 394560 0 -603.005 0 0
181000 394527 396887 0 5209.16 0 0
182000 393888 398288 0 3062.63 0 0
183000 395026 396006 0 1002.15 0 0
184000 394522 395568 0 682.733 0 0
185000 395330 394097 0 913.324 0 0
186000 394459 395938 0 3457.19 0 0
187000 396069 394189 0 6072.9 0 0
188000 396020 395342 0 846.75 0 0
189000 396005 392661 0 3718.93 0 0
190000 393682 396505 0 599.064 0 0
191000 396669 397646 0 1547.93 0 0
192000 390914 397970 0 -2379.21 0 0
193000 396238 399145 0 -2272.01 0 0
194000 395585 396146 0 -792.101 0 0
195000 392084 397175 0 -1046.49 0 0
196000 395752 396173 0 -3016.51 0 0
197000 395729 393689 0 -1241.51 0 0
198000 392319 394903 0 21.2061 0 0
199000 390858 400585 0 1801.08 0 0
200000 393584 397544 0 1673.1 0 0
201000 395291 397358 0 -276.131 0 0
202000 393145 396782 0 -1891.03 0 0
203000 392746 394665 0 3442.05 0 0
204000 395723 398164 0 712.847 0 0
205000 394302 396637 0 -2488.51 0 0
206000 390775 398532 0 2301.68 0 0
207000 395760 393347 0 -1300.04 0 0
208000 391105 396966 0 -3507.56 0 0
209000 395653 394532 0 -1576.13 0 0
210000 395088 398161 0 -1533.51 0 0
211000 391191 397570 0 -2561.89 0 0
212000 394914 396581 0 280.002 0 0
213000 394992 398260 0 1384.48 0 0
214000 394781 394213 0 -1426.6 0 0
215000 389789 401368 0 -586.796 0 0
216000 393617 398359 0 -2784.17 0 0
217000 398212 392097 0 -2810.9 0 0
218000 397293 396223 0 -766.68 0 0
219000 397455 394444 0 -2317.93 0 0
220000 396598 392179 0 -1324.66 0 0
221000 392825 393569 0 -2761.52 0 0
222000 395599 395262 0 -2579.89 0 0
223000 394652 394147 0 -2235.28 0 0
224000 393451 396800 0 -425.251 0 0
225000 399300 395021 0 -2294.8 0 0
226000 398792 395263 0 136.934 0 0
227000 392638 397142 0 997.545 0 0
228000 390858 396859 0 -3015.72 0 0
229000 393640 400254 0 -173.034 0 0
230000 390612 396069 0 2375.65 0 0
231000 394097 398267 0 -2672.89 0 0
232000 398711 394260 0 -667.48 0 0
233000 392973 399020 0 345.267 0 0
234000 395286 395436 0 1011.12 0 0
235000 391918 397197 0 460.784 0 0
236000 397879 395794 0 531.586 0 0
237000 397336 394178 0 -1580.7 0 0
238000 396531 393813 0 -758.846 0 0
239000 395233 395163 0 2154.63 0 0
240000 395252 394406 0 -412.379 0 0
241000 391229 396649 0 -155.057 0 0
242000 394115 396670 0 -31.6545 0 0
243000 392087 397040 0 1431.42 0 0
244000 393862 394362 0 3704.14 0 0
245000 394000 396709 0 2715.14 0 0
246000 396065 395432 0 5877.68 0 0
247000 396493 395417 0 1300.75 0 0
248000 396034 394475 0 3098.87 0 0
249000 392356 396215 0 -25.3123 0 0
250000 393820 397778 0 872.439 0 0
251000 394030 394989 0 -1270.63 0 0
252000 397180 391054 0 3004.01 0 0
253000 394395 397681 0 1871.39 0 0
254000 394195 398170 0 1691.09 0 0
255000 391613 395072 0 2218.3 0 0
256000 394533 392500 0 3277.17 0 0
257000 397983 394547 0 14.4587 0 0
258000 399884 390935 0 4053.43 0 0
259000 398538 395705 0 2170.63 0 0
260000 396865 394753 0 1727.6 0 0
261000 397197 397023 0 2469.78 0 0
262000 394879 392717 0 4581.3 0 0
263000 397114 392637 0 4081.62 0 0
264000 394636 395621 0 2387.81 0 0
265000 399229 393757 0 3464.02 0 0
266000 400364 391834 0 339.663 0 0
267000 395145 390763 0 1944.08 0 0
268000 401673 390535 0 4108.41 0 0
269000 395244 395459 0 4724.9 0 0
270000 396817 392872 0 -60.5335 0 0
271000 400018 394571 0 22.2593 0 0
272000 397489 392189 0 -1699.89 0 0
273000 396275 393755 0 553.234 0 0
274000 400378 391083 0 -1646.63 0 0
275000 397663 392522 0 -1683.65 0 0
276000 397071 391237 0 -2223.82 0 0
277000 400497 391397 0 -241.986 0 0
278000 398297 392637 0 -1443.59 0 0
279000 399966 390659 0 1424.55 0 0
280000 400202 390943 0 -479.324 0 0
281000 395527 393642 0 -1793.92 0 0
282000 397484 393797 0 -1099.42 0 0
283000 398057 394584 0 -109.153 0 0
284000 396924 395437 0 115.105 0 0
285000 395401 393485 0 1268.77 0 0
286000 394386 395997 0 1470.74 0 0
287000 395542 396530 0 1608.28 0 0
288000 394994 398789 0 -217.645 0 0
289000 395376 395175 0 2929.97 0 0
290000 392152 396521 0 -986.658 0 0
291000 395455 395462 0 12.8723 0 0
292000 394957 395432 0 -1189.55 0 0
293000 397964 395904 0 -658.256 0 0
294000 393833 393845 0 -142.325 0 0
295000 393584 397094 0 -2343.99 0 0
296000 393335 398131 0 -2812.98 0 0
297000 395204 393851 0 -2835.1 0 0
298000 393830 397378 0 -2351.32 0 0
299000 392761 397817 0 -956.618 0 0
300000 390395 400078 0 -1466.37 0 0
301000 394655 394811 0 -1439.25 0 0
302000 396693 393349 0 669.471 0 0
303000 397727 395850 0 1190.94 0 0
304000 396421 395587 0 279.654 0 0
305000 397329 396535 0 12.5547 0 0
306000 395258 394215 0 -4528.63 0 0
307000 396591 395726 0 -3884.71 0 0
308000 393866 395725 0 454.035 0 0
309000 391965 398211 0 -6321.07 0 0
310000 395347 396867 0 -6275.27 0 0
311000 391951 395563 0 -4785.71 0 0
312000 395383 396488 0 -5303.79 0 0
313000 394898 395580 0 -3245 0 0
314000 393878 396711 0 -2470.43 0 0
315000 397066 395565 0 -3203.03 0 0
316000 389629 397702 0 -3199.09 0 0
317000 395421 397295 0 -4772.6 0 0
318000 394324 396015 0 -2665.45 0 0
319000 396035 394007 0 -2066.21 0 0
320000 393649 393019 0 -5063.16 0 0
321000 395810 395892 0 -1141.33 0 0
322000 397701 395728 0 -433.629 0 0
323000 396205 394431 0 -2973.83 0 0
324000 392444 394793 0 815.733 0 0
325000 392894 395611 0 426.41 0 0
326000 396652 393139 0 -1800.58 0 0
327000 393995 395426 0 -946.167 0 0
328000 395764 395360 0 -459.855 0 0
329000 396874 394866 0 -2249.71 0 0
330000 399659 391550 0 -252.812 0 0
331000 397007 394999 0 640.748 0 0
332000 398982 394644 0 -2824.85 0 0
333000 393527 398774 0 -1319.08 0 0
334000 394659 397592 0 3351.63 0 0
335000 392491 398806 0 534.313 0 0
336000 390547 397517 0 651.807 0 0
337000 390831 397562 0 975.445 0 0
338000 393570 398014 0 -2211.9 0 0
339000 393832 396305 0 3193.26 0 0
340000 394558 392247 0 3892.86 0 0
341000 395923 394837 0 3198.6 0 0
342000 393710 394802 0 1493.54 0 0
343000 397643 394021 0 -800.404 0 0
344000 396902 392616 0 788.741 0 0
345000 395896 392410 0 2724.55 0 0
346000 396393 391538 0 -1055.01 0 0
347000 394941 393197 0 1490.04 0 0
348000 398846 390597 0 2866.8 0 0
349000 393113 394305 0 1220.37 0 0
350000 395393 396156 0 37.7147 0 0
351000 398865 389848 0 -2001.35 0 0
352000 395190 393590 0 615.564 0 0
353000 397623 392675 0 3826.95 0 0
354000 394753 396417 0 5144.82 0 0
355000 398656 391734 0 4581.11 0 0
356000 393828 396643 0 4997.68 0 0
357000 397585 394321 0 3726.54 0 0
358000 395942 397978 0 -715.012 0 0
359000 395070 396339 0 1844.75 0 0
360000 397954 394713 0 1646.74 0 0
361000 398339 389241 0 1070.4 0 0
362000 397183 389546 0 1729.98 0 0
363000 392174 393294 0 5169.44 0 0
364000 398549 392809 0 794.005 0 0
365000 397204 393721 0 2469.61 0 0
366000 394248 393074 0 4163.45 0 0
367000 394103 394961 0 4344.95 0 0
368000 398434 392955 0 5708.68 0 0
369000 393318 394757 0 2311.68 0 0
370000 394483 394956 0 2960.17 0 0
371000 393618 394908 0 -1423.28 0 0
372000 397470 393344 0 343.245 0 0
373000 395675 393644 0 2024.34 0 0
374000 396545 397217 0 1431.95 0 0
375000 394827 393808 0 977.39 0 0
376000 396095 395368 0 803.585 0 0
377000 392267 396963 0 1040.98 0 0
378000 396225 394208 0 -1.87821 0 0
379000 392796 397229 0 947.578 0 0
380000 395020 396595 0 -322.151 0 0
381000 394523 395571 0 1467.53 0 0
382000 391969 398104 0 -631.748 0 0
383000 394775 395370 0 -715.76 0 0
384000 394831 396036 0 917.381 0 0
385000 397280 393584 0 -639.597 0 0
386000 396379 394884 0 -1983.18 0 0
387000 393145 396973 0 247.685 0 0
388000 395643 398180 0 -4027.37 0 0
389000 393397 397282 0 -3196.58 0 0
390000 393952 396326 0 -3193.99 0 0
391000 394148 396987 0 -5143.7 0 0
392000 397386 394655 0 -2833.23 0 0
393000 392504 401100 0 -1760.67 0 0
394000 399542 393296 0 -2596.92 0 0
395000 394507 393891 0 -2278.9 0 0
396000 394351 398779 0 -2571.46 0 0
397000 394906 395022 0 -698.035 0 0
398000 394472 396941 0 -862.361 0 0
399000 395386 398039 0 -2983.74 0 0
400000 388993 400489 0 -3807.91 0 0
401000 393033 394483 0 -1947.34 0 0
402000 396268 395088 0 -4080.02 0 0
403000 400868 390793 0 -1260.22 0 0
404000 398225 393681 0 -1953.98 0 0
405000 392026 395044 0 582.439 0 0
406000 390870 394449 0 -3484.06 0 0
407000 397478 392549 0 -2351.12 0 0
408000 395661 392361 0 -2912.87 0 0
409000 395321 395177 0 -3324.56 0 0
410000 398961 387981 0 -1506.74 0 0
411000 396839 395840 0 -1947.75 0 0
412000 398686 392723 0 -2662.56 0 0
413000 395437 393532 0 -1343.85 0 0
414000 394141 397861 0 -1520.11 0 0
415000 395187 393862 0 -3343.48 0 0
416000 396282 395495 0 -848.473 0 0
417000 397784 396758 0 -378.8 0 0
418000 395663 394667 0 -1637.05 0 0
419000 397265 394059 0 -2991.26 0 0
420000 397779 392291 0 -1160.49 0 0
421000 396453 393484 0 -1104.37 0 0
422000 397898 393529 0 -2701.02 0 0
423000 393364 392688 0 -3310.9 0 0
424000 398254 394658 0 922.259 0 0
425000 394562 394124 0 205.751 0 0
426000 398774 392680 0 -416.955 0 0
427000 394872 395652 0 -976.547 0 0
428000 396577 395706 0 3044.02 0 0
429000 394160 392142 0 2627.73 0 0
430000 399228 392849 0 4015.72 0 0
431000 399299 391136 0 -53.4562 0 0
432000 398183 391972 0 -342.536 0 0
433000 398374 393324 0 3073.58 0 0
434000 394682 396841 0 2597.2 0 0
435000 401234 391756 0 1326.67 0 0
436000 398612 394255 0 3684.83 0 0
437000 394553 394381 0 692.88 0 0
438000 397389 393789 0 -239.204 0 0
439000 393864 397444 0 2393.23 0 0
440000 394838 394022 0 1922.42 0 0
441000 395347 392712 0 4376.73 0 0
442000 394373 398564 0 3007.89 0 0
443000 399633 389886 0 436.318 0 0
444000 397673 392348 0 4015.11 0 0
445000 398407 392151 0 3574.51 0 0
446000 400250 390804 0 545.143 0 0
447000 400205 390541 0 2552.49 0 0
448000 399059 395778 0 1978.97 0 0
449000 398958 391387 0 3669.1 0 0
450000 398058 393971 0 1288.85 0 0
451000 395567 395787 0 1404.39 0 0
452000 397580 392304 0 1430.97 0 0
453000 400089 394892 0 2755.45 0 0
454000 400693 390454 0 601.478 0 0
455000 397019 391218 0 7191.2 0 0
456000 395300 392110 0 2209.03 0 0
457000 398855 392486 0 -1143.66 0 0
458000 397301 392067 0 3667.9 0 0
459000 396982 393048 0 -1994.85 0 0
460000 394673 396401 0 983.175 0 0
461000 395128 393044 0 3061.76 0 0
462000 396119 396454 0 3351.25 0 0
463000 397120 391132 0 1465.41 0 0
464000 394293 393934 0 2465.1 0 0
465000 395954 392190 0 1192.41 0 0
466000 395328 392054 0 -498.952 0 0
467000 398584 396094 0 1772.34 0 0
468000 397691 392638 0 4096.42 0 0
469000 395529 394089 0 126.595 0 0
470000 395854 397994 0 -1388.49 0 0
471000 390276 395094 0 374.318 0 0
472000 391688 396475 0 724.438 0 0
473000 396378 394793 0 -1134.56 0 0
474000 395521 393623 0 700.377 0 0
475000 396335 396064 0 -1471.05 0 0
476000 395970 391764 0 -2636.82 0 0
477000 396605 394621 0 211.24 0 0
478000 391886 397585 0 -1281.02 0 0
479000 394371 398699 0 956.673 0 0
480000 396373 395557 0 -3495.68 0 0
481000 399581 391089 0 -1002.45 0 0
482000 395954 395397 0 1367.7 0 0
483000 394184 393968 0 1406.92 0 0
484000 395302 394101 0 -20.6847 0 0
485000 396428 394979 0 -154.362 0 0
486000 397359 393313 0 -1542.96 0 0
487000 398267 391256 0 -2860.09 0 0
488000 397121 396642 0 1976.72 0 0
489000 397225 397387 0 -2057.03 0 0
490000 400677 391318 0 28.5811 0 0
491000 395460 392418 0 1706.48 0 0
492000 397505 388512 0 -2785.82 0 0
493000 395078 391960 0 1706.48 0 0
494000 397596 391570 0 787.394 0 0
495000 393344 396275 0 -1196.18 0 0
496000 393807 395333 0 -1477.39 0 0
497000 397107 390133 0 -4250.93 0 0
498000 397859 387894 0 -892.306 0 0
499000 395970 397746 0 -2935.8 0 0
500000 393900 393202 0 -1943.4 0 0
