# Time-averaged data for fix ps1
# TimeStep c_thermo_press[1] c_thermo_press[2] c_thermo_press[3] c_thermo_press[4] c_thermo_press[5] c_thermo_press[6]
10000 351429 348950 0 -1229.5 0 0
20000 351827 347725 0 -1766.28 0 0
30000 351571 348679 0 -2358.8 0 0
40000 352152 348566 0 -2639.54 0 0
50000 352635 348054 0 -4094.76 0 0
60000 350771 349401 0 -3846.47 0 0
70000 350954 348989 0 -5304.19 0 0
80000 351350 348740 0 -4968.79 0 0
90000 352493 348754 0 -6336.16 0 0
100000 350965 349474 0 -5865.36 0 0
110000 352018 349218 0 -6375.72 0 0
120000 351979 348797 0 -6429.64 0 0
130000 351599 348701 0 -7093.27 0 0
140000 351671 348522 0 -7884.49 0 0
150000 351310 350255 0 -7934.23 0 0
160000 351229 348692 0 -8476.44 0 0
170000 351129 349336 0 -8932.37 0 0
180000 352088 349388 0 -8859.66 0 0
190000 351630 348955 0 -8475.92 0 0
200000 351985 348998 0 -9283.47 0 0
210000 351170 349969 0 -9887.19 0 0
220000 352182 348948 0 -8785.73 0 0
230000 350927 349424 0 -9000.97 0 0
240000 352048 348408 0 -9613.67 0 0
250000 351418 349676 0 -9372.02 0 0
260000 352247 348668 0 -9433.4 0 0
270000 352261 348433 0 -9602.63 0 0
280000 351459 348944 0 -9429.21 0 0
290000 350786 350185 0 -8734.46 0 0
300000 351909 348733 0 -9156.83 0 0
310000 350516 349321 0 -8914.14 0 0
320000 351503 348771 0 -7844.6 0 0
330000 350956 348937 0 -8637.16 0 0
340000 351635 349084 0 -8385 0 0
350000 351800 349090 0 -8680.92 0 0
360000 350843 349060 0 -7582.2 0 0
370000 352231 348485 0 -7201.11 0 0
380000 351352 349364 0 -6503.8 0 0
390000 351487 348421 0 -7284.38 0 0
400000 350854 348565 0 -6156.67 0 0
410000 352284 349285 0 -5757.19 0 0
420000 352127 348829 0 -4369.74 0 0
430000 351790 348892 0 -5034.93 0 0
440000 351467 349366 0 -4538.39 0 0
450000 351163 349815 0 -3948.25 0 0
460000 352222 347939 0 -3529.18 0 0
470000 351861 348575 0 -2985.19 0 0
480000 351458 348672 0 -2651.65 0 0
490000 351305 348211 0 -2302.82 0 0
500000 351247 349311 0 -197.84 0 0
510000 352160 347430 0 -648.184 0 0
520000 351791 348134 0 -501.586 0 0
530000 350881 349413 0 870.76 0 0
540000 351365 349195 0 899.901 0 0
550000 351168 349014 0 1465.86 0 0
560000 352032 347941 0 2215.81 0 0
570000 351840 348721 0 2333.64 0 0
580000 350867 348892 0 3812.05 0 0
590000 351274 348048 0 2822.3 0 0
600000 351260 348917 0 4301.77 0 0
610000 350945 349229 0 5140.02 0 0
620000 351526 349193 0 4617.29 0 0
630000 351127 349007 0 4870.09 0 0
640000 351337 349293 0 5386.08 0 0
650000 351579 349200 0 5283.92 0 0
660000 351718 348229 0 5981.47 0 0
670000 351419 348477 0 6540.55 0 0
680000 351170 348613 0 6827.24 0 0
690000 351606 348709 0 6702.73 0 0
700000 350797 349571 0 7355.24 0 0
710000 351288 348850 0 7317.13 0 0
720000 350769 348877 0 7527.32 0 0
730000 351030 349170 0 7595.5 0 0
740000 351343 348352 0 7717.1 0 0
750000 351146 348532 0 7614.55 0 0
760000 350920 348291 0 6877.98 0 0
770000 351419 348540 0 7480.56 0 0
780000 351716 348912 0 7908.75 0 0
790000 351481 348087 0 6591.77 0 0
800000 351869 348048 0 7145.7 0 0
810000 350859 348040 0 6671.08 0 0
820000 351183 348878 0 7032.24 0 0
830000 351890 348484 0 6219.54 0 0
840000 351591 348456 0 6520.98 0 0
850000 352174 348482 0 5461.82 0 0
860000 351687 348048 0 6142.1 0 0
870000 352348 347944 0 5108.51 0 0
880000 351561 348229 0 4974.37 0 0
890000 351634 348866 0 4260.73 0 0
900000 351406 348571 0 3940.06 0 0
910000 351350 349124 0 3561.73 0 0
920000 351514 349806 0 3271.69 0 0
930000 351693 348092 0 2001.58 0 0
940000 350840 348476 0 2704.5 0 0
950000 351182 348436 0 1503.52 0 0
960000 350131 349567 0 737.628 0 0
970000 350471 349538 0 1215.48 0 0
980000 351784 348878 0 -7.08674 0 0
990000 352701 348019 0 -77.1891 0 0
1000000 351658 348457 0 -1531.4 0 0
1010000 351919 348226 0 -1523.22 0 0
1020000 351201 349186 0 -2044.57 0 0
1030000 350728 349029 0 -2505.38 0 0
1040000 351815 348408 0 -3441.11 0 0
1050000 350819 348642 0 -3530.75 0 0
1060000 351088 349061 0 -4034.04 0 0
1070000 351776 348167 0 -4535.98 0 0
1080000 350917 349030 0 -5153.21 0 0
1090000 351820 348304 0 -6424.8 0 0
1100000 351486 348766 0 -5601.06 0 0
1110000 351711 349318 0 -6721.4 0 0
1120000 351929 348531 0 -7494.38 0 0
1130000 351363 349382 0 -7296.48 0 0
1140000 352411 348411 0 -7427.07 0 0
1150000 351649 349100 0 -8471.25 0 0
1160000 351235 349749 0 -9086.53 0 0
1170000 351239 349292 0 -9201.21 0 0
1180000 351634 349328 0 -8821.6 0 0
1190000 351736 349645 0 -9128.82 0 0
1200000 350843 349704 0 -9403.43 0 0
1210000 351793 348921 0 -9855.97 0 0
1220000 351615 348892 0 -9679.22 0 0
1230000 351647 349455 0 -9732.22 0 0
1240000 351529 349535 0 -9596.52 0 0
1250000 351283 349143 0 -9485.28 0 0
1260000 351475 349739 0 -8863.93 0 0
1270000 350443 350087 0 -9729.07 0 0
1280000 352521 349116 0 -9758.68 0 0
1290000 352174 348872 0 -9862.4 0 0
1300000 352012 348880 0 -8648.53 0 0
1310000 351576 350180 0 -8727.27 0 0
1320000 351505 348942 0 -9697.78 0 0
1330000 351496 348884 0 -8493.88 0 0
1340000 351250 348355 0 -8513.03 0 0
1350000 350790 349821 0 -8091.99 0 0
1360000 351465 348736 0 -8072.91 0 0
1370000 351510 349189 0 -7981.54 0 0
1380000 351128 349151 0 -7483.28 0 0
1390000 352059 348613 0 -7142.99 0 0
1400000 351367 348894 0 -6290.88 0 0
1410000 351475 349514 0 -5738.02 0 0
1420000 351715 348737 0 -4869.03 0 0
1430000 351718 349126 0 -4817.81 0 0
1440000 350464 349674 0 -3531.4 0 0
1450000 350545 348678 0 -3740.72 0 0
1460000 350888 349541 0 -3225.72 0 0
1470000 351926 347932 0 -2626.79 0 0
1480000 351436 348897 0 -2145.18 0 0
1490000 351363 348286 0 -1314.96 0 0
1500000 351378 348629 0 -1044.45 0 0
1510000 351549 348524 0 -919.158 0 0
1520000 351752 348304 0 -259.206 0 0
1530000 351310 348654 0 493.08 0 0
1540000 351114 349078 0 1267.12 0 0
1550000 351743 349050 0 1900.19 0 0
1560000 350994 348275 0 1828.54 0 0
1570000 351960 348722 0 1972.4 0 0
1580000 351502 348789 0 2439.74 0 0
1590000 352244 348204 0 3883.17 0 0
1600000 351305 348674 0 4545.43 0 0
1610000 351728 348194 0 3719.29 0 0
1620000 351499 348409 0 4372.27 0 0
1630000 352059 347894 0 5180.07 0 0
1640000 352232 349043 0 5318.81 0 0
1650000 351321 349033 0 6110.47 0 0
1660000 351413 348171 0 5708.08 0 0
1670000 351668 348432 0 6481.65 0 0
1680000 351101 348396 0 6651.61 0 0
1690000 350366 349639 0 6397.73 0 0
1700000 350979 349592 0 6762.23 0 0
1710000 352111 347517 0 6841.54 0 0
1720000 351724 349073 0 7050.54 0 0
1730000 351517 347793 0 6795.28 0 0
1740000 351015 348679 0 7077.78 0 0
1750000 351646 348485 0 7640.95 0 0
1760000 351553 349234 0 7176.14 0 0
1770000 351971 348076 0 7934.04 0 0
1780000 351921 348975 0 7646.72 0 0
1790000 351551 348932 0 7232 0 0
1800000 351554 348444 0 6842.29 0 0
1810000 351481 348323 0 6367.83 0 0
1820000 351893 348291 0 7137.19 0 0
1830000 352239 348504 0 5935.39 0 0
1840000 351072 348421 0 6736.99 0 0
1850000 351606 348084 0 5642.62 0 0
1860000 351580 348695 0 5857.7 0 0
1870000 351658 348955 0 5811.02 0 0
1880000 351032 349564 0 4419.35 0 0
1890000 351087 348697 0 3763.15 0 0
1900000 351933 348851 0 3601.79 0 0
1910000 351349 348911 0 3514.65 0 0
1920000 351557 349099 0 3672.54 0 0
1930000 351336 348175 0 2252.28 0 0
1940000 351689 349324 0 1876.84 0 0
1950000 350660 349061 0 1704.91 0 0
1960000 351833 348337 0 588.008 0 0
1970000 351013 348993 0 -416.716 0 0
1980000 351368 348351 0 56.4466 0 0
1990000 351588 348677 0 -1332.13 0 0
2000000 350786 348894 0 -1122.25 0 0
2010000 351880 348287 0 -1955.2 0 0
2020000 351463 347763 0 -1550.36 0 0
2030000 351707 348065 0 -2924.17 0 0
2040000 351484 349223 0 -3097.37 0 0
2050000 351405 349350 0 -4068.31 0 0
2060000 350802 348821 0 -4225.17 0 0
2070000 351449 348546 0 -5017.23 0 0
2080000 351838 348328 0 -5012.06 0 0
2090000 352170 348670 0 -5725.87 0 0
2100000 351198 349073 0 -6398.58 0 0
2110000 351326 348845 0 -7109.01 0 0
2120000 350395 349863 0 -6951.57 0 0
2130000 350868 349575 0 -7358.62 0 0
2140000 351417 348359 0 -7286.93 0 0
2150000 351727 348485 0 -7892 0 0
2160000 351167 348813 0 -8392.76 0 0
2170000 351843 349309 0 -8587.38 0 0
2180000 350900 350006 0 -9182.83 0 0
2190000 350955 348995 0 -8448.91 0 0
2200000 351405 349484 0 -9609.08 0 0
2210000 350849 349479 0 -9309.77 0 0
2220000 351318 349287 0 -9046.33 0 0
2230000 351637 348470 0 -10194.2 0 0
2240000 350909 349561 0 -9999.2 0 0
2250000 351200 349580 0 -9327.97 0 0
2260000 352892 348283 0 -10234.1 0 0
2270000 352459 349056 0 -9673.15 0 0
2280000 350596 349655 0 -9956.34 0 0
2290000 352061 348758 0 -8393.2 0 0
2300000 351777 349481 0 -9294.49 0 0
2310000 351917 349169 0 -9044.63 0 0
2320000 351919 348693 0 -9455.96 0 0
2330000 351480 348759 0 -8923.65 0 0
2340000 352369 349119 0 -8647.78 0 0
2350000 352335 348525 0 -8052.02 0 0
2360000 351708 349281 0 -7394.14 0 0
2370000 351760 348923 0 -6958.89 0 0
2380000 351629 348350 0 -7223.56 0 0
2390000 351514 349160 0 -6407.6 0 0
2400000 351265 348658 0 -6108.35 0 0
2410000 350931 349960 0 -5084.09 0 0
2420000 351939 348705 0 -5859.06 0 0
2430000 351438 348957 0 -4855.88 0 0
2440000 351594 348141 0 -4175.26 0 0
2450000 351589 348968 0 -4024.65 0 0
2460000 351595 348704 0 -4156.97 0 0
2470000 350894 348822 0 -2958.13 0 0
2480000 351772 347918 0 -2254.12 0 0
2490000 351962 348900 0 -2090.38 0 0
2500000 351720 348252 0 -1550.89 0 0
2510000 351679 348383 0 -1095.66 0 0
2520000 351661 349031 0 58.2005 0 0
2530000 350861 348692 0 974.841 0 0
2540000 351921 348637 0 1377.64 0 0
2550000 352294 348291 0 1337.53 0 0
2560000 351777 348837 0 2186.79 0 0
2570000 350877 348772 0 2334.12 0 0
2580000 352079 348521 0 3171.18 0 0
2590000 351003 348943 0 2631.26 0 0
2600000 350916 349530 0 4205.24 0 0
2610000 351558 348331 0 3955.48 0 0
2620000 350926 349005 0 4000.13 0 0
2630000 351453 348415 0 5215.32 0 0
2640000 350614 348507 0 5706.6 0 0
2650000 351897 348880 0 5438.42 0 0
2660000 351181 348329 0 5689.26 0 0
2670000 351349 349515 0 5880.02 0 0
2680000 352380 347914 0 6160.62 0 0
2690000 352107 348209 0 7225.18 0 0
2700000 350842 348843 0 6850.73 0 0
2710000 351612 348395 0 6828.14 0 0
2720000 351649 348993 0 7177.11 0 0
2730000 350670 349339 0 7176.22 0 0
2740000 351838 348569 0 7429.02 0 0
2750000 351683 348812 0 7186.25 0 0
2760000 352310 347996 0 7328.18 0 0
2770000 351329 348832 0 7992.94 0 0
2780000 351889 348605 0 7638.13 0 0
2790000 351212 349100 0 7858.76 0 0
2800000 350459 349377 0 7048.45 0 0
2810000 351171 348898 0 6454.44 0 0
2820000 351648 348931 0 6858.05 0 0
2830000 350526 349343 0 6783.83 0 0
2840000 351411 349022 0 6662.44 0 0
2850000 351171 349776 0 5149.67 0 0
2860000 350388 348713 0 4949.18 0 0
2870000 351662 348868 0 5193.93 0 0
2880000 351868 348027 0 5239.62 0 0
2890000 350830 348937 0 4790.6 0 0
2900000 352599 348016 0 3872.64 0 0
2910000 351545 347988 0 3734.81 0 0
2920000 351688 348483 0 3073.44 0 0
2930000 351716 348218 0 1793.62 0 0
2940000 352014 348491 0 2005.6 0 0
2950000 351950 347890 0 1302.6 0 0
2960000 351896 348137 0 755.287 0 0
2970000 351871 348704 0 370.848 0 0
2980000 351749 348337 0 -453.883 0 0
2990000 351447 349063 0 -1105.9 0 0
3000000 352346 348336 0 -899.508 0 0
3010000 351549 348393 0 -2104.98 0 0
3020000 351570 349293 0 -2593.93 0 0
3030000 352177 347962 0 -2365.29 0 0
3040000 351893 348254 0 -3513.06 0 0
3050000 351709 349103 0 -4078.34 0 0
3060000 350593 349635 0 -4185.01 0 0
3070000 350568 349190 0 -4024.85 0 0
3080000 350944 349021 0 -5081.59 0 0
3090000 351460 348893 0 -5727.37 0 0
3100000 351144 349279 0 -6294.19 0 0
3110000 352138 348529 0 -5778.55 0 0
3120000 351431 349498 0 -7226.68 0 0
3130000 351004 349230 0 -7417.66 0 0
3140000 351854 349272 0 -7991.68 0 0
3150000 350573 350199 0 -6981.39 0 0
3160000 351697 348480 0 -8433.51 0 0
3170000 351201 349756 0 -9319.75 0 0
3180000 351127 349046 0 -9000.71 0 0
3190000 351761 349040 0 -9403.64 0 0
3200000 351131 349194 0 -9400.62 0 0
3210000 352123 348596 0 -10030.9 0 0
3220000 351191 350279 0 -9003.41 0 0
3230000 351504 349567 0 -8838.95 0 0
3240000 350169 350629 0 -8953.92 0 0
3250000 351164 349964 0 -9530.59 0 0
3260000 351085 349240 0 -9670.14 0 0
3270000 351738 348854 0 -9513.6 0 0
3280000 352886 348587 0 -9515.73 0 0
3290000 352597 348423 0 -9438.66 0 0
3300000 350798 349943 0 -9088.01 0 0
3310000 350470 350251 0 -9461.74 0 0
3320000 352053 348800 0 -8447.24 0 0
3330000 352316 348681 0 -8831.84 0 0
3340000 351846 349261 0 -8645.35 0 0
3350000 350818 349542 0 -7909.77 0 0
3360000 351268 349313 0 -6803.82 0 0
3370000 351437 349181 0 -7666.81 0 0
3380000 351259 348571 0 -6863.7 0 0
3390000 352005 349394 0 -6935.82 0 0
3400000 350741 349128 0 -5766.84 0 0
3410000 352213 348513 0 -5537.77 0 0
3420000 352775 348227 0 -5110.16 0 0
3430000 351708 348585 0 -4897.4 0 0
3440000 351690 348491 0 -4993.43 0 0
3450000 351126 349239 0 -3647.03 0 0
3460000 350690 349669 0 -2744.19 0 0
3470000 351335 349006 0 -2125.27 0 0
3480000 352193 348937 0 -2379.25 0 0
3490000 351607 348480 0 -1575.48 0 0
3500000 351838 348177 0 -544.145 0 0
3510000 351465 348553 0 -709.948 0 0
3520000 352096 348503 0 481.767 0 0
3530000 351368 348538 0 530.226 0 0
3540000 351530 348692 0 843.651 0 0
3550000 350679 349328 0 1879.11 0 0
3560000 351374 348577 0 2067.2 0 0
3570000 351500 348677 0 2787.29 0 0
3580000 352034 348422 0 2459.55 0 0
3590000 351931 348259 0 3005.49 0 0
3600000 352106 348680 0 2385.52 0 0
3610000 350888 348078 0 4176.73 0 0
3620000 350718 349574 0 5795.28 0 0
3630000 351971 347936 0 5287.52 0 0
3640000 351436 348702 0 5368.95 0 0
3650000 351139 349089 0 5732.5 0 0
3660000 350616 350171 0 6298.45 0 0
3670000 350723 348885 0 6297.17 0 0
3680000 352147 348562 0 6914.9 0 0
3690000 350525 349467 0 6955.91 0 0
3700000 351093 349277 0 6860.29 0 0
3710000 351714 348979 0 6214.15 0 0
3720000 350703 348897 0 7563.51 0 0
3730000 351082 348341 0 7152.9 0 0
3740000 351553 348090 0 7416.34 0 0
3750000 351098 348773 0 6995.4 0 0
3760000 351162 349386 0 8011.53 0 0
3770000 351500 348759 0 6767.32 0 0
3780000 352676 347460 0 6310.31 0 0
3790000 351792 347861 0 8187.09 0 0
3800000 351693 348651 0 6275.94 0 0
3810000 351920 348218 0 6293.68 0 0
3820000 351946 347941 0 5766.76 0 0
3830000 351984 348274 0 5914.61 0 0
3840000 351829 348722 0 5401.94 0 0
3850000 350883 348295 0 6067.75 0 0
3860000 352399 347946 0 5972.68 0 0
3870000 352103 347905 0 4904.19 0 0
3880000 351301 348531 0 4548.56 0 0
3890000 352021 347940 0 4467.62 0 0
3900000 351878 348484 0 3233.58 0 0
3910000 351939 347570 0 2889.75 0 0
3920000 351374 349125 0 2760.16 0 0
3930000 352537 347048 0 2222.6 0 0
3940000 351512 348990 0 1868.91 0 0
3950000 351580 348390 0 593.033 0 0
3960000 351872 348346 0 509.839 0 0
3970000 351721 348864 0 219.969 0 0
3980000 351877 347889 0 265.458 0 0
3990000 352093 348562 0 -879.054 0 0
4000000 352584 347186 0 -1618 0 0
4010000 351953 348470 0 -2628.06 0 0
4020000 351634 349160 0 -2331.75 0 0
4030000 352148 348378 0 -3046.62 0 0
4040000 352010 348324 0 -3964.59 0 0
4050000 352452 348635 0 -4027.76 0 0
4060000 351824 348159 0 -4652.18 0 0
4070000 351420 347746 0 -4717.99 0 0
4080000 351601 348556 0 -5129.69 0 0
4090000 352396 348572 0 -6161.72 0 0
4100000 352094 348473 0 -6576.53 0 0
4110000 352308 348531 0 -7012.48 0 0
4120000 352425 349073 0 -7014.61 0 0
4130000 351063 349654 0 -7246.59 0 0
4140000 352345 347770 0 -7878.41 0 0
4150000 352602 348637 0 -8234.63 0 0
4160000 352535 348290 0 -9036.48 0 0
4170000 352165 348457 0 -9099.28 0 0
4180000 351847 348358 0 -9522.4 0 0
4190000 352004 348769 0 -9006.29 0 0
4200000 351984 347778 0 -9352.87 0 0
4210000 351497 349316 0 -9597.16 0 0
4220000 352032 349350 0 -9902.22 0 0
4230000 351539 348412 0 -9760.63 0 0
4240000 350959 349515 0 -9584.08 0 0
4250000 351807 348963 0 -9304.35 0 0
4260000 352336 348595 0 -9122.06 0 0
4270000 352021 348858 0 -9549.12 0 0
4280000 352165 349395 0 -9353.16 0 0
4290000 352012 348735 0 -9098.01 0 0
4300000 352044 349230 0 -8268.53 0 0
4310000 351595 349333 0 -7584.76 0 0
4320000 352768 347886 0 -8482.8 0 0
4330000 352384 348753 0 -8107.15 0 0
4340000 351830 348654 0 -8375.11 0 0
4350000 352488 348154 0 -8106.2 0 0
4360000 352744 348688 0 -7471.99 0 0
4370000 352233 348333 0 -7740.9 0 0
4380000 352235 348667 0 -6469.71 0 0
4390000 350553 349679 0 -5799.64 0 0
4400000 351563 349023 0 -7011.64 0 0
4410000 351170 348985 0 -5243.19 0 0
4420000 351315 349170 0 -5086.07 0 0
4430000 351664 349341 0 -4855.23 0 0
4440000 351318 349119 0 -4304.49 0 0
4450000 350989 349134 0 -4382.48 0 0
4460000 351649 348095 0 -4113.22 0 0
4470000 352061 348365 0 -2930.64 0 0
4480000 352168 349015 0 -1321.69 0 0
4490000 351283 349048 0 -1229.3 0 0
4500000 350799 349223 0 -201.207 0 0
4510000 350805 348913 0 -436.501 0 0
4520000 351062 349575 0 468.389 0 0
4530000 351011 348162 0 1176.56 0 0
4540000 352019 348104 0 1073.32 0 0
4550000 351552 348734 0 1745.23 0 0
4560000 350593 348467 0 1483.11 0 0
4570000 350776 349135 0 2070.33 0 0
4580000 351645 348942 0 3629.92 0 0
4590000 350320 349045 0 3638.7 0 0
4600000 350979 348840 0 4192.67 0 0
4610000 351345 348751 0 4213.25 0 0
4620000 351979 348560 0 4715.79 0 0
4630000 351352 349402 0 5486.79 0 0
4640000 351142 348274 0 4941.88 0 0
4650000 351765 348942 0 5149.07 0 0
4660000 351142 348150 0 6079.83 0 0
4670000 350794 348509 0 6071.02 0 0
4680000 351938 348872 0 6397.34 0 0
4690000 350709 348842 0 6174.31 0 0
4700000 351503 348357 0 6583.41 0 0
4710000 350853 349536 0 7819.65 0 0
4720000 351843 348412 0 7261.71 0 0
4730000 351708 349047 0 6806.04 0 0
4740000 351206 348552 0 6763.56 0 0
4750000 352258 348485 0 7805.9 0 0
4760000 352074 348749 0 7663.53 0 0
4770000 351574 349102 0 7420.58 0 0
4780000 351679 347346 0 6821.04 0 0
4790000 351208 348317 0 6785.29 0 0
4800000 351985 347822 0 7048.65 0 0
4810000 351488 348092 0 5810.08 0 0
4820000 352382 348835 0 6282.34 0 0
4830000 351375 348195 0 6521.42 0 0
4840000 351482 348038 0 5629.46 0 0
4850000 352051 348991 0 4871.63 0 0
4860000 352230 347198 0 4920.39 0 0
4870000 352345 347809 0 5015.94 0 0
4880000 351921 348185 0 3897.62 0 0
4890000 351853 348243 0 3316.48 0 0
4900000 352030 347814 0 3822.48 0 0
4910000 351393 348614 0 3656.33 0 0
4920000 351384 348486 0 2826.11 0 0
4930000 351284 348861 0 2661.87 0 0
4940000 350998 348761 0 2271.95 0 0
4950000 351581 349056 0 1806.48 0 0
4960000 351498 348473 0 1509.91 0 0
4970000 351002 348298 0 436.761 0 0
4980000 350866 349128 0 181.641 0 0
4990000 351372 348594 0 -721.38 0 0
5000000 350891 349321 0 -2122.17 0 0
