# Time-averaged data for fix ps1
# TimeStep c_thermo_press[1] c_thermo_press[2] c_thermo_press[3] c_thermo_press[4] c_thermo_press[5] c_thermo_press[6]
10000 386780 385905 0 -2585.52 0 0
20000 387583 388800 0 -1239.01 0 0
30000 387127 387866 0 -243.38 0 0
40000 386123 387940 0 -406.839 0 0
50000 387962 387963 0 -2826.03 0 0
60000 389124 385615 0 1702.97 0 0
70000 389279 385554 0 -731.212 0 0
80000 389421 385966 0 -269.497 0 0
90000 387014 388488 0 -787.21 0 0
100000 387828 386725 0 435.848 0 0
110000 388634 386218 0 -1835.33 0 0
120000 386798 387801 0 1266.97 0 0
130000 387086 390038 0 -1362.53 0 0
140000 387135 388731 0 -61.7138 0 0
150000 391808 386220 0 -744.206 0 0
160000 386191 388392 0 -2122.24 0 0
170000 389141 386937 0 -4081.63 0 0
180000 387060 388243 0 652.899 0 0
190000 386063 390316 0 -2876.02 0 0
200000 388090 386226 0 515.833 0 0
210000 389089 386447 0 380.433 0 0
220000 387115 387419 0 -1727.59 0 0
230000 386946 388018 0 -842.422 0 0
240000 387677 388708 0 -3806.18 0 0
250000 387340 391147 0 -2381.52 0 0
260000 387023 388326 0 35.8706 0 0
270000 386029 390346 0 -1912.62 0 0
280000 386478 390284 0 242.491 0 0
290000 386934 389573 0 -1374.13 0 0
300000 388734 388264 0 -1794.23 0 0
310000 388050 390072 0 1663.21 0 0
320000 390416 388450 0 -1795 0 0
330000 389121 389466 0 -239.539 0 0
340000 389400 388178 0 -1797.32 0 0
350000 389990 389029 0 -1541.37 0 0
360000 388264 390551 0 61.4522 0 0
370000 389051 389205 0 453.476 0 0
380000 387162 389554 0 2880.8 0 0
390000 389151 387282 0 298.014 0 0
400000 386147 390844 0 2696.2 0 0
410000 389128 388349 0 1029.93 0 0
420000 390024 388005 0 -2586.68 0 0
430000 389235 388665 0 2896.3 0 0
440000 386200 390221 0 1157.87 0 0
450000 390955 388078 0 349.822 0 0
460000 389444 389061 0 1183.95 0 0
470000 389850 388140 0 2051.73 0 0
480000 389006 387938 0 -1572.17 0 0
490000 388307 388718 0 -13.8229 0 0
500000 389776 386239 0 373.905 0 0
510000 387787 390192 0 3437.29 0 0
520000 387989 387789 0 -921.842 0 0
530000 390367 386568 0 -22.69 0 0
540000 388769 388913 0 -702.538 0 0
550000 387955 387675 0 -2263.81 0 0
560000 389571 388521 0 2476.16 0 0
570000 389596 385736 0 -32.1036 0 0
580000 385690 390510 0 621.82 0 0
590000 387403 389784 0 -249.66 0 0
600000 388718 386722 0 371.348 0 0
610000 388758 387937 0 3467.83 0 0
620000 391224 386212 0 1437.2 0 0
630000 388883 387394 0 -795.879 0 0
640000 387633 387244 0 -2109.19 0 0
650000 388165 387882 0 -3081.29 0 0
660000 389907 388629 0 428.539 0 0
670000 387395 389607 0 -168.088 0 0
680000 388808 387856 0 398.168 0 0
690000 388106 388717 0 -655.664 0 0
700000 388704 388310 0 575.285 0 0
710000 387371 390204 0 -1.00404 0 0
720000 387526 391166 0 306.479 0 0
730000 388496 388785 0 -152.036 0 0
740000 389041 387639 0 2084.52 0 0
750000 389378 388595 0 1024.38 0 0
760000 387311 389221 0 985.547 0 0
770000 390482 387786 0 -1797.99 0 0
780000 387157 389016 0 71.3855 0 0
790000 390208 387132 0 2353 0 0
800000 390645 387290 0 2126.71 0 0
810000 390767 386250 0 1614.78 0 0
820000 393647 384306 0 -1588.73 0 0
830000 387554 388789 0 1198.15 0 0
840000 385941 391461 0 -122.858 0 0
850000 387914 388960 0 2036.98 0 0
860000 385650 391578 0 2.33779 0 0
870000 387964 387449 0 -1003.6 0 0
880000 387934 388810 0 620.529 0 0
890000 387939 388761 0 -381.059 0 0
900000 387606 389462 0 1197.05 0 0
910000 389562 386889 0 -4052.44 0 0
920000 389489 385779 0 2055.62 0 0
930000 387394 388120 0 170.574 0 0
940000 386417 389065 0 -398.218 0 0
950000 387432 387504 0 -1171.47 0 0
960000 388860 388039 0 -1428.74 0 0
970000 387872 389279 0 -2400.74 0 0
980000 387198 388479 0 -271.451 0 0
990000 386999 388610 0 659.808 0 0
1000000 389636 387999 0 1664.64 0 0
1010000 388783 387277 0 274.085 0 0
1020000 388757 387210 0 -134.481 0 0
1030000 388970 388637 0 -1550.96 0 0
1040000 391601 385853 0 -1024.37 0 0
1050000 389121 387892 0 -663.652 0 0
1060000 388983 388793 0 -716.686 0 0
1070000 389279 387433 0 -1923.41 0 0
1080000 390961 386562 0 -655.586 0 0
1090000 387897 389333 0 -1625.92 0 0
1100000 388817 389277 0 279.148 0 0
1110000 390009 386450 0 -3138.65 0 0
1120000 390466 385809 0 -2269.09 0 0
1130000 388519 389167 0 -2385.51 0 0
1140000 389555 387792 0 -493.826 0 0
1150000 388323 387049 0 -1815.83 0 0
1160000 389557 387711 0 -1963.46 0 0
1170000 389056 388148 0 -1026.92 0 0
1180000 387529 388183 0 -1445.69 0 0
1190000 388924 386591 0 -1446.33 0 0
1200000 387475 388199 0 1321.55 0 0
1210000 386751 389517 0 -455.071 0 0
1220000 390321 386321 0 -1668.72 0 0
1230000 389014 387125 0 -2526.31 0 0
1240000 388112 387462 0 -3676.7 0 0
1250000 388076 387926 0 744.995 0 0
1260000 388407 387297 0 -319.059 0 0
1270000 386809 387232 0 403.071 0 0
1280000 390730 385334 0 -380.008 0 0
1290000 388587 386353 0 507.949 0 0
1300000 389042 386788 0 -2428.94 0 0
1310000 387545 387553 0 405.463 0 0
1320000 388905 387518 0 -1584.28 0 0
1330000 389276 386309 0 2198.37 0 0
1340000 388107 388928 0 2840.61 0 0
1350000 387918 387967 0 483.448 0 0
1360000 387706 387574 0 -694.949 0 0
1370000 390593 385423 0 433.6 0 0
1380000 390383 384440 0 -59.4652 0 0
1390000 387096 387381 0 248.863 0 0
1400000 389331 385619 0 2313.25 0 0
1410000 388277 387670 0 -1094.67 0 0
1420000 389602 387216 0 1675.04 0 0
1430000 389868 386810 0 4212.66 0 0
1440000 389679 386804 0 628.639 0 0
1450000 388176 388853 0 42.3183 0 0
1460000 387696 388600 0 -1198.07 0 0
1470000 387274 389645 0 1409.69 0 0
1480000 387036 388344 0 -2521.82 0 0
1490000 387057 389277 0 -1274.92 0 0
1500000 391040 387842 0 -714.547 0 0
1510000 386293 390553 0 -869.023 0 0
1520000 389589 384939 0 2706.38 0 0
1530000 389357 385594 0 1224.32 0 0
1540000 387271 389544 0 -502.391 0 0
1550000 390271 384313 0 432.499 0 0
1560000 390185 385376 0 830.561 0 0
1570000 388600 385684 0 5052.33 0 0
1580000 389925 385936 0 -822.345 0 0
1590000 388631 387632 0 -69.1247 0 0
1600000 390179 387570 0 1844.62 0 0
1610000 388956 386284 0 1439.21 0 0
1620000 390200 387885 0 1520.98 0 0
1630000 388077 389420 0 -179.408 0 0
1640000 389587 388579 0 410.824 0 0
1650000 386022 391091 0 3011.88 0 0
1660000 391236 384380 0 3467.07 0 0
1670000 388808 386114 0 3877.14 0 0
1680000 386764 389365 0 4150.3 0 0
1690000 387643 388800 0 -794.671 0 0
1700000 386664 388295 0 637.837 0 0
1710000 384770 389553 0 1286.88 0 0
1720000 387040 386943 0 2707.97 0 0
1730000 385236 389079 0 -160.886 0 0
1740000 387232 388734 0 -1091.57 0 0
1750000 386092 389787 0 -749.786 0 0
1760000 389618 385878 0 960.35 0 0
1770000 390868 385690 0 410.984 0 0
1780000 386906 388884 0 -1262.86 0 0
1790000 387781 387430 0 -330.797 0 0
1800000 388656 386436 0 -2726.92 0 0
1810000 389603 388950 0 -2654.48 0 0
1820000 388134 389113 0 -2717.34 0 0
1830000 388531 388720 0 1508.77 0 0
1840000 388998 388607 0 6.84842 0 0
1850000 386495 388924 0 1378.43 0 0
1860000 389838 388091 0 -242.643 0 0
1870000 386642 388736 0 1461.66 0 0
1880000 388073 387841 0 805.511 0 0
1890000 388791 386899 0 2154.2 0 0
1900000 387686 387051 0 2004.93 0 0
1910000 387638 387495 0 2646.22 0 0
1920000 388975 387914 0 1755.75 0 0
1930000 388058 388051 0 -895.629 0 0
1940000 391059 385293 0 -446.509 0 0
1950000 392993 382768 0 -2280.33 0 0
1960000 388144 388316 0 -3012.83 0 0
1970000 386451 389295 0 -1509.68 0 0
1980000 385042 391433 0 -648.14 0 0
1990000 388949 386955 0 -1142.96 0 0
2000000 387198 388381 0 -2843.79 0 0
2010000 387757 390259 0 -898.707 0 0
2020000 387501 389282 0 -2363.6 0 0
2030000 389994 386409 0 331.205 0 0
2040000 389998 387912 0 89.9578 0 0
2050000 390425 387916 0 822.269 0 0
2060000 388189 387878 0 2336.79 0 0
2070000 387122 390048 0 1082.99 0 0
2080000 388338 388899 0 -177.097 0 0
2090000 386647 388475 0 -2454.67 0 0
2100000 388633 388779 0 -72.2304 0 0
2110000 385000 391930 0 1071.92 0 0
2120000 390056 387745 0 -109.911 0 0
2130000 390890 384491 0 891.932 0 0
2140000 389540 387003 0 -2706.77 0 0
2150000 388580 388166 0 -2066.89 0 0
2160000 391906 385122 0 -738.933 0 0
2170000 387454 388614 0 -688.804 0 0
2180000 387634 387589 0 -1770.87 0 0
2190000 387919 389082 0 1104.65 0 0
2200000 382774 392721 0 278.855 0 0
2210000 385387 390932 0 -431.311 0 0
2220000 387337 390842 0 788.088 0 0
2230000 386856 390849 0 897.656 0 0
2240000 386443 390781 0 1106.46 0 0
2250000 385677 391534 0 57.5118 0 0
2260000 391020 386457 0 -1505.31 0 0
2270000 389783 387395 0 215.611 0 0
2280000 391192 387240 0 -1562.34 0 0
2290000 389942 387054 0 -2236.32 0 0
2300000 387150 389546 0 116.715 0 0
2310000 386454 388666 0 829.946 0 0
2320000 387680 388648 0 897.602 0 0
2330000 387183 390489 0 964.38 0 0
2340000 386433 389191 0 1541.92 0 0
2350000 388040 390219 0 1799.94 0 0
2360000 387097 389771 0 1909.65 0 0
2370000 387948 388444 0 1167.79 0 0
2380000 388465 389303 0 415.254 0 0
2390000 387436 389313 0 -1402.62 0 0
2400000 387101 388325 0 34.6538 0 0
2410000 385911 390336 0 -1908.15 0 0
2420000 389347 388574 0 -917.993 0 0
2430000 389058 388237 0 -1003.5 0 0
2440000 387278 388897 0 -902.232 0 0
2450000 386696 389182 0 -2241.78 0 0
2460000 391676 384432 0 159.981 0 0
2470000 389688 388347 0 -1827.33 0 0
2480000 391388 388260 0 -1701.97 0 0
2490000 388004 389639 0 2280.03 0 0
2500000 388757 389988 0 4055.85 0 0
2510000 388400 388496 0 -715.819 0 0
2520000 389926 387726 0 1446.24 0 0
2530000 388074 386893 0 -515.059 0 0
2540000 386759 390655 0 1426.97 0 0
2550000 388262 386700 0 3868.86 0 0
2560000 389130 390226 0 919.042 0 0
2570000 389136 389088 0 2644.24 0 0
2580000 385423 391289 0 -1455.75 0 0
2590000 393064 385366 0 1379.52 0 0
2600000 389639 387776 0 -140.888 0 0
2610000 386680 392860 0 1847.65 0 0
2620000 386740 390846 0 1209.79 0 0
2630000 389204 387971 0 3814.05 0 0
2640000 388833 388053 0 2592.35 0 0
2650000 388546 388728 0 58.5839 0 0
2660000 388579 389004 0 -153.059 0 0
2670000 387589 389096 0 1797.24 0 0
2680000 387319 389297 0 2899.03 0 0
2690000 387928 389198 0 -550.548 0 0
2700000 386822 390084 0 -1374.87 0 0
2710000 386925 389518 0 -1585.03 0 0
2720000 385878 391648 0 -1644.24 0 0
2730000 384765 392160 0 -2666.7 0 0
2740000 386341 389507 0 888.513 0 0
2750000 386024 392492 0 -2805.03 0 0
2760000 388232 388784 0 -1979.95 0 0
2770000 388405 387749 0 -1582.45 0 0
2780000 385022 391492 0 -1888.32 0 0
2790000 387134 391012 0 -1731.09 0 0
2800000 386037 391477 0 -3055.84 0 0
2810000 385276 392213 0 -2898.62 0 0
2820000 389262 388765 0 -2062.12 0 0
2830000 387888 388392 0 14.6973 0 0
2840000 387873 388527 0 -2024.56 0 0
2850000 384959 391950 0 -188.349 0 0
2860000 388479 388747 0 -1816.6 0 0
2870000 386741 388574 0 929.451 0 0
2880000 386192 389265 0 -385.43 0 0
2890000 389574 387295 0 -4117.75 0 0
2900000 387908 386527 0 -1587.94 0 0
2910000 391296 383414 0 335.685 0 0
2920000 390917 385558 0 -2236.12 0 0
2930000 389162 387194 0 -1392.37 0 0
2940000 388048 387829 0 -1445.86 0 0
2950000 388716 387690 0 -169.349 0 0
2960000 391950 384590 0 -4213.85 0 0
2970000 389744 388727 0 -2151.63 0 0
2980000 386265 390073 0 -581.955 0 0
2990000 390520 386006 0 -2148.13 0 0
3000000 389863 386755 0 -127.831 0 0
3010000 389594 384900 0 -1977.25 0 0
3020000 391538 385506 0 -3365.25 0 0
3030000 388687 386653 0 1641.12 0 0
3040000 390236 384844 0 -2608.14 0 0
3050000 389646 385064 0 -2872.82 0 0
3060000 389114 385767 0 -1371.47 0 0
3070000 387931 389280 0 250.292 0 0
3080000 386861 389151 0 -3967.66 0 0
3090000 388127 388520 0 -2226.64 0 0
3100000 385909 389834 0 -1194.45 0 0
3110000 387656 389204 0 -2449.9 0 0
3120000 388686 387132 0 -1060.16 0 0
3130000 389790 385245 0 -2219.54 0 0
3140000 390459 386283 0 -1258.92 0 0
3150000 388887 387382 0 1000.21 0 0
3160000 390384 386145 0 56.093 0 0
3170000 386364 389974 0 632.31 0 0
3180000 389710 388390 0 175.586 0 0
3190000 386507 387661 0 635.011 0 0
3200000 389523 388158 0 1728.35 0 0
3210000 385780 391808 0 1620.71 0 0
3220000 386864 390069 0 -1478.08 0 0
3230000 386937 388797 0 -2652.08 0 0
3240000 391217 386266 0 -929.971 0 0
3250000 391393 386401 0 -1578.38 0 0
3260000 388239 387638 0 -2568.2 0 0
3270000 388548 388215 0 -529.464 0 0
3280000 391261 386388 0 -515.334 0 0
3290000 389341 389566 0 233.798 0 0
3300000 387761 389189 0 1047.52 0 0
3310000 389149 389574 0 -494.235 0 0
3320000 389185 387831 0 1520.39 0 0
3330000 388910 388052 0 1767.79 0 0
3340000 389187 388793 0 -348.31 0 0
3350000 388710 388705 0 2252.18 0 0
3360000 388074 387689 0 -1240.5 0 0
3370000 390872 385997 0 593.947 0 0
3380000 388303 387549 0 1912.91 0 0
3390000 386829 389299 0 1612.4 0 0
3400000 386741 388488 0 2823.35 0 0
3410000 386669 389547 0 1128.35 0 0
3420000 387775 389241 0 4536.79 0 0
3430000 388629 389435 0 1135.48 0 0
3440000 387382 390512 0 1882.66 0 0
3450000 385295 389450 0 2848.1 0 0
3460000 385678 390724 0 2751.07 0 0
3470000 387901 388834 0 2550.72 0 0
3480000 388628 388540 0 2722.46 0 0
3490000 389653 387411 0 436.202 0 0
3500000 387346 389326 0 2346.57 0 0
3510000 387771 388341 0 1501.62 0 0
3520000 387225 388926 0 5530.29 0 0
3530000 387397 389339 0 4280.13 0 0
3540000 386438 390562 0 1724.62 0 0
3550000 387198 389277 0 823.079 0 0
3560000 388974 386350 0 -161.651 0 0
3570000 389811 386614 0 1499.14 0 0
3580000 390066 386526 0 3401.1 0 0
3590000 389676 385137 0 1733.57 0 0
3600000 387289 388512 0 3861.59 0 0
3610000 388244 387142 0 -75.6311 0 0
3620000 386519 387134 0 1989.92 0 0
3630000 387553 388009 0 2405.08 0 0
3640000 387803 387244 0 3094.01 0 0
3650000 387028 388709 0 2958.67 0 0
3660000 388371 386829 0 3372.42 0 0
3670000 387936 387173 0 1539.85 0 0
3680000 388889 387103 0 2036.46 0 0
3690000 386843 389290 0 -1001.88 0 0
3700000 387675 388483 0 778.026 0 0
3710000 386160 389561 0 1162.06 0 0
3720000 389824 387516 0 98.1003 0 0
3730000 387621 387512 0 -245.632 0 0
3740000 389438 385781 0 -125.54 0 0
3750000 388868 387054 0 757.272 0 0
3760000 389087 386569 0 2614.21 0 0
3770000 386953 387828 0 1921.18 0 0
3780000 387046 387002 0 1050.09 0 0
3790000 386384 386425 0 1562.84 0 0
3800000 388140 386080 0 -2741.99 0 0
3810000 388439 386448 0 -2136.66 0 0
3820000 388619 386666 0 -2168.82 0 0
3830000 389020 386084 0 -1303.6 0 0
3840000 388969 384914 0 1385.8 0 0
3850000 391399 383713 0 -3079.81 0 0
3860000 390814 386691 0 931.833 0 0
3870000 392027 385066 0 307.637 0 0
3880000 389941 385990 0 1575.67 0 0
3890000 388606 387681 0 -4.90619 0 0
3900000 388480 387857 0 -1502.38 0 0
3910000 388346 386926 0 -1978.26 0 0
3920000 388056 388756 0 -740.399 0 0
3930000 389467 387058 0 2392.22 0 0
3940000 389123 384945 0 2361.7 0 0
3950000 387812 387269 0 -1198.21 0 0
3960000 390708 385969 0 2753.9 0 0
3970000 390351 387253 0 -229 0 0
3980000 389295 387572 0 983.483 0 0
3990000 386844 390529 0 1983.73 0 0
4000000 389809 385738 0 3023.26 0 0
4010000 387991 386021 0 1101.09 0 0
4020000 386990 387568 0 629.457 0 0
4030000 389108 386897 0 -3944.05 0 0
4040000 389135 386066 0 -924.647 0 0
4050000 390706 384856 0 -466.63 0 0
4060000 389688 385098 0 -1162.8 0 0
4070000 390449 385038 0 -648.719 0 0
4080000 385731 386859 0 46.2947 0 0
4090000 388560 386475 0 19.7036 0 0
4100000 388406 385993 0 711.928 0 0
4110000 386631 388451 0 -1231.82 0 0
4120000 387055 388065 0 -1166.54 0 0
4130000 387685 386844 0 -2460.6 0 0
4140000 389845 384979 0 -1774.53 0 0
4150000 388640 385397 0 -3682.61 0 0
4160000 385494 388060 0 -2932.93 0 0
4170000 388286 386007 0 1386.64 0 0
4180000 388681 387401 0 -1127.66 0 0
4190000 387718 388086 0 -3038.77 0 0
4200000 388614 387576 0 -2283.47 0 0
4210000 387571 386337 0 -1110.09 0 0
4220000 384533 390550 0 -772.876 0 0
4230000 385974 388343 0 -2123.44 0 0
4240000 387075 387786 0 -1211.17 0 0
4250000 387031 388984 0 -402.175 0 0
4260000 387993 386747 0 -424.421 0 0
4270000 386885 386508 0 -2988.73 0 0
4280000 388693 385159 0 -1513.61 0 0
4290000 387774 387804 0 452.381 0 0
4300000 385666 390136 0 -977.453 0 0
4310000 386438 389629 0 1584.3 0 0
4320000 388759 385550 0 5041.61 0 0
4330000 385377 388571 0 2905.19 0 0
4340000 384465 390514 0 1383.48 0 0
4350000 387640 387415 0 -1520.25 0 0
4360000 385980 387829 0 179.235 0 0
4370000 384082 390219 0 1387.34 0 0
4380000 388912 385911 0 -2339.79 0 0
4390000 383155 390994 0 334.275 0 0
4400000 387266 387665 0 711.021 0 0
4410000 389759 384228 0 4016.73 0 0
4420000 386133 386046 0 436.876 0 0
4430000 383894 390815 0 -832.389 0 0
4440000 384476 388810 0 310.857 0 0
4450000 384894 388653 0 1955.46 0 0
4460000 386390 387672 0 3147.97 0 0
4470000 386230 388947 0 -288.58 0 0
4480000 387971 388630 0 308.24 0 0
4490000 387833 387201 0 2325.59 0 0
4500000 387351 387493 0 219.827 0 0
4510000 385671 387613 0 92.6299 0 0
4520000 387186 388559 0 868.113 0 0
4530000 385805 389128 0 -1631.84 0 0
4540000 386786 386761 0 -1381.72 0 0
4550000 388432 388546 0 -1206.05 0 0
4560000 389532 386459 0 2535.04 0 0
4570000 387664 386364 0 -2005.69 0 0
4580000 387437 389391 0 -661.008 0 0
4590000 388033 388150 0 -413.886 0 0
4600000 388829 386562 0 -491.251 0 0
4610000 387098 388246 0 -1701.26 0 0
4620000 389866 385776 0 -2472.84 0 0
4630000 386678 388997 0 -1149.49 0 0
4640000 391257 384618 0 -3725.05 0 0
4650000 391120 386014 0 322.012 0 0
4660000 385297 390053 0 -1355.02 0 0
4670000 386924 388550 0 -105.345 0 0
4680000 388017 387952 0 -1846 0 0
4690000 386219 387971 0 -3021.04 0 0
4700000 390769 386004 0 -2800.38 0 0
4710000 389099 387969 0 1508.95 0 0
4720000 388910 387732 0 669.595 0 0
4730000 387821 389911 0 803.702 0 0
4740000 388031 388147 0 1145.74 0 0
4750000 388752 386865 0 1336.36 0 0
4760000 388253 389039 0 118.975 0 0
4770000 387518 388002 0 545.134 0 0
4780000 385919 388450 0 -1660.25 0 0
4790000 390360 385772 0 61.3554 0 0
4800000 386526 388825 0 -657.312 0 0
4810000 386807 388353 0 -221.118 0 0
4820000 389461 387930 0 393.382 0 0
4830000 387770 388245 0 -671.933 0 0
4840000 385858 389418 0 -481.141 0 0
4850000 386043 390309 0 772.674 0 0
4860000 387158 388778 0 851.426 0 0
4870000 385711 390921 0 -1053.75 0 0
4880000 388309 387843 0 -1048.01 0 0
4890000 387438 388107 0 1576.78 0 0
4900000 386720 388581 0 -1168.57 0 0
4910000 388844 387523 0 -1542.91 0 0
4920000 388470 388600 0 -1047.56 0 0
4930000 390860 386050 0 442.84 0 0
4940000 388805 387840 0 1109.83 0 0
4950000 388539 387488 0 1042.95 0 0
4960000 389482 385636 0 -1542.46 0 0
4970000 388239 389380 0 -731.153 0 0
4980000 387531 387711 0 721.327 0 0
4990000 389646 384609 0 250.859 0 0
5000000 391309 384618 0 2608.14 0 0
