# Time-averaged data for fix ps1
# TimeStep c_thermo_press[1] c_thermo_press[2] c_thermo_press[3] c_thermo_press[4] c_thermo_press[5] c_thermo_press[6]
10000 401753 398859 0 -2626.14 0 0
20000 398637 404974 0 -2131.62 0 0
30000 400403 402101 0 -326.17 0 0
40000 399957 402086 0 1488.49 0 0
50000 403063 399598 0 -110.824 0 0
60000 402191 400559 0 907.1 0 0
70000 400690 400325 0 -1459.81 0 0
80000 399096 402256 0 -1151.88 0 0
90000 400561 400003 0 -2187.07 0 0
100000 401546 398559 0 1480.89 0 0
110000 399523 402362 0 1357.47 0 0
120000 401301 400781 0 -430.774 0 0
130000 402188 399647 0 -1840.25 0 0
140000 401980 399550 0 -3702.2 0 0
150000 401866 400001 0 -822.809 0 0
160000 399703 401161 0 914.187 0 0
170000 402096 400423 0 1222.54 0 0
180000 398537 403233 0 898.134 0 0
190000 398370 402236 0 -2105.22 0 0
200000 403423 398228 0 -2948.4 0 0
210000 399450 403882 0 -3037.07 0 0
220000 401573 398509 0 -1680.99 0 0
230000 400272 400589 0 -2414.65 0 0
240000 401504 400262 0 -1980.63 0 0
250000 402550 398879 0 -670.298 0 0
260000 400385 400521 0 409.725 0 0
270000 400027 401420 0 -8.78653 0 0
280000 400429 401295 0 -1538.08 0 0
290000 403038 402945 0 120.728 0 0
300000 400571 401680 0 -182.731 0 0
310000 399798 402198 0 -1500.04 0 0
320000 398312 403313 0 287.837 0 0
330000 402476 402237 0 -2249.74 0 0
340000 402922 399165 0 -2539.51 0 0
350000 402062 399509 0 -548.52 0 0
360000 398392 403114 0 1734.42 0 0
370000 404086 400709 0 -2334.47 0 0
380000 401040 401017 0 -3882.57 0 0
390000 400609 403325 0 381.763 0 0
400000 400363 403829 0 -212.256 0 0
410000 402304 400666 0 47.9929 0 0
420000 400673 401929 0 -2990.49 0 0
430000 403110 400770 0 719.265 0 0
440000 400067 401734 0 1188.46 0 0
450000 399754 401225 0 -343.937 0 0
460000 400086 400449 0 -553.017 0 0
470000 402345 402496 0 -1064.75 0 0
480000 406981 397715 0 -500.728 0 0
490000 401283 401284 0 -83.3719 0 0
500000 402920 400999 0 -217.986 0 0
510000 401290 401271 0 -804.823 0 0
520000 397332 403709 0 -23.039 0 0
530000 398869 403865 0 -896.751 0 0
540000 399632 403811 0 1246.03 0 0
550000 402553 400558 0 -370.011 0 0
560000 400616 401170 0 944.115 0 0
570000 400490 402846 0 -1680.11 0 0
580000 402153 401906 0 2216.33 0 0
590000 400802 404541 0 74.5153 0 0
600000 401841 402196 0 -2077.47 0 0
610000 403744 400802 0 1571.53 0 0
620000 401441 400867 0 -279.664 0 0
630000 400766 401309 0 -193.911 0 0
640000 402091 400916 0 -729.337 0 0
650000 404560 398625 0 2690.01 0 0
660000 401044 402086 0 1413.13 0 0
670000 400101 400457 0 -1183.72 0 0
680000 401568 401372 0 539.556 0 0
690000 403576 399536 0 778.203 0 0
700000 402268 398536 0 -1570.04 0 0
710000 398144 406145 0 887.649 0 0
720000 401577 401218 0 1246 0 0
730000 403934 398030 0 -565.107 0 0
740000 400284 401876 0 -683.196 0 0
750000 402154 400344 0 -1089.57 0 0
760000 397581 404408 0 1148.42 0 0
770000 402616 401900 0 2473.38 0 0
780000 399342 400651 0 -1292.13 0 0
790000 403387 398408 0 -246.712 0 0
800000 399215 401979 0 -229.067 0 0
810000 403368 399872 0 -2938.88 0 0
820000 403030 399690 0 855.715 0 0
830000 398768 404490 0 1780.62 0 0
840000 401919 400784 0 -1422.77 0 0
850000 404198 398513 0 846.911 0 0
860000 400520 401637 0 -2797.01 0 0
870000 401241 400184 0 93.3264 0 0
880000 400069 401252 0 685.784 0 0
890000 399271 400640 0 382.235 0 0
900000 402326 400806 0 -222.561 0 0
910000 400369 402054 0 -649.042 0 0
920000 404982 399109 0 413.901 0 0
930000 404175 398421 0 2290.59 0 0
940000 400621 399822 0 413.48 0 0
950000 404316 400839 0 2378.44 0 0
960000 403109 401937 0 -1138.75 0 0
970000 401604 401517 0 635.699 0 0
980000 403903 401256 0 -510.604 0 0
990000 399953 404679 0 -576.167 0 0
1000000 400390 401737 0 473.786 0 0
1010000 400935 403207 0 -768.592 0 0
1020000 405132 398965 0 3041.19 0 0
1030000 399252 402920 0 -1207.23 0 0
1040000 398623 404267 0 -757.402 0 0
1050000 401124 401429 0 2591.4 0 0
1060000 402806 400497 0 -1975.26 0 0
1070000 401855 401925 0 -921.943 0 0
1080000 403879 400511 0 2312.69 0 0
1090000 400939 400699 0 -344.182 0 0
1100000 399397 401547 0 -1692.34 0 0
1110000 402505 400915 0 -2061.95 0 0
1120000 397680 402255 0 -68.4526 0 0
1130000 398528 401597 0 -3084.81 0 0
1140000 401620 401416 0 2042.27 0 0
1150000 400773 400613 0 2454.08 0 0
1160000 402797 399890 0 3313.95 0 0
1170000 401384 401198 0 1645.17 0 0
1180000 401682 400214 0 1499.27 0 0
1190000 398769 401822 0 2145.28 0 0
1200000 400591 402605 0 -2705.97 0 0
1210000 404046 398694 0 -1639.5 0 0
1220000 400823 401211 0 1340.27 0 0
1230000 400856 401711 0 237.739 0 0
1240000 399881 400895 0 -1026.5 0 0
1250000 399192 400910 0 2242.33 0 0
1260000 399944 400049 0 128.657 0 0
1270000 397618 402056 0 1026.73 0 0
1280000 400099 399533 0 1065.57 0 0
1290000 401868 399446 0 -141.257 0 0
1300000 403190 398785 0 2587.73 0 0
1310000 400909 398633 0 -625.003 0 0
1320000 399249 403066 0 -1798.88 0 0
1330000 400829 403231 0 -1676.13 0 0
1340000 400202 400663 0 -274.616 0 0
1350000 399432 401614 0 796.293 0 0
1360000 402813 401240 0 190.588 0 0
1370000 403413 399410 0 -912.431 0 0
1380000 402392 401604 0 -860.662 0 0
1390000 402379 402149 0 -1656.92 0 0
1400000 400721 403507 0 4546.46 0 0
1410000 402531 399299 0 -517.43 0 0
1420000 403190 402191 0 1752.71 0 0
1430000 402226 402000 0 -261.49 0 0
1440000 401436 401034 0 25.4195 0 0
1450000 400667 401588 0 852.665 0 0
1460000 402486 399321 0 1079.55 0 0
1470000 403053 400356 0 -998.972 0 0
1480000 401058 400259 0 -806.457 0 0
1490000 401937 399579 0 -876.654 0 0
1500000 401901 401558 0 -1246.68 0 0
1510000 399530 402904 0 -524.655 0 0
1520000 399788 402898 0 2297.66 0 0
1530000 401277 402762 0 1767.84 0 0
1540000 401537 401201 0 2318.22 0 0
1550000 400776 403782 0 1650 0 0
1560000 401772 401312 0 -4387.74 0 0
1570000 403644 399164 0 1564.67 0 0
1580000 400529 401763 0 -1450.34 0 0
1590000 400608 400464 0 -658.233 0 0
1600000 400168 401876 0 -1257.91 0 0
1610000 401731 401909 0 867.36 0 0
1620000 404600 400066 0 4546.17 0 0
1630000 401031 400865 0 -920.408 0 0
1640000 400335 401489 0 608.637 0 0
1650000 404886 399647 0 1126.56 0 0
1660000 401261 399714 0 157 0 0
1670000 402220 400616 0 -760.124 0 0
1680000 400939 400534 0 924.346 0 0
1690000 400360 400346 0 -2705.06 0 0
1700000 399605 402535 0 -1093.35 0 0
1710000 402776 400823 0 40.9918 0 0
1720000 400113 402413 0 1459.06 0 0
1730000 400793 401043 0 828.315 0 0
1740000 401627 400383 0 -2414.14 0 0
1750000 400320 404701 0 825.193 0 0
1760000 399953 401110 0 635.576 0 0
1770000 401472 400995 0 -308.049 0 0
1780000 402625 401611 0 366.216 0 0
1790000 399586 403297 0 2874.49 0 0
1800000 403345 399541 0 -1157.02 0 0
1810000 400333 401624 0 1106.08 0 0
1820000 400789 401952 0 319.563 0 0
1830000 398371 403096 0 -1153.44 0 0
1840000 401537 399394 0 -3044.57 0 0
1850000 401140 402018 0 362.068 0 0
1860000 399582 401966 0 -672.02 0 0
1870000 402791 400221 0 1365.86 0 0
1880000 398293 403322 0 743.472 0 0
1890000 401167 401387 0 1902.45 0 0
1900000 404768 397598 0 -1129.57 0 0
1910000 401395 400789 0 226.552 0 0
1920000 401126 401547 0 450.37 0 0
1930000 402688 400606 0 -1591.1 0 0
1940000 400120 402002 0 675.809 0 0
1950000 401234 401239 0 -940.545 0 0
1960000 402648 399691 0 795.8 0 0
1970000 403966 400201 0 -107.241 0 0
1980000 401807 399842 0 -824.901 0 0
1990000 400309 402105 0 -452.72 0 0
2000000 398240 402289 0 661.242 0 0
2010000 400023 403117 0 -1253.59 0 0
2020000 402868 399260 0 -100.006 0 0
2030000 399528 403353 0 1781.69 0 0
2040000 399756 401997 0 -1969.49 0 0
2050000 401769 398378 0 -280.067 0 0
2060000 402595 397998 0 -752.281 0 0
2070000 399216 404042 0 -568.57 0 0
2080000 400074 402294 0 -55.9253 0 0
2090000 397945 403359 0 3066.84 0 0
2100000 400437 401515 0 886.882 0 0
2110000 398568 402913 0 -1150.52 0 0
2120000 399084 401663 0 2658.92 0 0
2130000 403423 400646 0 2341.86 0 0
2140000 401659 400343 0 -949.205 0 0
2150000 401836 401962 0 125.959 0 0
2160000 398135 404657 0 -1270.95 0 0
2170000 402883 399469 0 -150.551 0 0
2180000 402234 400699 0 -3082.39 0 0
2190000 403363 399690 0 -1939.23 0 0
2200000 400251 401648 0 160.205 0 0
2210000 403153 398567 0 -1608.84 0 0
2220000 402972 398534 0 -1487.69 0 0
2230000 402277 400174 0 411.821 0 0
2240000 402177 399949 0 -138.419 0 0
2250000 398785 403214 0 195.982 0 0
2260000 401628 398916 0 -2918.63 0 0
2270000 398801 403589 0 -915.483 0 0
2280000 398619 404084 0 714.926 0 0
2290000 399608 401910 0 -1199.42 0 0
2300000 398614 405103 0 -2321.55 0 0
2310000 400384 402802 0 -1737.42 0 0
2320000 399680 401522 0 2977.45 0 0
2330000 398095 403190 0 2098.81 0 0
2340000 399698 401751 0 2619.57 0 0
2350000 401433 400917 0 454.142 0 0
2360000 398498 401781 0 -434.352 0 0
2370000 401840 400064 0 494.383 0 0
2380000 401216 400416 0 -1398.49 0 0
2390000 401527 401524 0 -93.7038 0 0
2400000 399830 404244 0 4026.64 0 0
2410000 403525 401258 0 543.246 0 0
2420000 398629 404298 0 4445.58 0 0
2430000 400010 403795 0 461.77 0 0
2440000 404549 400583 0 -1765.31 0 0
2450000 402495 401502 0 1649.61 0 0
2460000 398691 402571 0 784.75 0 0
2470000 402420 399040 0 -2328.13 0 0
2480000 401392 398409 0 -692.381 0 0
2490000 400754 402863 0 -2631.07 0 0
2500000 400318 401834 0 1914.67 0 0
2510000 399061 402847 0 1264.27 0 0
2520000 398486 401668 0 -221.471 0 0
2530000 401022 403131 0 -147.228 0 0
2540000 399137 402057 0 1114.4 0 0
2550000 400260 401270 0 -1088.99 0 0
2560000 401134 401489 0 2155.9 0 0
2570000 401821 398265 0 1060.26 0 0
2580000 402629 399385 0 -900.825 0 0
2590000 400585 401091 0 -507.983 0 0
2600000 401627 401985 0 -550.893 0 0
2610000 400511 402731 0 -579.976 0 0
2620000 399973 402022 0 -1730.91 0 0
2630000 399382 402457 0 -1531.62 0 0
2640000 399114 400715 0 2200.88 0 0
2650000 403205 397371 0 -555.129 0 0
2660000 397875 403063 0 1043.67 0 0
2670000 404062 399674 0 1327.81 0 0
2680000 400753 401530 0 573.571 0 0
2690000 399111 406080 0 3697.52 0 0
2700000 401198 401373 0 534.939 0 0
2710000 401429 400772 0 161.902 0 0
2720000 400819 402532 0 2167.36 0 0
2730000 398202 403100 0 2927.1 0 0
2740000 398891 404029 0 1262.17 0 0
2750000 403381 400345 0 -666.267 0 0
2760000 400870 401450 0 2719.5 0 0
2770000 403557 398477 0 -1213.29 0 0
2780000 399711 401943 0 297.277 0 0
2790000 401468 400222 0 1139.74 0 0
2800000 405078 397223 0 796.695 0 0
2810000 399970 402099 0 -1129.47 0 0
2820000 400028 401645 0 -2708.24 0 0
2830000 401618 401865 0 3718.72 0 0
2840000 400099 402203 0 583.811 0 0
2850000 401076 401160 0 164.18 0 0
2860000 401295 401000 0 341.585 0 0
2870000 400712 400006 0 -329.33 0 0
2880000 400062 403455 0 1830.72 0 0
2890000 400578 402214 0 -1599.2 0 0
2900000 403961 398957 0 1934.8 0 0
2910000 401673 402684 0 -115.64 0 0
2920000 403868 397604 0 -1436.95 0 0
2930000 402552 400708 0 -817.074 0 0
2940000 401432 400062 0 -216.58 0 0
2950000 404175 398712 0 -57.9244 0 0
2960000 400315 404907 0 232.986 0 0
2970000 400783 402623 0 -1016.89 0 0
2980000 400962 401842 0 -281.72 0 0
2990000 400257 400369 0 625.766 0 0
3000000 401628 400240 0 -1120.06 0 0
3010000 402404 400107 0 937.096 0 0
3020000 404660 400336 0 -2366.55 0 0
3030000 398089 402525 0 859.374 0 0
3040000 402423 398738 0 -149.962 0 0
3050000 401328 401296 0 453.194 0 0
3060000 398796 403904 0 1538.95 0 0
3070000 404424 399107 0 303.487 0 0
3080000 403865 399596 0 247.008 0 0
3090000 402475 400128 0 -2284.13 0 0
3100000 400967 398522 0 1242.61 0 0
3110000 401704 401096 0 1153.69 0 0
3120000 400127 401378 0 1554.79 0 0
3130000 401821 400045 0 -112.089 0 0
3140000 404202 399483 0 -1447.17 0 0
3150000 398794 400557 0 -2083.77 0 0
3160000 399610 401453 0 -896.21 0 0
3170000 402189 397669 0 951.99 0 0
3180000 401408 400009 0 -2556.72 0 0
3190000 401837 401415 0 1595.59 0 0
3200000 404402 398678 0 -1193.06 0 0
3210000 398571 402579 0 -1452.29 0 0
3220000 399399 401437 0 831.69 0 0
3230000 399226 401480 0 -63.4327 0 0
3240000 398590 400905 0 25.7104 0 0
3250000 400757 399267 0 1186.92 0 0
3260000 401301 399711 0 356.496 0 0
3270000 405367 397256 0 86.2382 0 0
3280000 399199 401267 0 -244.769 0 0
3290000 397406 403541 0 1866.97 0 0
3300000 403268 399983 0 -678.504 0 0
3310000 402910 398150 0 2219.4 0 0
3320000 401941 400036 0 -387.157 0 0
3330000 403068 398971 0 -1222.45 0 0
3340000 400572 400485 0 -2218.72 0 0
3350000 401812 400302 0 -3092.01 0 0
3360000 400004 400764 0 4627.82 0 0
3370000 400122 399535 0 -1815.18 0 0
3380000 401451 400254 0 2297.88 0 0
3390000 399290 402276 0 727.999 0 0
3400000 403063 396974 0 -676.892 0 0
3410000 399981 401580 0 1009.53 0 0
3420000 401814 400373 0 1280.71 0 0
3430000 400389 401972 0 1810.18 0 0
3440000 404103 396089 0 -999.354 0 0
3450000 400134 401057 0 -1125.14 0 0
3460000 400595 401020 0 1554.47 0 0
3470000 401360 401005 0 -324.412 0 0
3480000 405221 397263 0 -3888.17 0 0
3490000 400235 402614 0 -1330.01 0 0
3500000 399328 404942 0 -1319.41 0 0
3510000 401624 401265 0 73.1577 0 0
3520000 401646 400752 0 -2412.06 0 0
3530000 398829 402718 0 2750.65 0 0
3540000 399472 402592 0 -3048.25 0 0
3550000 403839 398688 0 1429.15 0 0
3560000 401937 399725 0 -1199.26 0 0
3570000 399278 402280 0 -433.061 0 0
3580000 401183 400502 0 -108.63 0 0
3590000 404264 397496 0 1926.73 0 0
3600000 401642 400317 0 2325.14 0 0
3610000 402016 399806 0 -1473.08 0 0
3620000 400203 401525 0 452.087 0 0
3630000 401077 400523 0 1320.6 0 0
3640000 403252 399186 0 -690.58 0 0
3650000 400226 404355 0 -268.692 0 0
3660000 401381 401662 0 -719.935 0 0
3670000 398383 405279 0 -3857.04 0 0
3680000 401575 399453 0 -82.5328 0 0
3690000 401643 399699 0 -321.058 0 0
3700000 401509 401529 0 271.304 0 0
3710000 403145 400318 0 -1176.42 0 0
3720000 399220 403047 0 -1803.87 0 0
3730000 397031 406004 0 -497.975 0 0
3740000 398834 402519 0 455.925 0 0
3750000 402117 399864 0 -800.898 0 0
3760000 399685 400380 0 3363.87 0 0
3770000 399691 401760 0 -2063.99 0 0
3780000 398588 403417 0 -2538.71 0 0
3790000 401407 400194 0 -43.5234 0 0
3800000 401872 399633 0 277.321 0 0
3810000 400367 400377 0 3472.29 0 0
3820000 398575 401462 0 -1316.87 0 0
3830000 402472 400812 0 -809.767 0 0
3840000 399923 402432 0 294.07 0 0
3850000 399751 402821 0 -102.121 0 0
3860000 399973 401428 0 1257.28 0 0
3870000 401216 399810 0 3404.05 0 0
3880000 404898 398803 0 -2596.74 0 0
3890000 402019 400053 0 501.424 0 0
3900000 399092 401929 0 210.117 0 0
3910000 402296 398013 0 -2073.65 0 0
3920000 398088 403641 0 -1385.55 0 0
3930000 401445 403026 0 -479.796 0 0
3940000 401073 401245 0 1015.73 0 0
3950000 403892 397859 0 -2991.14 0 0
3960000 402559 398977 0 -1054.2 0 0
3970000 396581 406938 0 643.041 0 0
3980000 400330 402251 0 3477.9 0 0
3990000 400513 400930 0 -2617.62 0 0
4000000 403362 399574 0 710.615 0 0
4010000 401148 401901 0 -737.233 0 0
4020000 404082 400119 0 -300.921 0 0
4030000 401613 401033 0 -824.535 0 0
4040000 400258 403365 0 2226.58 0 0
4050000 401850 401263 0 106.794 0 0
4060000 399093 404437 0 -1089.4 0 0
4070000 403091 398340 0 -692.546 0 0
4080000 401080 400330 0 68.0547 0 0
4090000 403283 396480 0 590.157 0 0
4100000 402036 401102 0 -2426.72 0 0
4110000 400515 403087 0 -1388.27 0 0
4120000 401921 401377 0 -1716.43 0 0
4130000 402730 402047 0 -3403.54 0 0
4140000 400781 402101 0 1916.21 0 0
4150000 402016 398234 0 -1226 0 0
4160000 400561 398057 0 43.5583 0 0
4170000 400798 400496 0 -2369.63 0 0
4180000 401716 401215 0 2556.72 0 0
4190000 401592 400367 0 252.69 0 0
4200000 400649 401058 0 -30.4384 0 0
4210000 400188 400303 0 300.699 0 0
4220000 402722 397528 0 1425.63 0 0
4230000 402744 400132 0 2106.18 0 0
4240000 398738 402537 0 -254.524 0 0
4250000 400537 400003 0 1529.53 0 0
4260000 400392 401582 0 -2137.18 0 0
4270000 400060 400186 0 506.475 0 0
4280000 400015 399986 0 -71.9939 0 0
4290000 400486 400621 0 -224.89 0 0
4300000 401877 399931 0 -2315.06 0 0
4310000 403077 399575 0 220.375 0 0
4320000 403743 399370 0 49.8067 0 0
4330000 405885 399794 0 -628.276 0 0
4340000 403256 402354 0 2133.06 0 0
4350000 402346 400709 0 -1565.65 0 0
4360000 403612 400419 0 -340.607 0 0
4370000 403095 400391 0 33.7026 0 0
4380000 403297 399892 0 -2369.92 0 0
4390000 402752 401062 0 -469.117 0 0
4400000 401684 399277 0 629.846 0 0
4410000 401555 401125 0 1110.61 0 0
4420000 401511 402412 0 -3866.65 0 0
4430000 397499 402772 0 1188.28 0 0
4440000 398681 402401 0 -2775.8 0 0
4450000 400049 401315 0 -1348.55 0 0
4460000 397119 402097 0 924.517 0 0
4470000 399456 402263 0 1378.94 0 0
4480000 401259 399763 0 -234.759 0 0
4490000 399787 403234 0 508.921 0 0
4500000 402143 400926 0 573.279 0 0
4510000 403870 399615 0 -1029.43 0 0
4520000 399774 403795 0 1711.75 0 0
4530000 399609 401177 0 2343.48 0 0
4540000 398388 401805 0 -2558.87 0 0
4550000 402452 398578 0 -3115.7 0 0
4560000 402381 400341 0 -203.62 0 0
4570000 399841 401658 0 -1044.8 0 0
4580000 400862 399859 0 1695.16 0 0
4590000 401109 399842 0 145.146 0 0
4600000 398996 402647 0 1985.73 0 0
4610000 398629 402438 0 14.7439 0 0
4620000 398336 402246 0 1207.85 0 0
4630000 401976 400522 0 1860.97 0 0
4640000 401153 400253 0 -1967.61 0 0
4650000 401600 400799 0 1536.39 0 0
4660000 400395 401543 0 580.181 0 0
4670000 402664 400244 0 -474.332 0 0
4680000 400878 400664 0 -3064.88 0 0
4690000 400602 401168 0 3152.12 0 0
4700000 401505 398827 0 643.485 0 0
4710000 398250 401925 0 -1653.07 0 0
4720000 400828 402536 0 -955.314 0 0
4730000 401408 399891 0 -424.581 0 0
4740000 401731 398106 0 833.632 0 0
4750000 401673 399554 0 -3278.07 0 0
4760000 399581 400960 0 174.636 0 0
4770000 401244 399465 0 -2642.22 0 0
4780000 400894 398901 0 605.19 0 0
4790000 402817 398213 0 -1745.09 0 0
4800000 402484 399085 0 1849.15 0 0
4810000 401453 399493 0 3236.25 0 0
4820000 400841 401065 0 1309.27 0 0
4830000 398389 402496 0 2133.1 0 0
4840000 400370 399345 0 -1647.84 0 0
4850000 400919 400989 0 521.509 0 0
4860000 398480 401005 0 169.274 0 0
4870000 400715 402175 0 -395.258 0 0
4880000 398918 404479 0 192.392 0 0
4890000 400361 400744 0 -647.156 0 0
4900000 399822 401626 0 -584.207 0 0
4910000 400066 403884 0 2399.52 0 0
4920000 398812 402400 0 1825.52 0 0
4930000 399175 401603 0 827.961 0 0
4940000 401511 403060 0 -518.73 0 0
4950000 402312 401252 0 694.036 0 0
4960000 400630 400281 0 538.198 0 0
4970000 401942 400581 0 -44.8038 0 0
4980000 403463 401564 0 3210.94 0 0
4990000 400950 404653 0 2463.31 0 0
5000000 402438 400846 0 1118.92 0 0
