# Time-averaged data for fix ps1
# TimeStep c_thermo_press[1] c_thermo_press[2] c_thermo_press[3] c_thermo_press[4] c_thermo_press[5] c_thermo_press[6]
10000 359348 357034 0 -1229.55 0 0
20000 359549 356572 0 -2041.62 0 0
30000 359935 357101 0 -2195.26 0 0
40000 360606 356630 0 -4465.46 0 0
50000 359332 356692 0 -2424.35 0 0
60000 359070 356906 0 -4717.58 0 0
70000 359403 356513 0 -4802.23 0 0
80000 359674 357209 0 -5806.8 0 0
90000 361013 356500 0 -5766.32 0 0
100000 360035 356475 0 -6193.96 0 0
110000 359055 356837 0 -6974.95 0 0
120000 360293 356571 0 -6651.64 0 0
130000 360049 356624 0 -6169.38 0 0
140000 359791 357346 0 -7321.03 0 0
150000 359646 357114 0 -7737.91 0 0
160000 360282 356286 0 -8202.19 0 0
170000 359706 357484 0 -8909.26 0 0
180000 359352 357865 0 -8563.11 0 0
190000 360027 357924 0 -8509.81 0 0
200000 359920 357636 0 -7940.05 0 0
210000 358884 357999 0 -8944.64 0 0
220000 358855 358547 0 -9160.82 0 0
230000 358888 357890 0 -8723.03 0 0
240000 359352 357205 0 -9119.58 0 0
250000 359752 358013 0 -9259.07 0 0
260000 359882 356663 0 -8827.65 0 0
270000 359501 357575 0 -9281.69 0 0
280000 359549 357699 0 -9135 0 0
290000 360725 356750 0 -9027.46 0 0
300000 359885 357527 0 -8196.33 0 0
310000 360418 356861 0 -7748.35 0 0
320000 359214 357545 0 -8655.18 0 0
330000 359601 358720 0 -8355.57 0 0
340000 358741 357882 0 -6734.49 0 0
350000 359711 356919 0 -7731.38 0 0
360000 359293 357420 0 -6973.89 0 0
370000 359319 356883 0 -7242.37 0 0
380000 358790 358514 0 -5592.32 0 0
390000 360332 356779 0 -6529.86 0 0
400000 359482 357383 0 -5281.85 0 0
410000 359617 357162 0 -4577.95 0 0
420000 358745 357791 0 -4822.13 0 0
430000 359830 357677 0 -4816.66 0 0
440000 359737 356647 0 -3750.99 0 0
450000 359647 356897 0 -2935.37 0 0
460000 359097 356842 0 -2784.9 0 0
470000 360194 357447 0 -2810.14 0 0
480000 360935 357147 0 -2412.27 0 0
490000 359846 357121 0 -1764.26 0 0
500000 360216 356346 0 -760.946 0 0
510000 359160 357491 0 -764.69 0 0
520000 359261 357426 0 -198.348 0 0
530000 361009 356152 0 1013.12 0 0
540000 359507 356389 0 1138.24 0 0
550000 359645 356202 0 2353.34 0 0
560000 359322 357421 0 1745.11 0 0
570000 358867 356365 0 1955.37 0 0
580000 359602 357275 0 2366.82 0 0
590000 359644 356888 0 2390.94 0 0
600000 360471 356865 0 3767.09 0 0
610000 359080 356663 0 5152.83 0 0
620000 358113 358200 0 3697.47 0 0
630000 359858 356096 0 4552.01 0 0
640000 360216 356985 0 5085.81 0 0
650000 359652 356402 0 5677.4 0 0
660000 360315 356776 0 5265.35 0 0
670000 360895 355436 0 5728.29 0 0
680000 360216 355845 0 6090.08 0 0
690000 359921 356930 0 6606.87 0 0
700000 360951 356174 0 6315.07 0 0
710000 360268 355868 0 7062.42 0 0
720000 361084 355544 0 7547.79 0 0
730000 359978 356121 0 6479.29 0 0
740000 360699 356492 0 7426.6 0 0
750000 359875 356333 0 6927.28 0 0
760000 360175 356266 0 6143.27 0 0
770000 361007 355863 0 6225.55 0 0
780000 360457 355944 0 6337.58 0 0
790000 360459 354874 0 7143.02 0 0
800000 360780 356031 0 6159.58 0 0
810000 359551 356627 0 6497.96 0 0
820000 361126 355664 0 5629.97 0 0
830000 360778 355985 0 5562.37 0 0
840000 359924 356690 0 5667.58 0 0
850000 360058 356016 0 5650.45 0 0
860000 359950 357464 0 4507.09 0 0
870000 361145 355758 0 3942.47 0 0
880000 359948 355971 0 4438.72 0 0
890000 361049 356524 0 3394.74 0 0
900000 360461 356593 0 2770.32 0 0
910000 360634 355659 0 3246.15 0 0
920000 360047 355627 0 1963.35 0 0
930000 360939 355651 0 1833.03 0 0
940000 359845 357224 0 1574.46 0 0
950000 360837 356146 0 1404.19 0 0
960000 360260 355567 0 896.522 0 0
970000 360720 355559 0 160.319 0 0
980000 360024 356241 0 -240.906 0 0
990000 359909 356653 0 -896.405 0 0
1000000 360620 355763 0 -1457.3 0 0
1010000 360812 356179 0 -1552.91 0 0
1020000 359686 356319 0 -2550.3 0 0
1030000 360487 356107 0 -2579.27 0 0
1040000 360528 356515 0 -3328.71 0 0
1050000 361077 355466 0 -4101.8 0 0
1060000 360924 356075 0 -4534.87 0 0
1070000 360166 356735 0 -4577.94 0 0
1080000 359881 356660 0 -5596.98 0 0
1090000 361477 355818 0 -5208.96 0 0
1100000 359823 357014 0 -5233.64 0 0
1110000 359208 356996 0 -6249.56 0 0
1120000 361301 355512 0 -7470.07 0 0
1130000 360180 355977 0 -7955.82 0 0
1140000 359760 356703 0 -7569.18 0 0
1150000 360948 356473 0 -7794.8 0 0
1160000 361344 356210 0 -7919.9 0 0
1170000 360736 357062 0 -7889.11 0 0
1180000 360682 357218 0 -8733.2 0 0
1190000 361097 355299 0 -9205.81 0 0
1200000 359741 357327 0 -8885.59 0 0
1210000 359889 356346 0 -9974.46 0 0
1220000 360537 355628 0 -8950.8 0 0
1230000 360485 357295 0 -9174.21 0 0
1240000 359871 357100 0 -9050.33 0 0
1250000 360374 357149 0 -9959.5 0 0
1260000 359662 356263 0 -8576.96 0 0
1270000 360021 356483 0 -9341.99 0 0
1280000 361011 355721 0 -8952.63 0 0
1290000 360400 356931 0 -9701.89 0 0
1300000 360579 356582 0 -8782.3 0 0
1310000 360235 356876 0 -9376.41 0 0
1320000 359694 356456 0 -9059.76 0 0
1330000 360608 356465 0 -8314.94 0 0
1340000 359816 356588 0 -9104.34 0 0
1350000 360205 356234 0 -7842.99 0 0
1360000 359579 356754 0 -7566.63 0 0
1370000 360819 356019 0 -6884.84 0 0
1380000 360467 356491 0 -7941.81 0 0
1390000 359832 356616 0 -5610.12 0 0
1400000 359120 356935 0 -7042.83 0 0
1410000 360177 356616 0 -6102.73 0 0
1420000 358758 358001 0 -5732 0 0
1430000 360102 356477 0 -4804.97 0 0
1440000 359195 357209 0 -5248.04 0 0
1450000 361504 356295 0 -3580.03 0 0
1460000 359770 355922 0 -4141.91 0 0
1470000 360161 355952 0 -2665.91 0 0
1480000 360353 356429 0 -2930.23 0 0
1490000 359766 357331 0 -2272.86 0 0
1500000 360108 356098 0 -2446.21 0 0
1510000 360305 356418 0 -1301.42 0 0
1520000 360907 355603 0 -337.362 0 0
1530000 360369 355763 0 238.233 0 0
1540000 360967 355262 0 793.684 0 0
1550000 360378 355637 0 859.317 0 0
1560000 360437 355602 0 1150.14 0 0
1570000 360359 356273 0 2128.89 0 0
1580000 359430 356430 0 3025.86 0 0
1590000 360600 355908 0 3061.36 0 0
1600000 360803 356440 0 2947.92 0 0
1610000 359630 356289 0 3968.95 0 0
1620000 360755 355486 0 3994.23 0 0
1630000 359967 357039 0 4944.4 0 0
1640000 360092 356036 0 5422.77 0 0
1650000 358885 357493 0 6512.25 0 0
1660000 359969 357393 0 6570.44 0 0
1670000 361416 355636 0 5884.22 0 0
1680000 360377 357202 0 5931.16 0 0
1690000 360332 357240 0 6396.34 0 0
1700000 360451 356610 0 6075.47 0 0
1710000 359184 356440 0 6438.22 0 0
1720000 359487 356493 0 6779.81 0 0
1730000 360387 357100 0 4945.05 0 0
1740000 359821 357111 0 6370.69 0 0
1750000 360190 357076 0 6639.32 0 0
1760000 360562 356479 0 5603.55 0 0
1770000 361022 356595 0 6104.14 0 0
1780000 360448 355861 0 6257 0 0
1790000 360310 357452 0 5558.59 0 0
1800000 360409 355647 0 5609.35 0 0
1810000 360367 356527 0 6443.35 0 0
1820000 361280 355793 0 5432.55 0 0
1830000 360173 356769 0 5841.3 0 0
1840000 360529 356322 0 5047.35 0 0
1850000 359663 357194 0 4643.25 0 0
1860000 360219 355800 0 5293.19 0 0
1870000 360186 355406 0 4791.75 0 0
1880000 360417 356618 0 3884.28 0 0
1890000 360283 356378 0 3593.1 0 0
1900000 359540 355845 0 3126.76 0 0
1910000 359648 355893 0 3176.03 0 0
1920000 360438 356249 0 2430.21 0 0
1930000 360271 356580 0 1706.73 0 0
1940000 360715 356268 0 1186.69 0 0
1950000 360608 356559 0 834.966 0 0
1960000 360021 357542 0 315.139 0 0
1970000 360103 356404 0 215.832 0 0
1980000 359679 355902 0 -117.914 0 0
1990000 360136 356257 0 -499.083 0 0
2000000 360157 355992 0 -1615.44 0 0
2010000 360702 356288 0 -1750.04 0 0
2020000 360544 355908 0 -1968.04 0 0
2030000 359676 356222 0 -2530.21 0 0
2040000 360413 356116 0 -3171.88 0 0
2050000 360113 355926 0 -3367.83 0 0
2060000 360100 356298 0 -4319.14 0 0
2070000 360365 356759 0 -4746.23 0 0
2080000 360617 356596 0 -5582.48 0 0
2090000 360424 356317 0 -6150.21 0 0
2100000 359936 356647 0 -6091.63 0 0
2110000 360615 357413 0 -6765.85 0 0
2120000 360857 356481 0 -7550.36 0 0
2130000 360065 357031 0 -7577.85 0 0
2140000 359447 357640 0 -7244.71 0 0
2150000 360350 356832 0 -8648.65 0 0
2160000 360076 357059 0 -7438.26 0 0
2170000 360813 356677 0 -8875.75 0 0
2180000 360990 356855 0 -8769.17 0 0
2190000 361080 357031 0 -8702.64 0 0
2200000 359944 357523 0 -8740.82 0 0
2210000 360176 357616 0 -9701.28 0 0
2220000 360377 356075 0 -9856.59 0 0
2230000 360773 355454 0 -9949.3 0 0
2240000 361225 355888 0 -9178.37 0 0
2250000 360422 356322 0 -10482.7 0 0
2260000 359369 357154 0 -8814.39 0 0
2270000 359558 357099 0 -9639.14 0 0
2280000 359443 357533 0 -9991.88 0 0
2290000 359141 357153 0 -9536.96 0 0
2300000 360884 356767 0 -9676.71 0 0
2310000 360329 357021 0 -9506.46 0 0
2320000 360467 357584 0 -8931.75 0 0
2330000 360746 356859 0 -9060.41 0 0
2340000 360285 356404 0 -8541.63 0 0
2350000 360225 356877 0 -7636.69 0 0
2360000 359970 357005 0 -7761.47 0 0
2370000 359489 357295 0 -7050.2 0 0
2380000 360747 356071 0 -6648.54 0 0
2390000 358920 357125 0 -6369.77 0 0
2400000 359025 358175 0 -5312.32 0 0
2410000 359745 357084 0 -4527.39 0 0
2420000 359924 357116 0 -4764.23 0 0
2430000 360001 356385 0 -3695.14 0 0
2440000 360064 356441 0 -4172.17 0 0
2450000 360146 356691 0 -3968.97 0 0
2460000 359615 357510 0 -2385.85 0 0
2470000 358799 358013 0 -1829.16 0 0
2480000 360344 357667 0 -2052.71 0 0
2490000 360210 357030 0 -1589.08 0 0
2500000 359346 357589 0 -946.485 0 0
2510000 359684 356808 0 -1140.25 0 0
2520000 359845 357587 0 168.087 0 0
2530000 360490 356392 0 1190.71 0 0
2540000 359916 357212 0 1107.71 0 0
2550000 359947 357868 0 1607.11 0 0
2560000 359799 357269 0 2542.01 0 0
2570000 359985 356790 0 2493.12 0 0
2580000 359563 357018 0 1849.96 0 0
2590000 360718 356757 0 2812.03 0 0
2600000 359635 357200 0 3443.48 0 0
2610000 359773 357585 0 4274.91 0 0
2620000 359376 358120 0 4723.7 0 0
2630000 359927 356615 0 4200.88 0 0
2640000 359490 356661 0 5291.07 0 0
2650000 360032 355993 0 4846.98 0 0
2660000 359156 356918 0 5959.81 0 0
2670000 360912 356041 0 5440.6 0 0
2680000 360579 356783 0 6129.59 0 0
2690000 360842 356522 0 5582.04 0 0
2700000 359774 357382 0 6813.82 0 0
2710000 360420 357619 0 6278.12 0 0
2720000 359779 357020 0 5917.21 0 0
2730000 360384 356990 0 6283.02 0 0
2740000 359613 357291 0 6408.29 0 0
2750000 359776 356490 0 6982.11 0 0
2760000 359271 357271 0 5618.44 0 0
2770000 360346 356544 0 6499.08 0 0
2780000 360719 356473 0 6247.31 0 0
2790000 360141 357813 0 6619.74 0 0
2800000 359954 356421 0 6372.41 0 0
2810000 359920 356424 0 5735.65 0 0
2820000 360475 356991 0 5625.17 0 0
2830000 359331 356714 0 5485.01 0 0
2840000 360728 355578 0 4589.08 0 0
2850000 359737 356832 0 4134.75 0 0
2860000 360134 356856 0 3941.35 0 0
2870000 360206 356386 0 4181.29 0 0
2880000 359818 356098 0 4106.74 0 0
2890000 359840 356153 0 3778.52 0 0
2900000 360204 357078 0 3883.33 0 0
2910000 358782 357940 0 2697.11 0 0
2920000 359008 357448 0 2759.09 0 0
2930000 360314 356664 0 1316.54 0 0
2940000 360990 356119 0 984.215 0 0
2950000 359712 357158 0 963.579 0 0
2960000 359860 357341 0 -53.0709 0 0
2970000 359686 357729 0 34.6409 0 0
2980000 359426 357785 0 -1336.32 0 0
2990000 358890 357183 0 -763.781 0 0
3000000 359806 357406 0 -1479.88 0 0
3010000 359510 357005 0 -2449.94 0 0
3020000 359927 357174 0 -2797.16 0 0
3030000 358901 357828 0 -2595.24 0 0
3040000 360018 356612 0 -3428.93 0 0
3050000 360658 357155 0 -4662.23 0 0
3060000 360572 356382 0 -5100.16 0 0
3070000 360888 356840 0 -5812.28 0 0
3080000 360540 355821 0 -5649.11 0 0
3090000 359189 357642 0 -6579.21 0 0
3100000 358911 358018 0 -5858.22 0 0
3110000 359272 357183 0 -6479.09 0 0
3120000 359029 357298 0 -7319.04 0 0
3130000 359610 356911 0 -7973.73 0 0
3140000 359891 357186 0 -7994.18 0 0
3150000 359198 357990 0 -8364.41 0 0
3160000 360045 357460 0 -8484.62 0 0
3170000 358931 358240 0 -8455.88 0 0
3180000 359417 357353 0 -9197.75 0 0
3190000 360689 357030 0 -8240.12 0 0
3200000 358868 358808 0 -8913.57 0 0
3210000 359856 356452 0 -8281.98 0 0
3220000 360000 357216 0 -9066.71 0 0
3230000 360538 357068 0 -8574.03 0 0
3240000 359872 358312 0 -10161.4 0 0
3250000 361067 356716 0 -8240.76 0 0
3260000 361266 356760 0 -9690.94 0 0
3270000 361197 357171 0 -8590.03 0 0
3280000 361377 356364 0 -8221.52 0 0
3290000 361178 356815 0 -8683.39 0 0
3300000 360466 357518 0 -9266.39 0 0
3310000 360379 357444 0 -7267.34 0 0
3320000 360333 357700 0 -7125.11 0 0
3330000 360247 357889 0 -7247.72 0 0
3340000 359635 357100 0 -6694.4 0 0
3350000 360080 358315 0 -6270.63 0 0
3360000 361587 357068 0 -7055.98 0 0
3370000 360143 357181 0 -6139.3 0 0
3380000 361166 356539 0 -4905.37 0 0
3390000 360757 356416 0 -2942.82 0 0
3400000 359728 356830 0 -4381.31 0 0
3410000 360854 357389 0 -2742.65 0 0
3420000 360711 357057 0 -4028.98 0 0
3430000 359412 358230 0 -3649.04 0 0
3440000 359873 357450 0 -2367.21 0 0
3450000 360120 357447 0 -2614.38 0 0
3460000 360423 357162 0 -1585 0 0
3470000 359794 356996 0 -2451.36 0 0
3480000 358547 357083 0 -1093.94 0 0
3490000 360560 357007 0 -248.845 0 0
3500000 359516 357315 0 -840.991 0 0
3510000 360446 356732 0 -1091.97 0 0
3520000 360463 357234 0 370.377 0 0
3530000 360338 357521 0 466.376 0 0
3540000 359695 357083 0 1107.04 0 0
3550000 360067 357055 0 1489.12 0 0
3560000 360017 357171 0 2190.54 0 0
3570000 359108 357432 0 2546.12 0 0
3580000 359887 357577 0 3330.6 0 0
3590000 359765 357821 0 3307.24 0 0
3600000 359579 356920 0 4183.83 0 0
3610000 358886 356904 0 3918.4 0 0
3620000 359740 357532 0 4668.1 0 0
3630000 359871 357202 0 4964.36 0 0
3640000 360277 356899 0 5234.08 0 0
3650000 359237 357198 0 5091.26 0 0
3660000 359650 357047 0 5688.82 0 0
3670000 359001 358413 0 5816.72 0 0
3680000 360237 357447 0 6046.38 0 0
3690000 360397 357246 0 6315.97 0 0
3700000 359589 357230 0 7486.83 0 0
3710000 359773 356708 0 6870.68 0 0
3720000 360083 356929 0 7146.24 0 0
3730000 360864 357320 0 7530.19 0 0
3740000 359111 356825 0 6992.31 0 0
3750000 359918 358050 0 6714.97 0 0
3760000 360278 356688 0 7341.91 0 0
3770000 358517 358051 0 6357.9 0 0
3780000 359198 357875 0 6493.41 0 0
3790000 358831 357547 0 6494.45 0 0
3800000 359945 357109 0 7495.79 0 0
3810000 359786 357603 0 6795.3 0 0
3820000 359573 357494 0 6504.11 0 0
3830000 360181 357592 0 5957.29 0 0
3840000 359942 357448 0 6459.68 0 0
3850000 359792 357306 0 6452.88 0 0
3860000 359256 358411 0 5336.17 0 0
3870000 359606 357825 0 5949.42 0 0
3880000 359520 358025 0 4738.76 0 0
3890000 359690 357031 0 4458.95 0 0
3900000 360448 356608 0 3032.84 0 0
3910000 360197 357149 0 3431.52 0 0
3920000 360408 356984 0 3457.35 0 0
3930000 359658 357467 0 1472.55 0 0
3940000 360087 356482 0 1516.4 0 0
3950000 360051 357041 0 262.356 0 0
3960000 360089 358416 0 1842.64 0 0
3970000 360252 357109 0 -445.213 0 0
3980000 360054 357043 0 -327.513 0 0
3990000 360357 357647 0 -22.3673 0 0
4000000 359695 357732 0 -818.412 0 0
4010000 360230 357212 0 -1326.86 0 0
4020000 359813 358028 0 -1564.16 0 0
4030000 359398 357193 0 -1764.04 0 0
4040000 360578 357670 0 -2626.68 0 0
4050000 359439 357711 0 -3132.4 0 0
4060000 359013 358295 0 -2885.38 0 0
4070000 359652 357907 0 -5162.59 0 0
4080000 359423 357570 0 -4695.89 0 0
4090000 359698 358577 0 -5070.66 0 0
4100000 359593 357698 0 -5417.07 0 0
4110000 359746 357714 0 -6102.19 0 0
4120000 360254 357418 0 -5985.46 0 0
4130000 360018 356331 0 -6431.4 0 0
4140000 360444 356715 0 -6262.05 0 0
4150000 361488 357178 0 -7574.36 0 0
4160000 359654 357637 0 -8878.23 0 0
4170000 359867 357498 0 -8248.61 0 0
4180000 360267 358426 0 -7571.06 0 0
4190000 359770 357637 0 -8130.45 0 0
4200000 359772 358102 0 -8444.97 0 0
4210000 359670 358370 0 -9014.99 0 0
4220000 359648 358411 0 -7740.2 0 0
4230000 359462 357249 0 -8082.31 0 0
4240000 359707 358167 0 -8018.44 0 0
4250000 359601 358200 0 -7882.14 0 0
4260000 359399 358179 0 -8359.21 0 0
4270000 359699 357668 0 -7673.69 0 0
4280000 359775 359500 0 -7484.07 0 0
4290000 359486 358363 0 -8110.39 0 0
4300000 360470 358021 0 -8231.02 0 0
4310000 358917 357949 0 -7613.56 0 0
4320000 359422 358330 0 -7140.6 0 0
4330000 360457 357745 0 -7426.47 0 0
4340000 360196 357735 0 -6545.27 0 0
4350000 359503 357295 0 -7368.71 0 0
4360000 359084 357808 0 -6033.47 0 0
4370000 360230 357891 0 -6308.64 0 0
4380000 360473 357331 0 -5593.68 0 0
4390000 358759 357105 0 -5570.05 0 0
4400000 360079 357161 0 -4684.86 0 0
4410000 360828 357038 0 -4661.82 0 0
4420000 359476 357947 0 -3553.51 0 0
4430000 359882 357526 0 -3714.82 0 0
4440000 359885 356899 0 -3638.37 0 0
4450000 358814 357781 0 -3095.01 0 0
4460000 358819 358651 0 -2329.78 0 0
4470000 359116 357925 0 -2760.08 0 0
4480000 359137 358168 0 -1787.68 0 0
4490000 359151 357898 0 -2038.5 0 0
4500000 360040 357784 0 -610.084 0 0
4510000 359622 357656 0 -481.939 0 0
4520000 359245 357838 0 309.243 0 0
4530000 359490 358082 0 1043.55 0 0
4540000 359436 357558 0 1245.83 0 0
4550000 359924 357488 0 1070.36 0 0
4560000 360744 356851 0 1456.52 0 0
4570000 359601 357286 0 1876.74 0 0
4580000 359179 357581 0 2265.19 0 0
4590000 360840 356868 0 3354.24 0 0
4600000 360238 356858 0 3125.79 0 0
4610000 359486 357211 0 3942.13 0 0
4620000 360099 357490 0 4294.27 0 0
4630000 360348 356820 0 4849.77 0 0
4640000 359976 357994 0 5106.29 0 0
4650000 359543 357559 0 5560.26 0 0
4660000 358828 357146 0 5748.96 0 0
4670000 359512 357348 0 6256.32 0 0
4680000 360016 357489 0 6317.39 0 0
4690000 360640 357170 0 7071.65 0 0
4700000 360460 357392 0 6669.16 0 0
4710000 359862 358127 0 7278.87 0 0
4720000 360290 356807 0 6551.57 0 0
4730000 359347 358099 0 7246.49 0 0
4740000 360801 356796 0 7084.77 0 0
4750000 360360 357994 0 7874.55 0 0
4760000 359542 357927 0 6829.66 0 0
4770000 360723 355586 0 7107.93 0 0
4780000 360395 356826 0 6449.92 0 0
4790000 358894 357693 0 6293.63 0 0
4800000 358971 358983 0 7147 0 0
4810000 360352 357595 0 6428.3 0 0
4820000 359780 357576 0 6220.26 0 0
4830000 360092 358132 0 6632.21 0 0
4840000 359530 358111 0 4921.46 0 0
4850000 360077 357573 0 4822.44 0 0
4860000 359801 357479 0 5611.84 0 0
4870000 359791 358428 0 5631.35 0 0
4880000 360360 357448 0 4752.8 0 0
4890000 358796 358565 0 4417.46 0 0
4900000 360340 357048 0 3949.69 0 0
4910000 359991 357067 0 3887.98 0 0
4920000 360612 358136 0 3493.21 0 0
4930000 360512 358030 0 2805.41 0 0
4940000 359501 358691 0 1037.89 0 0
4950000 359595 357107 0 1396.39 0 0
4960000 359412 357304 0 174.181 0 0
4970000 360119 358436 0 -220.752 0 0
4980000 359298 357945 0 -526.971 0 0
4990000 359058 358040 0 -967.654 0 0
5000000 359215 358211 0 -1415.26 0 0
