# Time-averaged data for fix ps1
# TimeStep c_thermo_press[1] c_thermo_press[2] c_thermo_press[3] c_thermo_press[4] c_thermo_press[5] c_thermo_press[6]
10000 382874 382953 0 -1659.17 0 0
20000 381788 382863 0 -554.05 0 0
30000 380619 384294 0 306.638 0 0
40000 378482 385633 0 -1164.85 0 0
50000 380867 382401 0 -1272.86 0 0
60000 382442 380846 0 -1739.82 0 0
70000 381652 381568 0 -3606.54 0 0
80000 381825 381631 0 -114.113 0 0
90000 380147 382484 0 -3136.58 0 0
100000 381953 380789 0 -2172.96 0 0
110000 382000 380836 0 -2061.33 0 0
120000 378568 383691 0 -3841.92 0 0
130000 382613 379489 0 -1980.51 0 0
140000 381648 382254 0 -3840.93 0 0
150000 382901 381079 0 -2784.75 0 0
160000 381994 382036 0 -2303.81 0 0
170000 381531 383346 0 -2748.63 0 0
180000 382631 382054 0 -1207.88 0 0
190000 382387 381823 0 -2522.34 0 0
200000 384381 381966 0 -3645.5 0 0
210000 382013 382296 0 -1687.88 0 0
220000 381388 381895 0 -501.239 0 0
230000 383091 382577 0 -2815.33 0 0
240000 381531 382520 0 -1319.29 0 0
250000 381707 382983 0 -2308.51 0 0
260000 378887 384655 0 -3239.35 0 0
270000 382034 383854 0 -78.6382 0 0
280000 381283 380787 0 -1894.22 0 0
290000 381582 382785 0 -1236.03 0 0
300000 382718 381264 0 -290.896 0 0
310000 381880 383071 0 10.5369 0 0
320000 383617 380873 0 114.618 0 0
330000 381902 381922 0 -796.398 0 0
340000 383486 381565 0 -837.921 0 0
350000 383247 380757 0 -729.736 0 0
360000 384458 379669 0 -2541.99 0 0
370000 383201 381311 0 -2337.99 0 0
380000 382334 382136 0 1350.76 0 0
390000 380378 383332 0 1124.74 0 0
400000 383122 381546 0 1116.77 0 0
410000 384265 382018 0 284.334 0 0
420000 383353 381073 0 1324.34 0 0
430000 383517 381794 0 877.143 0 0
440000 382475 381819 0 1832.5 0 0
450000 383458 381547 0 432.377 0 0
460000 383603 381554 0 -1560.17 0 0
470000 382535 382545 0 -589.214 0 0
480000 382758 383281 0 1096.75 0 0
490000 382705 382637 0 1420.05 0 0
500000 380039 384822 0 -756.273 0 0
510000 379879 385709 0 -1603.54 0 0
520000 382154 382609 0 -15.4208 0 0
530000 382511 380591 0 2235.36 0 0
540000 381667 384470 0 -1805.37 0 0
550000 379629 383929 0 28.7504 0 0
560000 379352 386655 0 608.662 0 0
570000 380375 383025 0 1694.54 0 0
580000 378113 384465 0 2043.09 0 0
590000 379116 385137 0 780.281 0 0
600000 381646 382335 0 1877.17 0 0
610000 380029 383199 0 3182.02 0 0
620000 381494 382539 0 2101.6 0 0
630000 380245 383774 0 2928.64 0 0
640000 381695 382628 0 3489.92 0 0
650000 382236 381327 0 5045.26 0 0
660000 382450 381195 0 3731.56 0 0
670000 383084 380844 0 3914.55 0 0
680000 379204 384993 0 1711.86 0 0
690000 377992 385765 0 2228.35 0 0
700000 381820 381008 0 3189.66 0 0
710000 378722 383248 0 647.549 0 0
720000 382084 383304 0 -367.505 0 0
730000 380252 384323 0 -2272.69 0 0
740000 379689 382899 0 81.5789 0 0
750000 381526 381948 0 1329.18 0 0
760000 381413 381716 0 1351.24 0 0
770000 384240 381657 0 -2917.39 0 0
780000 382827 381647 0 -944.043 0 0
790000 383529 381058 0 -2043.93 0 0
800000 383658 381847 0 1506.05 0 0
810000 382313 382063 0 529.035 0 0
820000 380803 384195 0 235.299 0 0
830000 383267 380849 0 -2300.4 0 0
840000 382401 381011 0 -1391.08 0 0
850000 383125 380387 0 -185.283 0 0
860000 382606 381377 0 -1882.2 0 0
870000 384230 380676 0 -1242.64 0 0
880000 381874 381656 0 -1178.28 0 0
890000 381871 381689 0 -520.171 0 0
900000 382605 380852 0 -1831.56 0 0
910000 385417 378998 0 -1310.99 0 0
920000 382675 382639 0 -1620.09 0 0
930000 381068 382818 0 -240.504 0 0
940000 381653 382771 0 495.943 0 0
950000 381525 382488 0 1148.14 0 0
960000 382152 381493 0 299.483 0 0
970000 382511 382803 0 -1486.28 0 0
980000 379520 384919 0 2397.76 0 0
990000 380675 384435 0 309.762 0 0
1000000 381274 382389 0 686.93 0 0
1010000 380473 382782 0 -1006.93 0 0
1020000 380793 381997 0 -1362.75 0 0
1030000 382047 381905 0 -791.344 0 0
1040000 381472 381907 0 391.999 0 0
1050000 382049 382356 0 -83.589 0 0
1060000 381481 381265 0 -1029.88 0 0
1070000 379435 382077 0 -626.209 0 0
1080000 378971 383511 0 -453.129 0 0
1090000 377954 384497 0 1183.88 0 0
1100000 379488 383252 0 2416.8 0 0
1110000 380482 381655 0 308.983 0 0
1120000 380353 381285 0 -388.118 0 0
1130000 380401 383004 0 740.967 0 0
1140000 380902 381397 0 183.838 0 0
1150000 381047 382104 0 -745.46 0 0
1160000 380068 383009 0 -72.1283 0 0
1170000 382120 381572 0 -1264.59 0 0
1180000 379938 382217 0 -1926.85 0 0
1190000 380912 383100 0 -2647.96 0 0
1200000 382176 382353 0 -6150.17 0 0
1210000 381245 380756 0 -5095.89 0 0
1220000 380828 380643 0 -3238.41 0 0
1230000 379419 382829 0 -3579.23 0 0
1240000 381159 381169 0 -1630.5 0 0
1250000 381399 381531 0 -1538.94 0 0
1260000 383070 381167 0 -2293.91 0 0
1270000 382435 380558 0 -1127.52 0 0
1280000 381846 382240 0 -555.685 0 0
1290000 379178 384201 0 -2480.27 0 0
1300000 380387 383955 0 -1857.72 0 0
1310000 380151 383436 0 -466.582 0 0
1320000 382460 382115 0 166.008 0 0
1330000 380245 383089 0 493.095 0 0
1340000 377607 385858 0 444.574 0 0
1350000 380380 384077 0 -1035.87 0 0
1360000 379756 382898 0 -445.853 0 0
1370000 378085 384434 0 270.118 0 0
1380000 382758 380531 0 155.576 0 0
1390000 379677 384107 0 -39.3316 0 0
1400000 379394 384814 0 458.296 0 0
1410000 379687 383743 0 1957.65 0 0
1420000 380362 382523 0 2752.85 0 0
1430000 381928 382152 0 3368.7 0 0
1440000 381188 383508 0 1206.39 0 0
1450000 380906 382652 0 1571 0 0
1460000 381610 381579 0 2433.02 0 0
1470000 379720 383420 0 -448.63 0 0
1480000 381911 381318 0 -75.7944 0 0
1490000 380165 384004 0 135.563 0 0
1500000 381957 381134 0 2219.57 0 0
1510000 380599 383418 0 3052.8 0 0
1520000 380876 383524 0 3037.08 0 0
1530000 381605 382132 0 2464.33 0 0
1540000 381464 382529 0 1366.19 0 0
1550000 381314 382974 0 3926.96 0 0
1560000 381368 383261 0 1441.09 0 0
1570000 381582 382169 0 621.249 0 0
1580000 380862 382684 0 3113.73 0 0
1590000 381098 383693 0 1104.44 0 0
1600000 380668 383379 0 4945.97 0 0
1610000 381398 383035 0 4067.08 0 0
1620000 379705 384043 0 1453.25 0 0
1630000 380985 384835 0 537.456 0 0
1640000 384171 379880 0 945.926 0 0
1650000 381208 383759 0 2287.55 0 0
1660000 381606 382312 0 2859.68 0 0
1670000 381271 383362 0 1774.93 0 0
1680000 383276 382405 0 2975.56 0 0
1690000 382772 380903 0 4013.35 0 0
1700000 382013 381952 0 2886.39 0 0
1710000 381005 381973 0 1761.57 0 0
1720000 380651 382416 0 737.529 0 0
1730000 383381 380969 0 940.041 0 0
1740000 383640 381442 0 1293.1 0 0
1750000 383273 381737 0 430.101 0 0
1760000 380593 383843 0 2535.73 0 0
1770000 381849 384441 0 1439.98 0 0
1780000 382336 382431 0 -107.11 0 0
1790000 382725 382341 0 1298.51 0 0
1800000 381794 382350 0 -1160.92 0 0
1810000 382333 383501 0 16.1248 0 0
1820000 382236 381525 0 1147.57 0 0
1830000 382988 382167 0 1557.87 0 0
1840000 383223 382160 0 331.717 0 0
1850000 381701 381981 0 558.946 0 0
1860000 378011 386268 0 -779.774 0 0
1870000 380425 384403 0 -1307.55 0 0
1880000 380624 383629 0 -390.054 0 0
1890000 380849 382585 0 -703.109 0 0
1900000 381131 383775 0 -785.071 0 0
1910000 381540 382011 0 -972.015 0 0
1920000 379665 384387 0 -443.9 0 0
1930000 383151 381034 0 -3547.28 0 0
1940000 380038 383191 0 -2291.3 0 0
1950000 381519 382523 0 -3010.25 0 0
1960000 380725 383714 0 -2014.05 0 0
1970000 380765 383132 0 1252.66 0 0
1980000 382115 382385 0 -1705.22 0 0
1990000 380467 382354 0 -1386.87 0 0
2000000 381430 381994 0 -3248.79 0 0
2010000 379595 382450 0 -1600.57 0 0
2020000 381698 381596 0 -1197.41 0 0
2030000 382704 380983 0 -2309.54 0 0
2040000 384980 379004 0 -925.632 0 0
2050000 384831 380012 0 -2200.86 0 0
2060000 382332 381494 0 -1340.17 0 0
2070000 382474 380506 0 -2151.59 0 0
2080000 382452 380908 0 -1825.52 0 0
2090000 379292 386398 0 -802.33 0 0
2100000 382259 381994 0 -126.723 0 0
2110000 381761 382271 0 235.939 0 0
2120000 382165 382204 0 -1255.73 0 0
2130000 380881 384382 0 -576.264 0 0
2140000 381986 382953 0 -759.379 0 0
2150000 383601 382563 0 -2844.41 0 0
2160000 383112 383132 0 -3043.76 0 0
2170000 382056 383334 0 -1350.37 0 0
2180000 380347 384423 0 492.896 0 0
2190000 378713 387375 0 -931.145 0 0
2200000 380427 384016 0 -63.718 0 0
2210000 381805 383290 0 -1114.38 0 0
2220000 383195 382310 0 -835.331 0 0
2230000 382905 383333 0 -2524.77 0 0
2240000 384353 380717 0 -2591.18 0 0
2250000 382832 381958 0 2079.5 0 0
2260000 384337 382126 0 1424.18 0 0
2270000 383532 381707 0 -333.934 0 0
2280000 381938 382030 0 1702.54 0 0
2290000 382236 382072 0 703.445 0 0
2300000 383323 382348 0 2827.9 0 0
2310000 383271 382223 0 -868 0 0
2320000 382145 381720 0 -372.161 0 0
2330000 381814 382159 0 1160.99 0 0
2340000 383649 380604 0 1985.87 0 0
2350000 383460 382397 0 2044.74 0 0
2360000 383476 381681 0 1718.55 0 0
2370000 383880 381168 0 71.6382 0 0
2380000 381172 382088 0 1952.91 0 0
2390000 383247 381509 0 1683.1 0 0
2400000 382329 380083 0 2139.31 0 0
2410000 382711 382795 0 123.363 0 0
2420000 381767 383589 0 647.771 0 0
2430000 382965 382918 0 827.371 0 0
2440000 382054 380991 0 1281.53 0 0
2450000 381105 383228 0 1739.96 0 0
2460000 380465 382591 0 400.397 0 0
2470000 379350 384198 0 3210.65 0 0
2480000 380345 383269 0 2691.7 0 0
2490000 382048 382771 0 -567.391 0 0
2500000 381154 384050 0 1900.06 0 0
2510000 380508 384790 0 4330.13 0 0
2520000 379481 384922 0 3217.09 0 0
2530000 380045 384328 0 4065.05 0 0
2540000 378736 385669 0 4076.41 0 0
2550000 379081 384581 0 3383.51 0 0
2560000 378676 385923 0 4226.15 0 0
2570000 381029 384123 0 5688.12 0 0
2580000 380079 382911 0 4774.36 0 0
2590000 382015 382778 0 4063.99 0 0
2600000 380399 382633 0 4388.07 0 0
2610000 379099 385227 0 3191.98 0 0
2620000 379879 383560 0 4940.27 0 0
2630000 381865 380729 0 3611.32 0 0
2640000 382231 382803 0 2970.9 0 0
2650000 382726 383675 0 1466.68 0 0
2660000 381267 381358 0 1722.21 0 0
2670000 381339 383668 0 2902.91 0 0
2680000 382995 382952 0 620.849 0 0
2690000 383322 382886 0 1073.83 0 0
2700000 383682 381971 0 -480.996 0 0
2710000 382684 383735 0 728.512 0 0
2720000 381811 383825 0 -216.081 0 0
2730000 380219 383951 0 -272.208 0 0
2740000 384037 382403 0 67.4243 0 0
2750000 384361 381778 0 200.26 0 0
2760000 384032 380639 0 940.303 0 0
2770000 384424 380579 0 229.485 0 0
2780000 382264 382815 0 1512.62 0 0
2790000 382835 382465 0 2973.68 0 0
2800000 382153 383973 0 845.656 0 0
2810000 380825 382925 0 2902.71 0 0
2820000 381982 382430 0 2283.73 0 0
2830000 381306 382726 0 1393.47 0 0
2840000 381629 382871 0 1957.2 0 0
2850000 380589 382831 0 688.441 0 0
2860000 382191 380677 0 997.92 0 0
2870000 382071 383101 0 284.886 0 0
2880000 383987 380884 0 116.801 0 0
2890000 385644 380905 0 -1669.97 0 0
2900000 385157 380291 0 -1911.81 0 0
2910000 381873 383558 0 295.355 0 0
2920000 383241 380794 0 -2879.19 0 0
2930000 380657 383182 0 -210.171 0 0
2940000 384149 379903 0 -2527.13 0 0
2950000 382800 381966 0 -1420.87 0 0
2960000 382233 381093 0 -1486.74 0 0
2970000 382714 380092 0 -4818.26 0 0
2980000 382196 381209 0 -3069.27 0 0
2990000 383811 382305 0 -2958.51 0 0
3000000 383837 380555 0 -871.313 0 0
3010000 382978 380658 0 -1923.22 0 0
3020000 381535 383239 0 -1576.96 0 0
3030000 382295 381662 0 -2143.78 0 0
3040000 383310 381586 0 -4207.82 0 0
3050000 381661 383324 0 -5328.49 0 0
3060000 382214 383425 0 -6058.04 0 0
3070000 382292 381556 0 -4334.58 0 0
3080000 383181 382685 0 -2788.26 0 0
3090000 382493 382057 0 -3312.93 0 0
3100000 382941 381899 0 -3881.66 0 0
3110000 383384 381953 0 -6574.31 0 0
3120000 384881 381016 0 -4562.17 0 0
3130000 383464 381144 0 -6593.77 0 0
3140000 382058 382714 0 -1462.15 0 0
3150000 381057 384748 0 -3351.29 0 0
3160000 382811 382178 0 -3549.49 0 0
3170000 383865 381988 0 -3839.73 0 0
3180000 383566 382717 0 -3404.56 0 0
3190000 380374 385105 0 -1603.57 0 0
3200000 381123 382959 0 -2048.69 0 0
3210000 380952 384516 0 -173.15 0 0
3220000 384238 381546 0 -2221.5 0 0
3230000 381037 384642 0 -2572.91 0 0
3240000 383206 383524 0 -3416.98 0 0
3250000 379764 385005 0 -850.077 0 0
3260000 380923 386029 0 -3539.05 0 0
3270000 380925 383127 0 -1639.31 0 0
3280000 381461 384654 0 -1129.23 0 0
3290000 384251 381418 0 90.0967 0 0
3300000 383182 384044 0 -950.321 0 0
3310000 382414 382601 0 -657.786 0 0
3320000 384583 380131 0 -294.272 0 0
3330000 384009 380950 0 -1041.4 0 0
3340000 383193 381033 0 596.022 0 0
3350000 385553 379871 0 -1184.96 0 0
3360000 380718 383431 0 859.697 0 0
3370000 381429 383913 0 2714.11 0 0
3380000 380294 385154 0 721.134 0 0
3390000 380397 384277 0 341.683 0 0
3400000 380038 386245 0 786.546 0 0
3410000 378123 386345 0 1470.35 0 0
3420000 378331 386778 0 1498.65 0 0
3430000 380934 384172 0 -249.989 0 0
3440000 381569 382983 0 3148.63 0 0
3450000 381365 383007 0 2666.26 0 0
3460000 379924 385099 0 2230.35 0 0
3470000 382794 382664 0 1948.18 0 0
3480000 381422 382906 0 1463.83 0 0
3490000 380540 383966 0 2019.18 0 0
3500000 382902 381733 0 4285.22 0 0
3510000 382238 381281 0 1804.17 0 0
3520000 384827 381184 0 276.877 0 0
3530000 381211 384089 0 1634.41 0 0
3540000 381686 384337 0 3138.42 0 0
3550000 380721 383444 0 3489.26 0 0
3560000 381799 382717 0 81.0841 0 0
3570000 381883 382717 0 1100.85 0 0
3580000 380994 383225 0 2856.26 0 0
3590000 381516 384277 0 3106.66 0 0
3600000 381945 382899 0 2613.29 0 0
3610000 379832 385925 0 -1184.79 0 0
3620000 381879 383505 0 -511.825 0 0
3630000 381438 383362 0 611.51 0 0
3640000 381928 383715 0 -493.035 0 0
3650000 381413 383185 0 -616.875 0 0
3660000 381456 383518 0 451.497 0 0
3670000 379893 385232 0 -417.835 0 0
3680000 379036 385325 0 -624.776 0 0
3690000 381319 383851 0 -1573.84 0 0
3700000 379627 385229 0 -629.287 0 0
3710000 379792 384391 0 -43.6057 0 0
3720000 381304 383110 0 -1322.53 0 0
3730000 380578 383969 0 -727.018 0 0
3740000 382067 382897 0 365.861 0 0
3750000 383323 382751 0 989.373 0 0
3760000 384058 381777 0 -21.6394 0 0
3770000 384485 381730 0 -1597.65 0 0
3780000 382338 382007 0 2423.44 0 0
3790000 383627 380753 0 -727.516 0 0
3800000 382791 382926 0 257.725 0 0
3810000 381225 382082 0 387.636 0 0
3820000 382396 382189 0 1068.52 0 0
3830000 380675 383104 0 -1451.18 0 0
3840000 382175 381395 0 734.536 0 0
3850000 381716 383216 0 -129.762 0 0
3860000 382171 382178 0 1449.05 0 0
3870000 381875 383289 0 -377.931 0 0
3880000 381536 381331 0 -2173.73 0 0
3890000 380611 382569 0 -991.196 0 0
3900000 381730 381054 0 -674.718 0 0
3910000 386910 377184 0 877.967 0 0
3920000 383189 381421 0 -1311.25 0 0
3930000 382865 382856 0 -1476.98 0 0
3940000 384281 380774 0 -1286.18 0 0
3950000 382508 382001 0 -1591.62 0 0
3960000 380366 384218 0 -2158.61 0 0
3970000 382050 382628 0 -3821.96 0 0
3980000 382053 383207 0 -3064.14 0 0
3990000 382648 383533 0 -3821.89 0 0
4000000 383210 382511 0 -1793.26 0 0
4010000 381815 383563 0 -2446.76 0 0
4020000 382558 382640 0 -2024.39 0 0
4030000 382252 384967 0 -1912.75 0 0
4040000 382268 383905 0 -1785.06 0 0
4050000 384183 382625 0 -3316.49 0 0
4060000 382356 382936 0 -1915.42 0 0
4070000 382791 383201 0 -3012.11 0 0
4080000 382604 383807 0 -4070.63 0 0
4090000 383409 383589 0 -3797.03 0 0
4100000 380997 384344 0 -1266.73 0 0
4110000 384516 382476 0 -3258.84 0 0
4120000 382892 383850 0 -3847.81 0 0
4130000 383189 383542 0 -1457.47 0 0
4140000 382562 384521 0 -1651.18 0 0
4150000 382984 382286 0 -2341.29 0 0
4160000 385191 382229 0 -2197.37 0 0
4170000 384890 381367 0 -1060.77 0 0
4180000 385826 383008 0 -395.919 0 0
4190000 384538 382663 0 -1697.03 0 0
4200000 381949 384125 0 -3011.55 0 0
4210000 384210 382047 0 -1218.76 0 0
4220000 381932 384610 0 -1852.64 0 0
4230000 381468 386250 0 -2212.08 0 0
4240000 382760 384894 0 -4291.05 0 0
4250000 384341 381619 0 -2736.38 0 0
4260000 385631 380706 0 -2859.4 0 0
4270000 382723 384151 0 -2201.6 0 0
4280000 381318 384539 0 -2545.76 0 0
4290000 381496 383651 0 -294.101 0 0
4300000 382155 383110 0 95.1831 0 0
4310000 380402 386843 0 -735.584 0 0
4320000 382509 382572 0 1915.04 0 0
4330000 383963 382213 0 643.696 0 0
4340000 383482 382797 0 3012.26 0 0
4350000 381594 382357 0 -411.396 0 0
4360000 381625 383757 0 -621.176 0 0
4370000 382038 383246 0 286.667 0 0
4380000 381499 383093 0 -1986.58 0 0
4390000 380897 383897 0 -1627.48 0 0
4400000 383227 383981 0 -102.905 0 0
4410000 382770 384565 0 -3760.34 0 0
4420000 381666 382969 0 -607.18 0 0
4430000 382448 381405 0 -1671.97 0 0
4440000 381178 383201 0 -772.286 0 0
4450000 383067 381603 0 1676.25 0 0
4460000 383620 380844 0 -1437.16 0 0
4470000 384444 383054 0 -872.688 0 0
4480000 382826 383223 0 122.788 0 0
4490000 382116 384486 0 -0.967054 0 0
4500000 381803 381894 0 -404.378 0 0
4510000 384181 381342 0 1561.16 0 0
4520000 381967 382072 0 -1093.45 0 0
4530000 382262 383856 0 -3564.9 0 0
4540000 383685 383359 0 -37.7209 0 0
4550000 379917 383950 0 1580.31 0 0
4560000 383871 381016 0 1874.02 0 0
4570000 380141 384975 0 400.219 0 0
4580000 382365 384244 0 1270.75 0 0
4590000 385347 380609 0 -892.035 0 0
4600000 384601 381621 0 -1660.84 0 0
4610000 382159 383631 0 -2496.69 0 0
4620000 383577 383551 0 -1299.8 0 0
4630000 383085 383315 0 347.689 0 0
4640000 382835 383582 0 -627.006 0 0
4650000 381650 384416 0 1115.93 0 0
4660000 383287 382728 0 772.295 0 0
4670000 384228 380883 0 247.609 0 0
4680000 385471 380964 0 1444.34 0 0
4690000 384303 380288 0 2245.53 0 0
4700000 384506 381751 0 949.012 0 0
4710000 384786 380620 0 1265.28 0 0
4720000 382945 382475 0 200.915 0 0
4730000 381109 384519 0 78.901 0 0
4740000 381613 382428 0 1417.05 0 0
4750000 381441 382998 0 381.637 0 0
4760000 383801 380718 0 864.966 0 0
4770000 381795 382773 0 590.369 0 0
4780000 383706 381769 0 1461.07 0 0
4790000 381672 383418 0 2244.7 0 0
4800000 385095 380166 0 1273.96 0 0
4810000 382268 381551 0 354.645 0 0
4820000 383953 381113 0 -475.118 0 0
4830000 383763 379954 0 1166.58 0 0
4840000 383874 379777 0 284.245 0 0
4850000 385236 379603 0 895.645 0 0
4860000 383166 382041 0 -2740.67 0 0
4870000 384143 381434 0 1326.07 0 0
4880000 384168 382824 0 183.63 0 0
4890000 384272 380007 0 773.643 0 0
4900000 385590 378345 0 -2114.76 0 0
4910000 385189 379505 0 -780.472 0 0
4920000 383811 380493 0 -2723.19 0 0
4930000 384371 380931 0 -1601.83 0 0
4940000 385733 381112 0 -387.665 0 0
4950000 383209 383015 0 -773.376 0 0
4960000 384489 380546 0 -974.764 0 0
4970000 384205 380999 0 122.604 0 0
4980000 383637 382022 0 -332.968 0 0
4990000 383710 381146 0 -715.525 0 0
5000000 384534 378943 0 -1377.68 0 0
