# Time-averaged data for fix ps1
# TimeStep c_thermo_press[1] c_thermo_press[2] c_thermo_press[3] c_thermo_press[4] c_thermo_press[5] c_thermo_press[6]
10000 363249 361870 0 -2315.79 0 0
20000 364615 360948 0 -2038.4 0 0
30000 363761 360660 0 -3018.28 0 0
40000 362455 362134 0 -3443.57 0 0
50000 362772 361740 0 -4541.74 0 0
60000 363279 361877 0 -3182.5 0 0
70000 363052 362016 0 -5638.62 0 0
80000 363086 361868 0 -6175.72 0 0
90000 364104 360610 0 -6139.47 0 0
100000 362972 362127 0 -6330.51 0 0
110000 362935 362494 0 -7079.21 0 0
120000 364163 360951 0 -7785.97 0 0
130000 364075 362472 0 -6050.41 0 0
140000 363939 361861 0 -8362.31 0 0
150000 364135 360614 0 -8361.63 0 0
160000 363402 362256 0 -9388.34 0 0
170000 363486 362755 0 -8367.52 0 0
180000 363928 361970 0 -8675.86 0 0
190000 363974 361662 0 -7805.47 0 0
200000 363855 361729 0 -8571.95 0 0
210000 364907 360030 0 -8578.41 0 0
220000 362963 362768 0 -9839.55 0 0
230000 363283 361815 0 -8844.29 0 0
240000 364327 360946 0 -8008.46 0 0
250000 363205 362994 0 -7513.26 0 0
260000 362335 363552 0 -8331.51 0 0
270000 362515 363358 0 -8735.55 0 0
280000 362648 363217 0 -8714.07 0 0
290000 362710 363445 0 -8825.15 0 0
300000 362439 363645 0 -8068.17 0 0
310000 362490 363150 0 -8626.01 0 0
320000 363173 362557 0 -7974.93 0 0
330000 363037 362060 0 -7672.76 0 0
340000 362658 362735 0 -8703.81 0 0
350000 363231 363351 0 -6512.66 0 0
360000 363377 362081 0 -7213.57 0 0
370000 363591 362541 0 -6198.42 0 0
380000 362239 362439 0 -6717.57 0 0
390000 362840 363227 0 -6479.72 0 0
400000 363109 362652 0 -4869.26 0 0
410000 362319 362784 0 -5345.68 0 0
420000 362939 362701 0 -5060.83 0 0
430000 362542 362646 0 -4786.75 0 0
440000 361867 363984 0 -4073.09 0 0
450000 363109 363780 0 -3068.62 0 0
460000 362598 363082 0 -2982.37 0 0
470000 362123 363247 0 -2041.73 0 0
480000 362649 361665 0 -2253.07 0 0
490000 362247 363069 0 -686.216 0 0
500000 362534 362767 0 -1048.79 0 0
510000 362851 362897 0 -1443.61 0 0
520000 361601 362906 0 -586.688 0 0
530000 363314 361665 0 -1162.15 0 0
540000 363478 362275 0 -1085.29 0 0
550000 363061 362560 0 -35.8432 0 0
560000 362712 362391 0 1706.39 0 0
570000 362620 362390 0 2114.93 0 0
580000 363139 361776 0 2221.89 0 0
590000 362773 361987 0 1901.44 0 0
600000 362500 362617 0 1906.93 0 0
610000 364331 360339 0 2027.34 0 0
620000 363058 361685 0 3200.13 0 0
630000 363569 362236 0 3263.12 0 0
640000 363269 361499 0 3717.75 0 0
650000 363197 362234 0 3775.33 0 0
660000 362619 362899 0 4070.12 0 0
670000 361728 362862 0 3517.44 0 0
680000 362234 363267 0 4249.75 0 0
690000 362099 362599 0 4675.16 0 0
700000 362116 363471 0 3058.78 0 0
710000 361733 363043 0 3979.48 0 0
720000 362943 361531 0 3987.97 0 0
730000 362128 362454 0 4792.88 0 0
740000 363503 361572 0 4233.44 0 0
750000 362145 363323 0 5009.12 0 0
760000 361686 363466 0 4012.68 0 0
770000 363443 362025 0 4272.28 0 0
780000 362095 362473 0 5012.02 0 0
790000 362248 362559 0 4167.06 0 0
800000 362485 362671 0 3730.83 0 0
810000 362894 361024 0 3239.88 0 0
820000 362708 361726 0 4578.84 0 0
830000 363412 360511 0 4539.19 0 0
840000 363452 361060 0 4496.41 0 0
850000 362732 361640 0 3371.04 0 0
860000 363540 361133 0 3833.61 0 0
870000 362678 361861 0 2035.16 0 0
880000 363344 360878 0 2618.48 0 0
890000 362715 361168 0 3109.38 0 0
900000 363131 361402 0 3656.58 0 0
910000 363823 361107 0 669.785 0 0
920000 362917 362074 0 659.905 0 0
930000 362815 361850 0 717.178 0 0
940000 362405 361841 0 -1477.28 0 0
950000 362867 362698 0 -162.776 0 0
960000 363640 361492 0 -167.035 0 0
970000 363025 361630 0 -608.057 0 0
980000 364481 361395 0 -639.302 0 0
990000 363558 361384 0 -2319.37 0 0
1000000 362783 362807 0 -1833.85 0 0
1010000 362877 362435 0 -745.383 0 0
1020000 364330 361852 0 -2094.64 0 0
1030000 364479 361143 0 -1824.2 0 0
1040000 363510 361487 0 -4325.61 0 0
1050000 362961 362747 0 -4794.56 0 0
1060000 363666 361062 0 -4534.84 0 0
1070000 363480 361904 0 -3989.93 0 0
1080000 363671 362415 0 -6477.02 0 0
1090000 363883 362379 0 -7217.04 0 0
1100000 363273 362088 0 -6994.66 0 0
1110000 363277 362477 0 -6181.07 0 0
1120000 362471 362988 0 -7354.8 0 0
1130000 363466 361475 0 -7007.55 0 0
1140000 364038 360814 0 -7676.29 0 0
1150000 362902 362167 0 -6859.58 0 0
1160000 362720 362048 0 -7991.82 0 0
1170000 364156 361504 0 -8460.3 0 0
1180000 364036 361217 0 -7913.36 0 0
1190000 365537 360692 0 -8643.54 0 0
1200000 363964 361126 0 -8710.22 0 0
1210000 364503 361020 0 -9858.39 0 0
1220000 363620 361914 0 -9518.13 0 0
1230000 363801 361251 0 -8723.87 0 0
1240000 364371 361343 0 -8527.41 0 0
1250000 364182 360733 0 -8680.51 0 0
1260000 363930 361459 0 -9925.81 0 0
1270000 364455 360651 0 -7810.21 0 0
1280000 363923 360912 0 -9485.37 0 0
1290000 365595 359265 0 -9192.19 0 0
1300000 363888 361866 0 -6807.55 0 0
1310000 363969 360753 0 -8483.94 0 0
1320000 364304 360544 0 -7884.8 0 0
1330000 364410 360779 0 -8737.77 0 0
1340000 364247 360879 0 -8435.06 0 0
1350000 364266 361588 0 -6932.3 0 0
1360000 364803 360461 0 -7253.47 0 0
1370000 364035 361053 0 -6161.56 0 0
1380000 364244 360464 0 -6713.34 0 0
1390000 363749 360639 0 -6606.23 0 0
1400000 365498 359084 0 -6121.07 0 0
1410000 363429 361523 0 -5440.72 0 0
1420000 364603 360219 0 -4400.42 0 0
1430000 363763 360891 0 -4349.36 0 0
1440000 364008 360540 0 -4329.76 0 0
1450000 364410 361409 0 -3630.44 0 0
1460000 363001 361195 0 -3650.22 0 0
1470000 363425 360737 0 -3401.56 0 0
1480000 363333 361815 0 -3333.75 0 0
1490000 363418 361173 0 -2763.18 0 0
1500000 363258 361656 0 -1647.82 0 0
1510000 364082 360866 0 -623.953 0 0
1520000 362516 362083 0 -1147.41 0 0
1530000 363379 361019 0 124.577 0 0
1540000 362937 361762 0 513.044 0 0
1550000 363669 360810 0 460.238 0 0
1560000 364514 360721 0 968.189 0 0
1570000 363069 361234 0 601.681 0 0
1580000 364127 361268 0 1244.21 0 0
1590000 363413 361982 0 2874.29 0 0
1600000 365110 359959 0 1859.02 0 0
1610000 364150 359529 0 2906.88 0 0
1620000 364850 359875 0 2685.52 0 0
1630000 364067 360403 0 2989.6 0 0
1640000 364269 360353 0 3420.9 0 0
1650000 364346 359410 0 4094.34 0 0
1660000 364599 360725 0 4820.49 0 0
1670000 365451 360104 0 3791.18 0 0
1680000 363928 360714 0 4394.21 0 0
1690000 363335 361225 0 3943.94 0 0
1700000 363517 360811 0 5497.91 0 0
1710000 363942 361327 0 4823.14 0 0
1720000 364754 359619 0 5330.56 0 0
1730000 364526 360562 0 3734.24 0 0
1740000 364059 360517 0 4125.92 0 0
1750000 365534 360677 0 3644.95 0 0
1760000 364832 360537 0 4785.74 0 0
1770000 365070 360297 0 4665.83 0 0
1780000 364389 360325 0 3545.43 0 0
1790000 362932 362768 0 3803.01 0 0
1800000 362243 362278 0 3243.79 0 0
1810000 363174 362129 0 3350.07 0 0
1820000 363637 360440 0 2945.01 0 0
1830000 364119 360853 0 2980.21 0 0
1840000 362370 361577 0 3006.21 0 0
1850000 363725 361453 0 3661.21 0 0
1860000 363516 361012 0 2073.33 0 0
1870000 364383 360745 0 1891.2 0 0
1880000 363287 361203 0 3000.01 0 0
1890000 363838 361437 0 1049.14 0 0
1900000 364978 360249 0 1308.04 0 0
1910000 363366 360686 0 2405.76 0 0
1920000 363810 361949 0 776.117 0 0
1930000 363418 362216 0 635.52 0 0
1940000 363795 360195 0 -592.665 0 0
1950000 364334 359779 0 1102.4 0 0
1960000 363048 360205 0 -1239.58 0 0
1970000 362697 360519 0 -1526.83 0 0
1980000 363305 361439 0 -914.915 0 0
1990000 362475 362356 0 -2248.22 0 0
2000000 363098 361634 0 -1773.17 0 0
2010000 363357 361764 0 -3348.46 0 0
2020000 364284 360758 0 -5002.34 0 0
2030000 364050 360019 0 -4376.96 0 0
2040000 364010 360403 0 -3666.53 0 0
2050000 364401 360352 0 -5309.24 0 0
2060000 365185 360446 0 -5600.69 0 0
2070000 363713 361791 0 -5819.2 0 0
2080000 363815 360525 0 -6966.61 0 0
2090000 363605 360875 0 -6256.48 0 0
2100000 362608 362353 0 -7960.11 0 0
2110000 363698 361936 0 -7311.95 0 0
2120000 364151 361027 0 -6826.53 0 0
2130000 362443 362134 0 -8300.72 0 0
2140000 363604 361588 0 -8985.31 0 0
2150000 362974 360980 0 -9516.83 0 0
2160000 362992 362674 0 -8814.27 0 0
2170000 363400 361572 0 -8874.96 0 0
2180000 362874 361445 0 -9718.81 0 0
2190000 364359 360245 0 -8308.65 0 0
2200000 363867 362280 0 -9224.93 0 0
2210000 363266 361638 0 -9234.31 0 0
2220000 362972 361624 0 -9187.33 0 0
2230000 363155 361630 0 -10418.8 0 0
2240000 364895 360379 0 -8586.05 0 0
2250000 363650 361405 0 -8902.34 0 0
2260000 365123 360439 0 -9537.67 0 0
2270000 363706 362136 0 -9307.63 0 0
2280000 363754 361746 0 -10414.6 0 0
2290000 363929 361441 0 -9637.84 0 0
2300000 362498 361849 0 -9726.04 0 0
2310000 364001 360526 0 -8884.91 0 0
2320000 364988 360539 0 -9091.5 0 0
2330000 364437 360490 0 -8172.61 0 0
2340000 364519 360830 0 -7494.69 0 0
2350000 364507 360569 0 -8293.68 0 0
2360000 363266 360969 0 -7195.38 0 0
2370000 363107 362266 0 -7848.51 0 0
2380000 363479 360975 0 -7675.07 0 0
2390000 363550 360460 0 -7041.56 0 0
2400000 363834 361244 0 -6065.97 0 0
2410000 363780 361189 0 -6244.45 0 0
2420000 363563 360636 0 -5528.88 0 0
2430000 363604 360559 0 -4918.19 0 0
2440000 364485 360968 0 -5797.61 0 0
2450000 363169 362088 0 -5446.51 0 0
2460000 364056 361803 0 -5232.32 0 0
2470000 363882 361691 0 -3134.49 0 0
2480000 362797 362015 0 -3541.23 0 0
2490000 363195 361301 0 -2933.97 0 0
2500000 363708 361833 0 -2934.35 0 0
2510000 363264 361265 0 -1254.14 0 0
2520000 363626 361800 0 -1575.88 0 0
2530000 363580 361292 0 -1270.56 0 0
2540000 362894 362293 0 -159.4 0 0
2550000 363383 361184 0 700.96 0 0
2560000 362437 362021 0 -835.142 0 0
2570000 364489 358717 0 720.445 0 0
2580000 364314 360695 0 -326.845 0 0
2590000 363601 361317 0 937.849 0 0
2600000 362898 361126 0 1582.45 0 0
2610000 363706 361147 0 1349.64 0 0
2620000 365122 360642 0 3191.98 0 0
2630000 363815 361090 0 2923.6 0 0
2640000 364541 360660 0 2766.02 0 0
2650000 363462 361174 0 3033.35 0 0
2660000 363400 360397 0 2447.42 0 0
2670000 363867 361189 0 3964.92 0 0
2680000 363061 361353 0 3944.44 0 0
2690000 363723 361848 0 3450.17 0 0
2700000 363477 361611 0 5019.22 0 0
2710000 363350 361162 0 3620.82 0 0
2720000 363225 362383 0 4071.48 0 0
2730000 363014 361142 0 4704.45 0 0
2740000 362982 361365 0 6126.45 0 0
2750000 362923 361547 0 5261.59 0 0
2760000 364982 360301 0 5357.64 0 0
2770000 364195 361257 0 3494.56 0 0
2780000 365484 360986 0 2789.49 0 0
2790000 364146 360385 0 4893.29 0 0
2800000 364422 361089 0 4358.17 0 0
2810000 363682 361007 0 3936.7 0 0
2820000 364873 360667 0 4356.24 0 0
2830000 364855 360636 0 2529.69 0 0
2840000 364922 360005 0 2605.72 0 0
2850000 364596 359683 0 3404.26 0 0
2860000 363745 361880 0 1992.19 0 0
2870000 364518 361098 0 1627.04 0 0
2880000 363949 360190 0 1688.75 0 0
2890000 364192 361502 0 1532.57 0 0
2900000 364794 360039 0 1127.95 0 0
2910000 363655 361357 0 1288.21 0 0
2920000 363936 361120 0 -57.0604 0 0
2930000 362663 362278 0 -799.612 0 0
2940000 364447 361528 0 -954.222 0 0
2950000 364548 360386 0 -1095.85 0 0
2960000 364538 360758 0 -3495.58 0 0
2970000 364187 361035 0 -2733.36 0 0
2980000 363662 361693 0 -4242.1 0 0
2990000 365049 360481 0 -3878.3 0 0
3000000 363270 361367 0 -3067.39 0 0
3010000 363195 361338 0 -4476.31 0 0
3020000 363502 363058 0 -4646.35 0 0
3030000 365416 359997 0 -5153.45 0 0
3040000 363823 361925 0 -5360.49 0 0
3050000 363696 361442 0 -5910.37 0 0
3060000 365310 360117 0 -7030.01 0 0
3070000 363644 361107 0 -6176.26 0 0
3080000 363377 362208 0 -8384.03 0 0
3090000 364448 361684 0 -7572.45 0 0
3100000 363848 361639 0 -8218.6 0 0
3110000 363645 362792 0 -8124.35 0 0
3120000 364530 361589 0 -7816.66 0 0
3130000 364093 362140 0 -6683.03 0 0
3140000 363867 361077 0 -8476.22 0 0
3150000 364875 360845 0 -9061.16 0 0
3160000 362884 362561 0 -8398.28 0 0
3170000 364734 362069 0 -9660.33 0 0
3180000 364119 360324 0 -9775.72 0 0
3190000 364221 361774 0 -9772.06 0 0
3200000 364649 361617 0 -8785.22 0 0
3210000 364864 361201 0 -11122.5 0 0
3220000 364468 361224 0 -10538.3 0 0
3230000 364514 361963 0 -8232.53 0 0
3240000 363569 361259 0 -9864.31 0 0
3250000 364808 361534 0 -9397.79 0 0
3260000 363781 361608 0 -8655.56 0 0
3270000 363107 361596 0 -8900.9 0 0
3280000 363488 362350 0 -9411.44 0 0
3290000 364557 361057 0 -8096.52 0 0
3300000 364643 361297 0 -8629.6 0 0
3310000 364151 361976 0 -7995.98 0 0
3320000 364118 361648 0 -8864.35 0 0
3330000 364124 361101 0 -8215.52 0 0
3340000 362717 361869 0 -8021.94 0 0
3350000 365017 360951 0 -8713.27 0 0
3360000 363194 362461 0 -7186.42 0 0
3370000 364171 361377 0 -7101.23 0 0
3380000 363593 361978 0 -6078.1 0 0
3390000 363305 361613 0 -6100.15 0 0
3400000 364310 361104 0 -6854.39 0 0
3410000 363882 361917 0 -5719.02 0 0
3420000 363728 361220 0 -4355.37 0 0
3430000 363142 361664 0 -4004.06 0 0
3440000 362927 361873 0 -3603.28 0 0
3450000 363619 360823 0 -2378.1 0 0
3460000 362678 361911 0 -2106.69 0 0
3470000 364002 361245 0 -1459.1 0 0
3480000 362501 362154 0 -1255.95 0 0
3490000 363533 360795 0 -1470.93 0 0
3500000 363230 360683 0 -260.161 0 0
3510000 363524 361167 0 -448.55 0 0
3520000 361732 362457 0 102.776 0 0
3530000 363161 362378 0 -48.736 0 0
3540000 362879 361397 0 804.478 0 0
3550000 363836 361324 0 1425.22 0 0
3560000 363602 361989 0 1765.11 0 0
3570000 364187 361969 0 1085.87 0 0
3580000 363083 362542 0 2469.13 0 0
3590000 363760 360975 0 2501.57 0 0
3600000 363032 361100 0 3999.07 0 0
3610000 362294 362143 0 3894.16 0 0
3620000 362843 361912 0 3230.1 0 0
3630000 363385 362437 0 4505.5 0 0
3640000 364292 360329 0 4102.75 0 0
3650000 363258 361401 0 4712.67 0 0
3660000 363506 361830 0 3969.21 0 0
3670000 363134 361909 0 4237.36 0 0
3680000 362877 362178 0 3838.04 0 0
3690000 364160 360713 0 3088.1 0 0
3700000 363364 361370 0 3803.67 0 0
3710000 362766 361412 0 2592.24 0 0
3720000 363080 361662 0 3325 0 0
3730000 363764 360467 0 3492.75 0 0
3740000 363909 361401 0 3443.56 0 0
3750000 363082 361376 0 3339.89 0 0
3760000 363507 362445 0 3129.11 0 0
3770000 363502 361768 0 4036.13 0 0
3780000 362431 361309 0 4061.57 0 0
3790000 362068 361979 0 4054.21 0 0
3800000 364434 360116 0 3303.67 0 0
3810000 364807 360311 0 3519.64 0 0
3820000 363929 361650 0 3279.37 0 0
3830000 363903 361097 0 3141.22 0 0
3840000 363770 361344 0 4101.11 0 0
3850000 363354 361301 0 4246.57 0 0
3860000 363655 360893 0 1810.78 0 0
3870000 363300 362098 0 2751.38 0 0
3880000 362133 361184 0 2078.66 0 0
3890000 363865 360421 0 1768.99 0 0
3900000 363939 360938 0 1244.5 0 0
3910000 363779 361637 0 16.2562 0 0
3920000 363708 360129 0 75.1861 0 0
3930000 362755 362348 0 -2601.44 0 0
3940000 363458 361031 0 -1099.31 0 0
3950000 363952 360685 0 -2212.52 0 0
3960000 362535 362377 0 -934.639 0 0
3970000 363655 361350 0 -611.052 0 0
3980000 363525 361698 0 -2308.7 0 0
3990000 363026 361883 0 -2392.32 0 0
4000000 364217 360846 0 -4112.32 0 0
4010000 362590 361976 0 -3190.97 0 0
4020000 362608 362550 0 -2837.98 0 0
4030000 363057 361986 0 -3803.61 0 0
4040000 363087 361653 0 -3906.6 0 0
4050000 363213 361563 0 -3299.78 0 0
4060000 363481 362237 0 -5189.72 0 0
4070000 362890 361799 0 -5905.04 0 0
4080000 362098 362361 0 -5522.9 0 0
4090000 362292 362405 0 -6455.48 0 0
4100000 361858 362309 0 -6690.25 0 0
4110000 363704 361739 0 -7248.82 0 0
4120000 362499 361922 0 -7972.96 0 0
4130000 362488 362870 0 -8350.9 0 0
4140000 363083 361778 0 -7298.28 0 0
4150000 362976 362873 0 -8303.25 0 0
4160000 362429 362380 0 -9726.67 0 0
4170000 362766 362005 0 -9342.88 0 0
4180000 362251 363592 0 -8280.54 0 0
4190000 363155 362214 0 -8159.58 0 0
4200000 363568 362023 0 -9967.25 0 0
4210000 363080 362305 0 -9542.26 0 0
4220000 361836 362095 0 -8829.66 0 0
4230000 362826 361264 0 -8726.18 0 0
4240000 363322 361812 0 -7664.2 0 0
4250000 363705 361608 0 -7953.69 0 0
4260000 363958 360803 0 -8181.49 0 0
4270000 364026 360484 0 -7869.41 0 0
4280000 364256 360578 0 -8491.02 0 0
4290000 363624 362887 0 -8358.09 0 0
4300000 362724 362067 0 -7650.21 0 0
4310000 364420 361039 0 -8117.37 0 0
4320000 362828 361450 0 -8367.8 0 0
4330000 362674 362578 0 -7866.16 0 0
4340000 363363 361385 0 -8349.48 0 0
4350000 363011 362088 0 -7355.96 0 0
4360000 363318 361862 0 -6898.58 0 0
4370000 363098 360955 0 -7208.91 0 0
4380000 363591 361835 0 -7255.19 0 0
4390000 364826 361401 0 -7127.94 0 0
4400000 364410 360383 0 -6333.13 0 0
4410000 363144 361788 0 -6885.58 0 0
4420000 363928 361086 0 -5378.45 0 0
4430000 363069 362090 0 -5258 0 0
4440000 363393 361198 0 -4895.93 0 0
4450000 363456 360956 0 -3717.93 0 0
4460000 363101 361832 0 -3878.93 0 0
4470000 362954 361237 0 -1832 0 0
4480000 364067 361085 0 -3044.53 0 0
4490000 362660 361677 0 -2357.74 0 0
4500000 363773 361150 0 -2106.01 0 0
4510000 364017 361295 0 -1400.41 0 0
4520000 363715 361416 0 -2120.27 0 0
4530000 362907 361289 0 171.092 0 0
4540000 363826 361343 0 -550.803 0 0
4550000 362422 361839 0 1409.55 0 0
4560000 363791 360844 0 147.418 0 0
4570000 363870 361003 0 1418.7 0 0
4580000 363116 361573 0 2228.12 0 0
4590000 363572 361123 0 2210.46 0 0
4600000 364351 360065 0 2416.79 0 0
4610000 362122 362263 0 3327.18 0 0
4620000 364080 361358 0 3734.23 0 0
4630000 364242 360572 0 4337.16 0 0
4640000 363853 360238 0 5083.31 0 0
4650000 363289 361785 0 3999.91 0 0
4660000 363176 362117 0 4984.14 0 0
4670000 363612 360508 0 4582.09 0 0
4680000 363260 360374 0 4365.5 0 0
4690000 363808 360900 0 5986.68 0 0
4700000 364591 360763 0 5218.11 0 0
4710000 363766 361823 0 5090.66 0 0
4720000 363876 361290 0 5753.54 0 0
4730000 364413 361082 0 7146.02 0 0
4740000 363331 360834 0 6035.89 0 0
4750000 362697 362271 0 5890.68 0 0
4760000 363732 361231 0 5604.41 0 0
4770000 364158 361478 0 4980.66 0 0
4780000 364371 361762 0 5207.77 0 0
4790000 364452 361533 0 5247.5 0 0
4800000 363134 361530 0 4272.64 0 0
4810000 362644 362669 0 5350.8 0 0
4820000 363227 361446 0 4880.24 0 0
4830000 363967 361070 0 4204.52 0 0
4840000 363424 361678 0 4247.72 0 0
4850000 363067 362551 0 3442.8 0 0
4860000 363609 360784 0 2485.02 0 0
4870000 363664 361509 0 3748.22 0 0
4880000 362327 363218 0 3423.86 0 0
4890000 362191 362852 0 2097.48 0 0
4900000 362135 362752 0 2804.85 0 0
4910000 361644 363524 0 1617.46 0 0
4920000 362348 362389 0 642.754 0 0
4930000 362413 362475 0 1471.7 0 0
4940000 362313 362582 0 2396.41 0 0
4950000 362477 362332 0 -243.088 0 0
4960000 364116 362133 0 937.94 0 0
4970000 363629 361871 0 -453.343 0 0
4980000 362509 362457 0 -394.032 0 0
4990000 364747 361643 0 -2210.8 0 0
5000000 363723 362096 0 -1135.21 0 0
