# Time-averaged data for fix ps1
# TimeStep c_thermo_press[1] c_thermo_press[2] c_thermo_press[3] c_thermo_press[4] c_thermo_press[5] c_thermo_press[6]
1000 -4699.85 -4019.93 0 -1434.72 0 0
2000 -4930.88 -3796.64 0 -160.099 0 0
3000 -6751.35 -851.944 0 -2402.61 0 0
4000 -5417.66 -3072.36 0 -99.5026 0 0
5000 -2081.98 -5879.6 0 -1045.43 0 0
6000 -2395.31 -3661.43 0 -1339.7 0 0
7000 -4426.63 -6503.7 0 -1848.91 0 0
8000 -3142.87 -4772.32 0 -2590.59 0 0
9000 -1982.84 -10274.6 0 -325.403 0 0
10000 1892.59 -7518.57 0 704.48 0 0
11000 -4814.22 -507.091 0 668.165 0 0
12000 -4457.35 -4083.78 0 -1003.31 0 0
13000 -5115.28 -2583.41 0 1971.64 0 0
14000 -6459.07 -1549.22 0 -317.51 0 0
15000 -5813.18 -5880.32 0 1732.66 0 0
16000 -5193.26 -5.00667 0 -793.33 0 0
17000 -2696.04 -7644.29 0 -1891.17 0 0
18000 638.894 -4713.87 0 1779.87 0 0
19000 -4444.46 -2941.24 0 -304.95 0 0
20000 -1537.42 -1502.04 0 -1987.15 0 0
21000 1601.95 -4053.44 0 -373.215 0 0
22000 -3110.53 -6903.32 0 -393.62 0 0
23000 -8717.55 567.723 0 -2898.61 0 0
24000 -3287.33 -2171.56 0 -939.135 0 0
25000 -3443.14 -5980.82 0 -777.177 0 0
26000 -3725.25 -4443.41 0 2284.21 0 0
27000 -3919.97 -4444.52 0 837.286 0 0
28000 -549.163 -5514.03 0 -2670.38 0 0
29000 -3002.55 -4978.35 0 -2320.6 0 0
30000 -3937.93 -5428.11 0 -3434.78 0 0
31000 -2806.59 -8492.14 0 -232.181 0 0
32000 -3336.99 -6949.83 0 3550.28 0 0
33000 -2405.1 -6021.56 0 932.972 0 0
34000 -1945.16 -2402.54 0 1608.27 0 0
35000 -4023.96 -3121.85 0 1931.67 0 0
36000 -2283.18 -2616.28 0 -432.089 0 0
37000 -3170.02 -3793.83 0 -4619.2 0 0
38000 -4023.67 -5126.67 0 1271.39 0 0
39000 -3165.63 -4055.32 0 -2426.23 0 0
40000 -3777.3 -6047.97 0 -1228.39 0 0
41000 -6984.3 -3438.78 0 1380.98 0 0
42000 -3786.76 -2061.44 0 -1720.01 0 0
43000 -6372.29 -1109.68 0 -1700.51 0 0
44000 -6387.4 -4538.45 0 -489.07 0 0
45000 -2952.96 -3562.37 0 -1492.32 0 0
46000 -6425.56 -275.265 0 -284.5 0 0
47000 -1980.69 -3315.73 0 2091.73 0 0
48000 -1572.02 -4718.1 0 252.311 0 0
49000 -4012.56 -5760.73 0 4.97357 0 0
50000 -4886.56 -1273.43 0 376.297 0 0
51000 -6445.32 -2213.82 0 -2722.06 0 0
52000 -1028.3 -4295.62 0 1168.09 0 0
53000 -5032.95 -615.348 0 905.597 0 0
54000 -2133.08 -2440.6 0 2991.89 0 0
55000 -4318.41 -2552.95 0 -1389.82 0 0
56000 -7552.13 -4370.75 0 536.818 0 0
57000 -3927.29 -3845.38 0 301.472 0 0
58000 -4799.14 -2290.86 0 1102.56 0 0
59000 -3373 -1128.81 0 -803.132 0 0
60000 -6555.91 -1811.93 0 1345.96 0 0
61000 -3009.14 -2640.25 0 -322.53 0 0
62000 -2354.65 -5103.69 0 943.634 0 0
63000 -3504.74 -2089.53 0 1529.9 0 0
64000 -4035.6 -3365.02 0 2968.2 0 0
65000 -5077.16 -3525.29 0 1950.31 0 0
66000 -8206.79 573.184 0 408.513 0 0
67000 -2221.29 -5144.75 0 301.11 0 0
68000 -5650.2 -3023.61 0 1166.53 0 0
69000 -1817.54 -4332.46 0 4366.73 0 0
70000 -4211.22 -3896.89 0 312.268 0 0
71000 -3922.05 -2591.27 0 -977.317 0 0
72000 -1396.22 -3676.57 0 -517.492 0 0
73000 -1909.13 -3802.51 0 3425.62 0 0
74000 -3809.92 -2858 0 825.416 0 0
75000 -5162.46 -3367.8 0 -1317.71 0 0
76000 -5311.31 -3421.18 0 -2931.08 0 0
77000 -5722.64 -3566.73 0 -2210.13 0 0
78000 -3299.26 1695.39 0 1095.3 0 0
79000 -3063.29 -3582.1 0 1234.67 0 0
80000 -4294.44 -5650.89 0 -2042.47 0 0
81000 -2807.38 -4188.42 0 -951.274 0 0
82000 -2313.55 -2306.73 0 1154.58 0 0
83000 -4852.11 -840.362 0 -1011.18 0 0
84000 -817.93 -872.033 0 -2207.29 0 0
85000 -6277.05 -3353.8 0 -2295.95 0 0
86000 -4184.99 -5478.92 0 3014.86 0 0
87000 -4436.71 -5880.14 0 -689.516 0 0
88000 -5136.25 -2533.29 0 1478.88 0 0
89000 -2012.9 -3716.86 0 300.666 0 0
90000 -3461.03 -1151.22 0 1276.32 0 0
91000 -2449.39 -2307.81 0 415.211 0 0
92000 -1892.81 -2629.79 0 -1068.49 0 0
93000 -530.11 -2884.44 0 1118.71 0 0
94000 -4833.77 -1221.65 0 2033.79 0 0
95000 704.147 -5088.6 0 1806.02 0 0
96000 -3485.25 -575.709 0 1619.88 0 0
97000 -5842.07 -339.729 0 113.401 0 0
98000 -3769.06 -4016.25 0 2549.69 0 0
99000 -3112.29 -1166.33 0 -625.747 0 0
100000 -2515.19 -5253.62 0 116.735 0 0
101000 -3698.69 -3881.67 0 -1584.78 0 0
102000 -3597.94 -3672.51 0 103.572 0 0
103000 -1742.96 -2480.18 0 148.163 0 0
104000 -4756.42 -2029.12 0 2650.88 0 0
105000 -2431.06 -4722.97 0 3244.84 0 0
106000 -2138.72 -4989.53 0 2628.08 0 0
107000 -1406.56 -3803.7 0 3342.22 0 0
108000 -3871.04 -2418.78 0 -46.2902 0 0
109000 -22.2105 -2939.28 0 697.889 0 0
110000 -4781.96 -809.347 0 -2284.62 0 0
111000 -6420.96 -1470.21 0 -2520.05 0 0
112000 -1009.62 -4212.92 0 732.736 0 0
113000 -1027.62 -4209.87 0 1497.13 0 0
114000 -5329.66 -1888.49 0 -28.4095 0 0
115000 -6528.47 -3464.53 0 -777.716 0 0
116000 -6117.62 -852.758 0 -458.463 0 0
117000 -4282.69 -982.968 0 -1931.99 0 0
118000 246.103 -4119.78 0 1286.06 0 0
119000 -4413.07 -2752.77 0 -1657.41 0 0
120000 -2607.18 -1609.33 0 -751.893 0 0
121000 -1524.53 -4540.03 0 -1444.57 0 0
122000 -575.015 -5253.19 0 -310.299 0 0
123000 -2094.64 -753.535 0 130.469 0 0
124000 -2113.52 -5201.28 0 -1924.74 0 0
125000 -4643.46 -4694.12 0 -1139.65 0 0
126000 -2647.65 -7246.29 0 45.3518 0 0
127000 -5272.7 -498.283 0 -1586.6 0 0
128000 -1952.72 -6009.07 0 -18.8828 0 0
129000 -7677.9 141.953 0 448.704 0 0
130000 -3445.04 -5022.2 0 -1114.38 0 0
131000 1109.12 -3070.96 0 1692.31 0 0
132000 -4043.9 -1886.64 0 422.228 0 0
133000 -2960.58 -3920.28 0 2004.86 0 0
134000 -2002.97 -4590.41 0 1275.4 0 0
135000 -4294.36 -4151.12 0 1207.03 0 0
136000 -7716.55 -3589.1 0 516.498 0 0
137000 -2660.68 -5571.3 0 -1979.8 0 0
138000 -6619.24 -3157.96 0 -385.075 0 0
139000 -5437.65 -728.119 0 1678.25 0 0
140000 -4547.83 -5002.34 0 -2082.6 0 0
141000 -445.182 -4759.31 0 -683.443 0 0
142000 -4730.58 -1812.85 0 -1109.1 0 0
143000 -2971.68 -3494.3 0 -2532.11 0 0
144000 -4441.74 -529.886 0 1894.41 0 0
145000 -2730.12 -3135.16 0 -76.7012 0 0
146000 -4099.98 -5715.57 0 -270.804 0 0
147000 -3542.02 -3370.08 0 2442.68 0 0
148000 -3387.57 -2325.83 0 -5.05085 0 0
149000 -1472.04 -294.838 0 1763.07 0 0
150000 -3585.46 -4094.16 0 4.8371 0 0
151000 -845.122 -3091.48 0 1531.49 0 0
152000 -2332.14 819.847 0 490.536 0 0
153000 -7885.68 -895.41 0 -2624.8 0 0
154000 -478.251 -2327.36 0 -264.943 0 0
155000 -3082.36 -2571.09 0 -2414.59 0 0
156000 -2330.8 -5223.2 0 1830.08 0 0
157000 -3430.96 -1769.64 0 728.418 0 0
158000 -1973.65 -2814 0 2953.2 0 0
159000 -3023.68 -2357.26 0 2305.2 0 0
160000 -1548.18 -3394.93 0 2204.81 0 0
161000 -2717.9 -4939.97 0 3182.12 0 0
162000 -1991.86 -4066.85 0 2843.23 0 0
163000 -2986.2 -6055.81 0 36.7495 0 0
164000 -2015.23 -4978.05 0 521.299 0 0
165000 -921.964 -5579.8 0 880.903 0 0
166000 420.101 -2985.96 0 -240.328 0 0
167000 -4587.3 -663.277 0 -456.698 0 0
168000 -4812.14 -3489.12 0 1912.61 0 0
169000 -1553.63 -7627.74 0 -1503.12 0 0
170000 -5162.1 -3604.09 0 -42.6941 0 0
171000 -4284.62 -2388.45 0 -880.393 0 0
172000 -4522.63 -17.4192 0 -184.775 0 0
173000 -6284.46 -2051.57 0 -526.681 0 0
174000 -4778.44 -3332.57 0 1089.24 0 0
175000 -4699.29 -3834.94 0 2175.93 0 0
176000 -5843.61 -3390.77 0 934.527 0 0
177000 -3857.69 -2362.96 0 -402.765 0 0
178000 -1620.61 -2064.34 0 -1085.76 0 0
179000 -2767.5 -4613.83 0 1250.87 0 0
180000 -2523.35 -1791.2 0 519.208 0 0
181000 -3140.68 -1032.17 0 642.802 0 0
182000 -490.463 -5729.08 0 3196.27 0 0
183000 -2066.97 -4270.93 0 -976.324 0 0
184000 2200.2 -5803.82 0 91.8021 0 0
185000 -3885.61 -3439.09 0 -1372.1 0 0
186000 -2861.62 -660.273 0 -1156.85 0 0
187000 -2224.41 -2859.15 0 832.892 0 0
188000 -898.451 -3595.32 0 -343.382 0 0
189000 -1329.49 -3483.16 0 2038.49 0 0
190000 -1281 -5784.42 0 -1707.43 0 0
191000 -3281.25 675.323 0 1531.78 0 0
192000 -753.255 -2445.19 0 -1790.6 0 0
193000 -4518.28 -4339.29 0 1616.34 0 0
194000 -2450.75 -5005.57 0 2150.81 0 0
195000 -5231.3 -1878.92 0 -302.856 0 0
196000 -3715.79 -81.242 0 1429.38 0 0
197000 -4595.71 -4644.49 0 1324.51 0 0
198000 -6059.11 -1247.79 0 569.468 0 0
199000 -5877.84 -626.418 0 627.98 0 0
200000 -4462.71 -2775.5 0 2992.72 0 0
201000 -1195.68 -5575.77 0 1687.12 0 0
202000 -5376.57 -353.147 0 1716.75 0 0
203000 -2379.47 -1293.33 0 574.736 0 0
204000 -4456.26 -2145.06 0 -68.9275 0 0
205000 -1959.39 -1111.93 0 -584.503 0 0
206000 -4137.09 -1843.62 0 -1580.62 0 0
207000 -5118.79 -4106.52 0 1032.72 0 0
208000 -1351.42 -929.406 0 179.453 0 0
209000 -2993.69 358.487 0 -1458.87 0 0
210000 -4162.46 853.187 0 -434.261 0 0
211000 -2585.44 -874.635 0 162.78 0 0
212000 -1537.53 -4416.86 0 2124.23 0 0
213000 -4108.63 -2134.14 0 478.197 0 0
214000 170.259 -2649.22 0 -1502.82 0 0
215000 -3620.04 -6538.65 0 1558.47 0 0
216000 -6366.41 -1351.81 0 -1456.47 0 0
217000 -5373.04 -2526.32 0 -465.224 0 0
218000 -3719.16 -5291.98 0 -877.843 0 0
219000 -1732.13 -4722.24 0 114.844 0 0
220000 -2930.19 -3495.46 0 1776.83 0 0
221000 2051.79 -5538.03 0 -543.182 0 0
222000 -2444.17 -819.627 0 258.494 0 0
223000 2153.26 -4974.08 0 -2475.52 0 0
224000 -1897.54 -1655.47 0 -702.932 0 0
225000 -37.14 -2098.17 0 -2297.84 0 0
226000 -1116.8 2208.4 0 -2169.46 0 0
227000 -4211.46 1102.03 0 -303.052 0 0
228000 -3775.39 947.64 0 798.798 0 0
229000 -1193.27 -2520.94 0 -2516.02 0 0
230000 -1316.2 -4979 0 57.3671 0 0
231000 -4311.64 1415.42 0 -171.622 0 0
232000 -537.387 -2303.74 0 -1483.09 0 0
233000 -2608.76 -1164.43 0 -1523.95 0 0
234000 1201.76 -3424.91 0 -962.876 0 0
235000 1959.46 -3760.59 0 -143.175 0 0
236000 -1250.72 -1171.25 0 2832.98 0 0
237000 -3590.96 -3090.39 0 1762.06 0 0
238000 -1349.45 -3010.81 0 -909.468 0 0
239000 -145.508 -3960.44 0 1201.74 0 0
240000 -1194.43 -3666.42 0 1557.62 0 0
241000 -3120.92 -2390.1 0 1098.73 0 0
242000 -2337.38 -1995.03 0 1369.11 0 0
243000 -2064.1 -3299.12 0 -138.738 0 0
244000 -2730.88 111.603 0 -2382.77 0 0
245000 -379.013 -5032.53 0 749.275 0 0
246000 -975.767 -1293.6 0 -922.525 0 0
247000 2899.25 -5422.59 0 1694.18 0 0
248000 200.488 -4800.25 0 1585.88 0 0
249000 -3025.37 617.978 0 1328.98 0 0
250000 -5255.08 -2082.68 0 887.319 0 0
251000 -441.127 -2372.22 0 21.4463 0 0
252000 -5929.73 -2325.42 0 -1807.35 0 0
253000 -3867.33 1354.48 0 -817.094 0 0
254000 -4965.52 -3222.62 0 201.333 0 0
255000 -4551.88 -3639.29 0 -1613.06 0 0
256000 -2803.28 -2803.64 0 -1337.25 0 0
257000 -8048.34 -1749.97 0 -1120.61 0 0
258000 -3102.97 -4197.24 0 1379.66 0 0
259000 -5860.26 -3178.27 0 -1665.01 0 0
260000 -3763.33 -5280.73 0 -1450.45 0 0
261000 -3321.82 -5144.82 0 -2382.59 0 0
262000 -3754.39 -257.932 0 1783.24 0 0
263000 -4045.92 -2427.9 0 -1785.07 0 0
264000 -3819.89 -4565.93 0 900.503 0 0
265000 -3937.56 -6941.82 0 209.009 0 0
266000 -7090.14 -2920.84 0 985.56 0 0
267000 -7454.38 -2599.32 0 -1252.54 0 0
268000 -2364.73 -4846.71 0 3211.74 0 0
269000 -5947.63 -3856.8 0 956.544 0 0
270000 -3778.41 -4090.98 0 1933.54 0 0
271000 -3721.06 -2376.33 0 3153.91 0 0
272000 -4485.14 -5024.99 0 -1238.76 0 0
273000 -6632.15 -3102.99 0 2259.39 0 0
274000 -8947.97 -1451.95 0 -359.095 0 0
275000 -8082.61 -5954.24 0 1437.26 0 0
276000 -6549.34 -2296.47 0 -988.717 0 0
277000 -2776.15 -5048.8 0 -84.1507 0 0
278000 -1113.24 -5963.64 0 -3917 0 0
279000 -2330.39 -4327.65 0 687.141 0 0
280000 -3610.66 -3816.33 0 -2918.11 0 0
281000 -5217.21 -4896.02 0 128.081 0 0
282000 -3295.94 -6182.63 0 342.231 0 0
283000 -4507.79 -4668.36 0 -290.551 0 0
284000 -2434.09 -5140.48 0 1456.57 0 0
285000 -2068.91 -3143.91 0 1567.28 0 0
286000 -4278.94 -1381.6 0 439.818 0 0
287000 -1676.07 -7281.26 0 845.087 0 0
288000 -2224.63 -5111.1 0 341.259 0 0
289000 -4294.67 -1469.36 0 1506.83 0 0
290000 -4930.3 -4494.36 0 -3225.44 0 0
291000 -7284.69 -4425.34 0 -158.467 0 0
292000 -8966.71 -3204.49 0 -315.425 0 0
293000 -4329.89 -3423.77 0 -599.486 0 0
294000 -4012.87 -4618.07 0 1347.64 0 0
295000 -5929.77 -2748.52 0 -363.527 0 0
296000 -5036.11 -4955.78 0 -1758.46 0 0
297000 -4966.24 -2234.24 0 646.566 0 0
298000 -5184.38 -4904.87 0 -1354.28 0 0
299000 -4266.1 -3803.91 0 1218.61 0 0
300000 -4327.03 -3715.3 0 572.313 0 0
301000 -5593.21 -5159.18 0 -3120.58 0 0
302000 -5958.32 -6721.75 0 860.27 0 0
303000 -4960.31 -5883.63 0 -1320.92 0 0
304000 -7146.14 -2915.61 0 -1285.06 0 0
305000 -5978.68 -4688.35 0 -1883.65 0 0
306000 -1211.33 -5975.61 0 -619.31 0 0
307000 -1171.97 -7184.84 0 1697.04 0 0
308000 -1262.15 -6365.23 0 -1404.99 0 0
309000 -4794.98 -4560.81 0 -506.701 0 0
310000 -7207.19 -5349.07 0 -326.828 0 0
311000 -4808.28 -7843.61 0 -1226.17 0 0
312000 -6035.95 -6110.81 0 719.771 0 0
313000 -4951.93 -3556.37 0 -1933.22 0 0
314000 -1406.83 -8276.47 0 -1009 0 0
315000 -4086.08 -4437.55 0 962.154 0 0
316000 -5143.79 -5670.16 0 -467.093 0 0
317000 -4528.75 -5058.9 0 -202.45 0 0
318000 -7490.85 -6461.22 0 756.826 0 0
319000 -5441.32 -6457.97 0 1967.04 0 0
320000 -3156.61 -4578.82 0 -113.399 0 0
321000 -5071.74 -6093.22 0 1946.23 0 0
322000 -8265.17 -3284.61 0 3711.98 0 0
323000 -247.864 -5270.6 0 388.292 0 0
324000 -3882.15 -3225.94 0 -1641.14 0 0
325000 -4151.96 -4833.78 0 -1452.31 0 0
326000 -6434.05 -4985.69 0 713.107 0 0
327000 -4084.46 -6045.87 0 766.468 0 0
328000 -4496.83 -9048.51 0 -1452.65 0 0
329000 -5017.62 -1781.42 0 -1897.06 0 0
330000 -5043.22 -5390.87 0 1128.33 0 0
331000 -6956.79 835.76 0 591.298 0 0
332000 -4907.05 -4108.46 0 -1138.48 0 0
333000 -5284.68 -6224.11 0 2214.47 0 0
334000 -7449.44 -4835.1 0 -1606.54 0 0
335000 -5345.16 -3293.95 0 568.937 0 0
336000 -7128.62 -5044.34 0 -545.739 0 0
337000 -5188.4 -2443.18 0 373.246 0 0
338000 -5551.8 -6945.46 0 460.263 0 0
339000 -4834.33 -1764.6 0 -715.319 0 0
340000 -3889.31 -3187.59 0 2981.17 0 0
341000 -1760.27 -3980.22 0 186.989 0 0
342000 255.648 -4224.66 0 -35.644 0 0
343000 -4648.08 -2548.26 0 -2977.72 0 0
344000 -4404.95 -2331.11 0 694.148 0 0
345000 -5555.24 -6910.17 0 551.113 0 0
346000 -3925.12 -4520.22 0 1317.52 0 0
347000 -5117.67 -5188.95 0 -2853.49 0 0
348000 -7013.94 -3507.14 0 699.509 0 0
349000 -5044.53 -6846.62 0 -989.021 0 0
350000 -2105.58 -8040.76 0 -268.838 0 0
351000 -2642.6 -4162.79 0 -3324.35 0 0
352000 -4017.29 -3656.45 0 -76.6103 0 0
353000 -3136.55 -7644.94 0 1208.77 0 0
354000 -3373.31 -4270.42 0 -215.942 0 0
355000 -1076.92 -3793.5 0 4272.67 0 0
356000 -4441.77 -5117.45 0 884.1 0 0
357000 -3857.69 -6877.4 0 -1288.75 0 0
358000 -6873.21 -5508.61 0 2323.73 0 0
359000 -9037.95 -7154 0 -2885.77 0 0
360000 -6680.77 -5331.74 0 536.242 0 0
361000 -6443.87 -8452.32 0 -1215.19 0 0
362000 -9097.87 -7764.25 0 -2150.74 0 0
363000 -5720.55 -7107.03 0 -586.314 0 0
364000 -10535.1 -4675.89 0 1747.28 0 0
365000 -4488.82 -8100.12 0 159.203 0 0
366000 -3846.26 -6246.99 0 665.096 0 0
367000 -6283.02 -5193.54 0 638.348 0 0
368000 -5957.38 -5081.27 0 -169.178 0 0
369000 -6988.67 -2964.34 0 -897.989 0 0
370000 -6722.6 -4947.43 0 307.105 0 0
371000 -5817.99 -4638.89 0 1570.06 0 0
372000 -6695.19 -4304.87 0 96.4313 0 0
373000 -5829.67 -4231.08 0 -741.176 0 0
374000 -4901.48 -5500.11 0 178.338 0 0
375000 -7983.68 -5098.73 0 -1975.64 0 0
376000 -2970.46 -2970.18 0 370.536 0 0
377000 -5165.42 -4629.97 0 531.299 0 0
378000 -1157.78 -7346.78 0 -548.772 0 0
379000 -7396.79 -4501.54 0 241.669 0 0
380000 -8193.94 -5815.29 0 -534.078 0 0
381000 -5534.04 -8637.2 0 -1378.53 0 0
382000 -5315.2 -4092.13 0 -588.724 0 0
383000 -8206.01 -4983.76 0 2475.57 0 0
384000 -3755.24 -6348.95 0 1086.4 0 0
385000 -6921.34 -5729.89 0 -1537.23 0 0
386000 -6623.36 -4937.8 0 -1030.07 0 0
387000 -8061.77 -6254.59 0 -330.787 0 0
388000 -4951.85 -7690.85 0 -145.603 0 0
389000 -3335.99 -4941.99 0 294.06 0 0
390000 -4160.44 -7608.95 0 1668.04 0 0
391000 -4063.12 -6014.01 0 613.527 0 0
392000 -6389 -5420.85 0 -602.569 0 0
393000 -5967.19 -6247.71 0 157.767 0 0
394000 -3567.87 -5247.11 0 -2143.59 0 0
395000 -6034.83 -2638.18 0 -802.858 0 0
396000 -3792.34 -7916.06 0 -1712.79 0 0
397000 -3671.01 -5660.76 0 -1746.34 0 0
398000 -2913.66 -6703.73 0 196.259 0 0
399000 -6183.86 -8229.92 0 1292.16 0 0
400000 -1410.5 -7675.77 0 -471.199 0 0
401000 -4872.54 -4237.63 0 190.593 0 0
402000 -4184.96 -6597.67 0 1456.57 0 0
403000 -3471.65 -6919.03 0 594.32 0 0
404000 -5324.13 -7395.55 0 -308.12 0 0
405000 -7238.3 -6453.92 0 -197.16 0 0
406000 -5507.36 -5429.71 0 956.037 0 0
407000 -5534.14 -6432.2 0 -1426.75 0 0
408000 -3679.31 -5737.53 0 -2457.58 0 0
409000 -4923.58 -4908.21 0 -3458.47 0 0
410000 -3794.16 -9090.48 0 -2306.54 0 0
411000 -6821.9 -4320.66 0 -1668.6 0 0
412000 -4262.39 -7283.65 0 -1099.93 0 0
413000 -4228.06 -6294.71 0 1052.47 0 0
414000 -3666.64 -6689.92 0 404.887 0 0
415000 -3149.06 -9215.98 0 -718.781 0 0
416000 -9119.34 -5050.79 0 -1723.22 0 0
417000 -7105.38 -6482.77 0 -2415.93 0 0
418000 -2123.56 -3889.26 0 -489.499 0 0
419000 -8714.58 -3449.17 0 -836.438 0 0
420000 -4836.16 -4333.88 0 -656.899 0 0
421000 -6810.58 -4713.58 0 -2939.73 0 0
422000 -7451.3 -7003.44 0 1074.64 0 0
423000 -5623.92 -5657.37 0 2603.69 0 0
424000 -6581.98 -4882.99 0 767.323 0 0
425000 -3717.07 -2632.95 0 -961.352 0 0
426000 -3148.63 -4784.74 0 1426.61 0 0
427000 -5840.87 -5617.6 0 1746.7 0 0
428000 -6084.56 -6744.47 0 2614.25 0 0
429000 -4788.45 -2777.41 0 -1446.28 0 0
430000 -4881.1 -4641.41 0 456.661 0 0
431000 -6518.29 -4113.13 0 576.845 0 0
432000 -6826.72 -8961.62 0 1521.53 0 0
433000 -6746.23 -5566.7 0 -288.546 0 0
434000 -6021.73 -4378.85 0 160.157 0 0
435000 -5024.29 -3678.3 0 -749.716 0 0
436000 -5720.11 -4799.82 0 2082.01 0 0
437000 -4847.36 -1580.38 0 2697.17 0 0
438000 -2763.07 -5320.74 0 1799.47 0 0
439000 -4233 -9369.25 0 2426.84 0 0
440000 -5771.37 -2785.45 0 -323.4 0 0
441000 -4162.69 -6691.08 0 332.183 0 0
442000 -5914.83 -5499.9 0 1968.64 0 0
443000 -6032.05 -6618.38 0 -720.727 0 0
444000 -6486.47 -3995.94 0 -182.761 0 0
445000 -3333.4 -9835.69 0 2141.21 0 0
446000 -7083.51 -6310.08 0 1049.24 0 0
447000 -4576.81 -7483.37 0 1993.99 0 0
448000 -4661.91 -4851.1 0 -929.613 0 0
449000 -4579.48 -7433.6 0 2741.76 0 0
450000 -8179.27 -6491.07 0 -221.836 0 0
451000 -7403.87 -6242.84 0 1413.8 0 0
452000 -6348.25 -4082.03 0 -2103.82 0 0
453000 -6955.74 -5809.64 0 -568.13 0 0
454000 -3957.71 -5498.54 0 -848.716 0 0
455000 -6535.43 -3583.52 0 2457.06 0 0
456000 -8342.98 -335.816 0 -721.76 0 0
457000 -4315.11 -2638.79 0 -13.6784 0 0
458000 -8150.09 -4058.47 0 -492.594 0 0
459000 -5187.08 -9443.07 0 1312.83 0 0
460000 -9054.56 -8234.1 0 -1384.02 0 0
461000 -6266.53 -5008.25 0 -2083.5 0 0
462000 -5505.08 -7853.73 0 -1041.27 0 0
463000 -7668.52 -3979.3 0 -16.9557 0 0
464000 -8971.07 -3642.37 0 -915.373 0 0
465000 -4518.58 -8673.66 0 176.778 0 0
466000 -6406.66 -5904.49 0 961.671 0 0
467000 -6854.35 -5478.56 0 679.031 0 0
468000 -3868.54 -8634.02 0 -2861.95 0 0
469000 -7215.55 -3638.78 0 159.26 0 0
470000 -6172.74 -7718.44 0 -643.581 0 0
471000 -4293.54 -5845.67 0 -1526.44 0 0
472000 -8275.83 -5187.75 0 -909.175 0 0
473000 -5240.36 -7512.25 0 183.218 0 0
474000 -7624.75 -5940.21 0 -1034.73 0 0
475000 -3557.2 -8237.58 0 -2448.65 0 0
476000 -4242.3 -5601.28 0 -1395.75 0 0
477000 -8874.23 -5143.79 0 -401.807 0 0
478000 -4398.74 -5688.47 0 -2221.55 0 0
479000 -4087.49 -6308.85 0 -577.29 0 0
480000 -4846.07 -6308.48 0 -1554.61 0 0
481000 -6631.13 -4353.57 0 -1924.04 0 0
482000 -3241.94 -4753.14 0 -2828.3 0 0
483000 -3354.17 -6484.71 0 -490.673 0 0
484000 -2580.71 -6118.45 0 -1609.01 0 0
485000 -3999.36 -3966.16 0 2597.7 0 0
486000 -2243.33 -3496.59 0 100.845 0 0
487000 -4704 -7049.95 0 -1058.58 0 0
488000 -4101.15 -3223.79 0 124.051 0 0
489000 -2739.81 -7552.72 0 52.1371 0 0
490000 -6322.61 -7383.97 0 705.862 0 0
491000 -3486.58 -7446.06 0 -1767.95 0 0
492000 -3089.23 -6275.62 0 -185.955 0 0
493000 -6031.25 -4031.65 0 -471.794 0 0
494000 -3746.67 -8375.46 0 -46.2885 0 0
495000 -6942.28 -6386.59 0 -846.808 0 0
496000 -5374.1 -5179.93 0 2220.16 0 0
497000 -5315.27 -5701.92 0 -1725.08 0 0
498000 -5328.52 -4266.62 0 546.992 0 0
499000 -3632.3 -4543.34 0 -39.8099 0 0
500000 -7578.01 -624.638 0 -773.024 0 0
