# Time-averaged data for fix ps1
# TimeStep c_thermo_press[1] c_thermo_press[2] c_thermo_press[3] c_thermo_press[4] c_thermo_press[5] c_thermo_press[6]
1000 -12408.8 -12602.9 0 1678.19 0 0
2000 -17076.9 -9917.52 0 807.171 0 0
3000 -12712.5 -13378.2 0 -477.162 0 0
4000 -13579.8 -15204.3 0 508.515 0 0
5000 -11813.3 -13277.6 0 1979.64 0 0
6000 -14739.6 -13247 0 -20.0382 0 0
7000 -13393.1 -14947.8 0 -1276.32 0 0
8000 -12338.4 -13228.2 0 838.585 0 0
9000 -13164.6 -16503.6 0 -639.567 0 0
10000 -12668.9 -14232.4 0 -1711.88 0 0
11000 -14493.5 -12883.9 0 -2056.51 0 0
12000 -14397.8 -13587.6 0 -1494.6 0 0
13000 -12746.7 -11738.1 0 -2486.65 0 0
14000 -11374.4 -13870.9 0 -1242.4 0 0
15000 -12678.6 -14661.3 0 -4840.92 0 0
16000 -8698.95 -17524.8 0 688.212 0 0
17000 -11698.7 -14432.2 0 -1651.57 0 0
18000 -14134.3 -12000.3 0 -273.628 0 0
19000 -13804.3 -13931.2 0 1208.9 0 0
20000 -13625.6 -13391.1 0 -2826.47 0 0
21000 -16277.8 -13567.6 0 1050.06 0 0
22000 -11721 -9774.69 0 -734.889 0 0
23000 -13460.1 -14764.1 0 694.853 0 0
24000 -10558.4 -15208.4 0 2593.37 0 0
25000 -13365.8 -14813.8 0 1230.06 0 0
26000 -13197.2 -13028.7 0 1254.62 0 0
27000 -11236.8 -14352.4 0 -119.077 0 0
28000 -15520.7 -13179.3 0 2148.66 0 0
29000 -12371.8 -14410.5 0 1819.88 0 0
30000 -12251.8 -20090 0 1415.41 0 0
31000 -12840.7 -13683.7 0 2239.03 0 0
32000 -12109.5 -16652.3 0 5.27628 0 0
33000 -10601.6 -15548.8 0 -2843.26 0 0
34000 -15941.7 -12498.1 0 -1770.75 0 0
35000 -13618.1 -10995 0 -146.289 0 0
36000 -15868.3 -12472.3 0 -1198.44 0 0
37000 -14891.1 -12461.6 0 -883.514 0 0
38000 -16392.5 -15394.1 0 5.45166 0 0
39000 -13253 -16531.3 0 -619.522 0 0
40000 -13273.9 -16218 0 1371.73 0 0
41000 -11114.8 -17587.8 0 2405.16 0 0
42000 -12476.7 -12832.4 0 4301.71 0 0
43000 -15473 -16577 0 2294.82 0 0
44000 -15955.6 -14247.4 0 3759.54 0 0
45000 -15957.3 -9969.55 0 313.991 0 0
46000 -15661.4 -11335.9 0 -93.6319 0 0
47000 -14713.3 -15602.5 0 2241.79 0 0
48000 -14910.7 -9175.98 0 2535.05 0 0
49000 -17289 -13527.2 0 2259.79 0 0
50000 -12242.5 -14955.7 0 679.42 0 0
51000 -10071.6 -11476.5 0 3750.69 0 0
52000 -13806.3 -13596.9 0 1772.53 0 0
53000 -13742.2 -13046.6 0 -267.395 0 0
54000 -12823.2 -10934.8 0 200.772 0 0
55000 -13496.8 -11259.6 0 4241.03 0 0
56000 -10572.2 -15915.1 0 1398.37 0 0
57000 -14865.9 -12232.3 0 4088.9 0 0
58000 -15412 -14131.2 0 3107.35 0 0
59000 -14511.2 -10794.7 0 3315.79 0 0
60000 -14379 -16835.5 0 3126.71 0 0
61000 -13934.2 -13468.3 0 3619.96 0 0
62000 -12760.9 -13036.1 0 2484.07 0 0
63000 -17106.2 -11436.4 0 1457.2 0 0
64000 -11897.5 -15247.7 0 25.0434 0 0
65000 -14819.6 -12405.3 0 821.662 0 0
66000 -10693.1 -14933.7 0 313.631 0 0
67000 -12226.4 -12583.5 0 3747.28 0 0
68000 -12895.9 -18559 0 -473.901 0 0
69000 -11923.1 -14979.3 0 1474.22 0 0
70000 -14151.2 -16939.5 0 1077.01 0 0
71000 -14886.2 -15356.1 0 163.024 0 0
72000 -10289.5 -17294.7 0 -3116.17 0 0
73000 -15506 -15373.3 0 1842.51 0 0
74000 -14997.3 -13373 0 3752.29 0 0
75000 -11775.6 -15245.4 0 1314.7 0 0
76000 -12709.8 -15208.7 0 -1055.01 0 0
77000 -14419.3 -15246.5 0 3329.08 0 0
78000 -13154.4 -14717.1 0 1427.54 0 0
79000 -14612.7 -13368.7 0 -1478.57 0 0
80000 -12653.6 -15577.5 0 -1224.54 0 0
81000 -13341.2 -11762.5 0 -856.83 0 0
82000 -12726.6 -14172.5 0 -597.113 0 0
83000 -13282.7 -11988.6 0 -2972.81 0 0
84000 -14651.7 -14513.9 0 587.543 0 0
85000 -14518.3 -14590.4 0 -133.162 0 0
86000 -13821.3 -14589 0 -1968.91 0 0
87000 -11701 -14684.6 0 2028.23 0 0
88000 -14164.9 -15021.5 0 -4569.77 0 0
89000 -14203.6 -15223.6 0 -305.535 0 0
90000 -14071.9 -14495.8 0 -1396.21 0 0
91000 -15113.3 -14153.6 0 1172.58 0 0
92000 -14076.6 -14426.6 0 -2606.23 0 0
93000 -13227.6 -13020.7 0 -683.772 0 0
94000 -14040.2 -14411.3 0 -4387.73 0 0
95000 -15823.8 -15107.8 0 -1611.89 0 0
96000 -12176.9 -17674.6 0 -2601.82 0 0
97000 -11949.1 -17733.3 0 -2056.9 0 0
98000 -14058.7 -15804.5 0 -4631.8 0 0
99000 -14344.6 -15327.8 0 -587.168 0 0
100000 -15912.4 -13841.6 0 -1250.71 0 0
101000 -14352.8 -15745.6 0 -1683.12 0 0
102000 -12819.7 -16408.2 0 -1353.66 0 0
103000 -13771 -16050.3 0 -2395.68 0 0
104000 -12977.9 -15632.6 0 -1153.98 0 0
105000 -13920.5 -15562.7 0 -4762.38 0 0
106000 -12214.4 -16672.6 0 -2058.36 0 0
107000 -12491.1 -15809.4 0 -2128.72 0 0
108000 -12040.2 -19309.1 0 -928.485 0 0
109000 -15439.1 -14679.7 0 -5508.07 0 0
110000 -15083.4 -13502.6 0 -837.088 0 0
111000 -10143.4 -14609.7 0 -2155.43 0 0
112000 -16682.8 -13916.4 0 -4004.83 0 0
113000 -11784.2 -15068.6 0 -2495.45 0 0
114000 -13065.3 -15106.7 0 -2198.93 0 0
115000 -10988.1 -15092.2 0 -3712.87 0 0
116000 -14830.3 -17854.9 0 -2641.8 0 0
117000 -9736.28 -16980.7 0 -3731.47 0 0
118000 -12820.5 -16040.5 0 -2773.98 0 0
119000 -15667.7 -12629.5 0 -4235.68 0 0
120000 -16405.3 -14639.6 0 -1299.83 0 0
121000 -14545 -15307.6 0 -5693.83 0 0
122000 -16388.8 -15451.7 0 -3721.33 0 0
123000 -13485.8 -14827.4 0 -3235.1 0 0
124000 -11547.8 -15588.4 0 -1200.37 0 0
125000 -14066.7 -12957.2 0 -2905.13 0 0
126000 -14938.5 -13265.4 0 -1560.25 0 0
127000 -14135.3 -15122.2 0 -1580.52 0 0
128000 -14331.5 -13171.5 0 -1636.54 0 0
129000 -11434.4 -12438.8 0 -2124.77 0 0
130000 -13856.5 -14865.1 0 -1220.46 0 0
131000 -14329.9 -11673.5 0 -2762.95 0 0
132000 -9683.25 -13666.7 0 -3246.49 0 0
133000 -15095.3 -14975.8 0 -3418.58 0 0
134000 -13867.6 -16716.5 0 -63.2215 0 0
135000 -13133.9 -13926.8 0 -2458.97 0 0
136000 -12660.5 -17786.6 0 -1632.64 0 0
137000 -13907.4 -16737.4 0 -2668.25 0 0
138000 -13495.9 -14968.4 0 -1050.03 0 0
139000 -13393.7 -15842.9 0 -1601.59 0 0
140000 -13011.7 -13672.8 0 698.163 0 0
141000 -14187.8 -13611.7 0 -1920.8 0 0
142000 -13721.2 -17135.5 0 -3587.41 0 0
143000 -14974.5 -15059.4 0 -722.401 0 0
144000 -16633 -12922.2 0 -2508.68 0 0
145000 -12456.2 -14164.5 0 -1560.17 0 0
146000 -16616.7 -14236.2 0 -576.268 0 0
147000 -14403.2 -14121.2 0 1233.4 0 0
148000 -15183.6 -13133.1 0 956.692 0 0
149000 -13261.4 -13096.1 0 -627.682 0 0
150000 -13541.3 -15575.5 0 -835.605 0 0
151000 -16119 -12165.6 0 -265.951 0 0
152000 -16272.2 -9035.86 0 1373.48 0 0
153000 -14577.5 -11803.7 0 153.402 0 0
154000 -13251.9 -11064.8 0 328.62 0 0
155000 -12367.1 -12654.3 0 -2352.59 0 0
156000 -15401.6 -14113.4 0 -1406.56 0 0
157000 -16878.8 -11777.5 0 -1429.12 0 0
158000 -15241 -13435.7 0 2214.95 0 0
159000 -12646.4 -16251.4 0 1167.91 0 0
160000 -14672.3 -12162.6 0 2694.43 0 0
161000 -14273.6 -14766.8 0 1741.26 0 0
162000 -12658.3 -16856 0 -334.149 0 0
163000 -14247.9 -15129 0 3140.84 0 0
164000 -15126.8 -13997.1 0 198.335 0 0
165000 -17065.3 -13210.4 0 1679.18 0 0
166000 -13723.7 -13564.9 0 129.47 0 0
167000 -13854.3 -15099.7 0 3144.04 0 0
168000 -16182.1 -12063.7 0 923.819 0 0
169000 -13592.6 -10877.5 0 -1371.59 0 0
170000 -15623.4 -14618 0 530.755 0 0
171000 -14725.4 -12359.1 0 2211.41 0 0
172000 -12151.2 -13030 0 95.7013 0 0
173000 -13947.1 -8977.65 0 1750.54 0 0
174000 -15418.8 -12634 0 2152.39 0 0
175000 -14048.3 -16055.7 0 278.491 0 0
176000 -14173 -15290.2 0 3857.7 0 0
177000 -12365.5 -16203.9 0 1917.2 0 0
178000 -13639.1 -12872.3 0 2471.92 0 0
179000 -15003.2 -13867.7 0 293.572 0 0
180000 -12649.1 -16750.1 0 1430.42 0 0
181000 -10930.1 -14501.1 0 2534.63 0 0
182000 -11061.4 -14975.6 0 3844.55 0 0
183000 -13585.6 -11391 0 2226.14 0 0
184000 -10612.9 -13881.5 0 2547.69 0 0
185000 -10290.4 -14423.5 0 1865.38 0 0
186000 -13767.5 -13385 0 2708.47 0 0
187000 -10990.8 -13438.6 0 -377.97 0 0
188000 -17894.3 -10285.7 0 -396.573 0 0
189000 -12703.8 -14046.7 0 1557.4 0 0
190000 -11134.1 -13565.3 0 13.1509 0 0
191000 -9117.19 -16836.7 0 1432 0 0
192000 -13057.3 -12601.6 0 1664.52 0 0
193000 -9211.67 -15652.1 0 -878.778 0 0
194000 -11999.1 -12831 0 2238.89 0 0
195000 -13178.1 -12072.8 0 324.707 0 0
196000 -12614.1 -12349 0 -421.323 0 0
197000 -9811.02 -13265 0 960.494 0 0
198000 -11854.1 -14659 0 2335.73 0 0
199000 -14398.6 -12604 0 3082.9 0 0
200000 -11123.8 -10792.3 0 -929.968 0 0
201000 -14310.7 -11288.2 0 -2278.47 0 0
202000 -13441.3 -11802.2 0 -1277.91 0 0
203000 -14136.2 -13607.3 0 -2628.23 0 0
204000 -12901.7 -12904.2 0 -2677.66 0 0
205000 -11539 -12953.8 0 -93.8726 0 0
206000 -13225 -14147.2 0 -2507.24 0 0
207000 -11801.3 -13944.8 0 -1047.02 0 0
208000 -13158.6 -10673.3 0 -3325.65 0 0
209000 -17474.4 -10985.6 0 -231.201 0 0
210000 -14917.7 -12663.7 0 -2161.78 0 0
211000 -13391.1 -11303.6 0 528.696 0 0
212000 -15363.1 -10624.7 0 -927.752 0 0
213000 -14461.2 -13713.3 0 -295.61 0 0
214000 -12418.2 -14678.8 0 -2121.3 0 0
215000 -12819.2 -15271.4 0 -1873.57 0 0
216000 -14946.1 -13634.8 0 -278.357 0 0
217000 -16676.4 -9837.58 0 -3022.2 0 0
218000 -15885.4 -14653.2 0 -3329.1 0 0
219000 -13666.7 -14931.1 0 -1752.39 0 0
220000 -17502.7 -11040.5 0 -1196.68 0 0
221000 -17299.7 -10127.8 0 -1054.29 0 0
222000 -15660.8 -13010.8 0 -18.9905 0 0
223000 -15602.6 -10541.6 0 1279.19 0 0
224000 -16044.7 -9744.62 0 -141.153 0 0
225000 -16271 -12856.1 0 -2190.44 0 0
226000 -12564.9 -10816.2 0 -1396.82 0 0
227000 -13265.4 -14716 0 -1089.1 0 0
228000 -14622.2 -12695.1 0 -1995.41 0 0
229000 -16057.3 -14883.7 0 1183.09 0 0
230000 -17775.1 -12108.9 0 -2124.97 0 0
231000 -16003.7 -12486.1 0 -2473.58 0 0
232000 -16679.9 -12977.5 0 971.776 0 0
233000 -14894.5 -13889.8 0 -71.5249 0 0
234000 -17787.6 -11913.9 0 835.893 0 0
235000 -13428.5 -12143.6 0 -662.248 0 0
236000 -12524.9 -15162.8 0 897.904 0 0
237000 -15300.3 -12854.4 0 -508.67 0 0
238000 -15056.8 -13671.2 0 -1421.11 0 0
239000 -11123.7 -15568.4 0 886.504 0 0
240000 -15773 -15860.8 0 -1025.11 0 0
241000 -13221.5 -15760.2 0 1246.36 0 0
242000 -16151.1 -13426.2 0 963.477 0 0
243000 -18251.6 -14994.7 0 1052.77 0 0
244000 -14988.7 -12728.3 0 1785.69 0 0
245000 -14281.6 -13579 0 1672.46 0 0
246000 -17405.2 -15473.7 0 3889.75 0 0
247000 -13610 -14267.8 0 437.256 0 0
248000 -13138.1 -15289.9 0 2808.27 0 0
249000 -15106.7 -16469.9 0 2456.52 0 0
250000 -14509.4 -15237.2 0 4563.76 0 0
251000 -14965.4 -14575.4 0 1192.84 0 0
252000 -12422.6 -14246.5 0 105.198 0 0
253000 -14402 -14843.7 0 271.72 0 0
254000 -15504.1 -15928.3 0 3297.21 0 0
255000 -16207.1 -13364.4 0 2459.96 0 0
256000 -15254.5 -16524.9 0 1328.75 0 0
257000 -14741.1 -13581.3 0 2246.4 0 0
258000 -16443.9 -13592.2 0 -1121.82 0 0
259000 -14281.4 -13977.9 0 1294.44 0 0
260000 -13138.9 -16909.7 0 2266.43 0 0
261000 -14792.6 -16788.9 0 8.82015 0 0
262000 -14035.4 -15429.8 0 -296.357 0 0
263000 -11112.6 -15048.6 0 -1600.7 0 0
264000 -14103.5 -17012.6 0 -358.415 0 0
265000 -15495.5 -16106.7 0 2791.98 0 0
266000 -16571.2 -14750.9 0 1728.12 0 0
267000 -13554.8 -15654 0 1058.7 0 0
268000 -14384.9 -13513 0 2657.36 0 0
269000 -13928.2 -13876.4 0 1500.91 0 0
270000 -13737.4 -12490 0 1381.89 0 0
271000 -13696.9 -16383.7 0 1772.21 0 0
272000 -12309.6 -12726.3 0 5490.18 0 0
273000 -14061.5 -13107.6 0 1228.66 0 0
274000 -13651.9 -18125.5 0 3552.69 0 0
275000 -13252 -16008.9 0 3065.88 0 0
276000 -13515.6 -14961.1 0 1424.21 0 0
277000 -18083.4 -15287.6 0 707.085 0 0
278000 -13202.3 -14388.1 0 1951.26 0 0
279000 -14153.5 -14020.1 0 2180.81 0 0
280000 -14729 -12843.1 0 832.326 0 0
281000 -12318.1 -13730.8 0 -550.305 0 0
282000 -14884.6 -12518.9 0 -711.615 0 0
283000 -12688.3 -12340.5 0 -1327.15 0 0
284000 -15545.6 -14809 0 -1429.29 0 0
285000 -17277.8 -16506.9 0 -1967.76 0 0
286000 -14463.5 -12964.7 0 456.673 0 0
287000 -12399.2 -15352.2 0 -848.734 0 0
288000 -13014.1 -13663.3 0 2659.01 0 0
289000 -13752.1 -14998.5 0 1178.76 0 0
290000 -12214.4 -16004.8 0 1776.64 0 0
291000 -14712.6 -14363.3 0 -688.745 0 0
292000 -18386.7 -11481.1 0 1857.17 0 0
293000 -15736.3 -12483.8 0 685.265 0 0
294000 -16407.2 -14974.1 0 3477 0 0
295000 -14043.2 -17568.2 0 1402.83 0 0
296000 -13563.9 -17526.2 0 -710.704 0 0
297000 -12212 -14884.3 0 1880.84 0 0
298000 -15954.1 -12361.9 0 3232.97 0 0
299000 -13777.7 -11738.2 0 -466.518 0 0
300000 -20905.2 -9956.7 0 872.208 0 0
301000 -21116.7 -12839.5 0 -1235.3 0 0
302000 -14842.6 -14969.9 0 2026.99 0 0
303000 -16687 -12861.8 0 276.543 0 0
304000 -15457.6 -16248.8 0 1253.78 0 0
305000 -15079.2 -13899.6 0 798.394 0 0
306000 -14066.5 -17130 0 996.906 0 0
307000 -17415.1 -14858.7 0 1801.37 0 0
308000 -13189.1 -16069.7 0 -698.78 0 0
309000 -14164.1 -17336 0 856.637 0 0
310000 -13422.6 -13554.5 0 2889.7 0 0
311000 -14959.9 -16966 0 9.40694 0 0
312000 -12510.8 -15467.5 0 -3468.08 0 0
313000 -14819 -15023.1 0 498.555 0 0
314000 -15919.4 -16411.7 0 -2150.63 0 0
315000 -13966.3 -17306.6 0 -1003.65 0 0
316000 -16493 -17338.4 0 -3969.41 0 0
317000 -13024.3 -18021.2 0 -1514.82 0 0
318000 -16510.2 -13509.9 0 127.184 0 0
319000 -15633.7 -18000.4 0 376.214 0 0
320000 -13587.7 -15326.2 0 371.669 0 0
321000 -16134.2 -14531.3 0 -2472.25 0 0
322000 -14199.4 -17155.3 0 -337.076 0 0
323000 -16544 -14941.3 0 194.561 0 0
324000 -13314.5 -15593.9 0 -160.953 0 0
325000 -16907.8 -16254.5 0 -1693.24 0 0
326000 -15949.7 -14928.9 0 -851.353 0 0
327000 -16803 -13644 0 320.129 0 0
328000 -17416.8 -11542.2 0 1304.41 0 0
329000 -17587.2 -11803.4 0 -3057.54 0 0
330000 -17771.9 -14902.2 0 -2715.44 0 0
331000 -14597.9 -16525.9 0 -1186.29 0 0
332000 -16590.2 -15802.5 0 -2217.12 0 0
333000 -17121.9 -14694.8 0 -1416.21 0 0
334000 -17563.4 -13079.8 0 -2360.97 0 0
335000 -15716.9 -13299.5 0 763.958 0 0
336000 -15792.5 -14774.3 0 -95.2943 0 0
337000 -13976.8 -14585 0 871.716 0 0
338000 -14544.7 -15609.3 0 -514.493 0 0
339000 -16584.5 -16181 0 367.142 0 0
340000 -16467.5 -15366.8 0 661.481 0 0
341000 -14912.9 -18404 0 2729.55 0 0
342000 -15048.5 -16732.9 0 1581.56 0 0
343000 -11886.9 -17972.5 0 900.962 0 0
344000 -14354.5 -13818.5 0 -1136.33 0 0
345000 -15408.4 -14885.6 0 139.594 0 0
346000 -15401.8 -12569.4 0 2955.49 0 0
347000 -15337.3 -15374.7 0 2765.41 0 0
348000 -17276.2 -12416.3 0 1342.87 0 0
349000 -14807.5 -14507.9 0 3325.59 0 0
350000 -15317.1 -14458.3 0 1401.16 0 0
351000 -15877 -15074.9 0 2034.46 0 0
352000 -17084.4 -11727.3 0 525.003 0 0
353000 -7417.42 -18128 0 976.333 0 0
354000 -14532.3 -12336.2 0 -7.45251 0 0
355000 -12996.3 -16152.7 0 2280.08 0 0
356000 -15877.8 -14230.9 0 33.0399 0 0
357000 -14989.8 -15964.4 0 1441.21 0 0
358000 -16080.6 -13972.7 0 2920.09 0 0
359000 -13155.5 -15792.4 0 2069.58 0 0
360000 -16581.2 -13352.7 0 3624.06 0 0
361000 -13912.1 -16330.8 0 2808.96 0 0
362000 -17727.8 -15995.6 0 3256.68 0 0
363000 -13957.1 -14771.2 0 3356.27 0 0
364000 -16532.1 -15175.5 0 4306.33 0 0
365000 -15324.4 -13800.7 0 3788.48 0 0
366000 -12850.5 -14871.6 0 375.804 0 0
367000 -17214.6 -13115.6 0 1650.53 0 0
368000 -14558.1 -16602.1 0 1558.68 0 0
369000 -12894.6 -13496.8 0 326.462 0 0
370000 -15012.5 -15062.6 0 1258.04 0 0
371000 -14782.5 -16335.5 0 2475.3 0 0
372000 -14972.2 -14944.3 0 -229.734 0 0
373000 -14688 -15117.6 0 1070.15 0 0
374000 -13016.8 -13940.5 0 2379.26 0 0
375000 -14911.2 -13993.7 0 218.961 0 0
376000 -14083.3 -12604.6 0 2360.4 0 0
377000 -14622.3 -13542.8 0 2791.05 0 0
378000 -14369.7 -16545.5 0 216.733 0 0
379000 -16488.2 -14306.1 0 757.973 0 0
380000 -14933 -14641.6 0 824.527 0 0
381000 -14894.2 -17236.4 0 4816.45 0 0
382000 -16294.3 -15026.8 0 909.6 0 0
383000 -10232.4 -15802.1 0 1560.38 0 0
384000 -13918.4 -15525.1 0 -1453.53 0 0
385000 -16039.7 -15156.4 0 2099.98 0 0
386000 -14180.1 -13548.3 0 1977.62 0 0
387000 -14046.8 -15512.8 0 1255.45 0 0
388000 -15716.3 -11806.6 0 2469.58 0 0
389000 -13545.3 -16949.4 0 221.609 0 0
390000 -15705.7 -11670.7 0 -389.756 0 0
391000 -14092.5 -12551.8 0 -652.928 0 0
392000 -12755.6 -16309.2 0 -291.461 0 0
393000 -13227.6 -15908.8 0 1337.88 0 0
394000 -10658.9 -16737.8 0 1141.15 0 0
395000 -11458.2 -18955.7 0 -1592.7 0 0
396000 -11873.8 -13865 0 -3679.67 0 0
397000 -11430.7 -14042.1 0 -1793.8 0 0
398000 -15418.9 -14628.5 0 -1649.39 0 0
399000 -12619.7 -14983.9 0 -3740.49 0 0
400000 -11892 -15556.8 0 -33.7103 0 0
401000 -12542.3 -14452.1 0 -2603.23 0 0
402000 -15737.2 -12361.8 0 -1862.19 0 0
403000 -14793.7 -15402.3 0 -2960.09 0 0
404000 -14333.4 -15977.5 0 -4543.66 0 0
405000 -14119.9 -16190 0 -3345.51 0 0
406000 -14581.3 -13421.3 0 952.567 0 0
407000 -15269.2 -12528.9 0 -1854.47 0 0
408000 -13113.6 -17069.6 0 -1113.33 0 0
409000 -14576 -15296.1 0 70.0576 0 0
410000 -17261.7 -13722.4 0 -3202.33 0 0
411000 -17514.7 -14235.1 0 -1822 0 0
412000 -18213.3 -15456.3 0 -2490.8 0 0
413000 -11903.6 -17222.1 0 -492.311 0 0
414000 -9277.68 -16004.7 0 -614.391 0 0
415000 -12796.2 -16762.8 0 -504.651 0 0
416000 -14313.6 -15334 0 -1047.11 0 0
417000 -12151.7 -15752.1 0 -2186.46 0 0
418000 -14690.6 -10998.7 0 -96.0713 0 0
419000 -14367.7 -13019.7 0 -983.558 0 0
420000 -16023.2 -15516.4 0 1299.82 0 0
421000 -12670.6 -15138.2 0 -2212.75 0 0
422000 -14684 -13037.9 0 -3933.88 0 0
423000 -16191 -11111.5 0 -3024.75 0 0
424000 -15964.9 -16658.2 0 -2932.54 0 0
425000 -13915.8 -13932.7 0 -2984.05 0 0
426000 -15974 -14803.5 0 -2930.56 0 0
427000 -13304.7 -14957.8 0 -279.296 0 0
428000 -12710.3 -15576.8 0 473.078 0 0
429000 -14862.5 -14573.3 0 -1326.16 0 0
430000 -15288.6 -13651.3 0 -949.011 0 0
431000 -16327.6 -13061.8 0 240.701 0 0
432000 -13443.9 -13539 0 -3006.37 0 0
433000 -13976.9 -14938.2 0 -1534.71 0 0
434000 -14717.8 -17086.4 0 -1547.95 0 0
435000 -13085.4 -17065.4 0 -1634.09 0 0
436000 -14045.9 -14239.4 0 3645.7 0 0
437000 -14647.7 -12986.8 0 2318.74 0 0
438000 -13862.4 -18146.6 0 740.34 0 0
439000 -15739 -12998.6 0 475.533 0 0
440000 -15071.8 -14463.6 0 595.283 0 0
441000 -11734.3 -14040.2 0 1652.74 0 0
442000 -10371.8 -17489.7 0 4213.07 0 0
443000 -15661.4 -15324 0 -1017.62 0 0
444000 -14508 -16204.7 0 541.596 0 0
445000 -14884.2 -15307.8 0 -344.455 0 0
446000 -14662.1 -13763 0 -2039.99 0 0
447000 -16066 -11974.6 0 2096.63 0 0
448000 -13197 -15703.5 0 -109.686 0 0
449000 -13917.3 -12994.4 0 2201.41 0 0
450000 -12778.6 -14735.6 0 1428.48 0 0
451000 -12248.6 -19790.8 0 -323.181 0 0
452000 -15757.8 -13337 0 3005.61 0 0
453000 -13748.9 -14921.5 0 1976.65 0 0
454000 -14724.4 -12161.6 0 2185.06 0 0
455000 -14472.4 -17990.4 0 -1997.58 0 0
456000 -16682.7 -13937.8 0 3184.08 0 0
457000 -15710.9 -15905.9 0 -395.329 0 0
458000 -15161.6 -15001.9 0 475.018 0 0
459000 -13004.6 -15885.1 0 1584.47 0 0
460000 -15119.4 -13885.8 0 271.636 0 0
461000 -16208.4 -13968.8 0 1732.91 0 0
462000 -17946.5 -12351.4 0 -788.046 0 0
463000 -15538 -16898.1 0 2546.91 0 0
464000 -17714.9 -16131.5 0 2349.44 0 0
465000 -15092.2 -15716.9 0 479.529 0 0
466000 -18387.3 -13096.7 0 2307.5 0 0
467000 -17543.9 -13884.1 0 909.344 0 0
468000 -12824 -16848.1 0 1739.75 0 0
469000 -14656 -15445.5 0 786.145 0 0
470000 -14911.6 -14552.1 0 -1299.32 0 0
471000 -17594 -13858.2 0 655.555 0 0
472000 -15397.4 -13311.2 0 2123.38 0 0
473000 -14747.8 -14039.5 0 506.151 0 0
474000 -12336.3 -15303.4 0 737.095 0 0
475000 -17309.3 -15016.5 0 -224.888 0 0
476000 -14378.6 -13406.4 0 752.401 0 0
477000 -14047.7 -14642.4 0 -273.196 0 0
478000 -11825.5 -15019.7 0 2256.12 0 0
479000 -12398.9 -14256.5 0 1714.98 0 0
480000 -14746.8 -12214.4 0 1445.91 0 0
481000 -13649.9 -14108.6 0 1914.23 0 0
482000 -15446 -15291.7 0 646.995 0 0
483000 -15639.4 -15695.3 0 -2635.82 0 0
484000 -12249 -18827.9 0 1033.12 0 0
485000 -10042.6 -14421.5 0 536.829 0 0
486000 -11262.2 -16045.8 0 -629.943 0 0
487000 -15788.3 -12558 0 1677.46 0 0
488000 -15772.1 -12843 0 -1637.31 0 0
489000 -13092.8 -12630 0 -1034.38 0 0
490000 -14751.2 -10838.9 0 -824.091 0 0
491000 -16503.5 -13695.7 0 331.525 0 0
492000 -12839.7 -15658.6 0 1384.2 0 0
493000 -16303.3 -13703.3 0 -933.819 0 0
494000 -14406 -14391.1 0 -238.359 0 0
495000 -16727.4 -14234.8 0 -3016.77 0 0
496000 -11593.8 -13357.1 0 -1599.58 0 0
497000 -14244.7 -14048.9 0 -3304.37 0 0
498000 -14702.3 -13020.4 0 -1654.27 0 0
499000 -16348.8 -13452 0 -630.798 0 0
500000 -16071.6 -12292.3 0 -44.1019 0 0
