# Time-averaged data for fix ps1
# TimeStep c_thermo_press[1] c_thermo_press[2] c_thermo_press[3] c_thermo_press[4] c_thermo_press[5] c_thermo_press[6]
1000 -53397.7 -54856.5 0 -1844.68 0 0
2000 -52750.3 -53738 0 -2235.89 0 0
3000 -52425.6 -54258.3 0 -2001.59 0 0
4000 -53011.4 -54182.4 0 -1531.65 0 0
5000 -54666.5 -51496.8 0 -2292.94 0 0
6000 -52746.7 -54407 0 -3227.76 0 0
7000 -53026.1 -54147.6 0 -3215.08 0 0
8000 -52650.1 -54333.7 0 -2171.52 0 0
9000 -53503.5 -54515.7 0 -3532.23 0 0
10000 -51624.4 -53824 0 -3880.98 0 0
11000 -52103.8 -56797.7 0 -4839.11 0 0
12000 -52541.8 -54780 0 -4232.03 0 0
13000 -53484.5 -53861.7 0 -5784.29 0 0
14000 -53028.4 -54523.3 0 -3864.73 0 0
15000 -53831 -54781.8 0 -5393.5 0 0
16000 -52472.6 -53073.9 0 -5438.21 0 0
17000 -52676.4 -53985.7 0 -6191.48 0 0
18000 -52809.9 -54285.7 0 -5162.14 0 0
19000 -53616.3 -52507.6 0 -6262.58 0 0
20000 -52800.6 -53222.2 0 -4065.59 0 0
21000 -52352.1 -56524.3 0 -5691.19 0 0
22000 -51865.3 -54957.8 0 -7005.46 0 0
23000 -54366.4 -53701.4 0 -6187.7 0 0
24000 -53790.3 -54052.2 0 -5906 0 0
25000 -53521.7 -53285.1 0 -6667.48 0 0
26000 -52672.3 -52680.3 0 -6541.91 0 0
27000 -53342.5 -54088.6 0 -5841.97 0 0
28000 -52241.4 -53393.7 0 -4856.5 0 0
29000 -51577.8 -52933.1 0 -5330.51 0 0
30000 -55128.1 -53921.8 0 -6373.4 0 0
31000 -53958.7 -52970.4 0 -6195.69 0 0
32000 -53304.3 -54285.1 0 -6908.48 0 0
33000 -53883.8 -54220.2 0 -5152.4 0 0
34000 -52782.1 -53758.3 0 -5011.55 0 0
35000 -53282.6 -53827.6 0 -5724.82 0 0
36000 -53225.5 -52707.3 0 -5380.78 0 0
37000 -52828.7 -57226.5 0 -3893.99 0 0
38000 -53526.1 -52757.3 0 -3392.44 0 0
39000 -51096.8 -54451.3 0 -4326.33 0 0
40000 -51099.3 -55099.9 0 -4093.61 0 0
41000 -54900.6 -55471.7 0 -3472.34 0 0
42000 -54114.8 -52165.1 0 -3858.97 0 0
43000 -54934 -53960.7 0 -2614.45 0 0
44000 -54457.4 -53940 0 -3467.83 0 0
45000 -54688.4 -55022.1 0 -1341.22 0 0
46000 -53514.6 -53887 0 -2053.84 0 0
47000 -53913.3 -55754.6 0 -2495.4 0 0
48000 -52666.9 -53607.3 0 -1412.85 0 0
49000 -55141.5 -53458.1 0 -1539.02 0 0
50000 -52256.3 -53628.2 0 -1299.58 0 0
51000 -52176.3 -54279.7 0 1182.11 0 0
52000 -53155.8 -53811.5 0 -1017.35 0 0
53000 -51897 -53861.9 0 736.758 0 0
54000 -54104.6 -54563.3 0 595.56 0 0
55000 -52142.3 -54060.8 0 396.123 0 0
56000 -53690.1 -51032.5 0 1079.81 0 0
57000 -53138 -52794.5 0 4058.66 0 0
58000 -53049 -53042.2 0 3392.57 0 0
59000 -52189.7 -54679.1 0 3583.82 0 0
60000 -53539.5 -55105.3 0 2886.42 0 0
61000 -52612.1 -50957.3 0 4162.02 0 0
62000 -53968.2 -54054.2 0 2364.53 0 0
63000 -52149 -53971.8 0 2787.26 0 0
64000 -52613.7 -55750.9 0 5478.21 0 0
65000 -53940.1 -55601.7 0 4909.58 0 0
66000 -51625.1 -54187.8 0 3980.62 0 0
67000 -53503.6 -54548.9 0 5230.63 0 0
68000 -56238.3 -53446.7 0 5375.72 0 0
69000 -53308 -52457.4 0 5390.2 0 0
70000 -54769.8 -54857.9 0 5238.9 0 0
71000 -53296.5 -53055 0 4666.65 0 0
72000 -53380.5 -55562 0 5842.17 0 0
73000 -53202.4 -53861.9 0 6613.95 0 0
74000 -54644.6 -56058.7 0 5749.95 0 0
75000 -52931.2 -55089.5 0 6264.05 0 0
76000 -52771 -55055.7 0 4867.2 0 0
77000 -52398 -53844.2 0 3071.66 0 0
78000 -53798.9 -56125.1 0 3227.77 0 0
79000 -55214 -54373.2 0 5596.94 0 0
80000 -53283.9 -52756.1 0 5732.93 0 0
81000 -51914.3 -55435.9 0 4761.04 0 0
82000 -54269.6 -53938.4 0 6604.36 0 0
83000 -53148 -54392.6 0 3742.98 0 0
84000 -52603.6 -53919 0 4000.44 0 0
85000 -53916.9 -54580.9 0 3063.1 0 0
86000 -53796.6 -54823.5 0 4887.4 0 0
87000 -53836.9 -53460.4 0 3956.59 0 0
88000 -51936.8 -53549.3 0 3018.03 0 0
89000 -54299.5 -54333.7 0 4708.46 0 0
90000 -53401.4 -53925.2 0 2558.7 0 0
91000 -53529.8 -53235.3 0 2829.04 0 0
92000 -53228.3 -53918.3 0 2360.27 0 0
93000 -53851.8 -53219.1 0 680.894 0 0
94000 -54965 -53009.5 0 2420.83 0 0
95000 -53682.6 -54501.1 0 1064.51 0 0
96000 -53489.9 -54730.3 0 750.789 0 0
97000 -53992.3 -54148.3 0 15.1265 0 0
98000 -55238.2 -54125.1 0 -717.793 0 0
99000 -53474.8 -53202.8 0 105.513 0 0
100000 -55352.1 -54914.9 0 162.135 0 0
101000 -53706.4 -54006.7 0 -1722.72 0 0
102000 -53578.6 -53797.7 0 -1651.86 0 0
103000 -53979.1 -54440.5 0 -2027.69 0 0
104000 -52540.5 -53993.1 0 -3208.78 0 0
105000 -52489.2 -54432.6 0 -2564.74 0 0
106000 -53033.5 -56449.1 0 -1414.41 0 0
107000 -53207.5 -57168.1 0 -2917.63 0 0
108000 -53184.8 -54768.6 0 -2736.14 0 0
109000 -53149.1 -52983.2 0 -4199.4 0 0
110000 -52408.1 -57190.4 0 -4849.09 0 0
111000 -52792.5 -52957.7 0 -4646.42 0 0
112000 -52761.6 -52550.4 0 -4463.81 0 0
113000 -54031.9 -53672.4 0 -4927.85 0 0
114000 -52548.4 -54181.7 0 -4808.03 0 0
115000 -52028.8 -54393 0 -5616.75 0 0
116000 -53430.5 -53972.8 0 -4781.96 0 0
117000 -52705.8 -53968 0 -4843.94 0 0
118000 -52657.8 -54259.5 0 -6431.16 0 0
119000 -54562.7 -53866.5 0 -5981.69 0 0
120000 -52958.5 -54956.6 0 -7619.92 0 0
121000 -54946.9 -54448.4 0 -6766.84 0 0
122000 -53241.4 -53213.8 0 -4854.42 0 0
123000 -53589.2 -54206 0 -8628.41 0 0
124000 -53566.7 -55433.3 0 -5850.12 0 0
125000 -53169.4 -53828 0 -7131.32 0 0
126000 -52692.7 -52577 0 -5037.15 0 0
127000 -54573.6 -53582.3 0 -6846 0 0
128000 -52226.5 -54586.5 0 -6377.4 0 0
129000 -54667.7 -54531.4 0 -6688.43 0 0
130000 -52637.5 -54701.1 0 -6810.49 0 0
131000 -52149.2 -53947.5 0 -4452.64 0 0
132000 -53549 -54139 0 -6474.3 0 0
133000 -53264.2 -53317.4 0 -5581.08 0 0
134000 -55202.9 -51865.4 0 -6031.94 0 0
135000 -53789.5 -53314.2 0 -7051.75 0 0
136000 -52702.1 -53498.8 0 -6277.16 0 0
137000 -52972.5 -55146.6 0 -3593.82 0 0
138000 -54631.2 -54517.4 0 -4466.27 0 0
139000 -54057.3 -55038.2 0 -4873.26 0 0
140000 -53149.8 -55193.4 0 -4060.74 0 0
141000 -54068.1 -52949.3 0 -4440.29 0 0
142000 -52065.1 -53937.6 0 -2780.5 0 0
143000 -53102.3 -51608.1 0 -984.337 0 0
144000 -54785.2 -55036.9 0 -4278.69 0 0
145000 -53272.7 -53271.9 0 -2337.26 0 0
146000 -54079.5 -53052.8 0 -2426.97 0 0
147000 -53972.9 -53696.2 0 -2746.18 0 0
148000 -53528.2 -54066.7 0 -685.18 0 0
149000 -54278.2 -53115.7 0 -1745.49 0 0
150000 -52587.8 -53569.6 0 -1505.11 0 0
151000 -53573.8 -52830.8 0 883.032 0 0
152000 -54068 -54967.1 0 874.707 0 0
153000 -55858.2 -51962.3 0 128.222 0 0
154000 -53174.9 -53098.8 0 2601.85 0 0
155000 -53082 -53943.5 0 1898.66 0 0
156000 -54255 -52676.3 0 1989.04 0 0
157000 -54800.4 -53556.5 0 3461.19 0 0
158000 -53347.1 -55034.2 0 1707.8 0 0
159000 -52494.2 -53269.1 0 2105.58 0 0
160000 -55863.2 -52869.9 0 880.119 0 0
161000 -51953 -53293.1 0 4026.62 0 0
162000 -52840.4 -53420 0 2578.11 0 0
163000 -54073.4 -55331.5 0 3103.52 0 0
164000 -53886.5 -53889.6 0 3338.97 0 0
165000 -54735.2 -53980.9 0 4829.9 0 0
166000 -53641.8 -54641.2 0 5405.68 0 0
167000 -54434.1 -52526.1 0 4037.09 0 0
168000 -53959.2 -51853.8 0 4834.9 0 0
169000 -53483 -56207.4 0 4858.14 0 0
170000 -53984.5 -53438.9 0 5719.25 0 0
171000 -51653.7 -55066.3 0 4604.65 0 0
172000 -53619.3 -54039.2 0 5145.16 0 0
173000 -52648.3 -55393.6 0 4384.77 0 0
174000 -53620.7 -54556.7 0 6331.29 0 0
175000 -52657.6 -54446.6 0 4555.81 0 0
176000 -52621.3 -53617.9 0 6645.61 0 0
177000 -53122.9 -52324.1 0 3829.78 0 0
178000 -53796.1 -52416.2 0 5198.79 0 0
179000 -53803.5 -54359.3 0 6040.99 0 0
180000 -52585.9 -55547.1 0 5146.01 0 0
181000 -53652.1 -54769.3 0 4337.75 0 0
182000 -52738.3 -53240.5 0 4093.53 0 0
183000 -53940.2 -54622.4 0 5157 0 0
184000 -52820.7 -54320 0 3949.62 0 0
185000 -54115.1 -54642.3 0 3929.3 0 0
186000 -56061.9 -55872.1 0 5615.02 0 0
187000 -53742.7 -53488.4 0 4819.47 0 0
188000 -55172.5 -53741 0 2521.31 0 0
189000 -55012.3 -55619.9 0 3306.32 0 0
190000 -52402.6 -56591.7 0 2522.47 0 0
191000 -54570.8 -53038.9 0 2751.92 0 0
192000 -54163.6 -53942.2 0 2336.63 0 0
193000 -53430.6 -52521.2 0 1833.7 0 0
194000 -55165.3 -54216.4 0 1794.09 0 0
195000 -53176.6 -54345.2 0 1963.26 0 0
196000 -53057 -54612.4 0 325.471 0 0
197000 -53190.3 -52410 0 374.914 0 0
198000 -55327 -52544 0 -1568.94 0 0
199000 -55102.9 -53140.3 0 185.441 0 0
200000 -52946.6 -53929.9 0 -1214.39 0 0
201000 -53863.7 -53589 0 -1117.42 0 0
202000 -54711.2 -54573 0 -1012.69 0 0
203000 -52845.6 -52704.7 0 -928.026 0 0
204000 -52912.3 -54106.6 0 -1471.82 0 0
205000 -51446.8 -54659.7 0 -1898.91 0 0
206000 -53725.1 -52729.8 0 -2926.09 0 0
207000 -54497.3 -52440.3 0 -2786.14 0 0
208000 -53500.7 -53345.4 0 -2954.9 0 0
209000 -53184.1 -53878.1 0 -4837.7 0 0
210000 -54750.2 -53712.4 0 -2956.75 0 0
211000 -52511.3 -53896.5 0 -3932.89 0 0
212000 -51937.2 -54234.6 0 -4644.97 0 0
213000 -54050.2 -52392.3 0 -4230.39 0 0
214000 -52531.2 -53285.3 0 -4951.31 0 0
215000 -53180.2 -53198.7 0 -6907.34 0 0
216000 -53221.6 -54232.5 0 -5608.8 0 0
217000 -52568.4 -53729.6 0 -7450.63 0 0
218000 -54934 -55667.5 0 -6883.96 0 0
219000 -53336.2 -53430.8 0 -6420.86 0 0
220000 -53588.2 -52210.6 0 -6433.93 0 0
221000 -55872.6 -52976.3 0 -6107.4 0 0
222000 -54284.8 -53488.7 0 -6733.95 0 0
223000 -52355.3 -53452.4 0 -6477.76 0 0
224000 -55088.4 -52629.4 0 -7703.1 0 0
225000 -53638.3 -53865.4 0 -5876.54 0 0
226000 -52763 -55023.9 0 -5781.37 0 0
227000 -54176 -55678.6 0 -6855.31 0 0
228000 -53073.9 -53143.8 0 -5978.27 0 0
229000 -52732.8 -53657.6 0 -6175.33 0 0
230000 -54935 -54847.3 0 -5210.82 0 0
231000 -55581 -53542.5 0 -6572.69 0 0
232000 -53741.1 -54388.6 0 -6071.81 0 0
233000 -53112.6 -53259 0 -5534.54 0 0
234000 -54927.9 -52553.1 0 -5981.29 0 0
235000 -53324.6 -53424.4 0 -5769.68 0 0
236000 -52623.7 -54192 0 -6124.27 0 0
237000 -53175.9 -53387.4 0 -5111.68 0 0
238000 -53857.3 -54046.7 0 -3606.07 0 0
239000 -52888.6 -54721.4 0 -5559.1 0 0
240000 -53927.3 -54801.6 0 -4875.29 0 0
241000 -54606.8 -53669.1 0 -3910.77 0 0
242000 -54286.6 -52477.2 0 -4620.91 0 0
243000 -54502.9 -53524.7 0 -2816.17 0 0
244000 -52105.2 -54798 0 -2287.33 0 0
245000 -53723.6 -53085 0 -2714.56 0 0
246000 -53391.1 -53244.9 0 -2211.3 0 0
247000 -54259 -53795.4 0 -2897.7 0 0
248000 -52742 -54389.7 0 -783.746 0 0
249000 -52887.8 -52993.7 0 -1351.53 0 0
250000 -52701.9 -56251.7 0 -865.047 0 0
251000 -55111.7 -54355 0 1096.67 0 0
252000 -54050.1 -54638.8 0 -241.115 0 0
253000 -52869.4 -56558.1 0 1507.04 0 0
254000 -51661.1 -54720.5 0 674.422 0 0
255000 -54321.8 -54600.6 0 1570.77 0 0
256000 -53767.9 -53165 0 1245.75 0 0
257000 -55238.6 -53793.2 0 1437 0 0
258000 -54400.3 -53808.8 0 3785.32 0 0
259000 -53562.6 -53341.9 0 3606.76 0 0
260000 -52651.6 -52593.3 0 3264.02 0 0
261000 -54909.2 -54832.4 0 3092.8 0 0
262000 -53292.7 -56406.5 0 4746.7 0 0
263000 -54057.1 -55077.8 0 3188.05 0 0
264000 -53402 -55098.3 0 3479.09 0 0
265000 -54252.4 -52553.5 0 4908.01 0 0
266000 -54796.6 -54904.3 0 4796.24 0 0
267000 -54364.8 -53283.6 0 4285.11 0 0
268000 -53799.8 -55255.6 0 4382.98 0 0
269000 -53611.3 -53967.8 0 5564.85 0 0
270000 -53736.9 -54565.1 0 5018.26 0 0
271000 -52906 -55471.4 0 5023.75 0 0
272000 -55051.3 -53134.4 0 4392.22 0 0
273000 -54541.4 -52904.7 0 4691.99 0 0
274000 -57488.5 -53616.5 0 6555.96 0 0
275000 -52701.8 -53081.8 0 4080.47 0 0
276000 -54005.9 -54213.2 0 5494.59 0 0
277000 -52170 -53740.2 0 5301.09 0 0
278000 -53473.2 -51805.2 0 5265 0 0
279000 -52742 -53197.5 0 5753.25 0 0
280000 -54385.3 -54307.8 0 6920.46 0 0
281000 -52509.9 -53975.5 0 3963.79 0 0
282000 -53774.3 -53565 0 4455.47 0 0
283000 -52709.9 -53538 0 5659.56 0 0
284000 -54751.6 -54443.8 0 4023.16 0 0
285000 -53944.9 -55820.4 0 3737.74 0 0
286000 -54380.6 -52392.4 0 4838.65 0 0
287000 -53034.5 -53094.6 0 2197.14 0 0
288000 -55112.9 -54152.6 0 4673.39 0 0
289000 -54880.4 -54605.4 0 3400.95 0 0
290000 -54011.2 -54376.9 0 3651.79 0 0
291000 -51585.4 -56091.4 0 805.104 0 0
292000 -52959.5 -55297 0 2089.61 0 0
293000 -53462.5 -54480.3 0 2155.98 0 0
294000 -52799.6 -54979 0 1396.42 0 0
295000 -54102.6 -54001.8 0 1439.34 0 0
296000 -54819.2 -55430.5 0 370.981 0 0
297000 -54149.3 -55131.7 0 -229.165 0 0
298000 -52310.3 -54378.3 0 1179.47 0 0
299000 -54896.5 -54462.4 0 -177.207 0 0
300000 -53788.8 -54018.2 0 1527.66 0 0
301000 -53223 -54147.2 0 -528.965 0 0
302000 -53066.8 -52618.9 0 -1314.91 0 0
303000 -52324.5 -55159.3 0 -2379.14 0 0
304000 -55506.5 -52360.4 0 -1020.51 0 0
305000 -53266.9 -53425.6 0 -2068.34 0 0
306000 -51762.3 -55286.1 0 -2944.51 0 0
307000 -54077.1 -52005.9 0 -2886.36 0 0
308000 -51856.7 -54992.2 0 -4883.17 0 0
309000 -53736.9 -56679.3 0 -3348.32 0 0
310000 -52556.5 -52926.9 0 -3335.96 0 0
311000 -53241.9 -51590.7 0 -3937.88 0 0
312000 -53561.7 -54594.2 0 -5800.16 0 0
313000 -51657.2 -53101.9 0 -5874.68 0 0
314000 -54443.1 -55189.1 0 -4861.89 0 0
315000 -54413.8 -53786.4 0 -5058.93 0 0
316000 -52741.3 -53933 0 -5526.12 0 0
317000 -52468.1 -52990.3 0 -4811.37 0 0
318000 -52471.1 -55674.1 0 -5695.82 0 0
319000 -53727.1 -54431.7 0 -6699.29 0 0
320000 -55474.1 -53357.5 0 -5240.69 0 0
321000 -51745.5 -53810.4 0 -5802.22 0 0
322000 -54986.7 -51209.9 0 -7371.25 0 0
323000 -53097.4 -55006.5 0 -7297.79 0 0
324000 -53655 -53782 0 -6041.19 0 0
325000 -55250.4 -54386.9 0 -6807 0 0
326000 -54157.8 -53731.2 0 -7495.16 0 0
327000 -52340.9 -53206.4 0 -7966.11 0 0
328000 -53291.2 -54538.9 0 -7990.63 0 0
329000 -51657.4 -53606.1 0 -6138.28 0 0
330000 -53498.9 -54964.1 0 -5674.94 0 0
331000 -52129 -52281.1 0 -5825.81 0 0
332000 -54143.7 -52212.3 0 -5612.83 0 0
333000 -54539.9 -52684.1 0 -4820.67 0 0
334000 -53552 -51563.6 0 -4271.65 0 0
335000 -53031.6 -54184.6 0 -4790.71 0 0
336000 -53257.2 -52887 0 -4351.75 0 0
337000 -54416.5 -53684.4 0 -5547.06 0 0
338000 -54211.7 -54869.8 0 -3116.23 0 0
339000 -53996 -52669.3 0 -5087.5 0 0
340000 -54051.7 -54463.4 0 -3714.91 0 0
341000 -52807.9 -54279.5 0 -3786.56 0 0
342000 -54721.7 -52961.8 0 -2543.3 0 0
343000 -53234.2 -53529.1 0 -2777.28 0 0
344000 -54250.4 -54629.1 0 -1694.82 0 0
345000 -54008.2 -54570 0 -3714.58 0 0
346000 -53963.6 -53580.3 0 -2312.84 0 0
347000 -54138.6 -55424.9 0 -3318.94 0 0
348000 -52662.8 -54679 0 -2047.19 0 0
349000 -52992.8 -54241.9 0 -1274.15 0 0
350000 -51756.8 -54599.3 0 -805.902 0 0
351000 -56425.1 -52556.1 0 -770.042 0 0
352000 -54338 -53791.3 0 710.776 0 0
353000 -51273 -54052.2 0 264.006 0 0
354000 -53211.1 -55085.3 0 238.641 0 0
355000 -55110.3 -54295 0 955.573 0 0
356000 -53697.9 -54332.1 0 2070.33 0 0
357000 -54432.2 -52876.4 0 1693.35 0 0
358000 -56083.5 -52681.5 0 3726.99 0 0
359000 -53769.9 -54080.1 0 3155.93 0 0
360000 -52695.1 -53456 0 3746.19 0 0
361000 -52226.6 -54835.5 0 4260.55 0 0
362000 -55123.2 -54185.2 0 3939.98 0 0
363000 -52620.3 -54427.1 0 3785.27 0 0
364000 -54481.5 -55376.2 0 2109.03 0 0
365000 -53348 -55535.1 0 3100.89 0 0
366000 -52864.7 -52246.4 0 5336.96 0 0
367000 -53688.5 -51895.4 0 3009.01 0 0
368000 -55426.5 -54888.5 0 5065 0 0
369000 -53838.2 -54110.8 0 4673.28 0 0
370000 -52698 -53922.8 0 6018.27 0 0
371000 -52281.3 -53945.4 0 5330.14 0 0
372000 -52927.3 -53554.5 0 5854.81 0 0
373000 -52830.2 -52718.6 0 6125.27 0 0
374000 -54340.3 -53080.3 0 5657.02 0 0
375000 -53402.3 -54243.4 0 4534.33 0 0
376000 -54551 -53542.7 0 7032.3 0 0
377000 -54480.5 -52884.1 0 3657.38 0 0
378000 -51823.3 -55096 0 5339.55 0 0
379000 -54473.3 -54362.7 0 5885.17 0 0
380000 -54089.6 -53914.2 0 5980.55 0 0
381000 -53815.4 -52493.6 0 4068.3 0 0
382000 -53805.1 -54299.5 0 3926.5 0 0
383000 -53096.1 -54092.4 0 4814.46 0 0
384000 -54488.2 -55356.3 0 4299.47 0 0
385000 -54698.6 -54195.8 0 4745.04 0 0
386000 -53932.4 -52295.6 0 2242.29 0 0
387000 -53255.1 -53295.5 0 3063.76 0 0
388000 -52751.4 -52695.9 0 1791.24 0 0
389000 -55108 -54265.6 0 3757.83 0 0
390000 -54820.5 -51111.1 0 2636.49 0 0
391000 -51682.4 -54069.7 0 3317.21 0 0
392000 -55479.9 -55005.1 0 1590.83 0 0
393000 -54500.2 -51557.4 0 1167.64 0 0
394000 -54849.4 -52633.5 0 2792.1 0 0
395000 -54513.7 -52427.4 0 1135.56 0 0
396000 -52886.9 -54960.1 0 224.386 0 0
397000 -51837 -53568.9 0 -1535.96 0 0
398000 -54665.9 -53245.6 0 121.302 0 0
399000 -53821.8 -54984.7 0 401.391 0 0
400000 -52613.1 -54085.6 0 -723.102 0 0
401000 -50979.1 -53342.1 0 -743.115 0 0
402000 -52330.7 -54241.4 0 -1166.57 0 0
403000 -54419.7 -51644.6 0 -3232.6 0 0
404000 -53533.6 -54156.1 0 -1965.68 0 0
405000 -53625.8 -52804.5 0 -3055.24 0 0
406000 -54234.4 -53394.2 0 -4136.27 0 0
407000 -53383.6 -55338.7 0 -3971.58 0 0
408000 -54107.9 -54440.7 0 -4632.4 0 0
409000 -52013.8 -52666.5 0 -3203.7 0 0
410000 -54060.5 -53487.7 0 -4608.62 0 0
411000 -52291.4 -54619.7 0 -3676.38 0 0
412000 -52226 -55967.7 0 -7225.76 0 0
413000 -54411.4 -52073 0 -5161.15 0 0
414000 -53835.9 -54257.6 0 -3885.47 0 0
415000 -53342.1 -52623.7 0 -6956.28 0 0
416000 -54097.8 -55319.6 0 -6713.69 0 0
417000 -53848.5 -52333.9 0 -5799.63 0 0
418000 -56034.9 -51392 0 -5080.53 0 0
419000 -52873.5 -52568.7 0 -4551.99 0 0
420000 -53463.1 -54187.9 0 -5639.85 0 0
421000 -54599.8 -53941.1 0 -7092.43 0 0
422000 -54984.8 -53718.8 0 -6107.96 0 0
423000 -51995.8 -52414.5 0 -6944.92 0 0
424000 -53729.4 -54327.6 0 -7198.1 0 0
425000 -54783.4 -52775.7 0 -7866.27 0 0
426000 -52601.1 -52583.7 0 -5783.12 0 0
427000 -51986 -52696.4 0 -6466.05 0 0
428000 -51755.6 -53489.6 0 -7810.78 0 0
429000 -52678.8 -53089.6 0 -6565.09 0 0
430000 -52644.6 -54450.8 0 -8210.29 0 0
431000 -53536.7 -53962.4 0 -5513.69 0 0
432000 -51930.1 -56045.5 0 -6727.9 0 0
433000 -53660 -54486.2 0 -4997.87 0 0
434000 -52304.6 -53371.5 0 -6053.96 0 0
435000 -54372.6 -52403.8 0 -6494.68 0 0
436000 -53265.2 -55156.5 0 -4918.73 0 0
437000 -54155.2 -53792.2 0 -3682.42 0 0
438000 -53932 -52086.9 0 -3999.8 0 0
439000 -55014 -53946.1 0 -4862.33 0 0
440000 -54373.9 -55265.4 0 -3650.41 0 0
441000 -53546 -54479.8 0 -5215.83 0 0
442000 -54864.8 -53423.4 0 -4810.49 0 0
443000 -54003 -53026 0 -1598.91 0 0
444000 -53216.2 -55017 0 -2010.43 0 0
445000 -53759.8 -53064.8 0 -2153.4 0 0
446000 -53332.7 -54074.6 0 -1948.54 0 0
447000 -53317.1 -55903.4 0 -2496.72 0 0
448000 -55319.4 -52976.9 0 -405.915 0 0
449000 -53577.8 -53824.6 0 -363.5 0 0
450000 -54869.2 -51972.8 0 -301.73 0 0
451000 -53346.7 -52296.1 0 755.028 0 0
452000 -54197.3 -53176.7 0 448.72 0 0
453000 -53364.4 -53807.6 0 -736.11 0 0
454000 -55181.4 -52375.7 0 -418.42 0 0
455000 -54019.2 -54371.2 0 1026.53 0 0
456000 -52826 -54006.9 0 2214.75 0 0
457000 -53376.2 -53273.2 0 4010.22 0 0
458000 -54085 -54026.7 0 2300.9 0 0
459000 -53007.3 -54387.3 0 1628.29 0 0
460000 -54246.1 -54125.1 0 1617.77 0 0
461000 -54319.7 -52534.8 0 1720.34 0 0
462000 -53303.9 -53715 0 3381.19 0 0
463000 -55363 -53384.6 0 3699.48 0 0
464000 -53962.6 -52689.3 0 5078.64 0 0
465000 -54762.2 -52250.3 0 3504.24 0 0
466000 -53166.8 -54003.8 0 4976.08 0 0
467000 -53477.3 -54481.9 0 4777.18 0 0
468000 -53971.4 -53230.1 0 4870.65 0 0
469000 -55048.8 -54687.6 0 5903.35 0 0
470000 -53543.8 -53904.7 0 3877.63 0 0
471000 -55362 -50742.5 0 5256.32 0 0
472000 -53035.2 -55153.8 0 4708.02 0 0
473000 -52422.3 -54379.3 0 4355.08 0 0
474000 -53622 -56075 0 5761.86 0 0
475000 -55964.4 -54661.9 0 5344.84 0 0
476000 -50124.7 -53821.7 0 5520.54 0 0
477000 -52660.4 -53766.7 0 5690.05 0 0
478000 -54057.1 -54698.5 0 6015.38 0 0
479000 -51601.8 -53600.1 0 3754.17 0 0
480000 -54216.9 -54699.1 0 5551.89 0 0
481000 -53998.1 -53093.1 0 4378.62 0 0
482000 -54111.3 -53897.2 0 4813.5 0 0
483000 -54111.6 -55075.7 0 5112.57 0 0
484000 -52318.2 -53347.3 0 5866.07 0 0
485000 -53490.9 -55336 0 5081.37 0 0
486000 -54792.1 -53632.1 0 3450.49 0 0
487000 -53697.4 -55009.8 0 2974.42 0 0
488000 -52885.6 -53010.3 0 2162.03 0 0
489000 -52775.1 -53143.3 0 3675.69 0 0
490000 -54209.3 -52908.6 0 3094.93 0 0
491000 -55726.3 -53425.1 0 3873.95 0 0
492000 -55722 -54146.5 0 1376.77 0 0
493000 -53268.8 -52543.6 0 1247.42 0 0
494000 -52823.4 -54228.4 0 571.578 0 0
495000 -52875.4 -54659.8 0 1054.98 0 0
496000 -53923.2 -53823.5 0 1497.45 0 0
497000 -55116.1 -52680.2 0 1690.91 0 0
498000 -53423.6 -53096.4 0 408.957 0 0
499000 -53626.6 -52311.7 0 128.066 0 0
500000 -53884.9 -52375.7 0 -1872.65 0 0
