# Time-averaged data for fix ps1
# TimeStep c_thermo_press[1] c_thermo_press[2] c_thermo_press[3] c_thermo_press[4] c_thermo_press[5] c_thermo_press[6]
1000 23782.4 19165.3 0 2065.63 0 0
2000 23110.4 14783.9 0 -1306.43 0 0
3000 18842.8 21320.7 0 -706.685 0 0
4000 18770.4 21235.6 0 1002.07 0 0
5000 19158.4 18373.4 0 223.166 0 0
6000 16451.6 21553.4 0 -1335.29 0 0
7000 20718 18690.3 0 1845.04 0 0
8000 20453.1 17036.7 0 2382.7 0 0
9000 21086.4 15308.7 0 -1142.47 0 0
10000 22889.9 20096 0 1484.99 0 0
11000 23067.9 24795.5 0 2295.27 0 0
12000 20927.5 23696.6 0 -1258.97 0 0
13000 19032.1 21799.5 0 1663.35 0 0
14000 20724.8 19726.1 0 1591.94 0 0
15000 23971.1 22653.1 0 -634.491 0 0
16000 19796.8 18069.6 0 -572.26 0 0
17000 19837.1 23817.7 0 -681.613 0 0
18000 19445.5 19615.6 0 853.357 0 0
19000 19935.9 24581.4 0 -775.794 0 0
20000 18132.1 23450 0 -2791.7 0 0
21000 17548 19625.3 0 4008.65 0 0
22000 19718 18159.8 0 567.334 0 0
23000 16847.7 20906.3 0 3607.19 0 0
24000 15522.7 22171.8 0 -1205.87 0 0
25000 18749.3 21910.5 0 -2956.39 0 0
26000 17657 18302.3 0 -2047.71 0 0
27000 17593.4 22733.3 0 3950.23 0 0
28000 20112.1 20546.2 0 -1209.59 0 0
29000 20409.8 18397.4 0 -2039.5 0 0
30000 19081.8 21085.7 0 1437.33 0 0
31000 17491.8 19425.3 0 1611.36 0 0
32000 16871 18499.6 0 2147.93 0 0
33000 15810.2 19440.6 0 1864.06 0 0
34000 18808.8 16222.4 0 -1873.28 0 0
35000 16180.4 18233.3 0 1945.32 0 0
36000 18158 20632.5 0 -18.8644 0 0
37000 18219.2 17381.4 0 -81.2556 0 0
38000 16395.2 15854.6 0 -368.538 0 0
39000 15915 18825.6 0 5697.97 0 0
40000 18266.2 17507.8 0 1099.89 0 0
41000 21924.4 13483.5 0 -4080.06 0 0
42000 20162 16873.2 0 688.831 0 0
43000 19249.1 17654.5 0 -1072.45 0 0
44000 19159.5 16838.3 0 3911.02 0 0
45000 19398.9 19529.2 0 795.507 0 0
46000 20124.3 17823.3 0 -2806.34 0 0
47000 16493.2 18613.3 0 1558.05 0 0
48000 19105.1 18380.7 0 347.35 0 0
49000 16825.7 17112.2 0 -703.632 0 0
50000 18630.2 17721.7 0 225.247 0 0
51000 17446.1 18207.3 0 2334.5 0 0
52000 16317.7 16743.4 0 213.094 0 0
53000 17080.9 18070 0 -224.211 0 0
54000 13888.9 16642.9 0 428.383 0 0
55000 14223.2 16130.9 0 1557.89 0 0
56000 20885.4 17055.3 0 860.991 0 0
57000 17136.7 16579.7 0 2439.87 0 0
58000 18293.5 18745.5 0 1717.15 0 0
59000 17273.9 18877.3 0 -1448.61 0 0
60000 17827 16591.9 0 2158.88 0 0
61000 17107.7 17403.4 0 -301.636 0 0
62000 16506 19878.5 0 1260.34 0 0
63000 15962.3 14453.3 0 -1205.67 0 0
64000 14175.9 19354 0 814.88 0 0
65000 17877.4 15993.4 0 799.291 0 0
66000 17984.2 13704.8 0 -506.454 0 0
67000 18375.4 15444.5 0 -1191.65 0 0
68000 17032.5 14818.7 0 -97.2953 0 0
69000 18094.7 12893.8 0 -1064.47 0 0
70000 16570.5 19909.1 0 -2512.79 0 0
71000 14927.2 18949.4 0 -542.811 0 0
72000 15959.7 18111.3 0 -615.859 0 0
73000 19031.9 15870.7 0 559.351 0 0
74000 16390.5 19762.9 0 -3443.19 0 0
75000 16897.3 18875.9 0 358.434 0 0
76000 15616.3 22332.2 0 1509.69 0 0
77000 17244.7 14477.7 0 -4502.41 0 0
78000 20772.2 11956.5 0 172.89 0 0
79000 17864.2 18623.1 0 842.883 0 0
80000 19832 18767.2 0 1957.1 0 0
81000 23294.8 17199.8 0 -1489.96 0 0
82000 18013.7 15356.4 0 821.604 0 0
83000 20594.1 16087.3 0 3193.64 0 0
84000 20667.3 17773.7 0 -612.73 0 0
85000 17881.1 16821.8 0 -1613.92 0 0
86000 18808.2 15557.6 0 -1367.66 0 0
87000 19181.5 17144.8 0 353.051 0 0
88000 19626.3 21256 0 -2343.06 0 0
89000 17993.4 18807.7 0 62.6387 0 0
90000 15410.7 15471.5 0 -355.513 0 0
91000 19271.1 17907.2 0 -1314.56 0 0
92000 16625.3 17749 0 3114.73 0 0
93000 19832.4 16941.9 0 2861.46 0 0
94000 14302.8 14442.6 0 1419.32 0 0
95000 16778.2 16326.5 0 -332.469 0 0
96000 12942 16482.1 0 -1547.85 0 0
97000 15419.8 19307.5 0 -1412.86 0 0
98000 17232.7 16680.5 0 -236.153 0 0
99000 18301.3 16941.4 0 -1071.32 0 0
100000 15287.6 15073.8 0 849.739 0 0
101000 17168.5 13681.9 0 1195.31 0 0
102000 15706.9 20753.3 0 1893.52 0 0
103000 11814.6 21356 0 -968.257 0 0
104000 16330.8 17666.3 0 211.645 0 0
105000 12906.3 18037.1 0 1221.39 0 0
106000 15285.1 17988.7 0 1526.27 0 0
107000 16154.1 12106.3 0 -900.525 0 0
108000 19633.9 16492.3 0 -1030.57 0 0
109000 16068.5 19360.7 0 -2200.56 0 0
110000 19974.2 17877 0 -2651.97 0 0
111000 19007.2 20123.8 0 1571.71 0 0
112000 18183.8 21679.1 0 -2205.07 0 0
113000 17892.3 18897.7 0 1416.87 0 0
114000 15466.7 19822.3 0 -2244.33 0 0
115000 18317.9 15364.2 0 357.062 0 0
116000 17120.9 15648.6 0 303.249 0 0
117000 17085.7 15434.2 0 -2020.69 0 0
118000 17506.1 18796.8 0 388.75 0 0
119000 20524.6 15274.1 0 -286.096 0 0
120000 20040.7 16014 0 -319.832 0 0
121000 18935.1 17414.3 0 -2338.6 0 0
122000 21541.4 18425.4 0 -2207.18 0 0
123000 16430.6 17456 0 -4447.38 0 0
124000 17346 20892.2 0 2119.02 0 0
125000 21515.2 18933.7 0 -152.635 0 0
126000 20878.3 18616.4 0 -254.196 0 0
127000 22747.8 19561.9 0 2478.69 0 0
128000 20518.2 20129 0 -285.803 0 0
129000 18450.4 21043.9 0 -123.032 0 0
130000 18735.3 21539.5 0 1100.13 0 0
131000 16843.7 21765.4 0 -773.457 0 0
132000 17137 22632.2 0 1685.99 0 0
133000 19317.4 18150.4 0 142.729 0 0
134000 17775.7 21003.7 0 426.272 0 0
135000 17504.7 17421.2 0 -404.541 0 0
136000 13001.8 19817.7 0 -236.327 0 0
137000 16947.7 21983.5 0 -1758.51 0 0
138000 20667.9 21315.1 0 145.082 0 0
139000 20352.7 16453 0 1343.43 0 0
140000 22426.5 18375.3 0 1458.12 0 0
141000 23333.8 19128.8 0 442.467 0 0
142000 18544.5 20672.4 0 1239.62 0 0
143000 17361.6 19673.3 0 -1383.53 0 0
144000 21507.4 19763.1 0 1817.71 0 0
145000 21446.3 16790.8 0 2138.34 0 0
146000 16526.9 19795.9 0 -1291.79 0 0
147000 21270.3 15306.3 0 -1006.68 0 0
148000 16632.3 18361.1 0 -3133.5 0 0
149000 15265.3 19493 0 2047.13 0 0
150000 17320.6 22108.2 0 -203.296 0 0
151000 21724.1 17847.4 0 -798.361 0 0
152000 21400.3 17897.8 0 -1039.49 0 0
153000 17900.3 15820.4 0 -1953 0 0
154000 16841.5 21345.2 0 -4303.8 0 0
155000 16999.9 20263 0 -1273.68 0 0
156000 21108.8 17382.1 0 -1487.45 0 0
157000 23960.9 16094.8 0 -367.161 0 0
158000 22057.1 18789.1 0 -2166.37 0 0
159000 20553.1 18273.5 0 -72.4382 0 0
160000 18598.7 24524.2 0 1844.02 0 0
161000 22819.8 18337.7 0 -586.588 0 0
162000 19244 20002.9 0 1987.71 0 0
163000 16415.1 20483.5 0 -37.1645 0 0
164000 25281 19387.4 0 897.139 0 0
165000 21102.3 19108.4 0 -943.175 0 0
166000 19804.2 18716 0 1976.39 0 0
167000 16420 20731.3 0 748.883 0 0
168000 16733.6 22149 0 -2158.71 0 0
169000 19903.4 16974.2 0 1442.06 0 0
170000 21715.2 16503.6 0 -950.271 0 0
171000 18957.3 13265.1 0 -1634.58 0 0
172000 18877.3 16722.6 0 663.556 0 0
173000 19136.8 20171.9 0 1394.09 0 0
174000 19259.1 17099.1 0 -3283.27 0 0
175000 21606.5 17119.1 0 -1093.08 0 0
176000 20848.5 19681.3 0 240.582 0 0
177000 20267.3 16807 0 77.9155 0 0
178000 19969.3 13870.4 0 3019.78 0 0
179000 17452.7 19459.6 0 -3095.23 0 0
180000 17299.9 20464.7 0 1290.25 0 0
181000 16097.5 17421.7 0 4732.63 0 0
182000 21389.9 14033.7 0 444.529 0 0
183000 15557.6 16311 0 425.829 0 0
184000 17376.9 21357.2 0 -447.008 0 0
185000 18196.7 19685.5 0 126.968 0 0
186000 23171.9 16378.6 0 2350.88 0 0
187000 20260.7 18185 0 1050.63 0 0
188000 19696.6 17254.6 0 -1478.48 0 0
189000 22078.1 23768.6 0 888.482 0 0
190000 20032.2 21416.8 0 -825.508 0 0
191000 19886.3 22294.4 0 265.735 0 0
192000 18216.5 23343.1 0 -2069.83 0 0
193000 16688.3 18979.4 0 -2367.74 0 0
194000 19912.5 18161 0 575.051 0 0
195000 21392.3 16823.3 0 -197.979 0 0
196000 21142.5 17510.4 0 76.9434 0 0
197000 18345.1 16617.6 0 -2404.92 0 0
198000 20061.3 21447.4 0 1131.38 0 0
199000 20039 18211.9 0 -1432.51 0 0
200000 18498.8 18195.5 0 -1906.98 0 0
201000 17183.7 19359 0 212.834 0 0
202000 17352.7 20806 0 179.105 0 0
203000 17532.5 19402.1 0 174.558 0 0
204000 15405.8 18903.1 0 -1238.38 0 0
205000 17052.3 16455 0 -2417.12 0 0
206000 20636.4 13587.5 0 1512.97 0 0
207000 15782.5 17581.2 0 -1107.19 0 0
208000 19409.8 17770.6 0 -967.814 0 0
209000 20546.4 13689.7 0 2422.26 0 0
210000 17896.5 19214.4 0 2855.02 0 0
211000 20092.2 17707.8 0 475.461 0 0
212000 18361.1 19329.1 0 -842.425 0 0
213000 18956.6 15131.4 0 -1541.62 0 0
214000 19461 18956 0 866.51 0 0
215000 15986.2 20278.7 0 1276.93 0 0
216000 18725.9 16350.5 0 -2089.74 0 0
217000 18590.3 17603.1 0 -3016.53 0 0
218000 13536.8 20259.6 0 226.723 0 0
219000 17402.3 16622.6 0 1007.96 0 0
220000 18283.8 18872 0 -1188.14 0 0
221000 21036.9 12486.8 0 -1150.43 0 0
222000 17459.2 20421.7 0 -2035.8 0 0
223000 17643.7 19358.8 0 2859.14 0 0
224000 18632.8 13683.5 0 324.883 0 0
225000 18366.8 14856.8 0 556.117 0 0
226000 15833.1 16903.5 0 773.696 0 0
227000 19633.8 14398.2 0 -2099.95 0 0
228000 17585 16488.9 0 -507.253 0 0
229000 20190.3 17507.9 0 -374.486 0 0
230000 17820.1 17749.8 0 1797.47 0 0
231000 15894 15789.8 0 -1287.58 0 0
232000 16110.6 18051.2 0 -91.6927 0 0
233000 15457.4 14862.9 0 1144.83 0 0
234000 18520 15734.6 0 1035.71 0 0
235000 19196.5 17955 0 -95.4586 0 0
236000 16642.6 18043.4 0 -1252.77 0 0
237000 18065 15435.3 0 342.86 0 0
238000 17504.7 19537 0 3180.63 0 0
239000 16275.8 17779.9 0 683.439 0 0
240000 17673.2 17246.7 0 420.569 0 0
241000 19771.9 19291 0 -928.212 0 0
242000 18722.3 16891.1 0 2327.88 0 0
243000 20463.4 19803.6 0 2827.89 0 0
244000 16817 18952.1 0 3666.6 0 0
245000 19300.7 16791.7 0 3366.99 0 0
246000 19385.6 18729.1 0 1421.25 0 0
247000 19600.4 19240.8 0 -1754.73 0 0
248000 21804.8 16799.1 0 2512.6 0 0
249000 18171.9 22277.5 0 -1919.53 0 0
250000 22892.7 19731.3 0 985.602 0 0
251000 19052.8 18643.3 0 -3093.57 0 0
252000 21438.5 19789.8 0 -3252.41 0 0
253000 19939.6 19302.9 0 -2022.65 0 0
254000 18024 19456.5 0 -3841.27 0 0
255000 20707.7 16451.3 0 -179.622 0 0
256000 18112.1 17079.3 0 -3624.24 0 0
257000 20153.2 16459 0 1275.36 0 0
258000 19161.4 18555.8 0 992.892 0 0
259000 19190.7 19619.9 0 -2369.44 0 0
260000 20426.3 19522.6 0 -274.048 0 0
261000 18301.5 16489.6 0 -420.928 0 0
262000 19314 22699.9 0 -983.809 0 0
263000 20311.6 18629.3 0 609.728 0 0
264000 22101.8 13751.6 0 1148.76 0 0
265000 18970 17014 0 -3720.69 0 0
266000 18853.8 20720.7 0 -1432.2 0 0
267000 14994.5 24377.4 0 1238.07 0 0
268000 17376.2 19573.9 0 1900.62 0 0
269000 17136.7 17959.6 0 617.829 0 0
270000 15763.3 20856.6 0 1259.57 0 0
271000 12918.5 17801.5 0 1131.9 0 0
272000 20140.7 16920.6 0 -1566.08 0 0
273000 17092.6 16040.8 0 -565.23 0 0
274000 17476.3 17978.9 0 1678.64 0 0
275000 17891.7 18483.7 0 1745.06 0 0
276000 19888 15730.9 0 95.5877 0 0
277000 20135.5 17489.7 0 705.236 0 0
278000 14897.7 21469 0 1399.33 0 0
279000 17915.1 16259.2 0 530.101 0 0
280000 19363.8 16139.7 0 -1745 0 0
281000 19370.6 18120.9 0 -3256.12 0 0
282000 16185.8 19527.3 0 338.28 0 0
283000 20978.3 17923.3 0 221.58 0 0
284000 18166.6 19996.8 0 -617.115 0 0
285000 20497.1 22775 0 3057.66 0 0
286000 22288.1 14607.4 0 841.591 0 0
287000 18279.7 18072.8 0 49.3395 0 0
288000 20313.2 16385.2 0 345.07 0 0
289000 21186.9 17258.1 0 -2645.08 0 0
290000 20845.7 17234.7 0 2298.61 0 0
291000 18304.4 18706 0 2054.43 0 0
292000 19888.3 18070.1 0 -2096.35 0 0
293000 19330.6 18348.3 0 1815.45 0 0
294000 23637.6 19465.8 0 3063.91 0 0
295000 18623 20032 0 -128.684 0 0
296000 15607.8 20749.4 0 2831.42 0 0
297000 21015.2 21231.1 0 2092.3 0 0
298000 15878.5 19068.5 0 1750.72 0 0
299000 16322 17836.3 0 -65.1501 0 0
300000 17836.6 21680.4 0 -1542.09 0 0
301000 21819.8 20089.6 0 -3539 0 0
302000 18247 18568.7 0 -2695.64 0 0
303000 17162.5 21245.7 0 -2368.52 0 0
304000 18270.3 18626.6 0 270.807 0 0
305000 19265.1 15223.2 0 1050.39 0 0
306000 18292.4 17183.8 0 -985.018 0 0
307000 19058.7 20027.7 0 -666.809 0 0
308000 16826 20033.2 0 1528.89 0 0
309000 17529.2 19260.3 0 910.635 0 0
310000 20184.9 18817.5 0 739.771 0 0
311000 21113.1 15772.4 0 -164.839 0 0
312000 20310.2 19246.2 0 -4044.34 0 0
313000 21160.1 19098.9 0 -1355.73 0 0
314000 15130.7 18969.4 0 1717.62 0 0
315000 21322.8 18401.1 0 -863.996 0 0
316000 19461.8 17044.5 0 2438.36 0 0
317000 18757 21232.4 0 2766.15 0 0
318000 18194.1 20006.8 0 1955.35 0 0
319000 21943.2 20208.4 0 -666.012 0 0
320000 20394.3 20628.8 0 -593.563 0 0
321000 20750.6 19856.4 0 2108.17 0 0
322000 22252.5 17602.1 0 417.754 0 0
323000 15565.3 25116.1 0 31.1299 0 0
324000 18938.5 17967.2 0 -1403.04 0 0
325000 18579.6 22818.6 0 -1251.74 0 0
326000 22654.2 20906.1 0 -1540.55 0 0
327000 16951.4 21693.5 0 -2239.71 0 0
328000 15946.5 25687.5 0 -394.033 0 0
329000 18235.8 24750.6 0 -2745.52 0 0
330000 20402 20903.7 0 -22.3948 0 0
331000 19306.5 16413.8 0 988.885 0 0
332000 22281.2 19495.5 0 1605.18 0 0
333000 17579.1 22089.2 0 2416.75 0 0
334000 20009.7 15395.8 0 -1229.33 0 0
335000 18029.6 17502.6 0 407.324 0 0
336000 15616 19004.4 0 -2027.88 0 0
337000 15216.1 19015.9 0 -1913.28 0 0
338000 18747.4 16894 0 2097.01 0 0
339000 17274 12719 0 -162.256 0 0
340000 15112.4 20981.1 0 513.102 0 0
341000 17711.8 19221 0 -1204.26 0 0
342000 16798.4 13745.9 0 -293.122 0 0
343000 19487.3 16385 0 32.4807 0 0
344000 15074.3 16229.4 0 -10.5447 0 0
345000 20934.3 18634 0 537.545 0 0
346000 17947.7 18597.9 0 -1.83541 0 0
347000 17062.7 15516.3 0 -864.625 0 0
348000 19525.2 19097.3 0 146.769 0 0
349000 24182 14303.5 0 1118.41 0 0
350000 23571.9 15415.5 0 -118.346 0 0
351000 20209.2 19878.4 0 -668.826 0 0
352000 17207.9 21582 0 1116.27 0 0
353000 18920.4 21846.1 0 762.857 0 0
354000 19520 16580 0 -3540.75 0 0
355000 16490.4 18342.1 0 992.047 0 0
356000 19623.8 20878.4 0 372.813 0 0
357000 17095.9 18174.6 0 -2071.12 0 0
358000 18021.6 16952.5 0 -897.894 0 0
359000 17379.5 18324.9 0 -474.626 0 0
360000 19266.6 20051.8 0 -875.694 0 0
361000 19274 19904.5 0 -1857.02 0 0
362000 17114 21711.4 0 -1185.62 0 0
363000 18089.3 22044.6 0 1832.96 0 0
364000 19573.9 17135.5 0 1135.2 0 0
365000 18830.1 19160.1 0 555.449 0 0
366000 16717.9 17800.1 0 -1878.63 0 0
367000 20464.2 19060.8 0 -1423.63 0 0
368000 16227.5 19223.6 0 -125.9 0 0
369000 13095.3 22251.5 0 376.679 0 0
370000 20265.2 19641.7 0 477.218 0 0
371000 18035 18213.5 0 -1505.36 0 0
372000 20425.9 18859.9 0 2179.31 0 0
373000 16110.2 19281.2 0 -3069.28 0 0
374000 17957.9 19178.9 0 1112.6 0 0
375000 20087.4 16089.8 0 -1820.21 0 0
376000 18855.4 17014.1 0 -2202.11 0 0
377000 17232 18608.3 0 -816.045 0 0
378000 16245 20976.6 0 112.122 0 0
379000 22490.7 18597.6 0 360.826 0 0
380000 16586.5 20446.1 0 576.187 0 0
381000 19603.8 21445.3 0 2518.24 0 0
382000 21790.9 19048.8 0 -2632.77 0 0
383000 20363.9 19754.6 0 959.964 0 0
384000 17153.8 16576 0 -1152.67 0 0
385000 15485.8 21559.3 0 -2228.19 0 0
386000 18654.2 18611.3 0 1702.73 0 0
387000 19730.7 17274.2 0 944.862 0 0
388000 15694.7 17784.7 0 -2987.84 0 0
389000 15775.6 16552.3 0 -1319.54 0 0
390000 18716.3 18667.4 0 -2479.3 0 0
391000 19539.1 15477.9 0 -1063.7 0 0
392000 18231.8 17037 0 -87.718 0 0
393000 13605.8 14331.2 0 -213.741 0 0
394000 17302.6 16361.5 0 1302.96 0 0
395000 14445.3 17456.8 0 -880.663 0 0
396000 13564.7 21709.5 0 -1449.49 0 0
397000 14080.6 16202.4 0 3250.9 0 0
398000 17811.1 16838.7 0 126.24 0 0
399000 19450.3 16078.2 0 -70.0044 0 0
400000 19627.1 20056.8 0 154.709 0 0
401000 19861.4 18846.3 0 19.8183 0 0
402000 16830 20088.3 0 361.789 0 0
403000 21042.2 18731.3 0 3526.55 0 0
404000 21824.8 16638 0 923.891 0 0
405000 18533.8 16567.2 0 1097.16 0 0
406000 13827 21586 0 -48.0225 0 0
407000 15967.1 18669.6 0 1478.76 0 0
408000 17193.5 18625.5 0 -2436.5 0 0
409000 17480.8 18840.6 0 2111.48 0 0
410000 14791.7 19472.7 0 -851.604 0 0
411000 15396.8 20329.4 0 149.243 0 0
412000 18127.6 16912.1 0 160.012 0 0
413000 21163.7 16617.6 0 2841.24 0 0
414000 18397.5 17252.9 0 690.797 0 0
415000 19607.9 17652.8 0 -3362.17 0 0
416000 14003.9 20639.8 0 855.152 0 0
417000 20055.4 17236.8 0 -1682.83 0 0
418000 18931.4 17843.2 0 -1041.43 0 0
419000 16732.9 16038.1 0 -154.032 0 0
420000 18038.2 18647.9 0 -4262.46 0 0
421000 18892.9 16650.2 0 403.263 0 0
422000 17327.4 21582.1 0 -2382.74 0 0
423000 18520.2 15898.7 0 -766.291 0 0
424000 15544.6 20738.2 0 -1311.57 0 0
425000 15457.4 14518.1 0 -118.918 0 0
426000 16817.3 18642.7 0 -1978.92 0 0
427000 19808.2 17343.9 0 -721.801 0 0
428000 17342.9 18617.6 0 298.939 0 0
429000 18334.1 18972.5 0 2597.28 0 0
430000 16107.8 22044.4 0 2548.68 0 0
431000 18025.2 19353.3 0 1025.72 0 0
432000 16207.2 19176.6 0 -3200.96 0 0
433000 18964 17549.3 0 2635.73 0 0
434000 16970 16967.8 0 623.688 0 0
435000 19517.6 17352 0 2217.12 0 0
436000 16429.6 22289.3 0 2091.95 0 0
437000 21616.8 20639.4 0 -1486.33 0 0
438000 18679.7 20800.7 0 456.167 0 0
439000 19728.8 21042.9 0 2256.45 0 0
440000 19996.4 14335.5 0 1605.07 0 0
441000 21220 15442.6 0 -2842.25 0 0
442000 17148.4 21006.2 0 -850.2 0 0
443000 20361.3 18474.1 0 -1191.8 0 0
444000 22553 21788.8 0 1879.23 0 0
445000 20941.9 16985.5 0 -251.158 0 0
446000 18320.9 20021 0 1116.57 0 0
447000 18058.5 21051.6 0 -696.639 0 0
448000 17122.5 20536.7 0 3632.96 0 0
449000 16387.3 18645.7 0 -41.8272 0 0
450000 19403.8 16720.9 0 787.481 0 0
451000 18977.9 16216.6 0 -2160.86 0 0
452000 12094.3 21373.8 0 232.1 0 0
453000 16049.3 20431.5 0 -2714.11 0 0
454000 15377.7 17593 0 -2828.05 0 0
455000 17941 18237.5 0 1635.24 0 0
456000 17460.6 21844.6 0 843.713 0 0
457000 17653.2 19369.5 0 -545.141 0 0
458000 22829.8 15647 0 543.704 0 0
459000 17968.9 21613.9 0 489.399 0 0
460000 21309.1 17892.3 0 -131.735 0 0
461000 21268.3 20578.9 0 231.45 0 0
462000 22029.6 21729.1 0 -630.525 0 0
463000 21847.3 20005.3 0 -1239.41 0 0
464000 19495.4 17608.6 0 71.015 0 0
465000 20074.6 19851.4 0 3523.07 0 0
466000 19210.6 17830.1 0 2357.77 0 0
467000 21162.1 19692.1 0 -80.7685 0 0
468000 19479.3 18231.6 0 -2147.17 0 0
469000 23511.5 22370.2 0 -892.822 0 0
470000 19779.5 23970.6 0 654.098 0 0
471000 21205.7 20936.2 0 -2345.84 0 0
472000 17342.2 20012.2 0 377.651 0 0
473000 14173.9 18944.5 0 -2601.61 0 0
474000 14499.4 17885.4 0 -596.918 0 0
475000 15886.1 20025.5 0 -1660.01 0 0
476000 18192.2 22711.6 0 -5168.57 0 0
477000 18729.5 19435.6 0 1216.02 0 0
478000 19167.9 19323.2 0 -1267.44 0 0
479000 21386.7 19960.2 0 -1221.89 0 0
480000 17350.4 16317.9 0 29.0497 0 0
481000 16127.6 22116.4 0 -166.283 0 0
482000 16888.9 18404.3 0 -2235.76 0 0
483000 20545.8 18311.8 0 -58.5714 0 0
484000 18160.8 21118.7 0 -1508.28 0 0
485000 13905.2 21784.1 0 195.307 0 0
486000 19849.3 20876.4 0 3239 0 0
487000 19896.6 20538.3 0 262.6 0 0
488000 18424.4 19812.6 0 108.243 0 0
489000 19715 18073.1 0 -724.619 0 0
490000 17568.8 20195.5 0 2216.68 0 0
491000 18751.4 19206.5 0 -3228.73 0 0
492000 17698.5 19047.2 0 173.718 0 0
493000 19710.6 15258.1 0 -8.80535 0 0
494000 17130.1 18684.4 0 -1153.77 0 0
495000 20974 16311 0 459.304 0 0
496000 15134.2 22421.1 0 698.63 0 0
497000 16929.2 21549.5 0 -1935.44 0 0
498000 17008.2 17240.5 0 -880.209 0 0
499000 20618 17313.4 0 -864.405 0 0
500000 18261.7 19534.6 0 -1807.33 0 0
