# Time-averaged data for fix ps1
# TimeStep c_thermo_press[1] c_thermo_press[2] c_thermo_press[3] c_thermo_press[4] c_thermo_press[5] c_thermo_press[6]
1000 -32770 -32434 0 -2429.89 0 0
2000 -32946.5 -29609 0 -827.866 0 0
3000 -29639.7 -30830.7 0 -883.257 0 0
4000 -30655.3 -33618 0 -3155.17 0 0
5000 -32474.8 -29113.9 0 -1262 0 0
6000 -31117.5 -32538.3 0 -502.414 0 0
7000 -32952.3 -31541.3 0 -2197.19 0 0
8000 -32231.8 -32046 0 -2849.91 0 0
9000 -32895.7 -30849.4 0 -1964.64 0 0
10000 -33001.8 -29900.2 0 -1737.7 0 0
11000 -35011.9 -29187.6 0 -4983.49 0 0
12000 -32089.1 -31618.5 0 -3065.37 0 0
13000 -32745.9 -29819.9 0 -4074.84 0 0
14000 -33175.8 -30169.4 0 -2611.45 0 0
15000 -33592.5 -32815.7 0 -3092.2 0 0
16000 -31493.5 -31900 0 -4026.87 0 0
17000 -30344.2 -31539.4 0 -5128.41 0 0
18000 -32364.7 -32195.2 0 -5843.1 0 0
19000 -33442.2 -30459 0 -1853.02 0 0
20000 -29959.3 -31539.3 0 -3459.53 0 0
21000 -30255.5 -33140.6 0 -1934.16 0 0
22000 -31195.9 -29663.1 0 -1291.69 0 0
23000 -31823.9 -30769.8 0 -4816.23 0 0
24000 -31204.3 -28602.5 0 -4184.6 0 0
25000 -30581.9 -30725.2 0 -3733.66 0 0
26000 -30346.4 -29927.4 0 -3253.92 0 0
27000 -31525 -31597.5 0 -2716.14 0 0
28000 -31508.7 -28727.8 0 -2556.55 0 0
29000 -32019.7 -29559.8 0 -2921.14 0 0
30000 -31108.6 -32912.9 0 -2514.67 0 0
31000 -34199.6 -31490.7 0 -3762.45 0 0
32000 -32747 -31906.1 0 -4138.2 0 0
33000 -33695.9 -30744.1 0 -2223.6 0 0
34000 -31049.2 -30913.1 0 -2953.23 0 0
35000 -31790.6 -29509.9 0 -661.555 0 0
36000 -32955.3 -30770.1 0 -2228.14 0 0
37000 -32452.2 -30484.7 0 -1523.41 0 0
38000 -33533.2 -28805.9 0 -3326.11 0 0
39000 -31191.1 -30629.7 0 -2174.68 0 0
40000 -30643.1 -31915.8 0 -1501.61 0 0
41000 -30105.3 -31667.9 0 -1887.93 0 0
42000 -31322 -31241.7 0 -573.516 0 0
43000 -32378.4 -29381.3 0 -936.707 0 0
44000 -29376.5 -34290.2 0 -2466.27 0 0
45000 -31366.6 -31760.5 0 643.527 0 0
46000 -29065.8 -31149.1 0 -2189.41 0 0
47000 -31294.4 -32273 0 1316.66 0 0
48000 -30432.3 -30836.2 0 -293.315 0 0
49000 -32251.6 -31927.7 0 -1977 0 0
50000 -33004.1 -30506.7 0 1163.52 0 0
51000 -30355.8 -31594.3 0 1163.54 0 0
52000 -32056.5 -29603.6 0 622.106 0 0
53000 -31716.5 -31288.9 0 -92.6243 0 0
54000 -32703 -29812.4 0 2388.79 0 0
55000 -30493.7 -30135.7 0 2050.55 0 0
56000 -30404.2 -29801.8 0 2491.33 0 0
57000 -29724.4 -31135.8 0 2229.81 0 0
58000 -33915.2 -30363.7 0 3186.37 0 0
59000 -34176.9 -31011.8 0 3560.44 0 0
60000 -29922.1 -33918.7 0 3471.07 0 0
61000 -34294.1 -27458.9 0 3759.99 0 0
62000 -32377 -30187.9 0 1617.31 0 0
63000 -32561.6 -29141.5 0 4852 0 0
64000 -30725.3 -32006.4 0 3425.59 0 0
65000 -33646 -30719 0 3974.57 0 0
66000 -29247.5 -31882.2 0 2917.03 0 0
67000 -32674.1 -32200.9 0 4223.48 0 0
68000 -33378.3 -31076.7 0 3856.79 0 0
69000 -35318.7 -30799.8 0 3780.57 0 0
70000 -34235.8 -26962.3 0 4277.74 0 0
71000 -32268.4 -30848.1 0 2624.93 0 0
72000 -33278.5 -30237.4 0 4913.16 0 0
73000 -32421.5 -31840.6 0 5074.17 0 0
74000 -31079.3 -31428.2 0 2548.34 0 0
75000 -30784.5 -30972.6 0 1783.51 0 0
76000 -32279.7 -33791.1 0 5428.2 0 0
77000 -29557.1 -30609.1 0 5188.57 0 0
78000 -35240.7 -31438.1 0 4850.93 0 0
79000 -31627.7 -32848.3 0 4509.01 0 0
80000 -33440.2 -30145.8 0 3286.81 0 0
81000 -32396.5 -33023.2 0 3458.27 0 0
82000 -31737.2 -31942.9 0 3224.47 0 0
83000 -29072 -34222.5 0 3235.25 0 0
84000 -30647.3 -28775.2 0 2778.03 0 0
85000 -33371.5 -31854.3 0 5871.21 0 0
86000 -33161.7 -35678.2 0 3261.29 0 0
87000 -31346.3 -34403.3 0 2859.99 0 0
88000 -30336.9 -33176.6 0 1864.28 0 0
89000 -35149.4 -32017.4 0 1667.15 0 0
90000 -30217.6 -31523.6 0 4231.79 0 0
91000 -29957.1 -32144.1 0 1414 0 0
92000 -30946.1 -31592.6 0 -272.793 0 0
93000 -31352.3 -32536.3 0 274.368 0 0
94000 -30250.1 -34088.9 0 2959.45 0 0
95000 -30676 -33522.9 0 -389.675 0 0
96000 -32881.2 -32276.7 0 1612.73 0 0
97000 -35087.5 -32886.3 0 1532.64 0 0
98000 -33167.1 -30694 0 -1549.59 0 0
99000 -30836.7 -33331.4 0 366.309 0 0
100000 -32404.4 -34067.3 0 835.055 0 0
101000 -30705.1 -32664.7 0 1581.84 0 0
102000 -29540.4 -32630.5 0 -272.462 0 0
103000 -29561.7 -35246 0 -1528.6 0 0
104000 -32787.9 -32828 0 -2308.78 0 0
105000 -31595.5 -33257.8 0 -498.446 0 0
106000 -30486.9 -34062.9 0 -2804.83 0 0
107000 -30988 -31679.9 0 -1626.24 0 0
108000 -27803.5 -35142.6 0 -3199.52 0 0
109000 -30147.8 -32507.1 0 -1360.52 0 0
110000 -31674.4 -30139.4 0 -2947.99 0 0
111000 -29953.9 -35096.9 0 -2940.48 0 0
112000 -33135.3 -32762.9 0 -2279.75 0 0
113000 -31060.2 -31936.2 0 -855.324 0 0
114000 -30061.9 -35509.2 0 -1784.39 0 0
115000 -31378.4 -34938.1 0 -5321.44 0 0
116000 -28851.5 -31804.2 0 -2030.79 0 0
117000 -32456.7 -32416.6 0 -3245.97 0 0
118000 -33495.1 -32807.1 0 -4302.09 0 0
119000 -31302.2 -30576.1 0 -2041.84 0 0
120000 -29955.5 -31499 0 -5198.93 0 0
121000 -29741.4 -33086.5 0 -3695.59 0 0
122000 -32841.4 -33259.1 0 -6106.06 0 0
123000 -32493.1 -30148.7 0 -6699.3 0 0
124000 -27316.7 -30426.4 0 -3852.34 0 0
125000 -29789.6 -31365.6 0 -4362.31 0 0
126000 -33265.4 -32646.3 0 -2757.6 0 0
127000 -28918.8 -30748.5 0 -3765.62 0 0
128000 -30908.9 -32291.1 0 -5620.1 0 0
129000 -30378.9 -33342.5 0 -5672.54 0 0
130000 -29885.7 -32696.1 0 -3254.76 0 0
131000 -31523.8 -34851.5 0 -2555.27 0 0
132000 -30248.8 -33507.7 0 -3741.02 0 0
133000 -31468.8 -32313.5 0 -4337.69 0 0
134000 -31862.2 -32042.4 0 -3090.63 0 0
135000 -31633.3 -30441.3 0 -2090.82 0 0
136000 -31746.9 -34484.4 0 -2854.84 0 0
137000 -30441.7 -35359.5 0 -1642.76 0 0
138000 -29694.5 -31739.1 0 -2933.62 0 0
139000 -29619.7 -32469 0 -1803.7 0 0
140000 -32013.9 -30430.1 0 681.016 0 0
141000 -30197 -32629.7 0 -1525.71 0 0
142000 -30853 -32014.8 0 -516.452 0 0
143000 -28287.8 -33541.1 0 -338.331 0 0
144000 -30629.7 -34209.4 0 -1991.93 0 0
145000 -31808.9 -30814.8 0 64.7032 0 0
146000 -31520.9 -32110.3 0 -1643.75 0 0
147000 -32622.4 -33048.8 0 -827.036 0 0
148000 -32602.4 -33299.9 0 95.6873 0 0
149000 -32811.8 -33539 0 -634.148 0 0
150000 -29858 -30599.8 0 350.169 0 0
151000 -28444.4 -33200.7 0 -126.832 0 0
152000 -32966.2 -32711.4 0 1715.27 0 0
153000 -30513.7 -32361.5 0 1702.4 0 0
154000 -31523.4 -32345.2 0 -565.184 0 0
155000 -28925.3 -33054.4 0 1260.57 0 0
156000 -29896.1 -32745.5 0 1702.93 0 0
157000 -29225.8 -32500.8 0 -226.857 0 0
158000 -27825.1 -32708.9 0 3439.99 0 0
159000 -30102.2 -29920.2 0 1748.81 0 0
160000 -33478.2 -30120.1 0 1013.6 0 0
161000 -29229.4 -31454.2 0 4157.28 0 0
162000 -32969.9 -31307.9 0 3485.74 0 0
163000 -30700.4 -32154.2 0 2637.2 0 0
164000 -31162.6 -31488.2 0 1485.42 0 0
165000 -30061 -33120.3 0 4592.21 0 0
166000 -32559.7 -30790.5 0 2438.6 0 0
167000 -29955.1 -32783.5 0 2597.33 0 0
168000 -30150.5 -32570.7 0 1367.93 0 0
169000 -29297.3 -32671.1 0 4990.9 0 0
170000 -29351.5 -31787.1 0 4415.44 0 0
171000 -29574.3 -31538.1 0 4069.33 0 0
172000 -31231.8 -34623.3 0 2402.91 0 0
173000 -30394.3 -34625.1 0 3684.04 0 0
174000 -32308.3 -31939.3 0 2462.73 0 0
175000 -29772.2 -32149.3 0 4951.92 0 0
176000 -28518.4 -30487.8 0 2496.73 0 0
177000 -26499.1 -32695.8 0 4897.32 0 0
178000 -30174.3 -33372 0 3657.52 0 0
179000 -30622.3 -32988.4 0 3297.21 0 0
180000 -29818.4 -33777.2 0 2284.84 0 0
181000 -31935.1 -31449 0 3417.94 0 0
182000 -29847.5 -33563.1 0 3349.51 0 0
183000 -29172.7 -33228.3 0 3035.92 0 0
184000 -29955 -35778.4 0 4062.05 0 0
185000 -31453.3 -33079.2 0 2765.93 0 0
186000 -32115.4 -32395.6 0 2016.39 0 0
187000 -29818.8 -31923.5 0 1346.63 0 0
188000 -29364.4 -31160.8 0 616.74 0 0
189000 -31407.3 -29113.4 0 1210.37 0 0
190000 -30491 -30799.1 0 933.823 0 0
191000 -28146.1 -32898.3 0 1369.07 0 0
192000 -28386.6 -33085.1 0 546.904 0 0
193000 -30593.7 -32065.6 0 385.942 0 0
194000 -28243.7 -32126.3 0 597.699 0 0
195000 -29257.2 -32093.5 0 983.071 0 0
196000 -29099.1 -35092.4 0 229.467 0 0
197000 -29602.7 -33195.2 0 2085.29 0 0
198000 -30295 -34182.3 0 -2109.38 0 0
199000 -30545.3 -32528.7 0 2076.64 0 0
200000 -30258.7 -34518.5 0 942.52 0 0
201000 -29270.9 -32412.4 0 1257.22 0 0
202000 -29597.9 -35294.2 0 -490.095 0 0
203000 -29763 -32813.8 0 -2396.23 0 0
204000 -29457.3 -32654.2 0 -665.63 0 0
205000 -30896.9 -33412.2 0 -1320.26 0 0
206000 -30021.8 -32928.2 0 -1431.76 0 0
207000 -30163.2 -34406.4 0 -1540.53 0 0
208000 -29702.6 -34262.5 0 -2149.41 0 0
209000 -27411.6 -33009.1 0 -224.978 0 0
210000 -32402.6 -31943.8 0 -2293.17 0 0
211000 -31212.4 -35605.9 0 -3043.36 0 0
212000 -28576.3 -36998.2 0 -3999.75 0 0
213000 -28373.7 -33351.7 0 -1703.52 0 0
214000 -30765.1 -32199.6 0 -2880.53 0 0
215000 -29056.5 -35359.2 0 -2109.24 0 0
216000 -31093.7 -31986.5 0 -4367.76 0 0
217000 -30793.6 -36484.5 0 -5586.89 0 0
218000 -31061.1 -33202.7 0 -1901.95 0 0
219000 -28822.3 -33523.2 0 -4673.35 0 0
220000 -30177.5 -32764.8 0 -4070.01 0 0
221000 -31642.3 -35689.1 0 -3523.52 0 0
222000 -28500.8 -34332.5 0 -4529.77 0 0
223000 -30466.9 -32566.2 0 -4684.91 0 0
224000 -30207.7 -36472.9 0 -5384.41 0 0
225000 -30821.8 -32385.1 0 -4291.64 0 0
226000 -32305.9 -32146.8 0 -2461.47 0 0
227000 -30243.3 -32280.4 0 -6611.42 0 0
228000 -28675.5 -31393.5 0 -2802.49 0 0
229000 -30102.4 -34610.8 0 -3281.4 0 0
230000 -29878.9 -32504.8 0 -3516.15 0 0
231000 -28740.2 -35865.6 0 -4489.77 0 0
232000 -32728.6 -30299.3 0 -2792.41 0 0
233000 -30503.7 -32422.2 0 -3343.96 0 0
234000 -32784.2 -31558.3 0 -4694.91 0 0
235000 -28785.5 -32258.5 0 -3035.4 0 0
236000 -31424.6 -30147.3 0 -2106.1 0 0
237000 -28860.1 -33408.1 0 -1422.96 0 0
238000 -30245.3 -34967.9 0 871.818 0 0
239000 -29384.4 -34030.8 0 -944.442 0 0
240000 -31929.6 -32860.2 0 -3099.55 0 0
241000 -33152 -28739.7 0 -1911.45 0 0
242000 -32029.1 -31912.8 0 -390.744 0 0
243000 -32889.1 -31754.9 0 -3284.09 0 0
244000 -31148.2 -31967.6 0 99.3771 0 0
245000 -31607 -33207.4 0 -814.653 0 0
246000 -29703.9 -31621 0 165.89 0 0
247000 -31948.6 -32167.1 0 2103.62 0 0
248000 -28799 -34226.3 0 985.38 0 0
249000 -30160.1 -32448 0 1178.13 0 0
250000 -30030.3 -33532.4 0 2551.04 0 0
251000 -32777.1 -32389.4 0 1688 0 0
252000 -33547.3 -31552.7 0 2789.13 0 0
253000 -33290.9 -31081.4 0 2834.74 0 0
254000 -31433.4 -34111.5 0 4470.59 0 0
255000 -32194 -29948.5 0 2762.63 0 0
256000 -32698.9 -29542.6 0 2295.6 0 0
257000 -32830.4 -31055.4 0 3480.15 0 0
258000 -32771 -31680.2 0 2226.24 0 0
259000 -34460.1 -29273.7 0 4635.31 0 0
260000 -35013.7 -29008.2 0 4120.44 0 0
261000 -29492.4 -33561.5 0 1464.46 0 0
262000 -30561.7 -34054.6 0 1927.48 0 0
263000 -33821.9 -31523.4 0 2934.5 0 0
264000 -35164.6 -32279.7 0 2962.79 0 0
265000 -30234.2 -31145.4 0 4279.58 0 0
266000 -32987.8 -31209.1 0 3237.44 0 0
267000 -31484.2 -31200.5 0 5800.26 0 0
268000 -32449.6 -31046.6 0 7045.71 0 0
269000 -29340.9 -30592.4 0 5389.73 0 0
270000 -30469.7 -34380.1 0 3346.56 0 0
271000 -33341 -33166.2 0 697.853 0 0
272000 -31782.2 -31292.8 0 3512.99 0 0
273000 -31243.5 -28801.6 0 3049.68 0 0
274000 -31248.5 -31823 0 4080.83 0 0
275000 -30027.3 -32151.9 0 3666.86 0 0
276000 -29186 -34412.1 0 1876.79 0 0
277000 -30212.8 -32056.1 0 5873.21 0 0
278000 -34324.4 -30535.5 0 2274.2 0 0
279000 -31131.7 -30284.5 0 4658.13 0 0
280000 -29880 -30570 0 6167.77 0 0
281000 -28611.9 -30538.8 0 3495.67 0 0
282000 -33424.7 -29798.7 0 1679.22 0 0
283000 -33141.9 -29856.6 0 3423.17 0 0
284000 -30304.1 -29585.3 0 1268.92 0 0
285000 -31708.4 -31261.5 0 2141.77 0 0
286000 -30239.3 -30178.7 0 3398.51 0 0
287000 -30744 -30561.2 0 2949.92 0 0
288000 -28054 -31071.7 0 1903.75 0 0
289000 -28385.6 -33111.4 0 3213.43 0 0
290000 -31896.6 -33803.7 0 1935.02 0 0
291000 -29981.7 -34318.3 0 1386.24 0 0
292000 -29255.5 -31653.2 0 1307.22 0 0
293000 -30236 -32502.2 0 -830.101 0 0
294000 -28026.5 -34680.8 0 1543.51 0 0
295000 -29982.2 -31372.3 0 -72.5694 0 0
296000 -28820.2 -30580.3 0 -347.584 0 0
297000 -30484.5 -31764.6 0 -283.831 0 0
298000 -29455.6 -30399.4 0 -1397.3 0 0
299000 -30986.5 -33588.6 0 443.202 0 0
300000 -32027.1 -32223.7 0 1698.39 0 0
301000 -29773.6 -32450.5 0 -2394.56 0 0
302000 -30814.9 -30948 0 -2465.31 0 0
303000 -29761.9 -31771.1 0 -1746.72 0 0
304000 -30940 -30037.8 0 -3188.17 0 0
305000 -30456 -30967 0 -2359.24 0 0
306000 -28990.1 -32234.2 0 -2769.72 0 0
307000 -31911.2 -29309.6 0 -997.375 0 0
308000 -30085.2 -32538.6 0 -3180.73 0 0
309000 -30678.6 -31905.7 0 -1267.29 0 0
310000 -33635.8 -29509.7 0 -3087.55 0 0
311000 -31950.5 -33478.4 0 736.528 0 0
312000 -31052.3 -31462 0 -2975.28 0 0
313000 -30026.3 -33747.9 0 -1712.19 0 0
314000 -30098.6 -32090.4 0 -2539.89 0 0
315000 -34192.2 -28111.5 0 -2340.46 0 0
316000 -33966.9 -28909.1 0 -3860.49 0 0
317000 -31099.6 -30210.1 0 -3778.72 0 0
318000 -31603.3 -30861.1 0 -4766.7 0 0
319000 -30990 -31735.9 0 -3457.99 0 0
320000 -30678.9 -32537.3 0 -3859.3 0 0
321000 -30776.7 -33197.6 0 -2561.94 0 0
322000 -32364.1 -32166.9 0 -5290.49 0 0
323000 -30953.1 -30357.3 0 -3819.96 0 0
324000 -30548.1 -31154.1 0 -3149.11 0 0
325000 -30533.9 -32646.1 0 -4437.9 0 0
326000 -31899.7 -30561.5 0 -2873.73 0 0
327000 -33193.6 -31857.5 0 -3794.95 0 0
328000 -30913.7 -30194 0 -3963.69 0 0
329000 -32761.9 -30083.2 0 -2426.17 0 0
330000 -30188.1 -33284.7 0 -4103.94 0 0
331000 -30062.4 -31815.9 0 -4489.04 0 0
332000 -31223.6 -31927.6 0 -1703.66 0 0
333000 -32694.7 -30276.1 0 -1681.99 0 0
334000 -33185 -30340.5 0 -3740.79 0 0
335000 -32719.5 -29975.7 0 -2214.97 0 0
336000 -30877.4 -34027.2 0 -1516.37 0 0
337000 -31485.8 -29870 0 -901.628 0 0
338000 -32706.3 -28814.8 0 -3069.83 0 0
339000 -32007.8 -32826.6 0 -1829.22 0 0
340000 -31779.8 -29070.1 0 -674.416 0 0
341000 -31520.3 -31516.6 0 -1078.43 0 0
342000 -32858.2 -28695.5 0 -1104.06 0 0
343000 -32514.2 -32759.6 0 -967.474 0 0
344000 -34002.6 -28806.6 0 -1166.19 0 0
345000 -35132.3 -29484.5 0 -2456.6 0 0
346000 -32492.8 -30615.9 0 -1359.65 0 0
347000 -32091 -31002.9 0 -212.095 0 0
348000 -30056.2 -31128.7 0 1372.81 0 0
349000 -32196.3 -30076.3 0 941.236 0 0
350000 -31293.8 -29541 0 2145.46 0 0
351000 -32075.3 -28747.3 0 2330.14 0 0
352000 -34082.5 -31564 0 2575.48 0 0
353000 -33027.9 -29381.1 0 1504.91 0 0
354000 -30691.8 -30107.8 0 -364.055 0 0
355000 -30935.5 -31677.6 0 1604.9 0 0
356000 -30411.3 -30608.7 0 1604.16 0 0
357000 -29514.4 -32309 0 2501.95 0 0
358000 -34621 -31658.6 0 2579.34 0 0
359000 -29548.5 -33912.1 0 1495.27 0 0
360000 -31282.7 -30749.6 0 1708.13 0 0
361000 -29883 -31130.3 0 2073.23 0 0
362000 -30537.2 -33328.4 0 1695.42 0 0
363000 -31350.1 -29357.1 0 1594.94 0 0
364000 -31854.3 -33326.1 0 1604.13 0 0
365000 -31808.7 -32114.6 0 4503.75 0 0
366000 -30432.5 -29144.9 0 2182.59 0 0
367000 -29386.8 -33548.3 0 2257.24 0 0
368000 -30427.5 -29934.5 0 1034.89 0 0
369000 -32645.5 -32868.2 0 973.755 0 0
370000 -30715.5 -33642.1 0 2599.53 0 0
371000 -31432.7 -31732 0 4458.91 0 0
372000 -31413.9 -28896.9 0 3822.01 0 0
373000 -31441.3 -29827.6 0 2509.32 0 0
374000 -30984.7 -32055.5 0 3790.7 0 0
375000 -32860.9 -27500.4 0 1804.24 0 0
376000 -30186.1 -30804.1 0 4469.48 0 0
377000 -32512.2 -30132.9 0 3648.64 0 0
378000 -30055 -33234.9 0 475.525 0 0
379000 -32209.5 -28827.7 0 4615.58 0 0
380000 -31326 -31410.3 0 3274.59 0 0
381000 -28747.4 -31949.6 0 3877.45 0 0
382000 -28391.6 -30046.1 0 2682.78 0 0
383000 -32053.5 -31043.5 0 2663.76 0 0
384000 -30101.1 -32058.6 0 2295.1 0 0
385000 -31379.2 -30082.6 0 2137.03 0 0
386000 -30477.4 -30435.6 0 2004.88 0 0
387000 -30473.8 -31839.2 0 3559.87 0 0
388000 -30852.1 -33094.6 0 2227.41 0 0
389000 -31317.3 -32497.5 0 1954.73 0 0
390000 -30150 -31665.4 0 -22.6395 0 0
391000 -31144.3 -30427.8 0 -1257.45 0 0
392000 -30439.2 -31803.2 0 109.844 0 0
393000 -31807.1 -31825.1 0 79.3609 0 0
394000 -31840.3 -30958 0 560.423 0 0
395000 -30103.9 -29593.5 0 -1042.84 0 0
396000 -30727.7 -28128.5 0 1065.49 0 0
397000 -33666.3 -27595.8 0 -1062.04 0 0
398000 -32920.7 -31595.4 0 -1084.9 0 0
399000 -32896.7 -28097.9 0 -666.439 0 0
400000 -33501.7 -29065.6 0 -997.511 0 0
401000 -31026.3 -31083.1 0 -1060.26 0 0
402000 -31248 -28088.9 0 -3169.5 0 0
403000 -32954.2 -30957.3 0 -2348.07 0 0
404000 -33102.1 -31601.1 0 -909.305 0 0
405000 -34795.5 -32136.6 0 -2339.45 0 0
406000 -32494.1 -30887.4 0 454.098 0 0
407000 -30201.3 -29821.9 0 -1133.3 0 0
408000 -30847 -30144.5 0 -832.873 0 0
409000 -34099 -28247.2 0 -2960.58 0 0
410000 -31447.9 -31999.7 0 -1630.33 0 0
411000 -34410.6 -29734.2 0 -454.198 0 0
412000 -30236.6 -29207.5 0 -2361.59 0 0
413000 -32862.7 -31163.2 0 -2418.16 0 0
414000 -30768.2 -31130.7 0 -2963.3 0 0
415000 -30457.3 -32389.3 0 -5515.78 0 0
416000 -31553 -31541.2 0 -2341.7 0 0
417000 -29378 -33187.7 0 -2677.2 0 0
418000 -31230.2 -29110.1 0 -4133.99 0 0
419000 -33027.1 -30753.4 0 -2037.71 0 0
420000 -33528.4 -30077.6 0 -3458.26 0 0
421000 -29883.7 -31000.3 0 -3367.66 0 0
422000 -32175.1 -31009.8 0 -4580.6 0 0
423000 -32036.4 -29428.4 0 -3246.59 0 0
424000 -32546.2 -32308.8 0 -2585.42 0 0
425000 -31213.1 -30330.7 0 -2716.46 0 0
426000 -34462.2 -32795.3 0 -912.227 0 0
427000 -28371.3 -31477.3 0 -2685.42 0 0
428000 -32446.9 -30367.3 0 -3752.88 0 0
429000 -32412.9 -29756.2 0 -3736.58 0 0
430000 -28347.8 -29737.3 0 -4991.07 0 0
431000 -33289.5 -31903 0 -5284.28 0 0
432000 -28207.2 -30618.9 0 -2867.75 0 0
433000 -29498.3 -31150.8 0 -783.782 0 0
434000 -31484.1 -30805.7 0 -2349 0 0
435000 -29737.1 -32510.1 0 -2872.68 0 0
436000 -30770.8 -29607.6 0 -3575.68 0 0
437000 -32419.5 -30739 0 -1080.14 0 0
438000 -32045.2 -29871.5 0 -3332.63 0 0
439000 -32692.2 -32292.7 0 -3358.61 0 0
440000 -29455.5 -31369.6 0 -3957.87 0 0
441000 -33538.2 -29856.3 0 -1377.99 0 0
442000 -30281.6 -31008.2 0 749.969 0 0
443000 -30695.2 -32116.8 0 -1497.35 0 0
444000 -31410.8 -31809.9 0 1227.41 0 0
445000 -29602.1 -34320 0 -2.33399 0 0
446000 -32058.1 -30623.4 0 1021.73 0 0
447000 -29570.9 -31349.5 0 404.256 0 0
448000 -29871.8 -32315.2 0 321.093 0 0
449000 -29795.4 -32669 0 -2837.37 0 0
450000 -33453.7 -31189.9 0 591.094 0 0
451000 -29370.6 -34162.7 0 949.02 0 0
452000 -32098.9 -31731.9 0 1928.05 0 0
453000 -31400.5 -29564.2 0 497.073 0 0
454000 -32306.1 -31477.7 0 2955.51 0 0
455000 -30923 -31522 0 895.983 0 0
456000 -32602.1 -29690.1 0 2899.54 0 0
457000 -30218 -32346.8 0 1024.15 0 0
458000 -30257.2 -32613.2 0 4359.26 0 0
459000 -31931 -31342.8 0 2258.72 0 0
460000 -30995 -32793.6 0 2938.97 0 0
461000 -31126.7 -32615.5 0 3567.6 0 0
462000 -32157.8 -32250.4 0 5587.58 0 0
463000 -31624.7 -31019.5 0 2901.56 0 0
464000 -32179.8 -30431.7 0 2871.78 0 0
465000 -33355.1 -26512.9 0 2961.2 0 0
466000 -29720.2 -32060.8 0 4971.83 0 0
467000 -32899.6 -30301.6 0 4124.1 0 0
468000 -29653.4 -29738.1 0 3080 0 0
469000 -30529.7 -29676.6 0 7582.48 0 0
470000 -28687.8 -31924.8 0 4353.11 0 0
471000 -29628.9 -30053.4 0 3973.91 0 0
472000 -31364 -31462.7 0 4468.15 0 0
473000 -29779.2 -29637.8 0 4573.32 0 0
474000 -29606 -32635 0 5369.52 0 0
475000 -28507 -31438.5 0 4047.79 0 0
476000 -30739.9 -30912.8 0 4201.81 0 0
477000 -30463.1 -33112.9 0 4114.42 0 0
478000 -29278.9 -33750.2 0 3927.24 0 0
479000 -33039.9 -30474.6 0 4692.62 0 0
480000 -31231.2 -29006.7 0 5903.5 0 0
481000 -29070.6 -32295 0 3626.87 0 0
482000 -31106 -30680.6 0 2907.28 0 0
483000 -32424.6 -30242.1 0 2412.67 0 0
484000 -33898.5 -28630.2 0 1864.16 0 0
485000 -31892.4 -30308.1 0 177.559 0 0
486000 -28371.9 -33944.2 0 2937.63 0 0
487000 -31309.4 -30450.1 0 869.922 0 0
488000 -30892.2 -31088.1 0 1027.83 0 0
489000 -30946.7 -28927.9 0 1602.46 0 0
490000 -29765.4 -30368.9 0 1493 0 0
491000 -31251.7 -26461.3 0 2615.35 0 0
492000 -31731.4 -30471.9 0 2516.89 0 0
493000 -29779.7 -29039.2 0 3549.47 0 0
494000 -29646.3 -32048.5 0 -1461.3 0 0
495000 -31714.1 -31932.1 0 -1251.07 0 0
496000 -31879.5 -29727.5 0 558.658 0 0
497000 -30400 -29244.8 0 -438.054 0 0
498000 -31035.4 -32278.5 0 -81.1187 0 0
499000 -30562.2 -30262.6 0 1169.12 0 0
500000 -31032 -31343.5 0 -311.336 0 0
