# Time-averaged data for fix ps1
# TimeStep c_thermo_press[1] c_thermo_press[2] c_thermo_press[3] c_thermo_press[4] c_thermo_press[5] c_thermo_press[6]
1000 -11095.7 -9020.98 0 -993.989 0 0
2000 -12757.7 -10916.1 0 -543.937 0 0
3000 -9022.43 -10468.6 0 207.807 0 0
4000 -7739.16 -14097.2 0 546.413 0 0
5000 -10238 -9212.71 0 -470.568 0 0
6000 -12894.2 -9930.32 0 1059.69 0 0
7000 -10926.7 -11991.9 0 -513.191 0 0
8000 -13593.2 -9281.81 0 878.983 0 0
9000 -11977.5 -10986.6 0 51.9655 0 0
10000 -7556.25 -12780 0 -1027.27 0 0
11000 -8750.07 -11401 0 152.455 0 0
12000 -9397.28 -12161.8 0 795.898 0 0
13000 -3721.39 -13787.3 0 -884.826 0 0
14000 -11414 -11844.5 0 1039.4 0 0
15000 -8957.67 -12561.7 0 -1192.52 0 0
16000 -8805.47 -8867.65 0 -1097.06 0 0
17000 -10435.4 -11760 0 -1142.23 0 0
18000 -9833.29 -11675.1 0 1082.88 0 0
19000 -8446.95 -12259.9 0 2064.01 0 0
20000 -11430.1 -11927.3 0 1841.04 0 0
21000 -8170.86 -9813.27 0 4020.07 0 0
22000 -11788.8 -9548.85 0 578.716 0 0
23000 -11074.6 -9293.96 0 1269.73 0 0
24000 -8899.6 -11549.6 0 -2515.94 0 0
25000 -8974.74 -12749.8 0 562.065 0 0
26000 -10521.9 -11676.1 0 -259.595 0 0
27000 -9198.67 -13686.6 0 397.059 0 0
28000 -9301.94 -13278.9 0 805.833 0 0
29000 -9901.12 -11149.4 0 2812.18 0 0
30000 -10006.8 -12497.2 0 66.629 0 0
31000 -6419 -14064.6 0 2734.31 0 0
32000 -10542.6 -11830.1 0 1148.94 0 0
33000 -12377.1 -7870.12 0 343.312 0 0
34000 -14644 -9653.29 0 -2646.61 0 0
35000 -11663.4 -10903.7 0 1959.36 0 0
36000 -11799.9 -10563.4 0 1043.37 0 0
37000 -9514.43 -10499.9 0 -1707.4 0 0
38000 -10327.9 -13382.1 0 1589.59 0 0
39000 -11400 -10123.7 0 1499.26 0 0
40000 -11031.4 -13603.2 0 661.125 0 0
41000 -16974.6 -9230.38 0 2628.98 0 0
42000 -12052.8 -13606.7 0 1938.36 0 0
43000 -14559.3 -10295.8 0 3466.08 0 0
44000 -10545.5 -10905.3 0 2530.43 0 0
45000 -11835.4 -12055.6 0 1786.58 0 0
46000 -10285.6 -15077.7 0 -608.037 0 0
47000 -13339.7 -8550.29 0 3164.33 0 0
48000 -11775.9 -12373.3 0 1932.41 0 0
49000 -10996.3 -12515.4 0 -6.08145 0 0
50000 -10862.2 -8548.27 0 -101.656 0 0
51000 -10950.2 -11542.5 0 -172.562 0 0
52000 -14288.6 -11550.7 0 62.9086 0 0
53000 -11446.3 -11776.6 0 -2351.89 0 0
54000 -12094 -9402.32 0 -1888.43 0 0
55000 -11350.7 -11220.6 0 -246.155 0 0
56000 -13185.7 -10131.8 0 558.048 0 0
57000 -11412 -14648 0 375.102 0 0
58000 -11613.5 -11426.2 0 2470.79 0 0
59000 -9887.67 -12841 0 808.328 0 0
60000 -10023.9 -15669.4 0 1162.23 0 0
61000 -9986.28 -15671 0 -1342.36 0 0
62000 -11089.6 -11075.2 0 -1132.9 0 0
63000 -9832.65 -11319.8 0 963.154 0 0
64000 -10428.3 -12886.8 0 -624.028 0 0
65000 -8871.05 -14098.2 0 584.014 0 0
66000 -9719.54 -15131 0 1793.93 0 0
67000 -8478.33 -13869.1 0 155.068 0 0
68000 -10760.9 -12632.4 0 2515.86 0 0
69000 -8797.53 -14572.2 0 -1916.96 0 0
70000 -11715.9 -13300.1 0 -363.881 0 0
71000 -14421 -11237.6 0 2522.23 0 0
72000 -11590.5 -10637.1 0 1279.35 0 0
73000 -10922.7 -12882.2 0 1754.63 0 0
74000 -10331.7 -11186.3 0 1676.13 0 0
75000 -11494.6 -12459.4 0 2747.37 0 0
76000 -13294.5 -13183.3 0 1762.9 0 0
77000 -16080.5 -11606.7 0 2516.87 0 0
78000 -13855.7 -12852.2 0 3922.83 0 0
79000 -15230.1 -10004.9 0 1805.33 0 0
80000 -13085.9 -11466.2 0 3297.14 0 0
81000 -10579.3 -12356.8 0 3242.75 0 0
82000 -9231.1 -12508.8 0 1506.23 0 0
83000 -14826.6 -11875.2 0 631.382 0 0
84000 -8985.22 -12670.2 0 2140.66 0 0
85000 -12001.8 -8730.78 0 -1427.92 0 0
86000 -11413.1 -13140 0 -1659.14 0 0
87000 -12482.1 -9764.16 0 407.869 0 0
88000 -11381.9 -10456.1 0 -1504.36 0 0
89000 -13753.4 -10780.6 0 -2486.04 0 0
90000 -13945.5 -10162.1 0 -1121.6 0 0
91000 -13397.9 -10869.6 0 2501.92 0 0
92000 -11263.3 -12896.7 0 -707.843 0 0
93000 -9195.12 -16818.1 0 -1452.04 0 0
94000 -10207.9 -12339.4 0 1656.22 0 0
95000 -9018.73 -13365.8 0 1577.28 0 0
96000 -11965.3 -13004.8 0 1366.91 0 0
97000 -13953.7 -11303.9 0 -2583.43 0 0
98000 -11269.9 -12710.6 0 -1042.87 0 0
99000 -10674 -12282.8 0 105.533 0 0
100000 -10982.6 -9677.1 0 -179.98 0 0
101000 -11186.1 -14678.6 0 1219.92 0 0
102000 -10896.1 -12358.8 0 -427.359 0 0
103000 -11174.7 -13476.2 0 2061.33 0 0
104000 -7488.13 -15363.4 0 478.137 0 0
105000 -9751.01 -15843.7 0 1252.24 0 0
106000 -13156.8 -13473.3 0 1049.13 0 0
107000 -12273.6 -10331.7 0 -3777.33 0 0
108000 -11289.1 -14583.7 0 -2652.26 0 0
109000 -11414.7 -12048.8 0 -696.956 0 0
110000 -15840.5 -13945.2 0 -517.939 0 0
111000 -12492.5 -12950.7 0 -984.547 0 0
112000 -12851.4 -10754 0 -1907.66 0 0
113000 -11178.4 -13376.5 0 -1863.95 0 0
114000 -13407.3 -12223.7 0 -804.506 0 0
115000 -13621.4 -11499.3 0 -2651.85 0 0
116000 -12994.2 -11465.4 0 -607.177 0 0
117000 -11220.6 -11452.8 0 -1491.11 0 0
118000 -13590.7 -12276 0 -2342.57 0 0
119000 -11230.3 -10894.5 0 -2037.22 0 0
120000 -14638.9 -9579.5 0 -1447.74 0 0
121000 -11941.7 -10937.8 0 -465.931 0 0
122000 -12326.8 -12743.6 0 -306.583 0 0
123000 -12084.9 -11071.3 0 -373.22 0 0
124000 -10201.2 -10532.4 0 -1919.6 0 0
125000 -11212 -10814.8 0 -2128.91 0 0
126000 -7518.25 -14280.9 0 -1439.16 0 0
127000 -14890.3 -11759.7 0 -1152.75 0 0
128000 -10695.7 -13798 0 -1824.32 0 0
129000 -7453.3 -15861.7 0 -591.405 0 0
130000 -9961.69 -14516.7 0 26.0559 0 0
131000 -10551.6 -12766.9 0 2571.47 0 0
132000 -10105.1 -14532.5 0 -1514.38 0 0
133000 -9414.74 -12087.2 0 -4151.53 0 0
134000 -9401.93 -16019.4 0 1386.59 0 0
135000 -9870.82 -12639 0 -71.7026 0 0
136000 -7943.44 -11547 0 -3223.57 0 0
137000 -12779 -7191.57 0 -105.928 0 0
138000 -9336.13 -9536.31 0 -1393.97 0 0
139000 -7980.4 -9341.75 0 1702.57 0 0
140000 -11323.8 -11642.2 0 858.713 0 0
141000 -9519.8 -10168.8 0 906.693 0 0
142000 -13762.7 -7467.82 0 2179.02 0 0
143000 -13129.2 -10786 0 2072.06 0 0
144000 -12256.2 -7587.71 0 -75.8447 0 0
145000 -13785.8 -10595.9 0 -698.81 0 0
146000 -13686 -9148.66 0 8.57748 0 0
147000 -14613.3 -8486.76 0 147.133 0 0
148000 -12117.1 -8198.55 0 1743.69 0 0
149000 -13560.7 -9402.52 0 1214.34 0 0
150000 -10083.1 -12886.2 0 181.972 0 0
151000 -10751.2 -12071.6 0 -105.524 0 0
152000 -13160.2 -11683.6 0 1045.8 0 0
153000 -11671.8 -9868.06 0 337.516 0 0
154000 -10288.1 -10386.1 0 2069.08 0 0
155000 -12334.1 -9949.79 0 -284.279 0 0
156000 -15128.5 -11189.4 0 3837.49 0 0
157000 -13079.4 -10062 0 2872.79 0 0
158000 -11046.8 -10697.7 0 1890.93 0 0
159000 -12691.2 -9755.91 0 2072.53 0 0
160000 -12275.3 -10410.6 0 1007.21 0 0
161000 -10340.9 -13067.7 0 3104.16 0 0
162000 -12473.9 -10676.8 0 2582.57 0 0
163000 -11472.6 -13507.2 0 1945.71 0 0
164000 -11231.6 -13571.7 0 559.831 0 0
165000 -11939.6 -10758.9 0 669.127 0 0
166000 -17093.5 -8647.22 0 -1481.63 0 0
167000 -14555.1 -11662.9 0 -2037.73 0 0
168000 -11315.4 -10742.8 0 514.965 0 0
169000 -9851.54 -11399 0 -573.111 0 0
170000 -8453.21 -13298.5 0 1488.85 0 0
171000 -11411.9 -12136.3 0 259.857 0 0
172000 -11208.5 -10564.4 0 -1271.59 0 0
173000 -10139.5 -11117.6 0 465.795 0 0
174000 -12199 -9182.68 0 -1118.62 0 0
175000 -9658.78 -12197.1 0 1595.49 0 0
176000 -11628.3 -13681.3 0 965.011 0 0
177000 -9105.12 -12658.1 0 -251.184 0 0
178000 -13852.6 -11689.8 0 -197.549 0 0
179000 -14560.5 -8699.69 0 -581.882 0 0
180000 -13466.2 -11087.6 0 525.829 0 0
181000 -14601.9 -10415.2 0 -152.378 0 0
182000 -12678.8 -14772.8 0 -840.263 0 0
183000 -8241.33 -11268 0 63.3806 0 0
184000 -11166.7 -11914.1 0 -268.188 0 0
185000 -13676.4 -9578.59 0 1146.39 0 0
186000 -11951.4 -10065.3 0 925.461 0 0
187000 -8745.13 -12635.7 0 1304.18 0 0
188000 -13423.8 -10055.3 0 -1130.51 0 0
189000 -12451.7 -7712.58 0 1637.23 0 0
190000 -12767.9 -9754.9 0 648.455 0 0
191000 -13696.7 -8649.02 0 -2388.02 0 0
192000 -9303.5 -11063.3 0 -449.596 0 0
193000 -8754.4 -12590.8 0 -58.1182 0 0
194000 -14507.5 -8788.8 0 1322.02 0 0
195000 -11267.5 -7813.13 0 1797.59 0 0
196000 -11049.2 -12751.4 0 779.79 0 0
197000 -10297.9 -12039.9 0 2570 0 0
198000 -10663.1 -13330.3 0 1930.63 0 0
199000 -11357.2 -10142.4 0 923.177 0 0
200000 -7949.07 -9996.01 0 -3092.31 0 0
201000 -6385.77 -15369 0 -157.701 0 0
202000 -8442.49 -12283.6 0 -420.491 0 0
203000 -11967.2 -11352.7 0 -1644.13 0 0
204000 -11843.8 -10089.1 0 -764.525 0 0
205000 -11215 -8914.25 0 -2228.45 0 0
206000 -13214.5 -10722.2 0 1276.29 0 0
207000 -12727.9 -10138 0 -1730.2 0 0
208000 -13933.2 -9357.53 0 -2180.69 0 0
209000 -11769 -12950.4 0 539.407 0 0
210000 -13093 -8591.73 0 -148.588 0 0
211000 -9954.77 -13290 0 -247.184 0 0
212000 -13099.6 -12850.6 0 -1795.37 0 0
213000 -11303.7 -10800.5 0 -2022.73 0 0
214000 -13258.6 -9675.4 0 -869.107 0 0
215000 -11617.5 -13587.2 0 -967.684 0 0
216000 -10642.9 -11650 0 2272.11 0 0
217000 -7901.07 -11529.2 0 -3028.02 0 0
218000 -8248.5 -16021.8 0 -1241.07 0 0
219000 -9913.44 -12662.3 0 -4130.94 0 0
220000 -9080.06 -9953.52 0 -1974.77 0 0
221000 -10715 -9986.31 0 -130.166 0 0
222000 -12322.3 -10124.2 0 222.494 0 0
223000 -11229.9 -7739.77 0 2740.07 0 0
224000 -9557.87 -11358.6 0 907.281 0 0
225000 -13634.8 -8803.37 0 170.136 0 0
226000 -12223.3 -8458.2 0 -1981.29 0 0
227000 -10797.3 -10975.1 0 -537.616 0 0
228000 -8240.1 -15421.2 0 -2544.31 0 0
229000 -11149.2 -11880.1 0 -305.094 0 0
230000 -11099.7 -7782.58 0 -1221.82 0 0
231000 -11763.2 -11504.8 0 -1938.8 0 0
232000 -13553.3 -14546.5 0 -1092.92 0 0
233000 -13163.7 -10070.1 0 1719.2 0 0
234000 -11416.9 -10899.7 0 1761.96 0 0
235000 -10572.8 -11812.2 0 -1045.28 0 0
236000 -11982 -10560.7 0 -675.449 0 0
237000 -13888.4 -10834.8 0 839.445 0 0
238000 -9312.17 -11424.2 0 -957.796 0 0
239000 -11512.9 -13513.3 0 -1420.01 0 0
240000 -12117 -12101.2 0 2138.56 0 0
241000 -10071.2 -11885 0 -664.304 0 0
242000 -7493.3 -9186.37 0 -26.3729 0 0
243000 -7783.35 -13812.3 0 1602.35 0 0
244000 -13334.7 -9944.08 0 127.455 0 0
245000 -8912 -10480.1 0 -79.34 0 0
246000 -10124.6 -9978.54 0 4261.33 0 0
247000 -15374.1 -10813.6 0 1282.4 0 0
248000 -11849.2 -12435.9 0 -741.156 0 0
249000 -12857.4 -9884.81 0 415.144 0 0
250000 -7962.22 -12173.7 0 154.833 0 0
251000 -10666 -10851.3 0 1577.01 0 0
252000 -11953.2 -9890.83 0 -939.891 0 0
253000 -9222.81 -11276.6 0 -355.642 0 0
254000 -10496.3 -12257 0 2145.82 0 0
255000 -12022.1 -11421.1 0 2181.67 0 0
256000 -11364.3 -10838.5 0 3028.63 0 0
257000 -10003.3 -10800.6 0 2818.12 0 0
258000 -12849.4 -9381.34 0 -473.074 0 0
259000 -10889.2 -8755.35 0 2123.51 0 0
260000 -8375.61 -10053.4 0 216.023 0 0
261000 -10729.3 -10511.6 0 -711.922 0 0
262000 -11579.2 -11810.8 0 -906.283 0 0
263000 -7076.51 -12423.9 0 3497.05 0 0
264000 -10277.5 -9740.02 0 1961.45 0 0
265000 -11181.9 -10096.7 0 2087.65 0 0
266000 -12972.4 -9198.86 0 1020.02 0 0
267000 -10513.8 -13778.3 0 1342.35 0 0
268000 -12076.4 -10157.3 0 303.913 0 0
269000 -8616.12 -12056.2 0 2531.56 0 0
270000 -10124.4 -13111.8 0 -1551.18 0 0
271000 -12289.7 -10191 0 1738.57 0 0
272000 -8109.84 -17165.2 0 2964.49 0 0
273000 -7577.76 -14711.9 0 1181.66 0 0
274000 -9997.16 -7924.19 0 209.731 0 0
275000 -12011 -10513.2 0 -734.415 0 0
276000 -10959 -8572.3 0 1723.89 0 0
277000 -14149.3 -11107.6 0 1892 0 0
278000 -10820.3 -11981.1 0 -142.235 0 0
279000 -12661.5 -8987.18 0 -167.912 0 0
280000 -11720.9 -10995.2 0 919.428 0 0
281000 -8496.62 -12391.4 0 1125.15 0 0
282000 -10995.8 -10057.9 0 705.592 0 0
283000 -10963.4 -7262.19 0 -329.337 0 0
284000 -14567.3 -7099.07 0 1607.89 0 0
285000 -10269.1 -15636.2 0 750.552 0 0
286000 -11161.6 -10283.1 0 1678.26 0 0
287000 -10985.8 -11142.8 0 -133.094 0 0
288000 -15730.9 -10733.1 0 -246.022 0 0
289000 -12403.2 -7463.67 0 -872.187 0 0
290000 -11047.8 -9964.54 0 695.079 0 0
291000 -9589.67 -12665.6 0 759.015 0 0
292000 -13947.8 -11232.5 0 56.4212 0 0
293000 -10296.2 -8392.78 0 -118.885 0 0
294000 -8655.72 -11217.4 0 -1375.24 0 0
295000 -9390.6 -10851.6 0 755.731 0 0
296000 -7283.08 -10274.9 0 -339.28 0 0
297000 -8950.31 -11605.4 0 -1691.03 0 0
298000 -12280.5 -12026.2 0 -3745.59 0 0
299000 -12618.6 -10806.6 0 79.9886 0 0
300000 -10179.6 -11797.4 0 -2063.73 0 0
301000 -9833.23 -11162.5 0 -2028.85 0 0
302000 -8913.67 -12315.8 0 -2853.86 0 0
303000 -11091.3 -11772.5 0 -3114.72 0 0
304000 -11989.7 -10789.6 0 -4253.83 0 0
305000 -9269.4 -10789.5 0 -2764.52 0 0
306000 -10313.3 -13943.8 0 -4488.17 0 0
307000 -12669.9 -12813.8 0 -2481.71 0 0
308000 -12752 -9894.43 0 -1251.34 0 0
309000 -14545.2 -10695.5 0 -3597.26 0 0
310000 -11047.6 -12417.4 0 -694.452 0 0
311000 -10566.9 -9858.22 0 -4255.59 0 0
312000 -8136.44 -12093.5 0 -3441.71 0 0
313000 -9460.43 -10630.3 0 -1390.07 0 0
314000 -11519.9 -7639.55 0 -1861.27 0 0
315000 -8547.37 -11993 0 -4883.72 0 0
316000 -9003.45 -14494.4 0 -3267.23 0 0
317000 -12685.8 -10124.4 0 -1668.21 0 0
318000 -9393.7 -9040.93 0 -2137.21 0 0
319000 -8279.7 -13674.3 0 -1548.22 0 0
320000 -11535.6 -10929.3 0 -832.337 0 0
321000 -11949.4 -12933.5 0 -1545.34 0 0
322000 -10977.8 -11524.4 0 -1412.27 0 0
323000 -10219.2 -12241 0 -1098.67 0 0
324000 -10014.4 -11713.6 0 2899.14 0 0
325000 -11544.8 -10960.2 0 4088.13 0 0
326000 -11272.1 -11040.2 0 -1996.84 0 0
327000 -12038.5 -9894.52 0 -1868.48 0 0
328000 -8904.84 -9785.82 0 -1202.44 0 0
329000 -11582.4 -12801.6 0 199.101 0 0
330000 -8808.9 -12244.9 0 720.464 0 0
331000 -11669.3 -11126.1 0 -1016.14 0 0
332000 -12312.7 -10363.7 0 -890.982 0 0
333000 -12008.3 -10640.4 0 1990.65 0 0
334000 -11463.7 -8843.69 0 -546.705 0 0
335000 -11660.1 -12245 0 -1031.75 0 0
336000 -11554.5 -11951.9 0 -73.4337 0 0
337000 -9822.4 -11151 0 549.388 0 0
338000 -10857.7 -8146.41 0 2319.69 0 0
339000 -10263.5 -12669.3 0 -1957.81 0 0
340000 -12673.5 -8558.93 0 -2060.16 0 0
341000 -6623.84 -12981.7 0 1532.7 0 0
342000 -12792.7 -11691 0 1636.77 0 0
343000 -8993.69 -14674.1 0 1409.67 0 0
344000 -10773.6 -10804.4 0 -593.79 0 0
345000 -14326.6 -10862.6 0 3189.72 0 0
346000 -12687.7 -7414.74 0 977.755 0 0
347000 -8231.11 -11374.1 0 -593.81 0 0
348000 -11625.1 -9062.38 0 -1518.06 0 0
349000 -13295.1 -8724.63 0 627.224 0 0
350000 -13129.6 -11559 0 -825.836 0 0
351000 -9547.52 -9735.86 0 1806.5 0 0
352000 -12261.8 -14167.2 0 480.378 0 0
353000 -10095.7 -15299.7 0 -1656.8 0 0
354000 -10851.1 -12355.3 0 140.656 0 0
355000 -12949.5 -11661.5 0 2638.27 0 0
356000 -11772.4 -13283.8 0 2251.52 0 0
357000 -8305.76 -14934.2 0 798.8 0 0
358000 -10812.2 -9102.57 0 1405.05 0 0
359000 -8984.18 -13706.5 0 -336.712 0 0
360000 -9284.48 -13478.6 0 710.121 0 0
361000 -9588.15 -10455.7 0 1774.93 0 0
362000 -12121 -12625.4 0 1282.85 0 0
363000 -11026.6 -11221.5 0 3360.95 0 0
364000 -11156.8 -11697.3 0 3236.23 0 0
365000 -8004.48 -12427.5 0 -616.577 0 0
366000 -13042 -10267.7 0 3537.85 0 0
367000 -7987.7 -12941.3 0 2537.53 0 0
368000 -10006.7 -13652.9 0 2992.21 0 0
369000 -10320.3 -9836.38 0 3306.92 0 0
370000 -8218.76 -12620.9 0 3026.83 0 0
371000 -12681.7 -11422.8 0 1641.97 0 0
372000 -12451.1 -11843.2 0 1309.07 0 0
373000 -14612.6 -11706.6 0 -1915.41 0 0
374000 -13218.1 -10827.2 0 2792.81 0 0
375000 -12987 -11694.4 0 3483.82 0 0
376000 -11617.7 -14615.9 0 5137.52 0 0
377000 -11698.8 -14072.8 0 -480.086 0 0
378000 -12798.4 -10290.7 0 645.214 0 0
379000 -10307.8 -15449.4 0 -563.549 0 0
380000 -10843.6 -9516.79 0 -707.735 0 0
381000 -10205.6 -9850.4 0 -26.6276 0 0
382000 -12275.6 -12541.9 0 -3805.66 0 0
383000 -10153.8 -10762.2 0 409.299 0 0
384000 -12174.9 -11738.4 0 506.501 0 0
385000 -14351.9 -11173.6 0 -1794.26 0 0
386000 -14317.1 -7855.65 0 -624.203 0 0
387000 -14300.6 -11642.6 0 -1833.24 0 0
388000 -9946.83 -11702.9 0 1416.65 0 0
389000 -10955.9 -9558.79 0 -473.404 0 0
390000 -11716.5 -10424.9 0 -1057.3 0 0
391000 -16190.8 -10460.1 0 -1065.3 0 0
392000 -13260.8 -11770.9 0 -2103.05 0 0
393000 -12875.2 -6219.54 0 -982.353 0 0
394000 -12156 -10678.7 0 -1209.52 0 0
395000 -12565.9 -9915.86 0 -3114.4 0 0
396000 -12096.5 -8065.26 0 -2680.35 0 0
397000 -12610.9 -10984.1 0 -3221.3 0 0
398000 -8540.83 -11683.2 0 -1929.5 0 0
399000 -13127.7 -11025.9 0 -3612.65 0 0
400000 -11284 -7584.97 0 -2145.63 0 0
401000 -11383.8 -8275.46 0 -529.799 0 0
402000 -9442.03 -14095 0 -2198.1 0 0
403000 -10799.6 -10698.4 0 -125.172 0 0
404000 -11450.1 -7754.42 0 11.7308 0 0
405000 -7373.98 -10583.7 0 -2755.19 0 0
406000 -11135.6 -5535.67 0 -1949.23 0 0
407000 -11895.3 -9105.99 0 -2988.5 0 0
408000 -11375.2 -8038.66 0 -3177.52 0 0
409000 -11885.8 -4965.17 0 -2809.56 0 0
410000 -9116.31 -11188 0 -546.19 0 0
411000 -10321.7 -8969.84 0 381.244 0 0
412000 -10596.2 -9161.47 0 17.5008 0 0
413000 -10917.5 -9291.76 0 -4103.08 0 0
414000 -11500.2 -11812.9 0 -1370.08 0 0
415000 -9448.11 -12189.6 0 -1483.67 0 0
416000 -11704.9 -9659.72 0 594.093 0 0
417000 -11057.1 -8098.36 0 478.618 0 0
418000 -10822.5 -10908.4 0 -1632.86 0 0
419000 -9726.62 -9283.42 0 -1847.73 0 0
420000 -10682.4 -8629.16 0 517.102 0 0
421000 -12398.7 -5420.84 0 -3528.54 0 0
422000 -12020.2 -10736.3 0 987.687 0 0
423000 -13319.6 -12599.7 0 -465.166 0 0
424000 -9680.18 -12211.7 0 2368.69 0 0
425000 -12825.5 -11121.6 0 312.122 0 0
426000 -9062.41 -10634.5 0 717.766 0 0
427000 -9571.94 -9966.18 0 684.875 0 0
428000 -9275.48 -9313.93 0 -1494.96 0 0
429000 -11704.7 -13696.3 0 -2243.63 0 0
430000 -10892.6 -11692.3 0 -2818.65 0 0
431000 -8605.13 -10997.8 0 -4201.93 0 0
432000 -13189 -8767.06 0 150.501 0 0
433000 -9424.41 -10855.1 0 1063.23 0 0
434000 -8798.85 -11011.2 0 -1879.36 0 0
435000 -8452.51 -11649.9 0 -758.36 0 0
436000 -10704.1 -10220.7 0 -380.545 0 0
437000 -11793.2 -11141.7 0 -1477.3 0 0
438000 -11882.4 -11612.1 0 -79.9269 0 0
439000 -9705.8 -12044.6 0 -1450.26 0 0
440000 -10824.1 -9025.21 0 2032.33 0 0
441000 -11983.3 -9531.91 0 1723.13 0 0
442000 -9826.27 -11525.7 0 -2074.48 0 0
443000 -14084.4 -9576.41 0 -156.568 0 0
444000 -12809.7 -13085.9 0 945.392 0 0
445000 -13201.5 -11227.2 0 1427.45 0 0
446000 -12496.4 -14691.2 0 -170.979 0 0
447000 -11550.6 -12084.4 0 -869.667 0 0
448000 -10361 -13010.7 0 893.32 0 0
449000 -11426.7 -13209.8 0 -111.165 0 0
450000 -8577.68 -13008.5 0 1770.39 0 0
451000 -12467.5 -11950.8 0 1759.68 0 0
452000 -10566.8 -11343.7 0 49.8955 0 0
453000 -10341.5 -9524.38 0 393.18 0 0
454000 -10766.5 -11859 0 -2247.31 0 0
455000 -11452 -13373.4 0 1895.75 0 0
456000 -13959.8 -8365.43 0 -2183.52 0 0
457000 -10786.3 -13248 0 1330.06 0 0
458000 -11369.9 -7814.06 0 -653.465 0 0
459000 -8511.52 -7837.53 0 598.656 0 0
460000 -12174.5 -12249.8 0 -44.6365 0 0
461000 -11030.7 -10173.6 0 1960.19 0 0
462000 -9869.42 -10522.6 0 2418.91 0 0
463000 -9980.12 -7456.54 0 1542.22 0 0
464000 -10201.4 -10076.7 0 5604.24 0 0
465000 -10204.7 -9430.98 0 3722.56 0 0
466000 -9873.82 -10051 0 814.749 0 0
467000 -9069.68 -11882.4 0 1047.35 0 0
468000 -11630.5 -9489.35 0 3223.16 0 0
469000 -10443.1 -9236.58 0 -94.6333 0 0
470000 -11504.3 -8994.19 0 1309.58 0 0
471000 -11963.3 -10774 0 533.483 0 0
472000 -11099.3 -13560.3 0 812.393 0 0
473000 -11356.6 -9294.45 0 1005.96 0 0
474000 -14407.2 -10321.1 0 953.596 0 0
475000 -10869.9 -12109.5 0 532.64 0 0
476000 -10556.7 -13598.5 0 1436.35 0 0
477000 -10737.7 -12641.4 0 1491.78 0 0
478000 -10198.3 -12709.6 0 -799.271 0 0
479000 -9344.48 -14008.4 0 2451.79 0 0
480000 -10601.1 -10281.6 0 -1223.87 0 0
481000 -11133.3 -13171.2 0 2855.87 0 0
482000 -9064.49 -14360 0 1953.96 0 0
483000 -11080.3 -10689.7 0 1780.76 0 0
484000 -7475.86 -16692.7 0 269.203 0 0
485000 -5640.16 -13502.7 0 -591.715 0 0
486000 -8419.72 -10388.5 0 -1943.68 0 0
487000 -10769.3 -10206.1 0 -1729.68 0 0
488000 -9699.11 -10565.8 0 -3547.06 0 0
489000 -8304.48 -9980.05 0 -3487.04 0 0
490000 -8029.99 -12561.7 0 -1299.78 0 0
491000 -9189 -8349.52 0 69.2273 0 0
492000 -12770.2 -8323.63 0 2053.94 0 0
493000 -9089.19 -8703.89 0 2862.17 0 0
494000 -6118.46 -9887.96 0 -317.769 0 0
495000 -7462.84 -11729.8 0 -468.237 0 0
496000 -11298.2 -9417.74 0 -146.33 0 0
497000 -9391.11 -10731.8 0 482.523 0 0
498000 -9021.37 -15616.8 0 307.032 0 0
499000 -12326.7 -14591.1 0 22.3308 0 0
500000 -12167.2 -10234 0 -734.713 0 0
