# Time-averaged data for fix ps1
# TimeStep c_thermo_press[1] c_thermo_press[2] c_thermo_press[3] c_thermo_press[4] c_thermo_press[5] c_thermo_press[6]
1000 -36620 -36961.7 0 -1840.15 0 0
2000 -36742.9 -34555.7 0 253.81 0 0
3000 -34517.5 -33544.3 0 1014.69 0 0
4000 -36518.5 -34804 0 -1926.9 0 0
5000 -36173.9 -33038 0 -3067.57 0 0
6000 -36881.2 -34008.5 0 -1753.27 0 0
7000 -38294.8 -34264.3 0 -2927.82 0 0
8000 -32150.9 -32939.8 0 -416.58 0 0
9000 -34291.5 -34430.3 0 -3524.82 0 0
10000 -33811.5 -33807.5 0 -3475.59 0 0
11000 -33321.4 -32866.7 0 -2154.93 0 0
12000 -37992 -33363.1 0 -1863.01 0 0
13000 -33922.6 -32811.3 0 -4045.14 0 0
14000 -32629 -34899.2 0 -3737.57 0 0
15000 -32691.7 -34746.5 0 -2596.1 0 0
16000 -34163.8 -34106 0 -3280.21 0 0
17000 -32887.4 -33047.1 0 -4475.64 0 0
18000 -34818.7 -35865.9 0 -2518.69 0 0
19000 -36204.3 -34489.4 0 -2297.22 0 0
20000 -32003.3 -32671.9 0 -2029.01 0 0
21000 -37693.8 -34666.2 0 -4565.86 0 0
22000 -34346.8 -33324.6 0 -3559.18 0 0
23000 -34905.3 -32788.4 0 -4823.89 0 0
24000 -33277.2 -35477.3 0 -4653.14 0 0
25000 -33708.3 -34578 0 -5403.56 0 0
26000 -32938.1 -35126.8 0 -6105.18 0 0
27000 -36082.9 -33820 0 -5018.57 0 0
28000 -35365.4 -32942.8 0 -4103.15 0 0
29000 -31619.9 -32833 0 -4054.76 0 0
30000 -33766.2 -33445 0 -3378.21 0 0
31000 -30818.1 -38279.3 0 -3893.91 0 0
32000 -35756.3 -33306.9 0 -4398.25 0 0
33000 -33875 -34843.6 0 -4140.15 0 0
34000 -35457.6 -35197.4 0 -2800.43 0 0
35000 -36689.7 -33034.1 0 -3314.58 0 0
36000 -36640.3 -33120.5 0 -3181.99 0 0
37000 -34375 -34418.6 0 -3562.68 0 0
38000 -34477.1 -35894 0 -3228.68 0 0
39000 -34926.9 -35587.3 0 -2893.54 0 0
40000 -35807.6 -31699.3 0 -3033.36 0 0
41000 -35697.5 -34484.7 0 -2198.53 0 0
42000 -34179.7 -35079.3 0 -2773.3 0 0
43000 -35935.2 -34030.8 0 -2720.6 0 0
44000 -35015.9 -35374.2 0 -3291.66 0 0
45000 -35048.4 -35187 0 -2013.23 0 0
46000 -36352.4 -31677.6 0 665.982 0 0
47000 -34137.2 -33005.8 0 -99.0576 0 0
48000 -35841.1 -33785.9 0 -775.369 0 0
49000 -37295.3 -34799 0 -892.803 0 0
50000 -36063.1 -34207.8 0 344.774 0 0
51000 -35601.6 -35071.5 0 -1662.5 0 0
52000 -36125.4 -35221.4 0 2353.51 0 0
53000 -34689.7 -35452 0 3147.05 0 0
54000 -34792.3 -33896.1 0 959.574 0 0
55000 -34994.3 -33526.6 0 834.608 0 0
56000 -37348.3 -32643.4 0 199.397 0 0
57000 -36888.1 -34689.2 0 2895.93 0 0
58000 -35580.2 -36465.3 0 2539.79 0 0
59000 -35538.2 -33145.2 0 2075.3 0 0
60000 -36381.1 -34090.7 0 2924.12 0 0
61000 -34797.6 -36886.7 0 1077.16 0 0
62000 -37518 -36013.8 0 4712.3 0 0
63000 -33313.3 -36542.8 0 4646.19 0 0
64000 -35559.9 -33100.2 0 4668.44 0 0
65000 -35608.8 -36431.9 0 3549.9 0 0
66000 -36375.8 -35114.7 0 3077.33 0 0
67000 -38583.7 -32136.4 0 2222.15 0 0
68000 -35477.9 -38160.5 0 2724.67 0 0
69000 -34991.4 -33609.9 0 5293.62 0 0
70000 -36420.4 -34670.1 0 2631.89 0 0
71000 -33184.2 -33907 0 3400.07 0 0
72000 -33904.9 -34931.1 0 4485.92 0 0
73000 -36537.7 -31886.6 0 3418.93 0 0
74000 -37145.5 -37096.7 0 2888.21 0 0
75000 -34343.4 -34900.2 0 3042.7 0 0
76000 -34641.7 -34682.4 0 4786.68 0 0
77000 -36763.6 -34482.9 0 5111.2 0 0
78000 -36568.1 -32520.1 0 2820.86 0 0
79000 -36108.8 -34981.5 0 5298.36 0 0
80000 -36191.5 -34101.1 0 3887.46 0 0
81000 -34319.3 -33321.1 0 4757 0 0
82000 -36383.3 -33368.8 0 4061.71 0 0
83000 -34763.9 -30660.8 0 1855.58 0 0
84000 -34521.5 -35136.6 0 2183.17 0 0
85000 -33926.2 -36317.1 0 2284.73 0 0
86000 -37830 -36059.8 0 3437.32 0 0
87000 -36155.7 -33977.5 0 3607.64 0 0
88000 -37654.7 -35118.9 0 2614.95 0 0
89000 -38106.5 -34149.1 0 2419.41 0 0
90000 -35328.8 -31448.9 0 3923.06 0 0
91000 -33030.9 -35117.7 0 3368.34 0 0
92000 -36509.5 -32334 0 4861.2 0 0
93000 -35800.1 -34131.9 0 755.458 0 0
94000 -34023.8 -32799.8 0 367.697 0 0
95000 -35631.8 -36555.1 0 -912.436 0 0
96000 -34516.9 -34967.5 0 818.053 0 0
97000 -33466.2 -33330.2 0 -661.549 0 0
98000 -34967.2 -33372 0 -850.973 0 0
99000 -36547.7 -32968.6 0 -2018.47 0 0
100000 -35583.5 -36102.5 0 366.932 0 0
101000 -35469.8 -34343.2 0 -2971.73 0 0
102000 -35540.3 -33274.2 0 -2038.09 0 0
103000 -37230 -33736.7 0 -3111 0 0
104000 -36129.1 -33987.6 0 -2235.36 0 0
105000 -34477.1 -33872.6 0 -2523.67 0 0
106000 -33987.7 -35216 0 -3040.04 0 0
107000 -35645.4 -35606.1 0 -3811.28 0 0
108000 -36333.7 -35389.7 0 -3311.37 0 0
109000 -36258 -33893.1 0 -2783.69 0 0
110000 -37112 -35035.7 0 -3933.9 0 0
111000 -36059.7 -35008 0 -4182.49 0 0
112000 -37531 -31298 0 -5015.47 0 0
113000 -34845.8 -31972.9 0 -3476.97 0 0
114000 -36260.7 -31364.7 0 -3709.14 0 0
115000 -35669.4 -35548.9 0 -2515.71 0 0
116000 -33941 -36481.8 0 -5025.07 0 0
117000 -35514.2 -33314 0 -4848.65 0 0
118000 -35033.1 -33845.3 0 -5922.58 0 0
119000 -34347.8 -34340.7 0 -6532.49 0 0
120000 -37184.4 -33957 0 -5711.26 0 0
121000 -37010.3 -33991.9 0 -4463.26 0 0
122000 -33394 -33498.4 0 -5385.03 0 0
123000 -33084.8 -36429.5 0 -4629.18 0 0
124000 -36004.2 -34010.1 0 -5629.83 0 0
125000 -34812.4 -34150.7 0 -3067.15 0 0
126000 -36338.3 -33693.9 0 -3514.63 0 0
127000 -34201.9 -35045.3 0 -4285.6 0 0
128000 -35281.7 -34296 0 -4574.55 0 0
129000 -35765.6 -35647 0 -3753.44 0 0
130000 -36683.7 -36164.9 0 -4155.93 0 0
131000 -35397.4 -33415.8 0 -2176.46 0 0
132000 -38789.7 -34506.9 0 -2603.29 0 0
133000 -33367.7 -34683.6 0 -2311.48 0 0
134000 -35492.1 -35740.7 0 -2800.25 0 0
135000 -34421.4 -33507.2 0 -2798.61 0 0
136000 -35271 -33295.1 0 -2961.2 0 0
137000 -32535.1 -35223.4 0 -2512.73 0 0
138000 -37000.8 -32664.6 0 -2701.01 0 0
139000 -34719.4 -33632.8 0 -3211.74 0 0
140000 -33960.6 -35978 0 -3828.06 0 0
141000 -34323.8 -36159.2 0 -1117.26 0 0
142000 -34381.1 -32111.7 0 -846.222 0 0
143000 -34844.8 -33091.4 0 -1709.89 0 0
144000 -35751.9 -34433.3 0 426.152 0 0
145000 -34577.1 -33423.2 0 707.204 0 0
146000 -32761 -35463.7 0 -1089.36 0 0
147000 -35565 -33026.5 0 -1813.62 0 0
148000 -37950.8 -33471.9 0 -892.809 0 0
149000 -34981.3 -34669.7 0 -506.859 0 0
150000 -35683.2 -34417.2 0 1809.63 0 0
151000 -35863.6 -35253.5 0 1785.79 0 0
152000 -36369.5 -35572.5 0 -1518.13 0 0
153000 -36712.9 -33891.9 0 957.449 0 0
154000 -33372.8 -33695.5 0 972.546 0 0
155000 -37281.3 -33813.9 0 1649.76 0 0
156000 -37479.5 -32214 0 2593.26 0 0
157000 -34805 -34512.3 0 2695.7 0 0
158000 -38374.5 -34389.9 0 2322.23 0 0
159000 -35021.4 -34066.4 0 1781.6 0 0
160000 -36284.9 -35016.1 0 378.891 0 0
161000 -35036 -36898 0 2644.07 0 0
162000 -34711.5 -34286.5 0 4701.07 0 0
163000 -37690.8 -35298.9 0 2968.44 0 0
164000 -34638.3 -34322.1 0 1743.33 0 0
165000 -35873.8 -35359.7 0 3703.13 0 0
166000 -36936.9 -36177.9 0 3798.92 0 0
167000 -34999.4 -35048 0 2266.89 0 0
168000 -34359.9 -34404.6 0 4512.41 0 0
169000 -34283.7 -34206.2 0 4205.15 0 0
170000 -37782.7 -34809.2 0 3661.26 0 0
171000 -36848.4 -35646.6 0 4808.73 0 0
172000 -33851.7 -36944.2 0 3845.55 0 0
173000 -34452.2 -34612.2 0 2685.39 0 0
174000 -37494.1 -32384.8 0 3343.23 0 0
175000 -34891.6 -33687.8 0 6588.64 0 0
176000 -36021 -36585.4 0 4800.87 0 0
177000 -35870.4 -33496.6 0 3965.46 0 0
178000 -38702 -31936.5 0 3584.76 0 0
179000 -37863.2 -32537.3 0 3982.22 0 0
180000 -39359.2 -34201 0 3890.5 0 0
181000 -39855.4 -34834.1 0 4728.37 0 0
182000 -36263.4 -33725.9 0 4179.01 0 0
183000 -36770.2 -34863.1 0 4117.1 0 0
184000 -37692 -32218.7 0 4150.14 0 0
185000 -36658.2 -33379.8 0 725.401 0 0
186000 -36637.6 -33638 0 4074.31 0 0
187000 -35676.7 -33622.4 0 3820.4 0 0
188000 -33080 -32736.4 0 1978.99 0 0
189000 -33136.5 -34437.6 0 1293.23 0 0
190000 -34214 -34247.6 0 1102.7 0 0
191000 -35607.9 -32380.9 0 1223.4 0 0
192000 -34193.5 -35196.7 0 871.702 0 0
193000 -32871.1 -32998.6 0 -1040.11 0 0
194000 -34958.8 -35904.4 0 252.427 0 0
195000 -36215.5 -32735.7 0 487.401 0 0
196000 -33362.9 -31330 0 -608.082 0 0
197000 -32437.8 -36554 0 792.544 0 0
198000 -36889.5 -33532.3 0 -1366.81 0 0
199000 -34363.6 -33726.1 0 -2119.92 0 0
200000 -33985.9 -34860.6 0 -4172.46 0 0
201000 -36424.7 -34211.3 0 -38.3599 0 0
202000 -36737.5 -33382.5 0 -1452.64 0 0
203000 -34883.5 -35909.5 0 -1838.44 0 0
204000 -34026.9 -34216.8 0 -868.248 0 0
205000 -34670.7 -36267.3 0 -4421.47 0 0
206000 -33798.7 -35210.2 0 -1987.03 0 0
207000 -35850.2 -35577.8 0 -3504.08 0 0
208000 -35613.2 -31849.9 0 -2805.23 0 0
209000 -35058.3 -32759.3 0 -5140.06 0 0
210000 -33364.1 -33474.6 0 -5090.81 0 0
211000 -31279.8 -34389.4 0 -4516.97 0 0
212000 -34118.1 -32829 0 -4822.17 0 0
213000 -35599.8 -35100.9 0 -3846.97 0 0
214000 -34353.3 -33548.4 0 -4507.38 0 0
215000 -35359.6 -36002.5 0 -6222.38 0 0
216000 -32802 -33801.7 0 -4763.79 0 0
217000 -35338.7 -34375.1 0 -4999.65 0 0
218000 -35307.7 -35188.9 0 -3367.85 0 0
219000 -33521.6 -33237.4 0 -4995 0 0
220000 -34244.1 -32321.2 0 -5091.29 0 0
221000 -34076.2 -34239.3 0 -4365.7 0 0
222000 -32516.9 -35563.3 0 -6018.16 0 0
223000 -34385.6 -33043.2 0 -3007.56 0 0
224000 -37027.6 -33751 0 -4428.91 0 0
225000 -37026 -31455.7 0 -5260.76 0 0
226000 -32399 -34932.8 0 -5741.08 0 0
227000 -31713.1 -35083.4 0 -6243.91 0 0
228000 -37297.2 -35490.3 0 -6236.32 0 0
229000 -34802.6 -32510.4 0 -4643.3 0 0
230000 -36206.2 -33025.5 0 -5036.31 0 0
231000 -34962.1 -34262.6 0 -6443.42 0 0
232000 -34013.9 -31800.7 0 -7839.58 0 0
233000 -33646.1 -35896.3 0 -5553.52 0 0
234000 -35942.2 -34336.4 0 -3421.37 0 0
235000 -36111.4 -33598.6 0 -4715.42 0 0
236000 -35378.3 -35007.8 0 -5867.27 0 0
237000 -34639.3 -35641.9 0 -2798.25 0 0
238000 -36092.2 -33415.4 0 -4900.87 0 0
239000 -34752.2 -34080.7 0 -5272.98 0 0
240000 -36106.3 -32658.5 0 -3865 0 0
241000 -31672.6 -34667.5 0 -2446.98 0 0
242000 -34976.4 -34049.5 0 -2561.79 0 0
243000 -32191.4 -33651.2 0 -3200.68 0 0
244000 -36413.9 -32229.4 0 -2018.4 0 0
245000 -33123.8 -36561.6 0 -443.278 0 0
246000 -35679.3 -35448.9 0 -2771.29 0 0
247000 -36004 -33333.4 0 -2281.05 0 0
248000 -33713.9 -34767.5 0 -1044.95 0 0
249000 -34796.2 -37138.6 0 -551.338 0 0
250000 -31996.1 -34972.4 0 -2560.53 0 0
251000 -33610.5 -34729.3 0 -545.876 0 0
252000 -33065 -33651 0 -2426.87 0 0
253000 -37653.6 -35555.6 0 -989.96 0 0
254000 -33623.6 -33323.3 0 -447.327 0 0
255000 -34684.9 -35600.9 0 1039 0 0
256000 -34624.9 -35050.1 0 1366.41 0 0
257000 -34524.8 -33167.3 0 613.118 0 0
258000 -34733.1 -32720.9 0 970.486 0 0
259000 -37218.1 -32807.4 0 697.565 0 0
260000 -35424.1 -34701.3 0 3465.31 0 0
261000 -34096.5 -37440.5 0 1173.62 0 0
262000 -34587.2 -35227.4 0 3255.77 0 0
263000 -32616.1 -33238.8 0 1972.08 0 0
264000 -33726.4 -32552.2 0 2307.77 0 0
265000 -36620.4 -33337.4 0 2603.16 0 0
266000 -38425 -31366.5 0 1901.4 0 0
267000 -35458.5 -35723.4 0 4063.61 0 0
268000 -38066.1 -34986.7 0 2838.32 0 0
269000 -34470.3 -34059.3 0 2394.7 0 0
270000 -33814.9 -32861.2 0 4068.08 0 0
271000 -38537.7 -32827.4 0 3601.23 0 0
272000 -36457.1 -33562.4 0 5350.61 0 0
273000 -36301.8 -32066.6 0 4244.75 0 0
274000 -36546.2 -30613.7 0 4053.11 0 0
275000 -38138.5 -32038.3 0 2684.23 0 0
276000 -34486.7 -33613.1 0 2997.75 0 0
277000 -38257.6 -35382.6 0 3107.96 0 0
278000 -35775.7 -33165 0 4932.38 0 0
279000 -35531.7 -34899 0 4693.36 0 0
280000 -33143.2 -33217 0 830.323 0 0
281000 -35729.7 -34632.9 0 4192.4 0 0
282000 -35028.7 -37332.4 0 3808.15 0 0
283000 -34932.2 -33808.4 0 3183.4 0 0
284000 -36377.6 -34546.4 0 3061.36 0 0
285000 -36963.2 -32931.9 0 2568.33 0 0
286000 -34152.5 -34738.2 0 2071.93 0 0
287000 -35454.9 -33901.7 0 3742.17 0 0
288000 -34382.5 -35707.2 0 3277.03 0 0
289000 -36530.6 -35358.2 0 2965.05 0 0
290000 -35808.6 -35683.3 0 2223.25 0 0
291000 -33322.1 -35093.1 0 1082.27 0 0
292000 -35112.4 -32056.4 0 1684.66 0 0
293000 -35365.4 -34871.4 0 862.949 0 0
294000 -38122.6 -33134.2 0 2704.62 0 0
295000 -34467.3 -33500.6 0 1232.53 0 0
296000 -36536.8 -33195.5 0 -732.999 0 0
297000 -34291.6 -35392.2 0 -782.89 0 0
298000 -33814.5 -36542.6 0 1693.33 0 0
299000 -36211.8 -36779.8 0 801.349 0 0
300000 -35802.4 -36556.4 0 -1700.26 0 0
301000 -34341.2 -33067 0 794.878 0 0
302000 -35180.4 -33365.1 0 2193.55 0 0
303000 -35875.2 -33446.6 0 -661.444 0 0
304000 -34304 -36162.5 0 -1256.84 0 0
305000 -36805 -34351.3 0 9.70245 0 0
306000 -35712.5 -32581.9 0 -2036.84 0 0
307000 -35661.5 -36456.5 0 -3793.79 0 0
308000 -34084.4 -33624.9 0 -3152.42 0 0
309000 -34444.2 -34501.8 0 -2561.55 0 0
310000 -34860.3 -35850.6 0 -3029.51 0 0
311000 -35378.4 -34080.3 0 -2581.8 0 0
312000 -34934.2 -35125.4 0 -4133.74 0 0
313000 -34404 -37672.7 0 -3595.7 0 0
314000 -35020.3 -35618.9 0 -4885.26 0 0
315000 -35490.8 -35389.8 0 -2529.75 0 0
316000 -34682.1 -32418.9 0 -5022.51 0 0
317000 -34899.5 -34408.8 0 -6800.44 0 0
318000 -33859 -34205.1 0 -3246.43 0 0
319000 -35108 -34108.5 0 -5038.03 0 0
320000 -34836.9 -35056.3 0 -5874.01 0 0
321000 -34467 -32723.2 0 -3417.23 0 0
322000 -35676.6 -33805.1 0 -4239.43 0 0
323000 -36004.9 -32713.5 0 -5671.52 0 0
324000 -35563.2 -34824.7 0 -5186.86 0 0
325000 -35332.2 -35919.4 0 -6151.45 0 0
326000 -35631.5 -33917.4 0 -3580.91 0 0
327000 -32762.1 -34750.1 0 -4472.65 0 0
328000 -34893.6 -33107 0 -5015.99 0 0
329000 -33950.9 -35388.6 0 -3302.29 0 0
330000 -35535.5 -36317.4 0 -3764.1 0 0
331000 -33485 -33827.5 0 -2913.54 0 0
332000 -35822.9 -33962.6 0 -4428.2 0 0
333000 -33445.8 -34355.9 0 -3199.71 0 0
334000 -35172.9 -34251.3 0 -566.682 0 0
335000 -37669.6 -34089.1 0 -1796.5 0 0
336000 -32740.6 -34329.3 0 -3831.61 0 0
337000 -34537 -32772.7 0 -1964.07 0 0
338000 -36498.3 -34411.3 0 -4754.36 0 0
339000 -33622.3 -34555.1 0 -2898 0 0
340000 -36576 -35445.5 0 -1136.2 0 0
341000 -35911.7 -32836.6 0 -3172.67 0 0
342000 -35414.6 -33423.7 0 -1365.31 0 0
343000 -36046.2 -34854.3 0 -907.397 0 0
344000 -32924 -33689 0 -1603.25 0 0
345000 -35871 -32788 0 99.6789 0 0
346000 -36218.4 -31529.1 0 -37.5045 0 0
347000 -34812.5 -34343.3 0 1223.06 0 0
348000 -35126.6 -31701.4 0 2272.82 0 0
349000 -35998.3 -31904.5 0 34.4944 0 0
350000 -38207.8 -31279.7 0 -461.944 0 0
351000 -32136.4 -33394.6 0 543.589 0 0
352000 -36458.1 -32900.1 0 458.42 0 0
353000 -33831.3 -33326.4 0 2000.5 0 0
354000 -35184.2 -33258.7 0 1526.87 0 0
355000 -36095 -33020.6 0 90.7731 0 0
356000 -31928.8 -33166.9 0 852.365 0 0
357000 -34147.6 -31911.2 0 2265.08 0 0
358000 -36520.4 -33152.6 0 2120.79 0 0
359000 -34391.2 -34444.5 0 2385.28 0 0
360000 -33578.3 -35544.4 0 1213.79 0 0
361000 -35966 -32154.7 0 3101.8 0 0
362000 -31596.3 -34882.2 0 3849.83 0 0
363000 -34983.3 -34459.2 0 2785.58 0 0
364000 -33653.9 -32912.8 0 4353.75 0 0
365000 -35048.4 -33821.3 0 3108.93 0 0
366000 -33239.9 -33268.8 0 4279.92 0 0
367000 -36617.4 -31056.5 0 2473.84 0 0
368000 -34757 -34391.5 0 4262.49 0 0
369000 -35726.6 -32964 0 2611.22 0 0
370000 -34459.9 -34866.7 0 4019.29 0 0
371000 -36228.3 -32728.3 0 3139.96 0 0
372000 -32423.5 -32786.6 0 1659.53 0 0
373000 -31428.4 -33717.6 0 3226.16 0 0
374000 -36012.7 -32286.4 0 1855.46 0 0
375000 -35965.8 -32666.2 0 4936.3 0 0
376000 -34523.9 -34156.5 0 3184.84 0 0
377000 -31890.8 -34336.6 0 1484.43 0 0
378000 -34187.2 -32184.5 0 4850.16 0 0
379000 -33761.3 -36109.3 0 1862.78 0 0
380000 -33106.5 -34636.4 0 4055.06 0 0
381000 -34457.4 -36139.6 0 4472.85 0 0
382000 -33045.5 -35098.4 0 3037.97 0 0
383000 -34642.8 -35886.6 0 3492.96 0 0
384000 -33533.8 -35023.4 0 2541.93 0 0
385000 -31598.8 -32937.4 0 1924.8 0 0
386000 -35398.2 -34890.9 0 2874.62 0 0
387000 -35920.4 -33873.1 0 2153.35 0 0
388000 -35441.6 -34972.1 0 2418.09 0 0
389000 -38216 -35361.1 0 1467.69 0 0
390000 -32111.2 -36772.4 0 2239.78 0 0
391000 -34374.2 -33199.1 0 2300.4 0 0
392000 -35700.5 -35681.1 0 2172.01 0 0
393000 -34198.3 -34996.6 0 1605.37 0 0
394000 -36214.2 -34497 0 1157.01 0 0
395000 -33836.6 -33900.7 0 1149.06 0 0
396000 -35587.7 -33274.7 0 115.354 0 0
397000 -34208.2 -35559.7 0 -1344.17 0 0
398000 -37304.2 -32261.8 0 423.414 0 0
399000 -35071 -33265.7 0 -2204.89 0 0
400000 -32754.8 -36325.8 0 -965.301 0 0
401000 -32930 -34461 0 137.76 0 0
402000 -32607.7 -36773.5 0 -900.425 0 0
403000 -34984 -35948 0 -2979.31 0 0
404000 -34799.9 -33518.9 0 -1207.04 0 0
405000 -35286.2 -34988.8 0 -1097.39 0 0
406000 -33481.3 -36988.8 0 -3592.21 0 0
407000 -33197 -36067.2 0 -4616.59 0 0
408000 -33921.6 -37168.1 0 -4049.11 0 0
409000 -35216.8 -35264.8 0 -2687.99 0 0
410000 -34305.8 -34069.6 0 -2665.68 0 0
411000 -37080.8 -33388.8 0 -3149.83 0 0
412000 -35458.7 -36062.6 0 -2509.27 0 0
413000 -33554.6 -38374.2 0 -3944.04 0 0
414000 -34795.6 -37017.6 0 -4577.59 0 0
415000 -31135.5 -35463.3 0 -4045.56 0 0
416000 -34470.1 -36992.9 0 -1841.69 0 0
417000 -34475.2 -35135.7 0 -2894.74 0 0
418000 -34179.2 -35749.1 0 -5547.46 0 0
419000 -33937.4 -34878.8 0 -4343.21 0 0
420000 -33233 -33479.4 0 -5118.76 0 0
421000 -34834.7 -35825.5 0 -5452.6 0 0
422000 -31532.3 -36162.4 0 -3522.66 0 0
423000 -33690.5 -37398.1 0 -3860.17 0 0
424000 -33800.5 -34314.1 0 -4250.22 0 0
425000 -35938 -34667.4 0 -4246.85 0 0
426000 -33529.3 -35274.8 0 -4713.81 0 0
427000 -30627.9 -35304.4 0 -4549.13 0 0
428000 -33342.3 -35192.1 0 -4653.39 0 0
429000 -33667.5 -33899.4 0 -5687.43 0 0
430000 -33483.3 -37917.6 0 -3836.96 0 0
431000 -31127 -36165.5 0 -4608 0 0
432000 -35320.5 -35509.2 0 -4710.42 0 0
433000 -34454.6 -35006.7 0 -4007.86 0 0
434000 -35802.1 -35002.3 0 -4744.38 0 0
435000 -33927.3 -31118.4 0 -3325.43 0 0
436000 -32087.6 -38079.2 0 -3657.96 0 0
437000 -33513.2 -37225.3 0 -5793.95 0 0
438000 -30978.5 -35019.3 0 -3178.45 0 0
439000 -35111.6 -34855.9 0 -1053.77 0 0
440000 -35055.3 -32236.9 0 -1725.58 0 0
441000 -37295 -34780.8 0 -2227.3 0 0
442000 -32545.6 -35275.8 0 -2490.35 0 0
443000 -32042.8 -34070.7 0 -1772.05 0 0
444000 -32738.2 -35249.8 0 -1763.44 0 0
445000 -31769.5 -32399.2 0 -594.951 0 0
446000 -34299.7 -34597.4 0 2809.7 0 0
447000 -31075.1 -34114.8 0 -663.375 0 0
448000 -33279.8 -34613.7 0 1624.05 0 0
449000 -33380 -35036.3 0 -726.444 0 0
450000 -34240.9 -37194.3 0 1710.12 0 0
451000 -36260.7 -34754.3 0 1692.21 0 0
452000 -34045.1 -37420.6 0 -1111.94 0 0
453000 -32754.9 -35611.8 0 -1396.12 0 0
454000 -31999.4 -35128.9 0 728.59 0 0
455000 -32074.5 -37492.1 0 -507.708 0 0
456000 -33687.7 -36928.5 0 23.7729 0 0
457000 -33858.5 -35462 0 1250.11 0 0
458000 -34296.6 -38940.9 0 1002.65 0 0
459000 -36107.6 -33966.5 0 1944.41 0 0
460000 -34868.2 -38038.1 0 1367.28 0 0
461000 -35910.2 -36024.4 0 1820.61 0 0
462000 -31845.1 -35091.8 0 3041.71 0 0
463000 -34578.7 -34576.4 0 2035.28 0 0
464000 -35350 -34579 0 2420.06 0 0
465000 -34237.4 -30933.4 0 3814.3 0 0
466000 -33864.8 -35402.1 0 1925.09 0 0
467000 -34699.9 -34295.2 0 3508.47 0 0
468000 -34443.9 -31017.3 0 3936.85 0 0
469000 -35861.6 -33797.1 0 4689.37 0 0
470000 -35455.5 -33712.4 0 4318.08 0 0
471000 -34467.6 -34167.3 0 5442.74 0 0
472000 -36092.3 -35876.8 0 1927.15 0 0
473000 -36310.9 -35691.1 0 2633.23 0 0
474000 -35191.4 -34390.8 0 4206.13 0 0
475000 -36449.6 -34101.3 0 5423.14 0 0
476000 -35401.8 -33843.4 0 4386.02 0 0
477000 -32969.1 -34315.3 0 6329.21 0 0
478000 -34139.7 -35289 0 4627.69 0 0
479000 -34826.4 -34778.9 0 1711.46 0 0
480000 -34125.8 -35553.5 0 5156.71 0 0
481000 -34385.7 -38749.1 0 4164.15 0 0
482000 -33558.9 -34954.5 0 3744.51 0 0
483000 -33492.7 -35039.5 0 2857.67 0 0
484000 -33924 -32018.8 0 5409.24 0 0
485000 -34619.3 -35327.8 0 1964.61 0 0
486000 -32255.4 -34377.1 0 1723.9 0 0
487000 -33442 -34460.5 0 1414.49 0 0
488000 -35086.2 -33525.2 0 1177.26 0 0
489000 -32755 -37203.9 0 1339.11 0 0
490000 -33115.5 -35296.4 0 2759.97 0 0
491000 -33105.5 -37605.3 0 4244.3 0 0
492000 -34993.4 -34034.6 0 1429.07 0 0
493000 -35067.7 -34764.7 0 2904.32 0 0
494000 -34733.6 -36265.2 0 1210.97 0 0
495000 -32773.1 -34083.2 0 136.101 0 0
496000 -32014.7 -34404.2 0 1820.98 0 0
497000 -32277.8 -37050.5 0 -744.133 0 0
498000 -32621.4 -38059.9 0 -46.6957 0 0
499000 -29761.6 -37640 0 -1003.57 0 0
500000 -33820.7 -34758.5 0 -906.25 0 0
