# Time-averaged data for fix ps1
# TimeStep c_thermo_press[1] c_thermo_press[2] c_thermo_press[3] c_thermo_press[4] c_thermo_press[5] c_thermo_press[6]
1000 22336 20133.8 0 -5595.39 0 0
2000 21803.3 19550.7 0 -2272.8 0 0
3000 21204.1 19592.1 0 1073.45 0 0
4000 20981.4 22913.9 0 1138.67 0 0
5000 19408.8 20541.7 0 -293.43 0 0
6000 17852.3 23416 0 -810.367 0 0
7000 20549.1 16963.6 0 1562.2 0 0
8000 18607.3 18232.6 0 541.172 0 0
9000 17862.5 22863.3 0 1094.79 0 0
10000 19752.4 20248.8 0 1547.88 0 0
11000 19549.5 21272.1 0 2318.28 0 0
12000 20294.8 18903.7 0 43.7706 0 0
13000 22662.5 19908.9 0 862.768 0 0
14000 20279.2 22125.9 0 -3500.56 0 0
15000 20627.9 21612 0 2312.28 0 0
16000 22761.5 17938.9 0 2495.35 0 0
17000 19158.1 20336.7 0 2736.02 0 0
18000 21663.9 22586 0 3351.79 0 0
19000 23735.1 19131.7 0 1947.95 0 0
20000 18293.1 18873.8 0 -1960.2 0 0
21000 21225.5 18705.9 0 1702.88 0 0
22000 21557.8 19635.3 0 432.385 0 0
23000 23421.5 22134.7 0 1381.24 0 0
24000 23857.1 20284.3 0 1361.24 0 0
25000 21503.7 21574.7 0 -1327.02 0 0
26000 23040.2 19912.8 0 -207.007 0 0
27000 17111.8 21972.8 0 2213.13 0 0
28000 22294.2 19493.4 0 -446.99 0 0
29000 18689.8 21984.5 0 -833.206 0 0
30000 19920 20179 0 -1379.16 0 0
31000 18816.2 20113 0 -1787.01 0 0
32000 22844.6 20558.3 0 -986.77 0 0
33000 21624.1 18301.3 0 3.80887 0 0
34000 22994.9 14966.2 0 1110.39 0 0
35000 20787.6 23107.1 0 655.728 0 0
36000 21280.6 19260.3 0 203.647 0 0
37000 22733.9 18257.3 0 1418.45 0 0
38000 16817.7 22619.7 0 -325.557 0 0
39000 19348.1 20036.4 0 4791.77 0 0
40000 21664.5 22755.5 0 -1505.44 0 0
41000 20906.4 22927.1 0 -25.9487 0 0
42000 21510.9 20438.9 0 1713.26 0 0
43000 21434.2 24228.8 0 2062.75 0 0
44000 17546.3 25033.7 0 -289.982 0 0
45000 20247.3 19431.3 0 -1602.95 0 0
46000 22215.7 19872.5 0 1473.98 0 0
47000 20206 21162.8 0 -757.936 0 0
48000 20654.3 22427.4 0 1441.94 0 0
49000 18962.8 20961.2 0 -1875.52 0 0
50000 21891 24482 0 -392.448 0 0
51000 19571.4 20416.8 0 551.019 0 0
52000 19458.8 19754.1 0 2632.18 0 0
53000 23035.1 21105.2 0 433.702 0 0
54000 18550.7 17936.3 0 -237.021 0 0
55000 17342.8 18841.7 0 83.5488 0 0
56000 17852.8 17489.3 0 -772.807 0 0
57000 14786 20700.7 0 2017.59 0 0
58000 23347.8 20131.3 0 -4021.89 0 0
59000 17042 22168.5 0 2860.12 0 0
60000 19738.2 19391.8 0 -1032.91 0 0
61000 22775.9 20271.3 0 -99.685 0 0
62000 21165.1 24786.5 0 1284.51 0 0
63000 20726 21182.8 0 1909.1 0 0
64000 21696.3 19605.9 0 886.896 0 0
65000 22668.6 18417.7 0 -534.102 0 0
66000 21200.9 18268.3 0 1732.03 0 0
67000 18576.4 23145.4 0 707.091 0 0
68000 20054.4 20818.5 0 838.194 0 0
69000 20735.4 18922.6 0 1990.46 0 0
70000 22756.1 16424.4 0 1716.33 0 0
71000 22815 18745.5 0 127.397 0 0
72000 20138.3 20143.6 0 1131.04 0 0
73000 17044.4 22204.4 0 -1491.34 0 0
74000 20925.5 23027.2 0 407.278 0 0
75000 18919.6 18986 0 454.696 0 0
76000 18147.9 19210.7 0 218.274 0 0
77000 20875.5 20259.9 0 -2680.76 0 0
78000 24012.6 21558.5 0 -1656.13 0 0
79000 20156.3 21550.4 0 -1920.13 0 0
80000 22362.1 22253.7 0 1324.93 0 0
81000 20018.6 19556 0 1912.72 0 0
82000 20348.4 18803.7 0 -938.371 0 0
83000 22520.3 20562.1 0 -2514.28 0 0
84000 23963.9 15101.9 0 -790.301 0 0
85000 17270.7 21089.6 0 -606.08 0 0
86000 23234.6 13820.9 0 -3577.13 0 0
87000 23721 17585.4 0 2344.1 0 0
88000 15975.1 26115.1 0 -3117.59 0 0
89000 18708.9 21885.6 0 1318.06 0 0
90000 23217 20240.3 0 1130.43 0 0
91000 18482.3 22017.8 0 881.741 0 0
92000 23820.6 19314.9 0 -1248.93 0 0
93000 20698.4 20421.1 0 -1984.2 0 0
94000 17751.2 21142.2 0 -732.249 0 0
95000 19667.3 22428.7 0 -1904.88 0 0
96000 18733.5 21525.8 0 289.616 0 0
97000 17837.1 18929.8 0 -2400.62 0 0
98000 19097.2 19387.1 0 -2004.37 0 0
99000 21538.3 19596.5 0 -690.323 0 0
100000 18840.1 19756.1 0 -894.533 0 0
101000 20237.5 17180.2 0 -157.582 0 0
102000 22281.8 18043 0 -364.578 0 0
103000 18407.8 21866.6 0 -522.438 0 0
104000 17107.3 18653.9 0 2236 0 0
105000 25259.2 17957.7 0 786.987 0 0
106000 18803.4 22889.2 0 780.384 0 0
107000 19911.1 20953.1 0 572.306 0 0
108000 19765.3 23807.2 0 -1095.56 0 0
109000 20938 20783.9 0 905.515 0 0
110000 20937.5 20135.3 0 924.099 0 0
111000 16898.9 20202.4 0 -2105.23 0 0
112000 17839.4 21053.9 0 251.999 0 0
113000 18166.8 22354.1 0 -524.842 0 0
114000 18031.4 18456.6 0 133.324 0 0
115000 21747.2 20229.5 0 172.518 0 0
116000 22226.2 18641 0 -858.871 0 0
117000 20658.6 16582.8 0 -2619.26 0 0
118000 19610.8 16148.1 0 -3113.27 0 0
119000 22171.5 14944.4 0 2755.93 0 0
120000 17656.3 17218.9 0 -2533.96 0 0
121000 15821.3 16532.7 0 -457.701 0 0
122000 16610.3 19706.4 0 -1870.22 0 0
123000 21447.5 16238.2 0 -1964.28 0 0
124000 18521 23126.1 0 714.279 0 0
125000 22472.4 14587.6 0 -1240.62 0 0
126000 16720.2 15817.1 0 2060.97 0 0
127000 19932.5 17555.9 0 1695.94 0 0
128000 18386.8 20159 0 1794.57 0 0
129000 16882.6 21423.9 0 1426.16 0 0
130000 14331.2 24461 0 -446.495 0 0
131000 17407.9 19068.3 0 181.442 0 0
132000 17663.4 18554 0 -707.426 0 0
133000 17158.7 16920.3 0 224.227 0 0
134000 17824.2 16919.4 0 -2184.7 0 0
135000 19397.5 16738.2 0 -369.07 0 0
136000 21404.5 16978.9 0 136.732 0 0
137000 19836.1 22200.3 0 -2486.39 0 0
138000 17915.4 22691.7 0 -627.909 0 0
139000 20474.9 19250.9 0 -1604.28 0 0
140000 18996.4 19848.4 0 -1830.48 0 0
141000 20872.7 20256.2 0 -2161.75 0 0
142000 21109.1 22391.9 0 -1536.58 0 0
143000 21318.1 20086.9 0 2159.03 0 0
144000 16342.1 23150.2 0 -622.461 0 0
145000 23517.1 22477.5 0 -795.856 0 0
146000 22022.6 20255.5 0 -3168.03 0 0
147000 22080.8 20569.7 0 39.7908 0 0
148000 21104.6 23326.6 0 -63.979 0 0
149000 22849 19814.1 0 -1520.28 0 0
150000 18616.3 22179.3 0 494.062 0 0
151000 21716.2 20824.8 0 -320.131 0 0
152000 20833.7 25638.7 0 552.51 0 0
153000 22929.8 21275.9 0 -945.981 0 0
154000 21755.7 21816.9 0 -2061.85 0 0
155000 20444.4 23054.4 0 -520.705 0 0
156000 18747.7 22657.4 0 96.9044 0 0
157000 22874.7 21246.7 0 -809.673 0 0
158000 22048.3 20581.1 0 189.815 0 0
159000 24280.4 19624.1 0 949.295 0 0
160000 22079.6 25476 0 398.285 0 0
161000 20181.9 20095.6 0 -1408.17 0 0
162000 22815.3 20557.1 0 -1000.74 0 0
163000 23355.9 21016.1 0 645.115 0 0
164000 22142.5 18649.4 0 1039.02 0 0
165000 21408.4 20861.4 0 1510.44 0 0
166000 23044.9 19813 0 858.527 0 0
167000 18447.4 20709.7 0 1527.97 0 0
168000 20616.2 18810.7 0 993.454 0 0
169000 20730.2 20008.9 0 1715.72 0 0
170000 23922.8 19025.6 0 259.768 0 0
171000 21577.4 22445.3 0 824.253 0 0
172000 23597.5 21682.3 0 -573.281 0 0
173000 21961.1 24722.6 0 87.644 0 0
174000 22684.4 19707 0 -2554.89 0 0
175000 17086.5 21638.1 0 -1855.51 0 0
176000 22637.9 20433.9 0 -2736.63 0 0
177000 18504.4 21681.3 0 98.1524 0 0
178000 24156.7 21221.7 0 429.886 0 0
179000 21930.2 24304.4 0 2660.02 0 0
180000 19210.1 23915.3 0 -2898.85 0 0
181000 20820.9 23170.3 0 2965.21 0 0
182000 20586.4 22668.7 0 -1987.09 0 0
183000 20210.9 24219.7 0 2513.66 0 0
184000 25221.2 18572.4 0 -1438.62 0 0
185000 19065 20291.6 0 -2683.12 0 0
186000 21861.9 23022.8 0 -3779.42 0 0
187000 22121.8 22898.6 0 2985.66 0 0
188000 21048.1 24533.5 0 4002.87 0 0
189000 23441.2 25061.9 0 822.764 0 0
190000 23892.8 24959.2 0 1769.64 0 0
191000 25419.3 20508.8 0 -592.707 0 0
192000 26579.1 21835.4 0 2230.82 0 0
193000 24761.2 22695.7 0 2757.73 0 0
194000 24156.8 19104.9 0 123.043 0 0
195000 22511.6 21708.9 0 -137.89 0 0
196000 18283.5 21035.8 0 -837.898 0 0
197000 19577.4 21520.9 0 545.223 0 0
198000 22859.4 19483.8 0 1223.84 0 0
199000 21585.4 23117 0 -1250.45 0 0
200000 22377.5 22176.7 0 -1242.24 0 0
201000 20028.3 21325.9 0 -652.559 0 0
202000 21452.9 18484.5 0 -1582.68 0 0
203000 20620.6 21609.3 0 -831.71 0 0
204000 21448.2 26441.7 0 1308.89 0 0
205000 22109.9 21635.3 0 863.7 0 0
206000 24561.1 20306.3 0 742.755 0 0
207000 20766.5 23872.5 0 -954.844 0 0
208000 23580.8 15264.5 0 887.212 0 0
209000 21017.4 20907.7 0 -820.539 0 0
210000 24734.1 17777.8 0 -89.2297 0 0
211000 17142.4 20947 0 -904.194 0 0
212000 21632.3 22542.6 0 1477.31 0 0
213000 23281.1 22925.2 0 534.186 0 0
214000 21539 17818.5 0 677.542 0 0
215000 22704.4 20779.2 0 -2712.03 0 0
216000 22288.8 22147.2 0 -2772.72 0 0
217000 20370.3 20975 0 192.959 0 0
218000 21729.7 21103.2 0 2032.59 0 0
219000 21543.6 18690.2 0 -568.06 0 0
220000 23927.5 23249.5 0 -240.064 0 0
221000 16833.7 19734.6 0 -52.9653 0 0
222000 23381.5 20122.6 0 -177.335 0 0
223000 17585.7 22259.7 0 -155.804 0 0
224000 20969.1 22568.2 0 997.453 0 0
225000 22960.2 16612.5 0 40.7078 0 0
226000 22926.4 20467.4 0 -1611.62 0 0
227000 19493.3 22792 0 -183.318 0 0
228000 18965 23248.5 0 2361.53 0 0
229000 24439.6 19665.7 0 53.6524 0 0
230000 20175.9 25801.5 0 -1676.48 0 0
231000 26301.1 18358.3 0 -142.768 0 0
232000 18230.1 24006.9 0 1435.82 0 0
233000 23743.5 18752.2 0 -2424.07 0 0
234000 19058.9 17412.7 0 -2142.2 0 0
235000 21395.6 19679.6 0 5325.52 0 0
236000 19711.3 18936.3 0 -1293.43 0 0
237000 19836.6 22558.6 0 -1821.27 0 0
238000 20646.3 21751 0 1502.17 0 0
239000 21565.1 20519.4 0 1097.99 0 0
240000 20462.9 21992.3 0 -2981.08 0 0
241000 22395.1 21110.8 0 -1049.85 0 0
242000 16814.2 21540.4 0 -2628.56 0 0
243000 18808 17814 0 4077.57 0 0
244000 20858 18127 0 1960.61 0 0
245000 17490.7 19110 0 -541.663 0 0
246000 21092.7 22973.2 0 3728.82 0 0
247000 18127.8 21496.5 0 -718.417 0 0
248000 21688.2 19639.5 0 1947.56 0 0
249000 21213.5 20030.4 0 -2057.25 0 0
250000 22143.8 17962.8 0 -488.22 0 0
251000 22482 19839.2 0 131.408 0 0
252000 22538.1 25643.6 0 1192.4 0 0
253000 20915.6 21331.6 0 17.1607 0 0
254000 21346.4 20138.1 0 1987.26 0 0
255000 22472.7 22856.7 0 -913.391 0 0
256000 18839.9 21505.9 0 -2769.7 0 0
257000 25010 21331 0 2309.19 0 0
258000 19943.5 18936.7 0 941.043 0 0
259000 20178.4 21795.3 0 -42.4812 0 0
260000 19840.1 22310.4 0 -2506.01 0 0
261000 19080 21938.8 0 -468.06 0 0
262000 19912.7 20486.9 0 1629.44 0 0
263000 16904.6 21464.5 0 880.531 0 0
264000 22283.9 15397.3 0 -1468.83 0 0
265000 20493.7 23918.6 0 2598.56 0 0
266000 15572.2 18033.5 0 5437.61 0 0
267000 15995.2 21857.8 0 915.443 0 0
268000 20201.2 20095.2 0 3298.27 0 0
269000 17504.6 24973.3 0 648.371 0 0
270000 18812.7 20834.1 0 1151.1 0 0
271000 21086.1 16075 0 1388.18 0 0
272000 20026.6 19292.7 0 890.075 0 0
273000 18536.1 20894.4 0 861.613 0 0
274000 20793.2 15898 0 2189.74 0 0
275000 16621.9 18222.9 0 -591.048 0 0
276000 18510.7 21112.3 0 -1177.96 0 0
277000 19529 21947.7 0 2159.15 0 0
278000 18213 19921.5 0 826.853 0 0
279000 23802.7 17698.9 0 -3437.49 0 0
280000 17823.3 17610.5 0 -1542.21 0 0
281000 22219.2 19967.3 0 -1792.27 0 0
282000 25306 20505.5 0 -689.439 0 0
283000 17436.3 19572.4 0 1672.87 0 0
284000 20948.5 21104.3 0 1520.72 0 0
285000 19441.6 20070.3 0 -1033.28 0 0
286000 20248.8 22639.4 0 -2970.87 0 0
287000 21823.8 22504.5 0 988.798 0 0
288000 18102.2 21930.5 0 638.933 0 0
289000 20542.7 22398.4 0 682.137 0 0
290000 23816.6 21521.3 0 -2756.4 0 0
291000 20091.8 20404.9 0 -972.319 0 0
292000 20432.5 24612 0 -407.583 0 0
293000 21311.1 22704.9 0 632.004 0 0
294000 23600.3 18838.4 0 390.124 0 0
295000 20767.6 23641.9 0 -298.632 0 0
296000 22393 18748 0 3302.96 0 0
297000 20487 17585.1 0 1098.96 0 0
298000 23602.9 20190.7 0 2505.57 0 0
299000 19355.8 22508.7 0 248.887 0 0
300000 23299.1 20741.9 0 1631.64 0 0
301000 22102.1 19949.8 0 2341.55 0 0
302000 18281.3 22160.5 0 2053.92 0 0
303000 23826.3 21566.8 0 -576.955 0 0
304000 24538.8 21099.3 0 606.802 0 0
305000 19728.2 21026.6 0 -1242.92 0 0
306000 19639.7 24035 0 845.148 0 0
307000 17261.3 23429.4 0 1082.71 0 0
308000 20664.9 20799.3 0 -764.549 0 0
309000 19254.2 20657.2 0 -179.671 0 0
310000 23080.6 21390.4 0 1707.63 0 0
311000 17622 22494.8 0 -427.635 0 0
312000 22035.9 20201.6 0 1088.88 0 0
313000 19573.3 21285.4 0 575.152 0 0
314000 18008.9 20741.1 0 -683.46 0 0
315000 18791.5 17202.5 0 3179.88 0 0
316000 20191.9 23171.2 0 282.582 0 0
317000 19236.1 18843 0 -342.971 0 0
318000 22085 20753.8 0 2294.91 0 0
319000 18715.4 21936.2 0 2156.38 0 0
320000 20714.9 21505.2 0 -913.154 0 0
321000 22020.7 21282.1 0 15.2324 0 0
322000 21131.2 21619.8 0 -2735.87 0 0
323000 19171.6 22285.1 0 -2489.25 0 0
324000 22599.9 19042.7 0 -575.62 0 0
325000 19255 22764.6 0 -1471.79 0 0
326000 19298.5 19010 0 1285.88 0 0
327000 22092.9 16284.2 0 -665.735 0 0
328000 22107.4 15811.7 0 -145.675 0 0
329000 18341.7 22999.3 0 2216.21 0 0
330000 21065.2 17864.6 0 -888.978 0 0
331000 12600.2 22087 0 1206.93 0 0
332000 17597.2 22017.4 0 -563.871 0 0
333000 19060.1 21173.2 0 -3775.95 0 0
334000 22638.1 20700.2 0 201.748 0 0
335000 18042.1 21095.8 0 -1925.34 0 0
336000 16937 24547.8 0 -687.189 0 0
337000 18827.3 19454.3 0 -396.624 0 0
338000 23429.9 17575.4 0 -758.229 0 0
339000 22135.3 19783.6 0 -689.624 0 0
340000 17582.8 22111.9 0 3930.13 0 0
341000 20223.5 23084.7 0 462.649 0 0
342000 23645.3 23760.1 0 -1364.37 0 0
343000 23587.2 21335.7 0 -204.509 0 0
344000 22924.6 17581.1 0 -2083.27 0 0
345000 22808.5 19675.1 0 -578.784 0 0
346000 22196.5 16090.5 0 -2848.26 0 0
347000 17024.4 23414.7 0 -2148.79 0 0
348000 18379.1 20790.8 0 -3063.04 0 0
349000 21151.1 22408.1 0 1710.99 0 0
350000 21729.9 20759.6 0 4168.14 0 0
351000 18584 21046 0 -1282.83 0 0
352000 22475.6 16363.5 0 2718.93 0 0
353000 21864.9 15586.8 0 178.837 0 0
354000 23694.1 16660.5 0 -1930.02 0 0
355000 22008.5 20412.6 0 -2202.37 0 0
356000 20755.6 22839.7 0 -1243.23 0 0
357000 22735.9 19350.1 0 1992.93 0 0
358000 21949.8 21318 0 1348.61 0 0
359000 21876.3 20838.5 0 2708.53 0 0
360000 22642.8 21029.4 0 457.482 0 0
361000 19577.1 22983.1 0 -304.489 0 0
362000 20752.3 21325.4 0 2521.62 0 0
363000 17357.2 22090.7 0 694.154 0 0
364000 20794.5 20296.5 0 -2669.77 0 0
365000 24051.7 19017 0 -562.141 0 0
366000 19757.7 22568.9 0 752.421 0 0
367000 19396.2 23503.3 0 542.406 0 0
368000 19061.7 19292.5 0 -1069.65 0 0
369000 20963.2 17897.4 0 312.599 0 0
370000 20995.5 23409.5 0 -565.378 0 0
371000 23778.6 18589.3 0 -2346.34 0 0
372000 19944 16985.9 0 -345.597 0 0
373000 18973.2 20354.7 0 2473.42 0 0
374000 22135.2 23738.2 0 411.15 0 0
375000 17177.8 21028.3 0 330.565 0 0
376000 19672.1 22964.1 0 -1182.15 0 0
377000 19090.3 25570.3 0 -816.452 0 0
378000 20851.1 18388.3 0 862.459 0 0
379000 24761 21111.7 0 183.044 0 0
380000 19017.5 18998.9 0 -1111.29 0 0
381000 16552.4 21859.2 0 -961.307 0 0
382000 15931.2 24451.6 0 964.002 0 0
383000 20435.2 21568.4 0 840.878 0 0
384000 21452.6 18448.2 0 -603.307 0 0
385000 17708.6 21216.3 0 -1068.92 0 0
386000 22371.9 18076.6 0 -138.141 0 0
387000 17711.4 17742.2 0 -384.811 0 0
388000 21416.2 22508.3 0 70.4751 0 0
389000 21436.1 16043.7 0 -91.8646 0 0
390000 20451.9 21084.1 0 3563.15 0 0
391000 18610.9 18721.2 0 1668.17 0 0
392000 18852.5 21337 0 2159.11 0 0
393000 19257.2 21051.8 0 2661.48 0 0
394000 21093.8 20262.9 0 1570.74 0 0
395000 22279 22303 0 271.255 0 0
396000 22552.7 25801.9 0 1512.8 0 0
397000 22880.8 20189.9 0 1131.28 0 0
398000 18903.8 23638.4 0 1725.35 0 0
399000 21955.6 20945.6 0 -1837.01 0 0
400000 21752.5 21639.2 0 455.826 0 0
401000 20748.2 23345.7 0 331.611 0 0
402000 20330.5 19363.8 0 93.8669 0 0
403000 21239.4 24570.1 0 -1725.65 0 0
404000 23980.4 16425.4 0 544.044 0 0
405000 18133 22905.5 0 2719.33 0 0
406000 22385 21097.4 0 2273.12 0 0
407000 24284.3 20996.7 0 2276.14 0 0
408000 20764.2 21731.5 0 -329.778 0 0
409000 21735.5 20402.5 0 -3332.03 0 0
410000 21487.7 19142.8 0 -3931.8 0 0
411000 22489 19543.2 0 -1546.71 0 0
412000 23553.8 20489 0 -711.02 0 0
413000 16876.1 19358.2 0 -716.522 0 0
414000 19044.9 20908.7 0 -2011.02 0 0
415000 20352.5 22148.8 0 -480.721 0 0
416000 19622 19305.3 0 -61.9581 0 0
417000 22423.7 19585.3 0 -3123.61 0 0
418000 18298.7 21918.7 0 -174.572 0 0
419000 21212.2 20260.8 0 1180.48 0 0
420000 23043 18300.4 0 74.606 0 0
421000 22374.5 17161.4 0 2128.64 0 0
422000 24211.7 17428.1 0 1962.6 0 0
423000 21264.9 17871.8 0 2061.84 0 0
424000 19590.1 23913.9 0 1558.48 0 0
425000 20347.5 21067.5 0 60.8516 0 0
426000 18940.7 20794.1 0 376.306 0 0
427000 22025.7 17745.7 0 -960.606 0 0
428000 20510 19968.5 0 -1253.24 0 0
429000 20251.1 21628.4 0 1044.2 0 0
430000 22413.5 21398 0 -1063.95 0 0
431000 20898.4 20201.3 0 -335.393 0 0
432000 19937.7 19617.4 0 1624.54 0 0
433000 21685.3 20614.9 0 254.939 0 0
434000 19130.5 23044.3 0 436.299 0 0
435000 17174.6 18835.1 0 1759.28 0 0
436000 23606.5 17858.2 0 1228.25 0 0
437000 22209.7 17109.8 0 1481.51 0 0
438000 18861.5 22547.8 0 -335.505 0 0
439000 18066.6 19773.2 0 888.583 0 0
440000 20076.2 20045.4 0 161.789 0 0
441000 18178.1 22591 0 405.05 0 0
442000 18817.1 21187 0 -1476.66 0 0
443000 18248.8 23644.4 0 2228.43 0 0
444000 21479.2 16688.1 0 3345.58 0 0
445000 21851 16819.7 0 -819.772 0 0
446000 19126.7 23923.5 0 1201.98 0 0
447000 22498.5 23792.8 0 25.071 0 0
448000 20930.1 23864 0 -2297.51 0 0
449000 26214 18617.9 0 2397.09 0 0
450000 25494.2 18240 0 142.717 0 0
451000 21025.1 22316.3 0 545.438 0 0
452000 22273.7 19965.4 0 1559.09 0 0
453000 18828.9 20101.1 0 838.5 0 0
454000 20404.3 24776 0 -1902.91 0 0
455000 19902.4 20951.5 0 610.9 0 0
456000 18489.4 20494.5 0 -3648.07 0 0
457000 23546.3 22402.1 0 1409.42 0 0
458000 18737.6 21386 0 -623.411 0 0
459000 20822.3 22287.8 0 1428.57 0 0
460000 23132.7 19207.4 0 2386.88 0 0
461000 20992 26521 0 -1436.88 0 0
462000 20198.7 25177.4 0 -279.37 0 0
463000 18716.9 26446.2 0 -1603.38 0 0
464000 21505.9 19529.2 0 465.807 0 0
465000 20717 19331.7 0 -1944.29 0 0
466000 21401.1 19080.9 0 925.538 0 0
467000 19323.4 22337.2 0 -5419.98 0 0
468000 19473.1 21341.1 0 -1643.15 0 0
469000 26539.4 20707 0 1707.5 0 0
470000 20365.7 23355.1 0 569.945 0 0
471000 22003.9 20282.1 0 -884.77 0 0
472000 23499.9 22973.4 0 651.22 0 0
473000 21674.4 21141.1 0 13.8839 0 0
474000 21409.9 21120.5 0 -353.748 0 0
475000 23700 19643.2 0 -3866.6 0 0
476000 24102.5 24538 0 1133.06 0 0
477000 19811.2 23091.8 0 15.3928 0 0
478000 23227 24173.4 0 -3578.38 0 0
479000 21976.1 27933 0 68.4977 0 0
480000 24079.5 23654 0 -396.309 0 0
481000 25871 22545.6 0 765.772 0 0
482000 23456.8 19743 0 344.939 0 0
483000 20232.6 22090.8 0 -2790.87 0 0
484000 21684.6 22247.1 0 744.009 0 0
485000 21513.6 24411.5 0 339.23 0 0
486000 24220.1 21486.6 0 1669.82 0 0
487000 22117.1 23231.7 0 1357.34 0 0
488000 21909.8 24144.9 0 1604.42 0 0
489000 23500.4 23469.1 0 488.921 0 0
490000 21964.4 20908.6 0 281.6 0 0
491000 21010.7 26968.6 0 415.729 0 0
492000 19212.7 27067.1 0 123.437 0 0
493000 24207.6 22776 0 -796.251 0 0
494000 22870.3 22587.5 0 -1983.02 0 0
495000 24527.2 20311.1 0 462.991 0 0
496000 22086.9 22212.8 0 -2407.76 0 0
497000 21309 22185.8 0 794.952 0 0
498000 21358.3 20824.8 0 1851.78 0 0
499000 21071.8 21295.1 0 2355.71 0 0
500000 21119.3 22063.2 0 -1666.56 0 0
