# Time-averaged data for fix ps1
# TimeStep c_thermo_press[1] c_thermo_press[2] c_thermo_press[3] c_thermo_press[4] c_thermo_press[5] c_thermo_press[6]
1000 -42591.9 -42422.2 0 1038.39 0 0
2000 -43131.3 -44219.6 0 1136.75 0 0
3000 -45209.3 -43021.9 0 681.172 0 0
4000 -43527 -43995.1 0 -649.992 0 0
5000 -44590.5 -43306.5 0 -475.203 0 0
6000 -41997.5 -42881.6 0 -312.067 0 0
7000 -42066.5 -42580.8 0 -1510.34 0 0
8000 -44900.4 -43260.2 0 -2824.84 0 0
9000 -44337.5 -43061.2 0 -2642.91 0 0
10000 -43028.4 -43789.4 0 -734.648 0 0
11000 -46141.1 -43318.3 0 -2826.87 0 0
12000 -45422.3 -42992 0 -3790.44 0 0
13000 -43271.2 -40973.3 0 -3522.95 0 0
14000 -43574.6 -43314.9 0 -3822.36 0 0
15000 -40937.7 -43781.9 0 -2894.12 0 0
16000 -43493.6 -43709.7 0 -3166.22 0 0
17000 -44264.6 -44232.9 0 -2022.78 0 0
18000 -42118.1 -44929.9 0 -4710.15 0 0
19000 -43050.4 -41329.5 0 -5196.3 0 0
20000 -43455.1 -43637.6 0 -3801.98 0 0
21000 -43076.1 -42588.4 0 -3178.91 0 0
22000 -43683.6 -44137.3 0 -6041.39 0 0
23000 -44419.6 -41542.4 0 -3558.92 0 0
24000 -43801.8 -41729.5 0 -3693.81 0 0
25000 -44047.1 -42094.1 0 -4761.18 0 0
26000 -45496.4 -45668.8 0 -3988.78 0 0
27000 -40870.5 -43827.8 0 -4436.13 0 0
28000 -42424.4 -45428.1 0 -3192.08 0 0
29000 -44926.1 -43455.5 0 -5006.19 0 0
30000 -44894.9 -43013.1 0 -5334.66 0 0
31000 -44408.7 -43288.2 0 -3386.4 0 0
32000 -43944.1 -44242.3 0 -5126.03 0 0
33000 -44648.4 -43497.2 0 -2884.73 0 0
34000 -42368.9 -42794.9 0 -4226.79 0 0
35000 -45815.9 -42737.1 0 -2892.63 0 0
36000 -42224.4 -44639.4 0 -2503.39 0 0
37000 -45554.5 -42075.7 0 -3245.22 0 0
38000 -42983.3 -43414.5 0 -2623.22 0 0
39000 -43895.4 -43621.7 0 -4565.75 0 0
40000 -44639.7 -43376.4 0 -2762.09 0 0
41000 -42428.6 -42608.5 0 -1247.44 0 0
42000 -44985.7 -43089.1 0 -1604.37 0 0
43000 -43928.4 -42140.4 0 -1816.19 0 0
44000 -44719.8 -41622.5 0 141.776 0 0
45000 -44658.9 -41962.7 0 -1216.15 0 0
46000 -43397.4 -41332.4 0 411.596 0 0
47000 -43473.1 -44224.7 0 910.044 0 0
48000 -43373.8 -42598.2 0 655.074 0 0
49000 -42542.4 -42713.9 0 1313.1 0 0
50000 -46304.9 -42501.1 0 1013.8 0 0
51000 -44309.6 -40817.9 0 2284.88 0 0
52000 -42157 -44042 0 1576.19 0 0
53000 -45690.2 -43634.1 0 2665.49 0 0
54000 -44795.8 -43334.2 0 2212.55 0 0
55000 -42312.8 -45121.3 0 1714.68 0 0
56000 -41131.5 -42423.2 0 2908.56 0 0
57000 -44036.5 -43581.1 0 4108.69 0 0
58000 -44284.5 -44746.1 0 2800.51 0 0
59000 -45939.4 -42434.3 0 4529.59 0 0
60000 -45830.6 -42762.8 0 5052.53 0 0
61000 -44871.2 -41082.6 0 4790.22 0 0
62000 -42562.4 -42766.6 0 4929.87 0 0
63000 -43924.4 -44647.7 0 4308.45 0 0
64000 -42360 -42958.1 0 5962.81 0 0
65000 -44251.4 -43495.3 0 5582.57 0 0
66000 -44110.3 -43316.6 0 4969.52 0 0
67000 -43549.2 -40816.7 0 4884.89 0 0
68000 -44292.3 -45285.2 0 6362.77 0 0
69000 -45251.6 -42183.4 0 6300.7 0 0
70000 -43307.1 -44533.5 0 6478.96 0 0
71000 -44098.9 -43575.1 0 7281.11 0 0
72000 -44067.9 -45062.7 0 5111.18 0 0
73000 -42036.8 -44606.8 0 6316.79 0 0
74000 -44080.4 -41419.1 0 5808.15 0 0
75000 -44717.1 -42482.3 0 6263.56 0 0
76000 -44161.4 -42417 0 5467.36 0 0
77000 -42682.6 -43136.4 0 5717.64 0 0
78000 -43486.9 -44035.1 0 4593.34 0 0
79000 -45414 -41852 0 7866.84 0 0
80000 -41645.3 -45035.3 0 5613.48 0 0
81000 -44910.6 -43175.1 0 6356.33 0 0
82000 -43483.3 -43498.9 0 6349.06 0 0
83000 -42637 -43218 0 6141.9 0 0
84000 -45871.4 -43472 0 4407.73 0 0
85000 -41631.2 -41191.8 0 5319.87 0 0
86000 -45729.9 -42218.9 0 5791.95 0 0
87000 -42567.2 -45252.1 0 5195.91 0 0
88000 -45256.5 -44149.6 0 5279.29 0 0
89000 -43389.8 -43902.2 0 3384.52 0 0
90000 -43025.8 -45017.2 0 4699.5 0 0
91000 -44943.6 -40642.4 0 2284.23 0 0
92000 -45407.5 -44717.7 0 2272.97 0 0
93000 -42367.5 -42896.5 0 5184.7 0 0
94000 -42910.4 -42563 0 2562.36 0 0
95000 -43162.5 -43519.4 0 3362.38 0 0
96000 -44441.1 -43644.7 0 2473.29 0 0
97000 -44456.2 -43314.6 0 1596.44 0 0
98000 -42697.6 -43162.7 0 2506.75 0 0
99000 -45647.1 -42686.2 0 934.548 0 0
100000 -42753.6 -43118.2 0 549.509 0 0
101000 -44954.8 -42322.9 0 934.053 0 0
102000 -40675.2 -44086.8 0 728.615 0 0
103000 -44960.5 -41010.3 0 600.814 0 0
104000 -44489.3 -44247.5 0 435.747 0 0
105000 -42008.1 -43983.4 0 639.761 0 0
106000 -44026.4 -40895.4 0 -1093.16 0 0
107000 -44094.7 -43168.2 0 -148.149 0 0
108000 -42987 -42578.5 0 -791.609 0 0
109000 -42177.4 -41862.9 0 -633.485 0 0
110000 -45040.2 -43816.3 0 -1106.76 0 0
111000 -45590.8 -42267.3 0 -4031.01 0 0
112000 -42509.3 -44209.3 0 -1313.02 0 0
113000 -44989.3 -45761.4 0 -3507.43 0 0
114000 -41905.3 -46902.5 0 -2145.52 0 0
115000 -42046.8 -42683 0 -3038.78 0 0
116000 -43297.4 -42498.1 0 -4691.38 0 0
117000 -43912.1 -42629 0 -4839.96 0 0
118000 -44971.3 -43049 0 -3787.41 0 0
119000 -42341.7 -42890.3 0 -3476 0 0
120000 -43154.3 -43788.4 0 -3747.09 0 0
121000 -44183.6 -44847.6 0 -3802.33 0 0
122000 -42249.3 -41051 0 -5127.46 0 0
123000 -43972.6 -42511.9 0 -6224.88 0 0
124000 -42302 -43982 0 -2559.4 0 0
125000 -46163.6 -44547.4 0 -3340.84 0 0
126000 -44770 -42827.1 0 -3998.12 0 0
127000 -44378.1 -42859.1 0 -4438.84 0 0
128000 -45158.3 -41309.9 0 -4958.65 0 0
129000 -42344.7 -42828.1 0 -3593.93 0 0
130000 -44321.2 -42945.5 0 -5377.57 0 0
131000 -40798.5 -44351.5 0 -4556.76 0 0
132000 -43172.4 -42702 0 -3722.7 0 0
133000 -40839.1 -43452.4 0 -3510.84 0 0
134000 -45929.7 -42947.2 0 -4120.73 0 0
135000 -42561.4 -42679.6 0 -2747.85 0 0
136000 -46002.9 -41787.8 0 -2208.14 0 0
137000 -45401 -44809.5 0 -3464.22 0 0
138000 -44951.6 -45311 0 -1769.11 0 0
139000 -44139.1 -41988.6 0 -1666.79 0 0
140000 -44645.3 -42247.4 0 -2023.83 0 0
141000 -44320 -41347.6 0 -1205.11 0 0
142000 -44578.3 -45461 0 -776.895 0 0
143000 -45191.1 -43734.2 0 -442.709 0 0
144000 -42595.7 -43312.3 0 -1080.09 0 0
145000 -43194.3 -44136.5 0 -1769.68 0 0
146000 -41746.4 -41629 0 115.59 0 0
147000 -42543.6 -46480.3 0 -682.978 0 0
148000 -42794.2 -44536.2 0 -402.338 0 0
149000 -44510.2 -44255.1 0 -965.267 0 0
150000 -42541.2 -43616.4 0 2769.21 0 0
151000 -43502.5 -44242.7 0 1819.53 0 0
152000 -44321.1 -43062.9 0 1228.27 0 0
153000 -44470.8 -43388.8 0 2595.4 0 0
154000 -44560.1 -44319.4 0 2290.56 0 0
155000 -44208.6 -45697.6 0 931.546 0 0
156000 -43999.5 -44256.2 0 2486.62 0 0
157000 -43133.8 -45783.3 0 3759.74 0 0
158000 -44875.7 -43305.4 0 2389.55 0 0
159000 -42917.7 -43227.3 0 4644 0 0
160000 -42196.5 -43632.7 0 3360.37 0 0
161000 -42938.9 -45546.3 0 6736.61 0 0
162000 -42383.6 -44703.8 0 4529.26 0 0
163000 -43541.4 -43281.5 0 4264.42 0 0
164000 -41248.2 -44529.7 0 3199.3 0 0
165000 -43902.4 -42926.2 0 4285.52 0 0
166000 -44151.4 -43250.2 0 5318.6 0 0
167000 -42273.4 -42245.7 0 5420.76 0 0
168000 -44640.4 -43617 0 5488.39 0 0
169000 -43190.3 -44073.2 0 6571.98 0 0
170000 -44140.1 -44581.5 0 3747.88 0 0
171000 -44171.6 -45432.9 0 4771.97 0 0
172000 -42429.8 -44860.4 0 6862.27 0 0
173000 -45571.8 -42303.2 0 5728.55 0 0
174000 -42192.3 -46237.5 0 7503.89 0 0
175000 -42293.7 -44127.9 0 6295.26 0 0
176000 -43005.7 -47506.3 0 4793.85 0 0
177000 -44191.4 -44886.5 0 7105.9 0 0
178000 -41392.1 -46208.1 0 6374.54 0 0
179000 -41926.5 -43448 0 5261.66 0 0
180000 -44151.1 -43097.7 0 6008.52 0 0
181000 -44479.7 -44039.3 0 5638.27 0 0
182000 -43017.7 -43482.5 0 6180.16 0 0
183000 -43189.8 -45804 0 5038.19 0 0
184000 -44872.7 -44712.2 0 4769.2 0 0
185000 -41056.2 -43340.8 0 5852.65 0 0
186000 -43453.3 -44405.2 0 6186.56 0 0
187000 -46159.4 -44293.6 0 4394.7 0 0
188000 -44815 -45357.4 0 6584.83 0 0
189000 -42886.9 -43810.3 0 3251.18 0 0
190000 -43089.2 -46228.9 0 4390.1 0 0
191000 -42557 -44900 0 1672.29 0 0
192000 -42406.9 -43956 0 2212.81 0 0
193000 -45128.1 -45939.2 0 1900.33 0 0
194000 -45396.6 -44888.3 0 2564.11 0 0
195000 -44060.5 -44390.8 0 2114.8 0 0
196000 -44996.3 -46265.6 0 1374.94 0 0
197000 -42389.4 -40517.1 0 618.511 0 0
198000 -43193 -41675.2 0 2267.08 0 0
199000 -43402.3 -44899.7 0 2014.44 0 0
200000 -42649.4 -41645.5 0 1327.12 0 0
201000 -43253.3 -43934 0 2447.45 0 0
202000 -45818.6 -43611.6 0 476.837 0 0
203000 -45093.3 -43077.8 0 -1385.8 0 0
204000 -43758 -44556.3 0 136.903 0 0
205000 -42752.1 -43269.6 0 320.894 0 0
206000 -44181.6 -42882.6 0 -92.6536 0 0
207000 -43966.4 -43038.9 0 -1397.88 0 0
208000 -45429.7 -41651.4 0 -1741.06 0 0
209000 -41639.9 -42515.8 0 -354.747 0 0
210000 -43502.3 -45429 0 -2902.23 0 0
211000 -44703.6 -41644.1 0 -1360.35 0 0
212000 -44824.9 -41905 0 -1526.75 0 0
213000 -44834.5 -42226.8 0 -2132.34 0 0
214000 -44925.8 -42493.4 0 -3613.97 0 0
215000 -43254.4 -42044.1 0 -2500.57 0 0
216000 -44891.6 -42684.2 0 -3972.02 0 0
217000 -43771.3 -44817.2 0 -2153.13 0 0
218000 -41911.8 -41330 0 -2861.29 0 0
219000 -43849.9 -41144.4 0 -3051.55 0 0
220000 -44148 -44954.6 0 -4318.23 0 0
221000 -44652.2 -44492.2 0 -5319.18 0 0
222000 -39709.9 -44603.7 0 -4144.22 0 0
223000 -44374.1 -45518.3 0 -4258.94 0 0
224000 -44115.8 -44716.5 0 -4446.46 0 0
225000 -46257.4 -42862.3 0 -3188.74 0 0
226000 -43945.1 -44487.4 0 -5056.61 0 0
227000 -44838.3 -44247.8 0 -4391.06 0 0
228000 -45332.1 -41359.9 0 -3798.51 0 0
229000 -41413.8 -45225.3 0 -5309.59 0 0
230000 -40757.8 -44408.3 0 -4336.23 0 0
231000 -44875.3 -42929.7 0 -2937.11 0 0
232000 -44767.1 -45382.7 0 -3163.52 0 0
233000 -42908.9 -43877.5 0 -3667.46 0 0
234000 -43007.9 -43924.1 0 -3515.31 0 0
235000 -43669.8 -43817.2 0 -3829.21 0 0
236000 -43011.7 -42059.3 0 -4659.31 0 0
237000 -42926.1 -42118.8 0 -2430.02 0 0
238000 -42779.2 -44946.1 0 -3334.62 0 0
239000 -44215.2 -43360.7 0 -3086.13 0 0
240000 -43608.9 -42711 0 -2645.33 0 0
241000 -42109.8 -44405.8 0 -1756.25 0 0
242000 -44761.9 -44355.2 0 -1254.23 0 0
243000 -43692.7 -43007.8 0 -417.232 0 0
244000 -43254.9 -42717.1 0 -255.785 0 0
245000 -43331.1 -41764.3 0 -1584.33 0 0
246000 -44679.6 -44656.1 0 -1332.6 0 0
247000 -45228.9 -42466.6 0 -8.34359 0 0
248000 -42487.4 -44159.9 0 -113.502 0 0
249000 -45189.8 -44675.1 0 -96.2431 0 0
250000 -43196.4 -43850.7 0 1034.47 0 0
251000 -43690.8 -43978 0 1333.01 0 0
252000 -44043.4 -46056.1 0 1529.11 0 0
253000 -42623.5 -43824.9 0 2631.03 0 0
254000 -41583.6 -44251.8 0 2082.14 0 0
255000 -42649.7 -44026 0 1838.5 0 0
256000 -43181.8 -43101.6 0 3609.63 0 0
257000 -43296.7 -47134.3 0 3325.84 0 0
258000 -42044.4 -40964.5 0 3699.24 0 0
259000 -41400.2 -46135.4 0 4452.77 0 0
260000 -43692.9 -43399.2 0 3408.21 0 0
261000 -44439.2 -43167 0 4624.83 0 0
262000 -42431.2 -44253 0 4824.04 0 0
263000 -45041.3 -42883.2 0 5354.43 0 0
264000 -41584.5 -45805.2 0 5532.9 0 0
265000 -42781.9 -42590 0 4038.25 0 0
266000 -45410.1 -44356.8 0 4191.74 0 0
267000 -44077 -43646 0 5601.04 0 0
268000 -43155.2 -44229.5 0 4594.22 0 0
269000 -41604.7 -43426.5 0 4781.01 0 0
270000 -40807.9 -45450.8 0 5260.81 0 0
271000 -41259.4 -42426.7 0 7010.71 0 0
272000 -42290.9 -46700.9 0 7042.65 0 0
273000 -42002 -45449.8 0 6567.14 0 0
274000 -42827.7 -44391.6 0 6966.74 0 0
275000 -43303 -43603 0 6245.61 0 0
276000 -42990.9 -43113.6 0 6043.74 0 0
277000 -43958 -43515.7 0 5253.46 0 0
278000 -43117.6 -44138.4 0 5673.15 0 0
279000 -42662.6 -44433.6 0 4708.55 0 0
280000 -41730 -46241.9 0 5247.87 0 0
281000 -41244.3 -45204.5 0 6493.85 0 0
282000 -45019.4 -43315.8 0 6065.96 0 0
283000 -44279.4 -43582.4 0 6036.52 0 0
284000 -43095.5 -42707.5 0 6003.24 0 0
285000 -42657.9 -42106 0 5022.92 0 0
286000 -43488.1 -44720.5 0 6005.57 0 0
287000 -42460.3 -46084.2 0 3602.81 0 0
288000 -43653.1 -43404.8 0 4439.83 0 0
289000 -45025.6 -39806.9 0 5866.22 0 0
290000 -44422.4 -43886.3 0 2752.95 0 0
291000 -43827.4 -45580.6 0 4298.67 0 0
292000 -42721.6 -46648.2 0 4174.91 0 0
293000 -44325.8 -40817.2 0 3629.35 0 0
294000 -45202 -41208.8 0 2762.5 0 0
295000 -42783.4 -45538.5 0 2814.11 0 0
296000 -42909.2 -43778.3 0 4029.7 0 0
297000 -42213.1 -43750.6 0 2879.39 0 0
298000 -43928.8 -43378 0 1264.49 0 0
299000 -43478.9 -42938.8 0 1092.7 0 0
300000 -44576.4 -43998.9 0 -104.526 0 0
301000 -44554.2 -43494.9 0 -233.347 0 0
302000 -43457.8 -43834.6 0 -13.3494 0 0
303000 -43982 -44922 0 1496.02 0 0
304000 -42091.8 -43366.2 0 -1083 0 0
305000 -43189 -44144.3 0 527.362 0 0
306000 -43453.4 -42516.4 0 -964.568 0 0
307000 -40507.8 -43655.5 0 -1236.61 0 0
308000 -43038.2 -44735.9 0 -1975.59 0 0
309000 -45726.6 -43550.2 0 -2728.89 0 0
310000 -42797.9 -42361.2 0 -2046.4 0 0
311000 -42777 -44548.6 0 -3242.25 0 0
312000 -38937.7 -44027.3 0 -1925.54 0 0
313000 -44703.4 -43929.6 0 -2435.29 0 0
314000 -42103.7 -45989 0 -3300.96 0 0
315000 -42543.2 -44703.3 0 -1514.71 0 0
316000 -43654.7 -42064 0 -4978.95 0 0
317000 -41213.6 -44522.8 0 -3962.48 0 0
318000 -43422.4 -43509.4 0 -4919.18 0 0
319000 -43813.4 -43119.1 0 -4503.4 0 0
320000 -42212.7 -46194.9 0 -4586.34 0 0
321000 -44783.4 -41545.6 0 -5200.15 0 0
322000 -43874.4 -41875.9 0 -4253.44 0 0
323000 -43168.5 -43674.4 0 -3997.68 0 0
324000 -42879.9 -45167.4 0 -4199.44 0 0
325000 -43250.8 -45557.3 0 -4946.54 0 0
326000 -47598.8 -41125.2 0 -4662.51 0 0
327000 -41440.1 -41718.4 0 -3666.63 0 0
328000 -43908.1 -46495.9 0 -5515.53 0 0
329000 -43489.7 -43369.8 0 -4858.27 0 0
330000 -43380.5 -43898.1 0 -4245.93 0 0
331000 -42028.2 -45594 0 -5252.96 0 0
332000 -45051.7 -42615.9 0 -3062.64 0 0
333000 -43049.6 -43591.3 0 -4885.23 0 0
334000 -41860.5 -43394 0 -3231.67 0 0
335000 -45372.8 -42172.1 0 -3698.41 0 0
336000 -43067.5 -43494.5 0 -3909.98 0 0
337000 -43661.7 -41925.9 0 -2834.56 0 0
338000 -44080.8 -44734.5 0 -4149.78 0 0
339000 -40673.5 -46343 0 -3631.32 0 0
340000 -40513 -45364.5 0 -1861.45 0 0
341000 -42381.2 -42405.3 0 -725.106 0 0
342000 -43142.9 -42816 0 -1248.05 0 0
343000 -43464.1 -45119.4 0 -2921.66 0 0
344000 -41608.4 -40255.6 0 -777.851 0 0
345000 -43034.1 -43245.6 0 -730.918 0 0
346000 -43293.9 -42557.2 0 165.534 0 0
347000 -43176.7 -46886.8 0 955.258 0 0
348000 -42926.7 -43810.5 0 893.315 0 0
349000 -46461.6 -44578.7 0 1441.77 0 0
350000 -43429.5 -44799.1 0 425.664 0 0
351000 -43620.9 -44208.6 0 470.374 0 0
352000 -45359.2 -43652.6 0 1949.63 0 0
353000 -43999.3 -44052.6 0 2734.05 0 0
354000 -45108.7 -44141.4 0 2053.39 0 0
355000 -44665.5 -44670.1 0 2000.51 0 0
356000 -41143.7 -45218.9 0 1621.61 0 0
357000 -43145.3 -45578 0 4198.19 0 0
358000 -42431.5 -44487.7 0 4242.77 0 0
359000 -45418 -44296.9 0 4089.53 0 0
360000 -42253.6 -43269.8 0 3803.7 0 0
361000 -41269.5 -43519.2 0 2692.13 0 0
362000 -43880.7 -43439.4 0 2888.63 0 0
363000 -43120.8 -42888.9 0 4821.26 0 0
364000 -44935.8 -42672.3 0 3869.43 0 0
365000 -43428.1 -43801.4 0 5537.94 0 0
366000 -43449.7 -43771.6 0 7520.12 0 0
367000 -44022.5 -42715 0 5243.39 0 0
368000 -45101.6 -42529.7 0 6816.93 0 0
369000 -45689 -43477.7 0 6987.79 0 0
370000 -42781.6 -41906.1 0 4054.14 0 0
371000 -43405.8 -45693.1 0 6139.27 0 0
372000 -42583.3 -43719 0 6327.76 0 0
373000 -42828.7 -43244.8 0 5930.98 0 0
374000 -43847.1 -42313.7 0 7923.16 0 0
375000 -43462.4 -41416.2 0 5332.62 0 0
376000 -43690.5 -43750.9 0 6785.1 0 0
377000 -45373.6 -42981.9 0 5077.12 0 0
378000 -41991.6 -40784.7 0 5013.61 0 0
379000 -43463.8 -43384.6 0 6636.31 0 0
380000 -43266.7 -46349.3 0 5948.12 0 0
381000 -42233 -44782.8 0 7055.98 0 0
382000 -41601 -45254.9 0 6276.71 0 0
383000 -44317.9 -44024.7 0 5760.78 0 0
384000 -44336.1 -45611.7 0 5980.2 0 0
385000 -42243.8 -44209.9 0 7104.42 0 0
386000 -44960.4 -45089.8 0 3785.35 0 0
387000 -42129.7 -44803.2 0 4166.07 0 0
388000 -42627 -43380.6 0 4590.3 0 0
389000 -42651.2 -43263.2 0 3585 0 0
390000 -44014.8 -45097.5 0 2832.88 0 0
391000 -44102.9 -45044.8 0 3776.37 0 0
392000 -44432.8 -45492.5 0 3418.03 0 0
393000 -45182.2 -44914.2 0 1502.75 0 0
394000 -44154.4 -43912 0 938.023 0 0
395000 -43542 -42042.8 0 2294.47 0 0
396000 -42733.2 -42084.1 0 3077.18 0 0
397000 -45347.3 -44390.4 0 1417.15 0 0
398000 -42962.9 -45329.1 0 2077.68 0 0
399000 -46099.3 -42525 0 1764.36 0 0
400000 -44785.4 -43093.8 0 239.192 0 0
401000 -42203.6 -43734.4 0 325.33 0 0
402000 -45185 -43580.2 0 1207.75 0 0
403000 -41736.3 -45282.2 0 -462.656 0 0
404000 -44287.3 -44589.5 0 23.4057 0 0
405000 -44172.8 -42760.6 0 -274.821 0 0
406000 -40773.1 -45083.1 0 -1933.59 0 0
407000 -43255 -44886 0 -3727.11 0 0
408000 -43712.5 -44248.3 0 -2461.14 0 0
409000 -41952.4 -43726.5 0 -970.561 0 0
410000 -43925.4 -44299.3 0 -2147.74 0 0
411000 -42840.6 -43267.9 0 -2148.63 0 0
412000 -42801.1 -45783.5 0 -3877.31 0 0
413000 -43096.5 -42208.8 0 -3729.73 0 0
414000 -41670.2 -45876.7 0 -2925.57 0 0
415000 -44081.8 -43407.9 0 -3413.79 0 0
416000 -45857.9 -42337 0 -3176.18 0 0
417000 -40630.6 -45748.9 0 -1325.52 0 0
418000 -44890.7 -43372.3 0 -3924.52 0 0
419000 -45440.1 -42939.8 0 -3663.82 0 0
420000 -44183 -43081.9 0 -4506.43 0 0
421000 -45350.9 -43922.2 0 -4890.7 0 0
422000 -41822.3 -44831.5 0 -3332.48 0 0
423000 -42613.3 -42553.1 0 -4525.44 0 0
424000 -42214.7 -44962.2 0 -5412.21 0 0
425000 -43389.1 -46090 0 -2681.09 0 0
426000 -45317.8 -44957.8 0 -4439.41 0 0
427000 -44672.7 -42801.4 0 -5578.36 0 0
428000 -47355.1 -45158.5 0 -4369.81 0 0
429000 -45083.2 -43966.8 0 -4034 0 0
430000 -41970.6 -45243.5 0 -3067.62 0 0
431000 -44097.4 -41378 0 -3785.4 0 0
432000 -41977.1 -44591.2 0 -3729.01 0 0
433000 -42758.2 -44216.7 0 -4109.82 0 0
434000 -43126.9 -45246.5 0 -4136.54 0 0
435000 -43629.9 -44316.9 0 -4701.58 0 0
436000 -43191.5 -45392.7 0 -4549.62 0 0
437000 -43480 -41808 0 -3478.59 0 0
438000 -43473.4 -41571.7 0 -3140.21 0 0
439000 -42556.4 -43571 0 -3363.87 0 0
440000 -42453.4 -43279 0 -3651.95 0 0
441000 -43904.2 -44106.2 0 -2670.32 0 0
442000 -43428.5 -43366.9 0 -1801.69 0 0
443000 -41946.5 -44406.6 0 -1617.46 0 0
444000 -44650.9 -43857 0 -3231.38 0 0
445000 -44189.8 -42144.3 0 -892.702 0 0
446000 -42692.2 -44196.4 0 -3464.68 0 0
447000 -43900.1 -43027.4 0 1034.54 0 0
448000 -41632.3 -44529.7 0 479.787 0 0
449000 -42352.6 -42114.8 0 1412.99 0 0
450000 -44016.8 -41881.3 0 173.436 0 0
451000 -42260.2 -43707.8 0 3178.64 0 0
452000 -43603.7 -46014.5 0 1969.42 0 0
453000 -45236.3 -43656.6 0 2192.09 0 0
454000 -43351.8 -44732.4 0 1554.53 0 0
455000 -45542 -43969.8 0 1898.93 0 0
456000 -41560.2 -45533.1 0 3309.65 0 0
457000 -44714.9 -43674.5 0 3599.78 0 0
458000 -43185.2 -43743.4 0 3533.12 0 0
459000 -44470.1 -42532.1 0 2740.47 0 0
460000 -45046.5 -43714.6 0 3299.82 0 0
461000 -42135.9 -43017.8 0 4995.6 0 0
462000 -41920.2 -46118.6 0 3737.45 0 0
463000 -42755.4 -43633.7 0 3431.78 0 0
464000 -42699.4 -43831.4 0 5148.61 0 0
465000 -44986.7 -42930 0 5202.63 0 0
466000 -42808.4 -44521.7 0 5973.11 0 0
467000 -45986.7 -42377.9 0 4672.87 0 0
468000 -43037.9 -43205.7 0 4941.97 0 0
469000 -44973.3 -42419.7 0 6649.13 0 0
470000 -43042.3 -44114.5 0 4701.91 0 0
471000 -44896.3 -43390.6 0 6133.16 0 0
472000 -40371.8 -45202.6 0 6712.2 0 0
473000 -42566.8 -45310.5 0 7592.19 0 0
474000 -44994 -44483.5 0 6264.11 0 0
475000 -43380.4 -44559.6 0 6442.11 0 0
476000 -45108.9 -41396.7 0 7378.98 0 0
477000 -42361.4 -43021.2 0 6525.39 0 0
478000 -42516.4 -43081.8 0 4391.56 0 0
479000 -44255.9 -43383.8 0 5231.86 0 0
480000 -44252.6 -40908 0 5483.09 0 0
481000 -43090.8 -44416.4 0 6467.3 0 0
482000 -43256.6 -43956.1 0 4282.93 0 0
483000 -42861.7 -43974.1 0 6218.35 0 0
484000 -44733.3 -43022 0 4504.92 0 0
485000 -44701 -44350 0 5764.46 0 0
486000 -43997.7 -41145.3 0 5294.16 0 0
487000 -45332.2 -44511.3 0 4023.17 0 0
488000 -43158.6 -44047.3 0 4550.01 0 0
489000 -42760.3 -44599.7 0 4046.69 0 0
490000 -42324.4 -42148.4 0 3149.27 0 0
491000 -44875.1 -46830.8 0 3102.1 0 0
492000 -44357.7 -43246.1 0 5219.54 0 0
493000 -43324.9 -43247.2 0 2950.36 0 0
494000 -45649 -44768 0 2413.78 0 0
495000 -44536 -44700.8 0 2593.42 0 0
496000 -44319.1 -44041.3 0 1653.03 0 0
497000 -43915.4 -46175.4 0 1613.58 0 0
498000 -43512 -46522.1 0 1428.73 0 0
499000 -43936.5 -44505.3 0 1310.43 0 0
500000 -42760.4 -43322.6 0 935.867 0 0
