# Time-averaged data for fix ps1
# TimeStep c_thermo_press[1] c_thermo_press[2] c_thermo_press[3] c_thermo_press[4] c_thermo_press[5] c_thermo_press[6]
0 276.279 749.943 613.4 -316.272 -91.2261 183.081
30000 744.551 949.046 1332.55 -299.677 -362.923 451.685
60000 363.96 1126.98 1067.95 -477.315 -389.793 92.1816
90000 -491.613 1369.65 1484.62 -167.961 -93.3171 460.661
120000 -148.883 1562.84 1616.39 -119.847 -124.825 281.062
150000 -484.787 1498.59 1498.34 -328.167 -330.105 140.663
180000 -814.227 1697.97 1345.38 -14.7132 -245.644 -69.3233
210000 -1110.26 1552.7 1764.56 -276.864 -532.79 124.525
240000 -1474.7 1988.21 1681.52 45.1116 -257.427 195.828
270000 -1721.3 1944.27 2086.39 -95.9568 -367.267 298.469
300000 -1655.79 2414.74 2240.06 56.1598 -338.28 278.843
330000 -2089.78 2000.38 2260.41 -109.108 -303.882 278.615
360000 -2042.52 2235.87 1978.03 -106.02 -392.008 5.85029
390000 -2309.7 2257.84 2482.23 -116.727 -356.711 83.8559
420000 -2858.65 2329.5 2693.32 -374.108 -105.432 395.319
450000 -2600.71 2551.1 2847.06 -168.264 -517.713 489.975
480000 -2837.18 2803.72 3058.33 -193.051 -282.889 46.0753
510000 -2888.71 2847.94 2794.06 -326.948 -20.4943 -60.3392
540000 -3274.43 2780.7 2908.57 -159.185 -66.7893 105.976
570000 -3372.35 3198.32 2764.89 -23.6034 -213.321 309.383
600000 -3518.19 2986.75 3171.68 -122.169 -481.456 256.644
630000 -3369.53 2810.77 3359.79 -197.873 65.967 193.346
660000 -3539.06 3163.17 2797.95 21.5233 -395.372 133.129
690000 -3622.47 3356.17 3079.89 -316.638 -378.099 -196.661
720000 -3409.4 3273.19 3264.76 -419.004 -168.712 83.9832
750000 -3567.83 3260.67 2947.79 -77.3142 -308.815 464.597
780000 -3889.55 3214.32 3288.89 -457.368 -409.628 93.9178
810000 -3696.82 3222 3055.53 -81.459 -268.938 309.022
840000 -3556.73 3037.6 3070.45 -231.641 -316.798 238.166
870000 -3382.19 3023.75 3231.1 -76.8978 -110.267 217.385
900000 -3559.12 3042.23 2523.91 -154.909 -370.757 328.929
930000 -3480.41 3069.59 2720.05 -132.261 -639.863 501.885
960000 -3321.09 3140.8 2683.57 -210.671 -254.332 405.828
990000 -3179.96 2636.26 2627.21 -88.0122 -414.203 131.757
1020000 -3007.35 3265.86 2695.56 -269.95 -341.761 387.563
1050000 -3066.62 3005.07 2603.66 -373.166 24.9849 403.803
1080000 -2455.38 2507.54 2647.19 -296.495 -136.005 -117.241
1110000 -2635.39 2350.56 2448.08 0.0876991 -238.584 280.427
1140000 -2219.61 2459.25 2569.64 -199.244 37.1345 349.143
1170000 -2019.22 2697.7 2297.97 -112.038 -376.597 94.3187
1200000 -1977.71 2276.56 2246.14 -423.339 -325.129 167.675
1230000 -1687.08 1848.24 2002.92 -318.326 -268.788 -153.355
1260000 -1793.76 1557.35 1938.82 -187.254 -322.533 407.523
1290000 -1037.26 1742.76 1705.34 -97.3569 -412.57 467.135
1320000 -997.788 1156.06 1304.36 -130.02 -294.978 49.5245
1350000 -500.202 1507.97 1635.43 -63.0682 -185.379 317.853
1380000 -365.965 1503.59 1813.77 -43.8743 -189.359 80.1287
1410000 25.9215 1617.68 1042.15 -142.308 -289.219 283.51
1440000 27.1189 1066.1 1125.07 -95.0048 -134.19 158.609
1470000 401.547 568.93 1117.25 -131.681 -365.979 281.62
1500000 954.601 446.832 606.934 -143.411 -285.555 583.214
1530000 1530.05 695.701 208.849 -213.744 -164.853 195.345
1560000 1428.87 509.699 227.064 -224.406 -396.988 458.06
1590000 1657.9 165.433 500.539 -319.374 -36.5485 320.517
1620000 2304.79 -17.7509 77.6482 18.2466 -295.663 273.183
1650000 2848.86 -306.23 -88.7953 -87.1691 -150.557 -111.176
1680000 2912.25 -463.434 -225.599 -66.1637 -424.32 435.584
1710000 2994.44 -299.71 -423.714 169.891 -264.323 -71.2301
1740000 3256.71 -192.832 -302.793 -496.386 -362.397 111.56
1770000 3595.13 -895.899 -442.473 -183.785 -352.879 89.7441
1800000 3645.56 -642.804 -587.156 -120.535 203.459 310.527
1830000 3696.83 -621.453 -507.853 -39.2324 -287.534 357.753
1860000 4476.73 -841.675 -975.691 -233.493 -7.41397 183.573
1890000 4680.92 -551.198 -911.305 54.9244 -146.533 185.211
1920000 4254.65 -1234.23 -1017.97 -190.013 -279.897 355.906
1950000 4857.11 -1127.94 -1293.48 -248.61 -416.035 283.663
1980000 5019.55 -1320.08 -1228.07 -49.2133 -70.4832 183.657
2010000 5498.33 -1660.06 -1091.88 -93.8333 -127.765 184.655
2040000 5216.74 -907.194 -1379.29 -86.5053 -405.23 88.6832
2070000 5594.62 -1403.05 -1462.65 -201.549 -226.345 122.003
2100000 5653.74 -1661.3 -1198.04 62.6199 -139.639 329.894
2130000 5817.89 -1262.81 -1572.13 -29.1773 -305.582 320.696
2160000 5785.18 -1416.01 -1436.96 50.0615 -16.0003 288.307
2190000 5749.85 -1678.23 -1663.23 -241.281 -203.766 198.747
2220000 5852.23 -1784.99 -1509.85 -317.317 -96.5857 95.7514
2250000 5954.6 -1664.17 -1211.6 -283.06 -495.93 -64.2302
2280000 5482.23 -1687.17 -1563.91 -18.0117 -131.25 -65.8963
2310000 6027.81 -1902.93 -1868.84 -108.338 -278.406 114.91
2340000 5977.75 -1557.33 -1610.15 16.415 -384.854 376.985
2370000 5607.22 -1757.49 -1506.93 -28.3908 -361.163 320.298
2400000 5671.69 -1553.47 -1488.54 -78.5406 -297.585 149.216
2430000 5693.32 -1187.8 -1641.19 -130.267 -486.239 -74.729
2460000 5622.24 -942.853 -1327.46 -494.636 -443.246 -59.1027
2490000 5598.79 -1519.69 -1360.53 -26.9145 -174.354 280.41
2520000 4883.94 -1184.68 -1210.81 42.2866 -263.321 273.578
2550000 4651.88 -1070.16 -1093.08 -235.473 -346.514 316.796
2580000 4814.57 -1031.56 -846.691 -374.013 -23.7756 346.527
2610000 4696.49 -866.844 -851.878 -142.249 -374.873 253.831
2640000 4136.14 -1141.5 -690.546 -308.27 -350.71 178.984
2670000 4152.54 -760.641 -1083.5 24.8242 -513.049 233.174
2700000 3534.24 -740.912 -401.229 -415.3 -360.993 321.619
2730000 3650.96 -504.108 -200.316 -575.523 -190.974 203.176
2760000 3227.23 -522.649 -664.739 -183.048 -227.346 278.423
2790000 2916.06 -54.6887 -258.518 -65.7885 -208.916 28.2439
2820000 2831.75 -175.049 -157.979 -61.6592 -300.205 94.3665
2850000 2515.45 260.044 106.077 -171.355 -310.458 40.328
2880000 1937.09 -116.791 190.775 -345.2 -213.008 318.951
2910000 1753.77 -13.057 509.971 136.31 -387.304 219.014
2940000 1698.96 561.403 350.649 -260.816 -177.339 76.339
2970000 1162.2 866.601 846.82 -245.497 -187.566 321.727
3000000 840.894 1070.03 407.084 -200.432 -175.286 388.042
3030000 547.302 1066.52 788 35.2251 -148.878 188.17
3060000 261.345 1261.52 1052.35 -304.243 -272.813 319.739
3090000 -1.65856 1530.88 1130.04 -134.07 -233.782 318.283
3120000 -127.826 1479.76 1274.75 -123.691 -178.576 174.308
3150000 -546.16 1180.03 1511.59 -174.845 -203.887 164.601
3180000 -1197.12 2246.12 1367.79 -406.805 -299.885 125.087
3210000 -1327.32 1902.54 1686.09 -248.06 -478.778 59.6183
3240000 -1392.58 2180.6 1831.53 -353.576 -143.212 159.565
3270000 -1810.53 2274.45 1984.2 152.573 -171.743 352.303
3300000 -1955.94 2425.28 2205.57 0.583692 -252.552 230.613
3330000 -1852.2 2310.61 2257.74 -124.61 -330.63 338.813
3360000 -2234.84 2347.05 2246.33 -483.678 -237.404 374.05
3390000 -2356.8 2482.67 2022.73 -210.198 -411.654 77.4369
3420000 -2538.62 2902.65 2456.12 -402.546 -59.7519 128.176
3450000 -3004.86 3119.66 2589.52 -86.641 -263.954 273.843
3480000 -3348.36 3039.45 2477.96 -23.5387 -281.031 -65.3876
3510000 -3444 2838.74 2979.27 -113.018 -302.877 37.1991
3540000 -3358.26 2786.63 3088.62 -280.353 -240.631 202.716
3570000 -3534.43 2948.24 2903.8 -336.35 -399.624 294.456
3600000 -3385.58 2735.24 3185.11 -127.007 -190.927 287.595
3630000 -4073.68 3255.95 2794.36 -112.533 -287.732 -6.2201
3660000 -3603.09 3176.83 3178.51 -258.121 -271.941 449.454
3690000 -3731.4 3008.61 3501.4 -69.5313 -133.93 198.224
3720000 -3911.58 3305.46 3084.57 -41.4311 -556.71 370.91
3750000 -3784.26 3291.96 3186.8 -410.395 -319.446 121.078
3780000 -3746.85 2926.9 2922.32 108.267 -469.598 340.001
3810000 -3464.32 3002.94 2983.96 -236.845 -152.836 321.606
3840000 -3760.46 3068.54 3089.23 -266.284 -229.851 414.582
3870000 -3877.85 3246.49 3153.13 -263.453 -157.719 -36.3597
3900000 -3356.09 3119.41 3360.17 -127.008 194.403 13.8604
3930000 -3545.86 3086.06 2989.62 41.1911 -311.707 72.5566
3960000 -3316.61 3260.76 3159.24 -247.363 -269.049 182.873
3990000 -2810.57 2984.82 2790.99 -266.84 -97.2558 536.17
4020000 -3232.29 2537.31 2894.76 -351.43 -234.593 9.29101
4050000 -3075.06 3131.95 2580.19 -285.24 -484.41 187.161
4080000 -2648.91 2682.31 2710.02 -11.409 -413.342 231.202
4110000 -2644.51 2795.37 2672.39 -63.4524 -449.55 -188.978
4140000 -2117.97 2475.64 2575.78 -319.934 -178.158 241.752
4170000 -2339.8 2432.38 2242.08 -248.93 -320.95 224.356
4200000 -2251.82 2093.76 2174.24 -250.962 -255.159 360.276
4230000 -1659.59 2087.45 1659.48 -398.603 -287.733 175.412
4260000 -1338.18 1718.17 1805.81 -254.273 -233.696 9.73405
4290000 -1304.15 1514.18 1640.28 -153.382 -443.652 459.874
4320000 -803.483 1775.68 1540.2 -73.951 -317.105 277.385
4350000 -508.817 1559.61 1397.21 -376.133 -253.391 142.089
4380000 -274.246 1424.94 1149.68 -288.481 -96.665 37.9425
4410000 -168.343 1335.58 1406.56 -181.7 -366.743 212.575
4440000 211.072 904.679 1318.89 -174.708 -154.587 308.791
4470000 631.451 750.397 457.126 -224.929 -202.963 130.84
4500000 1139.62 816.905 1090.68 -132.434 -287.567 145.545
4530000 1477.45 1087.93 594.163 227.763 -212.627 304.775
4560000 1344.36 416.753 365.466 -7.32708 -346.995 272.426
4590000 2010.55 179.76 320.76 -293.914 -355.837 171.123
4620000 1957.25 165.645 481.412 -276.523 -352.314 293.866
4650000 2738.12 -132.906 -141.887 165.737 -402.642 179.503
4680000 2783.18 -533.806 -167.265 -113.241 -252.707 444.629
4710000 2991.04 -485.026 -239.674 -149.472 -493.917 439.557
4740000 2935.52 -463.807 -42.6473 -143.555 -462.2 110.375
4770000 3732.44 -572.76 -731.623 -97.9497 -29.5394 121.327
4800000 3987.32 -431.152 -803.365 -145.904 -231.657 426.645
4830000 3899.02 -666.789 -956.092 -73.8718 -403.376 9.16021
4860000 4515.58 -612.719 -1122.87 -37.82 -442.864 156.111
4890000 4217.65 -725.678 -946.83 -138.837 -305.22 209.126
4920000 4736.09 -835.71 -1393.86 -192.571 -218.933 477.241
4950000 4637.76 -1151.52 -1248.77 -91.3411 -196.042 438.198
4980000 5469.17 -1152.65 -1701.01 -301.701 -241.64 206.953
5010000 4768.26 -1540.52 -1209.54 -193.623 -543.309 233.973
5040000 5656.99 -1440.26 -1282.63 -317.059 -433.246 306.534
5070000 5664.67 -1660.63 -1509.87 -199.182 -405.265 -41.0979
5100000 5684.57 -1035.75 -1795.11 -299.506 -221.995 255.401
5130000 5665.61 -1345.99 -1540.43 -164.924 -287.493 306.384
5160000 5534.12 -1736.19 -1329.02 16.8635 -330.683 -129.241
5190000 6076.66 -1278.4 -1747.35 -422.101 -415.628 -21.8559
5220000 5846.67 -1756.97 -1272.79 72.4888 -252.382 110.637
5250000 5713.77 -1563.03 -1538.85 -299.659 42.1806 320.065
5280000 5964.77 -1691.84 -1442.12 -119.855 -31.9905 421.536
5310000 5817.56 -1366.34 -1452.64 -209.778 -603.905 176.909
5340000 5686.85 -1508.74 -1980.09 -369.484 21.8002 403.378
5370000 5731.76 -1583.77 -1263.76 -107.911 -211.6 302.789
5400000 5574.61 -1102.26 -1681.21 -258.24 -452.726 -50.5016
5430000 5116.16 -994.812 -1158.8 -361.81 -267.856 53.7702
5460000 5146.86 -1317.61 -1318.51 -50.577 -238.486 220.773
5490000 5255.9 -873.561 -1443.67 -77.9811 -510.668 695.1
5520000 4668.2 -1072.85 -1060.78 166.514 -180.162 374.818
5550000 5213.46 -1008.76 -1571.79 -138.192 -237.691 278.496
5580000 4749.58 -1480.96 -654.877 -150.871 -174.564 44.6979
5610000 4434.2 -634.934 -821.083 -46.6031 -91.7922 466.09
5640000 4333.63 -760.301 -1016.49 -258.599 -314.195 287.258
5670000 4285.14 -636.688 -929.964 -223.634 -56.0601 185.92
5700000 3650.35 -532.249 -364.546 -175.156 -240.637 396.893
5730000 3851.27 -500.629 -622.1 -169.001 -474.401 237.908
5760000 3288.37 -494.05 -632.905 -258.479 -537.603 491.876
5790000 2675.61 75.0344 -383.636 -34.5774 -400.166 173.462
5820000 2759.81 -74.8388 -178.769 264.397 -446.696 -14.2114
5850000 2554.17 -244.241 25.47 -193.03 -450.545 1.38296
5880000 1970.95 -102.434 314.168 -97.0227 -336.697 123.237
5910000 1758.96 236.043 252.534 -355.243 -525.967 262.395
5940000 1435.74 341.356 501.514 107.07 -467.432 241.023
5970000 1129.26 646.456 580.84 -145.791 -342.064 650
6000000 698.177 994.594 451.592 -183.03 -236.18 273.713
6030000 858.114 736.928 1051.2 -223.271 -287.749 422.849
6060000 187.561 809.786 1296.68 -56.7528 -281.734 417.494
6090000 36.3835 1384.63 1341.91 -102.392 -43.9769 463.91
6120000 -327.905 1314.1 1176.59 -81.5107 -327.311 245.626
6150000 -597.694 1470.92 1568.82 -294.044 -484.261 120.392
6180000 -876.61 1367.15 1977.29 -233.071 -263.177 112.472
6210000 -1186.86 1742.97 1677.54 -128.136 -497.637 -82.3352
6240000 -1714.75 2497.28 2100.18 -47.8129 -108.768 215.904
6270000 -1869.17 1847.07 2315.86 -49.2714 -457.833 37.4957
6300000 -1982.51 2256.95 2274.93 -392.917 -394.609 271.709
6330000 -2067.92 2527.54 2128.72 -180.841 -391.166 33.8097
6360000 -2339.81 2452.75 2465.5 -443.759 -358.217 526.465
6390000 -2543.98 2750.38 2455.89 -72.7294 -335.95 13.4165
6420000 -3008.53 2872.67 2236.23 -366.086 -355.875 213.841
6450000 -3086.63 2574.66 2618.41 -273.239 -12.6458 330.628
6480000 -3302.16 2843.89 2967.45 -149.237 -540.03 372.874
6510000 -3273.23 2934.68 2800.56 -363.093 -278.96 155.873
6540000 -3133.72 2965.51 3068.25 -308.498 -211.093 223.019
6570000 -3503.35 3187.06 3247.07 -256.191 -588.945 57.2451
6600000 -3268.64 3137.04 3242.05 -198.238 -308.864 104.367
6630000 -3888.96 3381.17 2684.91 -7.60634 -186.461 54.8382
6660000 -3540.29 3110.73 3004.98 -189.164 -169.686 146.505
6690000 -3729.05 3102.16 3558.33 -103.378 -223.764 93.1114
6720000 -3757.52 3221.29 3541.32 -249.873 -291.611 -135.233
6750000 -3762.2 3045.08 3346.56 -37.09 -190.194 107.118
6780000 -3515.14 3000.02 3072.55 -254.599 -275.986 167.557
6810000 -3691.5 3259.38 2983.93 -173.802 -476.088 69.3586
6840000 -3621.73 3303.93 3146.84 -16.3547 -366.091 181.782
6870000 -3644.45 3211.3 3019.22 -223.407 -574.73 323.783
6900000 -3279.31 3452.64 2748.19 -575.837 -320.877 -28.1557
6930000 -3338.34 3034.94 2669.66 -79.7995 -274.748 171.863
6960000 -3356.1 2944.79 2818.82 -158.795 -632.107 87.3904
6990000 -2930.82 2571.45 2690.93 -183.366 -57.0754 19.8257
7020000 -2753.33 2809.82 2556.49 -215.661 -364.267 168.279
7050000 -2768.72 2640.47 2828.55 -111.558 -443.603 221.662
7080000 -2640.43 2471.55 2356.65 -167.128 -557.42 39.3741
7110000 -2584.75 2766.85 2915.36 -317.96 -458.223 -12.4782
7140000 -2808.61 2064.81 2702.34 39.0964 -309.461 74.928
7170000 -2231.16 2355.74 2226.65 -321.786 -18.8251 293.826
7200000 -2409.24 2205.41 1758.54 -204.199 -235.824 106.612
7230000 -1501.87 2201.59 2268.02 -205.608 -92.5642 429.418
7260000 -1706.71 1969.7 1815.28 -130.704 -306.746 419.457
7290000 -1298.08 1700.85 1309.22 -289.333 -175.796 331.064
7320000 -1045.33 1381.78 1857.55 -130.238 -217.461 352.869
7350000 -759.325 1573.86 1657.25 185.863 -231.272 184.429
7380000 -574.183 1323.35 1500.83 -80.9616 -267.984 363.386
7410000 336.89 1013.53 1206.55 -342.134 -339.992 38.1093
7440000 86.6026 1073.11 1277.19 25.7723 -387.405 147.487
7470000 611.149 1109.07 865.162 -112.998 -113.274 412.52
7500000 758.739 599.783 581.379 -66.3982 -127.862 113.032
7530000 1011.96 716.092 567.269 -133.658 -350.327 104.725
7560000 1292.46 536.617 587.969 -231.176 -220.208 333.544
7590000 1783.06 71.5339 227.563 -159.245 -550.608 126.238
7620000 2016.75 257.749 151.982 46.5522 -599.841 191.364
7650000 2252.4 430.851 36.7681 -262.058 -196.371 303.339
7680000 2278.22 -88.4769 -97.25 199.167 -312.931 63.0545
7710000 2887.44 -124.486 -155.454 -378.433 -322.022 256.212
7740000 3582.77 -252.644 -234.436 -252.689 3.23469 557.302
7770000 3730.51 -543.569 -388.66 -193.818 -283.925 220.19
7800000 3679.66 -961.13 -764.31 -418.807 -91.1976 212.731
7830000 3903.17 -443.399 -538.408 -116.426 -195.832 -41.6148
7860000 4089.7 -852.762 -814.063 -134.85 -64.8214 -43.4122
7890000 4439.02 -1321.98 -859.271 -128.639 -86.8922 261.784
7920000 4590.68 -946.881 -903.234 -248.908 -262.528 568.696
7950000 5115.21 -1037.99 -1316.6 -81.3236 -167.747 163.724
7980000 4983.04 -978.518 -1151.47 -117.929 -123.18 544.447
8010000 5294.09 -1146.14 -1478.59 -62.1745 201.662 293.628
8040000 5220.72 -1740.09 -1433.94 -192.767 -148.442 314.288
8070000 5292.14 -1523.06 -1329.13 -70.0467 -449.631 302.618
8100000 5658.87 -1559.08 -1660.33 60.0318 -364.674 171.753
8130000 5753.21 -1433.75 -1586 -191.033 -146.081 189.967
8160000 5404.25 -1502.23 -1300.54 -133.582 30.7563 219.158
8190000 5625.05 -1632.13 -1489.35 -394.095 -63.2614 266.129
8220000 5609.42 -1295.88 -1419.51 -84.3674 -84.4924 -30.1607
8250000 5715.3 -1279.98 -1135.32 -131.512 110.488 299.708
8280000 5794.23 -1491.92 -1723.41 -92.5675 -155.318 163.383
8310000 5428.13 -1470.04 -1625.54 -246.5 -64.4556 183.893
8340000 5653.34 -1510.19 -1512.49 -296.811 -384.036 330.757
8370000 5532.43 -1742.76 -1068.83 -98.1138 -311.665 42.1065
8400000 5385.42 -1134.19 -1710.03 -389.266 -362.871 -12.2227
8430000 5599.76 -1346.81 -1378.49 -147.618 -290.447 415.71
8460000 5316.9 -1230.94 -1136.37 -251.084 -635.44 192.892
8490000 5464.64 -1184.26 -1311.69 42.5009 -188.12 132.268
8520000 4802.43 -969.522 -1358.74 -28.5008 -196.776 25.179
8550000 5093.27 -1432.09 -1296.46 -113.834 -312.587 163.734
8580000 4625 -1034.08 -1279.7 -32.5715 -181.016 243.112
8610000 4339.01 -848.758 -779.071 -51.2425 -314.419 42.3003
8640000 3980.91 -1350.42 -1018.97 -73.6845 -225.589 265.436
8670000 4275.77 -676.631 -715.945 -245.87 -487.504 -139.85
8700000 3834.1 -510.999 -703.888 -178.853 -404.863 502.331
8730000 3117.17 -576.876 -683.719 -46.7827 -122.755 157.936
8760000 3281.68 -228.098 -567.821 -167.01 -262.871 237.584
8790000 3065.28 -111.402 -221.363 -65.6779 -177.309 333.626
8820000 2600.28 -146.615 -233.681 -286.653 -236 44.1664
8850000 2404.7 198.23 135.361 148.961 -476.465 137.087
8880000 1697.82 272.896 624.579 139.632 -317.848 268.444
8910000 1912.02 432.057 136.39 -218.899 -118.945 130.33
8940000 1653.33 623.564 301.528 -190.211 -287.578 266.689
8970000 1260.31 565.993 550.484 -290.487 -209.913 340.084
9000000 711.136 965.576 654.467 -344.392 -461.685 244.263
9030000 600.576 668.395 924.039 -100.574 20.5266 252.3
9060000 172.78 1201.84 849.963 -13.5124 -604.646 82.5903
9090000 -376.879 1273.72 987.864 -129.048 -350.763 112.201
9120000 -636.026 1167.77 1517.75 -244.651 -355.604 485.982
9150000 -901.363 1288.11 1665.43 48.6606 -437.5 269.382
9180000 -1344.31 1714.42 1759.28 28.6553 -354.657 211.312
9210000 -1485.49 1600.73 1901.91 182.453 -320.249 45.1208
9240000 -1532.66 2001.18 1691.51 -282.03 -125.579 21.1057
9270000 -1921.55 2008.69 2340.56 -429.719 -463.046 225.043
9300000 -1994.37 2072.11 2404.47 -113.221 -440.347 20.7903
9330000 -1861.1 2282.38 2161.12 -276.198 -453.128 262.376
9360000 -2725.37 2514.26 2428.77 -75.3944 -490.213 -127.123
9390000 -2554.74 2428.39 2572.69 -285.21 -276.124 551.533
9420000 -2415.52 2592.34 2506.66 -355.048 -244.845 222.018
9450000 -3127.2 2727.55 2889.41 -384.62 -307.42 132.49
9480000 -2908.46 3097.95 2403.13 -72.0333 -255.101 357.218
9510000 -3102.31 2805.52 2801.14 -218.712 -314.572 258.433
9540000 -3463.04 2808.28 2881.56 -403.923 -534.587 256.72
9570000 -3210.06 3087.32 3208.62 -171.854 -355.901 181.822
9600000 -3285.24 2808.47 2681.45 -331.757 -339.763 157.927
9630000 -3258.2 3191.96 3398.52 -171.125 -253.464 147.473
9660000 -3687.89 2737.67 2914.38 23.7558 -320.648 263.452
9690000 -3629.43 3252.76 3001.69 -381.674 -369.924 439.924
9720000 -3641 2875.35 3210.69 -20.8866 -161.296 273.516
9750000 -3923.98 3265.39 3362.39 11.1236 -352.222 316.413
9780000 -3641.24 3531.06 2978.7 136.529 -181.486 415.813
9810000 -4075.12 3118.09 3027.76 -435.621 -332.51 158.82
9840000 -3459.85 2883.96 3052.28 -70.5476 -478.064 256.182
9870000 -3704.54 2987.63 3071.11 -162.696 -275.015 260.355
9900000 -3626.11 2929.53 3162.52 -300.743 -307.926 246.573
9930000 -3043.25 3127.28 2439.39 -194.618 -395.607 213.919
9960000 -3365.16 2502.25 2943.78 -69.8458 -473.806 560.461
9990000 -3311.4 2953.84 2956.15 -130.348 -198.465 256.226
10020000 -3107.56 2807.1 2909.03 -132.114 -309.174 321.557
10050000 -2957.74 2785.9 2777.81 -234.673 -518.571 87.4813
10080000 -2874.25 2587.74 2623.95 -107.258 -148.119 218.223
10110000 -2818.49 2153.71 2519.68 73.727 -599.594 108.346
10140000 -1886.83 2402.82 2718.55 -97.2262 -342.434 299.322
10170000 -2396.43 2245.11 2133.85 6.66419 -416.258 425.326
10200000 -1888.71 2385.78 2474.32 -379.217 -389.102 375.607
10230000 -1424.87 2080.19 2028.13 -211.801 -259.205 32.039
10260000 -1465.94 2073.62 2134.4 -174.103 -559.074 26.1902
10290000 -1322.32 1731.09 2045.68 -385.888 -319.799 46.1955
10320000 -977.426 1592.45 1571.12 97.0314 37.5047 267.89
10350000 -462.499 1740.56 1569.18 -172.496 -172.974 74.464
10380000 81.2423 1627.27 1110.21 -161.135 -459.404 424.948
10410000 -279.661 1403.89 1483.41 -316.701 -444.997 130.405
10440000 261.706 1263.9 1235.66 15.0318 -489.057 52.8329
10470000 544.475 866.658 500.492 -146.1 256.531 76.8344
10500000 796.4 728.125 727.201 -365.691 -380.589 -104.222
10530000 1190.86 811.474 103.646 -242.099 -225.305 247.292
10560000 1546.6 391.215 459.509 -129.012 -436.007 -197.397
10590000 1777.92 719.9 159.325 -107.502 -249.908 86.6545
10620000 2293.88 188.6 319.044 -250.565 -191.441 228.702
10650000 2259.71 -84.6953 191.476 -253.171 -377.679 52.8273
10680000 2352.99 -202.764 -279.595 -106.783 -209.986 105.776
10710000 2637.73 -414.945 -102.061 -250.158 -375.891 155.518
10740000 3268.78 -296.567 -215.632 -262.973 -193.66 285.898
10770000 3332.69 -416.006 -397.24 -24.9815 -238.41 409.409
10800000 3576.98 -637.282 -623.694 81.0607 -288.468 151.282
10830000 4303.48 -924.477 -1071.03 -228.063 -151.113 189.575
10860000 4517.27 -584.288 -1060.53 -197.039 -67.9578 73.3422
10890000 4191.34 -660.744 -843.3 106.231 -34.7295 269.776
10920000 4469.88 -1045.36 -1082.87 -60.0522 -343.223 104.161
10950000 5017.62 -806.379 -1334.68 -456.746 -179.212 14.1529
10980000 4976.43 -1196.04 -1051.39 201.553 -232.248 -34.7494
11010000 5399.66 -1225.56 -1212.55 -290.817 -258.32 -1.12937
11040000 5584.2 -1481.81 -1380.27 -344.529 -49.6229 59.8126
11070000 5541.9 -1432.3 -1506.2 -66.2803 -298.646 90.416
11100000 5510.94 -1939.08 -1337.11 -78.435 -381.428 200.163
11130000 5695.8 -1414.04 -1733.92 -243.633 -299.646 145.147
11160000 5593.2 -1351.73 -1808.3 -208.078 -418.18 8.57084
11190000 5576.02 -1681.84 -1787.8 -8.98048 -233.871 -64.786
11220000 5880.71 -2080.69 -1936.47 -130.023 -471.676 398.549
11250000 5808.45 -1725.36 -1481.25 -301.733 -152.937 297.508
11280000 5639.39 -995.869 -1915.07 -313.469 -363.822 273.763
11310000 5680.69 -1362.82 -1733.86 -87.7383 -317.309 297.001
11340000 5731.86 -1640.88 -1457.51 -23.0228 -542.806 -72.9369
11370000 5447.54 -1126.48 -1450.89 49.0267 -191.571 134.263
11400000 5471.43 -1411.89 -1484.86 -343.214 -529.629 221.147
11430000 5526.98 -1165.67 -1028.84 -301.483 -487.689 188.452
11460000 5283.47 -1279.36 -1420.57 85.6382 -394.652 157.067
11490000 5040.93 -1615.46 -1581.86 -322.888 -256.678 294.104
11520000 5447.64 -1082.97 -1114.99 -96.4131 -223.127 61.649
11550000 4650.36 -1432.26 -1137.82 -18.6032 -487.7 423.715
11580000 5050.95 -648.356 -1109.83 99.9756 -226.052 139.046
11610000 4533.51 -1167.24 -802.469 -139.64 -254.7 155.319
11640000 4032.94 -940.326 -881.837 -279.08 -390.324 110.75
11670000 4140.45 -764.349 -655.574 -22.3364 -342.271 324.758
11700000 3242.5 -373.918 -378.698 39.3199 -148.207 235.889
11730000 3543.85 -692.391 -352.432 -188.434 -492.19 375.318
11760000 3384.4 -217.937 -774.81 -417.42 -467.539 340.173
11790000 2857.45 128.118 -609.883 -146.309 -263.409 207.464
11820000 2744.33 159.897 -299.207 -20.1342 -583.925 250.134
11850000 1892.31 143.675 -70.8828 -355.141 81.0481 24.1945
11880000 1708.62 14.8172 -134.887 -419.149 -521.921 182.933
11910000 1665.66 667.241 340.133 -109.046 -545.067 76.289
11940000 1504.74 283.921 143.346 -108.655 -534.259 137.481
11970000 1375.43 1027.51 391.608 -198.759 -85.1091 529.389
12000000 907.47 730.234 640.412 -256.838 -162.191 96.3027
12030000 441.361 642.702 1053.73 -437.247 -655.916 -62.2399
12060000 278.607 1108.35 880.108 31.4923 -374.137 -21.6602
12090000 -80.7067 1488.99 1246.78 -83.786 -263.838 332.936
12120000 -757.572 1448.3 1248.22 -331.306 -222.159 514.621
12150000 -1033.83 1411.27 1597.93 -106.295 -475.058 376.933
12180000 -1124.78 1493.93 1937.16 -145.774 -301.441 360.038
12210000 -1101.14 1732.04 2097.94 -119.921 -427.405 216.646
12240000 -1811.32 2113.1 1942.98 -44.0698 72.4765 383.847
12270000 -1551.21 2038.1 2187.3 -235.437 -90.1454 155.363
12300000 -2022.27 2462.37 2204.41 -139.27 -413.015 204.146
12330000 -2406.22 2314.95 2380.99 -110.974 -206.364 384.391
12360000 -2500.46 2525.9 2360.25 -195.444 -127.648 -51.7062
12390000 -2644.12 2684.12 2583.85 37.6374 -382.764 98.0764
12420000 -2745.37 2559.97 2253.42 -198.7 -492.044 108.065
12450000 -2990.06 3002 2622.17 -99.6235 -597.881 452.319
12480000 -2969.13 3167.18 2642.09 -128.192 -223.961 309.801
12510000 -3482.7 3175.33 2809.1 -198.423 -491.486 73.9376
12540000 -3711.13 2939.46 3057.21 -407.333 -253.845 110.472
12570000 -3559.92 3232.8 3162.89 -108.441 -333.886 102.034
12600000 -3877.87 3385.38 2865.56 -260.068 -127.719 246.054
12630000 -3585.38 2886.02 3096.99 -263.738 -244.512 249.275
12660000 -3446.36 3399.23 3405.06 -74.0227 -270.223 143.87
12690000 -3700.04 3064.97 3473.26 -311.469 -324.144 306.26
12720000 -3724.94 3183.11 3123.18 -433.071 -506.572 308.183
12750000 -3874.42 3020.37 3630.26 -277.593 -229.886 180.862
12780000 -3596.12 3089.35 3125.88 -14.5956 -526.65 233.515
12810000 -3238.75 2942.14 2990.25 -18.3798 -209.151 161.168
12840000 -3778.2 3082.92 3221.17 -264.431 -451.04 330.06
12870000 -3733.93 3068.41 3062.72 -184.714 -225.961 415.37
12900000 -3488.34 2679.65 2997.84 -10.086 -32.8095 210.581
12930000 -3591.43 3048.91 3105.63 -353.663 -422.742 24.3687
12960000 -3565.26 3322.08 3001.92 -246.982 -162.538 220.92
12990000 -3457.62 3128.27 2950.28 -134.398 -288.941 268.889
13020000 -2900.27 2433.81 2580.15 -203.362 -355.755 203.923
13050000 -2881.48 2933.71 2814.51 -202.351 -232.758 114.766
13080000 -2638.49 2767.34 2874.83 -262.291 -256.751 28.6741
13110000 -2735.33 2452.66 2543.55 -131.278 -60.6707 109.316
13140000 -2105.66 2292 2424.23 -304.256 -134.53 220.014
13170000 -2385.49 2412.18 1967.69 -416.148 -132.41 195.279
13200000 -1817.26 2700.36 2061.47 -253.871 19.0168 394.85
13230000 -1551.91 2485.76 2402.86 -497.504 49.6794 181.159
13260000 -1143.5 2226.12 1419.31 -432.582 -281.46 170.406
13290000 -1345.39 1876.15 1820.17 -46.3888 -273.259 192.359
13320000 -1098.39 1823.27 1696.46 -290.898 -401.84 1.64076
13350000 -508.363 1468.12 1644.65 -74.3732 -146.564 231.223
13380000 -78.2005 1018.37 1032.1 13.6125 -613.299 23.9675
13410000 -362.528 1469.55 1299.1 -236.971 -168.889 137.551
13440000 345.171 1178.6 421.595 -200.072 -305.186 255.082
13470000 213.272 755.077 1177.86 -270.038 -387.399 259.901
13500000 869.648 584.869 719.947 -296.43 -377.005 97.7594
13530000 1036.01 459.666 411.543 -352.704 -208.015 310.018
13560000 1392.44 506.397 871.334 -351.168 -300.507 414.11
13590000 1620.13 57.8575 433.811 -274.556 -247.725 160.924
13620000 2077.46 -33.3687 248.765 -186.452 -282.851 116.01
13650000 2396.66 -419.738 126.213 -28.6295 -421.984 -187.995
13680000 2372.07 81.8611 -91.2221 -474.761 -390.357 120.348
13710000 3088.31 -475.129 -340.988 -32.9454 -431.184 109.683
13740000 3451.38 -588.464 -147.445 -208.533 -240.495 487.107
13770000 3550.01 -707.615 -455.198 -383.202 14.8833 228.265
13800000 3593.27 -496.854 -761.251 30.9185 -503.965 185.352
13830000 3788.27 -572.755 -845.574 -240.998 -283.162 150.847
13860000 4252.52 -1066.11 -974.927 -142.203 -384.289 370.289
13890000 4773.8 -1403.24 -1147.48 -190.7 -390.905 162.578
13920000 4735.44 -1416.04 -882.308 -349.946 -246.18 146.176
13950000 5114.56 -1479.93 -735.049 -121.57 -232.846 203.78
13980000 4992.97 -1242.03 -1365.31 -154.357 -273.874 6.69216
14010000 5217.79 -1436.97 -1190.84 19.6438 -493.439 122.539
14040000 5683.57 -1426.27 -1139.57 -32.0465 -172.238 238.032
14070000 5508.01 -1772.66 -1182.65 -196.071 -232.704 213.629
14100000 5563.88 -1657.84 -1549.57 -236.827 -15.9092 148.139
14130000 5843.31 -1420.23 -1693.5 -299.505 -304.413 221.777
14160000 6008.34 -1745.8 -1801.39 248.286 -339.005 -61.4799
14190000 6019.66 -1694.02 -1485.83 -465.694 -231.332 274.577
14220000 5780.26 -1456.22 -1592.23 -161.907 -482.875 104.177
14250000 5785.26 -1768.12 -1225.39 285.918 -304.863 239.479
14280000 5840.59 -1657.93 -1691.23 -21.9267 -250.748 83.9632
14310000 5795.18 -1552.7 -1390.14 -219.114 -302.604 354.706
14340000 5933.19 -1516.17 -1519.48 -63.0992 -399.939 482.199
14370000 5593.28 -1573.84 -1435.73 -45.4758 -399.727 5.54617
14400000 5533.44 -1494.62 -1320.25 -214.095 -410.337 -51.9769
14430000 5562.5 -1739.07 -1466.45 8.61335 -170.059 262.755
14460000 5343.15 -1218.89 -1209.61 -47.824 -360.512 134.749
14490000 5318.74 -1497.73 -1092.35 -313.869 -551.99 385.934
14520000 5419.81 -1450 -1164.23 -223.065 -337.549 417.127
14550000 4572.62 -1184.08 -1105.74 88.7639 -421.789 157.772
14580000 4489.35 -1081.65 -850.187 -109.593 -535.505 546.977
14610000 4339.28 -1271.58 -641.821 -160.341 -134.64 135.088
14640000 4174.04 -785.675 -723.463 -277.559 -417.124 250.723
14670000 3915.44 -796.984 -705.943 -194.318 -455.545 -163.274
14700000 3534.98 -574.36 -877.045 -208.131 -255.727 375.474
14730000 3283.84 -858.575 -54.0355 -322.063 -216.674 285.414
14760000 3451.03 -369.532 -538.194 -144.644 -223.168 -171.725
14790000 3005.65 -140.486 -201.408 -95.3325 -319.503 182.375
14820000 2768.56 -334.25 -106.107 -290.313 -316.72 219.657
14850000 2505.67 -18.2429 -123.673 74.6443 -459.41 258.355
14880000 1700.71 251.402 70.386 -53.3496 -404.613 198.713
14910000 1429.74 69.4344 531.896 2.60474 -450.011 163.847
14940000 1542.73 -76.8241 833.067 -252.623 -478.619 363.17
14970000 1571.01 791.236 545.14 66.0674 -374.732 -135.176
15000000 1158.88 832.745 888.36 -205.035 -420.799 -56.8602
15030000 420.863 1075.43 993.02 -63.0071 -467.076 315.034
15060000 527.386 917.431 973.971 -68.2664 -530.691 354.088
15090000 -25.6652 1310.6 1046.9 -356.644 -33.3994 77.1814
15120000 -218.728 1376.76 1330.76 -288.289 -94.2885 227.023
15150000 -523.015 1757.17 1276.75 -346.721 -205.413 85.012
15180000 -753.619 1650.11 1697.44 34.6481 -91.1978 491.669
15210000 -1408.36 1716.27 1791.54 -456.033 -443.458 -111.04
15240000 -1686.28 2050.38 2259.48 -110.122 -260.62 264.909
15270000 -2020.52 1956.53 2063.72 -71.4031 -605.473 151.631
15300000 -1769.95 2200.01 2096.93 -340.999 -357.578 45.5764
15330000 -2104.27 2641.78 2367.2 -34.0528 -280.723 -45.9668
15360000 -2538.49 2290.5 2219.02 -224.212 -225.484 205.811
15390000 -2786.62 2375.15 2809.49 -141.421 -367.907 201.03
15420000 -2785.1 2518.73 2426.73 -258.401 -237.901 194.447
15450000 -2966.42 2771.62 2739.66 -136.28 -75.3805 -5.35199
15480000 -3010.32 3000.92 2693.25 -338.229 -388.744 219.369
15510000 -3146.1 2835.67 2607.44 -90.5743 -1.74158 255.816
15540000 -3421.41 2792.72 3189.07 -99.0296 -153.353 206.542
15570000 -3443.11 3010.11 2810.04 -221.73 -361.991 85.9308
15600000 -3453.16 3156.91 3043.61 -68.1544 -173.686 80.2785
15630000 -3740.53 3185.16 3633.2 19.316 -285.689 376.323
15660000 -3876.12 3267.54 3271.81 -289.495 -399.443 127.354
15690000 -3598.72 3224.27 2966.79 -457.237 -105.034 67.7954
15720000 -3574.36 2988.24 3058.61 -141.935 -515.991 187.23
15750000 -3824.83 2749.21 3322.03 -235.16 -216.973 300.456
15780000 -3574.93 3321.18 3083.07 -276.076 -532.72 142.324
15810000 -3807.85 3295.5 3273.7 -321.763 -298.749 369.79
15840000 -3811.21 3046.23 3050.93 -349.576 -427.434 375.288
15870000 -3965.71 3440.12 3084.34 -461.228 -390.999 312.801
15900000 -3393.61 3015.61 2918.61 -353.52 -203.376 110.163
15930000 -3360.9 2968.66 2803.17 147.148 -257.585 175.671
15960000 -3592.09 2662.16 3120.48 -238.567 -338.085 191.661
15990000 -3343.91 3100.07 3127.1 -214.322 -140.214 247.497
16020000 -2994.28 2629.8 2773.59 -290.641 -396.942 48.5749
16050000 -2578.12 2687.41 2859.58 -244.563 -102.738 -91.2169
16080000 -2688.6 2643.72 2705.19 -483.355 -247.237 57.72
16110000 -2827.85 2363.57 2730.14 -254.042 -386.596 92.1778
16140000 -2657.37 2473.29 2473.64 -395.124 -239.5 67.7221
16170000 -2115.5 2337.07 2226.24 -115.673 -232.775 -45.8325
16200000 -1779.92 2636.39 2125.67 -430.493 -461.663 59.6355
16230000 -1489.76 1849.15 2094.59 -223.998 -297.439 256.172
16260000 -1632.75 2247.93 1590.8 -177.738 -34.2104 181.865
16290000 -839.314 1672.5 1674.16 -92.7402 -309.992 183.16
16320000 -870.557 1419.61 1738.33 -98.3423 22.6067 200.633
16350000 -402.997 1589.56 1665.79 -154.974 -423.785 382.244
16380000 -296.861 1181.18 1225.61 -80.2926 -476.066 69.0172
16410000 364.052 1122.54 1571.9 -343.852 102.359 175.391
16440000 332.468 1181.16 797.365 -277.802 -230.233 591.762
16470000 637.865 1063.24 763.054 -366.688 -297.228 423.164
16500000 862.848 887.342 718.568 -144.217 -352.69 289.225
16530000 1273.92 560.204 831.81 -179.037 -234.789 168.404
16560000 1492.44 293.181 447.809 -124.585 -245.381 202.345
16590000 1755.78 34.7339 337.357 -182.973 -153.772 175.724
16620000 2078.62 401.553 231.766 -180.629 -427.308 143.269
16650000 2360.08 26.386 -238.813 -278.395 -317.534 115.407
16680000 2793.62 -395.632 -57.3852 -221.307 -239.449 208.709
16710000 3143.8 -134.57 -96.9337 -178.718 -439.133 310.992
16740000 3338.2 -451.916 -242.068 -253.437 -420.939 70.7887
16770000 3554.5 -499.584 -417.95 -371.233 -462.361 420.679
16800000 3901.98 -681.381 -589.927 -277.021 -120.651 530.104
16830000 4146.96 -832.899 -890.936 -326.67 -340.649 306.513
16860000 4065.35 -1230.37 -859.238 -47.2723 -218.982 107.028
16890000 4545.88 -1233.23 -564.609 -178.426 -117.39 506.926
16920000 4426.31 -869.353 -1045.93 -318.466 -512.227 571.953
16950000 4968.71 -1302.92 -1062.67 -11.6412 -373.704 379.928
16980000 5093.31 -924.734 -1544.73 -48.174 -397.49 74.4761
17010000 5125.95 -1771.56 -1378.38 -284.305 -295.397 -8.34738
17040000 5199.9 -1456.37 -1046.76 -199.702 -607.035 144.035
17070000 5444.22 -1194.16 -1237.07 115.062 -189.931 343.626
17100000 5506.33 -1149.05 -1241.78 -203.819 76.274 137.207
17130000 6037.02 -1803.47 -1562 -331.382 -250.362 456.885
17160000 5970.4 -1732.33 -1583.57 -584.648 -130.342 430.192
17190000 5488.46 -1257.35 -1356.43 -106.101 -322.36 339.328
17220000 5848.05 -1581.77 -1535.16 -297.337 -322.869 408.738
17250000 6020.04 -1257.2 -1417.89 -343.86 -440.044 315.986
17280000 5761.52 -1895.32 -1351.07 -140.066 -473.275 204.825
17310000 6035.54 -1626.86 -1761.38 -80.1668 -331.699 57.6526
17340000 6071.81 -1848.06 -1501.45 -367.698 -387.243 126.127
17370000 5777.43 -1072.52 -1805.75 -3.56052 -331.083 221.414
17400000 5456.51 -1295.97 -1564.96 87.8093 -370.221 346.236
17430000 5625.35 -1751.48 -1057.87 -165.211 -300.947 263.498
17460000 5213.09 -1201.79 -1705.33 -45.7749 -272.958 283.763
17490000 5253.12 -1326.61 -1209.07 -359.932 -488.917 -92.7022
17520000 5088.95 -1361.88 -1092.25 -51.6107 -404.281 286.675
17550000 4827.94 -1139.35 -1005.82 -193.957 -445.254 148.303
17580000 4792.09 -1094.59 -1290.91 -103.804 -41.2051 158.084
17610000 4701.18 -636.081 -1003.16 -224.486 -161.346 297.912
17640000 3890.34 -1024.66 -959.005 -114.682 -401.386 178.637
17670000 3965.35 -958.717 -471.566 -67.3633 -576.971 485.575
17700000 3755.95 -547.938 -739.07 -124.31 -444.104 129.634
17730000 3636.35 -136.106 -667.509 -106.691 -257.458 -181.898
17760000 3016.89 -454.946 -208.885 39.7663 -502.12 142.811
17790000 2855.12 -21.764 -516.413 1.30523 -399.12 355.213
17820000 2618.46 152.087 -382.021 -29.446 -470.665 188.229
17850000 2367.54 -279.128 165.838 -246.377 -377.594 39.5994
17880000 2085.69 475.918 155.723 -130.896 -178.817 286.458
17910000 1801.16 143.874 87.3998 -97.7392 -312.735 68.9094
17940000 1260.3 720.952 300.529 -177.285 -357.085 277.697
17970000 845.648 512.044 606.415 -73.157 -564.382 201.133
18000000 868.887 856.755 832.253 -60.547 -489.822 98.7062
18030000 301.325 917.175 784.466 -218.38 -496.25 -32.4643
18060000 -143.693 808.656 1093.44 -248.82 -568.977 -47.6875
18090000 -167.157 1124.1 1219.71 -277.264 -346.528 320.836
18120000 -404.103 1562.73 1370.07 26.8509 -277.372 -41.5373
18150000 -357.627 1591.72 1222.42 -255.262 -434.403 60.0198
18180000 -837.063 1738.94 1898.28 -48.6943 -262.489 235.128
18210000 -1268.03 1668.05 1772.81 -167.749 -70.9044 81.7148
18240000 -1284.15 1990.75 1804.55 -24.4135 -310.466 209.755
18270000 -1829.36 2156.34 2003.2 100.944 -367.602 286.919
18300000 -2122.01 2485.89 2018.22 -343.967 -522.275 -114.655
18330000 -2155.85 2425.27 1991.8 -212.71 -336.18 355.055
18360000 -2109.93 2547.24 2311.3 -125.336 -563.218 87.9843
18390000 -2688.59 2838.91 2832.28 146.512 -608.484 -57.7102
18420000 -2888.79 2387.95 2760.78 68.0445 -324.168 295.19
18450000 -2799.16 3104.55 2633.01 -12.3794 -192.881 147.288
18480000 -2881.33 2545.05 2706.02 -283.397 -550.99 191.126
18510000 -3310.06 2899.74 2689.73 -269.116 -243.689 232.813
18540000 -3455.85 2734.31 2987.46 -20.5526 -563.799 301.094
18570000 -3660.47 2849.3 2799.41 -113.212 -275.242 309.041
18600000 -3447.79 2986.64 3039.53 -293.093 -462.394 -29.5534
18630000 -3543.55 3027.53 2901.29 -178.308 -409.007 88.9832
18660000 -3700.78 3428.7 3059.65 -364.27 -326.016 429.974
18690000 -4116.01 3079.82 3160.83 -104.922 -480.873 171.96
18720000 -3914.22 3100.65 3414.34 -215.311 48.5133 106.071
18750000 -3728.92 2813.71 3016.01 2.93715 -254.503 366.312
18780000 -3590.19 3450.62 3261.77 -246.991 -511.167 -284.802
18810000 -3851.24 3159.12 3284.6 -167.33 -430.472 135.437
18840000 -3954.83 3243.1 3607.45 -297.213 -273.379 317.017
18870000 -4170.77 3042.32 3416.67 -125.518 -449.01 276.332
18900000 -3449.05 3364.28 2661.01 -58.445 -183.896 257.608
18930000 -3712.32 3012.18 2851.03 -175.7 -597.592 161.241
18960000 -3389.48 3005.92 2773.6 -412.745 -422.368 257.526
18990000 -3382.25 2932.41 2932.33 -119.808 -312.633 297.392
19020000 -3125.09 2893.6 2786.49 -237.874 -402.897 235.193
19050000 -2407.93 2440.56 2778.01 38.3688 -314.699 -86.1902
19080000 -2854.46 2820.35 2727.04 -368.727 -446.305 57.6543
19110000 -2703.39 2404.98 2459.08 -140.108 -240.307 407.869
19140000 -2039.9 2550.26 2165.52 -209.188 -178.209 245.322
19170000 -2259.13 2658.13 2428.85 -151.616 -263.331 203.365
19200000 -1934.08 2214.49 2163.7 -229.126 -393.218 59.7406
19230000 -1693.3 2003.7 2345.4 -702.931 -285.269 91.871
19260000 -1710.63 2030.58 1833.97 -388.987 -249.433 351.657
19290000 -1313.15 2111.11 1817.83 -103.166 -346.175 -20.0031
19320000 -930.845 1172.38 1711.74 65.945 -447.881 248.459
19350000 -550.023 1582.37 1494.96 -172.957 -367.192 121.904
19380000 -302.955 1336.43 1146.41 -162.362 -264.904 448.334
19410000 -482.389 1429.8 1221.13 10.4047 -227.349 421.11
19440000 162.568 783.822 1384.12 -55.351 -185.61 289.816
19470000 377.382 705.396 983.919 -77.2394 -544.706 126.883
19500000 760.761 843.107 931.31 -134.148 -519.262 178.613
19530000 1242.71 522.44 171.027 79.9178 -330.453 189.054
19560000 1904.78 523.346 863.902 -209.923 -144.179 192.586
19590000 1864.53 513.141 602.92 -289.568 -337.661 376.056
19620000 2008.42 19.0541 170.41 -0.90758 -48.8427 50.6657
19650000 2499.79 36.6788 -292.787 -112.405 -509.326 269.227
19680000 2567.95 -399.805 297.478 -106.944 -251.065 87.5011
19710000 2846.08 -345.595 -360.754 -34.0053 -276.893 262.6
19740000 3306.52 -480.013 -669.099 -101.221 -450.77 227.165
19770000 3329.52 -465.491 -432.695 -147.744 -252.627 278.992
19800000 3622.61 -357.509 -538.541 195.871 -97.89 208.416
19830000 4067 -899.627 -1110.87 46.8637 -515.777 127.77
19860000 4507.92 -673.041 -1103.23 -191.843 -427.384 94.9351
19890000 4905.28 -782.972 -961.822 10.5112 -105.464 360.155
19920000 4375.72 -1247.91 -917.083 -437.509 -279.256 600.361
19950000 5028.15 -1215.13 -974.868 -64.0458 -612.693 454.088
19980000 5075.29 -969.199 -1042.05 200.575 -315.69 167.444
20010000 5102.57 -1401.09 -1201.35 -132.461 -306.953 280.62
20040000 5539.69 -1349.72 -1495.38 -50.1271 -206.988 237.524
20070000 5589.64 -1403.29 -1486.18 -245.47 -221.428 45.1555
20100000 5426.74 -1435.78 -1402.12 67.4542 -94.0629 248.489
20130000 5993.6 -1337.21 -1638.42 -16.1333 -95.5546 60.556
20160000 5629.29 -1575.49 -1657.42 43.9841 -562.284 394.641
20190000 5829.24 -1772.41 -1496.05 169.232 -669.004 130.589
20220000 5882.03 -865.545 -1455.74 -231.269 -205.227 313.942
20250000 5954.57 -1666.75 -1671.93 -202.067 -409.478 159.773
20280000 5954.79 -1605.88 -1679.48 -330.126 -367.062 176.393
20310000 5709.07 -1390.12 -1712.54 91.6151 -242.511 23.4039
20340000 5921.54 -1737.99 -1762.74 100.127 -294.543 76.1004
20370000 5769.81 -1641.06 -1599.67 -32.7069 -341.614 150.366
20400000 5608.47 -1353.07 -1386.58 -194.447 -325.309 319.386
20430000 5536.74 -1125.78 -1425.46 76.5174 -248.093 280.142
20460000 5037.7 -1045.45 -1242.55 -63.0361 -430.176 190.171
20490000 4960.05 -1277.77 -1417.17 -96.4284 -255.246 311.692
20520000 5120.94 -1231.35 -1031.65 -213.058 -266.221 -0.204677
20550000 5065.41 -1098.87 -945.9 80.3391 -502.688 288.935
20580000 4735.17 -1081.72 -743.259 -248.39 -444.35 495.584
20610000 3896.79 -858.789 -1443.34 21.6657 -112.258 321.013
20640000 4165.29 -869.616 -742.463 -47.5442 -569.68 435.831
20670000 4218.06 -1127.02 -826.861 -101.969 -136.552 206.327
20700000 3865.76 -547.224 -608.637 177.359 -281.503 131.24
20730000 3498.84 -302.164 -579.873 -82.038 -458.056 226.674
20760000 3154.09 14.4059 -280.666 -330.221 -428.474 79.692
20790000 3053.6 -462.6 -87.5331 -183.196 -272.073 275.972
20820000 2929.58 23.2595 -128.158 -311.122 -326.319 246.683
20850000 2182.06 282.668 84.9317 -78.3472 -349.992 86.6245
20880000 1763.13 142.839 209.318 -26.6966 -17.7369 172.277
20910000 1624.28 82.9788 940.332 -196.275 -253.023 239.907
20940000 1338.8 759.739 249.628 30.2853 -329.257 278.257
20970000 1479.97 574.425 43.9904 -198.812 -18.7164 153.973
21000000 639.806 755.074 793.431 -113.088 -481.247 521.999
21030000 258.796 1393.32 1220.06 -186.194 -602.583 49.2599
21060000 355.532 837.138 930.744 -170.602 -405.408 162.951
21090000 -298.395 1359.13 1043.08 -62.5953 -158.953 142.733
21120000 -347.142 1274.28 1630.19 -278.912 -149.489 195.767
21150000 -654.374 1596.2 1612.08 -412.999 -234.571 294.202
21180000 -1099.18 1590.72 1842.65 -260.925 -278.849 -12.8819
21210000 -1234.32 1788.76 1757.61 -43.3294 -386.145 150.578
21240000 -1190.82 2120.87 2373.22 -36.9583 -576.025 -8.59136
21270000 -1564.23 1917.12 1935.2 -262.735 -247.35 325.703
21300000 -2441.21 2375.05 2041.47 -367.845 -237.86 -47.0034
21330000 -2352.79 2508.16 1881.81 -71.1468 -481.239 -4.65831
21360000 -2470.91 2152.42 2641.21 -78.9898 8.29406 0.0126234
21390000 -2975.91 2682.71 2672.66 -166.312 -474.362 204.25
21420000 -2852.71 2607.86 2625.83 -115.481 -504.318 118.544
21450000 -2934.62 2871.95 2764.27 -93.6101 -242.413 59.7899
21480000 -2711.54 2421.32 2793.97 -217.298 -335.746 523.804
21510000 -2837.97 3135.36 2444.87 -255.332 -576.948 360.93
21540000 -3454.07 3053.63 3020.12 -422.246 -578.859 296.994
21570000 -3206.34 2894.63 2931.84 -75.9797 -244.37 75.3046
21600000 -3635.9 3146.66 3244 -117.245 -419.037 169.174
21630000 -3662.56 3239.37 2865.09 -137.761 -512.228 390.34
21660000 -3953.47 3348.72 3047.13 -46.7145 -556.114 169.398
21690000 -3676.12 2992.62 3092.64 -100.841 -167.537 329.49
21720000 -3608.97 3134.07 2984.18 -300.885 -171.682 219.023
21750000 -3530.39 3081.48 3003.1 14.5474 -439.83 311.38
21780000 -3701.46 3411.52 3001.47 -98.6885 -468.978 301.478
21810000 -3806.83 3293.55 3147.81 -208.256 -178.509 217.811
21840000 -3571.56 3018.35 2784.3 -22.8693 -456.474 310.638
21870000 -3890.7 2826.6 2980.12 -14.9537 -557.844 184.415
21900000 -3734.54 3312.31 2959.29 -409.578 -217.113 291.392
21930000 -3302.86 2848.73 2788.15 -232.572 -345.983 219.867
21960000 -3499.09 3053.07 2894.31 -256.029 -205.646 380.462
21990000 -2945.02 3200.78 2564.86 30.8331 -345.379 330.346
22020000 -3121.88 2823.87 2608.89 -344.88 -186.486 327.556
22050000 -2911.88 2911.8 2540.49 -201.591 -295.693 70.0405
22080000 -2824.43 2539.63 2678.16 -182.297 -540.316 148.039
22110000 -2690.59 2526.56 2535.12 -100.942 -325.345 236.734
22140000 -2206.39 2064.34 2382.66 -322.536 -412.256 383.007
22170000 -2295.38 2245.81 2234.56 -199.077 -320.558 10.6637
22200000 -1849.48 2705.29 1937.54 -137.068 -355.57 316.267
22230000 -1798.37 2417.07 2110.83 -184.263 -221.06 306.774
22260000 -1575.96 2067.98 1998.06 -233.593 -344.213 252.643
22290000 -1043.8 1549.04 1715.43 -243.541 -340.601 260.162
22320000 -683.81 1473.3 1750.92 -10.6088 -119.717 355.332
22350000 -490.333 1205.26 1222.42 -268.638 -377.606 103.802
22380000 -267.664 1462.51 1428.67 -184.66 -221.664 318.321
22410000 444.632 1030.71 1284.82 125.142 -304.077 -20.6026
22440000 64.5998 867.645 1124.56 -62.7073 -336.661 202.369
22470000 811.571 559.544 1098.11 -16.7564 -195.861 108.477
22500000 519.01 728.006 582.986 16.1204 -74.9088 227.247
22530000 1134.03 246.7 225.859 -266.165 -169.603 521.747
22560000 1503.97 700.673 203.815 -94.5637 -90.3478 338.484
22590000 1907.45 493.589 -64.3444 25.029 -407.005 267.847
22620000 2183.39 90.6615 -211.321 -136.638 -37.3206 378.266
22650000 2476.39 -127.552 421.303 -161.618 -203.155 220.937
22680000 2325.31 502.428 -217.92 -82.6843 -91.471 176.734
22710000 2986.56 -216.987 -540.398 -183.167 -196.543 495.739
22740000 2988.86 -745.439 -326.18 -347.479 -401.883 50.0709
22770000 3636.76 -359.42 -186.197 -188.97 -203.668 313.691
22800000 3709.66 -817.337 -445.035 -31.1071 -619.495 217.293
22830000 4082.92 -624.582 -736.505 15.6906 -130.927 246.314
22860000 4311.5 -652.536 -675.546 -67.6576 -47.84 117.04
22890000 4569.84 -942.119 -1047.52 -2.17863 -178.788 267.326
22920000 4633.89 -1326.38 -1238.89 -20.6516 -85.156 325.391
22950000 4923.53 -1022.49 -1341.53 -198.628 -14.753 204.34
22980000 5216.46 -926.487 -1185.88 -138.658 -81.9331 288.234
23010000 5046.33 -1058.91 -1297.9 -19.893 -612.566 166.375
23040000 5461.93 -1061.43 -1450.8 29.9717 -523.568 327.743
23070000 5333.6 -1643.76 -1411.18 104.934 -631.294 23.1813
23100000 5845.24 -1849.9 -1257.59 -130.994 -318.469 128.4
23130000 6109.68 -1582.66 -1963.37 16.618 -158.762 23.1013
23160000 5630.4 -1614.09 -1503.1 -238.101 -144.652 215.691
23190000 6130.8 -1373.44 -1539.84 -223.493 -192.244 -136.463
23220000 5913.62 -1349.22 -1355.69 -26.8485 -432.574 215.271
23250000 6017.19 -1546.93 -1524.71 -35.2048 -196.983 343.677
23280000 6013.31 -1609.68 -1677.9 -28.5844 -114.309 117.489
23310000 5671.13 -1107.42 -1394.06 242.299 -379.297 60.6323
23340000 5807.27 -1619.38 -1711.58 9.92704 -277.176 348.103
23370000 5337.7 -1765.94 -1536.93 112.191 -249.429 229.896
23400000 5959.18 -1357.41 -1588.15 -186.625 -408.051 -87.3083
23430000 5209.29 -1380.71 -1681.68 -363.207 -262.729 43.9715
23460000 5261.32 -1434.98 -1149.15 -364.872 -291.962 70.7512
23490000 5013.18 -1009.44 -1470.79 -167.572 -456.959 110.601
23520000 4980.76 -1181.4 -912.597 263.583 -91.986 238.907
23550000 4855.04 -799.103 -932.067 -262.301 -213.75 62.1198
23580000 4672.52 -1253.08 -990.738 -144.912 -97.8195 234.921
23610000 4838.68 -1017.4 -1029.41 -73.8338 -52.5812 271.004
23640000 3918.7 -1287.45 -741.415 115.057 -187.99 225.407
23670000 3510.69 -607.91 -797.199 -302.615 -115.77 241.494
23700000 3860.63 -734.319 -474.078 -230.419 -363.279 274.38
23730000 3734.38 -275.64 -722.887 -173.197 -222.405 185.127
23760000 3195.97 -530.103 -321.693 12.9977 -233.921 473.133
23790000 2820.78 -192.858 -228.661 -219.198 -182.629 150.753
23820000 2724.29 41.6179 -515.697 -347.613 -211.336 157.736
23850000 2295.92 437.434 -52.879 120.538 -226.284 354.425
23880000 2154.9 -106.349 25.5628 -411.359 -352.834 308.554
23910000 1848.44 189.695 372.006 -113.788 -359.214 99.5257
23940000 1444.53 627.522 279.192 31.9437 -288.82 233.31
23970000 1143.98 777.668 171.268 -234.007 -330.781 262.076
24000000 843.953 590.688 763.641 -162.838 -271.125 -199.109
24030000 523.924 946.519 998.126 -262.826 -226.363 279.685
24060000 427.113 682.548 1297.33 -1.17746 -283.449 333.098
24090000 26.5497 1030.41 1102.3 -201.374 -428.616 313.363
24120000 -519.72 1481.19 969.622 -246.321 -350.349 633.323
24150000 -656.378 1367.7 1703.43 -290.045 -227.664 172.528
24180000 -790.052 1677.72 1495.87 -51.0601 -535.664 134.212
24210000 -882.463 1716.67 1957.6 -363.353 -181.308 407.372
24240000 -1743.32 2005.49 2008.58 48.1268 -443.387 504.839
24270000 -1768.35 2098.6 1896.49 -164.638 -130.571 338.51
24300000 -1980.44 2100.84 2261.68 -323.644 -248.397 222.746
24330000 -2175.75 2569.16 1848.09 -157.211 -365.651 182.157
24360000 -2336.03 2756.72 2330.63 -27.2144 -279.362 276.082
24390000 -2803.74 2477.17 2174.25 -185.612 -362.551 298.363
24420000 -2941.85 2966.68 2490.16 -266.331 -303.85 175.964
24450000 -2954.7 2491.3 2805.14 108.827 -337.981 233.13
24480000 -2934.37 2818.94 2732.49 -274.188 -328.954 -20.4951
24510000 -3407.78 2880.54 2832.6 -271.496 201.077 83.2555
24540000 -3390.35 2771.99 3344.8 -27.4956 -41.1048 81.6161
24570000 -3578.56 3030.58 2777.5 -140.957 -562.357 294.191
24600000 -3715.21 3032.78 3084.58 -99.6697 -498.223 336.216
24630000 -3205.27 3286.92 3102.98 38.8119 -190.536 337.902
24660000 -3714.69 3627.19 3344.85 36.3774 -206.495 464.532
24690000 -3845.97 3602.2 2973.39 -270.383 -193.462 206.148
24720000 -3848.5 3593.21 3034.81 211.203 -124.751 131.226
24750000 -3898.89 3203.72 3087.62 54.9427 -355.731 336.519
24780000 -4064.83 3361.88 3153.75 -16.5368 -204.982 407.043
24810000 -3768.39 3028.42 3147.32 -104.769 -315.509 240.615
24840000 -3463.08 2805.99 3564.38 -100.233 -386.03 273.503
24870000 -3374.94 3173.92 2751.54 -276.74 -369.146 26.6017
24900000 -3720.68 3161.74 2988.87 -162.304 -460.939 210.082
24930000 -3292.32 3359.49 2829.17 -117.849 -208.997 36.6814
24960000 -3023.32 2824.14 2639.5 -160.364 -367.702 178.337
24990000 -3117.03 2891.66 3158.37 -220.173 -127.345 339.792
25020000 -3110.98 2886.07 2721.37 -74.1982 -271.386 74.8086
25050000 -3294.86 2715.32 2752.11 -189.593 -361.508 276.413
25080000 -2725.21 2690.5 2435.31 -32.4629 -148.21 204.341
25110000 -2872.17 2783.21 2503.11 -147.58 -372.819 40.5632
25140000 -2676.49 2391.3 2374.17 -335.22 -658.691 208.811
25170000 -2347.3 2573.7 2200.99 -392.018 -513.989 215.798
25200000 -2229.71 2178.46 2059.86 -280.073 -172.664 133.139
25230000 -1563.49 1836.88 1851.89 -184.007 -192.317 192.128
25260000 -1565.02 1925.53 1763.4 -132.91 -317.11 178.57
25290000 -1148.46 2148.74 1529.46 -140.962 -350.711 -44.7634
25320000 -953.414 1453.99 1692.64 -243.785 -152.064 258.241
25350000 -885.711 1719.95 1425.72 5.44401 -289.192 21.1022
25380000 -535.885 1696.32 969.26 -147.594 -397.596 -58.9742
25410000 26.1171 1259.36 1232.16 -370.485 -193.143 131.724
25440000 -132.116 1283.97 1034.79 -705.79 -47.521 203.928
25470000 412.794 976.492 319.605 -245.583 -413.091 473.866
25500000 920.455 543.825 432.543 -31.1078 -314.273 166.337
25530000 758.616 833.898 861.082 0.889271 -397.845 225.315
25560000 1403.02 506.476 118.043 -291.708 -244.494 475.852
25590000 2147.96 8.76675 228.607 -377.245 -384.654 67.1685
25620000 1817.56 -199.672 51.3716 -265.183 -455.706 127.509
25650000 2398.83 61.3368 -93.5059 -156.617 -319.357 500.029
25680000 2926.84 -243.277 -162.314 -199.264 -186.812 354.4
25710000 2630.11 -188.997 -559.726 -339.143 -0.689502 191.748
25740000 3275.13 -269.014 -511.547 -107.021 -405.805 611.418
25770000 3177.33 -427.469 -658.124 -57.7243 -540.015 216.635
25800000 3767.14 -366.248 -232.13 -223.397 -286.718 298.641
25830000 3767.02 -663.795 -930.155 -289.277 -165.109 386.018
25860000 4430.74 -1174.43 -576.479 -288.85 -177.254 145.14
25890000 4186.84 -675.618 -983.536 -117.261 -249.737 318.318
25920000 4443.99 -800.958 -1397.31 -262.571 -245.382 107.446
25950000 4863.57 -694.623 -1122.56 -98.8031 -355.728 344.884
25980000 4954.57 -1236.71 -1392.45 -253.682 -169.828 378.045
26010000 5320.56 -1237.48 -962.78 77.6999 -334.019 143.497
26040000 5141.23 -1110.07 -995.935 -360.041 -154.79 293.786
26070000 5586.81 -1464.39 -1414.84 -326.446 -513.222 242.038
26100000 5501.16 -1078.29 -1666.24 4.17963 -245.663 198.002
26130000 5530.6 -1416.91 -1584.99 -76.8307 -116.753 113.798
26160000 5474.47 -1543.69 -1926.76 -177.835 -250.141 271.613
26190000 5434.28 -1518.17 -1523.03 -34.2753 -55.8673 326.204
26220000 5823.21 -1790.32 -1689.04 -69.1852 -250.19 178.774
26250000 6077.36 -1400.01 -1846.41 -298.386 -457.168 334.68
26280000 5742.08 -1440.66 -1690.54 -183.873 -638.878 457.954
26310000 5849.36 -1770.52 -1166.5 -148.729 -287.549 -68.2166
26340000 5523.19 -1351.92 -1290.01 -64.4297 -0.199998 258.982
26370000 5382.12 -1412.73 -1771.77 -52.5152 -486.695 263.291
26400000 5196.12 -1167.07 -1450.75 -38.9409 -303.13 122.917
26430000 5378.75 -1400.33 -1634.21 133.559 -585.885 158.373
26460000 5248.29 -1396.91 -1728.66 -306.688 -191.274 211.398
26490000 5292.74 -1147.98 -1021.29 68.2219 32.064 235.562
26520000 5082.86 -1239.51 -1359.47 -255.962 -93.5213 383.086
26550000 4625.35 -1309.92 -1081.74 -215.434 -227.073 398.98
26580000 4561.58 -1103.73 -1097.76 132.941 -488.986 475.305
26610000 4428.82 -844.89 -1183.51 -105.969 135.099 466.232
26640000 4180.21 -886.386 -800.739 -153.779 -320.205 237.409
26670000 3794.16 -966.006 -924.449 -199.951 -257.638 131.986
26700000 3408.15 -316.817 -925.649 -84.2884 -252.608 247.555
26730000 3434.26 -362.004 -608.412 287.656 -365.934 -40.1643
26760000 2915.59 -51.0464 -211.454 -26.5739 -297.647 125.769
26790000 2515.12 -411.541 -94.6485 -71.6152 -227.855 80.4605
26820000 2608.71 -33.9043 -51.9342 -40.0735 -8.37708 174.692
26850000 2538.65 102.31 -58.7307 -109.262 -575.264 204.819
26880000 1817.68 -6.81474 197.283 -107.929 -144.856 93.3563
26910000 1683.69 60.3391 302.44 -203.23 -364.447 142.746
26940000 1520.39 64.7032 263.344 45.3483 -276.546 135.556
26970000 1239.82 554.881 270.474 -23.6642 -498.865 303.548
27000000 654.043 836.747 853.302 -185.709 -377.462 138.141
27030000 566.587 1003.92 1226.91 55.5241 -243.482 195.061
27060000 115.596 1127.06 1261.33 95.7319 -289.565 253.333
27090000 194.597 1120.62 1143.96 -254.369 -210.098 407.403
27120000 -916.014 1678.16 1704.59 -328.927 -340.361 146.605
27150000 -755.899 1266.17 1703.51 -329.869 -273.265 166.507
27180000 -1151.89 1681.04 1443.87 -231.394 -409.908 330.136
27210000 -1442.45 2101.62 1761.58 -273.775 -222.988 188.685
27240000 -1381 2172.15 1992.93 -378.237 -492.285 379.027
27270000 -1623.19 2169.43 2125.2 -414.401 -293.155 -80.0621
27300000 -1764.84 2300.34 1809.57 -200.596 -59.8582 384.798
27330000 -2460.04 2129.59 2428.27 -41.3021 -457.72 225.918
27360000 -2244.95 2541.7 2279.49 157.1 -233.667 -55.217
27390000 -2646.56 2539.41 2293.28 17.236 -427.353 225.492
27420000 -3169.31 2699 2658.22 -175.336 -467.778 -29.2531
27450000 -2825.72 2741.05 2586.86 -263.548 -531.375 375.11
27480000 -2823.83 2355.34 3002.89 -104.284 -350.409 76.1435
27510000 -3441.01 3080.44 3219.32 63.8885 -711.334 22.0984
27540000 -3765.97 2838.25 3069.38 -266.968 -650.916 604.492
27570000 -3353.27 3162.7 2959.4 -244.317 -250.127 130.633
27600000 -3662.5 3229.94 2912.06 -227.946 -255.473 37.8059
27630000 -3739.6 3088.14 3332.88 -75.4643 -460.146 347.871
27660000 -3474.31 3351.86 3334.18 -135.599 -273.57 383.702
27690000 -4131.4 3207.98 3217.39 -116.636 -502.46 254.088
27720000 -4008.29 3207.89 3094.91 -140.018 -264.128 74.6717
27750000 -3906.35 3372.31 2958.54 -345.742 -143.525 373.577
27780000 -3768.92 3154.79 3185.19 -168.943 -407.865 289.938
27810000 -3804.99 3252.2 3302.51 -7.09094 -186.164 65.7154
27840000 -3460.29 2988.32 2884.28 -183.13 -300.851 370.585
27870000 -3577.83 3232.1 2871.75 -308.271 -279.362 463.873
27900000 -3592.59 3332.77 2901.04 -139.213 -338.106 266.978
27930000 -3496.51 2700.61 2774.26 -348.864 -394.245 107.512
27960000 -3592.42 2663.72 3098.14 246.626 -343.541 357.853
27990000 -3316.02 2863.33 3131.62 64.6979 -369.983 297.584
28020000 -3039.62 2640.3 2816.7 -177.532 -40.7229 415.222
28050000 -3083.12 2894.45 2674.13 -77.1511 -388.529 324.652
28080000 -3156.91 2780.43 2271.16 88.3086 -487.855 405.594
28110000 -2441.01 2615.65 2334.01 -139.675 -172.768 473.812
28140000 -2692.58 2726.33 2240.44 -302.745 -439.38 231.711
28170000 -2628.97 2208.05 2258.87 -239.944 -366.928 148.368
28200000 -1775.85 2267.27 2171.29 -149 -334.241 301.27
28230000 -1291.22 1940.72 2061.78 -312.369 -236.702 177.206
28260000 -1769.7 1875.59 2171.4 -59.522 -305.183 338.64
28290000 -1296.15 1770.53 1766.16 -260.119 -283.187 87.089
28320000 -427.769 1603.06 1252.84 -212.398 64.0101 343.989
28350000 -745.578 1485.13 1511.22 177.263 -307.186 142.925
28380000 -336.467 1362.61 1345.83 -215.455 -376.325 31.8031
28410000 49.3813 1132.48 922.846 33.1253 -292.537 258.459
28440000 483.455 1165.64 965.324 47.1725 -505.955 154.668
28470000 569.383 839.824 927.375 -136.32 -570.555 231.174
28500000 1263.47 632.051 581.169 -35.6738 -231.259 321.352
28530000 914.183 308.521 733.176 -257.822 -282.907 153.276
28560000 1417.55 190.728 488.543 -109.831 63.3859 347.498
28590000 1766.48 338.553 366.996 -243.984 -223.849 249.788
28620000 2360.25 141.382 61.2428 22.7845 -372.357 146.262
28650000 2145.08 113.846 118.259 -114.229 -374.747 151.015
28680000 2922.98 -28.0393 -269.635 22.6852 -512.097 190.672
28710000 3017.6 -108.919 -522.919 -87.8387 -164.215 346.578
28740000 3139.6 -134.828 -512.478 20.8677 -432.312 335.422
28770000 3537.8 -593.353 -385.509 -196.662 -156.076 307.101
28800000 3936.72 -1111.31 -390.5 -268.664 -485.337 46.4417
28830000 3688.18 -1033.61 -471.502 -197.899 -211.379 175.521
28860000 4176.16 -1152.3 -871.007 -45.9221 -4.81674 515.35
28890000 4051.64 -919.153 -938 -26.4517 -237.204 256.473
28920000 4389.43 -1387.66 -970.01 -93.1871 -418.11 19.9477
28950000 5049.85 -1384.12 -1309.09 -166.086 -348.181 233.517
28980000 4780.2 -1395.49 -832.474 -229.838 -309.408 320.746
29010000 5113.95 -1280.69 -1597.86 -143.908 -314.202 22.7457
29040000 5376.17 -1177.07 -1464.11 -202.192 -375.583 165.402
29070000 5681.66 -1439.67 -1518.48 -95.9164 -80.1109 100.18
29100000 5553.32 -1371.09 -1676.68 -210.056 22.4042 209.274
29130000 5709.21 -1520.03 -1552.66 -33.1181 -316.152 144.77
29160000 5823.83 -1459.86 -1394.82 -111.449 -363.187 53.0503
29190000 5952.45 -1822.53 -1618.31 -63.4284 -524.509 285.875
29220000 5875.58 -1388.05 -1763.42 -241.897 -133.447 520.267
29250000 5819.45 -1754.13 -1517.42 319.295 -600.104 -118.965
29280000 5162.67 -1652.16 -1386.8 -149.259 -340.561 -50.7147
29310000 5741.27 -1854.64 -1529.81 -179.239 -255.416 88.1302
29340000 5915.16 -1509.45 -1670.66 -79.7269 -484.104 -28.6988
29370000 5424.57 -1672.36 -1552.71 -59.0766 19.9692 217.177
29400000 5626.13 -1317.11 -1369.1 -23.2479 -287.186 156.672
29430000 5211.37 -1227.53 -1524.23 -323.587 -430.669 323.145
29460000 5549.77 -1203.84 -1572.84 5.30685 -346.687 76.3945
29490000 5399.85 -1276.57 -1191.61 -310.228 -312.988 26.1373
29520000 5055.79 -1346.98 -1304.14 -195.923 -247.842 428.259
29550000 4611.71 -1405.33 -1089.38 -85.1792 -319.723 245.287
29580000 4435.35 -932.788 -924.32 -246.857 -98.8673 35.1577
29610000 4072.16 -1036.9 -1203.11 -403.244 -219.113 66.2953
29640000 4057.06 -368.41 -1259.2 -276.681 -258.722 25.6417
29670000 4040.72 -478.671 -782.921 -221.177 -245.527 147.678
29700000 3716.05 -700.209 -761.545 -211.371 -248.784 -77.3539
29730000 3753.93 -772.169 -483.416 -111.954 -190.048 -5.86791
29760000 3140.51 -556.397 -302.485 90.3285 -329.835 79.7373
29790000 2738.19 -92.0076 -356.923 -202 -322.391 153.809
29820000 2702.18 -234.843 -179.563 3.44898 -373.145 74.4589
29850000 2101.55 -226.179 -89.5969 -173.329 -434.967 243.586
29880000 2101.79 -204.539 73.514 66.1768 -325.818 132.862
29910000 1512.04 202.319 241.322 -578.561 -270.394 323.063
29940000 1303.04 354.282 474.555 -148.492 -32.6589 26.3329
29970000 994.355 721.671 463.735 -435.693 -0.0320682 49.0053
30000000 558.444 860.423 1082.2 -80.2896 -286.755 6.81886
