# Time-averaged data for fix ps1
# TimeStep c_thermo_press[1] c_thermo_press[2] c_thermo_press[3] c_thermo_press[4] c_thermo_press[5] c_thermo_press[6]
0 1250.08 509.163 331.992 139.127 -188.391 -244.843
30000 666.238 1149.46 1103.76 222.902 -336.457 -180.607
60000 1064.65 1039.44 1082.52 -119.475 -530.919 74.0331
90000 690.732 1265.7 947.32 -37.2167 -324.866 212.24
120000 226.405 1483.35 1388.08 138.739 -453.46 73.4209
150000 -183.502 1453.35 1304.23 188.377 -391.878 -33.0942
180000 -227.604 1635.82 1993.63 -239.013 -269.533 -158.466
210000 -713.784 1622.86 1717.5 265.678 -479.537 21.4421
240000 -729.676 1944.57 1990.25 75.5638 -447.786 -116.097
270000 -1195.4 2279.45 2086.78 -158.217 -253.917 335.811
300000 -1200.2 2385 1985.98 92.9688 -318.588 113.879
330000 -1628.91 2546.88 1951.96 30.4115 -134.53 101.63
360000 -1836.69 2495.89 1814.51 209.926 -142.522 -262.63
390000 -1823.88 2024.47 2440.52 -114.981 -139.528 19.4437
420000 -2137.32 2717.16 2381.95 210.901 -294.804 264.522
450000 -2215.56 2721.18 2853.68 160.891 -146.831 -71.7667
480000 -2157.14 2381.7 2630.26 69.0884 -423.805 -24.0327
510000 -2756.65 2941.74 2489.92 -68.8532 -334.351 88.905
540000 -2165.09 3008.62 2350.25 -157.904 -438.498 -94.8879
570000 -2737.57 3254.72 2859.81 -99.8498 -175.06 80.4891
600000 -2903.14 3122.32 2672.68 173.789 -435.175 26.37
630000 -2447.03 3089.91 2548.46 60.8704 -292.214 57.6294
660000 -2369.92 2244.18 2740.89 142.027 -425.135 1.05636
690000 -3042.66 3119.69 2789.82 17.1163 -674.098 206.042
720000 -2683.09 3140.75 2708.52 196.509 -295.775 178.959
750000 -2940.96 3357.13 2812.54 -118.76 -509.288 75.4877
780000 -3295.15 2947.55 3086.59 60.3175 -528.931 -230.421
810000 -3037.85 3129.21 3146.67 -198.74 -396.88 19.5643
840000 -2899.61 3126.99 2664.1 -151.063 -315.944 335.651
870000 -2464.01 2486.4 3088.48 285.695 -375.525 135.336
900000 -2584.49 2483.24 2666.45 135.213 -354.243 303.195
930000 -2059.91 2662.9 2453.99 277.55 -691.145 249.243
960000 -2373.27 2467.53 3335.77 -148.312 -662.285 230.054
990000 -2248.29 2699.69 2986.78 22.9481 -361.175 160.516
1020000 -1676.67 2656.45 3086.24 -280.517 -809.25 -118.27
1050000 -2005.35 2616.85 2277.61 125.628 -212.267 87.2267
1080000 -1770.14 2169.6 2892.08 -32.0394 -383.325 17.5304
1110000 -1858.09 2123.83 2441.24 66.3846 -148.999 107.451
1140000 -1245.94 2238.11 2359.34 183.891 -513.676 276.258
1170000 -1153.03 1793.61 2327.51 147.756 -403.117 173.954
1200000 -864.486 1785.34 1825.84 -97.0085 -158.702 114.759
1230000 -434.563 1666.88 2010.41 -141.824 -497.135 281.797
1260000 -525.214 2164.37 1525.41 48.8779 -386.831 -152.376
1290000 -305.584 1920.3 1516.53 -92.0366 -395.111 -13.9063
1320000 109.504 1662.48 1746 -71.0065 -365.447 167.084
1350000 198.06 1441.62 972.906 138.54 -205.488 283.36
1380000 -232.581 1942.77 1458.32 19.4926 -284.378 270.359
1410000 734.802 1418.42 812.102 -252.337 -390.835 269.833
1440000 1225.61 1131.73 819.075 -101.402 -301.694 -218.891
1470000 1150.93 572.704 639.431 -328.654 -342.383 248.678
1500000 1309.41 707.849 915.188 -84.8097 -373.762 -155.866
1530000 1447.95 599.301 385.762 139.039 -592.287 -11.8981
1560000 1906.33 368.982 583.872 188.818 -283.314 98.0727
1590000 1868.9 481.648 169.504 261.669 -357.169 63.1973
1620000 2668.7 403.247 -40.4993 -37.0429 -560.657 175.139
1650000 2684.74 3.08488 -110.249 99.1986 -218.934 2.04386
1680000 2660.85 -189.526 -51.6933 243.243 -385.289 49.7555
1710000 3069.19 -214.446 203.364 -112.081 -581.6 -152.677
1740000 3426.74 -250.175 -485.497 -51.9424 -168.787 20.3934
1770000 3846.13 -660.968 -556.947 189.896 -23.167 -85.6868
1800000 3440.29 -289.825 -819.682 247.153 -409.026 -323.301
1830000 4197.32 -756.92 -614.255 113.767 -186.54 142.03
1860000 3938.66 -883.056 -399.288 -5.25062 -664.425 61.1652
1890000 4591.51 -523.008 -1166.22 237.375 -718.939 151.314
1920000 4769.69 -799.75 -1254.13 78.3559 -225.768 -7.80211
1950000 4745.33 -682.528 -1524.46 154.347 -445.541 -61.8775
1980000 5083.71 -684.976 -1274.99 118.011 -329.107 -1.10648
2010000 5169.71 -699.577 -1164.31 243.441 -222.228 76.7248
2040000 5041.63 -800.548 -1338.96 120.775 -318.407 -32.8993
2070000 5014.89 -775.295 -1565.15 258.348 -299.356 -124.239
2100000 5596.83 -1267.16 -1495.16 127.705 -461.923 -98.1845
2130000 5372.89 -1170.85 -1174.51 578.715 127.878 84.1025
2160000 5656.97 -1345.53 -1075.85 2.54051 -596.844 58.6516
2190000 5407.73 -1106.53 -1444.12 352.081 -373.171 -67.7468
2220000 5753.16 -1032.55 -1532.49 -46.6014 -220.261 -118.265
2250000 5554.17 -816.313 -1607.9 520.422 -78.0196 35.2589
2280000 5980.95 -1123.42 -1078.43 -105.006 -325.089 6.3291
2310000 5868.64 -1170.68 -1513.49 300.836 -576.488 119.67
2340000 5504.6 -1227.46 -1268.92 636.695 -237.753 327.031
2370000 5457.66 -1137.45 -1138.3 313.818 -472.264 -26.3419
2400000 5268.89 -752.407 -1576.43 80.486 -251.377 60.3409
2430000 5037.5 -678.656 -1349.18 41.1043 -347.94 -28.8959
2460000 4575.29 -732.538 -1170.95 171.948 -351.081 199.6
2490000 4790.4 -686.181 -1375.97 260.674 -710.836 -147.214
2520000 5071.1 -396.457 -1117.09 238.299 -279.912 -117.491
2550000 4624.62 -638.258 -869.981 171.801 -497.793 179.107
2580000 4260.6 -441.803 -732.556 330.354 -115.959 280.309
2610000 3916.08 -444.358 -393.181 321.411 -234.055 85.7901
2640000 4180.03 -86.1545 -882.706 333.237 -236.142 170.454
2670000 3790.61 68.7594 -776.874 -59.6447 -400.705 419.48
2700000 3759.94 -74.6478 -824.188 97.8438 -387.867 -52.4377
2730000 3681.84 -325.618 58.4045 361.6 -455.215 -69.4476
2760000 2990.17 -143.837 -197.56 617.596 -493.15 79.2292
2790000 2487.93 186.937 114.472 -39.1678 -154.774 -165.874
2820000 2299.72 10.712 425.869 12.1201 -250.113 -93.6159
2850000 2374.72 58.4813 207.138 69.6376 -187.295 256.757
2880000 2181.23 336.47 47.5146 245.188 -81.8867 128.552
2910000 1431.87 630.372 425.251 509.997 -291.586 -155.849
2940000 1737.29 469.353 622.461 69.7485 -522.052 0.0616911
2970000 1348.17 987.682 1108.37 232.055 -287.258 -365.489
3000000 1389.35 979.818 617.152 -291.567 -422.598 451.58
3030000 476.347 1340.53 1210.83 131.592 -200.073 0.269224
3060000 395.578 1139.6 1308.2 -152.394 -260.669 446.314
3090000 431.935 1307.05 625.786 0.67074 -117.644 128.136
3120000 -289.708 1535.53 1052.08 378.179 -370.497 26.9512
3150000 -353.499 1462.34 1463.91 140.261 -415.612 312.056
3180000 -467.884 2151.02 1400.38 96.4482 -579.302 -122.467
3210000 -539.289 1806.13 1459.29 -176.8 -505.294 -95.7016
3240000 -559.957 1925.72 1665.81 126.68 -393.565 255.106
3270000 -1426.25 2268.03 1713.84 330.131 -79.0263 -149.459
3300000 -1330.05 1950.3 1673.76 66.8861 -415.119 165.515
3330000 -1816.58 2328.51 1998.82 -241.554 -367.568 -0.544885
3360000 -1773.02 2299.91 2142.37 -134.863 -238.575 -12.389
3390000 -2233.58 2601.93 2255.94 247.451 -303.983 -38.0167
3420000 -1882.12 2704 2210.31 185.053 -251.869 -124.848
3450000 -2281.45 2719.3 2517.83 380.93 -484.614 -50.5935
3480000 -2545.57 2991.79 2379.48 283.097 -605.906 -65.7226
3510000 -2529.3 3152.18 2426.66 425.841 -423.637 -74.2981
3540000 -2813.84 2808.48 2758.45 -16.8813 -664.808 288.35
3570000 -2969.56 3036.13 2769.72 176.287 -533.606 -21.2891
3600000 -2808.67 2825.93 2614.44 149.992 -486.723 39.5137
3630000 -3114.56 2903.61 2537.34 161.442 -450.446 -143.556
3660000 -3115.93 3119.84 2831.13 -75.4677 -402.596 39.0087
3690000 -2893.22 2719.17 2766.69 -653.193 -267.815 312.247
3720000 -2540.82 3176.72 3083.9 92.6525 -361.38 -221.978
3750000 -3113.07 2885.14 2976.88 -31.9651 -473.859 -153.533
3780000 -2529.24 3308.95 2705.89 8.73176 -335.495 11.6111
3810000 -2874.76 2877.05 2553.74 124.358 -444.313 27.6357
3840000 -3015.38 2777.77 3185.74 52.6434 -301.684 -27.1192
3870000 -2504.06 2985.33 2770.24 155.817 -201.407 115.368
3900000 -2263.83 2705.41 2908.9 196.815 -635.853 -130.319
3930000 -2420.83 2767.4 2799.41 -205.81 -577.003 9.42035
3960000 -1818.27 2730.17 2258.81 207.503 -601.351 38.0125
3990000 -2029.98 2842.41 2551.28 197.968 -399.731 -190.337
4020000 -2236.43 2717.75 2548.07 259.421 -491.448 -101.909
4050000 -1884.69 3005.01 2517.29 183.219 -687.408 -24.1641
4080000 -2164.06 2474.49 2371.11 -11.4029 -422.339 249.594
4110000 -1600.55 2838.91 2059.89 199.494 -752.769 36.9776
4140000 -1258.48 2594.96 1666.63 171.773 -550.293 -244.772
4170000 -1166.92 2061.71 2235.31 239.024 -403.529 -107.367
4200000 -1064.98 2028.71 2076.8 191.178 -614.359 -164.674
4230000 -1027.39 2064 1535.27 140.05 -763.261 -238.445
4260000 -323.187 1940.96 1941.62 114.927 -546.606 -183.205
4290000 -248.367 1814.03 1375.95 -245.459 -539.468 3.12731
4320000 -67.3982 1387.7 1421.12 9.43983 -396.321 -162.147
4350000 242.108 1430.92 1366.33 394.565 -183.506 48.1712
4380000 350.473 1498.76 693.284 -167.926 -374.617 48.3196
4410000 669.722 1016.9 1435.7 16.7307 -472.591 106.812
4440000 1311.54 1154.49 672.273 392.115 -884.205 -264.736
4470000 1425.37 943.183 597.366 11.922 -263.578 -51.834
4500000 1215.49 951.699 528.01 508.038 -636.653 130.147
4530000 1593.01 329.455 593.392 -211.084 -411.928 -435.622
4560000 2224.19 839.516 311.621 342.396 -221.797 417.245
4590000 2361.02 267.986 86.4051 494.354 -819.953 72.3581
4620000 2501.04 303.716 10.4801 246.699 -438.875 -286.096
4650000 2863.02 421.682 -329.043 -82.2687 -478.285 84.099
4680000 3194.07 -390.262 -261.659 148.579 -618.363 156.517
4710000 3334.07 -35.5651 51.9363 245.017 -290.726 45.1818
4740000 3296.37 -125.784 156.604 105.511 -375.818 427.694
4770000 3530.17 -220.13 -944.399 269.042 -616.828 -24.7589
4800000 3825.31 27.2843 -705.924 174.18 -502.772 272.017
4830000 3965.95 -197.522 -845.768 -344.684 -741.547 56.4442
4860000 4202.34 -394.394 -607.088 184.232 -543.954 137.583
4890000 4187.14 -554.681 -939.256 153.404 -632.898 -69.8993
4920000 4730.2 -920.356 -611.385 405.548 -593.405 38.0272
4950000 4770.83 -808.659 -837.248 371.984 -468.487 55.5572
4980000 4710.9 -628.416 -1685.16 3.34655 -557.148 58.7182
5010000 5001.5 -280.506 -1358.92 -26.8587 -436.548 -232.686
5040000 4732.09 -778.859 -1115.09 433.286 -474.368 160.455
5070000 5488.01 -908.053 -1463.14 -2.99118 -361.441 174.859
5100000 5145.05 -811.454 -1115.79 228.387 -572.478 200.094
5130000 5405.29 -944.157 -1387.09 281.511 -721.192 109.62
5160000 5276.17 -657.962 -1308.36 410.013 -695.202 14.6212
5190000 5378.85 -1189.51 -1446.68 95.2852 -194.086 -226.389
5220000 5435.7 -1090.09 -1363.89 285.631 -547.643 145.21
5250000 5280.33 -1288.26 -1160.62 425.235 -167.135 145.875
5280000 5893.73 -1118.35 -1465.17 475.342 -550.971 -286.513
5310000 5057.36 -828.405 -1299.48 380.397 -295.318 66.4554
5340000 5161.59 -1196.73 -1254.34 324.008 -542.881 -106.815
5370000 5407.54 -824.158 -1223.7 -33.7195 -339.806 -346.164
5400000 5164.59 -1173.03 -1498.53 293.826 -406.527 9.01291
5430000 4795.51 -857.272 -1301.33 224.069 -530.012 -126.878
5460000 5051.03 -966.433 -875.303 171.601 -432.292 157.906
5490000 4926.7 -594.487 -550.352 141.906 -428.69 -155.349
5520000 4342.39 -494.284 -742.32 62.9634 -358.069 106.527
5550000 4792.22 -454.565 -1126.77 -2.21783 -411.846 -2.52129
5580000 4138.71 -760.831 -1085.33 180.956 -437.18 77.233
5610000 3925.01 -622.704 -915.346 194.516 -512.792 7.90626
5640000 4033.06 -437.791 -849.718 -69.5175 -433.909 -101.638
5670000 3389.38 -215.886 -689.112 271.271 -740.431 -1.94923
5700000 3335.71 -34.5075 -422.393 345.611 -318.804 -316.963
5730000 3239.13 -113.535 -103.988 337.03 -375.995 -477.525
5760000 3083.13 391.674 -800.566 -58.6022 -176.243 -115.314
5790000 2787.69 89.9421 -285.826 195.987 -885.105 -210.04
5820000 2364.06 681.422 190.275 68.3444 -627.347 110.989
5850000 1953.14 308.984 761.442 -50.2342 -494.87 -81.843
5880000 1673.45 748.418 170.446 -37.4454 -694.603 28.6462
5910000 1034.02 561.367 575.567 71.4359 -541.919 239.01
5940000 1431.37 972.75 304.586 89.1288 -94.2978 -289.29
5970000 1234.81 814.106 967.94 -165.752 -450.042 -234.765
6000000 585.088 1403.16 965.245 326.446 -385.236 53.5109
6030000 775.156 1301.12 1305.42 144.394 -495.781 -140.98
6060000 15.1928 1511.11 1233.76 272.825 -562.395 54.2799
6090000 -542.099 2028.93 1362.48 215.088 -336.969 86.1123
6120000 -115.176 1843.31 1576.24 -16.1909 -598.584 -201.503
6150000 -784.407 2121.64 1812.1 138.927 -314.167 224.234
6180000 -690.825 2008.42 1255.93 -69.6667 -653.173 -73.4245
6210000 -1102.75 2067.31 1848.34 269.749 -258.458 234.02
6240000 -972.215 1961.17 1768.4 101.095 -325.761 -53.6028
6270000 -1465.41 1977.71 2255.61 336.101 -176.645 -250.995
6300000 -1452.74 2299 2069.59 140.576 -580.627 -294.47
6330000 -1308.35 2116.92 2576.21 315.804 -342.734 92.2807
6360000 -2069.99 2819.49 2136.27 -117.654 -587.98 -200.876
6390000 -2247.08 2426.12 2681.17 -8.01086 -188.888 306.795
6420000 -2420.98 2659.14 2643.72 153.762 -221.442 -38.3113
6450000 -2191.57 2752.52 2633.15 43.8904 -440.103 -330.384
6480000 -2261.69 2851.5 2710.67 316.892 -616.932 213.16
6510000 -2649.31 3168.04 2863.97 454.747 -184.914 -140.836
6540000 -2576.58 2908.15 2625.99 117.473 -333.262 -175.045
6570000 -2594.22 3348.04 3058.13 136.92 -450.363 -259.198
6600000 -2359.22 2981.69 2771.12 22.1609 -683.428 -40.6522
6630000 -3167.78 3167.69 2959.88 199.802 -269.845 -178.133
6660000 -3302.16 3487.7 2945.15 -255.718 -561.591 121.387
6690000 -3274.88 3365.01 2684.25 -69.7028 -480.409 394.131
6720000 -3473.8 3115.64 3264.7 110.325 236.044 -29.4095
6750000 -2957.16 3147.71 2767.08 230.743 -519.072 183.811
6780000 -3217.93 3249.82 2634.98 -224.49 -295.005 341.124
6810000 -3074.53 3235.36 2934.5 202.818 -632.111 -179.45
6840000 -3011.4 3663.69 2775.29 187.902 -426.82 196.689
6870000 -3004.24 3115.08 3123.88 11.9675 -396.431 78.5321
6900000 -3002.51 2992.05 3004.75 247.87 -139.428 147.721
6930000 -2925.91 2952.58 2534.23 2.6997 -203.701 -264.175
6960000 -2915.75 3221.54 2703.87 -339.242 -327.977 337.802
6990000 -2556.72 3193.22 2428.63 -23.2248 -401.8 157.938
7020000 -2319.21 2882.38 3147.77 45.2191 -562.248 -126.427
7050000 -1988.96 2912.65 1908.27 -319.542 -376.079 -97.2219
7080000 -1646.75 3080 2006.03 -39.0219 -277.71 14.6479
7110000 -1865.82 3028.01 2031.68 -130.711 -320.623 -95.2238
7140000 -1889.96 2702.12 1889.69 -87.4779 -222.779 125.456
7170000 -1577.95 2397.3 1992.08 161.45 -305.428 85.1193
7200000 -1401.14 2209.32 1670.99 231.337 -472.296 243.772
7230000 -1205.36 1898.66 2011.84 127.093 -283.823 -84.801
7260000 -1367.22 2439.4 1756.44 -49.5459 -371.013 258.95
7290000 -899.092 2126.85 1184.77 113.61 -552.39 341.897
7320000 -481.273 1592.16 1715.46 281.309 -164.1 -185.458
7350000 80.9934 1675.48 1030.64 -151.451 -367.368 -247.909
7380000 561.585 1581.53 938.464 39.521 -465.735 -11.0164
7410000 -43.2852 1429.44 1292.73 317.47 -743.707 12.8376
7440000 402.675 1288.11 934.704 54.3966 -308.091 144.192
7470000 879.043 998.466 840.045 -199.23 -415.005 -143.438
7500000 1208.64 531.522 465.033 -2.19934 -704.748 17.9529
7530000 1205.73 956.499 766.849 23.4278 -453.665 -35.0048
7560000 1137.75 594.204 -73.51 -9.47187 -1020.2 47.2584
7590000 2306.8 638.066 113.594 -25.7786 -515.582 86.476
7620000 2416.18 -81.049 -6.93557 352.923 -266.245 134.067
7650000 2758.73 121.624 388.413 92.1304 -396.469 -137.713
7680000 2598.32 103.39 64.5922 89.0605 -564.715 40.1551
7710000 3179.55 -49.472 -569.227 362.263 -336.258 65.5963
7740000 3186.43 -373.987 67.9327 502.035 -495.934 31.439
7770000 3603.82 225.727 130.028 106.51 -568.565 42.4875
7800000 3704.4 -318.575 -657.603 71.4011 -514.065 -41.0833
7830000 4236.14 -389.077 -450.717 241.247 -315.7 194.452
7860000 4191.87 -561.587 -505.104 130.989 -488.084 -74.4101
7890000 4497.62 -834.002 -1080.76 672.319 -125.574 -287.038
7920000 4654.07 -940.298 -889.738 37.6544 -623.136 -59.7475
7950000 4284.23 -253.491 -891.499 -34.9547 -724.091 -10.8681
7980000 4910.37 -474.579 -1213.98 -26.1313 -170.14 233.556
8010000 4782.07 -587.448 -1032.04 49.27 -434.382 -29.2351
8040000 5548.2 -920.957 -1133.5 260.981 -223.128 -102.783
8070000 5518.1 -799.765 -972.939 -122.243 -349.424 125.14
8100000 5246.1 -899.711 -1197.58 297.389 -256.56 164.584
8130000 5114.16 -616.653 -879.44 258.723 -695.012 65.8213
8160000 5147.12 -763.006 -1100.45 -22.3193 -526.534 -88.3719
8190000 5276.84 -1226.24 -675.37 -105.21 -324.664 37.2875
8220000 5661.63 -1052.43 -746.996 -48.7655 -174.118 240.742
8250000 5438.97 -1112.46 -1214.39 -257.681 -175.675 63.1797
8280000 5721.85 -725.176 -1337.36 296.475 -102.713 -216.376
8310000 5441.31 -994.408 -1465.73 145.76 -327.005 143.534
8340000 5668.04 -637.619 -920.074 18.1434 -374.935 158.894
8370000 4991.6 -772.489 -1124.16 173.317 -323.724 170.198
8400000 5198.8 -986.725 -905.81 93.77 -602.77 82.6172
8430000 4748.93 -915.798 -706.979 325.708 -381.302 26.5274
8460000 4447.04 -683.188 -1308.23 372.051 -353.779 247.636
8490000 4528.37 -752.979 -851.83 446.89 -698.643 -70.1539
8520000 4153.43 -546.541 -964.744 337.998 -297.631 76.5918
8550000 4404.04 -497.202 -1208.93 218.541 -371.646 222.082
8580000 4150.88 -931.405 -781.314 383.711 -18.6624 204.947
8610000 3467.14 -399.719 -751.253 178.015 -53.4488 52.3006
8640000 3777.05 -564.035 -360.004 -77.3438 -311.817 -27.0354
8670000 3543.75 -337.395 -68.6057 -175.972 -78.7167 -294.538
8700000 3330.52 238.238 -485.798 7.48112 -553.449 -69.4115
8730000 3234.52 516.531 -227.736 69.3149 -432.99 -268.966
8760000 2979.84 149.767 -411.687 319.716 -258.638 -204.349
8790000 2793.8 225.366 62.2869 534.729 -467.967 265.674
8820000 2044.6 384.817 108.179 18.1246 -285.166 -272.828
8850000 2471 576.08 467.252 424.405 -435.884 272.807
8880000 2052.37 893.889 193.844 249.059 -285.478 72.3062
8910000 1613.2 584.984 619.042 181.729 -345.843 -24.3626
8940000 1567.19 880.148 763.098 -82.5322 -482.257 145.426
8970000 1593.68 1040.95 633.631 292.148 -391.844 103.465
9000000 883.691 1078.02 1514.24 8.39032 -571.127 122.023
9030000 460.207 1337.75 1243 32.554 -281.194 48.0141
9060000 215.07 1230.07 1441.03 -64.3455 -245.97 -27.007
9090000 -262.412 1775.78 1277.07 243.451 -130.382 -96.8521
9120000 273.048 1334.92 1395.61 151.922 -182.293 7.87015
9150000 -414.484 2027.76 1408.4 -32.7922 -235.455 -11.5683
9180000 -1033.89 2055.29 2178.96 10.7112 -471.043 28.573
9210000 -968.718 1798.13 1977.22 50.3948 -520.946 200.801
9240000 -952.25 2234.38 2292.34 -241.463 -222.366 162.849
9270000 -1825.68 2596.25 2152.02 13.8358 -425.734 159.301
9300000 -1889.08 2654.75 2421.48 278.204 -382.119 228.369
9330000 -1793.36 2233.12 2220.23 -168.594 -413.816 85.4226
9360000 -1534.55 2556.65 2494.23 235.905 -495.129 -270.823
9390000 -2829.15 3014.41 2678.26 -114.716 102.874 151.843
9420000 -2703.52 3089.24 2552.84 -20.1453 -405.909 309.298
9450000 -2616.15 2800.11 2938.2 15.178 -244.14 10.6453
9480000 -2476.86 3079.17 2538.44 137.488 -547.233 -12.2324
9510000 -2457.97 2476.93 3016.46 71.7287 -342.13 226.998
9540000 -2717.69 2822.52 2839.55 -199.577 -652.642 135.9
9570000 -3274.75 3123.95 2987.94 -277.096 -431.416 174.141
9600000 -2884.38 2904.99 2865.47 -178.84 -671.993 165.685
9630000 -2951.14 2939.68 3040.27 137.994 -390.528 -15.7416
9660000 -3406.74 3014.07 3077.49 -49.2551 -476.853 112.335
9690000 -3055.93 2850.03 3067.17 -279.365 -424.145 207.978
9720000 -3077.66 3150.35 3168.09 -104.413 -211.763 86.4103
9750000 -3577.33 2901.14 3371.99 -317.661 -324.981 -26.3228
9780000 -2987.22 3009.37 3326.01 -103.933 -234.752 178.662
9810000 -3495.56 3121.52 3170.23 -215.241 -368.675 361.541
9840000 -2879.23 3070.46 3275.52 -12.9273 -453.837 166.877
9870000 -2842.8 3043.37 3246.73 -200.519 -599.356 324.328
9900000 -3209.8 3295.08 2822.5 -60.1146 -457.947 112.382
9930000 -2406.42 2844.13 2665.39 71.095 -490.852 90.0273
9960000 -2085.24 2985.74 3172.9 -144.092 -740.716 221.057
9990000 -3074.24 2758.34 2608.56 -65.1657 -502.308 187.825
10020000 -2801.03 2793.19 2768.53 -100.186 -630.062 4.04077
10050000 -2088.52 2521.19 2632.32 -9.58918 -495.533 -25.1704
10080000 -1789.02 2572.81 2585.43 219.629 -345.842 92.3889
10110000 -2099.32 2694.54 2459.15 294.919 -522.425 263.614
10140000 -1167.85 2228.12 2337.14 68.6062 -436.482 66.7787
10170000 -1648.93 1874.04 1965.47 -10.067 -306.88 59.6361
10200000 -1263.71 2319.74 1931.75 470.669 -525.089 101.895
10230000 -1106.55 2073.78 2249.72 131.435 -243.75 -11.4304
10260000 -554.563 1914.02 1809.57 172.784 -301.728 77.0311
10290000 -783.526 1451.2 2070.41 96.0257 -601.247 -73.9227
10320000 -414.268 1648.8 1706.2 113.334 -527.754 270.425
10350000 -116.912 1420.66 1478.18 245.651 -267.077 -75.2436
10380000 19.8069 1197.21 1900.49 9.91092 -374.315 252.997
10410000 444.117 1278.68 1576.57 331.575 -413.963 126.014
10440000 487.924 1058.58 1351.29 292.435 -127.83 335.81
10470000 969.058 916.752 1108.95 81.086 -462.429 96.4868
10500000 1491.75 583.47 1084.16 192.82 -82.5825 -42.4084
10530000 1063.38 914.879 895.269 88.427 -338.193 170.451
10560000 1484.24 915.165 1102.09 441.957 -570.032 22.0036
10590000 2187.77 367.654 540.54 177.617 -402.018 329.066
10620000 2694.98 -66.2732 326.859 431.927 -375.673 103.265
10650000 2606.82 171.009 164.058 -124.499 -342.151 224.549
10680000 3068.42 203.952 -170.261 11.0094 -215.153 660.311
10710000 3361.03 -72.9781 -129.943 187.464 -438.263 419.712
10740000 3246.11 -145.585 241.729 306.36 -414.768 76.0029
10770000 3519.34 -277.618 -213.179 231.65 -493.126 128.585
10800000 3648.33 -399.979 -793.75 56.114 -304.388 134.663
10830000 3783.94 -307.326 -427.426 250.33 -374.607 244.579
10860000 4201.2 -672.806 -706.856 597.289 52.6972 202.481
10890000 4308.16 -829.107 -330.631 -89.8408 -223.633 232.619
10920000 4439.77 -772.55 -414.78 221.185 -261.65 445.414
10950000 4891.41 -1117.12 -817.818 376.345 -336.972 176.302
10980000 4733.75 -913.231 -450.06 239.682 -413.094 96.424
11010000 5093.89 -893.44 -1006.2 2.87617 -220.699 -128.973
11040000 5365.94 -1017.06 -1058.81 -152.351 -479.619 0.500627
11070000 5656.18 -1345.79 -1498.13 -72.8389 -405.822 250.811
11100000 5197.1 -1028.37 -1423.69 296.55 -85.4923 613.693
11130000 5047.32 -864.755 -1315.94 -40.5684 -385.364 -32.4558
11160000 5309.29 -907.722 -1727.56 48.4637 -455.7 200.132
11190000 4948.65 -1374.43 -1187.31 26.9267 -229.951 460.994
11220000 5292.43 -820.45 -1254.18 193.623 -337.038 203.562
11250000 5353.79 -1127.25 -1339.13 188.538 -89.6072 92.3335
11280000 5385.3 -736.918 -1358.25 68.2753 -235.652 300.612
11310000 5556.38 -835.664 -1473.03 164.015 -323.592 -80.0995
11340000 4878.91 -1019.8 -1248.3 133.613 -361.723 350.233
11370000 4831.35 -574.241 -1435.38 -85.8329 -135.667 278.054
11400000 4919.7 -470.31 -1222.79 219.358 -323.077 256.132
11430000 4735.55 -851.556 -1393.15 75.1891 -225.526 78.7485
11460000 5298.5 -845.175 -762.667 215.634 -124.564 346.38
11490000 4950.44 -829.192 -1079.09 72.3656 -166.761 300.963
11520000 4434.78 -644.921 -865.76 112.346 -211.782 225.004
11550000 4353.41 -609.644 -428.597 121.289 -303.967 203.963
11580000 4235.58 -510.347 -878.136 131.928 -300.821 329.176
11610000 3970.59 -384.67 -572.818 -26.479 -29.6107 121.216
11640000 3678.5 -364.429 -480.008 123.76 -216.622 177.329
11670000 3105.21 -668.423 -183.101 114.945 -359.987 148.17
11700000 3341.49 -382.328 -279.56 -98.5178 -98.6811 199.694
11730000 3080.19 -308.787 242.034 -31.8994 -560.477 244.052
11760000 2736.79 -435.815 64.2789 134.32 -527.377 276.619
11790000 2650.69 117.845 207.749 225.63 -284.619 47.5305
11820000 1938.82 -31.2462 162.594 -169.015 -307.751 -372.099
11850000 2120.76 359.936 -171.276 -155.475 -39.3603 -138.458
11880000 2157.69 387.457 172.771 316.157 -471.514 191.024
11910000 1563.55 693.749 453.071 73.3106 220.26 48.1937
11940000 1236.29 713.684 899.272 42.2799 -389.028 -100.001
11970000 1570.22 706.35 809.319 274.866 -175.097 -122.091
12000000 817.765 908.667 1163.8 -15.9273 -130.969 101.909
12030000 69.8837 1144.39 920.653 394.746 -1.68675 -45.1463
12060000 306.642 1944.52 996.525 18.7565 -64.5071 140.722
12090000 -119.483 1536.8 899.403 -248.008 -157.53 58.0758
12120000 -439.605 2005.22 1910.73 236.504 -286.601 235.259
12150000 -720.347 1802.05 1695.16 3.80177 -351.106 600.643
12180000 -756.867 2382.69 1603.33 388.071 -300.205 -6.58573
12210000 -764.8 2266.61 1690.63 180.593 -109.355 136.724
12240000 -983.395 2287.89 2125.13 55.8124 -289.741 54.842
12270000 -1355.68 2315.56 1957.47 -20.9624 -523.895 211.918
12300000 -1485.43 2587 2205.46 168.869 -209.957 -88.8769
12330000 -1537.44 2246.51 2249.3 -141.045 -532.411 42.1448
12360000 -2231.52 2434.13 2390.06 180.607 -257.073 158.321
12390000 -2021.92 2378.49 2510.15 150.056 -148.582 -213.502
12420000 -2483.12 2852.25 2841.47 390.932 -352.677 191.712
12450000 -2466.98 2499.9 2772.43 29.2013 -375.765 50.2503
12480000 -2897.45 2578.27 2679.87 -393.485 -215.185 453.677
12510000 -2381.34 2819.62 2750.78 477.67 -388.718 82.7848
12540000 -2709.79 3031.11 2355.33 190.124 -382.595 340.516
12570000 -2843.93 2848.44 2773.12 -208.754 -192.163 10.1861
12600000 -2958.09 3209.13 2963.43 76.7911 -402.898 61.0236
12630000 -2779.52 2894.46 3327.37 103.394 -404.279 190.635
12660000 -3152.94 2968.16 3511.86 -234.524 -392.432 -13.1495
12690000 -3112 2861.34 2840.06 -245.964 -257.712 81.2616
12720000 -3384.63 2884.73 3377.53 15.2097 -113.391 182.407
12750000 -2575.84 2991.79 3424.32 -45.0215 -255.673 104.491
12780000 -2798.97 2956.32 3308.19 203.285 83.9942 177.637
12810000 -3123.15 3081.9 3035.98 -257.409 -345.147 74.0086
12840000 -2667.87 2872.66 2974.14 -228.344 -332.444 -75.2759
12870000 -3320.98 3319.72 2654.01 -64.5647 -235.98 8.97626
12900000 -2935.02 3145.99 2635.19 -61.5226 -561.685 332.325
12930000 -3033.48 3024.86 2906.55 205.775 -665.225 354.165
12960000 -2323.74 2839.53 2718.25 292.657 -196.296 -2.58393
12990000 -2553.61 2431.21 2943.73 -85.678 -237.953 117.942
13020000 -2815.89 3035.19 2612.17 50.0557 -238.45 280.387
13050000 -2511.44 2621.04 2548.03 156.042 -706.932 -293.441
13080000 -2030.19 2359.92 2907.26 -78.8374 -235.404 245.218
13110000 -1922.57 2609.3 2611.6 11.821 -198.8 364.979
13140000 -1863.01 2114.82 2332.12 -43.9528 -493.555 19.9695
13170000 -1071.99 2621.69 2324.91 -58.5349 -507.427 191.247
13200000 -1486.21 2354.9 2181.87 208.571 -54.3568 352.938
13230000 -1265.05 2342.14 2110.56 -204.469 -219.162 278.5
13260000 -875.198 1728.37 2092.15 516.426 -544.883 -101.646
13290000 -1057.06 1962.47 2060.32 -38.7599 -357.171 75.04
13320000 -259.013 1252.1 1598.21 73.8272 -190.278 -326.249
13350000 19.6215 1150.23 1504.91 -174.042 -38.076 -68.1139
13380000 -51.1354 1086.45 1415.21 -43.9902 -219.671 -138.848
13410000 177.793 1231.27 1150.26 -110.107 -249.026 176.169
13440000 952.777 959.675 1177.65 138.037 -426.421 -138.824
13470000 836.135 1132.26 951.498 -407.675 -476.908 -2.90773
13500000 1118.58 705.074 788.864 -69.459 -520.996 -151.168
13530000 1358.79 537.903 904.397 89.0424 -306.6 18.1395
13560000 2031.98 462.42 945.517 -7.89093 -490.685 109.2
13590000 2157.63 802.94 -123.397 -102.997 -206.051 41.8494
13620000 2680.42 297.54 155.738 394.575 -658.226 36.2119
13650000 2873.2 -285.048 496.98 -43.6487 -267.242 -261.502
13680000 3255.03 40.2141 163.713 169.134 -44.9915 142.818
13710000 3316.71 -275.668 326.012 283.11 -690.835 32.6943
13740000 3270.54 -499.291 -53.6743 119.855 -298.781 228.79
13770000 3386.94 -309.91 232.951 -30.7975 -193.872 85.4212
13800000 4028.51 -507.254 -214.286 41.4099 -103.526 198.122
13830000 4167.45 -1046.23 -398.302 254.619 -181.032 -57.6304
13860000 3707.57 -612.779 -652.174 101.871 -256.789 198.598
13890000 4370.17 -612.796 -663.291 26.9268 -345.983 -33.0831
13920000 4335.53 -220.923 -700.49 -53.2399 -383.684 -72.6335
13950000 4601.7 -890.493 -534.719 68.7158 -321.416 366.082
13980000 4762.36 -856.134 -862.064 -41.2424 -177.213 25.7646
14010000 4859.09 -778.319 -707.174 -350.586 -230.067 211.103
14040000 4919.97 -933.047 -1011.1 26.7056 -86.6244 429.752
14070000 5573.86 -1419.06 -1002.11 92.1038 -619.65 155.252
14100000 5455.01 -1249.17 -1080.75 8.87129 -395.683 158.069
14130000 5677.84 -1099.1 -1425.11 -15.2134 -291.474 1.64038
14160000 5786.38 -1347.24 -1593.16 150.958 -381.955 -214.354
14190000 5635.52 -1278.81 -1350.61 -70.2095 -301.272 -35.2337
14220000 5469.44 -1083.91 -1030.34 42.555 -352.905 196.274
14250000 5404.48 -1172.91 -887.858 101.407 -223.137 -218.687
14280000 5754.24 -1369.36 -1062.15 7.44832 -38.9247 -7.20081
14310000 5668.72 -1151.46 -1375.52 -63.6589 -340.715 92.424
14340000 5174.29 -1239.47 -1065.64 -14.0406 -464.257 28.3409
14370000 5256.27 -749.74 -1492.52 -188.109 -576.664 186.583
14400000 4821.12 -832.191 -922.633 397.255 -146.685 -35.9784
14430000 4873.78 -1353.51 -805.822 155.05 -305.639 378.571
14460000 4666.59 -990.624 -669.321 158.755 -278.638 -16.206
14490000 4579.16 -994.961 -743.036 21.3154 -21.0411 59.8364
14520000 4291.5 -1227.83 -678.154 -152.354 -297.972 129.459
14550000 4539.04 -1166.23 -839.39 237.509 -431.872 275.386
14580000 4332.33 -935.056 -616.196 321.727 -455.209 103.655
14610000 4145.36 -671.379 -584.994 7.34936 -292.251 24.8235
14640000 3888.48 -672.077 -368.828 -210.161 -373.967 -0.921497
14670000 3643.52 -266.906 -304.85 -106.945 -298.284 34.7006
14700000 3352.97 -374.871 -487.177 -69.9138 18.5705 51.1966
14730000 3252.85 189.61 -208.358 -57.2814 -160.735 240.976
14760000 2405.33 184.578 236.065 234.064 -373.31 134.773
14790000 2316.42 -242.009 206.819 -201.217 -528.737 -159.802
14820000 2291.49 156.661 160.748 66.1388 -174.135 25.3453
14850000 2149.23 297.59 196.307 206.187 -298.887 175.163
14880000 1638.12 401.591 646.978 -25.2525 -223.084 39.111
14910000 1572.55 263.859 444.514 297.352 -278.852 261.11
14940000 1221.07 761.921 779.571 233.85 -581.285 102.593
14970000 1328.94 786.016 519.839 156.783 -335.958 106.136
15000000 540.743 1100.23 1292.07 -56.3593 -37.2367 112.718
15030000 321.326 834.518 1424.83 279.744 -282.036 -246.598
15060000 -111.033 1949.13 1104.05 -32.9232 -197.432 -503.035
15090000 -304.283 1746.05 1539.09 -162.994 -367.728 -124.765
15120000 -740.294 1402.07 1441.86 43.6368 -439.188 45.5271
15150000 -953.856 1758.49 1873.15 -130.648 -358.571 139.747
15180000 -1160.26 1575.88 2245.15 151.216 -698.395 -2.2271
15210000 -1339.77 1778.45 2012.33 -184.085 -361.758 113.152
15240000 -1560.93 1889.74 1769.95 71.3463 -209.798 83.657
15270000 -1514.98 2521.88 1900.3 -193.281 -439.041 -84.4433
15300000 -1824.77 2209.91 2592.39 -383.606 -130.787 -190.276
15330000 -2214.58 2347.81 1987.19 -55.5244 -564.755 -144.155
15360000 -2429.36 2091.98 2786.21 -185.615 -173.934 -257.644
15390000 -2490.4 2759.47 2930.52 -243.676 -493.774 23.0551
15420000 -2872.53 2483.24 2690.14 -190.007 -419.658 -270.722
15450000 -2204.82 3055.57 3046.14 135.232 -349.777 -36.4734
15480000 -2863.41 2760.76 2916.44 -3.57676 -415.823 -191.771
15510000 -2817.17 2992.84 3123.04 -103.288 -298.901 -119.929
15540000 -3212.29 3172.33 2730.09 -279.822 -207.278 251.464
15570000 -3321.32 3018.78 3064.74 -99.3759 -672.491 225.081
15600000 -2995.11 3250.97 2739.51 -45.2908 -555.813 20.5113
15630000 -2869.54 3148.82 3061.61 -12.8077 -294.494 205.727
15660000 -3057.73 3312.34 3093.49 -132.396 -320.668 -447.44
15690000 -3203.1 2793.89 3160.62 -151.672 -69.0798 -4.85013
15720000 -3223.42 3354.74 2940.78 -186.181 -104.368 336.455
15750000 -2709.8 3151.89 3036.97 68.9715 -279.161 176.642
15780000 -3574.45 2968.35 3325.71 -177.395 -232.889 47.5074
15810000 -3483.29 2774.89 3089.03 -86.5383 -20.1983 -237.263
15840000 -2825.48 2361.36 3403.58 103.928 -215.723 -231.087
15870000 -2987.96 2656.99 2665.72 53.1346 -553.913 162.354
15900000 -3362.35 3108.24 2892.03 34.9854 -342.576 8.256
15930000 -2759.68 2781.22 2953.5 -8.8492 -94.1428 205.56
15960000 -2891.77 2786.63 2872.77 -162.49 -295.636 181.904
15990000 -2429.39 2477.31 2896.5 33.8678 -348.124 357.665
16020000 -2323.34 2463.45 3017.37 -384.544 -469.42 -329.545
16050000 -2184.38 2918.54 3028.94 -4.34197 -220.473 332.49
16080000 -2124.55 2821.71 2525.77 126.763 -578.613 -176.396
16110000 -1532.57 2213.71 2261.48 50.1914 -589.521 265.996
16140000 -2176.78 2005.71 2314.18 -132.532 -315.195 5.25157
16170000 -1682.29 2062.63 2272.82 -136.957 -428.421 56.9361
16200000 -1640.39 2210.24 2429.21 156.262 -179.143 458.718
16230000 -1254.37 2133.92 2490.34 71.8751 -539.46 176.691
16260000 -1102.55 1517.85 1837.81 226.889 -336.591 38.2488
16290000 -767.043 1889.5 1809.36 14.1053 -457.357 -134.534
16320000 -50.319 1338.22 1646.67 -152.795 15.1662 188.939
16350000 -371.515 1711.89 1448.3 48.1765 -130.682 -256.337
16380000 499.825 1007.57 1580.53 379.058 -170.401 124.585
16410000 515.613 989.657 1036.06 288.665 -489.941 -165.664
16440000 639.113 820.038 865.612 230.38 -406.986 20.4278
16470000 952.907 1017.09 943.528 120.295 -562.904 77.6215
16500000 1567.45 954.387 433.914 -49.3885 -64.3486 20.0088
16530000 1262.34 842.907 650.551 204.119 -572.181 -33.4396
16560000 1749.89 196.445 1047.37 413.341 -213.345 -83.4782
16590000 2140.78 162.416 488.66 409.042 -577.458 -197.849
16620000 2351 -79.67 202.994 195.983 -293.354 207.692
16650000 2264.38 -223.918 -137.649 414.053 -534.164 -223.738
16680000 2684.41 285.918 -280.309 404.867 -769.866 -454.086
16710000 2802.21 83.3071 -611.749 4.63102 -28.3646 133.326
16740000 3450.13 -186.989 -78.4617 309.826 -275.878 -213.269
16770000 3296.41 -930.185 21.3177 161.478 -335.352 -41.1208
16800000 3743.47 29.2046 -663.827 92.9496 -546.489 -40.8395
16830000 3532.34 -704.17 -704.979 242.842 -281.31 -134.161
16860000 3993.78 -534.6 -644.102 215.752 -510.855 -117.922
16890000 4032.5 -927.511 -483.732 144.229 -369.5 -9.37789
16920000 4498.69 -858.661 -571.268 214.616 4.72165 332.73
16950000 4571.33 -1332.6 -481.699 228.086 -558.491 -278.594
16980000 5124.36 -452.214 -805.684 157.634 -309.419 -359.537
17010000 5362.27 -1319.6 -691.903 211.481 71.5676 -294.142
17040000 4961.28 -1179.71 -852.233 318.146 -330.103 -380.444
17070000 5242.47 -941.282 -1329.3 -64.7117 -413.579 178.886
17100000 4781.9 -672.232 -1035.34 -58.9396 -385.64 185.796
17130000 5278.56 -1137 -1342.31 171.045 -318.901 -334.463
17160000 5233.38 -996.743 -1285.28 212.427 -240.695 -70.4012
17190000 5418.4 -1388.84 -1035.84 58.2156 -368.879 -37.2913
17220000 5573.69 -1204 -1164.76 49.1417 -280.007 -110.552
17250000 5112.18 -1643.36 -979.293 301.171 -475.123 -155.3
17280000 5456.72 -974.099 -1176.01 163.114 -568.544 52.0172
17310000 5320.17 -1078.99 -1584.11 84.0904 -646.3 -211.996
17340000 5149.79 -980.82 -1107.22 309.652 -433.111 -326.533
17370000 5146.76 -1288.46 -1418.57 83.629 -344.223 -92.9109
17400000 4860.79 -999.823 -1229.87 340.084 -314.8 18.4168
17430000 4578.26 -1168.55 -973.014 155.79 -427.947 -335.003
17460000 4636.46 -749.695 -1284.38 131.495 -234.253 -267.581
17490000 4586.97 -869.269 -1142.36 399.173 -405.869 -40.7112
17520000 4724.04 -1072.16 -1174.75 128.042 -184.936 -59.1691
17550000 4125.72 -670.995 -717.826 -365.782 -454.898 -391.16
17580000 4002.18 -660.075 -698.223 51.0072 -383.585 -196.148
17610000 4097.6 -868.771 -768.628 258.867 -393.796 12.6945
17640000 3973.91 -1046.29 -395.64 -164.705 -542.397 -94.3228
17670000 3679.12 -210.175 -235.138 -186.485 -578.623 -15.092
17700000 3129.24 -615.336 -248.146 65.4231 -408.316 -248.263
17730000 2320.61 107.822 -60.2933 -84.134 -342.5 -32.3235
17760000 2743.18 -117.683 -62.8197 -291.243 -361.897 -179.641
17790000 2189.27 181.594 14.3479 -12.2122 -341.37 292.596
17820000 2108.84 -176.291 434.065 250.185 -419.402 -398.511
17850000 1677.5 222.115 759.991 128.738 -418.653 163.761
17880000 2149.83 765.422 929.666 184.635 -359.298 145.872
17910000 1275.77 483.418 825.329 203.56 -775.465 -202.332
17940000 883.845 315.361 652.43 -204.816 -509.7 -60.9785
17970000 751.125 889.989 1252.79 98.7777 -127.286 -88.3621
18000000 571.538 1361.38 1078.51 -139.085 -480.48 -101.001
18030000 91.4124 828.467 1535.63 100.514 -321.856 -266.481
18060000 230.995 1048 1693.69 125.838 -504.152 -145.49
18090000 -268.542 1371.29 1562.32 -27.4582 -230.881 -246.559
18120000 -405.747 1827.66 1597.75 -99.5286 -589.71 -308.483
18150000 -970.675 1683.68 1610.74 31.6287 -558.096 31.7542
18180000 -838.152 1465.26 1682.34 -90.8182 -440.551 -348.615
18210000 -892.281 1940.87 2219.09 106.903 -352.711 81.7365
18240000 -1397.22 1678.38 2216.1 9.89093 -294.275 -228.889
18270000 -1819.41 1971.7 1867.77 278.868 -648.528 -521.194
18300000 -1771.37 2245.91 2567.28 101.189 -299.796 152.631
18330000 -2085.34 2611.48 2453.77 123.915 -496.755 -341.063
18360000 -2225.54 2631.51 2638.31 43.2111 -520.546 -316.1
18390000 -2645.8 2294.4 2458.73 -196.24 -234.016 -382.413
18420000 -2659.75 2610.91 2504.16 -170.323 -430.278 -73.3937
18450000 -2953.91 2686.78 2471.29 126.876 -301.831 -295.609
18480000 -2590.33 2957.31 2631.08 -182.363 -419.836 -246.638
18510000 -2893.47 2899.5 2553.43 -135.289 -410.218 -225.073
18540000 -3063.25 3022.98 3153.17 124.251 -19.15 -218.805
18570000 -3432 3050.6 3210.64 47.4286 -567.634 -381.102
18600000 -3309.58 3013.62 3238.78 -23.8715 -515.254 46.4622
18630000 -3714.54 3203.46 2461.76 65.9905 -276.488 -310.331
18660000 -3450.17 3341.49 3135.02 -59.2816 -457.764 -140.301
18690000 -3531.81 3122.82 3826.73 -201.627 -505.025 -399.057
18720000 -3553.88 3179.84 3203.79 -71.6955 -523.991 -22.2658
18750000 -3384.39 2867.8 3274.65 -158.153 -410.586 -187.472
18780000 -3473.68 3297.25 3355.2 73.8538 -478.23 -508.346
18810000 -3142.07 3004.36 3233.98 -102.565 -442.493 -471.98
18840000 -3846.68 3049.12 3079.19 -183.008 -501.013 -151.392
18870000 -2856.27 3115.33 3057.43 -79.4282 -282.608 186.681
18900000 -3123.66 2936.54 2911.02 -75.8923 -281.668 -68.1615
18930000 -3174.55 2988.14 2940.95 42.9914 -557.907 -384.169
18960000 -2617.29 2572.72 2775.74 -164.392 -61.8082 -48.5364
18990000 -3067.33 3005.73 2609.9 -72.4544 -534.725 -258.742
19020000 -2794.05 2744.34 2648.16 44.5022 -496.213 -188.703
19050000 -2743.53 2771.07 2866.11 -412.723 -426.101 -508.139
19080000 -2368.28 2821.36 2701.51 -385.937 -149.834 -176.128
19110000 -2202.98 2303.49 2421.72 -405.335 -473.135 -251.866
19140000 -2723.22 2512.41 2370.86 -217.435 -443.761 -74.8297
19170000 -1676.88 2185.45 2509.42 -256.111 69.1344 -634.706
19200000 -1508.26 2317.02 2004.57 -100.147 -240.705 -410.9
19230000 -893.527 1892.3 1758.41 -86.8424 -179.075 -245.971
19260000 -1295.45 1421.53 1775.73 78.1376 -576.767 -567.828
19290000 -406.2 1641.85 1562.86 -152.236 -603.013 -409.824
19320000 -386.034 1339.88 1203.95 -43.2607 -325.366 -343.701
19350000 -317.654 1549.3 1551.48 -249.587 -291.163 -169.023
19380000 -63.5331 1167.19 1021.38 399.794 -143.018 -342.285
19410000 52.6186 1062.6 1109.62 82.038 -807.492 -257.473
19440000 245.339 1092.01 1168.61 10.9369 -457.371 -209.926
19470000 1028.4 569.619 1209.08 82.028 -260.964 -181.581
19500000 1028.58 651.057 1057.94 0.60771 -289.813 -62.5624
19530000 1114.41 795.102 1046.63 245.8 -339.697 78.3503
19560000 1737.43 407.445 106.392 8.32626 -147.951 -177.325
19590000 1820.92 364.371 272.538 -81.9552 -629.307 -308.214
19620000 2248.82 -15.757 330.932 -30.7903 -239.202 -254.088
19650000 2627.51 99.7372 129.305 -49.787 -369.291 75.9337
19680000 2683.92 6.24671 333.704 19.4134 -352.836 -56.7405
19710000 2763.16 137.998 -112.262 124.808 -455.474 -232.272
19740000 3321.47 36.9619 -386.937 -85.8783 -327.827 -97.2054
19770000 3102.05 -277.14 -401.566 166.402 -403.147 80.6518
19800000 3586.82 -366.382 -170.126 193.5 -328.629 -69.2905
19830000 3969.54 -705.662 -223.678 -31.9142 -285.13 -134.122
19860000 4706.76 -585.683 -451.349 -84.6697 -291.406 -59.086
19890000 3985.41 -738.395 -858.055 176.371 -412.567 47.3476
19920000 4391.65 -726.546 -1297.18 2.8964 -243.141 -155.723
19950000 4895.97 -597.34 -924.806 -22.4152 -217.813 166.454
19980000 4880.25 -1410.03 -1006.19 -42.0433 -349.865 -47.6589
20010000 4903.77 -831.389 -962.104 32.4434 -286.733 -61.8424
20040000 4969.94 -1084.18 -1233.7 -3.25081 53.8821 -123.208
20070000 4562.34 -1241.89 -1472.97 217.58 -487.843 -158.615
20100000 5403.31 -1381.6 -995.862 318.919 -308.342 -147.772
20130000 5289.08 -1179.45 -820.104 -127.745 -141.795 161.246
20160000 5464.19 -1407.65 -1111.92 224.126 -365.041 -150.165
20190000 5101.76 -1181.91 -1118.04 317.146 -489.222 -129.64
20220000 5557.28 -1177.81 -1118.87 111.417 -143.657 28.2864
20250000 5193.19 -1337.12 -1091.86 -377.048 -374.597 62.9937
20280000 4696.39 -1213.22 -819.901 168.167 -108.749 151.319
20310000 5181.66 -1583.31 -892.102 -188.01 -358.988 32.4435
20340000 4935.38 -1039.91 -1046.97 226.162 -101.13 -14.8799
20370000 4916.13 -1011.09 -1004.76 202.709 -309.649 -86.7205
20400000 5095.16 -859.127 -1235.83 37.1214 -396.207 -53.8959
20430000 4491.38 -416.543 -1151.24 -7.54905 -351.742 -103.843
20460000 4726.22 -543.885 -612.264 -37.9838 -284.803 -1.93466
20490000 4354.25 -1168.46 -472.924 130.349 -590.893 36.2692
20520000 4577.61 -794.413 -1006.75 0.362265 -377.14 -311.427
20550000 4301.41 -529.169 -561.174 17.1648 -338.329 -9.77737
20580000 3708.73 -511.738 -405.429 497.691 -22.764 -255.407
20610000 3593.73 -532.2 -41.1439 276.962 -416.233 391.026
20640000 4038.45 -724.328 -516.772 52.9642 -164.357 180.848
20670000 3738.08 -310.451 -424.084 209.657 -298.539 -31.1978
20700000 3324.38 -293.719 140.671 -188.609 -229.377 292.484
20730000 3202.96 -59.2963 -532.92 78.9188 -407.613 -282.181
20760000 2324.67 76.1012 -254.885 176.408 -379.723 -284.058
20790000 2342.01 408.727 -475.252 111.077 -574.26 191.463
20820000 2314.23 -60.4077 574.488 170.562 -399.874 17.1935
20850000 1930.83 276.304 217.727 157.656 -359.294 66.8578
20880000 1644.6 736.346 454.702 241.983 -432.379 -85.0007
20910000 1788.03 342.442 658.341 298.98 -453.912 40.5604
20940000 1130.7 817.9 514.988 39.1076 -174.995 -31.4437
20970000 880.523 1241.34 1045.72 28.3988 -84.8181 9.42615
21000000 498.511 1161.97 766.614 71.0563 -113.638 -162.301
21030000 691.345 1310.97 1072.77 98.5177 -416.866 187.04
21060000 -96.7431 1647.65 1287.62 -26.3812 -431.228 148.966
21090000 -418.482 1706.6 1157.5 -16.0768 -220.387 0.596997
21120000 -423.92 1657.75 1144.48 128.475 -313.963 0.846634
21150000 -571.577 1737.27 1289.46 -73.7271 -221.184 134.271
21180000 -1022.31 1539.2 1761.36 -110.115 -431.316 237.694
21210000 -1175.63 2214.64 1493.59 -258.304 -558.983 -49.2238
21240000 -1775.4 1703.72 2162.07 -142.165 -224.484 307.036
21270000 -1803.06 2050.82 2462.44 17.9598 -365.575 -141.609
21300000 -2018.08 2012.14 2486.48 86.4181 -210.98 164.791
21330000 -2218.32 2182.35 2558.78 -16.237 -335.807 114.416
21360000 -2243.48 2395.89 2258.89 91.2871 -759.669 82.9354
21390000 -2777.37 2882.05 2624.75 -263.361 -416.804 -67.948
21420000 -2620.33 2304.43 3002.85 -402.956 -128.721 143.05
21450000 -2576.36 2851.9 2441.26 -138.965 -40.9195 213.784
21480000 -3032.94 2709.01 2946.39 -184.4 -440.616 -256.923
21510000 -3280.55 2845.92 3005.75 78.5166 -369.067 -212.047
21540000 -3355.1 2764.09 2919.92 -194.777 -154.788 162.418
21570000 -3665.87 3298.99 2918.88 80.1261 -527.129 46.5851
21600000 -3418.17 3299.93 3108.79 -233.251 -575.263 97.7707
21630000 -3565.9 2660.63 3089.14 -346.199 -480.856 -94.6556
21660000 -3300.09 3403.09 2842.41 39.2073 -271.968 29.3275
21690000 -3535.15 2897 3168.95 183.831 -170.605 139.265
21720000 -3644.94 3508.51 2802.89 102.376 -379.717 194.759
21750000 -3724.56 3152.57 3363.11 -87.7117 -390.585 -3.9892
21780000 -3902.63 3379.91 3539.94 53.7684 -270.485 222.961
21810000 -3329.48 2781.04 3349.53 8.7061 -490.893 -57.347
21840000 -3626.02 3133.61 3260.6 -10.0473 -90.332 -47.4972
21870000 -3546.64 3152.71 2969.08 -138.089 -331.979 119.549
21900000 -3854.64 3077.66 3015.89 6.24303 -295.51 -46.0384
21930000 -3191.22 2744.08 3454.27 69.1709 -202.212 113.919
21960000 -2970.27 3165.04 2580.02 241.464 -458.858 -171.662
21990000 -2903.87 2797.04 2554.65 20.6892 -494.52 10.5199
22020000 -2172.34 2397.26 2642.18 -219.42 -292.774 294.762
22050000 -2799 2880.41 2430.25 -166.075 -59.8508 219.025
22080000 -2435.26 2515.9 2658.96 -86.9922 -303.771 66.2571
22110000 -2123.22 2318.38 2495.32 28.8347 -321.651 -225.609
22140000 -2190.67 2258.6 2016.66 -118.771 -189.256 218.742
22170000 -1864.79 2219.32 2847.8 -345.95 -181.724 50.4295
22200000 -1533.38 1947.39 2464.29 -438.946 -355.934 -313.133
22230000 -1315.61 2119.41 1962.03 32.5743 -334.387 290.13
22260000 -1140.23 2035.27 1593.55 81.4994 -134.382 150.793
22290000 -796.75 1974.58 1602.28 -62.6096 -174.277 83.6284
22320000 -717.803 1447.88 1811.05 -87.0107 -522.267 -164.431
22350000 -524.821 1478.1 1193.52 -127.083 -325.445 -45.8526
22380000 -55.6112 1280.39 1754.56 91.7649 -643.64 -27.2589
22410000 352.497 885.979 928.944 168.817 -35.8099 150.381
22440000 231.079 764.461 1023.89 -81.2333 -263.03 157.254
22470000 734.733 1255.86 953.302 -214.331 -94.2993 -30.7113
22500000 851.198 686.953 891.518 -68.468 -410.234 -194.966
22530000 1288.42 939.243 650.995 -96.7089 -406.017 246.717
22560000 1811.59 537.569 789.142 -202.502 -320.97 468.127
22590000 1759.72 407.155 509.127 -421.836 33.7437 135.628
22620000 1730.67 -205.675 -22.4494 -244.961 -299.481 167.572
22650000 2207.75 487.724 253.765 -13.4237 -515.342 -51.3097
22680000 2418.2 -309.631 12.4907 -215.553 -452.341 -22.7567
22710000 2661.54 186.384 -62.5362 198.114 -505.363 476.118
22740000 3199.22 -37.1176 -34.332 77.7496 -435.28 5.40311
22770000 3441.23 -891.714 -782.045 238.585 -390.815 -72.529
22800000 3548.82 -248.172 144.914 185.015 -451.216 -186.385
22830000 3480.86 -868.979 -605.591 -130.744 -290.449 187.589
22860000 3942.38 -631.909 -637.308 61.1674 -279.119 381.053
22890000 4386.54 -652.08 -357.116 563.465 -463.479 309.836
22920000 3969.78 -817.521 -826.965 -244.965 -321.377 -237.483
22950000 4793.6 -513.394 -651.008 -122.662 -97.9664 -156.02
22980000 5220.04 -742.794 -893.4 -160.302 -256.424 -233.313
23010000 5149.24 -1214.68 -1233.55 41.3743 -520.373 367.83
23040000 5154.96 -1495.04 -1392.18 -9.89756 -408.264 422.915
23070000 4852.41 -1204.23 -881.676 243.314 -301.239 301.281
23100000 4867.6 -1146.71 -851.166 290.202 -292.679 281.945
23130000 5033.62 -1419.27 -1348.95 -132.058 -549.595 176.725
23160000 5351.77 -1955.74 -764.742 -154.039 -322.887 287.352
23190000 4689.83 -919.147 -1253.15 138.563 -338.37 130.627
23220000 5240.49 -1206.29 -1088.78 -330.143 -352.879 82.3278
23250000 5343.18 -1037.55 -1793.97 -255.565 -427.344 243.019
23280000 4957.25 -800.487 -1066.6 -136.44 -372.878 -34.7634
23310000 5290.41 -1308.1 -869.194 -236.043 -336.429 -103.888
23340000 4939.47 -1028.95 -1685.33 -136.342 -836.368 177.599
23370000 5640.99 -1560.57 -1098.04 64.9917 -556.982 44.9988
23400000 5125.19 -1391.83 -944.304 -172.066 -189.092 109.402
23430000 4873.63 -1224.95 -1141.8 -98.3236 -547.582 -202.941
23460000 4453.86 -968.414 -1029.79 -280.058 -292.613 119.662
23490000 4573.2 -826.912 -711.963 282.794 -461.544 -0.295234
23520000 4720.52 -926.464 -1030.68 -125.777 -460.249 126.683
23550000 4498.76 -1033.31 -867.852 -318.71 7.03998 -35.8704
23580000 3846.22 -1037.6 -809.888 -52.5114 -47.8954 200.804
23610000 3820.98 -1080.87 -85.3343 37.0031 -441.02 -232.721
23640000 3896.91 -1170.92 -458.478 -92.6262 -287.89 -81.211
23670000 3811.83 -504.116 -718.486 25.7879 -616.494 226.063
23700000 3391.48 -521.124 169.255 28.4541 -345.194 63.5492
23730000 3172.4 -725.89 31.8866 -285.83 -388.937 -2.80797
23760000 2747.42 -191.399 702.223 113.537 -238.151 14.7852
23790000 2344.2 125.011 324.698 -357.749 -388.102 295.182
23820000 2204.57 248.888 98.9213 -106.508 -412.921 128.055
23850000 2166.39 2.83519 491.727 -241.179 -394.865 -98.1446
23880000 1712.37 158.732 102.53 -200.185 -419.572 -294.957
23910000 1534.61 438.86 642.448 -94.7225 -493.686 188.896
23940000 1419.99 649.901 707.516 208.988 -276.475 -77.8199
23970000 749.126 577.17 720.318 -296.944 -656.401 -21.4441
24000000 797.882 991.93 1065.11 -226.75 -216.666 22.0426
24030000 334.471 1337.39 865.484 -136.497 -371.165 -64.5774
24060000 198.753 1325.54 1391.53 -31.9324 173.03 81.537
24090000 -41.8574 1218.31 1477.91 -120.475 -57.0414 -89.0871
24120000 -566.466 1740.7 1684.23 -209.801 -246.146 352.593
24150000 -292.583 1323.02 1337.56 -311.914 -527.875 301.779
24180000 -1154.43 1512.72 1705.43 -70.8187 -431.65 113.193
24210000 -1566.83 1504.77 2379.15 -22.3702 -66.8095 -0.550277
24240000 -1317.8 2179.26 1833.53 -41.3203 -351.115 323.316
24270000 -1564.39 2075.31 1980.48 108.567 -278.198 217.032
24300000 -1793.65 2144.17 2126.22 -151.359 -319.185 343.351
24330000 -1828.58 2174.51 2640.25 -28.6566 -244.718 -193.584
24360000 -2179.66 2597.15 2596.58 -115.403 -443.071 59.4296
24390000 -2582.72 2170.53 2751.48 -283.509 -11.3174 119.746
24420000 -2487.11 2504.24 2890.24 -423.085 -609.584 142.448
24450000 -2922.33 2492.27 2693.04 -175.476 -637.864 163.428
24480000 -3255.54 2879.78 2763.96 -289.575 -423.538 515.027
24510000 -3523.72 2721.31 3210.95 -246.688 -210.816 -57.6311
24540000 -3411.65 2775.43 2910.34 -398.443 -369.607 89.191
24570000 -3236.6 2713.33 2625.68 -35.6418 -335.617 423.578
24600000 -3521.15 2973.65 3102.88 -243.091 -694.977 31.3948
24630000 -3724.63 3030.36 2827.05 -139.546 120.096 249.534
24660000 -3435.79 2887.71 2996.53 -11.4474 -643.694 281.745
24690000 -4033.19 3123.18 3385.55 67.2008 -376.159 338.991
24720000 -3387.21 3014.53 3157.53 -353.675 -488.46 210.832
24750000 -3418.64 3407.71 2876.31 -246.897 -430.419 361.068
24780000 -3457.61 2738.52 3025.21 -523.14 -551.593 147.711
24810000 -3815.7 2717.72 3087.94 56.9278 -327.407 130.954
24840000 -3153.15 3274.03 3023.87 -106.868 -270.986 135.73
24870000 -3072.17 2831.34 2954.63 89.5032 -499.122 436.189
24900000 -3340.63 2796.66 3187.29 -76.041 -394.888 112.219
24930000 -3138.83 2627.41 2742.5 -50.5508 -217.832 252.034
24960000 -2841.45 2383.2 3070.02 -129.291 -389.31 470.449
24990000 -2710.3 2796.85 2808.93 -146.059 -462.177 44.6534
25020000 -2820.76 2987.48 2513.62 -375.471 -724.763 -18.9016
25050000 -2571.46 2328.69 2912.28 -547.351 -345.66 156.654
25080000 -2393.65 2210.72 2800.67 267.309 -266.239 50.9826
25110000 -2239.32 2594.7 2362.45 -72.5952 -740.456 297.704
25140000 -2088.6 2626.85 2023.82 -124.709 -514.765 160.11
25170000 -1829.73 2253.7 2405.5 -210.205 -184.252 33.468
25200000 -1584.32 1657.27 2128.88 -62.5644 -442.694 346.318
25230000 -2107.54 2289.5 2007.58 -350.534 -380.894 267.424
25260000 -1300.22 1658.02 2046.17 -252.07 -470.791 49.4605
25290000 -983.461 1371.46 1708.23 375.449 -461.924 83.5495
25320000 -1024.23 1915.22 1642.69 70.7616 -393.169 116.199
25350000 -498.452 942.174 1303.74 -3.29256 -444.802 -312.657
25380000 -288.263 923.695 1205.67 249.751 -153.938 109.052
25410000 94.507 1200.11 1294.53 -33.5124 -170.411 288.35
25440000 458.205 1534.58 900.266 0.949717 -273.288 25.4392
25470000 728.268 1096.56 712.924 -530.472 -532.794 195.786
25500000 869.283 964.338 633.784 -138.568 -366.286 268.19
25530000 996.596 25.8491 849.52 -179.769 -418.032 -195.762
25560000 1151.39 418.146 272.742 114.638 -710.116 234.684
25590000 1965.15 -7.62337 160.449 -98.0347 -284.159 -66.8735
25620000 1971 -230.006 291.872 -92.0133 -207.916 -30.4976
25650000 2147.75 196.513 155.598 -27.7779 -185.566 -207.607
25680000 2368.82 63.0721 257.984 216.991 -457.644 72.2728
25710000 2628.92 -183.162 261.518 -310.371 -512.319 169.431
25740000 3201.78 -33.6169 -167.681 24.3368 -324.813 325.505
25770000 2944.92 -267.698 -221.14 -169.398 -237.892 63.5415
25800000 3456.74 -365.302 -739.02 27.6254 -342.667 53.2032
25830000 3860.61 -451.503 -1032.2 -126.911 -94.3192 -33.8279
25860000 4320.83 -1043.56 -719.237 -26.8097 -172.014 126.953
25890000 4261.46 -1092.53 -855.406 224.244 -331.661 397.671
25920000 4382.33 -858.66 -559.751 430.684 -120.833 161.36
25950000 4474.35 -1493.09 -1295.26 168.603 81.2384 -38.4336
25980000 4547.46 -1636.2 -514.913 -160.082 -179.098 248.077
26010000 5169.15 -736.469 -1052.68 341.619 -359.626 71.5531
26040000 4874.32 -1362 -1046.51 -118.84 -113.617 0.953834
26070000 5198.19 -1356.6 -1401.26 -88.2902 12.2889 185.685
26100000 5271.42 -1128.74 -1356.02 -312.855 -286.51 47.8266
26130000 5026.74 -1629.52 -736.285 -71.6433 -105.365 -94.3651
26160000 5224.01 -806.037 -1458.61 38.0927 -316.09 -238.009
26190000 5163.5 -1382.19 -1427.22 76.8828 -1.32669 390.591
26220000 5400.66 -1224.16 -1450.91 328.71 -290.559 -144.453
26250000 5767.03 -1082.83 -1319.23 18.9034 -320.11 55.8106
26280000 5393.1 -1068.39 -1459.73 -51.5972 -210.834 44.6089
26310000 5255.94 -1415.53 -760.445 92.2195 -264.107 172.914
26340000 5382.1 -1319.53 -1642.57 153.731 -479.03 -257.254
26370000 4861.6 -1186.05 -1444.3 -176.518 -253.741 -44.2666
26400000 5062.3 -889.821 -1303.21 183.935 -526.438 -52.1839
26430000 4981.67 -987.688 -1179.98 -19.5357 -528.549 -19.3014
26460000 4665.89 -1295.45 -968.887 150.368 -71.3974 -219.242
26490000 4898.99 -1483.96 -944 -98.7665 -461.942 -191.262
26520000 4400.61 -1234.71 -1097.73 43.6048 -175.452 -142.075
26550000 4140.2 -974.508 -1163.17 57.8376 -382.461 -302.634
26580000 4355.75 -961.851 -816.65 -32.3155 -405.792 36.4975
26610000 3937.77 -1214.16 -852.161 56.3397 -29.3367 -13.7567
26640000 4119.51 -867.338 -679.492 -166.284 -300.688 269.485
26670000 3758.57 -649.601 -448.844 -29.5499 -217.457 -59.794
26700000 3390.41 -701.243 -533.322 -108.949 -546.966 123.234
26730000 3135.44 -293.221 -697.778 187.706 -150.741 -80.2335
26760000 2688.8 36.7105 -94.4248 192.819 -74.4883 -141.872
26790000 2884.76 164.717 -384.272 121.098 -472.04 44.3924
26820000 2712.31 -238.198 -221.578 73.5803 -236.646 445.335
26850000 1830.01 275.583 295.733 31.0649 -140.666 -82.3341
26880000 1484.19 -10.3434 140.394 -136.686 -383.523 -111.288
26910000 1597.72 662.979 383.432 51.6191 -303.435 57.9072
26940000 1395.44 427.268 519.115 285.312 -186.388 -382.712
26970000 972.822 465.522 767.544 -85.1882 -377.925 107.937
27000000 734.85 569.011 424.824 -38.6558 -62.1596 -9.71734
27030000 394.153 1066.31 981.391 24.0007 -422.179 -177.725
27060000 344.459 1185.45 1157.34 156.573 -368.316 154.793
27090000 -270.582 1485.56 1370.87 -173.649 -418.384 182.285
27120000 100.299 1481.59 1179.58 -5.2982 -173.542 -0.738874
27150000 -748.771 1306.64 1575.62 -373.47 -440.545 -144.991
27180000 -1227.08 1647.26 1654.45 31.0497 -363.9 115.712
27210000 -1111.94 2354.17 1950.04 -16.6063 -222.551 -81.8059
27240000 -1488.76 2074.36 1905.46 -333.394 -10.0272 257.173
27270000 -1453.04 2161.2 2127.32 -500.496 -427.368 -78.5866
27300000 -1500.96 1985.04 2124.86 -243.995 -257.329 -145.537
27330000 -2031.4 1818.77 2191.32 232.479 -232.914 110.991
27360000 -1899.96 2423.64 2219.03 14.3329 -253.272 -12.1626
27390000 -2298.56 2551.93 2830.17 -30.3639 -636.349 -368.341
27420000 -2535.45 2920.27 2813.57 17.4802 -18.0527 244.875
27450000 -2776.16 2596.77 2732.29 64.5528 -258.878 75.8543
27480000 -2226.75 2603.65 3127.4 -41.8919 -182.651 256.164
27510000 -2583.46 3057.37 2373.62 -214.287 -102.169 20.1132
27540000 -3115.66 3557.26 2993.14 -245.351 -377.8 136.945
27570000 -3480.73 2931.54 3300.26 34.3498 -310.739 200.207
27600000 -2978.62 3044.79 2934.85 -301.707 -336.863 64.0828
27630000 -3306 2828.94 3034.63 16.7105 -92.7863 -101.112
27660000 -3282.67 3014.39 3129.15 -226.462 -125.3 -36.4086
27690000 -3267.2 3171.94 2951.91 -88.9177 -253.506 -9.43111
27720000 -3417.11 3012.29 3214.16 -269.481 -146.013 -1.80367
27750000 -3652.49 3158.91 3400.58 -146.368 -368.08 97.7353
27780000 -3109.57 3069.1 2997.22 -401.274 -275.247 -41.8307
27810000 -3021.73 3259.55 2770.75 -171.068 -334.989 -77.9551
27840000 -2972.51 2885.35 3155.26 -165.505 -190.439 -1.7813
27870000 -3214.46 3074.76 2921.61 -201.074 -225.052 142.757
27900000 -2902.34 2971.94 2792.33 -242.102 -194.255 569.155
27930000 -3220.74 2622.17 2981.21 10.7868 -392.092 330.328
27960000 -2722.64 2313.35 3188.52 -82.2732 -263.947 94.4577
27990000 -2704.96 2606.76 2560.05 -16.2436 -282.963 -158.146
28020000 -2381.72 2354.89 2605.37 -235.538 -409.781 -58.5248
28050000 -2188.47 2489.76 3007.7 225.026 -379.453 -106.796
28080000 -2056.76 2216.53 2662.23 -336.489 -199.858 -180.487
28110000 -2036 2447.96 2445.59 -96.9556 178.904 -136.96
28140000 -1842.12 2460.38 1760.88 -124.299 -538.027 -71.0803
28170000 -1528.3 2109.82 2009 2.86292 -722.938 219.027
28200000 -1610.66 2105.24 2129.14 78.7672 -27.9898 -107.535
28230000 -1291.53 1604.33 2267.91 -122.788 3.42174 158.268
28260000 -556.907 2013.36 1484.07 -194.869 -146.402 145.185
28290000 -404.456 1397.67 1944.8 -115.661 -37.6721 250.95
28320000 -834.465 1278.24 1709.21 32.0283 -61.7201 -97.9748
28350000 -291.298 948.679 1300.39 -165.768 -329.529 45.1506
28380000 -110.104 884.907 1251.32 -226.148 -112.864 -340.788
28410000 320.838 1641.99 1227.51 -134.687 -298.445 -93.779
28440000 672.578 773.247 1437.31 -279.755 -58.6827 273.367
28470000 971.868 834.196 870.868 256.483 -214.312 -217.635
28500000 1051.17 285.856 99.406 -187.27 -512.425 84.3541
28530000 1184.62 -210.93 839.062 43.0705 -449.043 231.439
28560000 1924.79 365.561 178.716 -158.148 -423.633 41.9539
28590000 2127.4 181.817 -167.997 -253.2 -23.9061 -43.8218
28620000 2170.27 279.188 206.303 12.7042 -433.493 -217.833
28650000 2317.24 -159.612 -45.7291 48.2391 -485.318 -254.424
28680000 2456.65 76.3045 -189.429 67.9578 -56.8067 274.875
28710000 2923.17 -2.01594 -336.578 280.699 -495.178 -35.4933
28740000 3397.56 -314.026 -505.978 -144.865 -343.848 -79.0962
28770000 3068.8 -1048.4 -616.266 -14.2307 -277.154 -218.274
28800000 3470.33 -506.06 -547.713 -139.515 -481.225 -87.7707
28830000 4033.6 -866.748 -547.196 -92.5239 -323.626 88.1804
28860000 3808.86 -1244.11 -662.436 -8.05686 -254.944 86.9418
28890000 4416.63 -615.425 -840.747 -101.161 -329.028 153.211
28920000 4132.53 -377.775 -1132.07 49.9152 -480.254 -18.4421
28950000 4472.07 -760.732 -653.569 171.474 -335.144 324.058
28980000 4762.21 -647.033 -991.842 -107.358 -616.081 -121.579
29010000 5180.58 -1100.6 -1104.3 -262.675 -468.199 178.978
29040000 4792.79 -947.446 -1406.46 -137.724 -211.054 -63.4596
29070000 4642.49 -1472.15 -1125.65 -165.993 -103.465 -47.6835
29100000 5599.07 -959.635 -1316.42 242.269 -265.179 -168.698
29130000 5115.12 -1031.82 -1537.03 -75.5077 -195.983 267.904
29160000 5338.21 -880.352 -1711.49 -113.058 -309.162 -212.243
29190000 4872.95 -1375.57 -1251.42 24.2749 -551.606 201.401
29220000 5226.52 -1262.08 -1526.18 114.285 -179.073 -172.891
29250000 5427 -1162.39 -1023.47 163.452 -722.832 -122.453
29280000 5236.88 -1419.03 -1154 163.098 -104.402 -122.322
29310000 5250.02 -1208.89 -1316.14 -19.987 -529.357 -129.937
29340000 4960.96 -992.308 -1156.67 -191.605 -280.027 -219.179
29370000 4677.64 -1544.28 -1509.13 173.138 -217.185 6.65873
29400000 5073.58 -976.477 -1271.5 54.1836 27.8313 -340.437
29430000 4977.85 -1355.9 -779.849 -28.1504 -146.553 54.8337
29460000 4805.48 -958.619 -999.319 -24.3564 -204.8 -314.514
29490000 4064.33 -1105.39 -851.357 -93.3588 -670.629 -121.963
29520000 4020.49 -920.321 -730.038 -25.5165 -208.021 11.8335
29550000 3981.96 -528.376 -1278.24 -102.816 -214.328 -213.598
29580000 3716.38 -896.645 -824.223 -104.139 -459.193 183.713
29610000 3558.37 -637.39 -517.677 -368.581 -684.946 127.256
29640000 3811.64 -701.516 -562.578 67.9026 -547.228 -203.538
29670000 3525.78 -263.559 -750.97 37.4644 -134.39 127.41
29700000 2694.74 -438.509 -256.195 24.0179 -461.656 -140.632
29730000 2863.85 -460.521 -114.026 -29.3716 -550.125 -51.5081
29760000 2917.88 -264.555 -112.193 -273.814 -541.906 14.3625
29790000 2734.44 -33.4417 -246.7 158.577 -266.05 -480.682
29820000 2133.62 447.803 217.353 -71.4155 -236.668 23.7429
29850000 2016.21 -33.3478 163.871 -520.189 55.584 -58.1438
29880000 1740.91 509.877 51.9552 146.862 -619.44 180.483
29910000 1149.21 137.539 534.924 -80.0782 -285.073 247.171
29940000 1333.5 713.755 769.226 79.2644 -530.022 362.175
29970000 1112.51 657.296 601.041 -207.443 -492.752 3.43928
30000000 398.934 1042.67 914.519 128.53 -372.74 98.7797
