# Time-averaged data for fix ps1
# TimeStep c_thermo_press[1] c_thermo_press[2] c_thermo_press[3] c_thermo_press[4] c_thermo_press[5] c_thermo_press[6]
0 -89.6991 413.153 -26.9962 -132.802 308.465 160.407
30000 940.157 731.192 1003.98 69.9764 472.579 -72.8064
60000 -119.273 850.381 800.64 197.081 265.903 62.4852
90000 -390.332 962.725 953.348 -355.481 470.397 138.871
120000 -65.3309 1270.63 1422.36 -135.369 126.767 -66.7287
150000 -804.893 1333.17 1414.42 112.806 249.627 -208.503
180000 -1165.3 1476.14 1665.21 -59.6079 -14.1209 105.95
210000 -891.853 1310.8 1703.5 124.508 146.771 -317.13
240000 -1103.32 1683.64 1832.76 -248.595 6.30419 -194.33
270000 -1130.75 1690.71 2291.35 -8.36918 -91.3471 67.6928
300000 -968.129 1653.86 2122.27 -283.157 221.649 94.2619
330000 -1306.04 1681.85 2056.84 -183.761 384.1 -306.646
360000 -1129.16 1391.51 2222.33 -209.199 -66.0194 -45.5101
390000 -1535.5 1580.85 2428.46 134.261 290.713 -3.09615
420000 -1530.12 2097.77 1915.5 -19.1335 375.727 -66.3055
450000 -1772.71 1705.03 1971.68 260.4 -12.5899 9.39792
480000 -1693.89 2188.98 2055.49 426.443 292.241 -120.568
510000 -1765.72 1949.05 2185.65 -258.675 173.647 152.738
540000 -1589.65 1935.37 1573.55 -108.185 284.501 -408.019
570000 -1652.05 2047 2401.44 60.9552 326.47 -578.44
600000 -1447.66 2221.28 2482.92 129.848 161.812 -274.447
630000 -1806.89 2067.41 2412.26 -51.5981 220.157 -48.501
660000 -1679.5 2523.63 2190.12 57.3033 -109.025 -168.664
690000 -1827.78 2259.44 2234.49 -76.1847 -14.4806 166.835
720000 -1929.9 2354.11 1554.22 336.917 -42.282 -203.774
750000 -2022.97 2362.08 2324.23 -316.556 366.567 -96.7335
780000 -1623.83 2305.73 1795.58 106.678 217.292 -5.12335
810000 -1646.85 2448.73 2039.98 58.1817 259.299 -184.217
840000 -1630.42 2076.78 2075.26 -261.847 107.534 -102.591
870000 -1478.31 2078.58 1883.67 378.661 113.852 -295.606
900000 -1240.03 1792.24 1590.75 293.15 466.477 -305.967
930000 -1265.01 1459.85 2042.8 50.1863 288.462 -40.302
960000 -887.167 1666.67 1893.51 -161.729 459.798 -119.407
990000 -942.194 1259.2 1906.13 -152.072 246.14 -831.957
1020000 -436.938 1612.78 1248.68 -208.028 -20.9039 -203.625
1050000 -960.776 1591.87 1433.2 -45.1484 197.917 3.77301
1080000 -629.698 1330.72 1473.07 216.998 -77.236 -385.094
1110000 -115.292 1625.61 1048.36 -221.682 270.013 -85.4465
1140000 -8.72108 1021.75 1340.76 104.474 279.429 -128.092
1170000 126.732 1311.02 1491.75 16.1937 76.133 -138.401
1200000 268.496 1261.44 1190.34 126.176 115.531 -364.932
1230000 508.633 1042.5 1208.31 240.038 143.767 -294.521
1260000 337.286 966.727 1056.78 -25.3097 355.636 -110.721
1290000 679.069 849.469 1092.71 -250.976 277.672 -46.1433
1320000 541.625 1217.56 954.333 -19.5041 202.764 -295.014
1350000 1194.71 636.077 476.118 -24.3226 276.229 132.574
1380000 1082.77 380.734 577.324 -188.247 188.138 -75.6729
1410000 1871.89 10.6261 612.322 53.5302 292.396 -268.646
1440000 2163.34 303.38 462.563 -45.2733 186.041 -385.303
1470000 1413.52 572.54 434.927 -106.041 -74.522 102.717
1500000 2198.21 87.5896 702.528 377.18 95.8946 -359.966
1530000 2256.05 68.1961 -432.362 103.941 -25.5695 -315.351
1560000 2332.91 -51.2238 -268.326 70.8846 272.525 -344.584
1590000 2710.31 -280.495 110.454 484.219 -279.439 -18.987
1620000 3394.53 -293.045 97.007 -118.193 -176.893 -180.57
1650000 3449.9 -294.597 -485.178 124.542 48.9525 11.488
1680000 3296.71 -231.428 -442.422 -40.287 68.6682 -518.915
1710000 3563.8 -550.84 -347.018 292.208 203.434 -333.511
1740000 3651.48 -734.745 -247.6 180.747 528.545 -235.97
1770000 4133.59 -1013.79 -363.163 57.8466 595.097 -387.748
1800000 3847.16 -742.078 -630.163 -65.7513 438.456 -742.174
1830000 4292.27 -731.008 -564.336 -346.645 408.782 6.49585
1860000 3476.02 -1059.53 -326.014 -10.3016 715.645 -473.09
1890000 3798.34 -486.505 -834.318 -243.028 184.545 -323.849
1920000 4011.7 -650.364 -538.501 -318.297 306.492 -636.648
1950000 4072.79 -432.879 -1027.32 12.5376 593.284 -308.084
1980000 4528.66 -631.662 -385.989 254.468 491.62 -585.165
2010000 4171.06 -1027.53 -1101.97 -105.718 403.837 -348.554
2040000 4505.81 -584.396 -890.871 -777.889 415.197 65.7465
2070000 4425.66 -691.254 -783.849 -166.627 188.949 -230.852
2100000 4478.3 -519.027 -1127.65 -154.856 192.891 127.975
2130000 4490.89 -255.689 -686.872 -201.535 816.818 -191.994
2160000 4322.91 -618.19 -759.912 145.794 678.41 -54.7245
2190000 4358.97 -461.421 -919.978 -31.492 154.501 13.1409
2220000 4348.44 -471.701 -231.828 111.557 407.202 -321.053
2250000 4223.67 -368.207 -693.71 -211.368 246.921 -112.258
2280000 4059.35 -300.214 -413.931 -157.407 261.681 -135.429
2310000 3798.23 -425.685 -203.646 -56.9101 -118.268 -421.038
2340000 3694.9 -390.923 -283.037 -92.5426 448.448 34.6434
2370000 3632.44 -133.299 -207.298 321.069 107.442 -125.381
2400000 3232.3 -454.025 -388.269 -340.93 203.392 -627.697
2430000 3645.76 -554.326 90.1561 -14.9757 282.504 -131.546
2460000 3458.78 -415.035 -239.783 -107.634 309.737 16.779
2490000 3265.24 -743.426 -216.671 -161.384 55.8131 -174.404
2520000 2607.7 -153.638 464.701 32.1651 -3.90516 -202.909
2550000 2516.81 94.9462 -42.5109 284.313 170.726 -403.372
2580000 1925.72 -431.236 514.588 -264.669 -77.2809 -680.482
2610000 2282.14 210.57 209.143 30.8504 -27.549 -126.777
2640000 1958.91 -97.1416 525.515 -140.887 77.4906 -394.973
2670000 2057.29 320.999 191.364 -106.41 -180.584 -442.303
2700000 1695.66 465.854 934.166 -138.442 -11.0366 -130.364
2730000 1862.14 586.997 915.266 14.4427 23.4401 -208.829
2760000 1340 712.337 600.286 221.277 -237.623 -35.3578
2790000 1189.92 810.839 1019.13 -191.322 200.061 -171.971
2820000 1373.53 689.836 949.629 178.967 412.25 -399.237
2850000 981.247 1250.92 937.283 156.387 188.769 536.398
2880000 913.465 1215.44 1163.29 269.336 -258 -135.811
2910000 472.164 1188.79 830.949 349.87 -291.684 -108.09
2940000 382.34 934.63 1411.54 38.0036 -188.132 -79.3573
2970000 362.282 1346.14 1270.41 14.2659 -232.265 139.54
3000000 -547.083 1129.5 1358.68 -221.926 -223.832 83.6033
3030000 -414.024 1483.62 1452.22 -175.675 -26.4109 156.781
3060000 -629.776 1353.76 1660.5 143.824 40.2567 197.927
3090000 -656.306 1816.33 1794.8 -13.1945 -16.1227 221.431
3120000 -688.794 1482.6 1600.97 -460.719 -398.687 -24.7315
3150000 -1175.27 2127.47 2494.51 -435.894 -54.8176 214.755
3180000 -879.91 2121.54 1286.17 -224.831 -298.084 -135.774
3210000 -1165.08 2150.03 1687.51 -490.261 82.2568 -54.8771
3240000 -1520.4 2466.45 1722.17 -39.9689 99.897 -252.868
3270000 -1260.62 2078.76 1811.68 -229.063 -42.9845 -219.659
3300000 -1529.71 2503.08 2005.56 -272.351 -9.17049 -168.558
3330000 -1617.21 2331.99 1646.72 -164.857 -15.8288 -215.849
3360000 -1697.04 2603.04 2171.95 -355.05 89.2245 -213.208
3390000 -1976.01 2578.74 2612.36 -604.711 -6.73891 -163.914
3420000 -1904.28 2260.25 2243.18 -21.2543 58.2013 299.921
3450000 -1530.26 2369.6 2306.92 170.387 93.7697 -232.035
3480000 -2092.24 2882.26 2355.79 171.268 -60.5382 35.2888
3510000 -2126.25 2561.72 2252.56 -13.1268 298.792 -329.901
3540000 -1905.72 2661.31 2746.02 -52.5365 -164.257 51.7822
3570000 -2010.07 3355.29 1943.94 -26.3555 62.337 -263.119
3600000 -2145.26 2826.46 2311.2 5.65073 536.404 -68.6736
3630000 -1699.73 2875.14 2287.37 116.791 -62.7126 -30.2788
3660000 -1199.55 2469.02 2224.79 -181.253 248.866 17.2924
3690000 -1581.46 3408.46 2434.39 13.1986 329.929 -152.344
3720000 -1917.78 2491.83 2523.05 -159.076 183.657 -255.601
3750000 -2588.81 2300.21 2440.14 200.585 193.269 -196.122
3780000 -2453.13 2760.94 2804.95 -326.195 -89.4302 -93.5146
3810000 -1898.37 1987.63 2377.27 -233.399 191.929 -173.626
3840000 -1686.99 2930.04 2016.93 -98.3344 -366.683 -199.009
3870000 -1433.17 2239.01 2100.14 -55.2107 104.062 116.962
3900000 -1527.43 2747.99 2086.03 -440.866 -198.269 0.434789
3930000 -1609.46 2637.52 1642.23 -394.263 -257.137 -65.6315
3960000 -1308.46 2211.4 1903.27 -320.628 -196.648 139.281
3990000 -1561.95 2381.32 2438.42 127.873 196.942 -137.246
4020000 -1239.52 1935.75 2441.67 -280.503 195.835 -113.724
4050000 -1144.89 2191.29 1878.17 81.8765 -29.27 -16.3341
4080000 -1243.3 2038.41 2369.69 -85.3233 234.361 -32.5935
4110000 -797.458 2026.28 1525.1 -368.754 -42.3612 -380.41
4140000 -297.33 2121.96 1899.25 -60.9384 95.6414 -162.413
4170000 -408.557 2255.27 1701.13 -232.599 68.7368 41.8671
4200000 -9.06713 1752.07 1666.43 67.4341 336.829 -164.263
4230000 291.076 1369.81 1468.6 -241.248 -81.1269 -60.5866
4260000 349.179 1317.42 1456.91 -74.9558 -25.8632 -257.301
4290000 550.225 1517.59 1264.47 -298.782 263.018 54.9359
4320000 783.066 788.964 1367.49 -41.2843 62.6515 59.7887
4350000 1104.54 1203.42 783.235 -586.494 183.574 -157.832
4380000 930.177 1242.45 879.02 -209.819 28.2586 330.458
4410000 1554.83 607.857 687.776 75.121 -173.696 -132.678
4440000 1208.31 952.674 580.54 -320.741 50.8827 -502.107
4470000 1568.36 417.811 856.467 -427.146 -216.899 -421.115
4500000 1852.23 947.77 562.196 -571.541 -235.368 -313.192
4530000 1891.72 437.61 441.038 -25.9962 238.61 13.6692
4560000 2070.23 -20.859 487.225 21.5509 -233.624 -198.437
4590000 1593.12 126.753 715.698 -409.681 95.2534 -243.314
4620000 2146.83 280.783 327.599 -277.689 261.264 70.6774
4650000 3008.49 413.656 290.449 -98.1794 14.8621 -206.753
4680000 2792.69 74.6788 275.857 -100.212 261.709 218.861
4710000 3358.11 -485.175 6.50897 -54.8623 125.987 -220.385
4740000 2734 225.316 -36.5488 -300.134 -30.5462 126.194
4770000 3200.1 51.0726 361.408 -16.7738 379.111 -78.9724
4800000 3153.07 -61.2147 -306.046 -108.176 92.4514 274.167
4830000 3563.43 -97.2997 237.959 -439.518 221.821 -125.954
4860000 3618.32 -429.901 -314.461 -404.513 255.723 -361.802
4890000 3636.23 -639.552 44.55 -449.829 345.65 -34.0506
4920000 3330.92 -230.781 64.3721 -245.302 420.448 206.409
4950000 3547.84 -348.958 73.2257 -208.037 -15.9257 -455.295
4980000 3313.55 -143.622 -86.9772 -158.726 270.15 -50.6198
5010000 3208.53 -437.669 233.812 -394.907 206.742 -179.35
5040000 3610.99 -166.697 -44.9702 -434.11 -57.3448 -303.989
5070000 3431.29 -497.792 -425.232 -237.835 35.0176 -238.982
5100000 3718.58 -317.152 -418.793 28.5594 -76.9636 -179.12
5130000 4208.48 -478.976 -184.546 -444.787 109.134 -299.501
5160000 3757.62 -361.525 -274.275 -188.674 256.068 -107.05
5190000 3602.94 -502.456 -97.6842 -380.93 290.511 -74.2507
5220000 3660.94 -259.671 -460.152 -216.164 174.649 -163.448
5250000 3892.42 -662.585 -370.433 -205.814 166.522 -376.234
5280000 3714.4 -734.634 -241.018 -453.798 -456.306 -348.246
5310000 3318.11 75.3246 99.112 -250.282 311.881 151.833
5340000 3276.2 -131.885 -144.202 -591.841 239.033 -202.208
5370000 3508.84 -534.45 93.9756 -103.335 162.205 -51.2058
5400000 3442.02 -299.774 114.975 -165.242 197.205 -249.156
5430000 3389.2 -422.666 -418.242 -370.731 607.566 -363.462
5460000 3173.25 328.134 -110.061 -219.332 544.127 -162.516
5490000 2210.71 282.521 243.636 221.179 271.807 -297.486
5520000 3087.5 127.925 190.136 1.7685 181.302 -664.525
5550000 2147.39 312.351 -48.9013 -339.941 176.323 -308.509
5580000 2246.84 540.631 280.2 -121.435 510.889 -501.989
5610000 2325.87 465.928 413.245 -83.861 15.4872 -213.004
5640000 2178.52 496.245 806.713 -596.776 407.667 -46.8263
5670000 1617.4 1179.96 600.099 -377.527 225.745 -416.103
5700000 1910.35 605.24 494.001 -251.047 104.978 271.333
5730000 1504.31 940.983 600.154 -227.127 612.303 -122.666
5760000 1187.68 942.096 718.311 -295.108 355.015 244.922
5790000 1032.97 854.973 375.836 -172.198 334.283 -417.69
5820000 1468.54 943.851 1005.61 -341.03 695.513 98.4073
5850000 771.112 1573.28 722.377 364.377 -46.1935 61.3109
5880000 417.149 1688.63 1057.59 -340.5 267.256 -148.203
5910000 497.37 1870.89 669.486 -114.557 328.244 -374.761
5940000 -391.415 1193.87 1384.41 -221.294 430.782 -324.878
5970000 -240.344 1805.53 993.008 181.589 123.402 -132.785
6000000 123.59 1532.92 1354.72 -234.891 103.659 0.262898
6030000 -401.073 1976.96 1704.79 -153.787 349.062 -258.281
6060000 -813.871 1979.59 1170.33 -719.075 -4.14591 -453.017
6090000 -1097.48 1658.31 969.61 -160.443 197.964 220.862
6120000 -623.053 2284.13 2134.18 154.414 18.0348 77.3327
6150000 -884.765 2212.44 2008.92 -226.061 272.911 50.1485
6180000 -1024.4 1925.56 1959.38 -566.145 63.2196 -381.123
6210000 -1132.5 2428.46 1928.79 -132.227 389.244 251.11
6240000 -1143.87 2215.91 2494.1 -314.88 280.381 -121.033
6270000 -1245.07 2142.16 1854.04 5.01737 48.0621 -173.365
6300000 -1757.67 2642.94 1849.61 4.23112 496.156 -330.999
6330000 -1718.56 2317.51 1858.82 277.054 235.11 -370.298
6360000 -2017.71 2255.86 2642.1 187.039 -227.254 -246.888
6390000 -2095.08 2651.35 1992.47 96.1653 229.459 -381.899
6420000 -1442.25 2263.4 1957.63 -83.3755 -215.49 -179.515
6450000 -2515.8 2644.09 1731.16 145.093 187.284 -217.953
6480000 -1352.61 2028.64 1628.11 181.807 173.653 -497.389
6510000 -1879.22 2609.55 2748.82 98.9072 93.8159 -21.7033
6540000 -1616.09 2497.31 2429.62 -84.8758 227.489 -15.1625
6570000 -1316.68 2570.14 1778.79 -155.03 112.482 173.741
6600000 -1505.11 2678.04 1929.99 -126.559 -263.647 -34.561
6630000 -1884.14 2997.47 2587.65 201.557 -168.428 -280.358
6660000 -1690.12 2585.98 2377.73 4.15691 -139.916 -384.997
6690000 -1801.13 2470.62 3015.63 206.568 238.01 214.393
6720000 -2366.05 2214.08 2403.74 439.13 -85.4121 173.246
6750000 -1629.78 2083.57 2063.65 430.569 -106.367 37.8127
6780000 -1613.25 2669.52 2791.29 220.428 -282.735 97.2946
6810000 -1692.44 2834.96 2668.08 225.804 -135.601 -288.933
6840000 -1615.72 2518.37 2901.82 -79.4453 -290.352 129.791
6870000 -1753.01 2614.09 1728.02 367.792 -267.816 -62.2159
6900000 -1714.12 2175.9 2727.7 470.371 -56.6233 -244.459
6930000 -1554.48 2596.49 2464.54 86.6348 79.4451 -170.39
6960000 -1483.12 2713.22 2347.66 194.656 196.858 -266.265
6990000 -1471.3 2282.44 2251.29 364.409 -412.938 -102.267
7020000 -1267.47 2568.37 2199.66 430.48 -134.734 96.6067
7050000 -1099.95 1659.4 1825.63 408.121 309.283 92.6991
7080000 -164.133 2153.81 1851.12 -47.0194 268.767 -94.6433
7110000 -83.3156 1376.58 1623.08 -60.7433 -53.4163 -222.045
7140000 -331.604 1990.54 1516.61 227.298 331.394 -227.413
7170000 -471.353 1746.88 1500.4 -150.392 339.015 -379.774
7200000 58.9722 1450.7 2006.46 -69.4958 -129.799 -283.845
7230000 91.9488 1056.06 1511.16 18.7048 -281.348 -380.082
7260000 335.023 1403.09 1457.44 207.782 -682.737 -338.048
7290000 485.308 912.043 1302.02 -153.708 106.018 -223.48
7320000 796.704 1287.95 1248.75 57.7401 -92.0111 -322.89
7350000 918.796 1099.22 1075.9 183.304 3.94126 -143.268
7380000 1429.26 447.982 698.846 38.2619 -162.642 -244.276
7410000 1430.19 603.501 1006.33 -94.638 -180.414 125.423
7440000 1757.71 357.91 545.143 336.433 262.13 -502.173
7470000 2094.53 431.248 205.31 137.013 122.206 -310.953
7500000 1980.22 626.491 612.333 30.2224 -32.1776 151.974
7530000 2098.7 293.32 120.001 24.4941 244.293 -165.793
7560000 2147.96 326.523 580.73 267.581 124.243 63.7008
7590000 3369.89 360.864 494.558 40.4862 84.8813 -524.06
7620000 2792.98 -254.541 6.94805 453.648 421.035 -87.6764
7650000 2861.69 320.225 38.3576 30.7199 159.14 44.1807
7680000 2953.87 199.279 473.608 226.759 119.049 -69.9897
7710000 2970.75 -350.678 367.374 379.562 231.389 148.956
7740000 3314.55 -291.168 -511.315 48.4766 411.702 480.799
7770000 3276.31 -320.213 -668.841 117.024 135.226 25.6899
7800000 3298.52 -119.626 141.981 39.4548 375.308 -102.638
7830000 3375.44 -435.703 -305.117 -44.598 404.907 -283.917
7860000 3353.37 -214.802 -399.252 10.4592 647.402 -146.334
7890000 4236.66 -486.25 -782.659 -160.255 272.393 216.892
7920000 3934.54 -846.97 -565.751 154.214 593.056 377.049
7950000 4258.54 -1095.65 -629.261 219.648 203.474 -72.076
7980000 4134.05 -223.701 -355.272 -15.5275 151.782 -169.082
8010000 4166.57 -352.063 -1049.78 271.802 208.19 111.594
8040000 4260.52 -505.89 -820.734 -73.9504 593.859 78.3906
8070000 4325.26 -441.596 -732.598 104.466 310.49 304.863
8100000 3926.72 -756.079 -827.112 179.241 166.507 276.587
8130000 4153.96 -588.565 -1050.2 456.983 240.068 233.193
8160000 3902.33 -518.346 -735.391 456.367 164.283 -79.5251
8190000 4601.72 -500.939 -1119.29 393.211 178.778 -41.4024
8220000 4003.52 -57.384 -484.808 -0.854156 103.402 -299.468
8250000 4052.19 -238.719 -214.164 455.659 -60.4945 128.072
8280000 4063.11 167.201 -517.415 19.1736 286.708 -254.001
8310000 3883.28 -542.689 -301.144 289.781 377.33 -166.937
8340000 3629.66 170.563 -59.2107 461.625 144.076 -231.482
8370000 3576.48 -532.894 -97.5242 460.004 84.1795 -333.265
8400000 3294.64 397.301 -33.6602 293.008 -213.022 74.2747
8430000 3521.14 -235.621 97.3837 138.354 -307.615 -230.868
8460000 3341.42 268.768 -420.725 440.028 43.33 44.2183
8490000 3374.81 -206.602 147.275 98.9158 45.2235 -69.818
8520000 3121.31 580.621 -160.951 171.724 101.973 78.2052
8550000 2653.86 325.279 -194.474 444.573 57.1179 39.0362
8580000 2051.27 695.033 452.469 -31.0968 45.9828 -6.44028
8610000 2257.43 500.755 536.041 226.416 196.215 -489.196
8640000 2142.85 998.708 57.0324 202.641 190.845 90.3914
8670000 1876.23 613.208 172.319 499.026 590.106 -80.6017
8700000 1768.01 936.937 617.779 244.476 -106.436 -25.439
8730000 1158.29 1066.95 306.031 179.301 70.2814 145.727
8760000 723.012 940.107 745.957 -92.052 228.024 190.328
8790000 798.536 424.309 1424.74 246.265 175.515 116.337
8820000 1265.96 1358.57 679.666 52.2815 281.097 345.333
8850000 621.181 1146.29 881.634 16.0605 414.476 207.214
8880000 382.146 1161.11 1234.05 159.056 -4.36696 56.627
8910000 832.813 1582.56 1280.72 52.778 384.281 162.218
8940000 244.349 1311.35 1334.57 427.664 437.868 168.473
8970000 199.843 1687.58 1290.97 317.929 121.506 167.572
9000000 -352.422 1672.6 1016.31 101.603 200.935 545.393
9030000 -473.799 1946.72 1356.51 -87.9516 239.129 -46.5425
9060000 -411.594 1657.83 1442.16 69.448 577.898 124.69
9090000 -610.56 1481.8 2105.48 94.0682 364.536 514.872
9120000 -251.36 1713.08 1907.1 188.833 100.074 286.911
9150000 -1516.7 2100.36 2026.43 63.3331 145.158 385.962
9180000 -1022.59 2295.3 2328.24 0.223264 559.133 -245.603
9210000 -942.607 2361.08 2275.36 367.929 147.649 48.4676
9240000 -1786.14 2555.86 2024.36 63.5454 363.376 354.639
9270000 -1520.95 2703.73 2457.02 -12.5168 182.892 -153.306
9300000 -1102.68 2401.82 2073.2 382.987 43.4136 164.982
9330000 -1059.33 2592.98 2249.74 329.147 183.645 -135.794
9360000 -1684.03 2826.73 2519.88 -137.458 191.398 139.465
9390000 -2165.17 2231.7 2432.41 -6.07505 255.41 -329.128
9420000 -2034.95 2391.62 2707.77 355.097 -65.8899 -45.9635
9450000 -2115.36 2295.76 2291.95 387.262 133.142 201.528
9480000 -1835.07 2603.85 2895.95 201.414 379.958 -86.0715
9510000 -2375.99 2395.2 2736.44 -100.677 71.6353 316.414
9540000 -2217.58 2275.68 2838.37 351.076 240.25 112.331
9570000 -2617.93 2249.54 2708.45 114.303 227.551 101.606
9600000 -2091.6 2495.71 2695.9 -191.558 317.704 -195.188
9630000 -1875.9 2999.82 2403.28 52.7429 106.877 -132.198
9660000 -1717.15 2528.94 2418.03 126.512 429.546 -307.312
9690000 -2493.78 2587.97 2587.42 49.8121 -197.373 -127.846
9720000 -2083.27 2274.82 2512.86 0.895404 246.752 66.7391
9750000 -2071.02 2376.13 2024.65 -104.126 124.812 -304.747
9780000 -2154.42 1907.96 2909.67 85.599 145.222 -456.467
9810000 -1553.63 2300.05 1950.7 94.1658 -166.079 -328.588
9840000 -2049.92 2085.22 2694.92 450.308 -217.205 -38.5819
9870000 -2175.2 1894.66 2855.88 93.9867 -8.90943 -211.468
9900000 -1781.5 1257.12 2395.24 324.292 95.4348 -24.7347
9930000 -1372.56 1959.95 2512.64 145.94 129.794 -61.3153
9960000 -1320.02 1777.28 2245.35 50.5404 109.15 55.6743
9990000 -1273.12 2018.38 2763.62 234.094 108.458 -287.093
10020000 -1262.72 2157.48 1970.7 81.7791 5.895 -72.1411
10050000 -1033.33 2084.62 1795.65 61.0598 -33.6659 -318.12
10080000 -708.095 1756.48 1680.83 224.64 -49.484 177.53
10110000 -547.176 1899.05 1354.51 429.006 -73.8681 -106.667
10140000 -335.528 1550.76 1502.74 129.424 282.434 207.582
10170000 -796.86 1973.28 1454.47 106.108 -2.57237 166.073
10200000 -488.914 1297.56 1673.24 -214.05 -402.799 -201.589
10230000 -298.138 1336.89 1378.21 49.176 394.006 -163.503
10260000 -97.9349 1479.75 1162.92 -228.422 -111.457 -264.343
10290000 863.486 1143.44 1038.54 -75.4803 371.548 -140.694
10320000 730.283 1022.47 876.542 -38.9869 -186.29 -132.479
10350000 702.928 867.554 909.157 -185.906 -269.732 -427.059
10380000 979.657 1228.18 822.611 8.81229 -325.409 -167.54
10410000 1123.24 547.924 809.539 205.446 24.563 -5.61681
10440000 1141.28 604.76 731.691 -30.2694 -88.7206 -193.494
10470000 1777.81 562.846 632.14 -10.9515 -147.297 -568.317
10500000 1974.34 287.542 529.707 44.5069 49.6702 -245.182
10530000 1544.92 563.443 527.631 -259.336 253.216 -705.425
10560000 2106.88 128.325 452.162 268.649 -80.8254 -554.642
10590000 2351.61 -17.7248 206.354 400.223 193.651 -16.192
10620000 2417.3 72.7114 -49.8256 290.175 142.072 33.4256
10650000 2843.51 206.738 -290.019 -6.77489 62.029 -357.847
10680000 2637.75 242.077 -187.359 350.915 -121.476 -296.095
10710000 3208.2 483.978 -351.618 54.904 7.75388 -157.893
10740000 2876.74 -711.769 107.054 326.333 -35.8374 -220.278
10770000 2862.03 -38.5301 -370.996 184.714 52.8088 -623.772
10800000 3338.18 -497.824 69.2863 166.814 -192.902 123.461
10830000 3080.54 -112.029 -308.177 207.286 -296.48 -189.118
10860000 4064.95 -244.293 -488.622 -129.581 -248.505 -70.7977
10890000 3735.92 -672.721 -426.689 50.0299 30.5766 -110.933
10920000 3749.55 -317.838 -524.568 19.7576 -604.426 261.078
10950000 3519.93 -844.48 -486.177 150.228 -206.526 116.721
10980000 3895.9 -740.284 -297.444 -58.2009 169.8 74.718
11010000 3722.23 -691.257 -308.749 174.288 44.6109 129.294
11040000 3808.11 187.932 -653.724 500.399 -185.559 -115.681
11070000 3291.09 -162.839 -690.942 122.957 53.7596 5.66468
11100000 3462.62 230.329 -700.342 56.9833 60.9349 -62.8899
11130000 3859.83 -379.942 -486.669 79.0332 249.077 315.887
11160000 3617.88 -480.819 14.1866 34.1867 49.1828 -102.551
11190000 4028.63 -858.334 -388.242 -52.307 -138.245 -291.133
11220000 4085.71 -623.783 -335.03 -27.4147 -157.69 0.645018
11250000 4138.89 -523.544 -848.48 171.453 -63.8642 -106.188
11280000 3801.08 -858.255 -572.325 201.247 -320.182 -464.437
11310000 4204.72 -466.436 -229.618 -72.9162 -351.873 -145.442
11340000 3116.64 -550.296 25.9618 338.762 -233.784 85.7152
11370000 3482.77 -627.161 -744.597 211.318 162.892 -292.934
11400000 3514.28 -160.077 -464.464 422.779 25.133 -210.654
11430000 3468.47 -572.542 -383.963 15.7188 97.614 53.3285
11460000 2904.1 155.799 -397.911 46.4702 -107.076 -194.626
11490000 3125.38 95.7449 -264.275 202.294 -569.468 -156.451
11520000 2954.76 80.7518 -159.031 -77.0011 136.986 -521.598
11550000 2834.49 157.286 -49.5887 -135.47 -171.416 -34.0713
11580000 2734.76 -74.8244 -12.285 151.178 -166.257 -254.789
11610000 2312.07 605 298.658 87.8261 -251.55 -293.386
11640000 2302.79 -97.6277 473.577 396.607 -216.133 -94.1783
11670000 2050.08 344.34 -68.3828 42.4374 66.6817 -323.946
11700000 1854.14 186.833 558.212 102.588 27.5562 -257.321
11730000 1949.7 394.769 969.281 139.361 340.101 -13.9304
11760000 1140.29 450.417 700.022 65.5744 230.4 -162.147
11790000 1106.71 255.857 1002.79 403.221 295.615 -260.736
11820000 1269.34 25.53 1132.02 -16.209 42.0502 -274.96
11850000 666.026 378.694 1048.49 -50.6274 -35.6 -395.568
11880000 492.24 1062.93 1053.32 115.579 -180.092 -230.197
11910000 -145.282 894.452 1450.96 111.953 -20.3044 -256.656
11940000 305.64 643.254 1378.52 193.282 -27.1258 -133.075
11970000 -73.9028 1666.61 1216.53 196.94 -136.61 -398.742
12000000 -434.854 1235.48 1601.35 488.044 -295.377 -641.191
12030000 -203.116 1455.78 1489.4 277.003 -95.6968 -556.131
12060000 -606.768 1311.25 1598.11 403.59 -400.5 -427.147
12090000 -688.409 1551.78 1971.67 -106.218 -221.327 -518.673
12120000 -321.298 1953.89 2244.96 344.743 -87.1134 -75.5775
12150000 -1080.82 1435.33 1759.86 87.8581 242.86 -234.175
12180000 -1754.95 1982.38 2227.29 315.975 -247.725 -99.2454
12210000 -1509.15 1682.98 2077.78 10.4806 -103.145 -78.5276
12240000 -1719.86 2261.79 2222.82 -54.0232 71.5563 -315.151
12270000 -1936.16 2235.98 2120.08 499.093 156.561 -104.846
12300000 -1862.03 2165.53 2453.05 248.314 72.4806 -187.036
12330000 -1358.22 2389.64 1906.55 -238.158 324.656 -191.77
12360000 -1798.03 2699.44 2553.22 -278.33 -32.194 -125.318
12390000 -2102.08 2183.48 2386.99 162.562 -311.503 -411.256
12420000 -2121.39 2025.03 3249.62 87.988 121.658 -159.956
12450000 -2068.49 2143.37 2145.54 -215.213 -86.4268 -353.267
12480000 -2320.29 2775.97 2496.49 -39.4714 87.8943 -268.647
12510000 -2495.24 2193.45 2900.59 -117.394 -10.0888 -22.9787
12540000 -2052.9 2556.53 2736.92 -28.0154 -112.238 86.1363
12570000 -2093.45 2314.9 2368.9 -17.3021 168.87 -254.627
12600000 -1833.97 2459.78 2327.51 20.7379 -80.3963 -149.273
12630000 -1863.85 2203.1 2681.27 -319.651 422.763 -144.059
12660000 -2594.68 2211.05 3143.34 -169.157 145.951 -102.406
12690000 -2208.74 2646.93 2236.87 -370.938 273.273 -354.637
12720000 -2374.64 2078.87 2317.45 -399.389 257.65 -231.205
12750000 -2135.88 2188.27 2242.83 -201.167 354.156 -261.577
12780000 -2078.12 2560.02 2358.8 -59.8333 14.1246 -540.965
12810000 -2004.13 2258.15 2470.68 -156.29 205.162 -304.022
12840000 -1757.08 2017.44 2323.87 -201.535 -299.881 -83.1853
12870000 -1714.21 2152.38 2079.68 -245.378 -202.588 -245.882
12900000 -1830.99 2376.45 2316.61 -45.5172 363.977 -611.4
12930000 -2328.83 2588.84 2052.6 19.1615 -29.8079 -542.578
12960000 -1798.27 2603.07 1894.44 183.136 -197.612 -92.516
12990000 -1770.91 1804.54 2430.77 -32.4909 222.039 -172.441
13020000 -1889.73 2178.78 1856.33 -168.067 210.598 -175.684
13050000 -1154.47 2319.66 1754.28 215.608 414.823 -199.135
13080000 -1255.84 1636.19 1557.44 -5.65174 -61.977 -174.541
13110000 -1407.54 1751.43 1963.98 5.57351 -311.156 -56.5494
13140000 -993.395 1652.79 1572.01 -393.772 -202.79 -291.987
13170000 -1000.41 1749.58 1588.93 -218.978 -50.5101 -378.674
13200000 -377.877 1969.16 1572.03 156.6 -326.355 117.308
13230000 -373.038 1297.72 1535.61 39.9024 -300.899 -516.804
13260000 95.0839 1380.66 1262.67 -91.9997 -244.265 -139.41
13290000 131.962 997.438 782.102 192.392 -8.86661 -130.461
13320000 145.4 1412.92 856.438 -269.761 236.273 -150.877
13350000 552.084 1189.71 1353 114.545 364.454 -137.649
13380000 276.486 970.44 816.207 -253.887 134.458 -44.5949
13410000 602.459 1098.88 808.905 -19.1547 356.848 -58.3624
13440000 1406.38 502.583 659.377 -112.924 28.7136 -328.435
13470000 726.489 764.495 888.019 -69.6276 -291.453 -26.2322
13500000 2218.76 784.633 260.662 264.399 -51.5056 -444.558
13530000 1836.8 227.498 415.535 -68.8991 23.1162 -274.116
13560000 2029.61 462.722 570.392 -34.3323 178.439 -183.457
13590000 2374.6 131.323 362.205 -240.6 -51.7474 -402.43
13620000 2552.89 -357.454 40.185 -67.3613 61.5349 -483.637
13650000 2727.17 -604.714 254.525 50.3076 -421.383 -351.101
13680000 2654.22 -299.73 241.572 29.0109 -376.97 -378.025
13710000 3009.75 -418.478 5.28966 94.1544 20.9863 -659.893
13740000 2747.62 -699.642 285.212 301.182 -166.711 -589.632
13770000 3139.25 -830.932 686.389 -241.828 -336.808 -497.179
13800000 3438.39 -500.311 25.0072 -11.2362 171.248 -245.422
13830000 3455.18 -587.979 24.274 -248.771 257.863 -536.58
13860000 3511.04 -949.833 -12.9115 60.7378 -329.659 -315.244
13890000 3863.06 -994.301 -434.559 -323.134 -113.443 -642.202
13920000 4069.1 -424.281 -459.337 232.512 89.4436 -449.969
13950000 3737.26 -1037.72 -73.1253 119.717 -110.877 -190.948
13980000 3368.52 -795.593 -245.563 204.303 159.482 55.8787
14010000 4303.98 -460.235 -348.889 222.121 228.872 138.939
14040000 4145.41 -653.396 -643.103 26.9721 -82.8658 148.96
14070000 4059.42 -993.634 -971.936 -332.744 -81.1684 16.9015
14100000 3478.86 -1020.14 -388.546 -112.082 -113.207 -512.608
14130000 3783.75 -764.253 -764.898 -54.3722 -29.9683 -429.944
14160000 3561.54 -1131.89 -1018.93 -354.413 -114.805 -459.871
14190000 4441.86 -1183.74 -711.871 -515.833 -176.956 -157.868
14220000 3763.91 -769.364 -475.41 -179.988 -46.7799 -57.4391
14250000 3851.17 -1098.31 -782.11 -516.784 86.769 -337.806
14280000 4225.97 -1151.14 -584.553 -48.1744 -235.017 -223.402
14310000 4478.75 -1031.1 -978.444 -85.398 -37.6957 -403.592
14340000 3504.31 -1022.87 -147.775 -367.641 -22.1962 -112.443
14370000 4354.63 -564.636 -614.485 -173.566 -171.193 -43.5287
14400000 3688.28 -503.043 -272.863 53.0907 178.09 -363.818
14430000 3341.59 -1081.85 135.571 13.8011 -13.8159 6.87674
14460000 3479.06 -560.853 -416.263 87.7835 213.61 -101.694
14490000 3207.68 -599.581 -814.35 -220.421 58.7152 -113.965
14520000 2983.16 -803.227 -223.692 -100.288 537.468 -127.525
14550000 2837.99 -617.65 530.17 -432.6 263.099 -151.76
14580000 2919.15 -817.122 345.485 -17.9763 240.58 -32.7623
14610000 2755.53 138.64 -107.422 -342.746 362.085 -80.6832
14640000 3145.77 27.0745 270.364 -245.581 441.655 -107.231
14670000 2204.2 -231.152 432.356 -380.476 159.726 -80.1424
14700000 2106.23 -255.842 226.27 -313.174 364.415 -123.603
14730000 1977.03 -506.609 827.195 -213.362 -261.433 -286.18
14760000 1955.57 63.199 658.195 -475.311 487.46 -80.6842
14790000 1355.25 117.661 1050.59 -464.067 340.748 378.15
14820000 1276.66 246.76 1192.32 -184.484 -53.2161 27.9006
14850000 1041.67 457.548 862.526 -422.432 -13.9894 193.613
14880000 929.236 436.62 1077.67 51.0651 -102.71 29.8814
14910000 740.348 356.682 1199.31 232.001 68.3124 -151.431
14940000 925.362 669.447 1630.27 -145.291 570.34 -467.948
14970000 -174.133 645.163 1821.72 -335.844 143.815 35.12
15000000 -348.161 844.078 1959.41 128.099 56.8065 223.094
15030000 -318.291 713.601 1339.56 315.157 -24.779 86.7817
15060000 -487.18 1362.19 2078.82 -4.75269 -30.5612 127.919
15090000 -673 837.244 1898.97 292.785 60.4164 -142.68
15120000 -748.25 758.457 1941.75 2.51353 -423.13 -66.2824
15150000 -542.493 1526.12 2225.42 181.983 246.877 33.2914
15180000 -893.971 1295.42 2645.45 88.2003 127.577 -104.635
15210000 -905.46 1694.35 1973.19 88.3229 61.9129 374.042
15240000 -1445.32 1199.87 2605.83 -79.3151 -266.978 -172.218
15270000 -1380.04 1513.65 2423.92 -43.4192 111.176 31.5864
15300000 -1932.47 1541.1 2577.07 3.95779 -194.073 145.754
15330000 -1426.59 1686.54 2068 552.195 -160.091 -57.1549
15360000 -1641.73 1316.63 2924.7 122.731 -417.378 -483.532
15390000 -2178.2 1751.62 3119.61 173.794 -93.1588 -524.273
15420000 -2151.16 1861.38 2513.56 290.747 350.806 -638.753
15450000 -2259.88 1890.25 2937.17 339.042 -129.502 -76.6853
15480000 -2300.08 2143.87 2761 294.977 -28.7746 209.432
15510000 -2454.11 2114.56 3092.56 284.199 -154.359 -311.186
15540000 -2242.59 1774.26 2656.55 325.336 -133.834 48.0706
15570000 -1914.26 2362.66 2299.69 542.96 326.292 -15.7083
15600000 -2324.18 1771.04 2775.38 332.251 152.532 -355.359
15630000 -1987.62 2134.4 3030.94 -103.438 -66.8771 -118.228
15660000 -2055.2 2275.88 2462.76 270.508 -87.5393 -92.9029
15690000 -2470.59 2194.17 2800.41 65.2314 166.27 -170.7
15720000 -1948.06 2497.2 2195.65 505.383 -174.433 120.989
15750000 -1737.78 2238 2788.72 266.957 -299.085 -150.385
15780000 -2461.28 2309.9 2767.55 119.194 -241.157 128.367
15810000 -1988.11 1732.26 2855.03 542.297 -181.597 122.472
15840000 -1769.75 2307.5 2595.6 484.961 -193.861 380.271
15870000 -1516.57 1979.7 2263.49 362.495 -24.8412 95.5946
15900000 -1671.41 1862.1 2448.35 161.957 -177.424 61.2313
15930000 -1703.87 1373.56 2308.1 256.217 -128.281 214.825
15960000 -1029.74 1516.21 2545.73 -101.57 -183.802 -50.1659
15990000 -1527.69 2315.1 1827.78 139.349 2.39341 139.814
16020000 -655.214 1848.07 1845.75 121.539 -237.094 188.379
16050000 -637.237 1449.69 1827.4 146.227 -63.8456 -94.2665
16080000 -484.125 1697.43 1528.87 -152.81 416.234 340.07
16110000 114.207 1686.75 1668.66 -44.9917 179.006 104.138
16140000 -480.927 1523.92 1846.53 -262.885 54.4184 231.809
16170000 9.05899 1672.4 1103.93 176.373 -134.979 -73.1365
16200000 -55.9611 1345.54 1311.69 283.584 -334.558 -342.948
16230000 537.921 1450.67 1041.61 229.6 -125.857 -211.998
16260000 214.977 1429.51 902.542 447.3 -179.632 65.0142
16290000 1119.13 737.348 1066.9 219.793 118.479 -432.272
16320000 628.348 590.626 1042.18 -56.5866 191.284 156.462
16350000 1124.48 858.648 931.225 -2.33827 -784.96 -191.56
16380000 1402.68 656.611 453.974 179.374 39.2807 -29.8808
16410000 1641.94 966.918 517.886 417.052 -146.6 -179.847
16440000 1583.43 373.511 729.364 176.192 85.2919 -348.309
16470000 1833.82 304.038 403.124 -459.74 -399.337 -174.616
16500000 2252.85 332.848 171.336 -16.8273 60.4166 -265.623
16530000 2186.37 228.73 307.263 96.5001 -16.0637 -250.981
16560000 2691.35 35.7034 -426.115 -43.1067 -189.204 -293.051
16590000 2283.64 -66.5096 405.999 31.1973 -294.85 -172.042
16620000 2561.18 -117.235 -146.208 363.89 96.1862 77.2202
16650000 2900.32 77.1051 167.564 -124.301 -174.723 -106.133
16680000 3389.64 -289.644 -319.428 421.063 325.861 92.6949
16710000 2790.72 -184.759 -129.069 190.871 97.2878 66.2499
16740000 3689.7 -354.849 -454.317 264.685 427.965 -281.392
16770000 3526.03 113.817 -642.077 118.805 96.8698 153.393
16800000 3402.64 -211.035 -517.949 240.935 320.933 -137.327
16830000 3917.63 197.231 -915.999 310.613 135.939 13.4247
16860000 3274.06 29.9956 -910.516 600.809 125.545 -63.7033
16890000 4097.78 -668.969 -565.344 225.809 72.4462 -338.438
16920000 3566.08 -533.741 -690.75 450.13 573.632 -753.073
16950000 4203.5 -780.846 -656.692 419.82 178.627 -21.1765
16980000 4259.49 -792.795 -686.258 350.573 113.574 -201.085
17010000 3948.43 -796.922 -1159.39 335.289 337.32 11.5802
17040000 4358.57 -566.102 -681.519 525.377 -163.217 -169.034
17070000 4444.59 -498.508 -1181.54 112.471 -410.576 8.45448
17100000 4121.96 -1246.38 -922.477 -59.8445 -316.15 -114.056
17130000 4130.23 -596.372 -781.593 120.975 65.5962 -74.3016
17160000 4465.76 -497.706 -835.659 288.786 106.68 -31.4949
17190000 4219.72 -639.987 -843.056 62.1551 332.035 -73.1559
17220000 4052.88 -529.294 -790.897 178.577 -127.226 -269.535
17250000 3826.32 -421.801 -501.211 -388.263 33.9179 -225.161
17280000 3536.55 -352.715 -565.26 55.8149 126.499 159.072
17310000 3729.48 -361.443 -653.322 130.245 146.837 -86.8635
17340000 3775.47 -413.565 -478.11 -157.625 -280.087 16.5702
17370000 3576.19 -458.519 -194.245 1.32059 192.559 -214.32
17400000 3918.37 272.082 -620.193 -395.457 428.023 -337.576
17430000 3893.75 -86.8318 -417.116 -33.8715 -222.929 -48.9675
17460000 3473.75 -153.331 -340.604 55.1446 15.3109 -282.523
17490000 3560.57 -306.534 100.988 177.244 -203.761 -60.2001
17520000 3109.2 29.5796 -210.093 -92.0031 17.3948 -355.632
17550000 3003.33 -96.6053 -77.1485 126.729 254.934 -125.885
17580000 3206.62 507.927 24.0201 -271.502 -323.52 -393.188
17610000 2386.35 241.464 129.049 58.9958 476.392 -57.9486
17640000 2372.57 -9.7803 327.246 21.7225 331.301 -226.566
17670000 2000.47 -50.9718 540.812 -47.0881 417.655 -30.1033
17700000 1820.5 -65.4263 946.91 89.7973 356.103 -408.364
17730000 1890.9 193.878 396.207 -127.43 -137.761 94.3542
17760000 1725.17 545.534 442.861 -86.7304 58.6666 -124.039
17790000 1577.89 592.225 448.913 -160.061 78.1841 -112.251
17820000 1510.21 802.691 641.072 -148.08 180.372 -100.373
17850000 774.712 659.119 734.263 -129.578 409.72 90.0966
17880000 852.788 996.453 876.126 -151.984 297.901 117.323
17910000 436.681 1333.81 1018.02 -379.521 89.9339 -97.2716
17940000 426.425 1207.56 682.249 5.40232 -14.0964 -129.621
17970000 422.148 789.898 1602.92 -209.226 -24.8259 -121.959
18000000 -509.14 1138.66 1352.45 -660.687 -267.847 -13.2563
18030000 -26.3622 1264.33 1677.74 22.4175 350.068 -221.624
18060000 -416.048 1363.07 1822.11 -293.271 -158.242 591.89
18090000 -820.062 1497.33 1723.55 -28.7988 122.541 -101.328
18120000 -209.329 1636.08 1726.51 -30.5727 140.544 -166.456
18150000 -1294.38 1402.64 1790.52 -75.7125 126.504 -195.187
18180000 -1177.74 1622.6 1695.56 226.598 28.6525 -242.019
18210000 -1530.6 1557.39 2066.42 -23.7013 345.421 -606.05
18240000 -1196.39 2194.59 2172.36 -144.625 9.16483 -303.621
18270000 -1277.93 2325.81 2444.9 -94.6818 181.791 -227.875
18300000 -1389.32 1915.09 1909.53 -262.306 131.436 7.42373
18330000 -1792.27 2570.75 1730.39 73.7614 -92.8608 60.144
18360000 -2002.59 2471.08 2350.55 -59.9708 213.705 -158.03
18390000 -2174.04 2291.25 2206.37 -155.023 303.249 -10.2807
18420000 -1855.95 2234.89 2377.46 10.1603 53.7261 -303.326
18450000 -2204.96 2518.95 2396.69 -174.342 73.533 -538.582
18480000 -1970.74 2641.29 2016.56 -234.44 4.23062 -312.145
18510000 -2006 2260.78 2322.94 334.756 24.0234 36.141
18540000 -2281.83 2580.91 2663.86 73.7986 112.731 370.936
18570000 -2448.16 2954.26 2046.38 -109.644 170.643 92.7833
18600000 -2069.29 2355.96 2220.01 43.4444 -219.461 -266.309
18630000 -2685.96 2829.89 2025.84 -241.111 -16.7899 -576.845
18660000 -2554.49 1912.96 2461.47 -158.645 124.215 -189.014
18690000 -2176.62 2292.1 2498.79 270.061 -89.9726 -234.041
18720000 -2557.16 2621.69 2370.8 -129.531 -281.135 479.207
18750000 -2231.72 2558.39 2110.49 18.1212 -196.005 -262.457
18780000 -1997.51 2101.47 2321.45 -97.9335 -71.6755 54.8282
18810000 -2437.66 2514.33 2113.82 44.6719 -63.7058 -52.0389
18840000 -2197.73 1938.89 2609.82 37.9205 -86.6016 -141.149
18870000 -1633.12 2114.8 2450.35 -224.74 -104.712 -49.5107
18900000 -1400.26 1779.49 2510.76 248.781 -325.085 381.479
18930000 -1362.42 1933 1931.08 24.9929 -144.861 244.473
18960000 -1282.65 2354.55 2161.18 -163.603 -154.027 61.936
18990000 -1352.06 2036.44 2150.42 119.41 31.8058 -176.991
19020000 -1206.28 1447.14 1866.73 -12.0856 -341.748 -72.3001
19050000 -1015.73 1444.09 1907.17 -213.646 172.242 -21.419
19080000 -306.699 1443.54 1785.42 -234.069 -20.2079 -106.264
19110000 -558.406 1620.77 1601.35 38.1971 201.495 -210.872
19140000 -258.469 1129.91 1473.59 51.0081 -253.989 -121.627
19170000 -1.87493 1622.4 1328.01 -37.198 -14.1882 237.75
19200000 23.4072 1406.37 1654.51 152.173 60.0685 -176.974
19230000 848.502 1105.51 1181.53 -42.5123 -470.102 -199.799
19260000 -103.403 830.726 1361.54 -213.539 -245.035 46.6518
19290000 522.428 676.688 1022.73 -116.101 -89.6373 -25.7116
19320000 827.199 706.35 504.831 21.9654 116.905 -291.758
19350000 1037.99 269.767 1002.08 0.232851 -429.688 431.087
19380000 843.15 882.248 1006.71 2.80146 -152.477 48.6068
19410000 1117.56 702.812 828.763 -114.447 -76.3022 453.816
19440000 1016.48 472.032 836.801 162.775 -645.381 157.932
19470000 1706.56 722.219 322.176 17.1811 -634.428 85.0196
19500000 1748.75 682.734 237.182 -29.1976 -46.4751 219.16
19530000 2154.24 519.784 318.237 -29.0822 -217.144 -13.7475
19560000 1946.75 79.949 59.4027 -694.356 -271.756 161.952
19590000 2686.65 77.7149 -167.174 25.776 105.914 30.4983
19620000 2928.02 -270.75 -334.256 -369.199 -264.24 -194.544
19650000 2874.88 -55.6765 194.902 227.598 -360.791 256.093
19680000 3614.02 -34.359 -829.214 -48.8056 -259.475 -291.783
19710000 2912.92 116.29 -504.429 422.893 -320.419 -183.678
19740000 3118.2 -42.2348 -233.633 -76.9536 -142.966 -31.4362
19770000 3439.43 110.489 -860.45 108.892 -203.461 -447.386
19800000 3551.89 -435.136 -798.723 -85.276 65.475 41.6385
19830000 3948.52 -82.2143 -431.774 186.606 -308.722 -147.586
19860000 3390.08 -361.952 -624.591 -424.004 -472.779 -160.903
19890000 3642.3 -710.582 -489.565 -117.687 -107.288 -136.727
19920000 4105.64 -863.14 -861.079 -320.503 -129.853 7.09501
19950000 3759.57 -634.987 -346.999 -461.056 -296.623 -454.279
19980000 4298.37 -623.321 -762.44 -82.1949 -550.878 107.526
20010000 3856.57 -270.43 -824.479 -254.832 -395.801 156.143
20040000 4377.94 -957.573 -698.881 -276.315 -441.394 -259.165
20070000 4329.68 -386.521 -1125.79 -219.652 -173.543 -52.6492
20100000 4118.39 -832.066 -589.239 23.7848 -30.2698 -537.714
20130000 4421.23 -710.99 -1016.82 -141.923 -594.6 -565.633
20160000 4373.47 -363.085 -1036.58 -38.0558 -326.835 -118.198
20190000 4238.62 -518.633 -851.1 -106.122 -31.9633 12.9973
20220000 3660.04 -1020.87 -877.435 91.1326 148.592 -298.367
20250000 3427.7 -181.185 -738.398 3.81437 -153.572 -77.8611
20280000 3573.43 -321.01 -681.401 16.9649 36.242 208.543
20310000 3644.29 -653.315 -854.192 -314.216 59.3487 -111.368
20340000 4300.01 -746.597 -748.737 -6.32931 -29.2532 -150.733
20370000 3631.67 -651.778 -826.882 -222.314 174.481 -162.448
20400000 3809.26 -626.438 -119.223 -463.85 -57.5534 -229.829
20430000 3887.49 -239.87 -258.941 89.9935 -42.9182 -137.983
20460000 3728.07 -445.314 -377.486 16.3707 -123.617 37.0781
20490000 3342.95 -567.089 -70.3443 -47.0365 -277.461 75.4151
20520000 2997.72 -471.263 -119.044 153.763 -206.476 -205.438
20550000 2838.05 -281.537 8.85311 -143.71 -141.559 40.3955
20580000 2506.51 -517.405 -35.0314 -27.6697 -329.211 168.591
20610000 3088.35 -326.122 152.876 3.32188 212.47 92.2935
20640000 2677.48 -81.1904 198.841 -178.794 -340.241 210.843
20670000 2126.25 1.97962 181.338 85.1246 -127.394 55.96
20700000 1974.83 -154.515 323.433 -274.587 -176.926 -191.662
20730000 2209.01 241.692 542.847 87.9811 -230.793 251.157
20760000 1993.72 546.058 738.264 -127.354 79.6829 -61.0956
20790000 1114.78 493.675 973.172 18.9404 -240.895 -34.9734
20820000 969.887 936.285 523.677 1.38948 -193.348 206.065
20850000 674.282 549.325 877.554 -143.177 147.572 499.141
20880000 925.016 371.357 1109.71 -198.636 -108.556 170.465
20910000 380.76 808.781 1447.61 -50.3938 -236.591 126.378
20940000 232.205 922.464 1400.76 133.634 -166.253 118.624
20970000 47.2537 682.069 1305.03 -38.6645 -16.5999 -338.717
21000000 -560.428 1473.54 1346.59 -96.7436 -131.486 -208.966
21030000 26.2016 1000.73 1632.37 131.206 -239.628 40.8915
21060000 -297.134 1273.54 1715.2 -354.035 -203.639 -194.563
21090000 -851.22 1400.19 1996.65 141.934 -324.01 -116.841
21120000 -702.359 1332.64 1410.05 72.6704 374.211 16.1881
21150000 -733.539 1916.08 1321.96 134.082 -105.104 161.828
21180000 -1123.46 1805.38 1815.15 104.692 -53.774 141.481
21210000 -1094.58 1609.56 1929.99 141.318 308.54 -259.695
21240000 -1327.75 1613.22 1911.23 70.1647 -271.905 374.812
21270000 -1654.64 1998.1 2019.48 -37.0586 15.9061 -359.308
21300000 -1568.4 1798.26 2051.42 -168.345 170.731 233.074
21330000 -1833.96 2122.67 1456.62 -90.6852 65.1563 48.9146
21360000 -1779.89 1818.37 1755.77 314.605 138.873 285.043
21390000 -1447.88 1498.27 1861.14 190.104 62.5956 -206.844
21420000 -2708.93 1876.79 2540.06 254.61 -306.306 229.824
21450000 -2458.14 2245.83 2635.82 142.341 102.16 3.76762
21480000 -2107.57 2054.17 2477.19 260.066 -124.719 162.457
21510000 -2483.82 2418.73 2603.16 -347.84 70.5526 24.5974
21540000 -2097.73 1840.43 2744.28 -284.099 142.906 93.6993
21570000 -2564.56 1957.24 2426.13 122.512 39.653 90.9253
21600000 -1975.62 2137.8 2810.56 -473.46 59.2183 -96.6624
21630000 -2025.79 2337.74 2312.83 -257.407 238.634 -146.299
21660000 -2357.97 1922.18 2790.29 -243.269 -25.9082 -112.562
21690000 -2328.37 2157.46 2218 69.8397 -109.271 260.456
21720000 -1557.9 1964 2321.68 130.817 -62.2513 -239.102
21750000 -1875.05 2313.62 2396.6 18.8254 169.256 -79.2765
21780000 -2060.2 1841.33 2892.01 296.634 -89.6649 -24.0797
21810000 -1516.71 2097.07 1728.98 -91.0185 -45.3142 96.6779
21840000 -2124.75 2170.82 2620.34 -54.8161 250.194 322.519
21870000 -1959.35 1942.06 2207.19 -307.702 108.053 38.0419
21900000 -1345.22 1740.3 2513.01 -132.885 262.913 -51.366
21930000 -1351.37 1694.38 2306.77 172.021 138.123 -58.082
21960000 -1273.55 1716.91 2145.87 -271.245 44.7287 31.349
21990000 -1436.37 2099.17 1412.39 -120.725 357.462 -115.194
22020000 -1188.48 1835.85 2149.75 72.1261 226.025 128.709
22050000 -852.092 1687.69 2183.38 -360.52 270.293 153.297
22080000 -1673.45 1731.63 1654.45 -163.852 194.811 25.4828
22110000 -567.958 1186.56 1546.32 -136.514 333.008 205.076
22140000 -458.553 1125.85 1261.17 -259.547 560.07 408.377
22170000 -637.839 1178.25 1019.48 -86.0735 -65.564 415.056
22200000 -658.408 1312.24 1684.97 -421.464 47.9908 131.783
22230000 73.3804 954.762 1277.57 -110.816 -108.296 63.1125
22260000 -464.731 1531.6 657.696 38.6134 92.5138 -212.831
22290000 316.257 813.525 1242.43 -98.0799 410.247 -262.453
22320000 432.102 1094.09 1216.7 -57.6684 -67.3867 138.753
22350000 704.834 779.993 953.805 64.0808 340.024 -61.2724
22380000 1406.68 436.529 763.166 41.6766 152.318 222.759
22410000 1017.17 507.342 167.642 -88.1725 -79.505 -162.359
22440000 1240 365.606 910.774 -346.692 131.197 -64.6011
22470000 1267.19 -38.5396 491.353 -497.607 163.113 211.469
22500000 2219.61 -28.1521 345.795 -145.456 -162.734 166.322
22530000 1720.61 -272.787 298.824 -335.162 334.005 -20.3196
22560000 2398.79 -331.206 575.971 -174.263 123.556 106.938
22590000 2127.63 -363.695 93.3685 145.545 -221.897 -242.864
22620000 2858.38 -979.025 495.676 -167.491 6.32897 212.17
22650000 2861.04 -972.575 0.602039 -681.149 159.788 -44.1148
22680000 2727.1 -859.822 -186.274 -411.661 91.5699 62.8038
22710000 2949.55 -277.926 -205.85 -203.084 377.85 -268.863
22740000 3015.19 -439.84 206.139 -164.052 360.134 213.826
22770000 3054.36 -659.181 -112.924 -176.52 -124.364 106.386
22800000 3402.99 -868.263 46.7583 -159.009 313.826 50.0424
22830000 3356.4 -628.339 -299.206 -163.302 133.213 -103.089
22860000 3732.19 -1079.3 -161.186 -81.534 254.143 7.19693
22890000 3640.99 -719.454 -528.081 -310.494 124.775 25.2696
22920000 3518.79 -590.873 -971.363 -183.033 258.343 -262.678
22950000 3827.05 -760.709 -706.76 -298.985 21.5421 -416.241
22980000 3927.52 -996.247 -297.638 -466.341 236.17 -315.318
23010000 4022.24 -992.173 -671.163 -235.975 -12.8071 -405.325
23040000 4130.79 -1032.39 -842.451 -179.618 134.147 4.73081
23070000 3967.06 -1098.69 -74.1674 -427.123 156.89 78.2059
23100000 3968.64 -715.204 -889.81 -98.9526 -365.246 -128.584
23130000 3926.31 -570.856 -1066.08 -222.4 -309.824 -91.9859
23160000 3644.76 -489.194 -853.786 -385.04 -224.542 415.437
23190000 3908.63 -867.734 -693.87 88.0607 306.79 -142.976
23220000 3593.55 -893.33 -518.745 24.416 -77.8786 84.2235
23250000 4522.04 -837.817 -784.945 67.0385 57.2588 194.591
23280000 3831.34 -458.713 -594.413 -62.9505 222.907 31.7514
23310000 3968.03 -758.909 -368.274 9.80378 22.7526 77.7011
23340000 3977.91 -963.664 -582.344 -124.775 248.082 34.7171
23370000 4006.33 -812.522 -568.672 -101.385 -21.8711 -382.719
23400000 4101.86 -1167.21 -532.843 149.75 395.171 -357.67
23430000 3754.94 -192.473 -841.98 253.179 20.2247 -89.7548
23460000 3081.1 -768.743 -500.89 -121.877 -275.204 -146.98
23490000 2943.92 -547.672 -513.923 -423.89 233.477 -84.5749
23520000 2973.11 -468.059 -467.371 -222.382 -305.433 -94.5057
23550000 2890.02 -68.3042 -223.89 -311.524 43.7745 13.2836
23580000 2484.95 -524.285 18.0072 -316.17 -318.591 -234.864
23610000 2647.32 186.98 656.999 -372.633 -262.738 -390.922
23640000 2035.92 -82.1998 -232.424 -122.585 -268.349 239.525
23670000 2155.68 -412.036 232.334 -132.524 -522.103 370.415
23700000 1834.33 522.371 476.547 -298.384 -135.816 -234.739
23730000 2075.84 104.311 239.077 101.079 132.724 81.2444
23760000 1714.38 761.088 219.704 -294.493 -93.0937 -330.599
23790000 1063.53 596.841 917.857 -142.144 -170.385 -277.408
23820000 973.273 754.051 774.161 -424.128 117.611 -63.5976
23850000 689.993 1073.77 1412.93 -75.8601 149.094 -74.816
23880000 188.854 928.178 931.89 -228.605 -203.145 -191.816
23910000 579.808 945.789 1310.4 -122.003 33.2858 -17.4811
23940000 530.105 654.037 1237.15 -293.206 -16.8923 -138.948
23970000 -148.052 1008.4 1470.49 -627.515 -307.162 -127.666
24000000 -455.011 920.36 1480.55 -48.0464 344.684 -256.84
24030000 -159.781 1355.31 1398.02 -708.54 41.2597 14.0256
24060000 -238.759 881.9 1345.38 -189.547 195.828 -129.96
24090000 -1033.14 1105.4 1846.41 -389.8 228.313 -400.823
24120000 -1161.46 1722.91 1154.05 -363.954 123.282 -154.397
24150000 -1270.15 1326.35 2299.32 -291.039 254.732 7.23208
24180000 -1835.85 1327.89 2286.86 -217.562 69.9062 -512.18
24210000 -1294.98 1480.12 2599.46 -106.914 86.4869 -540.419
24240000 -1848.36 1893.47 2221.36 -301.767 -233.842 -454.695
24270000 -1885.46 1743.54 2429.96 -174.596 393.816 -255.489
24300000 -1566.87 2135.73 2028.18 -74.2584 -0.0368124 -328.873
24330000 -2552.28 2074.62 1980.82 -324.305 -144.196 -210.437
24360000 -2033.38 2336.35 2270.95 -49.8142 35.1478 82.6634
24390000 -1972.4 1933.3 2250.37 -59.8977 363.83 -56.5953
24420000 -2603.93 2312.73 2263.27 -90.0408 184.033 -316.421
24450000 -2217.81 2435.47 2742.13 -57.4831 107.301 -194.606
24480000 -2482.63 1980.68 2460.96 -220.589 246.586 -180.178
24510000 -2920.34 2443.78 2659.37 -572.247 48.2399 -54.5876
24540000 -2498.33 2271.23 2315.8 -538.166 44.2595 -32.1828
24570000 -2719.5 2851.99 2518.32 -805.583 275.453 41.7869
24600000 -2930.72 2643.79 2584.41 -114.264 -188.698 176.056
24630000 -2910.95 3118.22 2705.39 -278.231 -273.288 172.011
24660000 -2861.71 2921.65 2534.16 -297.222 -100.756 42.5008
24690000 -3165.36 2662.4 2563.95 -246.108 -248.098 -237.036
24720000 -2563.88 2774.49 2397.08 193.667 63.8377 178.942
24750000 -2532.7 2390.49 2479.98 -324.637 -499.507 16.1712
24780000 -2918.14 3182.53 1906.76 59.9997 -136.194 15.9697
24810000 -2310.98 2443.34 2308.84 358.196 -9.49452 122.153
24840000 -2491.56 2692.97 2300.95 -224.485 -427.454 -148.83
24870000 -2318.84 1841.45 2328 -161.525 -144.274 -52.1473
24900000 -1545.71 2414.69 2337.02 -144.861 94.2083 287.858
24930000 -1838 2657.06 2314.61 -406.718 -35.3499 -190.169
24960000 -1486.33 1870.04 2231.16 -200.259 -9.85697 250.226
24990000 -1697.78 1786.88 2220.67 -97.2565 -71.2548 144.351
25020000 -1211.3 1676.57 1944.66 25.6718 -629.054 300.196
25050000 -1628.79 2065.66 2155.07 43.3336 -379.687 288.353
25080000 -756.73 1970.19 1654.11 -101.316 -479.023 74.2894
25110000 -442.593 1749.32 1704.07 -276.604 -434.261 14.8367
25140000 -1059.82 1767.75 1430.28 -487.949 -274.808 -200.552
25170000 -856.346 1455.61 1881.23 -386.038 39.5044 -182.036
25200000 -37.4237 1364.64 1616.3 -216.983 -324.674 123.186
25230000 -448.496 1592.11 888.078 -209.335 -118.18 -4.67599
25260000 -237.716 1497.11 1111.74 -165.112 67.1633 -40.3951
25290000 -195.971 1381.48 1179.81 53.4931 -297.633 90.6463
25320000 -120.568 771.911 1033.68 -112.015 -170.577 -340.353
25350000 374.758 790.965 555.162 -363.186 -101.896 -107.115
25380000 -131.009 1264.33 657.046 -273.45 -50.6586 262.704
25410000 575.23 721.82 887.754 -456.092 -394.273 159.886
25440000 1229.7 1050.11 629.419 -421.66 -225.57 17.3055
25470000 1252.46 446.494 716.519 -715.005 -501.539 -173.746
25500000 1038.24 244.61 728.937 -429.643 -330.376 -93.1259
25530000 1170.77 694.71 1037.39 -324.88 140.499 113.095
25560000 1605 30.9371 247.564 -235.592 -86.256 157.209
25590000 1813.39 -181.597 295.765 -551.623 36.069 -629.213
25620000 1704.93 174.007 477.762 -406.505 49.7227 -113.083
25650000 2029.84 79.7955 -57.5218 -143.395 -196.289 467.362
25680000 2118.73 -64.7283 505.888 -461.993 -62.941 178.626
25710000 2437.37 -63.4516 -219.988 -112.726 -165.455 -416.814
25740000 2688.75 -345.656 -147.449 -139.239 -336.421 -251.667
25770000 2675.5 -206.975 -255.434 -87.8108 11.5047 -256.597
25800000 2835.03 -446.933 -758.668 -50.4686 -142.387 286.192
25830000 2791.57 43.501 -533.825 -251.086 -48.4225 183.282
25860000 3080.39 -371.516 -239.877 -217.403 163.348 78.484
25890000 3018.1 -116.536 -799.999 -209.677 62.9352 274.193
25920000 3352.54 -73.6867 -1170.62 -399.094 177.872 101.462
25950000 3171.89 -474.624 -560.284 -32.6625 -352.403 -48.2232
25980000 3172.06 -503.735 -469.192 -21.3061 141.796 433.666
26010000 3605.44 -65.3437 -216.555 -183.804 -295.073 251.306
26040000 3742.97 -651.944 -595.228 -122.903 -119.645 232.795
26070000 3675.49 -586.091 -734.631 59.185 6.48575 -163.56
26100000 3275.33 -505.799 -720.101 -203.1 -108.338 -266.617
26130000 3749.37 -901.89 -682.573 -266.4 -250.112 -34.7409
26160000 3333.89 -274.498 -1231.29 -303.839 -426.971 176.009
26190000 3448.24 -559.581 -302.752 19.8933 -193.069 141.555
26220000 3324.63 -838.828 -1079.04 -592.327 -78.2228 23.2233
26250000 3708.3 -751.664 -662.884 -459.148 -311.507 -317.187
26280000 3472.88 -579.231 -231.873 -89.8169 -437.092 -107.466
26310000 3349.93 -435.694 -515.657 -44.4901 -196.025 -130.373
26340000 3292.01 -674.243 -609.766 -58.4925 -226.691 -242.867
26370000 2891.99 -504.87 -891.317 2.01154 -197.234 -426.515
26400000 3112.34 -500.599 -72.4233 -814.671 278.138 41.6989
26430000 3089.58 -191.43 -265.673 -520.917 131.271 -406.065
26460000 2873.95 -686.713 -205.533 24.6974 -143.472 -151.237
26490000 2837.77 -40.6197 -4.2303 -640.047 -157.149 -313.729
26520000 2381.43 -111.849 66.7832 -222.313 -345.156 -92.6355
26550000 2527.6 -234.89 382.384 -568.806 -205.897 -160.113
26580000 1893.23 919.245 97.9048 -339.415 -375.598 -504.852
26610000 2051.97 201.579 292.024 -480.529 12.1028 314.852
26640000 2156.3 192.402 -486.536 -361.542 -256.257 -228.841
26670000 1805.57 268.001 797.672 -178.117 218.251 -59.6416
26700000 1294.04 352.006 330.934 -517.304 148.008 -172.584
26730000 1053.79 250.536 778.643 -712.557 53.5512 -143.042
26760000 1524.16 215.554 560.073 -622.195 -20.1182 -343.724
26790000 1426.33 557.968 965.956 -406.38 -112.52 -18.0912
26820000 819.03 224.514 692.686 -441.035 -36.5055 -156.698
26850000 340.237 1306.77 849.311 -659.446 42.7369 -141.07
26880000 102.388 772.124 1262.95 -100.34 360.404 -236.656
26910000 -184.567 1169.96 1134.47 60.5669 -247.375 -54.7083
26940000 202.561 1039.51 1198.71 -70.3687 -26.7691 -585.386
26970000 -467.355 874.302 1485.99 -819.421 -0.988516 -312.67
27000000 -891.967 1675.01 1524.55 -376.436 133.992 -233.666
27030000 -813.028 1846.02 1544.76 -483.061 -373.132 -64.893
27060000 -872.491 2088.13 1404.44 -224.522 19.3668 -84.9233
27090000 -968.701 1889.68 1165.89 -454.777 149.802 -67.0316
27120000 -1314.61 1871.7 2066.74 -420.409 -233.704 -139.662
27150000 -1456.26 1942.41 1609.59 -267.195 -391.895 -149.382
27180000 -1873.32 2284.71 1936.28 -374.96 -43.8728 -109.704
27210000 -2015.99 2434.47 1641.75 -305.36 -145.647 30.0681
27240000 -2153.71 1948.81 1654.16 -455.873 116.155 -63.3876
27270000 -2234.04 2385.07 2124.72 -482.224 39.7778 -114.453
27300000 -1490.25 2009.06 2252.32 114.592 98.4791 -266.315
27330000 -2020.98 2579.92 2253.44 -105.62 86.198 -62.2093
27360000 -2314.36 2669.98 2046.75 -74.0967 111.452 -440.147
27390000 -2171.68 2535.1 2341.76 -253.392 -203.468 -366.308
27420000 -2116.36 2237.37 2306.39 -106.03 235.214 -85.3936
27450000 -2129.67 2413.6 2517.61 -373.706 -198.525 -302.139
27480000 -1815.44 2652.93 2346.25 -477.654 213.257 -620.241
27510000 -2128.95 2490.07 1873.36 -492.675 -198.531 -308.319
27540000 -2256.5 2886.52 2377.74 -189.502 -96.003 -408.851
27570000 -1530.78 2177.38 2539.92 -241.89 -16.9803 -779.046
27600000 -2183.33 2670.05 2940.4 19.9595 217.006 -332.049
27630000 -2293.22 2363.46 2704.9 -57.1654 -240.903 -441.574
27660000 -2310.93 2544.65 2168.29 -314.325 166.209 -154.826
27690000 -1787.59 2597.69 2521.19 18.392 -335.612 -453.8
27720000 -2732.32 2768.36 2860.78 -71.6891 -223.72 51.6266
27750000 -1957.76 2130.26 2358.94 25.052 18.3986 -257.074
27780000 -1777.5 2676.79 1535.96 -45.0408 -168.817 -227.093
27810000 -1945.01 2917.2 2156.02 188.801 -128.429 -497.427
27840000 -1999.65 1882.49 2016.9 52.5508 -61.3055 -134.889
27870000 -1428.16 2018.57 2501.96 37.3655 48.2178 -476.438
27900000 -1732.94 2751.24 1734.37 153.323 170.931 -65.1546
27930000 -1847.41 2219.24 1597.11 -244.674 175.986 144.279
27960000 -1928.79 1961.95 1949.36 -312.964 283.87 91.3376
27990000 -1255.86 1857.11 1599.17 -40.1787 -121.564 -291.149
28020000 -1516.97 1854.15 1671 -149.815 202.925 -262.44
28050000 -1570.96 1938.11 1854.2 66.93 -161.44 -11.3468
28080000 -838.119 2013.99 1623.71 146.242 102.524 -440.297
28110000 -1305.02 1766.96 1441.13 226.79 456.951 -134.315
28140000 -722.73 1639.1 1449.43 -244.217 -159.606 26.2917
28170000 -92.2174 1656.18 1315.39 -58.4159 169.36 450.038
28200000 -660.984 2189.24 1182.01 40.4026 9.69894 -112.285
28230000 -660.186 1043.13 1319.5 462.983 465.178 120.764
28260000 477.247 906.099 1496.39 147.313 125.842 195.263
28290000 499.509 1179 970.588 213.521 -207.063 -122.797
28320000 238.374 1069.52 536.142 -180.619 -79.1295 -89.2272
28350000 747.859 1175.96 889.76 -68.6926 -123.563 -123.013
28380000 653.538 845.104 360.49 -37.686 -137.537 57.0225
28410000 800.111 614.194 548.05 -287.588 -177.322 33.8366
28440000 1728.79 790.612 425.534 -294.09 83.1756 -140.871
28470000 1593.15 49.5086 487.819 421.366 250.549 -192.144
28500000 1961.52 829.012 -13.2395 42.8947 -98.527 -68.5048
28530000 2073.29 664.949 188.442 -270.293 225.738 44.0413
28560000 2173.51 -53.0025 -10.8324 60.7677 58.4544 -21.7064
28590000 2112.04 118.709 240.727 -226.138 362.345 91.4312
28620000 2056.32 40.1813 -114.183 -121.763 59.2103 -26.3866
28650000 3195.9 -19.693 30.1625 -878.14 293.168 -126.575
28680000 2522.67 119.859 -392.62 -334.912 -65.6119 -141.953
28710000 2955.38 278.675 -66.769 -5.89338 205.147 4.64266
28740000 2888.3 -76.5087 -492.904 97.2309 -176.403 -37.4336
28770000 3096.29 -51.5175 -553.611 99.998 153.55 -134.537
28800000 2813.98 -17.6374 -602.738 -207.484 66.2769 -481.903
28830000 3601.92 -644.814 -235.294 -310.121 -22.8243 -104.124
28860000 3642.91 -524.503 -395.981 -88.9633 88.5279 -40.7665
28890000 3537.99 -216.149 -142.815 138.117 195.74 148.688
28920000 3823.22 -679.98 -488.325 -366.813 203.956 -167.12
28950000 3561.59 -213.666 -668.255 -295.214 286.528 -97.0227
28980000 4104.81 -572.175 -812.503 147.755 131.051 -74.809
29010000 3271.42 -524.984 -592.239 49.0917 231.243 98.5406
29040000 4383.64 -829.945 -1244.01 368.622 140.057 98.9274
29070000 3929.44 -782.216 -540.477 -390.945 -199.594 -279.387
29100000 3934.57 -615.675 -807.211 -131.407 -237.646 45.3152
29130000 3092.73 -304.866 -480.86 -108.511 -60.4969 -151.077
29160000 4084.95 -647.019 -1004.96 -169.937 134.717 -49.9533
29190000 3684.9 -86.3741 -1029.08 -391.718 25.0735 167.512
29220000 3348.01 0.940924 -706.459 20.3766 -211.595 -126.215
29250000 3141.22 166.783 -911.13 120.202 -265.283 -99.96
29280000 3839.55 -383.916 -639.706 -109.347 -211.747 -141.267
29310000 3666.83 154.002 -776.286 -669.405 -30.847 -286.485
29340000 3188.05 -700.742 -790.25 140.077 309.599 -110.187
29370000 3482.59 -121.045 -766.569 -256.907 -56.485 38.9341
29400000 2879.32 -342.616 -643.064 49.9179 507.155 -468.992
29430000 3139.99 68.0781 -557.307 -452.277 -100.5 -11.7209
29460000 2967.39 8.24237 -415.731 -344.646 26.2537 -183.84
29490000 2574.95 -134.254 -440.828 -634.134 148.377 -377.343
29520000 2894.84 -6.59129 -284.667 -288.488 -231.007 -229.927
29550000 2835.13 695.119 -587.338 -103.332 359.595 -321.71
29580000 2415.77 -113.716 495.287 11.2862 9.98671 -246.56
29610000 2163.71 536.682 -246.365 -487.69 -129.395 -308.034
29640000 1845.04 412.285 50.8238 104.557 -260.804 -269.209
29670000 1734.9 742.556 540.992 -141.391 -194.854 -183.864
29700000 1608.61 149.772 427.592 -204.348 -89.762 -26.347
29730000 1318.21 404.288 616.199 157.517 247.866 -188.065
29760000 1312.73 1027.47 893.414 279.571 18.6336 -287.143
29790000 1300.85 946.12 802.58 217.608 -143.805 -337.684
29820000 706.804 998.692 720.943 65.1788 -179.578 -39.2907
29850000 799.525 1164.63 728.318 -573.653 -72.2877 66.2036
29880000 477.491 1332.75 709.519 62.9323 137.288 -233.59
29910000 725.309 925.874 751.864 -27.1056 -88.7329 20.3563
29940000 62.7258 1572.47 692.27 -212.625 398.458 112.405
29970000 -124.324 1738.98 1569.19 -101.344 37.8318 -234.116
30000000 -573.075 1133.98 1975.33 -313.429 -56.7723 24.7517
