# Time-averaged data for fix ps1
# TimeStep c_thermo_press[1] c_thermo_press[2] c_thermo_press[3] c_thermo_press[4] c_thermo_press[5] c_thermo_press[6]
0 441571 440192 0 -3501.77 0 0
100 447180 450145 0 -1883.78 0 0
200 451697 439817 0 -2215.61 0 0
300 443276 452138 0 1594.57 0 0
400 451949 441893 0 1142.31 0 0
500 452174 440345 0 -2013.82 0 0
600 454440 448500 0 1351.73 0 0
700 453014 445219 0 2774.53 0 0
800 451858 448193 0 -1199.97 0 0
900 447000 451327 0 2038.84 0 0
1000 448247 451562 0 -3823.91 0 0
1100 449694 448356 0 -2362.36 0 0
1200 451485 449839 0 -201.357 0 0
1300 450356 444726 0 -676.914 0 0
1400 455055 450818 0 -1222.25 0 0
1500 451058 451343 0 -2336.07 0 0
1600 451144 448863 0 164.431 0 0
1700 451696 445391 0 -2378.77 0 0
1800 444608 446054 0 -1372.68 0 0
1900 445566 453943 0 -679.893 0 0
2000 454182 447093 0 -4913.8 0 0
2100 446923 453740 0 1206.9 0 0
2200 447276 447996 0 -2868.61 0 0
2300 453826 448424 0 -293.977 0 0
2400 443838 461107 0 -1061.17 0 0
2500 450493 450556 0 154.844 0 0
2600 453332 447113 0 2082.45 0 0
2700 445588 452128 0 352.893 0 0
2800 448260 452803 0 2590.63 0 0
2900 449255 453014 0 -1348.99 0 0
3000 442321 449185 0 -3308.07 0 0
3100 446374 451906 0 1489.69 0 0
3200 447706 448932 0 -2008.1 0 0
3300 449949 448846 0 -914.34 0 0
3400 448707 449165 0 681.199 0 0
3500 444414 449870 0 3494.66 0 0
3600 446630 447341 0 -1025.17 0 0
3700 445659 452197 0 -3595.54 0 0
3800 446983 447524 0 -2474.36 0 0
3900 445014 451837 0 -2054.73 0 0
4000 450765 451727 0 -3040.25 0 0
4100 451101 452552 0 -2464.74 0 0
4200 448388 449796 0 1055.98 0 0
4300 450787 450289 0 6123.11 0 0
4400 442423 454718 0 4342.99 0 0
4500 446931 449938 0 782.183 0 0
4600 443380 449995 0 -2236.84 0 0
4700 451953 451049 0 -2056.52 0 0
4800 452043 449352 0 1740.56 0 0
4900 445542 449073 0 1541.77 0 0
5000 450100 449258 0 -1813.72 0 0
5100 454376 446670 0 5350.16 0 0
5200 449857 447362 0 820.309 0 0
5300 444332 449867 0 1448.88 0 0
5400 453115 446182 0 -5368.85 0 0
5500 452741 447397 0 -2242.88 0 0
5600 449563 452214 0 86.3131 0 0
5700 445116 447433 0 -368.286 0 0
5800 449608 451302 0 1286.01 0 0
5900 450982 447976 0 4200.09 0 0
6000 449386 444782 0 -2937.18 0 0
6100 450774 447997 0 -2267.04 0 0
6200 450851 447313 0 89.4964 0 0
6300 450113 440656 0 -1392.88 0 0
6400 443577 451207 0 3849.57 0 0
6500 444721 454580 0 317.05 0 0
6600 451416 450116 0 769.467 0 0
6700 449357 446717 0 7730.33 0 0
6800 444830 451019 0 1699.29 0 0
6900 441182 449540 0 -914.346 0 0
7000 452857 448310 0 -541.036 0 0
7100 449644 444535 0 1779.11 0 0
7200 444890 454871 0 978.274 0 0
7300 449872 451467 0 517.836 0 0
7400 445623 451529 0 1595.04 0 0
7500 446409 452452 0 -4296.97 0 0
7600 449965 448100 0 -626.169 0 0
7700 446620 446641 0 4293.22 0 0
7800 450810 448666 0 4635.5 0 0
7900 450780 451130 0 3115.34 0 0
8000 448116 448836 0 -2948.68 0 0
8100 444215 450699 0 4540.29 0 0
8200 446832 451940 0 5517.9 0 0
8300 451254 448536 0 2232.79 0 0
8400 449781 446041 0 -3325.58 0 0
8500 446395 450392 0 2703.01 0 0
8600 447231 452338 0 -393.757 0 0
8700 446713 453118 0 4423.25 0 0
8800 447836 450073 0 3861.07 0 0
8900 442268 456028 0 -623.96 0 0
9000 442639 450296 0 -526.023 0 0
9100 441170 455072 0 -5810.18 0 0
9200 442593 456671 0 1000.49 0 0
9300 451914 451994 0 -1675.37 0 0
9400 452964 449342 0 4752.46 0 0
9500 444202 453154 0 3111.28 0 0
9600 447239 449469 0 -1502.71 0 0
9700 446588 453008 0 -716.071 0 0
9800 446584 452207 0 -1930.12 0 0
9900 450367 452830 0 -72.0036 0 0
10000 446943 454122 0 -5118.58 0 0
10100 448586 445173 0 -1812.78 0 0
10200 449426 451366 0 -4546.34 0 0
10300 447391 452542 0 -2763.23 0 0
10400 441123 452933 0 -1276 0 0
10500 450474 447394 0 -948.411 0 0
10600 445053 452500 0 -1743.24 0 0
10700 447261 450266 0 -3690.45 0 0
10800 449284 450096 0 -2459.12 0 0
10900 452490 448033 0 -3051.43 0 0
11000 456041 447170 0 -794.588 0 0
11100 452036 450649 0 -2086.23 0 0
11200 448586 454749 0 -1567.55 0 0
11300 448084 452875 0 -655.792 0 0
11400 457148 447902 0 -3931.26 0 0
11500 443016 452235 0 593.085 0 0
11600 445412 452805 0 2198.53 0 0
11700 446340 452278 0 -1291.82 0 0
11800 453337 445841 0 -3561 0 0
11900 445170 449947 0 -1721.87 0 0
12000 446567 450137 0 -628.593 0 0
12100 448058 451119 0 2321.11 0 0
12200 445289 453082 0 -3682.61 0 0
12300 451074 444271 0 779.748 0 0
12400 446892 449800 0 2423.65 0 0
12500 453461 446875 0 872.664 0 0
12600 455153 446328 0 -1648.21 0 0
12700 451064 446550 0 -1250.25 0 0
12800 443879 451875 0 2799.98 0 0
12900 446938 448127 0 540.674 0 0
13000 449498 452455 0 -3608.48 0 0
13100 447283 454844 0 369.442 0 0
13200 452725 448191 0 968.041 0 0
13300 448938 445989 0 -2447.56 0 0
13400 452540 447793 0 -1148.7 0 0
13500 448611 455985 0 4050.23 0 0
13600 449468 453667 0 946.223 0 0
13700 451929 454011 0 278.657 0 0
13800 441845 454610 0 949.929 0 0
13900 447737 449715 0 -1386.96 0 0
14000 450643 451641 0 -15.4626 0 0
14100 448925 449916 0 31.7509 0 0
14200 449794 445692 0 1586.76 0 0
14300 452362 452267 0 5107.3 0 0
14400 448413 450619 0 365.45 0 0
14500 444703 448645 0 4813.44 0 0
14600 450432 454246 0 1526.58 0 0
14700 450738 451728 0 -2546.34 0 0
14800 453665 446514 0 5843.06 0 0
14900 448594 447245 0 -64.7059 0 0
15000 453463 449619 0 -4476.44 0 0
15100 447509 447966 0 2428.26 0 0
15200 447396 451082 0 -4446.11 0 0
15300 446674 450304 0 -2242.62 0 0
15400 444303 454455 0 -4298.72 0 0
15500 452589 449552 0 259.243 0 0
15600 451353 450217 0 274.104 0 0
15700 451620 449645 0 669.172 0 0
15800 444807 454559 0 -25.8281 0 0
15900 453866 446507 0 3641.17 0 0
16000 443227 452814 0 1576.27 0 0
16100 445421 453994 0 207.755 0 0
16200 445239 449433 0 -968.655 0 0
16300 447912 449181 0 -3118.86 0 0
16400 443903 456894 0 -65.1985 0 0
16500 446072 446237 0 -1334.36 0 0
16600 442652 452406 0 -2598.7 0 0
16700 452765 452653 0 2247.14 0 0
16800 448928 452244 0 767.43 0 0
16900 451896 447800 0 -2375.26 0 0
17000 450515 449881 0 -5460.95 0 0
17100 446881 453310 0 1145.14 0 0
17200 450417 452196 0 1310.81 0 0
17300 444441 447905 0 -1851.76 0 0
17400 450881 447336 0 -1928.54 0 0
17500 449389 453629 0 1197.13 0 0
17600 448444 452424 0 2905.48 0 0
17700 445076 455288 0 -2194.08 0 0
17800 445210 452647 0 5072.57 0 0
17900 444964 449592 0 -132.933 0 0
18000 447660 452596 0 181.933 0 0
18100 447482 449401 0 -2964.89 0 0
18200 448962 452753 0 479.193 0 0
18300 443946 448432 0 603.731 0 0
18400 446489 446224 0 1596.58 0 0
18500 448372 451184 0 721.852 0 0
18600 447497 450354 0 4046.2 0 0
18700 452722 449076 0 2218.5 0 0
18800 453251 448481 0 4126.79 0 0
18900 450583 448039 0 -398.572 0 0
19000 451027 446746 0 -4103.86 0 0
19100 450717 443513 0 -3531.45 0 0
19200 452235 444531 0 -1626.28 0 0
19300 450227 448274 0 1204.67 0 0
19400 459350 442566 0 -1062.09 0 0
19500 451694 448117 0 -4653.12 0 0
19600 448753 450554 0 2524.18 0 0
19700 450320 445866 0 -2235.5 0 0
19800 453993 444256 0 -2586.39 0 0
19900 452412 449101 0 -3905.23 0 0
20000 450122 440400 0 -938.669 0 0
20100 451917 442628 0 -6039.76 0 0
20200 444424 452021 0 1972.52 0 0
20300 447846 455305 0 -2309.65 0 0
20400 455449 443885 0 -8669.65 0 0
20500 451280 447042 0 -2417.34 0 0
20600 448824 450788 0 -3516.52 0 0
20700 448483 452495 0 194.113 0 0
20800 447528 444661 0 -3009.08 0 0
20900 448891 446993 0 4192.44 0 0
21000 449645 452095 0 -827.939 0 0
21100 450661 449583 0 -5022.93 0 0
21200 448498 449532 0 1248.3 0 0
21300 446553 451687 0 -738.089 0 0
21400 454054 448857 0 830.656 0 0
21500 449146 454225 0 -1479.69 0 0
21600 447598 449165 0 -255.403 0 0
21700 450432 449379 0 -1284.12 0 0
21800 449113 451713 0 2420.41 0 0
21900 444727 452468 0 -2866.72 0 0
22000 448083 447083 0 -559.1 0 0
22100 448183 447814 0 577.895 0 0
22200 448734 451474 0 479.219 0 0
22300 450160 446261 0 2615.42 0 0
22400 449500 448021 0 -139.603 0 0
22500 449592 449741 0 431.954 0 0
22600 448892 443887 0 1882.13 0 0
22700 451517 447875 0 1515.3 0 0
22800 449824 446856 0 -1245.25 0 0
22900 452780 444177 0 262.774 0 0
23000 448378 448393 0 270.91 0 0
23100 448388 447554 0 -2145.62 0 0
23200 445976 449936 0 -4344.29 0 0
23300 446873 451694 0 1514.44 0 0
23400 447255 453088 0 954.146 0 0
23500 448863 449362 0 4680.84 0 0
23600 445189 448261 0 1984.53 0 0
23700 448205 450655 0 -149.95 0 0
23800 450299 443978 0 787.448 0 0
23900 450926 449929 0 -3916.19 0 0
24000 449415 448039 0 -1376.72 0 0
24100 443407 450865 0 -3318.88 0 0
24200 452039 447397 0 -1111.2 0 0
24300 451314 448049 0 -3725.15 0 0
24400 446338 449490 0 2996.35 0 0
24500 449417 451052 0 2221.84 0 0
24600 447947 449205 0 2995.34 0 0
24700 453375 446930 0 -2242.58 0 0
24800 450180 446558 0 -1292.48 0 0
24900 449345 450830 0 -5188.67 0 0
25000 451519 448872 0 3896 0 0
25100 449624 453357 0 -4260.25 0 0
25200 446351 451134 0 -3591.1 0 0
25300 450848 448856 0 2162.72 0 0
25400 448318 445089 0 4091.51 0 0
25500 450788 450598 0 4056.55 0 0
25600 442802 451494 0 6805.89 0 0
25700 442366 450106 0 -1458.66 0 0
25800 450494 450741 0 5772.86 0 0
25900 448479 445323 0 -361.741 0 0
26000 452137 451351 0 -750.683 0 0
26100 448061 449768 0 1935.8 0 0
26200 451522 447787 0 -996.098 0 0
26300 448088 454241 0 882.283 0 0
26400 449791 450617 0 1432.32 0 0
26500 451316 447500 0 -1576.46 0 0
26600 453594 449540 0 -2957.31 0 0
26700 459622 447411 0 757.913 0 0
26800 448629 450365 0 3868.99 0 0
26900 453265 449764 0 5866.06 0 0
27000 450250 443445 0 -8277.61 0 0
27100 452996 449337 0 -1039.11 0 0
27200 447217 448005 0 -2245.75 0 0
27300 447090 452317 0 2072.84 0 0
27400 450973 446513 0 -10.5879 0 0
27500 451802 448898 0 3424.89 0 0
27600 450519 453034 0 -1107.6 0 0
27700 454315 445785 0 3872.98 0 0
27800 450928 445168 0 1470.43 0 0
27900 450312 452944 0 978.618 0 0
28000 448742 450204 0 7646.74 0 0
28100 455212 453239 0 2999.93 0 0
28200 444101 453585 0 -493.527 0 0
28300 450194 450375 0 902.717 0 0
28400 445787 446439 0 -2944.9 0 0
28500 448628 446766 0 -2061.23 0 0
28600 448422 448930 0 308.504 0 0
28700 442465 450738 0 1488.11 0 0
28800 445223 454102 0 2191.53 0 0
28900 452579 444936 0 -1954.59 0 0
29000 451635 451963 0 169.714 0 0
29100 446668 449923 0 -4143.84 0 0
29200 456237 442552 0 1718.86 0 0
29300 452657 449417 0 2236.11 0 0
29400 447869 446937 0 -3871.7 0 0
29500 450293 450861 0 -3702.12 0 0
29600 451532 448026 0 -981.294 0 0
29700 452849 448294 0 4619.43 0 0
29800 450809 445203 0 -3478.59 0 0
29900 450201 452306 0 -2502.56 0 0
30000 449478 450803 0 793.991 0 0
30100 450988 450662 0 -5621.65 0 0
30200 451161 444817 0 606.592 0 0
30300 452546 451069 0 1675.57 0 0
30400 452227 444313 0 -1748.28 0 0
30500 444264 452021 0 1089.27 0 0
30600 445705 449365 0 2005.29 0 0
30700 451268 449341 0 -2105.82 0 0
30800 448319 446046 0 -3026.11 0 0
30900 446322 453907 0 -3419.9 0 0
31000 444770 452777 0 -5394.26 0 0
31100 451926 448334 0 -2450.24 0 0
31200 445038 451146 0 1812.14 0 0
31300 454158 454335 0 -3945.92 0 0
31400 450585 449418 0 1344.11 0 0
31500 450667 453460 0 474.396 0 0
31600 443104 453876 0 -1312.07 0 0
31700 449392 447358 0 -6287.98 0 0
31800 454286 441362 0 -1096.8 0 0
31900 451095 449023 0 -2514.14 0 0
32000 449902 446831 0 537.959 0 0
32100 446961 449945 0 -1073.92 0 0
32200 454545 448256 0 -1982.72 0 0
32300 444953 449021 0 1744.82 0 0
32400 446439 448747 0 1236.41 0 0
32500 447630 449320 0 1837.87 0 0
32600 442915 447815 0 -6015.88 0 0
32700 446718 453584 0 -206.012 0 0
32800 446158 449171 0 1861.1 0 0
32900 444818 454566 0 -720.468 0 0
33000 451409 452621 0 1413.01 0 0
33100 445537 448595 0 -2912.52 0 0
33200 442294 451296 0 -3671.06 0 0
33300 444909 450371 0 -1249.55 0 0
33400 439869 456653 0 86.6445 0 0
33500 449843 447663 0 -521.94 0 0
33600 445713 448297 0 3085.43 0 0
33700 445854 452497 0 3186.27 0 0
33800 444932 455011 0 376.754 0 0
33900 448582 444711 0 -1021.05 0 0
34000 449467 452952 0 -468.723 0 0
34100 443943 450014 0 3872.2 0 0
34200 447719 452610 0 -645.703 0 0
34300 440070 453364 0 -354.567 0 0
34400 445280 449285 0 2428.35 0 0
34500 445426 453941 0 493.787 0 0
34600 447837 450016 0 -1860.29 0 0
34700 451066 454339 0 2528.83 0 0
34800 450621 446305 0 -3208.02 0 0
34900 448552 454180 0 -1259.72 0 0
35000 450599 446704 0 -3203.59 0 0
35100 448870 446046 0 165.298 0 0
35200 452380 447255 0 -2524.28 0 0
35300 450151 444176 0 1977.17 0 0
35400 450179 447069 0 2535.9 0 0
35500 447259 444590 0 1611.82 0 0
35600 452417 444872 0 -4536.05 0 0
35700 450500 442140 0 -1112.46 0 0
35800 450844 448894 0 5132.54 0 0
35900 454476 443540 0 608.172 0 0
36000 449086 449078 0 2303.21 0 0
36100 445886 453945 0 383.817 0 0
36200 455115 441352 0 -1509.03 0 0
36300 451802 448238 0 1566.19 0 0
36400 445573 449976 0 3138.44 0 0
36500 457570 447429 0 1146.32 0 0
36600 450662 446465 0 -773.54 0 0
36700 454555 446613 0 1912.45 0 0
36800 454668 446714 0 5871.6 0 0
36900 452924 444951 0 -2914.62 0 0
37000 454160 447785 0 1124.02 0 0
37100 450195 451338 0 -507.261 0 0
37200 453468 444401 0 421.521 0 0
37300 452982 448097 0 2275.92 0 0
37400 447684 449916 0 5480.45 0 0
37500 446743 454036 0 -751.588 0 0
37600 447536 452457 0 -3392.58 0 0
37700 445836 454830 0 45.0553 0 0
37800 448666 450771 0 162.035 0 0
37900 446003 454863 0 -5698.35 0 0
38000 450679 450495 0 -5476.31 0 0
38100 448762 450646 0 -1166.01 0 0
38200 444521 450456 0 -210.685 0 0
38300 448665 447188 0 2054.57 0 0
38400 447727 449041 0 -2570.38 0 0
38500 447045 453469 0 -1809.63 0 0
38600 453074 445305 0 -804.821 0 0
38700 449542 453805 0 -416.16 0 0
38800 448697 449988 0 647.852 0 0
38900 451843 446787 0 -768.586 0 0
39000 444029 452009 0 -608.373 0 0
39100 453148 446615 0 -3129.9 0 0
39200 456114 447203 0 2241.11 0 0
39300 457554 444902 0 -3470.43 0 0
39400 452755 449640 0 -2769.88 0 0
39500 447145 449008 0 -1710.58 0 0
39600 453305 446910 0 797.981 0 0
39700 454809 445920 0 -6497.6 0 0
39800 452086 449593 0 -1060.1 0 0
39900 445747 453359 0 3088.48 0 0
40000 450506 445311 0 346.475 0 0
40100 457419 439891 0 2185.27 0 0
40200 450436 447334 0 -2397.92 0 0
40300 446752 450421 0 -3656.25 0 0
40400 451126 446630 0 -2192.94 0 0
40500 445258 450609 0 2238.55 0 0
40600 448686 450235 0 784.617 0 0
40700 445660 450520 0 -498.483 0 0
40800 449116 444347 0 838.25 0 0
40900 442047 450307 0 1757.42 0 0
41000 444514 446596 0 -1971.51 0 0
41100 446993 443455 0 1778.42 0 0
41200 445265 448141 0 8356.41 0 0
41300 446803 446254 0 813.716 0 0
41400 446652 448792 0 3048.22 0 0
41500 448236 447423 0 -3264.1 0 0
41600 451960 445526 0 801.522 0 0
41700 445099 450377 0 -1581.22 0 0
41800 451005 450452 0 2594.37 0 0
41900 448811 449702 0 1258.81 0 0
42000 453471 446918 0 5746.79 0 0
42100 451671 443867 0 1820.37 0 0
42200 450002 448377 0 -4238.64 0 0
42300 442942 452919 0 -1893.3 0 0
42400 454429 446439 0 751.809 0 0
42500 452006 443231 0 -2233.48 0 0
42600 450415 446922 0 -846.363 0 0
42700 450462 446967 0 1080.42 0 0
42800 450612 449033 0 -3894.12 0 0
42900 446130 449517 0 -1739.92 0 0
43000 450587 443581 0 1329.72 0 0
43100 445892 450316 0 41.9312 0 0
43200 451270 447106 0 870.943 0 0
43300 444207 450039 0 -3101.83 0 0
43400 449126 444960 0 -1114.27 0 0
43500 444230 454552 0 4166.88 0 0
43600 445433 453506 0 -272.3 0 0
43700 449506 443746 0 2552.83 0 0
43800 450779 450546 0 -291.145 0 0
43900 444346 451272 0 -1288.64 0 0
44000 442646 456268 0 3243.42 0 0
44100 445594 451827 0 3769.9 0 0
44200 441893 454766 0 1843.04 0 0
44300 449434 447479 0 -3645.33 0 0
44400 447400 445678 0 2399.62 0 0
44500 451679 449456 0 4966.73 0 0
44600 453019 451005 0 1289.78 0 0
44700 449422 449620 0 -2049.92 0 0
44800 449453 450741 0 2836.16 0 0
44900 452451 453438 0 1086.68 0 0
45000 447853 449155 0 1815.66 0 0
45100 445328 447541 0 -1308.12 0 0
45200 447444 448674 0 -1147.99 0 0
45300 445130 451438 0 -8742.8 0 0
45400 450562 445389 0 -2593.3 0 0
45500 450952 447373 0 -1147.18 0 0
45600 449120 452344 0 -3696.7 0 0
45700 451350 448708 0 -4439.25 0 0
45800 443127 449453 0 -3867.61 0 0
45900 448362 454301 0 -3939.39 0 0
46000 453920 445904 0 559.339 0 0
46100 447135 450437 0 -5923.87 0 0
46200 452106 446828 0 -3437.68 0 0
46300 448681 451968 0 -649.551 0 0
46400 454605 449212 0 -426.962 0 0
46500 448779 449603 0 3518.98 0 0
46600 443883 444889 0 -631.616 0 0
46700 448080 444383 0 -654.159 0 0
46800 449244 455176 0 2658.11 0 0
46900 447579 451651 0 -690.286 0 0
47000 446757 445712 0 4453.1 0 0
47100 451506 444645 0 2280.89 0 0
47200 451086 446886 0 1207.9 0 0
47300 449081 444573 0 217.302 0 0
47400 450489 446830 0 -2733.29 0 0
47500 447615 449153 0 -278.844 0 0
47600 450876 447821 0 2431.91 0 0
47700 448754 448839 0 3018.55 0 0
47800 442454 453910 0 2052.35 0 0
47900 453631 447465 0 8517.57 0 0
48000 452024 442661 0 -3370.5 0 0
48100 450647 452986 0 -2120.13 0 0
48200 446396 448036 0 -2262.76 0 0
48300 447921 448608 0 1732.38 0 0
48400 456830 441261 0 -3029.97 0 0
48500 448781 453053 0 687.387 0 0
48600 450646 449845 0 6976.91 0 0
48700 454835 440915 0 3493.95 0 0
48800 449524 449936 0 3942.36 0 0
48900 450370 444626 0 2821.03 0 0
49000 451178 453157 0 1110.42 0 0
49100 451676 446052 0 679.05 0 0
49200 452686 448417 0 2480.27 0 0
49300 449251 448590 0 3662.2 0 0
49400 451349 451332 0 920.746 0 0
49500 453301 448207 0 117.234 0 0
49600 448077 447474 0 -2585.02 0 0
49700 448119 451446 0 560.738 0 0
49800 454553 443576 0 1482.96 0 0
49900 448160 452315 0 1916.31 0 0
50000 447552 449778 0 1860.51 0 0
