# Time-averaged data for fix ps1
# TimeStep c_thermo_press[1] c_thermo_press[2] c_thermo_press[3] c_thermo_press[4] c_thermo_press[5] c_thermo_press[6]
0 416894 421542 0 -4090.38 0 0
100 425004 430376 0 -1464.44 0 0
200 426878 425817 0 -2992.74 0 0
300 424351 427374 0 -1000.78 0 0
400 424593 428441 0 -4682.87 0 0
500 427212 428198 0 -6240.57 0 0
600 422250 428044 0 -6303.67 0 0
700 422708 432171 0 -5580.9 0 0
800 429798 425927 0 -3256.83 0 0
900 421354 426928 0 -2675.68 0 0
1000 424657 431979 0 3113 0 0
1100 423420 429730 0 -233.405 0 0
1200 422115 435457 0 -1381.69 0 0
1300 427384 424838 0 531.941 0 0
1400 424908 431351 0 -313.659 0 0
1500 425888 432862 0 -2216.85 0 0
1600 424419 429864 0 419.187 0 0
1700 423407 433332 0 -2250.54 0 0
1800 424687 427684 0 1680.15 0 0
1900 431643 429016 0 1489.95 0 0
2000 426722 426937 0 1461.96 0 0
2100 421714 428522 0 -229.324 0 0
2200 425877 428760 0 -1122.7 0 0
2300 425232 429431 0 2549.61 0 0
2400 424643 430190 0 3211.49 0 0
2500 425690 425949 0 306.337 0 0
2600 426838 429582 0 -2185.13 0 0
2700 423043 427878 0 -18.4929 0 0
2800 427679 428905 0 -591.813 0 0
2900 427955 425500 0 3597.74 0 0
3000 429950 428235 0 -1935.75 0 0
3100 426004 427450 0 -1711.91 0 0
3200 426593 423275 0 -28.205 0 0
3300 430524 420739 0 -4780.16 0 0
3400 422805 425342 0 -3853.63 0 0
3500 427040 423863 0 -1428.78 0 0
3600 428991 426818 0 -2520.8 0 0
3700 429462 428360 0 2050.54 0 0
3800 428019 429391 0 3948.64 0 0
3900 427674 426160 0 -424.204 0 0
4000 426346 428117 0 1577.33 0 0
4100 428912 428883 0 -331.832 0 0
4200 431110 423440 0 5601.28 0 0
4300 426804 426216 0 843.561 0 0
4400 430418 428846 0 796.051 0 0
4500 430796 421816 0 348.281 0 0
4600 425874 428863 0 246.2 0 0
4700 426666 426738 0 1199.4 0 0
4800 426408 429119 0 2824.82 0 0
4900 424224 425220 0 3868.44 0 0
5000 425598 427717 0 2531.4 0 0
5100 429582 428101 0 -825.283 0 0
5200 426764 420801 0 4187.77 0 0
5300 428062 430830 0 3662.85 0 0
5400 425114 431664 0 3680.55 0 0
5500 428192 430609 0 -2433.79 0 0
5600 424102 429151 0 5813.69 0 0
5700 426942 426586 0 1108.51 0 0
5800 429044 428815 0 1601.36 0 0
5900 428563 429666 0 3203.13 0 0
6000 428165 423804 0 252.392 0 0
6100 428143 426648 0 223.532 0 0
6200 431962 422503 0 -1165.74 0 0
6300 425600 426328 0 3221.68 0 0
6400 427618 426495 0 -47.2011 0 0
6500 424797 426798 0 807.962 0 0
6600 428401 424228 0 3047.8 0 0
6700 426078 424206 0 1768.48 0 0
6800 427824 424859 0 -33.6669 0 0
6900 425730 425465 0 -1074.45 0 0
7000 428933 427369 0 967.681 0 0
7100 426382 424618 0 3656.5 0 0
7200 428833 428847 0 1911.1 0 0
7300 431331 425259 0 356.966 0 0
7400 425767 425797 0 -997.367 0 0
7500 426210 429352 0 -2263.24 0 0
7600 427803 425030 0 794.116 0 0
7700 429901 422465 0 1235.88 0 0
7800 432759 428753 0 5949.14 0 0
7900 422386 428940 0 2623.74 0 0
8000 427425 424425 0 4294.75 0 0
8100 430933 429758 0 -150.594 0 0
8200 428226 425025 0 -3355.14 0 0
8300 425371 426476 0 2861.42 0 0
8400 427282 427102 0 -100.262 0 0
8500 420976 429093 0 -585.07 0 0
8600 429173 425782 0 278.586 0 0
8700 430343 422500 0 -1883.29 0 0
8800 431336 424158 0 623.688 0 0
8900 428447 425101 0 -789.74 0 0
9000 427558 423343 0 -2685.36 0 0
9100 425392 431793 0 -4064.81 0 0
9200 428070 425873 0 -2354.74 0 0
9300 425641 425675 0 -935.087 0 0
9400 424905 427678 0 347.345 0 0
9500 428493 425269 0 331.393 0 0
9600 429166 426137 0 -1835.77 0 0
9700 427123 428946 0 211.108 0 0
9800 426952 426142 0 936.222 0 0
9900 431569 424655 0 177.982 0 0
10000 429552 424906 0 -3603.09 0 0
10100 427614 428997 0 -2101.21 0 0
10200 429076 429751 0 2587.11 0 0
10300 427387 426206 0 4200.13 0 0
10400 426215 426619 0 3589.7 0 0
10500 422886 427671 0 274.22 0 0
10600 427709 427664 0 -2533.99 0 0
10700 420889 426112 0 420.494 0 0
10800 428585 426111 0 1112.36 0 0
10900 429946 428360 0 -1902.79 0 0
11000 431092 423833 0 1299.35 0 0
11100 432870 426490 0 2027.98 0 0
11200 431501 423339 0 -5639.63 0 0
11300 427355 426093 0 -967.931 0 0
11400 429964 429016 0 -5092.14 0 0
11500 421913 430571 0 -888.22 0 0
11600 427358 426442 0 721.6 0 0
11700 428716 428222 0 8.27097 0 0
11800 426229 427493 0 -1543.4 0 0
11900 427952 425593 0 -908.339 0 0
12000 425508 425850 0 17.8307 0 0
12100 428986 427264 0 -2465.35 0 0
12200 425989 427567 0 -2528.48 0 0
12300 422485 431001 0 76.8193 0 0
12400 426949 425317 0 -530.474 0 0
12500 425110 427764 0 272.16 0 0
12600 428584 425115 0 1288.64 0 0
12700 427432 423899 0 1496.03 0 0
12800 429191 425556 0 151.594 0 0
12900 428946 427339 0 891.811 0 0
13000 427293 430953 0 -2614.02 0 0
13100 427730 426800 0 586.818 0 0
13200 422308 435095 0 -4335.51 0 0
13300 426510 424816 0 342.618 0 0
13400 431674 426574 0 -1372.35 0 0
13500 425583 425661 0 -199.138 0 0
13600 427358 430312 0 1306.78 0 0
13700 430132 422818 0 504.646 0 0
13800 424854 429885 0 -1271.4 0 0
13900 427911 423510 0 -1300.06 0 0
14000 425328 428435 0 -1640.79 0 0
14100 427232 428010 0 -2590.01 0 0
14200 429288 421943 0 -341.117 0 0
14300 429708 423601 0 963.799 0 0
14400 428915 424614 0 2694.43 0 0
14500 436041 424218 0 -349.902 0 0
14600 432782 420436 0 3314.48 0 0
14700 431694 428069 0 901.967 0 0
14800 430738 429137 0 2223.42 0 0
14900 426497 430498 0 2184.84 0 0
15000 427249 429184 0 1814.71 0 0
15100 428087 429853 0 -11.7568 0 0
15200 429188 423231 0 -2956.34 0 0
15300 426476 425185 0 32 0 0
15400 429321 426035 0 -337.729 0 0
15500 427232 422398 0 1615.96 0 0
15600 427701 426311 0 1590.71 0 0
15700 426519 433201 0 2130.95 0 0
15800 428949 428921 0 -152.542 0 0
15900 428166 426378 0 3709.43 0 0
16000 432174 422198 0 3745.29 0 0
16100 432968 425835 0 5342.38 0 0
16200 428003 429089 0 5746.26 0 0
16300 433226 423990 0 -3236.13 0 0
16400 436249 424505 0 -259.373 0 0
16500 432503 425450 0 1060.85 0 0
16600 438250 418862 0 925.262 0 0
16700 433771 422059 0 -1361.45 0 0
16800 434349 428395 0 4388.07 0 0
16900 434391 426945 0 411.426 0 0
17000 431097 433235 0 294.675 0 0
17100 429339 427916 0 1454.96 0 0
17200 429523 427056 0 2639.05 0 0
17300 433584 423368 0 4681.98 0 0
17400 426251 430578 0 1821.42 0 0
17500 429647 428797 0 -660.5 0 0
17600 425376 426420 0 1446.35 0 0
17700 430916 427006 0 915.823 0 0
17800 429189 431251 0 74.8749 0 0
17900 423927 429040 0 434.149 0 0
18000 431117 426654 0 -104.254 0 0
18100 424707 428971 0 1579.71 0 0
18200 430126 425780 0 -920.691 0 0
18300 429189 426721 0 -980.949 0 0
18400 431551 433189 0 -80.4879 0 0
18500 430503 422086 0 -1341.31 0 0
18600 427421 434986 0 -255.196 0 0
18700 423849 431511 0 -765.706 0 0
18800 430956 429395 0 -1196.47 0 0
18900 425389 431209 0 829.75 0 0
19000 429826 431485 0 3235.6 0 0
19100 429137 428450 0 3103.93 0 0
19200 431042 430508 0 1646.95 0 0
19300 432764 422775 0 -1842.48 0 0
19400 428807 427933 0 -7098 0 0
19500 428972 427909 0 -2057.13 0 0
19600 429709 430748 0 -7607.2 0 0
19700 423512 429651 0 -5940.69 0 0
19800 433234 427568 0 -5125.73 0 0
19900 431918 424808 0 -91.2922 0 0
20000 426368 424737 0 562.564 0 0
20100 427296 428682 0 -722.081 0 0
20200 430522 428953 0 1275.69 0 0
20300 427918 426400 0 -516.358 0 0
20400 429022 427702 0 2352.23 0 0
20500 430976 424791 0 -1133.82 0 0
20600 433789 422606 0 -2302.43 0 0
20700 426206 428076 0 -7450.31 0 0
20800 431378 427217 0 -2401.25 0 0
20900 433294 427293 0 2633.13 0 0
21000 431084 431560 0 -32.1989 0 0
21100 425319 432204 0 274.563 0 0
21200 431934 426195 0 -546.141 0 0
21300 428150 429161 0 370.91 0 0
21400 425008 428474 0 -223.931 0 0
21500 426164 432522 0 2662.93 0 0
21600 427500 427179 0 2854.17 0 0
21700 426681 430604 0 10.611 0 0
21800 428649 431764 0 -6862.79 0 0
21900 428083 428029 0 -3047.98 0 0
22000 430424 424473 0 -2290.35 0 0
22100 424432 427531 0 -1845.02 0 0
22200 432395 426145 0 -4856.23 0 0
22300 428986 428889 0 -101.387 0 0
22400 430174 427709 0 -2263.39 0 0
22500 426573 430728 0 -3474.5 0 0
22600 430207 422620 0 -6356.63 0 0
22700 432557 422580 0 -1746.79 0 0
22800 431393 422894 0 -25.5126 0 0
22900 430296 423044 0 2482.78 0 0
23000 424364 429956 0 -863.321 0 0
23100 427784 429197 0 2101.19 0 0
23200 428053 427195 0 2100.53 0 0
23300 430061 428233 0 -647.189 0 0
23400 424004 432945 0 2242.94 0 0
23500 421529 434609 0 -4449.15 0 0
23600 429440 427496 0 33.9915 0 0
23700 431351 428451 0 905.763 0 0
23800 425032 433644 0 -3563.95 0 0
23900 425606 425435 0 4314.74 0 0
24000 431520 427600 0 2247.44 0 0
24100 425126 428444 0 2924.65 0 0
24200 427940 429149 0 -195.27 0 0
24300 427837 426802 0 356.031 0 0
24400 428976 429240 0 -2792.19 0 0
24500 426177 431875 0 -13.8725 0 0
24600 430220 427919 0 3311.61 0 0
24700 428735 433665 0 2312.74 0 0
24800 426488 432350 0 -956.009 0 0
24900 427293 429603 0 37.1767 0 0
25000 430274 425185 0 2341.41 0 0
25100 428676 430381 0 5295.53 0 0
25200 431101 429052 0 3773 0 0
25300 425112 429105 0 3301.31 0 0
25400 424935 427551 0 -1152.71 0 0
25500 428301 426812 0 2443.13 0 0
25600 426880 430707 0 5560.85 0 0
25700 425498 429678 0 3968.49 0 0
25800 427965 425897 0 -197.284 0 0
25900 429439 429268 0 1860.81 0 0
26000 425811 428983 0 423.765 0 0
26100 427246 428394 0 3545.99 0 0
26200 424187 433425 0 -1329.85 0 0
26300 433504 422522 0 -103.229 0 0
26400 425896 425693 0 7068.58 0 0
26500 424413 428178 0 514.906 0 0
26600 423002 434080 0 2340.03 0 0
26700 426856 427604 0 3800.47 0 0
26800 426908 425430 0 -4747.1 0 0
26900 426662 426786 0 1783.44 0 0
27000 429875 427229 0 537.948 0 0
27100 429442 425697 0 2767.3 0 0
27200 427314 426486 0 5852.73 0 0
27300 425160 430675 0 -110.407 0 0
27400 432690 425934 0 746.392 0 0
27500 425993 424922 0 47.3074 0 0
27600 435046 421110 0 -2164.88 0 0
27700 429577 427483 0 2486.56 0 0
27800 429291 430424 0 -871.574 0 0
27900 433241 424839 0 -1274.36 0 0
28000 427894 428044 0 -1003.88 0 0
28100 429923 427230 0 2077.36 0 0
28200 428422 433977 0 -377.28 0 0
28300 425470 428911 0 -3255.66 0 0
28400 431092 422840 0 1352.41 0 0
28500 426964 424503 0 -1232.03 0 0
28600 434333 421929 0 -1202.86 0 0
28700 429227 429830 0 -1274.98 0 0
28800 429058 428615 0 4502.45 0 0
28900 431793 425682 0 -467.074 0 0
29000 430907 425069 0 -1623.35 0 0
29100 430421 425625 0 -1924.05 0 0
29200 430582 424770 0 -3034.03 0 0
29300 427607 425775 0 -4067.61 0 0
29400 427960 430617 0 553.779 0 0
29500 426290 429098 0 -2556.27 0 0
29600 426543 430430 0 -2931.9 0 0
29700 426922 427462 0 -2592.94 0 0
29800 430310 425669 0 -884.714 0 0
29900 431906 426481 0 -1740.59 0 0
30000 430413 424062 0 2309.66 0 0
30100 428506 428701 0 -374.081 0 0
30200 428647 427561 0 -2650.99 0 0
30300 427805 428164 0 -677.954 0 0
30400 427833 431695 0 -1146.87 0 0
30500 429571 427005 0 -1703.67 0 0
30600 430978 424579 0 -1627.38 0 0
30700 428199 424548 0 -2293.51 0 0
30800 431589 424862 0 1145.83 0 0
30900 429953 423065 0 -3154.73 0 0
31000 427867 426651 0 2754.13 0 0
31100 428581 427229 0 -4720.99 0 0
31200 425960 428997 0 -3030.91 0 0
31300 429160 425243 0 632.382 0 0
31400 433012 429672 0 1742.77 0 0
31500 429376 429208 0 1048.15 0 0
31600 426639 427142 0 163.624 0 0
31700 427104 424474 0 -333.857 0 0
31800 430752 427177 0 -971.676 0 0
31900 430764 426770 0 2024.63 0 0
32000 431155 429868 0 -4629.22 0 0
32100 427082 429377 0 1818.73 0 0
32200 430317 424227 0 -4855.12 0 0
32300 431110 424609 0 -1192.05 0 0
32400 431604 427845 0 480.506 0 0
32500 429936 428778 0 -1625.64 0 0
32600 427065 429483 0 1019.37 0 0
32700 427839 428699 0 4749.1 0 0
32800 427154 432910 0 455.368 0 0
32900 426302 433307 0 -317.946 0 0
33000 426011 428383 0 -1991.13 0 0
33100 434256 423923 0 491.238 0 0
33200 429176 423682 0 -1221.71 0 0
33300 425982 423964 0 925.115 0 0
33400 432685 421872 0 1224.01 0 0
33500 427557 423622 0 3199.96 0 0
33600 430719 428239 0 -913.673 0 0
33700 433513 424459 0 5271.58 0 0
33800 429858 430949 0 1107.07 0 0
33900 426503 427977 0 1386.45 0 0
34000 430970 429181 0 -57.5422 0 0
34100 429538 429594 0 -6470.3 0 0
34200 428918 431299 0 -544.053 0 0
34300 429878 423525 0 -1550.05 0 0
34400 434856 425507 0 2071.1 0 0
34500 431975 425574 0 2357.25 0 0
34600 429553 421624 0 212.741 0 0
34700 430752 426574 0 1237.77 0 0
34800 423736 425607 0 6060.45 0 0
34900 424999 428472 0 5218.78 0 0
35000 428444 424220 0 -76.879 0 0
35100 428481 427308 0 1891.02 0 0
35200 425020 427071 0 -834.248 0 0
35300 425861 430110 0 2006.05 0 0
35400 430390 428818 0 2271.97 0 0
35500 431026 421526 0 2174.42 0 0
35600 435235 426127 0 1520.91 0 0
35700 428367 422766 0 -1573.55 0 0
35800 427752 427446 0 537.275 0 0
35900 429437 426815 0 1590.48 0 0
36000 424651 431956 0 986.738 0 0
36100 430662 428627 0 979.392 0 0
36200 424866 429422 0 3822.34 0 0
36300 429287 430173 0 4430.84 0 0
36400 421578 433151 0 2687.12 0 0
36500 428870 427689 0 1551.55 0 0
36600 424680 431292 0 1751.65 0 0
36700 424286 430181 0 4616.28 0 0
36800 426567 426431 0 3537.03 0 0
36900 429085 427395 0 -80.5434 0 0
37000 428134 421978 0 1935.06 0 0
37100 428764 426721 0 -2494.66 0 0
37200 427548 427244 0 -2045.52 0 0
37300 426279 432861 0 -1726.26 0 0
37400 433006 423694 0 -2134.16 0 0
37500 425399 429560 0 -1209.27 0 0
37600 428595 424958 0 370.36 0 0
37700 433255 427118 0 -5334.47 0 0
37800 431852 426096 0 -1255.68 0 0
37900 430609 426213 0 -2320.9 0 0
38000 428927 421314 0 -5140.19 0 0
38100 428933 419481 0 308.309 0 0
38200 429589 425531 0 -4940.93 0 0
38300 426942 420997 0 -4185.12 0 0
38400 423841 431473 0 965.951 0 0
38500 425163 427731 0 -563.287 0 0
38600 417303 430611 0 -1616.52 0 0
38700 426690 431833 0 -2603.39 0 0
38800 429193 428322 0 -4147.67 0 0
38900 428051 424241 0 -852.409 0 0
39000 430982 426027 0 -4489.66 0 0
39100 433626 421590 0 -8042.1 0 0
39200 426048 428455 0 -2540.94 0 0
39300 436640 422082 0 -361.76 0 0
39400 424753 425842 0 -1513.5 0 0
39500 428945 427335 0 -3256.13 0 0
39600 428508 425095 0 -4706.82 0 0
39700 427544 420776 0 -1872.65 0 0
39800 427244 426823 0 838.958 0 0
39900 425532 425847 0 -2780.59 0 0
40000 429475 425937 0 -3147.84 0 0
40100 428926 429962 0 -4285.84 0 0
40200 430756 426981 0 1458.33 0 0
40300 431128 421713 0 -5316.5 0 0
40400 427669 428085 0 -961.222 0 0
40500 425422 427746 0 -4288.85 0 0
40600 435445 425772 0 -1051.49 0 0
40700 426717 428896 0 -5655.74 0 0
40800 429807 425158 0 -4103.58 0 0
40900 432213 424479 0 -7485.17 0 0
41000 428047 427788 0 -3136.55 0 0
41100 425954 428524 0 -3154.44 0 0
41200 434508 423768 0 -2932.47 0 0
41300 434710 425650 0 207.799 0 0
41400 429071 425900 0 -1501.44 0 0
41500 423786 431093 0 270.456 0 0
41600 420146 435190 0 -2752.02 0 0
41700 429454 427376 0 -1699.07 0 0
41800 425529 429291 0 1745.17 0 0
41900 429205 428403 0 -945.005 0 0
42000 426674 434825 0 -4496.23 0 0
42100 424952 431854 0 2095.74 0 0
42200 427037 431328 0 2543.97 0 0
42300 426641 429694 0 -1794.74 0 0
42400 426587 431213 0 -4631.68 0 0
42500 424678 428842 0 -3342.69 0 0
42600 426787 427039 0 341.262 0 0
42700 430971 426320 0 -1661.2 0 0
42800 432110 426662 0 -2494.62 0 0
42900 426683 426181 0 1215.74 0 0
43000 427685 426556 0 3275 0 0
43100 429032 424996 0 -1034.81 0 0
43200 430295 425215 0 76.2394 0 0
43300 428365 428647 0 2179.48 0 0
43400 428240 430754 0 220.569 0 0
43500 423058 430636 0 -2013.76 0 0
43600 429015 426261 0 3307.1 0 0
43700 425685 426186 0 3008.67 0 0
43800 426393 426917 0 1467.95 0 0
43900 422272 428796 0 -87.5057 0 0
44000 425895 431486 0 1271.23 0 0
44100 425362 429401 0 -2322.31 0 0
44200 424423 432697 0 2888.43 0 0
44300 428941 429201 0 702.093 0 0
44400 425984 426516 0 2152.23 0 0
44500 429090 423775 0 525.348 0 0
44600 426206 428040 0 1138.04 0 0
44700 429506 426434 0 3479.35 0 0
44800 431496 424884 0 1144.9 0 0
44900 427713 426399 0 -60.4191 0 0
45000 424540 429906 0 1822.31 0 0
45100 428574 420625 0 -1368.98 0 0
45200 426212 426860 0 868.288 0 0
45300 431672 424723 0 4881.33 0 0
45400 426646 424963 0 -4479.15 0 0
45500 427811 428613 0 -5994.45 0 0
45600 432896 423102 0 1520.32 0 0
45700 430181 420332 0 -2234.67 0 0
45800 429056 424883 0 1121.26 0 0
45900 424760 424916 0 3637.89 0 0
46000 429599 423590 0 -3205.09 0 0
46100 426428 428589 0 5208.29 0 0
46200 425959 424210 0 5648.14 0 0
46300 427101 427683 0 3935.54 0 0
46400 421802 431148 0 2052.81 0 0
46500 428599 426090 0 -1071.11 0 0
46600 425782 430473 0 3518.3 0 0
46700 426135 427606 0 -1346.6 0 0
46800 431029 425653 0 2337.53 0 0
46900 430063 425884 0 1973.16 0 0
47000 429387 426943 0 -1060.16 0 0
47100 428081 431745 0 2505.87 0 0
47200 428946 428500 0 4201.93 0 0
47300 427568 430814 0 5200.52 0 0
47400 422568 431650 0 811.424 0 0
47500 428630 426932 0 2203.03 0 0
47600 427668 429569 0 2170.8 0 0
47700 430592 428316 0 -831.439 0 0
47800 427878 423458 0 1275.03 0 0
47900 427000 430661 0 -702.596 0 0
48000 424564 422587 0 16.8351 0 0
48100 429385 429589 0 519.705 0 0
48200 424466 429517 0 -635.197 0 0
48300 425731 432013 0 -1818.39 0 0
48400 420741 431735 0 -325.195 0 0
48500 427860 431565 0 766.38 0 0
48600 417701 432060 0 -3590.89 0 0
48700 424461 433464 0 -304.389 0 0
48800 430657 425509 0 -1284.24 0 0
48900 428163 430584 0 -478.887 0 0
49000 425459 427556 0 -286.48 0 0
49100 428019 427821 0 -459.503 0 0
49200 428299 430100 0 1719.86 0 0
49300 430178 427675 0 3768.26 0 0
49400 422366 428417 0 1227.68 0 0
49500 424517 430365 0 1982.52 0 0
49600 422900 429269 0 3817.31 0 0
49700 424674 432367 0 2146.81 0 0
49800 427950 428090 0 -521.3 0 0
49900 428091 427294 0 2029.3 0 0
50000 430669 430226 0 2031.42 0 0
