# Time-averaged data for fix ps1
# TimeStep c_thermo_press[1] c_thermo_press[2] c_thermo_press[3] c_thermo_press[4] c_thermo_press[5] c_thermo_press[6]
0 451219 446409 0 -574.25 0 0
100 462259 461819 0 -4029.35 0 0
200 461936 461797 0 -187.546 0 0
300 462854 455040 0 -1399.87 0 0
400 461048 465809 0 4572.77 0 0
500 465636 456860 0 -4606.42 0 0
600 461550 460701 0 -5224.17 0 0
700 459761 459589 0 -5456.66 0 0
800 458729 461979 0 1406.93 0 0
900 462586 459122 0 -2130.92 0 0
1000 463107 464203 0 82.1863 0 0
1100 464694 460389 0 -244.25 0 0
1200 459290 458061 0 -3752.85 0 0
1300 460850 456424 0 -3463.8 0 0
1400 460048 462356 0 575.169 0 0
1500 460327 456971 0 -3159.81 0 0
1600 461162 462159 0 -2697.21 0 0
1700 464150 456252 0 -1831.53 0 0
1800 467562 454586 0 -6250 0 0
1900 465003 456282 0 -3530.29 0 0
2000 464817 457742 0 -5589.56 0 0
2100 462604 458451 0 1735.55 0 0
2200 458776 463319 0 -1038.29 0 0
2300 459964 461060 0 3929.95 0 0
2400 455968 463833 0 -2255.83 0 0
2500 456624 459208 0 -1260.62 0 0
2600 461908 467767 0 -7910.28 0 0
2700 457297 459493 0 1404.43 0 0
2800 452687 464037 0 2491.62 0 0
2900 460047 465272 0 -511.855 0 0
3000 455342 466048 0 1495.03 0 0
3100 463163 459703 0 169.86 0 0
3200 460266 464091 0 -3681.48 0 0
3300 458693 461101 0 3818.49 0 0
3400 464289 463517 0 -242.579 0 0
3500 463035 459413 0 -2278.95 0 0
3600 456278 463520 0 2556.67 0 0
3700 459855 464645 0 -3613.62 0 0
3800 463137 459160 0 1204.29 0 0
3900 463242 459257 0 -2041.26 0 0
4000 457571 465240 0 1083.7 0 0
4100 457646 461912 0 -324.713 0 0
4200 462777 456037 0 -1317.04 0 0
4300 468248 459725 0 -7408.52 0 0
4400 460837 457635 0 -5235.7 0 0
4500 467646 457017 0 2293.04 0 0
4600 463142 456460 0 4670.56 0 0
4700 459963 454417 0 -2144.65 0 0
4800 459628 461891 0 -1221.85 0 0
4900 461121 466311 0 739.869 0 0
5000 460453 459762 0 -2915.29 0 0
5100 460697 458988 0 507.43 0 0
5200 460835 459498 0 1411.24 0 0
5300 465823 456033 0 1927.29 0 0
5400 460015 454737 0 4349.97 0 0
5500 467736 458112 0 -150.922 0 0
5600 461326 460100 0 -1895.54 0 0
5700 461209 464659 0 3171.46 0 0
5800 460584 455064 0 104.453 0 0
5900 457510 466944 0 864.876 0 0
6000 457673 465039 0 2611.06 0 0
6100 461480 462442 0 -3497.24 0 0
6200 459151 464130 0 -8330.86 0 0
6300 460290 457166 0 -4664.49 0 0
6400 461978 463918 0 -2660.23 0 0
6500 467432 465182 0 -2951.84 0 0
6600 466069 456082 0 -1988.45 0 0
6700 462123 465726 0 -1022.04 0 0
6800 467881 455082 0 3068.57 0 0
6900 456197 463357 0 60.7336 0 0
7000 462034 460925 0 -1978.48 0 0
7100 464312 460566 0 1055.05 0 0
7200 458776 466770 0 -753.797 0 0
7300 458735 461713 0 -1640.26 0 0
7400 464957 454496 0 639.615 0 0
7500 461992 457462 0 1353.88 0 0
7600 459957 457270 0 -25.9151 0 0
7700 461625 457749 0 -8983.85 0 0
7800 460429 460657 0 -5631.68 0 0
7900 460930 459545 0 366.017 0 0
8000 460432 460016 0 -2307.42 0 0
8100 455436 464867 0 -3048.41 0 0
8200 455997 460745 0 -2586.17 0 0
8300 461736 458093 0 -1673.96 0 0
8400 459201 466179 0 2506.35 0 0
8500 462346 459850 0 -2157.13 0 0
8600 458694 462501 0 1345.16 0 0
8700 464402 455623 0 -2579.53 0 0
8800 455498 467550 0 -1350.53 0 0
8900 452723 465517 0 5333.97 0 0
9000 467664 461413 0 -4934.75 0 0
9100 457499 469052 0 -6934.44 0 0
9200 458711 466009 0 -5098.35 0 0
9300 459618 469883 0 -2583.57 0 0
9400 461878 463347 0 -1626.55 0 0
9500 458999 460674 0 2961.66 0 0
9600 454959 463084 0 2756.2 0 0
9700 463763 460476 0 -3923.84 0 0
9800 463463 462119 0 1836.05 0 0
9900 456770 467961 0 1030.07 0 0
10000 468670 455193 0 1423.84 0 0
10100 459863 462563 0 -3544.91 0 0
10200 460844 456185 0 -3213.44 0 0
10300 461074 458777 0 -2340.19 0 0
10400 461058 458522 0 10.1484 0 0
10500 462166 458136 0 321.963 0 0
10600 454935 468989 0 -1884.01 0 0
10700 457578 466983 0 -6069.62 0 0
10800 462668 465837 0 2460.15 0 0
10900 460885 463954 0 -298.509 0 0
11000 458684 464912 0 5233.94 0 0
11100 462228 458748 0 2427.11 0 0
11200 457632 463583 0 1335.05 0 0
11300 458607 463224 0 5610.41 0 0
11400 458247 460562 0 6335.12 0 0
11500 457421 462860 0 2200.35 0 0
11600 468670 460887 0 -2726.99 0 0
11700 455382 465081 0 -1492.84 0 0
11800 461245 462894 0 -2279.2 0 0
11900 457363 460577 0 2174.06 0 0
12000 460979 457272 0 1456.07 0 0
12100 460170 454996 0 115.927 0 0
12200 460689 458208 0 2220.59 0 0
12300 459752 461661 0 -1939.22 0 0
12400 460687 459361 0 -4609.13 0 0
12500 463402 458619 0 1126.86 0 0
12600 462276 455006 0 -477.076 0 0
12700 459981 457014 0 3059.8 0 0
12800 464387 460005 0 541.41 0 0
12900 463718 460493 0 -4329.02 0 0
13000 457503 459460 0 866.857 0 0
13100 460254 460132 0 -1851.61 0 0
13200 457259 461184 0 -2110.72 0 0
13300 459006 457863 0 1004.64 0 0
13400 459196 461669 0 1312.58 0 0
13500 456238 462400 0 -1624.85 0 0
13600 461752 462950 0 -5850.77 0 0
13700 461142 455857 0 -503.08 0 0
13800 463428 458034 0 -211.61 0 0
13900 466371 459755 0 2871.53 0 0
14000 462961 459956 0 2079.16 0 0
14100 463569 455432 0 -4014.09 0 0
14200 466839 457063 0 -4013.15 0 0
14300 459342 456311 0 -335.582 0 0
14400 465454 459158 0 33.9937 0 0
14500 462493 462927 0 2010.3 0 0
14600 464743 457256 0 3855.64 0 0
14700 465583 457310 0 344.98 0 0
14800 451695 462188 0 -3477.91 0 0
14900 455121 463746 0 3669.85 0 0
15000 457466 461400 0 -1087.74 0 0
15100 463929 459044 0 -1085.33 0 0
15200 459809 465382 0 1241.25 0 0
15300 456235 463755 0 -2788.26 0 0
15400 467102 463727 0 -1822.01 0 0
15500 463421 459236 0 1401.11 0 0
15600 465718 465326 0 -1576.81 0 0
15700 467909 460548 0 1087.8 0 0
15800 460590 465202 0 -2224.97 0 0
15900 458779 466967 0 2413.94 0 0
16000 457415 462479 0 2870.98 0 0
16100 459687 462197 0 -1479.22 0 0
16200 463086 457120 0 -1610.78 0 0
16300 457609 466903 0 -1276.78 0 0
16400 460994 462238 0 -1341.07 0 0
16500 462038 455769 0 -1724.58 0 0
16600 466110 461870 0 483.505 0 0
16700 461013 455696 0 64.7958 0 0
16800 462726 454862 0 1335.05 0 0
16900 462653 459547 0 2449.14 0 0
17000 454745 461343 0 3893.46 0 0
17100 457838 460983 0 3703.81 0 0
17200 464975 455444 0 -3331.83 0 0
17300 458009 460648 0 -1443.39 0 0
17400 461825 460762 0 -861.285 0 0
17500 461611 454508 0 -2045.46 0 0
17600 453878 464269 0 -2694.84 0 0
17700 463220 459089 0 -1783.62 0 0
17800 462384 462405 0 403.652 0 0
17900 461618 456981 0 -444.234 0 0
18000 465620 456501 0 -3518.9 0 0
18100 466085 461138 0 -3267.7 0 0
18200 459429 469056 0 -365.509 0 0
18300 461590 462446 0 -1935.5 0 0
18400 463189 460612 0 -470.513 0 0
18500 463405 456411 0 927.313 0 0
18600 457105 459728 0 -3978.8 0 0
18700 460777 462371 0 -650.54 0 0
18800 466015 465416 0 1325.97 0 0
18900 458736 465793 0 -818.59 0 0
19000 461197 457061 0 -495.361 0 0
19100 464826 460446 0 553.18 0 0
19200 459860 453938 0 265.919 0 0
19300 464220 460290 0 -1476.42 0 0
19400 457589 462132 0 -611.688 0 0
19500 466263 451905 0 -1633.03 0 0
19600 460891 462075 0 -1391.93 0 0
19700 462610 460834 0 469.388 0 0
19800 461200 461107 0 -1999.44 0 0
19900 459853 462138 0 890.319 0 0
20000 461222 468072 0 -4858.11 0 0
20100 461899 458992 0 -826.955 0 0
20200 462409 457782 0 -1726.45 0 0
20300 466305 458221 0 -598.32 0 0
20400 460815 458851 0 2951.24 0 0
20500 463985 463968 0 3479.75 0 0
20600 466609 456593 0 3259.62 0 0
20700 464626 457162 0 -2142.29 0 0
20800 463982 457070 0 4088.53 0 0
20900 459436 460341 0 -3190.98 0 0
21000 463514 460377 0 -1630.26 0 0
21100 464266 456447 0 1717.23 0 0
21200 463263 460897 0 186.504 0 0
21300 459418 457761 0 1614.48 0 0
21400 458650 462303 0 4288.24 0 0
21500 457641 460367 0 -3425.91 0 0
21600 463515 453623 0 1777.99 0 0
21700 464859 461049 0 2042.42 0 0
21800 461487 463812 0 2435.89 0 0
21900 460954 459226 0 -4037.53 0 0
22000 459612 461404 0 2808.66 0 0
22100 462869 459519 0 -2833.97 0 0
22200 456917 458425 0 632.263 0 0
22300 456757 462824 0 2522.82 0 0
22400 464135 453643 0 3570.55 0 0
22500 454218 461709 0 746.537 0 0
22600 458391 463954 0 -1892.56 0 0
22700 457289 464063 0 -2337.49 0 0
22800 460223 455595 0 -1115.47 0 0
22900 458628 457644 0 -2039.12 0 0
23000 457714 459494 0 -1912.9 0 0
23100 457379 456170 0 896.88 0 0
23200 451520 467461 0 -4188.39 0 0
23300 463478 463140 0 3789.88 0 0
23400 459950 459164 0 -9.51458 0 0
23500 459982 459883 0 -3141.77 0 0
23600 456021 464550 0 -6050.15 0 0
23700 461527 464112 0 -2911.44 0 0
23800 462225 457077 0 1344.09 0 0
23900 459901 456331 0 -3068.17 0 0
24000 457686 465241 0 3929.56 0 0
24100 460741 458792 0 -4481.43 0 0
24200 458349 457657 0 1120.83 0 0
24300 461244 456286 0 5592.43 0 0
24400 457805 459331 0 -92.5697 0 0
24500 469769 459164 0 1513.77 0 0
24600 457542 461773 0 2639.11 0 0
24700 458824 463497 0 8013.19 0 0
24800 457565 465660 0 -1317.44 0 0
24900 458915 461137 0 -6102.28 0 0
25000 454551 463693 0 -2898.02 0 0
25100 456793 460616 0 -275.305 0 0
25200 459362 463563 0 4229.31 0 0
25300 461668 454649 0 -2585.66 0 0
25400 459521 460557 0 457.421 0 0
25500 456869 464501 0 1089.01 0 0
25600 459304 458374 0 -2921.17 0 0
25700 459424 458878 0 -192.105 0 0
25800 464607 460975 0 -3448.33 0 0
25900 455563 464211 0 339.055 0 0
26000 460521 465367 0 -2898.43 0 0
26100 461838 457305 0 -1435.93 0 0
26200 462423 459231 0 -1646.54 0 0
26300 464396 455969 0 1497.56 0 0
26400 463335 458568 0 -160.218 0 0
26500 456356 462576 0 -1308.85 0 0
26600 459965 467663 0 -1081 0 0
26700 455011 463237 0 -4537.52 0 0
26800 454461 463599 0 3204.84 0 0
26900 460344 462025 0 -290.344 0 0
27000 453942 464263 0 1427.73 0 0
27100 457243 469493 0 -1155.65 0 0
27200 457095 466562 0 -885.784 0 0
27300 459855 459255 0 -4485.04 0 0
27400 457356 456546 0 1509.45 0 0
27500 463052 459293 0 -983.05 0 0
27600 465547 456389 0 -1045.69 0 0
27700 460952 463926 0 1374 0 0
27800 465033 460562 0 -227.317 0 0
27900 462781 457283 0 1836.86 0 0
28000 464466 460021 0 -851.247 0 0
28100 463887 459806 0 -2209.75 0 0
28200 463946 459638 0 -4235.48 0 0
28300 458412 463571 0 195.553 0 0
28400 459311 461929 0 4878.93 0 0
28500 462715 464977 0 -3501.12 0 0
28600 460228 463308 0 1843.5 0 0
28700 466189 460303 0 -2435.15 0 0
28800 462602 457035 0 -1217.5 0 0
28900 465532 456713 0 1227.09 0 0
29000 455876 464254 0 -2109.98 0 0
29100 465124 460670 0 4921.05 0 0
29200 459730 463468 0 2167.32 0 0
29300 464534 457983 0 2975.72 0 0
29400 458700 458534 0 -2609.55 0 0
29500 457106 457663 0 -2438.34 0 0
29600 453419 462540 0 366.409 0 0
29700 459640 460916 0 -5073.91 0 0
29800 455625 462875 0 32.2783 0 0
29900 460890 458244 0 -3208.25 0 0
30000 461180 464177 0 300.212 0 0
30100 457644 456682 0 -7687.41 0 0
30200 462925 460220 0 -2658.74 0 0
30300 453688 460869 0 730.923 0 0
30400 458688 462579 0 -1882.25 0 0
30500 453496 466319 0 512.081 0 0
30600 457708 462962 0 -2469.14 0 0
30700 456123 458670 0 4486.78 0 0
30800 460414 458521 0 -5126.93 0 0
30900 454800 464396 0 1621.28 0 0
31000 458853 462135 0 6238.51 0 0
31100 461498 462653 0 1950.37 0 0
31200 459769 454480 0 -4081.14 0 0
31300 456208 463479 0 -5269.61 0 0
31400 460979 462285 0 -1008.21 0 0
31500 465525 458549 0 3238.1 0 0
31600 462163 465597 0 -1270.06 0 0
31700 465659 460171 0 -3195.84 0 0
31800 462741 459142 0 -2820.12 0 0
31900 460726 460988 0 482.848 0 0
32000 463178 459861 0 -559.138 0 0
32100 466269 460724 0 1156.23 0 0
32200 462135 459363 0 -1275.97 0 0
32300 457876 458814 0 -3453.44 0 0
32400 461613 460809 0 1004.87 0 0
32500 461434 462998 0 -1765.62 0 0
32600 462463 460115 0 -323.061 0 0
32700 458905 457500 0 2543.24 0 0
32800 461249 456521 0 -4265.76 0 0
32900 460958 456363 0 873.218 0 0
33000 460750 466417 0 777.7 0 0
33100 461714 457795 0 -4188.21 0 0
33200 464214 460200 0 4739.65 0 0
33300 459913 459892 0 3092.6 0 0
33400 459479 458959 0 -410.392 0 0
33500 459682 457944 0 1317.11 0 0
33600 461041 458516 0 -967.59 0 0
33700 458434 462616 0 3000.03 0 0
33800 460622 462105 0 2854.79 0 0
33900 454866 461666 0 2054.78 0 0
34000 465503 461546 0 -3834.54 0 0
34100 459187 461746 0 2955.64 0 0
34200 461109 462619 0 3487.7 0 0
34300 457306 462463 0 741.625 0 0
34400 463618 462851 0 4250.47 0 0
34500 461306 459603 0 1447.66 0 0
34600 455001 466565 0 -1323.08 0 0
34700 460800 461882 0 1101.76 0 0
34800 462453 463206 0 -4228.96 0 0
34900 459430 463245 0 -3586.8 0 0
35000 456386 466647 0 1870.4 0 0
35100 454261 464780 0 3012.7 0 0
35200 461250 461890 0 -179.103 0 0
35300 460421 462867 0 -518.987 0 0
35400 457155 458702 0 -3191.98 0 0
35500 465060 460502 0 -6165.97 0 0
35600 463834 460879 0 -4661.87 0 0
35700 467399 455272 0 -4288.02 0 0
35800 460322 460789 0 2311.51 0 0
35900 458862 462806 0 965.989 0 0
36000 461865 457038 0 1131.53 0 0
36100 456463 467111 0 -2534.51 0 0
36200 460964 463531 0 4421.24 0 0
36300 457736 460056 0 755.049 0 0
36400 457326 463266 0 -2723.92 0 0
36500 458669 457028 0 -3434.37 0 0
36600 464391 460135 0 348.625 0 0
36700 461618 458536 0 -15.7054 0 0
36800 457427 463644 0 408.595 0 0
36900 463670 460597 0 2752.69 0 0
37000 460182 464844 0 -2215.2 0 0
37100 464479 463900 0 -1814.37 0 0
37200 463252 460137 0 1770.23 0 0
37300 459076 461056 0 -1354.86 0 0
37400 458837 468118 0 -2365.74 0 0
37500 459393 467250 0 961.374 0 0
37600 465023 462275 0 -1332.32 0 0
37700 458866 459436 0 790.802 0 0
37800 459958 464575 0 -4416.56 0 0
37900 458022 464774 0 951.629 0 0
38000 460757 468663 0 4302.16 0 0
38100 461142 462227 0 102.804 0 0
38200 464904 456053 0 -1824.94 0 0
38300 463288 463051 0 2650.29 0 0
38400 458956 462689 0 -2279.21 0 0
38500 465536 449974 0 -1145.75 0 0
38600 462130 464264 0 -272.95 0 0
38700 455954 462131 0 -2062.59 0 0
38800 455619 470228 0 1709.1 0 0
38900 463624 462830 0 -831.435 0 0
39000 460611 460339 0 -1841.91 0 0
39100 465070 458700 0 -4658.6 0 0
39200 458309 464014 0 -2715.94 0 0
39300 462387 460366 0 1157.36 0 0
39400 462869 455696 0 -4744.43 0 0
39500 462844 456048 0 -6644.42 0 0
39600 466785 458747 0 -1491.38 0 0
39700 463730 461535 0 -2857.03 0 0
39800 453841 467143 0 3729.46 0 0
39900 459320 463445 0 2364.42 0 0
40000 471503 457874 0 1864.08 0 0
40100 463872 462218 0 1317.83 0 0
40200 455101 463680 0 2813.74 0 0
40300 466721 458824 0 4240.26 0 0
40400 462206 457431 0 -1405.07 0 0
40500 459165 459409 0 -2527.19 0 0
40600 462776 461439 0 565.155 0 0
40700 465780 455984 0 -278.738 0 0
40800 465486 457009 0 -714.856 0 0
40900 460713 460118 0 5513.73 0 0
41000 459862 458436 0 460.569 0 0
41100 462506 460745 0 1981.2 0 0
41200 460857 456435 0 1779.09 0 0
41300 458225 461106 0 3930.2 0 0
41400 459264 460992 0 3841.4 0 0
41500 461727 462320 0 5108.84 0 0
41600 456113 458934 0 1987.73 0 0
41700 461550 459779 0 -2147.63 0 0
41800 461761 455804 0 3818.72 0 0
41900 462020 459127 0 1901.46 0 0
42000 467396 454124 0 491.616 0 0
42100 460769 458485 0 -1388.57 0 0
42200 461460 457168 0 1098.87 0 0
42300 463644 455908 0 -933.046 0 0
42400 461510 462742 0 -330.24 0 0
42500 463419 456679 0 789.881 0 0
42600 459487 458979 0 -2318.2 0 0
42700 458034 463684 0 453.841 0 0
42800 457061 463446 0 -1916.22 0 0
42900 459040 455897 0 2052.99 0 0
43000 462380 456717 0 23.9678 0 0
43100 459412 458539 0 3442.49 0 0
43200 461993 460781 0 2017.08 0 0
43300 460734 457848 0 2264.88 0 0
43400 459197 461919 0 -1463.48 0 0
43500 460414 462533 0 -2317.45 0 0
43600 456338 458750 0 -4441.14 0 0
43700 457951 460368 0 382.23 0 0
43800 456845 460379 0 6022.92 0 0
43900 456283 463141 0 976.87 0 0
44000 456431 463410 0 -4284.83 0 0
44100 463923 462297 0 -24.9608 0 0
44200 462055 453849 0 -993.024 0 0
44300 455522 462504 0 1697.65 0 0
44400 462641 462331 0 -2952.4 0 0
44500 464895 460833 0 5127.21 0 0
44600 461193 459282 0 3967.21 0 0
44700 459198 461484 0 -3859.29 0 0
44800 458985 463213 0 -273.79 0 0
44900 465235 454156 0 4113.21 0 0
45000 461545 459842 0 -2279.52 0 0
45100 463438 455073 0 6037.51 0 0
45200 465798 466161 0 3532.64 0 0
45300 456963 462762 0 1866.84 0 0
45400 464664 457625 0 232.89 0 0
45500 463073 461632 0 5336.83 0 0
45600 464613 459082 0 1879 0 0
45700 462662 455272 0 1171 0 0
45800 467633 459214 0 1305.82 0 0
45900 459872 457715 0 3211.3 0 0
46000 463702 462170 0 4772.45 0 0
46100 462628 461394 0 368.447 0 0
46200 462472 464788 0 1476.11 0 0
46300 459433 461478 0 -203.801 0 0
46400 464680 460851 0 -986.383 0 0
46500 459791 459018 0 2900.25 0 0
46600 463680 459204 0 412.923 0 0
46700 462030 460848 0 2795.11 0 0
46800 458621 458015 0 3547.1 0 0
46900 457328 461608 0 4370.47 0 0
47000 461196 456272 0 4563.19 0 0
47100 463545 463939 0 -716.805 0 0
47200 456233 464684 0 -1363.19 0 0
47300 460663 465222 0 2803.9 0 0
47400 462545 457503 0 947.115 0 0
47500 460940 463861 0 -127.245 0 0
47600 463130 461561 0 777.282 0 0
47700 465127 459709 0 2835.47 0 0
47800 455090 465474 0 126.835 0 0
47900 463180 462416 0 869.306 0 0
48000 459840 463830 0 917.416 0 0
48100 459289 460565 0 562.902 0 0
48200 461508 461136 0 -5854.11 0 0
48300 455138 463772 0 -2057.52 0 0
48400 463451 459524 0 -3353.95 0 0
48500 464935 457840 0 1487.61 0 0
48600 459437 460745 0 2157.38 0 0
48700 459302 459836 0 -1005.84 0 0
48800 459698 463822 0 -704.103 0 0
48900 458806 457576 0 -2725.57 0 0
49000 455080 464545 0 -3784.88 0 0
49100 463433 456120 0 -2505.58 0 0
49200 462097 462463 0 -2375.77 0 0
49300 463424 461496 0 1072.81 0 0
49400 464427 458031 0 4518.23 0 0
49500 466643 464834 0 1249.04 0 0
49600 460841 460450 0 -2176.85 0 0
49700 464750 457137 0 -4616.53 0 0
49800 457680 463272 0 82.4397 0 0
49900 463655 457359 0 3999.93 0 0
50000 468239 455284 0 -603.713 0 0
