# Time-averaged data for fix ps1
# TimeStep c_thermo_press[1] c_thermo_press[2] c_thermo_press[3] c_thermo_press[4] c_thermo_press[5] c_thermo_press[6]
0 475116 459249 0 -637.54 0 0
100 475925 475879 0 3430.9 0 0
200 478943 473760 0 6130.42 0 0
300 476356 478359 0 4840.21 0 0
400 474915 478281 0 -422.314 0 0
500 476982 483390 0 3016.59 0 0
600 479394 476797 0 -4328.02 0 0
700 477074 476843 0 -1491.25 0 0
800 481530 477202 0 -5709.45 0 0
900 483005 482198 0 -4140.69 0 0
1000 486093 469802 0 -886.557 0 0
1100 481759 471321 0 1798.19 0 0
1200 476801 483457 0 4279.64 0 0
1300 476175 474546 0 -1646.65 0 0
1400 481825 474821 0 2472.88 0 0
1500 477497 477098 0 1883.86 0 0
1600 479513 475406 0 6068.17 0 0
1700 481170 476029 0 1828.25 0 0
1800 479148 479795 0 -1495.29 0 0
1900 472051 485712 0 -220.978 0 0
2000 477934 478817 0 -27.3581 0 0
2100 477344 487461 0 1165.66 0 0
2200 478859 473225 0 -4295.9 0 0
2300 481346 482856 0 -1151.19 0 0
2400 477548 482981 0 -966.314 0 0
2500 479710 487507 0 498.176 0 0
2600 480416 479165 0 -1765.17 0 0
2700 474452 480556 0 681.863 0 0
2800 472671 481905 0 -2698.56 0 0
2900 481426 476629 0 -2090.59 0 0
3000 477070 478305 0 774.222 0 0
3100 476751 484800 0 4065.05 0 0
3200 479361 478481 0 -986.549 0 0
3300 468336 489021 0 3915.58 0 0
3400 477865 477912 0 8016.51 0 0
3500 476768 475986 0 -440.557 0 0
3600 477724 479458 0 1129.98 0 0
3700 479065 480313 0 5411.46 0 0
3800 480833 475039 0 -703.294 0 0
3900 478825 480141 0 1414.09 0 0
4000 480465 474547 0 3037.47 0 0
4100 479830 481576 0 -913.523 0 0
4200 478268 476360 0 1789.13 0 0
4300 478189 477566 0 -370.746 0 0
4400 474033 479854 0 -3848.15 0 0
4500 476408 476606 0 -4591.55 0 0
4600 475861 479886 0 3018.69 0 0
4700 477136 479565 0 -323.462 0 0
4800 477019 472869 0 -949.905 0 0
4900 478667 480231 0 -1765.45 0 0
5000 481572 473131 0 -1206.74 0 0
5100 478469 478102 0 10664.1 0 0
5200 475260 479434 0 687.927 0 0
5300 477777 478260 0 -426.044 0 0
5400 483161 472564 0 -1687.52 0 0
5500 477173 479399 0 -628.783 0 0
5600 480304 475689 0 3973.09 0 0
5700 477158 476371 0 -2481.45 0 0
5800 481096 477370 0 -6154.67 0 0
5900 482178 472527 0 2022.18 0 0
6000 476704 478374 0 3777.61 0 0
6100 485073 471780 0 3558.42 0 0
6200 477689 482541 0 359.552 0 0
6300 480395 478362 0 211.23 0 0
6400 483071 478437 0 1765.83 0 0
6500 476608 478824 0 1481.21 0 0
6600 473577 481969 0 -524.683 0 0
6700 476622 473929 0 650.136 0 0
6800 479052 474747 0 3299.03 0 0
6900 480965 473217 0 1714.59 0 0
7000 475887 482152 0 -923.471 0 0
7100 481352 480032 0 -795.15 0 0
7200 479346 481781 0 1739.5 0 0
7300 481795 475950 0 -974.18 0 0
7400 476765 478271 0 2709.8 0 0
7500 478880 481877 0 1816.66 0 0
7600 472713 483217 0 4668.57 0 0
7700 478043 478712 0 -3434.02 0 0
7800 475200 478333 0 -278.84 0 0
7900 476672 475453 0 2053.26 0 0
8000 482547 475139 0 286.734 0 0
8100 485384 472567 0 -2866.59 0 0
8200 476653 480365 0 -3667.31 0 0
8300 476081 474696 0 -3482.48 0 0
8400 480701 480199 0 -451.483 0 0
8500 481883 474135 0 1288.32 0 0
8600 481286 480720 0 805.108 0 0
8700 477206 479528 0 -1674.51 0 0
8800 479659 471072 0 416.571 0 0
8900 476946 478836 0 -1242.8 0 0
9000 480335 473139 0 4786.98 0 0
9100 473749 479103 0 1360.68 0 0
9200 477763 480410 0 -1076.48 0 0
9300 472930 481346 0 -1135.65 0 0
9400 482548 473040 0 -3741.91 0 0
9500 477016 479180 0 -2486.38 0 0
9600 483276 479709 0 -1634.39 0 0
9700 484014 475441 0 -943.117 0 0
9800 483986 476433 0 -935.673 0 0
9900 473131 471623 0 792.864 0 0
10000 475195 485764 0 -1374.73 0 0
10100 475851 476380 0 666.046 0 0
10200 475937 479066 0 -171.545 0 0
10300 480850 478348 0 1865.27 0 0
10400 477785 478781 0 -439.645 0 0
10500 476274 473546 0 3867.29 0 0
10600 482512 478366 0 4663.15 0 0
10700 477892 478930 0 -5179.11 0 0
10800 479372 477907 0 -4066.41 0 0
10900 472017 478729 0 -98.5951 0 0
11000 477836 479996 0 -952.439 0 0
11100 479181 481856 0 -160.646 0 0
11200 479884 479565 0 -4091.35 0 0
11300 482479 483400 0 -1487.69 0 0
11400 478699 474500 0 1704.77 0 0
11500 476731 481782 0 -730.473 0 0
11600 475809 481203 0 3111.13 0 0
11700 475541 481218 0 -3291.51 0 0
11800 479291 473296 0 986.921 0 0
11900 478738 477940 0 -3959.38 0 0
12000 472293 484783 0 2635.67 0 0
12100 479519 479548 0 -1940.94 0 0
12200 474111 481806 0 83.7622 0 0
12300 476963 479940 0 -1270.68 0 0
12400 480544 469965 0 2434.52 0 0
12500 473702 480392 0 2123.65 0 0
12600 479356 481962 0 328.866 0 0
12700 485211 472355 0 -2098.72 0 0
12800 476553 477440 0 3165.08 0 0
12900 474277 478112 0 3614.55 0 0
13000 484950 471966 0 483.562 0 0
13100 480459 474270 0 -3466.14 0 0
13200 484002 474405 0 269.37 0 0
13300 482340 474864 0 -4742.88 0 0
13400 479984 479558 0 884.002 0 0
13500 478248 483605 0 -1851.01 0 0
13600 477220 477360 0 945.431 0 0
13700 478162 483639 0 607.159 0 0
13800 476346 475730 0 -5270.44 0 0
13900 479806 475283 0 1524.89 0 0
14000 479189 470205 0 -2451.76 0 0
14100 482378 481396 0 2802.18 0 0
14200 475007 478334 0 -2281.1 0 0
14300 481941 480378 0 -1840.55 0 0
14400 480685 478786 0 -4061.93 0 0
14500 479707 481895 0 -3841.21 0 0
14600 473561 475661 0 3467.75 0 0
14700 486074 476420 0 -5357.37 0 0
14800 481491 474201 0 -1601.7 0 0
14900 484492 476687 0 -1775.86 0 0
15000 477912 475966 0 3798.52 0 0
15100 480915 476216 0 4404.45 0 0
15200 480868 478466 0 -1943.43 0 0
15300 480504 475785 0 283.297 0 0
15400 477594 476603 0 755.777 0 0
15500 484346 477215 0 -1434.86 0 0
15600 484423 482816 0 1359.24 0 0
15700 479985 473522 0 -2091.52 0 0
15800 475684 481647 0 -1070.85 0 0
15900 481947 478390 0 -4898.7 0 0
16000 474653 484265 0 688.736 0 0
16100 481850 469998 0 2768.31 0 0
16200 479655 482702 0 7806.7 0 0
16300 479344 476988 0 1712.12 0 0
16400 479342 479368 0 -1090.02 0 0
16500 482589 477721 0 -384.608 0 0
16600 474330 479885 0 -1770.46 0 0
16700 477530 476136 0 -574.765 0 0
16800 480308 477599 0 -1639.47 0 0
16900 479780 477022 0 -2203.27 0 0
17000 480249 481527 0 4557.75 0 0
17100 477207 480143 0 2554.89 0 0
17200 477058 481322 0 2696.88 0 0
17300 480236 474459 0 -2570.59 0 0
17400 478989 474401 0 97.1999 0 0
17500 482311 479750 0 521.178 0 0
17600 476002 478023 0 -1979.62 0 0
17700 480136 484204 0 360.887 0 0
17800 480049 481478 0 -2012.59 0 0
17900 485760 479399 0 1759.84 0 0
18000 474384 480158 0 2138.55 0 0
18100 476174 482347 0 2358.53 0 0
18200 477738 479931 0 -1685.02 0 0
18300 474712 482203 0 -4303.39 0 0
18400 474396 481794 0 1326.12 0 0
18500 477884 480079 0 -662.022 0 0
18600 484796 478756 0 -3999.8 0 0
18700 473354 480879 0 -545.354 0 0
18800 474557 480681 0 -27.7207 0 0
18900 478238 480206 0 -402.882 0 0
19000 478462 477987 0 463.694 0 0
19100 481432 472224 0 8329.06 0 0
19200 483490 474125 0 -1775.88 0 0
19300 489789 475294 0 -1052.66 0 0
19400 470110 480326 0 -2233.66 0 0
19500 478076 482268 0 -3415.09 0 0
19600 484980 479629 0 -503.748 0 0
19700 480607 482686 0 -2941.24 0 0
19800 481596 479904 0 1269.14 0 0
19900 478104 480157 0 3507.71 0 0
20000 478388 479195 0 -695.622 0 0
20100 482418 471632 0 -3621.78 0 0
20200 482989 477628 0 -1817.83 0 0
20300 476411 481199 0 -8775.62 0 0
20400 476891 483310 0 -121.607 0 0
20500 479211 482181 0 125.144 0 0
20600 481125 472997 0 -3973.08 0 0
20700 480292 483332 0 -4355.8 0 0
20800 485043 473030 0 -1161.02 0 0
20900 477658 482443 0 -32.7286 0 0
21000 482495 474253 0 939.894 0 0
21100 486124 476310 0 -2919.54 0 0
21200 482930 479347 0 571.526 0 0
21300 483969 476226 0 -2607.45 0 0
21400 475748 482402 0 2992.93 0 0
21500 468903 489232 0 -2116.94 0 0
21600 467543 483635 0 648.506 0 0
21700 478119 481920 0 -2626.4 0 0
21800 471955 482518 0 -2268.17 0 0
21900 483303 474001 0 217.29 0 0
22000 483731 476292 0 -4230.54 0 0
22100 477752 478079 0 -1577.62 0 0
22200 480557 477974 0 -2188.53 0 0
22300 478380 477023 0 2428.54 0 0
22400 477111 482814 0 3520.26 0 0
22500 480170 474768 0 3275.16 0 0
22600 486703 475068 0 1247.17 0 0
22700 484094 469549 0 2378.03 0 0
22800 478614 483546 0 -2338.09 0 0
22900 479249 482621 0 -6285.92 0 0
23000 472468 482705 0 226.13 0 0
23100 479597 482107 0 -651.592 0 0
23200 475920 481815 0 -2764.52 0 0
23300 470899 478662 0 6472.66 0 0
23400 480802 475375 0 2499.76 0 0
23500 478829 475393 0 5228.62 0 0
23600 477270 475191 0 -275.393 0 0
23700 476643 482630 0 1320.05 0 0
23800 473738 479684 0 -663.193 0 0
23900 475039 479073 0 66.5376 0 0
24000 488647 474313 0 1390.19 0 0
24100 483193 482589 0 5645.3 0 0
24200 479273 477318 0 3482.84 0 0
24300 480213 479232 0 -514.531 0 0
24400 482876 477434 0 3865.2 0 0
24500 474943 478528 0 5090.31 0 0
24600 477985 482310 0 -1731.17 0 0
24700 481885 475468 0 1411.65 0 0
24800 482423 478578 0 -404.381 0 0
24900 476866 474895 0 1160.66 0 0
25000 479239 478217 0 -71.4117 0 0
25100 476574 479590 0 -2730.8 0 0
25200 476351 487599 0 843.768 0 0
25300 477872 476824 0 3971.84 0 0
25400 478826 482913 0 3661.54 0 0
25500 476451 482789 0 2331.69 0 0
25600 479280 479923 0 3296.69 0 0
25700 481644 483498 0 -1441.68 0 0
25800 482500 477551 0 926.65 0 0
25900 484162 474891 0 2138.94 0 0
26000 477836 477862 0 4005.69 0 0
26100 481897 470941 0 -4373.16 0 0
26200 479828 479292 0 -1640.19 0 0
26300 478566 472251 0 5440.31 0 0
26400 477844 478253 0 2221.33 0 0
26500 477670 477728 0 582.126 0 0
26600 474502 480395 0 5765.52 0 0
26700 474230 474763 0 3674.58 0 0
26800 476445 482395 0 86.8896 0 0
26900 482816 473769 0 -307.33 0 0
27000 476621 480550 0 1644.81 0 0
27100 478904 474236 0 -1146.26 0 0
27200 479659 473752 0 488.422 0 0
27300 480423 472846 0 3226.54 0 0
27400 476028 477973 0 143.799 0 0
27500 484568 474599 0 -1431.53 0 0
27600 479784 471541 0 674.946 0 0
27700 473704 482079 0 -1642.36 0 0
27800 476359 480548 0 -1430.92 0 0
27900 476815 477675 0 -5300.93 0 0
28000 475900 477995 0 1797.16 0 0
28100 477108 476198 0 5888.95 0 0
28200 481154 480590 0 -1256.06 0 0
28300 471001 484882 0 -2832.28 0 0
28400 475869 483176 0 1112.25 0 0
28500 483630 477659 0 972.428 0 0
28600 488558 472396 0 -1894.11 0 0
28700 482170 475323 0 2657.37 0 0
28800 473322 477984 0 1249.02 0 0
28900 480694 478559 0 3799.44 0 0
29000 480269 478182 0 -1904.01 0 0
29100 480860 480186 0 -2895.52 0 0
29200 476665 481072 0 772.011 0 0
29300 475342 480398 0 -1538.39 0 0
29400 479525 480621 0 -4169.04 0 0
29500 472299 476724 0 -2201.53 0 0
29600 481596 482032 0 2501.03 0 0
29700 478297 478655 0 -3322.36 0 0
29800 485865 472689 0 -2239.99 0 0
29900 480247 482106 0 3603.06 0 0
30000 480398 477307 0 553.612 0 0
30100 477892 479289 0 1792 0 0
30200 476097 473231 0 -4369.82 0 0
30300 481196 476989 0 -1504.91 0 0
30400 477077 473758 0 994.775 0 0
30500 485394 478889 0 546.326 0 0
30600 483231 475846 0 3160.75 0 0
30700 480731 486270 0 3757.95 0 0
30800 467808 484110 0 -1463.98 0 0
30900 477045 486474 0 -639.598 0 0
31000 478407 476367 0 -841.333 0 0
31100 479209 479495 0 -4202.91 0 0
31200 478738 476193 0 1670.56 0 0
31300 474188 483983 0 -3189.44 0 0
31400 478466 478033 0 -2951.36 0 0
31500 481192 472542 0 -2184.74 0 0
31600 476025 476155 0 -2342.52 0 0
31700 481395 483270 0 2861.72 0 0
31800 477842 478822 0 -527.573 0 0
31900 481497 477772 0 955.405 0 0
32000 475585 477397 0 -7314.84 0 0
32100 482973 480505 0 2545.37 0 0
32200 485947 477455 0 -1755.58 0 0
32300 486453 477213 0 1863.87 0 0
32400 475338 481486 0 -523.484 0 0
32500 484545 479758 0 871.278 0 0
32600 480701 481284 0 1088.15 0 0
32700 478150 480738 0 -5510.98 0 0
32800 478075 478333 0 -1353.3 0 0
32900 484526 477584 0 -2233.06 0 0
33000 485667 471222 0 -21.0561 0 0
33100 474848 475891 0 -797.49 0 0
33200 473564 480920 0 1868.31 0 0
33300 480728 484400 0 710.077 0 0
33400 479194 474057 0 -2744.55 0 0
33500 483469 478260 0 849.277 0 0
33600 477529 481314 0 -2417.35 0 0
33700 477560 473963 0 -3632.87 0 0
33800 479743 473976 0 -1733.83 0 0
33900 478409 481072 0 -1816.42 0 0
34000 477547 475161 0 -3295.52 0 0
34100 474834 480320 0 382.086 0 0
34200 475722 484231 0 589.091 0 0
34300 476737 483691 0 2300.95 0 0
34400 479597 475965 0 -2485.73 0 0
34500 473944 482298 0 2265.43 0 0
34600 470283 480790 0 -1239.18 0 0
34700 477348 479085 0 1148.24 0 0
34800 475200 481730 0 -1023.69 0 0
34900 480669 476819 0 -2292.78 0 0
35000 477439 479666 0 5583.11 0 0
35100 477722 481423 0 751.383 0 0
35200 479716 479449 0 -1853.34 0 0
35300 478793 478736 0 4686.14 0 0
35400 480690 476293 0 4344.39 0 0
35500 477611 484536 0 749.729 0 0
35600 478787 476687 0 -3238.52 0 0
35700 481000 477684 0 -3246.31 0 0
35800 479830 477991 0 2137.84 0 0
35900 474999 485512 0 2786.6 0 0
36000 478902 475304 0 796.175 0 0
36100 476675 475487 0 -72.4555 0 0
36200 481675 483300 0 -2543.99 0 0
36300 476757 482505 0 3693.57 0 0
36400 477788 479845 0 2042.81 0 0
36500 471193 486028 0 3961.01 0 0
36600 476212 483110 0 5267.65 0 0
36700 476426 480301 0 469.083 0 0
36800 475803 482766 0 2328.7 0 0
36900 480930 480989 0 4128.12 0 0
37000 477008 475807 0 -2676.88 0 0
37100 473463 475867 0 2995.3 0 0
37200 476617 480960 0 -4113.35 0 0
37300 475501 482021 0 -1334.44 0 0
37400 480356 475329 0 -7042.7 0 0
37500 480335 483277 0 -6707.2 0 0
37600 469857 481296 0 -7.03238 0 0
37700 480197 481099 0 -4478.25 0 0
37800 478193 478602 0 -1165.03 0 0
37900 481355 477877 0 -2350.34 0 0
38000 477271 475052 0 -1178.95 0 0
38100 472714 480287 0 -2006.91 0 0
38200 474450 476455 0 472.41 0 0
38300 474050 484348 0 1061.6 0 0
38400 478154 477856 0 6585.43 0 0
38500 483529 481389 0 -2904.16 0 0
38600 476843 482466 0 3064.67 0 0
38700 484059 481053 0 5916.75 0 0
38800 477711 477041 0 2716.35 0 0
38900 479485 484982 0 -5174.44 0 0
39000 478186 477181 0 -2025.57 0 0
39100 474118 481991 0 -5740.18 0 0
39200 471819 482517 0 -3207.23 0 0
39300 473800 476279 0 -4368.22 0 0
39400 475237 478121 0 -3992.4 0 0
39500 480343 475265 0 -4233.27 0 0
39600 484946 471940 0 -1530.07 0 0
39700 485086 476254 0 559.837 0 0
39800 476875 480843 0 -2824.15 0 0
39900 483358 483087 0 2131.72 0 0
40000 482869 472768 0 -1062.34 0 0
40100 481941 480445 0 -4592.65 0 0
40200 478869 476807 0 3723.37 0 0
40300 481296 483830 0 -1786.09 0 0
40400 481612 474281 0 -2908.54 0 0
40500 475317 483066 0 -2335.66 0 0
40600 481070 478408 0 -401.476 0 0
40700 473910 483921 0 1939.54 0 0
40800 481659 475449 0 1045.7 0 0
40900 481414 475030 0 1864.41 0 0
41000 484391 477764 0 3579.27 0 0
41100 475567 478987 0 -3296.1 0 0
41200 474549 484595 0 -1649.69 0 0
41300 479444 477427 0 4558.08 0 0
41400 480711 477897 0 -156.549 0 0
41500 478706 468123 0 4788.25 0 0
41600 481026 475934 0 192.746 0 0
41700 477134 476443 0 -1294.23 0 0
41800 474504 481964 0 1220.76 0 0
41900 477556 478058 0 -3552.32 0 0
42000 475813 476383 0 -2204.37 0 0
42100 474860 477169 0 -977.64 0 0
42200 479695 477658 0 -743.344 0 0
42300 475894 480767 0 259.297 0 0
42400 480039 483071 0 608.169 0 0
42500 484379 475625 0 -2920.54 0 0
42600 480257 478568 0 511.543 0 0
42700 477070 479717 0 1553.73 0 0
42800 476422 473607 0 -724.157 0 0
42900 478641 483573 0 -307.277 0 0
43000 482010 478956 0 -5367.56 0 0
43100 474026 476361 0 -602.862 0 0
43200 479315 477862 0 2433.32 0 0
43300 478503 473114 0 1510.26 0 0
43400 475063 480986 0 1488.12 0 0
43500 478775 474108 0 673.094 0 0
43600 476397 478097 0 4094.44 0 0
43700 480886 476715 0 1382.03 0 0
43800 471592 482660 0 -3683.76 0 0
43900 481900 470791 0 1917.54 0 0
44000 476538 482716 0 2456.97 0 0
44100 478192 482699 0 -787.151 0 0
44200 474261 480515 0 -1362.42 0 0
44300 470716 482143 0 -1035.02 0 0
44400 469599 477960 0 4004.46 0 0
44500 475890 481643 0 -6306.45 0 0
44600 480101 478750 0 95.6809 0 0
44700 480017 473215 0 3486.4 0 0
44800 478319 481482 0 -2113.83 0 0
44900 475611 477984 0 1191.19 0 0
45000 478258 473341 0 4407.84 0 0
45100 479009 478714 0 -32.3629 0 0
45200 476680 475904 0 2548.3 0 0
45300 479398 482161 0 -1328.52 0 0
45400 480118 477743 0 2344.45 0 0
45500 485392 483267 0 3822.48 0 0
45600 482507 475225 0 1561.9 0 0
45700 469557 481506 0 1182.88 0 0
45800 477305 480323 0 2589.67 0 0
45900 475817 480589 0 -82.019 0 0
46000 474398 480270 0 -29.7071 0 0
46100 474741 478803 0 -3444.94 0 0
46200 479249 481989 0 -3358.86 0 0
46300 480240 476788 0 -2974.76 0 0
46400 471962 477761 0 -4760.94 0 0
46500 479622 481815 0 -843.009 0 0
46600 481647 482325 0 3422.74 0 0
46700 481406 475348 0 1784.53 0 0
46800 476740 481603 0 -71.6467 0 0
46900 482943 481821 0 5314.28 0 0
47000 477170 481607 0 -1019.49 0 0
47100 474069 481165 0 -3621.38 0 0
47200 478263 473991 0 -2848.17 0 0
47300 478944 480576 0 3724.74 0 0
47400 474296 477499 0 3912.12 0 0
47500 478135 478122 0 -4390.06 0 0
47600 479117 479930 0 1231.14 0 0
47700 476313 480176 0 1577.33 0 0
47800 480061 471556 0 2144.01 0 0
47900 472032 478093 0 -5368.34 0 0
48000 480762 477631 0 -3507.59 0 0
48100 486344 480897 0 2345.33 0 0
48200 476716 480869 0 2409.84 0 0
48300 476347 478063 0 3195.5 0 0
48400 477374 479408 0 -1165.52 0 0
48500 475182 483590 0 4297.87 0 0
48600 480967 482552 0 2846.23 0 0
48700 477248 477207 0 -719.015 0 0
48800 482197 476847 0 -668.361 0 0
48900 473308 481821 0 -1645.92 0 0
49000 481251 477482 0 -2074.77 0 0
49100 480898 475494 0 4056.28 0 0
49200 479019 484914 0 2356.15 0 0
49300 485041 469252 0 3951.07 0 0
49400 480153 479771 0 2374.6 0 0
49500 476301 476816 0 -818.308 0 0
49600 483096 476374 0 -217.7 0 0
49700 476646 474228 0 1395.17 0 0
49800 475612 481537 0 -3653.2 0 0
49900 477589 479160 0 -5041.81 0 0
50000 476686 478678 0 -3622.49 0 0
