# Time-averaged data for fix ps1
# TimeStep c_thermo_press[1] c_thermo_press[2] c_thermo_press[3] c_thermo_press[4] c_thermo_press[5] c_thermo_press[6]
0 414154 417690 0 590.554 0 0
100 422514 429354 0 876.669 0 0
200 426501 421220 0 -7412.35 0 0
300 426373 425836 0 -3075.81 0 0
400 427910 419350 0 -2086.58 0 0
500 421459 425607 0 -502.528 0 0
600 427018 420909 0 625.078 0 0
700 423375 421504 0 -2587.47 0 0
800 421425 423309 0 1121.61 0 0
900 421237 427614 0 119.541 0 0
1000 423468 427397 0 948.75 0 0
1100 423652 424354 0 -3596.7 0 0
1200 429025 421702 0 -2711.96 0 0
1300 426476 422745 0 -1409.15 0 0
1400 423561 424746 0 253.258 0 0
1500 423134 423068 0 385.591 0 0
1600 424426 422335 0 -2588.61 0 0
1700 424132 421054 0 -1249.6 0 0
1800 425964 418333 0 -951.113 0 0
1900 421713 426387 0 821.668 0 0
2000 424534 421115 0 378.917 0 0
2100 427660 421630 0 746.572 0 0
2200 425974 421985 0 2133.09 0 0
2300 425946 422447 0 -2593.04 0 0
2400 428476 423319 0 -1715.81 0 0
2500 421630 422762 0 -6307.93 0 0
2600 428727 418486 0 -1978.01 0 0
2700 425324 425289 0 -1760.31 0 0
2800 421555 423924 0 -3154.4 0 0
2900 424243 428702 0 -3710.17 0 0
3000 428310 420673 0 -428.543 0 0
3100 428935 422395 0 -698.073 0 0
3200 422159 425370 0 587.369 0 0
3300 420584 429722 0 -1844.62 0 0
3400 427402 423633 0 -1765.5 0 0
3500 425650 423701 0 -1968.04 0 0
3600 427752 422209 0 2133.71 0 0
3700 425919 423929 0 1653.66 0 0
3800 420157 423840 0 4291.01 0 0
3900 425342 424533 0 -236.802 0 0
4000 423740 426673 0 192.588 0 0
4100 423924 425525 0 -4108.94 0 0
4200 421771 422759 0 1282.15 0 0
4300 420736 423632 0 183.343 0 0
4400 422059 424232 0 3811.54 0 0
4500 419575 428338 0 4065.79 0 0
4600 422751 428108 0 941.359 0 0
4700 422934 429956 0 8459.76 0 0
4800 419182 430197 0 1229.05 0 0
4900 424960 424182 0 2614.05 0 0
5000 418573 426560 0 1980.07 0 0
5100 423473 419972 0 -1596.5 0 0
5200 426926 420339 0 1101.6 0 0
5300 420710 424495 0 2310.11 0 0
5400 427206 427863 0 2368.99 0 0
5500 425878 423654 0 362.447 0 0
5600 418938 425764 0 3566.27 0 0
5700 423480 422605 0 3664.29 0 0
5800 421384 425128 0 3515.91 0 0
5900 421514 422877 0 -520.2 0 0
6000 424122 423690 0 -1687.39 0 0
6100 425316 424872 0 -1952.02 0 0
6200 425131 420108 0 -4864.61 0 0
6300 423150 423120 0 3826.69 0 0
6400 426301 421903 0 -1982.94 0 0
6500 427447 420305 0 3266.5 0 0
6600 418558 430334 0 -177.055 0 0
6700 421670 422559 0 -2869.68 0 0
6800 427576 423138 0 -1087.19 0 0
6900 426247 419570 0 1359.59 0 0
7000 422487 422745 0 1590.04 0 0
7100 426884 419713 0 -3591.37 0 0
7200 421196 418995 0 865.933 0 0
7300 423349 422270 0 2061.38 0 0
7400 418312 425428 0 455.525 0 0
7500 424545 423500 0 2383.31 0 0
7600 422586 425403 0 -3216.75 0 0
7700 420473 424976 0 2578.9 0 0
7800 419401 423685 0 1052.08 0 0
7900 422833 422064 0 45.8983 0 0
8000 425654 425254 0 1898.74 0 0
8100 418607 428060 0 -3107.66 0 0
8200 424219 424932 0 -3415.57 0 0
8300 421978 424824 0 425.337 0 0
8400 422099 428110 0 -5176.82 0 0
8500 421279 426593 0 1590.51 0 0
8600 426087 422490 0 -1399.15 0 0
8700 426953 419471 0 -960.655 0 0
8800 421925 421583 0 -5330.07 0 0
8900 429595 420877 0 -1890.75 0 0
9000 424452 421084 0 -778.603 0 0
9100 426753 420289 0 -617.248 0 0
9200 425801 419742 0 -3486.67 0 0
9300 421209 426092 0 -4427.68 0 0
9400 427924 419416 0 631.611 0 0
9500 419063 427012 0 -1198.18 0 0
9600 424986 419068 0 -888.081 0 0
9700 421951 429205 0 -2025.75 0 0
9800 429631 419360 0 -1670.06 0 0
9900 422448 426538 0 -4498.23 0 0
10000 424648 427537 0 -3140.89 0 0
10100 422521 425918 0 -4908.12 0 0
10200 419956 426741 0 -1326.43 0 0
10300 429911 426133 0 -2248.55 0 0
10400 424104 425026 0 2587.1 0 0
10500 418230 426690 0 -1173.74 0 0
10600 423374 425733 0 -3890.87 0 0
10700 421978 422994 0 -1285.24 0 0
10800 423120 423783 0 -4123.12 0 0
10900 426850 422601 0 -296.309 0 0
11000 427195 422873 0 380.299 0 0
11100 423465 426338 0 276.609 0 0
11200 422638 425321 0 -1154.59 0 0
11300 416450 428716 0 -1374.25 0 0
11400 425043 424503 0 1658.36 0 0
11500 423736 429673 0 5599.19 0 0
11600 423521 431221 0 -1671.36 0 0
11700 423414 418090 0 2792.23 0 0
11800 422882 419764 0 3042.89 0 0
11900 420652 426886 0 91.2902 0 0
12000 422727 425215 0 1958.88 0 0
12100 418149 421752 0 -1784.54 0 0
12200 426417 424504 0 -4689.33 0 0
12300 421061 421053 0 -1299.29 0 0
12400 418702 425749 0 3110.21 0 0
12500 420881 423315 0 2940.11 0 0
12600 425589 424202 0 -301.059 0 0
12700 424330 423567 0 6316.46 0 0
12800 423411 422632 0 593.871 0 0
12900 426942 422242 0 2352.46 0 0
13000 426633 420630 0 6462.86 0 0
13100 427131 422215 0 4799.13 0 0
13200 420805 425107 0 3173.86 0 0
13300 426274 422181 0 310.136 0 0
13400 424192 421478 0 2011.74 0 0
13500 421951 430316 0 1540.13 0 0
13600 423666 423377 0 1337.46 0 0
13700 426949 428618 0 207.927 0 0
13800 426763 424891 0 4688.49 0 0
13900 428418 424828 0 2721.72 0 0
14000 427000 425377 0 3820.4 0 0
14100 423706 423218 0 1919.13 0 0
14200 422007 425561 0 1320.44 0 0
14300 422427 424858 0 1906.19 0 0
14400 425896 419299 0 3530.43 0 0
14500 425250 426375 0 4728.38 0 0
14600 422175 424214 0 1052.38 0 0
14700 423139 425487 0 4697.92 0 0
14800 421036 428291 0 634.879 0 0
14900 428058 421839 0 -1597.48 0 0
15000 425747 423439 0 -1405.72 0 0
15100 426679 424011 0 1322.96 0 0
15200 425038 422389 0 4200.55 0 0
15300 423719 422701 0 1004.3 0 0
15400 424803 421342 0 -3983.16 0 0
15500 423120 423023 0 -2427.54 0 0
15600 433897 416383 0 -1835.54 0 0
15700 426988 422311 0 1761.73 0 0
15800 427822 424357 0 -3895.6 0 0
15900 424401 420645 0 1420.23 0 0
16000 424839 422300 0 2783.34 0 0
16100 424581 423657 0 3925.68 0 0
16200 428623 419753 0 3376.34 0 0
16300 424941 425655 0 -997.271 0 0
16400 430343 417884 0 54.6993 0 0
16500 423244 423165 0 -2188.63 0 0
16600 427816 422134 0 -1691.29 0 0
16700 425127 424504 0 2782.96 0 0
16800 427800 423303 0 -1468.35 0 0
16900 421499 421705 0 4659.51 0 0
17000 426726 425994 0 1913.84 0 0
17100 422983 425796 0 683.32 0 0
17200 427191 425433 0 2812.9 0 0
17300 427046 422826 0 -6100.45 0 0
17400 429234 422887 0 3099.42 0 0
17500 429864 421432 0 -749.438 0 0
17600 423569 422792 0 2638.8 0 0
17700 424607 427037 0 4579.34 0 0
17800 424830 422264 0 4883.14 0 0
17900 421769 425924 0 -2341.07 0 0
18000 425260 422607 0 -1208.56 0 0
18100 422967 424568 0 1726.06 0 0
18200 423798 424882 0 2906.09 0 0
18300 430652 418226 0 -1545.74 0 0
18400 423648 423089 0 1532.52 0 0
18500 424712 426611 0 1445.17 0 0
18600 425659 422542 0 -582.693 0 0
18700 421600 423808 0 -3383.23 0 0
18800 425726 426584 0 1312.25 0 0
18900 424123 422416 0 -2239.41 0 0
19000 422573 425861 0 -539.143 0 0
19100 423382 425384 0 1054.91 0 0
19200 424877 427108 0 -2507.39 0 0
19300 426375 420691 0 2590.17 0 0
19400 424216 425127 0 165.749 0 0
19500 424022 424160 0 917.759 0 0
19600 423815 418403 0 -1097.07 0 0
19700 425226 422177 0 3965.97 0 0
19800 426902 422180 0 -773.469 0 0
19900 424978 418044 0 -3810.94 0 0
20000 421708 425990 0 -823.11 0 0
20100 421444 425242 0 1990.36 0 0
20200 425322 424930 0 930.133 0 0
20300 418559 424633 0 2107.11 0 0
20400 421175 427134 0 -2718.26 0 0
20500 424223 424365 0 -1222.74 0 0
20600 429749 420061 0 186.151 0 0
20700 429057 423938 0 -4726.97 0 0
20800 425053 428049 0 2042.04 0 0
20900 429293 421842 0 -1818.15 0 0
21000 426363 421696 0 870.45 0 0
21100 425712 419794 0 -2713.26 0 0
21200 425576 421771 0 483.746 0 0
21300 420923 424096 0 1389.62 0 0
21400 430429 423224 0 -739.895 0 0
21500 423379 425542 0 -1288.01 0 0
21600 425679 424245 0 1110.61 0 0
21700 426833 426052 0 2959.18 0 0
21800 423772 424109 0 -743.277 0 0
21900 425976 424964 0 -2237.85 0 0
22000 428721 422671 0 -7582.58 0 0
22100 425609 421277 0 -2187.1 0 0
22200 422648 426300 0 2804.45 0 0
22300 425502 425295 0 -2744.24 0 0
22400 427640 423928 0 -1273.21 0 0
22500 428606 420256 0 2606.94 0 0
22600 423530 426528 0 -1733.34 0 0
22700 424344 425793 0 -1028.46 0 0
22800 424705 424438 0 -2050.53 0 0
22900 423885 425062 0 -5396.45 0 0
23000 422124 422531 0 185.514 0 0
23100 424187 422607 0 -1796.54 0 0
23200 420956 425915 0 -4918.58 0 0
23300 422547 428381 0 -6358.87 0 0
23400 422240 425320 0 -6038.53 0 0
23500 423821 428512 0 -2098.33 0 0
23600 425002 426047 0 -3037.47 0 0
23700 427262 427366 0 -120.781 0 0
23800 419839 428359 0 1199.42 0 0
23900 426350 425620 0 -2780.78 0 0
24000 425437 426454 0 290.721 0 0
24100 426056 421762 0 303.83 0 0
24200 424882 427192 0 824.1 0 0
24300 423636 425548 0 -2929.74 0 0
24400 415732 432256 0 812.62 0 0
24500 422487 428020 0 -824.977 0 0
24600 422802 429261 0 1055.02 0 0
24700 425577 425642 0 -3258.07 0 0
24800 425884 422730 0 932.518 0 0
24900 426915 420671 0 -49.5831 0 0
25000 429943 422508 0 1694.27 0 0
25100 426162 415624 0 2673.97 0 0
25200 427729 426659 0 3001.71 0 0
25300 426137 420417 0 41.1715 0 0
25400 426938 426324 0 4321.08 0 0
25500 426809 423617 0 4099.6 0 0
25600 422662 422156 0 2697.28 0 0
25700 423692 420103 0 2450.25 0 0
25800 428442 420988 0 -1062.03 0 0
25900 424238 425685 0 2772.2 0 0
26000 426654 422823 0 1691.18 0 0
26100 423988 428883 0 2868.15 0 0
26200 421445 428088 0 1226.3 0 0
26300 419883 426711 0 3650.02 0 0
26400 423921 424542 0 -1838.06 0 0
26500 425115 425807 0 -3198.02 0 0
26600 425218 426888 0 2783.86 0 0
26700 424874 421255 0 1412.34 0 0
26800 429357 420550 0 -2089.13 0 0
26900 425378 420183 0 -234.744 0 0
27000 425905 424629 0 900.084 0 0
27100 430429 422816 0 -2198.03 0 0
27200 425476 422820 0 -82.4782 0 0
27300 430640 417702 0 149.029 0 0
27400 427899 420440 0 3113.17 0 0
27500 427250 424089 0 5430.99 0 0
27600 430592 418339 0 -1546.72 0 0
27700 425663 419965 0 -56.5363 0 0
27800 427672 421307 0 -383.962 0 0
27900 426089 421207 0 -1273.83 0 0
28000 428583 421099 0 -584.55 0 0
28100 426733 419936 0 2180.08 0 0
28200 425391 423941 0 1709.62 0 0
28300 430344 419089 0 -2118.26 0 0
28400 428329 422343 0 7618.19 0 0
28500 428864 420262 0 1520.2 0 0
28600 422435 425449 0 -976.378 0 0
28700 424576 423714 0 1896.33 0 0
28800 429497 422219 0 -1284.94 0 0
28900 426613 422615 0 1812.34 0 0
29000 430630 420255 0 -4538.59 0 0
29100 428153 424511 0 -2400.85 0 0
29200 421244 425554 0 401.929 0 0
29300 424318 425836 0 3172.45 0 0
29400 421614 422269 0 -2568.78 0 0
29500 425673 422960 0 277.385 0 0
29600 422986 422347 0 -4449.26 0 0
29700 420111 428297 0 1003.86 0 0
29800 425822 425682 0 -1431.97 0 0
29900 424239 425449 0 760.36 0 0
30000 429290 423419 0 2662.15 0 0
30100 425268 425402 0 -10.6145 0 0
30200 423874 424112 0 -499.757 0 0
30300 424451 423522 0 1664.22 0 0
30400 425783 425999 0 1573.84 0 0
30500 422461 422594 0 -3243.28 0 0
30600 423681 426001 0 -1781.08 0 0
30700 430032 423108 0 -3056.71 0 0
30800 423178 422212 0 653.222 0 0
30900 427110 420137 0 97.9175 0 0
31000 424236 422032 0 -7240.48 0 0
31100 426352 423438 0 -3833.04 0 0
31200 425504 421059 0 -3542.15 0 0
31300 420623 421578 0 -2287.1 0 0
31400 423578 422445 0 -5883.67 0 0
31500 425089 427636 0 -964.678 0 0
31600 422020 426574 0 -2999.05 0 0
31700 424678 421552 0 -4030.74 0 0
31800 425586 420407 0 -3428.92 0 0
31900 422865 424832 0 -2695.97 0 0
32000 425146 422846 0 -3499.94 0 0
32100 428625 422833 0 -448.548 0 0
32200 425390 423440 0 -1668.2 0 0
32300 429321 423114 0 2534.21 0 0
32400 428763 416612 0 986.216 0 0
32500 425988 425190 0 6225.1 0 0
32600 424220 421917 0 3971.72 0 0
32700 421315 428718 0 -271.742 0 0
32800 423925 428319 0 -342.259 0 0
32900 422125 427570 0 -3048.27 0 0
33000 423579 421601 0 -341.243 0 0
33100 422548 429361 0 2045.35 0 0
33200 425768 424709 0 1702.61 0 0
33300 424479 423604 0 460.815 0 0
33400 424556 426795 0 -94.3467 0 0
33500 427164 421220 0 -1903.21 0 0
33600 425024 423637 0 667.228 0 0
33700 423653 422639 0 4981.04 0 0
33800 426746 423508 0 147.319 0 0
33900 422393 426208 0 -1885.91 0 0
34000 422073 424431 0 -2622.08 0 0
34100 421478 429643 0 1476.16 0 0
34200 423852 424402 0 827.447 0 0
34300 419979 427610 0 -1068.35 0 0
34400 423573 425639 0 108.067 0 0
34500 426272 424281 0 1381.96 0 0
34600 422683 420485 0 4491.84 0 0
34700 423552 426584 0 1256.09 0 0
34800 423824 424879 0 1276.66 0 0
34900 426155 424917 0 465.526 0 0
35000 418416 426037 0 -1787.62 0 0
35100 426218 425757 0 -3479.87 0 0
35200 424087 428019 0 -1319.98 0 0
35300 425040 426892 0 -950.821 0 0
35400 424236 420907 0 -542.694 0 0
35500 425059 424614 0 271.226 0 0
35600 422333 424772 0 5274.91 0 0
35700 422525 425304 0 811.314 0 0
35800 425488 426294 0 40.0917 0 0
35900 424892 421844 0 664.67 0 0
36000 425115 428048 0 4040.54 0 0
36100 422154 425206 0 3059.44 0 0
36200 420922 427300 0 2350.67 0 0
36300 420607 427984 0 -3637.52 0 0
36400 424750 425688 0 -1375.75 0 0
36500 425932 428378 0 -1616.33 0 0
36600 424141 422371 0 102.926 0 0
36700 421766 430227 0 764.316 0 0
36800 422036 423239 0 3362.19 0 0
36900 421225 421522 0 3173.14 0 0
37000 421924 424942 0 1346.29 0 0
37100 421679 426575 0 1297.83 0 0
37200 426452 426452 0 5507.14 0 0
37300 418826 430148 0 307.792 0 0
37400 426485 425764 0 -3364.43 0 0
37500 420474 429944 0 4140.73 0 0
37600 421966 427023 0 -975.364 0 0
37700 427223 421144 0 3792.77 0 0
37800 429977 423479 0 2081.49 0 0
37900 428899 424464 0 -504.67 0 0
38000 424315 423916 0 1099.59 0 0
38100 427613 427764 0 -1617.85 0 0
38200 426705 422035 0 103.365 0 0
38300 421009 428312 0 1313.31 0 0
38400 429330 421638 0 -974.843 0 0
38500 421567 427897 0 1624.99 0 0
38600 426278 427141 0 -305.892 0 0
38700 423224 425988 0 3955.17 0 0
38800 429099 424462 0 -3337.37 0 0
38900 425136 423715 0 -1657.92 0 0
39000 420284 429367 0 179.778 0 0
39100 423681 430041 0 337.746 0 0
39200 422955 422756 0 -2239.54 0 0
39300 416765 428561 0 2148.82 0 0
39400 421244 428342 0 464.08 0 0
39500 422756 424169 0 -3592.12 0 0
39600 423983 426484 0 862.161 0 0
39700 422093 426645 0 -298.57 0 0
39800 420395 425085 0 4296.23 0 0
39900 427488 424949 0 -1377.68 0 0
40000 425490 423524 0 481.067 0 0
40100 424597 426273 0 -1210.64 0 0
40200 428442 417174 0 557.88 0 0
40300 428134 423483 0 -313.876 0 0
40400 425361 420517 0 -2304.98 0 0
40500 429189 421188 0 -4213.55 0 0
40600 417700 428479 0 -2901.94 0 0
40700 426733 426937 0 -3159.9 0 0
40800 420783 426567 0 -2909.21 0 0
40900 421900 429331 0 -2395.71 0 0
41000 426016 423294 0 -506.786 0 0
41100 423614 423349 0 -2719.13 0 0
41200 425870 423916 0 -2726.19 0 0
41300 423263 424558 0 226.439 0 0
41400 429380 425833 0 -1269.67 0 0
41500 424800 423885 0 1984.98 0 0
41600 420117 426355 0 -5449.25 0 0
41700 425756 424113 0 -954.995 0 0
41800 432575 421841 0 -1468.06 0 0
41900 422985 428302 0 -1292.31 0 0
42000 424236 429150 0 -8034.85 0 0
42100 426763 422324 0 -1759.34 0 0
42200 426366 426975 0 180.68 0 0
42300 420546 427891 0 307.209 0 0
42400 428174 425798 0 -205.595 0 0
42500 427068 424321 0 64.9781 0 0
42600 421017 426906 0 -2232.98 0 0
42700 429583 422709 0 1188.73 0 0
42800 424683 424530 0 1807.62 0 0
42900 423147 426964 0 1228.69 0 0
43000 427239 425720 0 -407.394 0 0
43100 426880 420855 0 3855.17 0 0
43200 420894 431074 0 -2315.41 0 0
43300 420944 430533 0 310.996 0 0
43400 428440 423533 0 -3094.01 0 0
43500 420917 426917 0 -2149.26 0 0
43600 425945 424243 0 -4177.7 0 0
43700 422948 425810 0 -3914.9 0 0
43800 422691 426641 0 945.021 0 0
43900 421086 427762 0 -4911.68 0 0
44000 425734 422279 0 576.919 0 0
44100 428509 421343 0 850.035 0 0
44200 426189 424124 0 -965.88 0 0
44300 429241 421824 0 -1245.47 0 0
44400 425540 422080 0 1312.62 0 0
44500 429306 420554 0 1423.1 0 0
44600 424896 424674 0 -33.5207 0 0
44700 427966 423392 0 -1773.39 0 0
44800 425968 422213 0 180.792 0 0
44900 425651 422356 0 263.385 0 0
45000 429552 419824 0 5165.31 0 0
45100 425549 422987 0 2528.71 0 0
45200 422198 427264 0 3533.69 0 0
45300 427384 421700 0 4360.04 0 0
45400 427268 422296 0 -28.5711 0 0
45500 421734 425565 0 4449.96 0 0
45600 422421 429690 0 2611.71 0 0
45700 425266 420793 0 3395.4 0 0
45800 426367 422443 0 2538.04 0 0
45900 425839 422762 0 5201.55 0 0
46000 425445 423994 0 1058.96 0 0
46100 422251 425422 0 5917.97 0 0
46200 425051 422123 0 -197.593 0 0
46300 426738 421884 0 5477.31 0 0
46400 426618 420860 0 4830.08 0 0
46500 422467 421933 0 7069.89 0 0
46600 425797 421844 0 3612.4 0 0
46700 421669 425242 0 3748.58 0 0
46800 422255 420270 0 4860.18 0 0
46900 425178 423679 0 2098.15 0 0
47000 424903 419438 0 1597.46 0 0
47100 431604 418216 0 1176.97 0 0
47200 430620 418957 0 -379.269 0 0
47300 423800 420654 0 652.641 0 0
47400 426949 419941 0 -102.361 0 0
47500 424679 424525 0 -1597.52 0 0
47600 426514 423854 0 -1069.29 0 0
47700 424614 425302 0 1733.54 0 0
47800 422457 427844 0 837.467 0 0
47900 423119 422372 0 931.256 0 0
48000 422054 426947 0 585.488 0 0
48100 423490 423923 0 -291.688 0 0
48200 428991 422565 0 2932.31 0 0
48300 417452 427116 0 -1674.25 0 0
48400 425544 425151 0 -857.588 0 0
48500 421520 422912 0 454.417 0 0
48600 423584 427050 0 1559.56 0 0
48700 422555 424414 0 -132.058 0 0
48800 426755 420495 0 -228.115 0 0
48900 425670 422943 0 1069.64 0 0
49000 427572 422455 0 -4627.57 0 0
49100 425869 419356 0 982.787 0 0
49200 425084 420711 0 2837.62 0 0
49300 424410 420198 0 604.209 0 0
49400 425832 420920 0 -5913.19 0 0
49500 425142 425081 0 1697.42 0 0
49600 427572 420361 0 1489.18 0 0
49700 423838 425317 0 2265.58 0 0
49800 425441 421629 0 -1075.25 0 0
49900 422304 422367 0 -3062.96 0 0
50000 418719 427332 0 -1604.19 0 0
