# Time-averaged data for fix ps1
# TimeStep c_thermo_press[1] c_thermo_press[2] c_thermo_press[3] c_thermo_press[4] c_thermo_press[5] c_thermo_press[6]
0 356638 349537 0 -2628.08 0 0
100 359626 355480 0 -3537.18 0 0
200 358074 352334 0 -1086.2 0 0
300 355359 357431 0 -1211.3 0 0
400 360581 352705 0 -4105.89 0 0
500 358714 356141 0 -6930.35 0 0
600 358795 354094 0 -5686.51 0 0
700 359511 353475 0 -5896.32 0 0
800 355619 355406 0 -7383.18 0 0
900 359001 351367 0 -6545.34 0 0
1000 360330 352338 0 -6632.47 0 0
1100 356878 356969 0 -6461.28 0 0
1200 358743 354319 0 -6177.31 0 0
1300 358990 354174 0 -5713.51 0 0
1400 357310 356758 0 -11483.8 0 0
1500 357703 354055 0 -8045.85 0 0
1600 356455 356150 0 -8386.56 0 0
1700 359043 352407 0 -8810.03 0 0
1800 358674 354986 0 -10596.3 0 0
1900 359828 356035 0 -10343.3 0 0
2000 358460 354765 0 -11657.9 0 0
2100 359466 352340 0 -7272.56 0 0
2200 359226 355390 0 -7462.41 0 0
2300 359855 354219 0 -11484.3 0 0
2400 357312 354380 0 -10845.6 0 0
2500 358913 353138 0 -7250.83 0 0
2600 357905 353683 0 -10387.1 0 0
2700 359807 354336 0 -12069.1 0 0
2800 358088 355293 0 -10225.8 0 0
2900 358423 355278 0 -11067.7 0 0
3000 359653 354954 0 -9970.92 0 0
3100 358424 354861 0 -8842.46 0 0
3200 359554 353251 0 -10051.6 0 0
3300 360960 354881 0 -8720.76 0 0
3400 357968 352636 0 -8645.38 0 0
3500 360033 352399 0 -9355.25 0 0
3600 359999 354278 0 -7541.12 0 0
3700 358688 357121 0 -8136.34 0 0
3800 357568 354771 0 -7047.13 0 0
3900 358954 354512 0 -6279.63 0 0
4000 358273 353902 0 -7613.86 0 0
4100 358237 351224 0 -6418.38 0 0
4200 359027 352123 0 -4673.32 0 0
4300 359651 354712 0 -4390.39 0 0
4400 358670 354075 0 -5635.52 0 0
4500 356820 355512 0 -2064.29 0 0
4600 358186 354839 0 -1160.14 0 0
4700 358296 353803 0 -4071.29 0 0
4800 358637 355703 0 -3581.69 0 0
4900 358626 356510 0 -2948.57 0 0
5000 358478 353679 0 -2791.69 0 0
5100 361962 352549 0 738.322 0 0
5200 359685 351557 0 -1571.88 0 0
5300 361244 353291 0 586.273 0 0
5400 358611 353280 0 2153.22 0 0
5500 360061 353549 0 314.34 0 0
5600 360048 352887 0 2399.93 0 0
5700 359170 354882 0 2723.07 0 0
5800 360571 354434 0 3583 0 0
5900 360685 352770 0 3854.32 0 0
6000 358052 353567 0 4788.81 0 0
6100 359859 355242 0 3120.06 0 0
6200 357903 353618 0 4563.09 0 0
6300 359957 352793 0 1146.26 0 0
6400 356621 353497 0 2908.47 0 0
6500 360269 356395 0 4206.62 0 0
6600 360329 353174 0 6067.38 0 0
6700 360119 352057 0 9104.63 0 0
6800 360593 354693 0 5839.3 0 0
6900 359545 356035 0 7246.15 0 0
7000 358399 354003 0 2627.95 0 0
7100 356982 357003 0 7006.8 0 0
7200 360246 353809 0 7561.34 0 0
7300 358481 354576 0 5985.24 0 0
7400 359614 355868 0 6448.63 0 0
7500 357573 355687 0 3787.76 0 0
7600 355808 355105 0 6920.73 0 0
7700 359541 354307 0 5634.96 0 0
7800 359634 353246 0 5726.04 0 0
7900 356138 353462 0 6092.67 0 0
8000 360053 353999 0 5828.43 0 0
8100 358560 354390 0 3563.18 0 0
8200 359788 353622 0 5599.18 0 0
8300 358218 355538 0 7105.4 0 0
8400 360672 354373 0 4001.72 0 0
8500 361534 351379 0 3952.1 0 0
8600 357642 354578 0 3731.45 0 0
8700 356101 354709 0 3834.25 0 0
8800 357705 355057 0 3507.35 0 0
8900 359979 351106 0 4396.89 0 0
9000 357124 355127 0 1482.22 0 0
9100 360779 352769 0 5.88513 0 0
9200 358103 355636 0 3223.83 0 0
9300 359296 350847 0 4301.41 0 0
9400 358445 352616 0 2332.85 0 0
9500 356957 356020 0 453.653 0 0
9600 360623 354339 0 -98.1673 0 0
9700 357172 354517 0 1336.61 0 0
9800 360864 351041 0 273.857 0 0
9900 358132 353433 0 -1900 0 0
10000 360954 353512 0 -1586.37 0 0
10100 356574 353113 0 -1572.55 0 0
10200 358107 355211 0 -4120.06 0 0
10300 360138 353019 0 -5675.26 0 0
10400 360570 352523 0 -3676.25 0 0
10500 358672 354200 0 -4761.21 0 0
10600 360627 352462 0 -4554.81 0 0
10700 356451 355377 0 -5791.34 0 0
10800 357114 355005 0 -5570.9 0 0
10900 357732 354641 0 -7161.47 0 0
11000 360346 351878 0 -6809.27 0 0
11100 356808 357449 0 -6670.19 0 0
11200 360975 352082 0 -6011.35 0 0
11300 359784 354850 0 -7476.4 0 0
11400 358958 354202 0 -9392.99 0 0
11500 360164 354455 0 -8314.45 0 0
11600 358828 354947 0 -9554.32 0 0
11700 358864 354711 0 -8698.01 0 0
11800 359758 353023 0 -7092.45 0 0
11900 362063 351981 0 -9022.55 0 0
12000 359591 355263 0 -9097.82 0 0
12100 356950 355681 0 -8268.71 0 0
12200 359793 354526 0 -12397.7 0 0
12300 358223 354613 0 -11873.5 0 0
12400 358000 354698 0 -11555.5 0 0
12500 361920 355000 0 -10066.5 0 0
12600 358330 354493 0 -10118.3 0 0
12700 361868 352667 0 -10226.5 0 0
12800 360983 354058 0 -6833.24 0 0
12900 355393 356762 0 -11514.6 0 0
13000 358856 355597 0 -9642.82 0 0
13100 358048 351462 0 -8580.26 0 0
13200 358845 356278 0 -7173.07 0 0
13300 355964 355321 0 -8522.79 0 0
13400 360002 355916 0 -7542.6 0 0
13500 355804 356564 0 -8145.04 0 0
13600 357117 356117 0 -6881.06 0 0
13700 357573 355471 0 -6260.98 0 0
13800 357604 354838 0 -6788.58 0 0
13900 358928 355966 0 -4879.7 0 0
14000 359914 356472 0 -4484.31 0 0
14100 357553 355893 0 -6657.58 0 0
14200 358286 352772 0 -4116.5 0 0
14300 360377 352892 0 -3334.65 0 0
14400 357987 357197 0 -1885.98 0 0
14500 358785 356200 0 -4746.53 0 0
14600 360937 351566 0 -2265.47 0 0
14700 360572 353151 0 -1715.74 0 0
14800 362057 353061 0 -329.478 0 0
14900 359825 352541 0 -392.081 0 0
15000 359829 353942 0 -373.376 0 0
15100 359088 356231 0 -593.628 0 0
15200 359158 352807 0 -308.652 0 0
15300 358070 354136 0 2082.71 0 0
15400 356913 356358 0 3665.39 0 0
15500 359551 350890 0 3946.33 0 0
15600 359840 354144 0 2675.08 0 0
15700 354848 355566 0 3284.5 0 0
15800 361520 354501 0 2380.72 0 0
15900 360834 351679 0 4078.81 0 0
16000 355186 355124 0 6469.27 0 0
16100 361762 353353 0 6401.74 0 0
16200 359769 354266 0 7016.65 0 0
16300 359097 352565 0 9141.35 0 0
16400 356548 354994 0 5427.74 0 0
16500 358709 352835 0 3915.82 0 0
16600 356462 356220 0 3795.89 0 0
16700 360628 353547 0 5880.73 0 0
16800 359337 355348 0 6785.18 0 0
16900 358986 353168 0 6054.9 0 0
17000 359051 354789 0 9479.86 0 0
17100 361825 352786 0 6415.25 0 0
17200 358091 354632 0 4976.15 0 0
17300 357884 354891 0 6037.52 0 0
17400 359268 355215 0 6032.48 0 0
17500 359936 354790 0 8069.21 0 0
17600 358322 354476 0 7508.85 0 0
17700 359768 355713 0 6596.59 0 0
17800 360187 353250 0 7441.49 0 0
17900 358836 356229 0 8013.36 0 0
18000 359382 353430 0 6290.62 0 0
18100 356889 354982 0 7586.56 0 0
18200 359051 354332 0 6906.23 0 0
18300 358940 352571 0 6119.92 0 0
18400 358526 352863 0 5934.68 0 0
18500 359827 354229 0 5892.57 0 0
18600 359142 351411 0 4392.07 0 0
18700 358328 350528 0 4930.11 0 0
18800 358902 355056 0 2468.47 0 0
18900 360095 354103 0 2265.58 0 0
19000 358076 355466 0 1951.12 0 0
19100 360499 353653 0 4557.66 0 0
19200 359378 353416 0 2475.8 0 0
19300 356916 354755 0 869.72 0 0
19400 359128 353273 0 2289.25 0 0
19500 355780 353032 0 1520.32 0 0
19600 357934 357138 0 708.997 0 0
19700 358254 356321 0 -1463.54 0 0
19800 360680 353881 0 -251.28 0 0
19900 358611 351879 0 -1526.89 0 0
20000 358182 354798 0 -3316.45 0 0
20100 361228 352737 0 -422.031 0 0
20200 360998 356169 0 -5338.93 0 0
20300 356024 354883 0 -2595.33 0 0
20400 358500 353584 0 -4470.36 0 0
20500 359423 355291 0 -5274.05 0 0
20600 356289 356013 0 -3855.05 0 0
20700 359215 356677 0 -5910.02 0 0
20800 359057 353855 0 -6147.89 0 0
20900 359169 353228 0 -5397.95 0 0
21000 359121 353677 0 -5846.43 0 0
21100 359649 353534 0 -7597.63 0 0
21200 357049 354854 0 -7963.09 0 0
21300 359485 353553 0 -5995.89 0 0
21400 357426 355402 0 -7727.91 0 0
21500 356624 355337 0 -8765.12 0 0
21600 360589 355231 0 -9386.27 0 0
21700 358434 353197 0 -8431.57 0 0
21800 357570 355410 0 -8092.63 0 0
21900 360177 353447 0 -11823.4 0 0
22000 362386 351442 0 -11782.2 0 0
22100 359355 353257 0 -11626.1 0 0
22200 359355 353488 0 -9936.49 0 0
22300 359090 352859 0 -10232.7 0 0
22400 357719 356273 0 -8702.36 0 0
22500 358963 353822 0 -9655.41 0 0
22600 359564 355357 0 -11493.3 0 0
22700 358273 354064 0 -10191.2 0 0
22800 357169 355530 0 -8541.55 0 0
22900 359003 355043 0 -10819.6 0 0
23000 359152 353567 0 -7171.99 0 0
23100 359564 354009 0 -8348.29 0 0
23200 358855 352756 0 -7923.09 0 0
23300 359554 355914 0 -7579.93 0 0
23400 357212 354717 0 -5944.45 0 0
23500 356896 358003 0 -7968.2 0 0
23600 358105 353650 0 -9128.5 0 0
23700 357245 356482 0 -7428.71 0 0
23800 359973 354168 0 -6356.59 0 0
23900 357752 354454 0 -6418.42 0 0
24000 357150 354944 0 -5876.87 0 0
24100 360021 353370 0 -5599.09 0 0
24200 356910 353120 0 -4779.46 0 0
24300 358817 354164 0 -3821.91 0 0
24400 360585 353941 0 -4536.39 0 0
24500 358601 355428 0 -3738.98 0 0
24600 357821 354793 0 -4744.35 0 0
24700 357491 354073 0 -6189.6 0 0
24800 358215 352224 0 529.749 0 0
24900 358016 356624 0 -1949.48 0 0
25000 359122 352144 0 -2076.79 0 0
25100 357342 356847 0 580.251 0 0
25200 359919 354841 0 11.4012 0 0
25300 358268 355549 0 -75.968 0 0
25400 357284 357962 0 1769.9 0 0
25500 357612 353117 0 533.137 0 0
25600 359246 351787 0 -433.922 0 0
25700 359780 353740 0 2332.5 0 0
25800 357203 355757 0 1778.12 0 0
25900 360972 354315 0 3455.41 0 0
26000 358259 351386 0 1896.03 0 0
26100 356764 357336 0 3735.25 0 0
26200 358244 353867 0 4080.81 0 0
26300 356772 354674 0 2963.99 0 0
26400 360064 352518 0 2966.36 0 0
26500 358648 352679 0 5591.67 0 0
26600 358549 355479 0 5741.62 0 0
26700 355730 354432 0 6472.06 0 0
26800 362234 352928 0 4488.48 0 0
26900 358622 352384 0 7261.54 0 0
27000 357347 355262 0 6891.5 0 0
27100 358637 352906 0 7449.51 0 0
27200 361323 352675 0 7698.1 0 0
27300 360556 353554 0 6823.9 0 0
27400 356685 353668 0 8280.66 0 0
27500 358413 355691 0 4509.98 0 0
27600 357524 353907 0 4200.08 0 0
27700 356887 355366 0 10057.7 0 0
27800 358804 352987 0 7158.85 0 0
27900 360426 353216 0 6607.43 0 0
28000 356691 353222 0 9251.23 0 0
28100 360322 353945 0 5371.4 0 0
28200 359591 352232 0 4657.02 0 0
28300 360564 353601 0 6773.41 0 0
28400 359215 355005 0 7355.82 0 0
28500 359124 352582 0 5608.59 0 0
28600 359502 354346 0 7122.08 0 0
28700 357257 354326 0 4722.2 0 0
28800 361353 352827 0 5768.58 0 0
28900 357915 354551 0 5882.14 0 0
29000 357048 357538 0 4338.36 0 0
29100 359676 352692 0 4453.55 0 0
29200 360580 352826 0 -191.262 0 0
29300 360942 353402 0 2456.7 0 0
29400 358554 356405 0 2542.44 0 0
29500 358413 351399 0 2457.57 0 0
29600 359129 353321 0 3548.74 0 0
29700 359469 352212 0 -192.294 0 0
29800 358038 354831 0 10.4992 0 0
29900 358775 353528 0 -1993.69 0 0
30000 357728 355970 0 -1166.99 0 0
30100 357113 355588 0 -1907.92 0 0
30200 357965 354587 0 -2448.98 0 0
30300 356150 357256 0 -4818.02 0 0
30400 358813 353379 0 -2591.36 0 0
30500 358172 352733 0 -5597.92 0 0
30600 358096 355493 0 -5289.09 0 0
30700 359992 355747 0 -4490.56 0 0
30800 357046 354501 0 -4939.32 0 0
30900 356608 356365 0 -3278.85 0 0
31000 360310 352019 0 -5195.81 0 0
31100 357957 355558 0 -6184.86 0 0
31200 356460 354374 0 -6605.24 0 0
31300 360035 354206 0 -6400.51 0 0
31400 359212 353819 0 -8052.63 0 0
31500 360182 352380 0 -8205.92 0 0
31600 359425 355503 0 -8545.51 0 0
31700 357913 352634 0 -7206.08 0 0
31800 358079 357263 0 -9571.65 0 0
31900 357305 355677 0 -10724 0 0
32000 358394 353693 0 -10037.7 0 0
32100 357714 353887 0 -10448.3 0 0
32200 360792 352958 0 -9445.6 0 0
32300 356413 355153 0 -10623.2 0 0
32400 360956 353115 0 -8435.64 0 0
32500 359244 352565 0 -11392.2 0 0
32600 357123 355704 0 -9856.98 0 0
32700 359951 352599 0 -10802.6 0 0
32800 361600 354853 0 -9189.56 0 0
32900 359074 357446 0 -9901.36 0 0
33000 358060 352947 0 -9951.71 0 0
33100 358537 353318 0 -8494.44 0 0
33200 359127 354381 0 -11124.3 0 0
33300 358712 352952 0 -8301.82 0 0
33400 357425 354616 0 -9767.9 0 0
33500 357125 356387 0 -8702.71 0 0
33600 358254 354701 0 -8489.78 0 0
33700 357934 355072 0 -8206.37 0 0
33800 359726 353971 0 -8596.17 0 0
33900 357654 357704 0 -5295.23 0 0
34000 359327 351768 0 -4684.4 0 0
34100 358869 352598 0 -5284.57 0 0
34200 358556 354403 0 -3968.98 0 0
34300 361405 354794 0 -5888.53 0 0
34400 357977 354578 0 -4004.83 0 0
34500 359925 352959 0 -639.141 0 0
34600 356599 355015 0 -3240.3 0 0
34700 358801 355841 0 -1048.23 0 0
34800 357520 354571 0 560.177 0 0
34900 356775 354504 0 -2841.79 0 0
35000 360455 352892 0 -562.304 0 0
35100 358366 354259 0 650.866 0 0
35200 357661 354191 0 4085.67 0 0
35300 360697 352076 0 1641.19 0 0
35400 357136 353161 0 1501.93 0 0
35500 357196 355561 0 997.169 0 0
35600 359430 355029 0 3677.69 0 0
35700 360032 353918 0 2036.58 0 0
35800 360572 353141 0 1571.91 0 0
35900 357528 351107 0 2901.47 0 0
36000 358753 354191 0 347.404 0 0
36100 358306 355714 0 2846.32 0 0
36200 359831 355001 0 2600.89 0 0
36300 358560 356526 0 3655.75 0 0
36400 359611 355136 0 7071.99 0 0
36500 358549 355068 0 4362.47 0 0
36600 359051 352156 0 5973.13 0 0
36700 358788 354680 0 7955.17 0 0
36800 357063 354649 0 6023.38 0 0
36900 354832 355884 0 4609.14 0 0
37000 356323 355753 0 7950.03 0 0
37100 358341 355168 0 7276.19 0 0
37200 358767 355326 0 7848.39 0 0
37300 359218 353461 0 7836.47 0 0
37400 359206 353515 0 7096.65 0 0
37500 359143 354570 0 7371.73 0 0
37600 356859 356676 0 9816.86 0 0
37700 359117 353429 0 4952.24 0 0
37800 356675 354731 0 6089.31 0 0
37900 356562 356460 0 5892.75 0 0
38000 358731 352561 0 5715.83 0 0
38100 357792 356397 0 5918.38 0 0
38200 360588 354090 0 6131.42 0 0
38300 360203 351207 0 5178.96 0 0
38400 360573 354431 0 7525.12 0 0
38500 358106 354235 0 5905.37 0 0
38600 356304 356256 0 3044.49 0 0
38700 360592 352224 0 4349.3 0 0
38800 359775 353424 0 2479.04 0 0
38900 357671 351734 0 2463.46 0 0
39000 357451 357337 0 2232.08 0 0
39100 360596 353003 0 3367.75 0 0
39200 360888 355102 0 2760.57 0 0
39300 360033 351827 0 1520.63 0 0
39400 360494 354194 0 96.7483 0 0
39500 358090 355004 0 1897.71 0 0
39600 357475 352376 0 1967.19 0 0
39700 358662 353978 0 -1378.89 0 0
39800 355768 356251 0 -840.243 0 0
39900 363474 352072 0 -1227.35 0 0
40000 357874 353016 0 -1392.36 0 0
40100 355269 353747 0 -3799.8 0 0
40200 359365 352775 0 -2886.24 0 0
40300 356955 354818 0 -2000.48 0 0
40400 359224 354290 0 -4365.72 0 0
40500 359077 352668 0 -3967.35 0 0
40600 358291 350396 0 -5881.47 0 0
40700 356742 358103 0 -4838.25 0 0
40800 359883 351821 0 -5468.22 0 0
40900 360790 355088 0 -6979.1 0 0
41000 358445 352842 0 -7066.54 0 0
41100 357685 354505 0 -6071.94 0 0
41200 356872 356463 0 -7142.62 0 0
41300 358156 355207 0 -5915.03 0 0
41400 358696 353589 0 -7459.84 0 0
41500 362412 351874 0 -6870.03 0 0
41600 358851 353943 0 -8659.97 0 0
41700 355742 354936 0 -10039.7 0 0
41800 361032 353308 0 -9788.23 0 0
41900 357072 355689 0 -11998 0 0
42000 362190 352669 0 -9970.24 0 0
42100 359641 351953 0 -10217.9 0 0
42200 359668 356104 0 -9608.99 0 0
42300 357894 355142 0 -9319.26 0 0
42400 360895 351606 0 -9289 0 0
42500 358018 355370 0 -9083.13 0 0
42600 359418 354177 0 -8636.87 0 0
42700 357679 355896 0 -7753.91 0 0
42800 358515 352474 0 -9691.6 0 0
42900 359055 353946 0 -11109.2 0 0
43000 360132 354718 0 -10082.4 0 0
43100 358555 356128 0 -7196.2 0 0
43200 359308 356065 0 -8453.29 0 0
43300 359364 353023 0 -9062.52 0 0
43400 358685 355391 0 -7297.8 0 0
43500 358820 354411 0 -9398.13 0 0
43600 359104 355455 0 -9872.96 0 0
43700 355945 354228 0 -8337.85 0 0
43800 358306 355865 0 -8988.01 0 0
43900 356866 354078 0 -5903.84 0 0
44000 356793 356165 0 -6035.36 0 0
44100 358872 354893 0 -7826.29 0 0
44200 357264 354299 0 -5240.31 0 0
44300 357084 351665 0 -3532.6 0 0
44400 358285 356604 0 -3654.6 0 0
44500 356528 355368 0 -3667.74 0 0
44600 357501 352335 0 -720.03 0 0
44700 357979 355592 0 -4956.21 0 0
44800 358967 354437 0 -1401.43 0 0
44900 359346 354430 0 -2729.36 0 0
45000 358014 351917 0 -196.532 0 0
45100 357668 356951 0 -607.758 0 0
45200 358221 355184 0 -2911.41 0 0
45300 357996 353501 0 127.803 0 0
45400 357405 354745 0 -550.709 0 0
45500 358892 352389 0 413.765 0 0
45600 357127 354690 0 2093.68 0 0
45700 355211 351837 0 1995.76 0 0
45800 360605 352254 0 1330.33 0 0
45900 358328 354426 0 3622.18 0 0
46000 357878 354749 0 3679.66 0 0
46100 360064 352417 0 3273.68 0 0
46200 360216 351389 0 3063.33 0 0
46300 357465 354158 0 5035.48 0 0
46400 358129 354113 0 6414.12 0 0
46500 357498 353720 0 3935.85 0 0
46600 358939 353810 0 8372.95 0 0
46700 356557 352523 0 6858.48 0 0
46800 356816 356752 0 5709.75 0 0
46900 357685 354360 0 5644.76 0 0
47000 356139 355770 0 5383.08 0 0
47100 357250 354185 0 6893.3 0 0
47200 357263 355754 0 7142.99 0 0
47300 360175 354842 0 7541.08 0 0
47400 358074 355513 0 7007.26 0 0
47500 358693 352828 0 6276.74 0 0
47600 357695 354262 0 7480.1 0 0
47700 359370 353352 0 5021.91 0 0
47800 357142 355571 0 6621.24 0 0
47900 359516 353159 0 6325.22 0 0
48000 359095 354309 0 4402.6 0 0
48100 356380 352877 0 5509.89 0 0
48200 361743 353053 0 5087.1 0 0
48300 356709 355052 0 4749.86 0 0
48400 357209 353656 0 6264.27 0 0
48500 358183 353436 0 6051.39 0 0
48600 357524 354231 0 6080.35 0 0
48700 359271 352979 0 4947.01 0 0
48800 360161 354018 0 5699.52 0 0
48900 355998 358375 0 4460.71 0 0
49000 356393 353508 0 5228.85 0 0
49100 358882 354329 0 3359.44 0 0
49200 356457 354259 0 2413.19 0 0
49300 357729 351807 0 -181.336 0 0
49400 357924 354931 0 425.743 0 0
49500 358738 354097 0 721.031 0 0
49600 357249 354886 0 385.118 0 0
49700 360224 354218 0 -1229.47 0 0
49800 361222 353836 0 -925.461 0 0
49900 358865 352467 0 1521.53 0 0
50000 359793 352413 0 -2044.43 0 0
