# Time-averaged data for fix ps1
# TimeStep c_thermo_press[1] c_thermo_press[2] c_thermo_press[3] c_thermo_press[4] c_thermo_press[5] c_thermo_press[6]
0 435952 438449 0 1082.88 0 0
100 443877 441184 0 3384.5 0 0
200 440793 444507 0 -4140.41 0 0
300 440643 445089 0 -2814.18 0 0
400 432394 448678 0 -1574.6 0 0
500 442303 440001 0 -1570.34 0 0
600 443695 440419 0 -4143.78 0 0
700 440737 439185 0 -2224.14 0 0
800 443469 440936 0 -383.74 0 0
900 442921 446306 0 -4059.3 0 0
1000 442193 441541 0 153.392 0 0
1100 442579 444594 0 342.86 0 0
1200 441951 445555 0 -3744.76 0 0
1300 447730 443821 0 -2739.91 0 0
1400 444184 442927 0 933.416 0 0
1500 447833 436560 0 2263.55 0 0
1600 440974 445433 0 792.583 0 0
1700 446659 439071 0 -1473.04 0 0
1800 440559 441479 0 1719.9 0 0
1900 443347 444762 0 -1267.04 0 0
2000 443387 444872 0 -1843.91 0 0
2100 441416 443456 0 6445.6 0 0
2200 446896 435963 0 1772.85 0 0
2300 448113 436785 0 -385.928 0 0
2400 442445 443095 0 -6099.71 0 0
2500 447531 439132 0 -6064.6 0 0
2600 441264 441886 0 -4867.48 0 0
2700 443736 444071 0 -60.7337 0 0
2800 442554 442914 0 -1446.82 0 0
2900 443547 441426 0 1434.03 0 0
3000 441432 441445 0 -204.786 0 0
3100 442435 439167 0 1627.75 0 0
3200 435943 443463 0 -2241 0 0
3300 443454 444197 0 -2691.16 0 0
3400 439739 439527 0 -427.563 0 0
3500 438207 441562 0 235.637 0 0
3600 439858 443805 0 1539.98 0 0
3700 440104 444387 0 2453.29 0 0
3800 438727 444042 0 -3724.19 0 0
3900 440511 446666 0 -3913.02 0 0
4000 440667 446011 0 -4456.08 0 0
4100 447432 440768 0 -715.082 0 0
4200 443586 443121 0 1757.09 0 0
4300 440683 444131 0 958.186 0 0
4400 441121 444158 0 1566.45 0 0
4500 447111 440519 0 -232.406 0 0
4600 446478 438535 0 -1357.21 0 0
4700 448885 437809 0 -13.1658 0 0
4800 440959 445008 0 3722.28 0 0
4900 442176 442805 0 3569.22 0 0
5000 445033 445708 0 2094.97 0 0
5100 437633 443331 0 -420.584 0 0
5200 440841 443977 0 1699.4 0 0
5300 440815 446176 0 1075.32 0 0
5400 440162 440118 0 -785.765 0 0
5500 442607 442989 0 -4858.5 0 0
5600 442165 442089 0 -3935.7 0 0
5700 443070 443109 0 -3232.77 0 0
5800 445741 444923 0 3028.57 0 0
5900 438363 444879 0 607.975 0 0
6000 439354 450009 0 207.517 0 0
6100 442905 445496 0 428.969 0 0
6200 440151 446568 0 1343.09 0 0
6300 444004 447679 0 1170.38 0 0
6400 440450 443190 0 3633.73 0 0
6500 444346 441858 0 -1456.23 0 0
6600 441739 443281 0 -2064.21 0 0
6700 443889 441195 0 2084.33 0 0
6800 439535 445691 0 -1155.68 0 0
6900 440342 446450 0 -58.7308 0 0
7000 442406 439536 0 1481.4 0 0
7100 440150 439918 0 209.501 0 0
7200 438124 445146 0 -400.894 0 0
7300 440203 440825 0 1715.57 0 0
7400 440665 443858 0 1856.38 0 0
7500 442938 442148 0 2691.58 0 0
7600 440535 442072 0 -5641.96 0 0
7700 439449 443626 0 -4957.89 0 0
7800 441237 447450 0 1475.69 0 0
7900 438271 446935 0 -156.538 0 0
8000 443912 445560 0 -2631.07 0 0
8100 442797 445124 0 -166.697 0 0
8200 438628 443991 0 1441.87 0 0
8300 440366 442251 0 2196.27 0 0
8400 439472 444602 0 -141.639 0 0
8500 440278 442969 0 -3413.73 0 0
8600 444711 441464 0 2521.96 0 0
8700 448135 445439 0 1521.79 0 0
8800 443012 440974 0 -2075.93 0 0
8900 444009 439131 0 -1319.1 0 0
9000 437206 448643 0 -3796.26 0 0
9100 442421 437275 0 3126.44 0 0
9200 441736 442726 0 -1706.13 0 0
9300 439725 440987 0 -3745.46 0 0
9400 442755 443858 0 -3425.61 0 0
9500 439720 441831 0 -5270.43 0 0
9600 441866 440391 0 1254.59 0 0
9700 437123 445227 0 -37.1853 0 0
9800 443012 442911 0 -2246.02 0 0
9900 435764 441749 0 427.911 0 0
10000 444435 441820 0 -444.091 0 0
10100 435286 451112 0 -1966.47 0 0
10200 436730 440736 0 1401.42 0 0
10300 444538 440278 0 -918.508 0 0
10400 442248 441082 0 -141.048 0 0
10500 435787 446887 0 -1175.49 0 0
10600 441366 445285 0 -3157.46 0 0
10700 446945 433464 0 1380.48 0 0
10800 445982 445508 0 901.888 0 0
10900 444579 442720 0 -676.148 0 0
11000 446577 439853 0 -2751.73 0 0
11100 441117 443971 0 -1468.67 0 0
11200 447358 439940 0 -4766.89 0 0
11300 443313 438293 0 -5788.48 0 0
11400 444999 440479 0 1120.56 0 0
11500 448721 439335 0 1734.37 0 0
11600 445968 440355 0 4522.91 0 0
11700 446089 440596 0 -2221.09 0 0
11800 440918 439769 0 -938.222 0 0
11900 445317 441329 0 -1836.77 0 0
12000 441232 444048 0 -1260.07 0 0
12100 441293 441699 0 -2310.32 0 0
12200 444789 439496 0 480.956 0 0
12300 440020 438756 0 2753.67 0 0
12400 441793 444292 0 -2847.15 0 0
12500 437315 447750 0 213.98 0 0
12600 438798 445679 0 2163.42 0 0
12700 442777 443519 0 -401.76 0 0
12800 446371 437091 0 -531.305 0 0
12900 438418 441583 0 -186.556 0 0
13000 442682 443154 0 -1155.91 0 0
13100 442067 446354 0 -2566.78 0 0
13200 437828 446962 0 -230.953 0 0
13300 442436 442013 0 -1851.2 0 0
13400 437135 442180 0 2783.67 0 0
13500 439001 448846 0 -2405.44 0 0
13600 434331 446426 0 5724.35 0 0
13700 437558 441507 0 1944.31 0 0
13800 442775 445900 0 -1575.61 0 0
13900 438845 442760 0 2478.6 0 0
14000 443923 446577 0 -4115.68 0 0
14100 440011 444613 0 -1583.46 0 0
14200 438340 445815 0 -205.302 0 0
14300 441289 442128 0 -2093.61 0 0
14400 439172 442112 0 -2035.63 0 0
14500 444883 442631 0 719.23 0 0
14600 446103 436598 0 -370.054 0 0
14700 443633 442837 0 2966.1 0 0
14800 441885 444123 0 4616.57 0 0
14900 439300 441281 0 551.28 0 0
15000 443132 442956 0 1010.3 0 0
15100 442657 441597 0 -452.188 0 0
15200 439384 440298 0 7862.83 0 0
15300 445657 438245 0 2038.42 0 0
15400 442659 443290 0 4681.76 0 0
15500 440875 439463 0 -1161.07 0 0
15600 438167 438898 0 -1069.59 0 0
15700 439972 442299 0 -343.57 0 0
15800 445822 438079 0 -5488.24 0 0
15900 441193 445662 0 1710.7 0 0
16000 440954 437958 0 1216.29 0 0
16100 448249 439024 0 1204.07 0 0
16200 445880 442267 0 -1663.98 0 0
16300 438977 446786 0 -4426.87 0 0
16400 446307 442636 0 487.81 0 0
16500 440633 442051 0 -327.159 0 0
16600 446743 447220 0 592.806 0 0
16700 443081 440986 0 -33.7799 0 0
16800 443328 450012 0 3327.5 0 0
16900 444549 442718 0 3270.41 0 0
17000 444117 440739 0 -1946.95 0 0
17100 443804 439900 0 -1654.63 0 0
17200 437111 451268 0 1649.06 0 0
17300 438390 443005 0 1990.06 0 0
17400 435518 449285 0 1397.55 0 0
17500 444934 446876 0 4759.24 0 0
17600 440529 441631 0 -1173.06 0 0
17700 439697 446269 0 505.311 0 0
17800 448562 444256 0 -586.988 0 0
17900 439969 443438 0 -1553.43 0 0
18000 439060 445793 0 1610.58 0 0
18100 443767 444002 0 -2868.94 0 0
18200 440958 446336 0 -4117.7 0 0
18300 441738 444417 0 -2732.2 0 0
18400 448212 442269 0 -5265.34 0 0
18500 447085 437146 0 247.164 0 0
18600 443481 440992 0 -1713.49 0 0
18700 446565 439204 0 726.562 0 0
18800 439336 447712 0 536.083 0 0
18900 439564 445952 0 3381.37 0 0
19000 438443 447808 0 -1793.33 0 0
19100 440741 444946 0 1941.31 0 0
19200 440521 445124 0 1376.15 0 0
19300 440965 439555 0 -4221.21 0 0
19400 446483 438513 0 4068.58 0 0
19500 448173 439057 0 1437.62 0 0
19600 443987 440741 0 586.24 0 0
19700 443187 439166 0 -6027.6 0 0
19800 441728 441070 0 -7563.07 0 0
19900 442535 444042 0 -1590.97 0 0
20000 441440 441819 0 3401.11 0 0
20100 436656 449056 0 1860.48 0 0
20200 440462 440418 0 2716.63 0 0
20300 440361 442497 0 1000.63 0 0
20400 440779 439115 0 -1755.77 0 0
20500 445323 441115 0 -2046.54 0 0
20600 443254 440881 0 507.138 0 0
20700 437430 442166 0 -705.856 0 0
20800 442995 446499 0 -3073.91 0 0
20900 445723 436274 0 -1138.28 0 0
21000 449746 441495 0 -3074.25 0 0
21100 444075 439513 0 -3530.41 0 0
21200 442323 438690 0 -6828.14 0 0
21300 442147 443547 0 2812.85 0 0
21400 442716 440828 0 6117.4 0 0
21500 435400 446857 0 3994.21 0 0
21600 445129 439003 0 254.76 0 0
21700 440257 436753 0 887.499 0 0
21800 441502 441616 0 764.317 0 0
21900 443176 442693 0 -669.414 0 0
22000 441174 441960 0 -2911.6 0 0
22100 445072 442812 0 -1679.45 0 0
22200 439678 443172 0 -2969.25 0 0
22300 440864 441126 0 1299.31 0 0
22400 446868 440812 0 -1959.29 0 0
22500 436262 443719 0 -2339.05 0 0
22600 441417 442676 0 -1917.49 0 0
22700 438936 444266 0 761.67 0 0
22800 440080 443867 0 6198.99 0 0
22900 439281 449271 0 3930.41 0 0
23000 442699 448034 0 -1473.42 0 0
23100 448382 439111 0 3484.3 0 0
23200 442771 447098 0 -1405.18 0 0
23300 439851 439095 0 -2750.43 0 0
23400 448667 441907 0 -6788.31 0 0
23500 438220 445009 0 -464.086 0 0
23600 442219 447140 0 508.307 0 0
23700 443180 443807 0 221.276 0 0
23800 443183 439335 0 1617.55 0 0
23900 439462 444889 0 -3505.2 0 0
24000 445193 440413 0 1212.71 0 0
24100 442242 440214 0 62.7595 0 0
24200 448084 442816 0 -2956.54 0 0
24300 444519 446318 0 667.989 0 0
24400 436908 446018 0 -890.121 0 0
24500 446790 442006 0 -1113.99 0 0
24600 440622 441693 0 58.6655 0 0
24700 444546 442684 0 1474.65 0 0
24800 443278 442125 0 -968.464 0 0
24900 443076 444998 0 -2019.03 0 0
25000 443543 443217 0 -1197.67 0 0
25100 441649 444270 0 1491.59 0 0
25200 444600 438213 0 -94.9305 0 0
25300 441173 439750 0 -980.696 0 0
25400 446867 439288 0 -3124.41 0 0
25500 441695 438343 0 -804.218 0 0
25600 444891 437724 0 -2498.63 0 0
25700 446619 442616 0 -753.951 0 0
25800 445393 439604 0 -3146.93 0 0
25900 443820 441421 0 -4096.09 0 0
26000 444121 442481 0 -6681.29 0 0
26100 440492 442753 0 -3750.99 0 0
26200 444488 443983 0 -2983.87 0 0
26300 448207 438695 0 -895.962 0 0
26400 447592 437270 0 223.767 0 0
26500 441596 443186 0 4284.24 0 0
26600 441504 445279 0 -1649.84 0 0
26700 438555 447625 0 -828.502 0 0
26800 444084 441045 0 -3379.91 0 0
26900 443295 437743 0 -4152.41 0 0
27000 445216 445193 0 -720.583 0 0
27100 442998 438382 0 418.094 0 0
27200 446639 440159 0 -982.864 0 0
27300 435965 445007 0 -2105.07 0 0
27400 448025 440174 0 605.722 0 0
27500 440340 443727 0 4000.35 0 0
27600 445457 442167 0 3030.05 0 0
27700 448419 444507 0 -2330.94 0 0
27800 439529 447511 0 3384.16 0 0
27900 440283 448662 0 4793.79 0 0
28000 436900 451394 0 -801.939 0 0
28100 440523 446925 0 4312.91 0 0
28200 437271 446504 0 -3391.86 0 0
28300 440059 440324 0 1279.22 0 0
28400 437806 444799 0 2944.5 0 0
28500 441284 440010 0 906.059 0 0
28600 439885 443020 0 3869.04 0 0
28700 439844 441080 0 -809.081 0 0
28800 442638 442452 0 2992.92 0 0
28900 441151 443002 0 400.843 0 0
29000 441863 442494 0 1536.19 0 0
29100 446568 442913 0 -2559.66 0 0
29200 440758 447563 0 -3689.47 0 0
29300 446265 447485 0 -3116.39 0 0
29400 445699 446284 0 1713.61 0 0
29500 444418 442054 0 -3863.45 0 0
29600 443534 443099 0 -2581.55 0 0
29700 441388 446466 0 414.201 0 0
29800 442016 445991 0 973.015 0 0
29900 439427 446212 0 -3248.91 0 0
30000 439197 441753 0 -5566 0 0
30100 439449 442860 0 -1244.86 0 0
30200 440453 445068 0 -5638.36 0 0
30300 437010 447845 0 -77.7205 0 0
30400 442102 441491 0 -6021.98 0 0
30500 444506 440452 0 -755.728 0 0
30600 442669 442657 0 1109.56 0 0
30700 442636 442590 0 5357.72 0 0
30800 438858 443067 0 -3512.33 0 0
30900 443851 440997 0 806.856 0 0
31000 444940 440227 0 -5144.62 0 0
31100 443923 438071 0 203.852 0 0
31200 442200 443768 0 -3156.89 0 0
31300 444831 445442 0 -3377.06 0 0
31400 445622 443156 0 -2218.06 0 0
31500 441608 443622 0 -1156.85 0 0
31600 443571 439314 0 499.527 0 0
31700 445037 442331 0 1198.98 0 0
31800 445356 438462 0 -2853.75 0 0
31900 440973 442286 0 -1223.76 0 0
32000 437582 448134 0 1281.05 0 0
32100 439787 444114 0 5333.27 0 0
32200 443180 441936 0 -1382.81 0 0
32300 440940 447169 0 33.7129 0 0
32400 445971 444642 0 6352.88 0 0
32500 437861 446138 0 450.088 0 0
32600 441095 438774 0 -6057.68 0 0
32700 438354 444011 0 -1273.82 0 0
32800 441613 436621 0 1520.23 0 0
32900 447301 439093 0 -377.11 0 0
33000 443276 441104 0 -2863.31 0 0
33100 442532 440965 0 -2169.28 0 0
33200 441267 440739 0 -2382.99 0 0
33300 441617 443923 0 -944.275 0 0
33400 443455 438091 0 431.466 0 0
33500 440322 442420 0 977.142 0 0
33600 443386 441979 0 1388.89 0 0
33700 443197 441038 0 -994.762 0 0
33800 448829 439922 0 6483.51 0 0
33900 444237 439775 0 793.111 0 0
34000 449184 439952 0 6050.04 0 0
34100 446691 441958 0 4317.38 0 0
34200 444522 443834 0 671.005 0 0
34300 437582 445272 0 1387.37 0 0
34400 442151 441341 0 -908.663 0 0
34500 444552 447728 0 2110.11 0 0
34600 443631 444350 0 -1885.58 0 0
34700 436463 450136 0 4828.29 0 0
34800 445246 440589 0 621.64 0 0
34900 443050 441943 0 203.005 0 0
35000 441555 439691 0 1628.43 0 0
35100 446025 442754 0 1961.69 0 0
35200 447044 439379 0 1599.47 0 0
35300 442928 448650 0 96.9145 0 0
35400 438825 442768 0 1685.51 0 0
35500 436923 445985 0 -3878.19 0 0
35600 441942 440536 0 -3454.89 0 0
35700 442161 443560 0 777.27 0 0
35800 444954 436004 0 -260.008 0 0
35900 446358 438523 0 720.561 0 0
36000 447579 443922 0 1765.92 0 0
36100 441403 441729 0 737.835 0 0
36200 447762 440645 0 1980.83 0 0
36300 438737 442155 0 4472.55 0 0
36400 445635 447087 0 2231.02 0 0
36500 443541 443912 0 1744.9 0 0
36600 438084 445079 0 499.93 0 0
36700 442479 442731 0 -2039.66 0 0
36800 443838 441746 0 -2180.31 0 0
36900 445832 443683 0 3735.84 0 0
37000 438758 445795 0 1244.91 0 0
37100 442476 444056 0 -5388.61 0 0
37200 445926 439628 0 2181.49 0 0
37300 441408 439808 0 480.248 0 0
37400 440841 444691 0 122.48 0 0
37500 435366 446443 0 -1770.38 0 0
37600 449247 445522 0 8230.24 0 0
37700 439137 443892 0 9737.4 0 0
37800 438104 447699 0 2257.1 0 0
37900 442464 443107 0 3620.77 0 0
38000 439108 442855 0 98.6729 0 0
38100 440149 443232 0 -1065.7 0 0
38200 445435 442310 0 -1602.29 0 0
38300 443433 445546 0 -1165.68 0 0
38400 439923 441111 0 25.4281 0 0
38500 443765 438216 0 -453.291 0 0
38600 445062 440933 0 -157.842 0 0
38700 441898 439484 0 -1163.86 0 0
38800 443014 445156 0 -2663.32 0 0
38900 445105 438507 0 -3527.57 0 0
39000 443632 441349 0 -1755.01 0 0
39100 432815 445874 0 -4298.79 0 0
39200 439784 442688 0 -6763.67 0 0
39300 447188 438759 0 -3616.78 0 0
39400 440783 444024 0 -2026.96 0 0
39500 438682 448539 0 -2236.63 0 0
39600 435981 440596 0 -4186.36 0 0
39700 443393 442735 0 -3302.51 0 0
39800 439131 447011 0 -4964.34 0 0
39900 447626 435352 0 -5300.38 0 0
40000 444417 440983 0 1657.55 0 0
40100 448448 440487 0 679.95 0 0
40200 443043 442076 0 832.131 0 0
40300 438718 438940 0 -2315.28 0 0
40400 445428 445256 0 691.929 0 0
40500 440911 441061 0 -1731.36 0 0
40600 440469 443785 0 -910.169 0 0
40700 439758 442584 0 -330.503 0 0
40800 441242 444577 0 3411.69 0 0
40900 440127 441719 0 616.532 0 0
41000 448110 436758 0 -2941.59 0 0
41100 435635 444118 0 1841.33 0 0
41200 436973 447979 0 1155.13 0 0
41300 439751 443758 0 -2726.26 0 0
41400 446752 440382 0 1074.48 0 0
41500 444274 443075 0 1775.5 0 0
41600 439025 442155 0 518.914 0 0
41700 443399 442238 0 -236.804 0 0
41800 442153 446631 0 -1856.73 0 0
41900 446892 440020 0 522.074 0 0
42000 445303 443401 0 -947.563 0 0
42100 444108 445342 0 -2711.57 0 0
42200 440976 444285 0 -3885.23 0 0
42300 443214 449231 0 2816.04 0 0
42400 445109 444371 0 1852.97 0 0
42500 439813 442911 0 390.653 0 0
42600 445644 443824 0 2524.31 0 0
42700 440987 445866 0 2789.71 0 0
42800 440597 440812 0 4610.11 0 0
42900 436769 446039 0 -284.716 0 0
43000 437889 449278 0 1076.07 0 0
43100 440247 443851 0 -2668.32 0 0
43200 441577 448754 0 1287.7 0 0
43300 437370 444615 0 -4633.74 0 0
43400 441350 445860 0 1352.41 0 0
43500 440377 445034 0 -3438.94 0 0
43600 444459 444362 0 -1339.13 0 0
43700 441993 440284 0 681.322 0 0
43800 440877 446511 0 3272.85 0 0
43900 440255 446127 0 946.311 0 0
44000 443193 441518 0 846.662 0 0
44100 448218 440232 0 3831.71 0 0
44200 441868 444471 0 3580.7 0 0
44300 446437 438840 0 1070.93 0 0
44400 445578 442516 0 4837.98 0 0
44500 444132 439339 0 1511.51 0 0
44600 443454 441996 0 -1513.97 0 0
44700 436090 445346 0 191.722 0 0
44800 445247 445549 0 878.373 0 0
44900 443790 443779 0 3821.01 0 0
45000 442931 444884 0 396.976 0 0
45100 439097 445445 0 5243.02 0 0
45200 439937 448641 0 5947.91 0 0
45300 441199 443911 0 5145.09 0 0
45400 444541 442268 0 -1110.18 0 0
45500 441639 442564 0 1099.01 0 0
45600 447229 436269 0 3557.24 0 0
45700 444433 442238 0 -1061.65 0 0
45800 441339 442043 0 -850.114 0 0
45900 445573 443986 0 4252.69 0 0
46000 441274 445435 0 -7759.45 0 0
46100 446297 442016 0 311.168 0 0
46200 442344 442154 0 1390.61 0 0
46300 443614 444828 0 -2575.23 0 0
46400 442804 442051 0 4624.5 0 0
46500 440007 440968 0 2253.87 0 0
46600 441154 443321 0 -6.82981 0 0
46700 439168 444950 0 -676.758 0 0
46800 446158 442767 0 -1577.4 0 0
46900 442491 440066 0 2590.39 0 0
47000 446927 440650 0 -1755.25 0 0
47100 453752 438320 0 -2566.44 0 0
47200 446223 443898 0 -794.646 0 0
47300 446878 436590 0 2081.65 0 0
47400 445152 444165 0 2188.28 0 0
47500 444736 439661 0 -2123.79 0 0
47600 446334 439661 0 688.459 0 0
47700 443947 443249 0 -1725.79 0 0
47800 442640 443144 0 1200.96 0 0
47900 437492 441028 0 3626.08 0 0
48000 438369 445252 0 1993.71 0 0
48100 441905 439180 0 7298.92 0 0
48200 439270 448962 0 -800.897 0 0
48300 444445 439869 0 1599 0 0
48400 442933 444481 0 2215.21 0 0
48500 447008 442069 0 17.2659 0 0
48600 438963 445024 0 -1397.64 0 0
48700 442512 444018 0 -5057.7 0 0
48800 437822 444885 0 -611.777 0 0
48900 442373 440483 0 1563.84 0 0
49000 443118 444189 0 3190.58 0 0
49100 440566 447452 0 -804.541 0 0
49200 443625 441485 0 2260.76 0 0
49300 438168 444812 0 -5334.59 0 0
49400 440473 447059 0 -476.898 0 0
49500 437173 446206 0 1076.52 0 0
49600 438073 444918 0 2885.25 0 0
49700 440998 445850 0 -3473.01 0 0
49800 438954 443723 0 -5246.78 0 0
49900 441072 443088 0 -2872.3 0 0
50000 440302 444215 0 -2338.78 0 0
