# Time-averaged data for fix ps1
# TimeStep c_thermo_press[1] c_thermo_press[2] c_thermo_press[3] c_thermo_press[4] c_thermo_press[5] c_thermo_press[6]
0 446285 446319 0 -982.614 0 0
100 457412 456480 0 71.2046 0 0
200 458461 458431 0 541.919 0 0
300 454204 458556 0 -163.887 0 0
400 454798 455324 0 -4242.02 0 0
500 454575 455240 0 -164.904 0 0
600 458529 451057 0 2473.01 0 0
700 461766 451907 0 -753.768 0 0
800 457575 459780 0 -4659.61 0 0
900 456955 459814 0 1872.74 0 0
1000 456989 459307 0 -4513.42 0 0
1100 459087 460629 0 445.479 0 0
1200 456780 459615 0 3293.54 0 0
1300 452779 465679 0 -123.924 0 0
1400 458627 449899 0 -6984.59 0 0
1500 461347 455494 0 -3456.21 0 0
1600 460092 455622 0 3083.23 0 0
1700 455747 460766 0 721.11 0 0
1800 461004 456703 0 463.939 0 0
1900 459526 455113 0 -573.036 0 0
2000 460962 451517 0 1115.43 0 0
2100 460821 454676 0 -2842.65 0 0
2200 461682 455466 0 -1619.31 0 0
2300 460145 459379 0 -4708.21 0 0
2400 455679 459550 0 843.721 0 0
2500 453517 459075 0 -1933.81 0 0
2600 455108 450306 0 2577.96 0 0
2700 451166 455739 0 460.279 0 0
2800 460403 452696 0 309.621 0 0
2900 463160 453171 0 1497.01 0 0
3000 461100 458016 0 3778.58 0 0
3100 457571 457215 0 3718.63 0 0
3200 451627 461042 0 4497.73 0 0
3300 455901 462219 0 -2116.85 0 0
3400 453827 460493 0 3149.41 0 0
3500 458615 458981 0 -1176.74 0 0
3600 458793 458188 0 -3953.67 0 0
3700 453765 458900 0 -2425.68 0 0
3800 456288 459379 0 548.473 0 0
3900 451643 460354 0 -642.107 0 0
4000 458990 454677 0 4449.63 0 0
4100 459709 459760 0 2364.98 0 0
4200 451980 460937 0 536.764 0 0
4300 457780 458604 0 1052.86 0 0
4400 462416 452682 0 2094.13 0 0
4500 457704 464968 0 1901.29 0 0
4600 460848 457955 0 288.247 0 0
4700 452949 457746 0 5110.06 0 0
4800 457993 460959 0 5524.94 0 0
4900 464302 455688 0 1221.33 0 0
5000 457226 463292 0 550.426 0 0
5100 453563 457702 0 -1908.07 0 0
5200 463852 458991 0 527.435 0 0
5300 456790 458279 0 764.739 0 0
5400 461574 458960 0 1786.5 0 0
5500 459636 452788 0 -958.951 0 0
5600 461055 454474 0 -204.09 0 0
5700 458793 457129 0 281.587 0 0
5800 451428 463507 0 4245 0 0
5900 455265 457720 0 -3500.42 0 0
6000 453155 463256 0 585.407 0 0
6100 451630 459982 0 -1547.39 0 0
6200 456330 456510 0 -1375.21 0 0
6300 453824 454951 0 454.942 0 0
6400 454204 456672 0 -1938.1 0 0
6500 457238 457585 0 -983.574 0 0
6600 450891 456197 0 -4048.63 0 0
6700 456153 463197 0 -1007.93 0 0
6800 455930 455867 0 1934.51 0 0
6900 460632 462466 0 -1269.21 0 0
7000 457817 453235 0 1016.2 0 0
7100 452823 459575 0 -4571 0 0
7200 459196 455664 0 3112.97 0 0
7300 459300 453741 0 -1356.63 0 0
7400 457374 458439 0 2295.48 0 0
7500 456720 452768 0 -214.139 0 0
7600 460302 450404 0 -1907.75 0 0
7700 461219 457002 0 -1074.15 0 0
7800 455349 460422 0 -4944.99 0 0
7900 456427 452863 0 1762.4 0 0
8000 459617 459239 0 2882.92 0 0
8100 457273 452521 0 2711.35 0 0
8200 462347 459351 0 2538.21 0 0
8300 460145 455080 0 -1094.04 0 0
8400 454543 460644 0 1774.17 0 0
8500 455366 458036 0 1640.03 0 0
8600 457970 458371 0 -5248.49 0 0
8700 456769 460506 0 -3073.41 0 0
8800 449532 462463 0 48.3043 0 0
8900 457677 462661 0 -4652.01 0 0
9000 455393 458091 0 -1429.38 0 0
9100 447533 459609 0 -1623.76 0 0
9200 459358 460387 0 912.204 0 0
9300 465412 457533 0 2630.42 0 0
9400 453619 457609 0 -4700.18 0 0
9500 461242 457778 0 -194.973 0 0
9600 456367 456710 0 -4515.32 0 0
9700 460237 453684 0 -354.94 0 0
9800 460063 461762 0 -167.307 0 0
9900 450770 459500 0 -7445.38 0 0
10000 451937 456757 0 3105.64 0 0
10100 457853 457932 0 1598.62 0 0
10200 445429 462435 0 -899.734 0 0
10300 457836 455576 0 -1693.91 0 0
10400 457869 457566 0 1340.95 0 0
10500 462409 449812 0 4622 0 0
10600 456212 455886 0 -3158.02 0 0
10700 449374 464698 0 2873.76 0 0
10800 452606 457551 0 -1685.27 0 0
10900 455716 457850 0 -6707.68 0 0
11000 455858 456419 0 691.251 0 0
11100 460659 454274 0 2655.2 0 0
11200 460175 457265 0 -768.016 0 0
11300 462126 454690 0 -732.572 0 0
11400 460862 452129 0 2785.78 0 0
11500 453951 459463 0 -3283.49 0 0
11600 454426 458509 0 -3285.82 0 0
11700 462922 457164 0 5150.01 0 0
11800 459894 457227 0 -1158.63 0 0
11900 457714 451396 0 3426.78 0 0
12000 452323 457664 0 -1881.47 0 0
12100 456797 451670 0 4618.47 0 0
12200 459601 452384 0 1931.12 0 0
12300 458425 458808 0 4028.42 0 0
12400 459351 458250 0 -3785.64 0 0
12500 459234 457159 0 2300.01 0 0
12600 456108 453399 0 -625.031 0 0
12700 463419 452776 0 -436.058 0 0
12800 460452 453542 0 2149.88 0 0
12900 457963 456476 0 355.036 0 0
13000 464301 457566 0 -704.857 0 0
13100 458597 458511 0 1979.68 0 0
13200 460845 456013 0 340.351 0 0
13300 456279 457074 0 -5383.45 0 0
13400 455205 458244 0 3700.01 0 0
13500 455589 460817 0 2089.3 0 0
13600 461947 451383 0 2933.02 0 0
13700 457254 465672 0 1609.73 0 0
13800 454477 457690 0 -4615.91 0 0
13900 463339 456307 0 -3060.03 0 0
14000 455658 451977 0 5749.13 0 0
14100 460279 457576 0 524.641 0 0
14200 460521 458736 0 -770.354 0 0
14300 454662 459691 0 -2685.14 0 0
14400 460736 460420 0 3964.78 0 0
14500 457990 452751 0 504.503 0 0
14600 453953 461538 0 -4211.56 0 0
14700 453989 462469 0 1014.36 0 0
14800 459130 457939 0 231.138 0 0
14900 453616 460448 0 8.55423 0 0
15000 461305 450897 0 800.081 0 0
15100 458667 459485 0 797.014 0 0
15200 459884 459789 0 6652.54 0 0
15300 457141 458177 0 -2237.44 0 0
15400 453190 459194 0 6167.32 0 0
15500 457452 461228 0 -1524.58 0 0
15600 456077 457376 0 607.943 0 0
15700 456405 457297 0 1334.45 0 0
15800 456915 461184 0 2030.16 0 0
15900 453099 459498 0 494.748 0 0
16000 461825 459046 0 955.14 0 0
16100 455776 458738 0 3160.79 0 0
16200 451029 462214 0 1603.95 0 0
16300 461001 456426 0 -6043.64 0 0
16400 460430 456881 0 -3233.74 0 0
16500 466748 448976 0 -141.677 0 0
16600 456239 455325 0 -7301.61 0 0
16700 461237 454981 0 -2203.79 0 0
16800 458509 451596 0 4018.13 0 0
16900 462783 456918 0 318.726 0 0
17000 459343 449108 0 1049.03 0 0
17100 453579 459423 0 -4525.61 0 0
17200 455200 458724 0 -1500.46 0 0
17300 450216 456161 0 50.5773 0 0
17400 454947 456833 0 -3641.33 0 0
17500 461669 451634 0 -149.215 0 0
17600 460474 460034 0 -1026.78 0 0
17700 460676 459580 0 -1652.62 0 0
17800 467053 456046 0 4945.08 0 0
17900 459858 456139 0 -467.509 0 0
18000 457512 458906 0 1223.72 0 0
18100 459862 454287 0 -764.696 0 0
18200 454788 453378 0 573.241 0 0
18300 456442 455869 0 -815.653 0 0
18400 456109 455829 0 -1999.51 0 0
18500 460333 455644 0 1639.5 0 0
18600 458610 456268 0 1156.9 0 0
18700 456611 457175 0 1372.54 0 0
18800 456298 452980 0 -3288.51 0 0
18900 458113 458410 0 -2204.95 0 0
19000 457352 457592 0 3306.73 0 0
19100 458115 457181 0 -3130.8 0 0
19200 459307 454902 0 4101.14 0 0
19300 456897 460346 0 810.732 0 0
19400 459025 458575 0 -1154.93 0 0
19500 458577 456739 0 -956.079 0 0
19600 454147 457657 0 -2016.5 0 0
19700 456425 462445 0 -2543.07 0 0
19800 457087 453345 0 1971.26 0 0
19900 457977 457374 0 1731.38 0 0
20000 457477 456769 0 -146.527 0 0
20100 459287 453368 0 521.695 0 0
20200 459079 453721 0 -1725.73 0 0
20300 455282 457589 0 -5039.55 0 0
20400 461095 459304 0 -2469.85 0 0
20500 456982 459191 0 575.717 0 0
20600 459856 459973 0 -4744.32 0 0
20700 456623 456771 0 -4669.35 0 0
20800 460719 449866 0 -452.947 0 0
20900 462032 456588 0 -1412.15 0 0
21000 457401 454386 0 2842.27 0 0
21100 455928 457210 0 -3299.78 0 0
21200 453067 455544 0 -2136.86 0 0
21300 455617 459753 0 1079.78 0 0
21400 458466 457184 0 3791.22 0 0
21500 462304 454362 0 -2478.42 0 0
21600 460856 454038 0 967.24 0 0
21700 455230 456894 0 471.578 0 0
21800 457760 459949 0 6142.98 0 0
21900 458697 452606 0 1834.47 0 0
22000 460370 456127 0 3032.18 0 0
22100 454417 459442 0 -134.692 0 0
22200 462444 460314 0 -3142.23 0 0
22300 459654 455213 0 803.59 0 0
22400 459494 456801 0 -4837.56 0 0
22500 455743 456395 0 -774.162 0 0
22600 456176 457473 0 1679.29 0 0
22700 453479 459041 0 -532.698 0 0
22800 448674 459627 0 4594.76 0 0
22900 459784 456518 0 4857.47 0 0
23000 458199 455214 0 4698.56 0 0
23100 459261 456087 0 344.269 0 0
23200 452045 461458 0 -550.227 0 0
23300 455395 455987 0 2126.69 0 0
23400 460029 457158 0 1914.62 0 0
23500 457288 459815 0 -1266.06 0 0
23600 459372 457155 0 -2336.68 0 0
23700 455976 458808 0 2335.14 0 0
23800 454236 460050 0 2890.07 0 0
23900 459403 455622 0 -4721 0 0
24000 454882 458860 0 -4058.89 0 0
24100 462347 461192 0 -3566.37 0 0
24200 458569 457911 0 -2957.73 0 0
24300 455122 456298 0 -2786.13 0 0
24400 458565 457914 0 2708.3 0 0
24500 462169 455849 0 3093.14 0 0
24600 463220 453473 0 -432.322 0 0
24700 457108 460413 0 3375.09 0 0
24800 454412 457491 0 -3474.78 0 0
24900 458085 460540 0 -231.363 0 0
25000 456881 453537 0 -1647.07 0 0
25100 462933 455764 0 -1488.74 0 0
25200 460726 447211 0 -3236.56 0 0
25300 461363 452500 0 2043.89 0 0
25400 457463 455262 0 1158.72 0 0
25500 453698 459991 0 -2445.05 0 0
25600 457518 458499 0 -422.168 0 0
25700 453942 456818 0 -4332.93 0 0
25800 453277 455661 0 -1511.16 0 0
25900 455172 458897 0 -4651.47 0 0
26000 459949 450551 0 1706.86 0 0
26100 457261 458943 0 -2765.57 0 0
26200 459358 454357 0 2058.1 0 0
26300 458619 456102 0 -3080.7 0 0
26400 460336 457306 0 -3733.56 0 0
26500 455681 456812 0 3738.03 0 0
26600 452958 455963 0 2424.87 0 0
26700 450683 455391 0 1132.67 0 0
26800 455001 458305 0 3437.46 0 0
26900 452823 458759 0 -1675.22 0 0
27000 448497 465229 0 1602.18 0 0
27100 455876 457099 0 937.741 0 0
27200 454840 457424 0 2355.28 0 0
27300 452148 457808 0 -3029.28 0 0
27400 459114 456699 0 1007.67 0 0
27500 460472 461756 0 -4452.61 0 0
27600 462256 452365 0 -2820.43 0 0
27700 457235 459133 0 -2084.73 0 0
27800 462036 452385 0 2546.7 0 0
27900 461600 457635 0 -1099.25 0 0
28000 462370 449896 0 -242.096 0 0
28100 451996 456931 0 4624.96 0 0
28200 455971 461197 0 -1759 0 0
28300 457514 456981 0 -4561.44 0 0
28400 456159 461622 0 2703.3 0 0
28500 460123 455124 0 -3701.99 0 0
28600 457310 455718 0 -3272.77 0 0
28700 464748 456605 0 308.046 0 0
28800 452908 453561 0 -949.84 0 0
28900 455595 451575 0 -3937.42 0 0
29000 455435 457704 0 -2596.42 0 0
29100 452459 452883 0 -3083.6 0 0
29200 457955 451353 0 6554.75 0 0
29300 460569 456945 0 -2800.79 0 0
29400 455667 454363 0 4010.2 0 0
29500 456017 459419 0 1860.84 0 0
29600 454982 462660 0 -4509.32 0 0
29700 460992 456472 0 -1761.25 0 0
29800 451764 457204 0 1610.49 0 0
29900 459501 458465 0 -734.652 0 0
30000 458725 455557 0 3009.07 0 0
30100 457107 453280 0 -4428.57 0 0
30200 461567 455763 0 -3453.22 0 0
30300 459853 459501 0 -1048.08 0 0
30400 452995 461465 0 -102.22 0 0
30500 456175 464290 0 2848.37 0 0
30600 454291 455940 0 -1003.5 0 0
30700 457134 460675 0 -2442.31 0 0
30800 460130 454756 0 -1215.07 0 0
30900 459695 455271 0 -1727.89 0 0
31000 451630 459710 0 -798.561 0 0
31100 456446 457460 0 -264.508 0 0
31200 457250 458693 0 -435.399 0 0
31300 457378 455245 0 1068.83 0 0
31400 456884 457191 0 1383.51 0 0
31500 447610 464173 0 1766.63 0 0
31600 454057 458909 0 1059.5 0 0
31700 456537 460343 0 -3066.5 0 0
31800 451957 460764 0 -3127.25 0 0
31900 451847 461183 0 -1662.3 0 0
32000 450761 458121 0 535.36 0 0
32100 454877 460116 0 -25.8478 0 0
32200 453319 457499 0 -1324.27 0 0
32300 462594 459534 0 996.487 0 0
32400 461077 449444 0 -2500.95 0 0
32500 457823 452285 0 -2917.42 0 0
32600 453042 461238 0 -46.3295 0 0
32700 456529 454678 0 2512.18 0 0
32800 450973 462919 0 1310.66 0 0
32900 460303 455207 0 -356.562 0 0
33000 455415 459043 0 1267.64 0 0
33100 457788 455701 0 -254.512 0 0
33200 456252 455935 0 2628.77 0 0
33300 458323 459840 0 -141.157 0 0
33400 455070 461286 0 -2044.1 0 0
33500 460769 455875 0 1022.32 0 0
33600 464653 452935 0 2335.88 0 0
33700 458570 459237 0 7707.5 0 0
33800 456942 453506 0 1520.77 0 0
33900 458397 453517 0 -839.185 0 0
34000 461694 456212 0 -841.39 0 0
34100 452296 460177 0 2192.78 0 0
34200 462438 458246 0 -1415.31 0 0
34300 460159 454642 0 5411.91 0 0
34400 460173 456145 0 1564.51 0 0
34500 454783 459097 0 6246.11 0 0
34600 459549 454138 0 1606.37 0 0
34700 460269 450213 0 1304.39 0 0
34800 460823 452806 0 -3293.95 0 0
34900 461415 455451 0 1173.9 0 0
35000 457366 456241 0 -4848.41 0 0
35100 454822 456198 0 -2562.3 0 0
35200 458536 452230 0 -409.529 0 0
35300 458799 454501 0 2010.06 0 0
35400 456507 458860 0 -754.59 0 0
35500 452122 459557 0 -2357.42 0 0
35600 459244 460573 0 3296.04 0 0
35700 458400 452655 0 213.232 0 0
35800 456842 460040 0 -1670.24 0 0
35900 459825 456845 0 3240.94 0 0
36000 459479 456618 0 1929.4 0 0
36100 464287 452148 0 -253.926 0 0
36200 458386 459305 0 -2693.08 0 0
36300 455965 457667 0 2221.06 0 0
36400 454350 461768 0 5515.93 0 0
36500 451771 461925 0 2970.53 0 0
36600 459685 463856 0 -433.667 0 0
36700 454155 459050 0 1085.75 0 0
36800 459615 453755 0 887.189 0 0
36900 454647 458184 0 -2636.91 0 0
37000 456999 453423 0 997.117 0 0
37100 457762 458067 0 -92.4972 0 0
37200 454782 455699 0 686.778 0 0
37300 461566 455378 0 -551.995 0 0
37400 461620 458498 0 -1922.19 0 0
37500 455427 452801 0 -4550.58 0 0
37600 455882 460932 0 -6382.34 0 0
37700 453140 460101 0 264.317 0 0
37800 455330 462578 0 -2443.17 0 0
37900 458082 456512 0 -1247.14 0 0
38000 450263 450165 0 1205.86 0 0
38100 453662 456906 0 -1050.55 0 0
38200 455839 457419 0 -831.355 0 0
38300 460393 451485 0 3898.33 0 0
38400 462582 454417 0 3286.79 0 0
38500 457379 454682 0 133.049 0 0
38600 455511 458813 0 4644.77 0 0
38700 455822 464628 0 815.971 0 0
38800 450703 460972 0 2787.23 0 0
38900 457736 458198 0 -1081.16 0 0
39000 460058 457795 0 -47.7438 0 0
39100 456309 455590 0 -2927.5 0 0
39200 457124 456405 0 -1302.57 0 0
39300 454371 460023 0 -798.206 0 0
39400 464052 453124 0 739.467 0 0
39500 458796 463607 0 1408.32 0 0
39600 460785 462338 0 -2883 0 0
39700 456959 456838 0 1412.16 0 0
39800 463077 458780 0 -1682.11 0 0
39900 460362 456964 0 -893.733 0 0
40000 454087 455379 0 -3065.76 0 0
40100 460082 454079 0 -934.488 0 0
40200 458235 453942 0 -517.764 0 0
40300 458592 455432 0 -666.633 0 0
40400 457515 453283 0 343.583 0 0
40500 458905 455316 0 -1289.64 0 0
40600 454047 456878 0 74.3754 0 0
40700 458168 454933 0 679.8 0 0
40800 457995 452265 0 1217.6 0 0
40900 455236 458744 0 -1814.21 0 0
41000 461442 453588 0 -1629.23 0 0
41100 455877 453352 0 -4586.89 0 0
41200 453199 457720 0 -3233.49 0 0
41300 455438 459793 0 1081.04 0 0
41400 458865 458153 0 -1615.16 0 0
41500 455261 455638 0 3294.05 0 0
41600 452350 458058 0 -4943.57 0 0
41700 455435 460722 0 678.623 0 0
41800 456768 458008 0 -1202.39 0 0
41900 453148 461541 0 1649.25 0 0
42000 454535 457491 0 -3763.32 0 0
42100 454611 461142 0 -204.436 0 0
42200 455040 449574 0 1253.68 0 0
42300 456502 456213 0 -5158.76 0 0
42400 462891 456584 0 4260.74 0 0
42500 458345 457144 0 2422.44 0 0
42600 463191 456000 0 1642.77 0 0
42700 457804 456971 0 125.631 0 0
42800 455503 459463 0 -1142.11 0 0
42900 463035 455608 0 958.449 0 0
43000 455200 456948 0 -3445.16 0 0
43100 454969 463043 0 383.104 0 0
43200 457291 459111 0 -3985.21 0 0
43300 453193 453947 0 -7578.36 0 0
43400 458809 457287 0 120.591 0 0
43500 456150 453729 0 1683.6 0 0
43600 456179 446108 0 -2311.85 0 0
43700 454701 453422 0 -2481.83 0 0
43800 449097 451554 0 -909.124 0 0
43900 454793 457996 0 4157.71 0 0
44000 453633 460280 0 4570.22 0 0
44100 454403 456178 0 4277.74 0 0
44200 454754 458210 0 5223.22 0 0
44300 453925 458342 0 3741.2 0 0
44400 451943 461014 0 -1993.21 0 0
44500 451147 454905 0 1738 0 0
44600 455755 457435 0 -392.063 0 0
44700 455483 458295 0 -661.776 0 0
44800 455705 456485 0 -1371.32 0 0
44900 449386 457058 0 -870.148 0 0
45000 455541 449767 0 -5874.56 0 0
45100 454651 461178 0 -2334.68 0 0
45200 464009 453997 0 113.738 0 0
45300 459106 457358 0 1908.3 0 0
45400 460842 455798 0 1017.55 0 0
45500 460450 457590 0 4026.73 0 0
45600 460191 458038 0 20.7694 0 0
45700 454721 454520 0 6715.44 0 0
45800 454846 453975 0 2184.18 0 0
45900 453293 457985 0 1075.16 0 0
46000 456703 456392 0 4252.6 0 0
46100 458237 460664 0 -1070.59 0 0
46200 456642 458837 0 1391.36 0 0
46300 460649 458220 0 3370.96 0 0
46400 456305 461721 0 -89.3669 0 0
46500 456914 456298 0 -2391.58 0 0
46600 450990 458058 0 165.225 0 0
46700 455679 456925 0 -2767.33 0 0
46800 452713 461514 0 -1524.58 0 0
46900 457770 455980 0 -3029.57 0 0
47000 456741 452699 0 -3022.75 0 0
47100 458915 457169 0 714.499 0 0
47200 456125 463447 0 1961.49 0 0
47300 462539 448882 0 669.728 0 0
47400 455784 458008 0 3163.34 0 0
47500 457015 456309 0 1518.42 0 0
47600 456139 462355 0 -2514.94 0 0
47700 454877 457061 0 -682.64 0 0
47800 458977 451788 0 955.774 0 0
47900 454605 457734 0 3716.17 0 0
48000 451322 456770 0 846.839 0 0
48100 458431 454496 0 -102.027 0 0
48200 458105 455925 0 3189.08 0 0
48300 457706 456283 0 -10.7382 0 0
48400 458085 453582 0 -1115.25 0 0
48500 454760 454692 0 1271.2 0 0
48600 453180 460571 0 -976.092 0 0
48700 456196 453102 0 3406.82 0 0
48800 459227 454764 0 1869.82 0 0
48900 454151 459140 0 110.661 0 0
49000 455673 457849 0 4147.86 0 0
49100 463127 452996 0 -2554.82 0 0
49200 458152 454204 0 -2068.62 0 0
49300 459003 462229 0 -3499.03 0 0
49400 455318 459520 0 -126.509 0 0
49500 451746 464417 0 -1578.25 0 0
49600 455813 460246 0 -1837.12 0 0
49700 456176 457476 0 -4933.91 0 0
49800 459464 453259 0 -286.869 0 0
49900 455920 450411 0 4084 0 0
50000 458980 456486 0 2035.94 0 0
