# Time-averaged data for fix ps1
# TimeStep c_thermo_press[1] c_thermo_press[2] c_thermo_press[3] c_thermo_press[4] c_thermo_press[5] c_thermo_press[6]
0 403131 393734 0 -3009.74 0 0
100 404079 404435 0 -1296.47 0 0
200 406706 406825 0 1482.82 0 0
300 407481 408267 0 -2045.99 0 0
400 409445 401021 0 -3016.73 0 0
500 402372 404979 0 -3523.26 0 0
600 406541 400344 0 -4847.4 0 0
700 405300 403127 0 -2283.42 0 0
800 406360 402481 0 1954.73 0 0
900 398497 407076 0 -1343 0 0
1000 405777 405115 0 -5599.3 0 0
1100 405129 403548 0 -252.513 0 0
1200 402117 405397 0 -5813.05 0 0
1300 405288 405263 0 592.074 0 0
1400 407635 405042 0 -2436.43 0 0
1500 407086 402242 0 -2236.27 0 0
1600 409110 403692 0 -1839.8 0 0
1700 404482 404177 0 -2663.03 0 0
1800 405522 406292 0 1050.15 0 0
1900 409098 406729 0 -2393.16 0 0
2000 405072 405875 0 591.967 0 0
2100 408184 404719 0 -2736.1 0 0
2200 405464 405701 0 628.774 0 0
2300 406094 407897 0 1844.81 0 0
2400 402963 408920 0 -1882.31 0 0
2500 408967 407342 0 -1605.59 0 0
2600 408457 410601 0 -5101.07 0 0
2700 409879 405915 0 -2761.08 0 0
2800 409624 404603 0 -2894.01 0 0
2900 405936 405373 0 -2979.23 0 0
3000 409739 400166 0 401.089 0 0
3100 406998 406646 0 -3010.8 0 0
3200 406349 405139 0 -542.961 0 0
3300 408494 401654 0 -5033.79 0 0
3400 405512 403369 0 -2632.3 0 0
3500 407404 406866 0 847.632 0 0
3600 406617 410820 0 1011.52 0 0
3700 406322 404673 0 1186.22 0 0
3800 407116 406831 0 -70.3184 0 0
3900 402917 407494 0 2075.77 0 0
4000 406582 404041 0 3528.62 0 0
4100 407751 404700 0 1780.15 0 0
4200 404758 405654 0 3860.8 0 0
4300 406456 407196 0 2293.58 0 0
4400 403671 407236 0 5039.83 0 0
4500 400311 408135 0 1739.67 0 0
4600 402838 406026 0 2081.74 0 0
4700 403722 409467 0 6233.6 0 0
4800 403095 405909 0 3228.77 0 0
4900 405703 406733 0 6863.79 0 0
5000 405630 401657 0 3736.47 0 0
5100 407393 404632 0 3882.06 0 0
5200 404613 402922 0 3569.14 0 0
5300 404944 403085 0 -313.266 0 0
5400 411866 401271 0 480.926 0 0
5500 405517 402454 0 -118.622 0 0
5600 406942 400841 0 4254.89 0 0
5700 404770 405302 0 -2470.16 0 0
5800 406239 405585 0 1856.15 0 0
5900 405209 406987 0 7115.35 0 0
6000 399152 410912 0 1431.9 0 0
6100 403574 405094 0 5623.31 0 0
6200 408426 404605 0 -567.135 0 0
6300 409133 405797 0 2673.75 0 0
6400 408998 402067 0 3445.69 0 0
6500 405277 405146 0 5210.47 0 0
6600 400400 409044 0 4086.04 0 0
6700 406288 407538 0 6415.34 0 0
6800 408223 406558 0 7724.47 0 0
6900 406870 402081 0 6050.21 0 0
7000 404473 407879 0 4657.19 0 0
7100 406747 406554 0 3375.31 0 0
7200 403224 409120 0 6177.5 0 0
7300 408957 403627 0 2444.47 0 0
7400 406585 404455 0 4534.89 0 0
7500 403225 403691 0 2484.49 0 0
7600 404145 406819 0 -1581.88 0 0
7700 402823 404024 0 -2003.29 0 0
7800 405685 406650 0 3022.22 0 0
7900 404945 405848 0 3937.83 0 0
8000 404977 405061 0 2759.04 0 0
8100 404318 404796 0 -4598.7 0 0
8200 409567 401413 0 722.703 0 0
8300 403587 406179 0 1094.94 0 0
8400 407955 403972 0 -888.15 0 0
8500 404478 407062 0 453.077 0 0
8600 407743 401519 0 -1440.41 0 0
8700 406039 406668 0 -1389.04 0 0
8800 406964 410104 0 -1487.72 0 0
8900 406489 407429 0 -3982.71 0 0
9000 405121 405529 0 1162.72 0 0
9100 407783 401765 0 1364.01 0 0
9200 405764 404445 0 2530.38 0 0
9300 405901 404761 0 1873.54 0 0
9400 406194 408498 0 1721.74 0 0
9500 403246 404112 0 1622.64 0 0
9600 405061 409056 0 3366.77 0 0
9700 405091 407401 0 48.6542 0 0
9800 403240 407209 0 -1488.88 0 0
9900 406615 404392 0 -3286.36 0 0
10000 403071 403865 0 296.746 0 0
10100 406391 409911 0 204.899 0 0
10200 401786 410439 0 410.301 0 0
10300 402225 408610 0 341.927 0 0
10400 404349 405337 0 1416.22 0 0
10500 404691 406883 0 -2086.13 0 0
10600 404798 405111 0 3181.41 0 0
10700 400934 407386 0 -290.234 0 0
10800 409843 407925 0 -1453.64 0 0
10900 401327 410004 0 -5337.71 0 0
11000 406172 402461 0 -3206.89 0 0
11100 402621 411417 0 -3660.46 0 0
11200 404286 403759 0 -1898.25 0 0
11300 407975 407992 0 -3037.79 0 0
11400 403769 407706 0 -1367.58 0 0
11500 404036 406236 0 -3014.17 0 0
11600 404373 409764 0 -2519.47 0 0
11700 400201 407740 0 -4815.78 0 0
11800 409051 407006 0 -419.97 0 0
11900 402344 407401 0 67.1754 0 0
12000 407643 399392 0 -599.389 0 0
12100 412098 406549 0 -2694.71 0 0
12200 408986 403641 0 -737.883 0 0
12300 407165 406687 0 -2414.28 0 0
12400 406193 403914 0 -2632.43 0 0
12500 406233 403382 0 614.05 0 0
12600 405914 404555 0 -2841.08 0 0
12700 403506 406791 0 -3977.31 0 0
12800 405204 406964 0 -1329.39 0 0
12900 405341 402451 0 -2844.3 0 0
13000 403774 405424 0 -2882.95 0 0
13100 404558 408669 0 2234.02 0 0
13200 404776 405462 0 440.491 0 0
13300 407440 406056 0 667.626 0 0
13400 408899 402335 0 1916.93 0 0
13500 402219 407682 0 84.332 0 0
13600 406990 408777 0 -1159.23 0 0
13700 406587 405315 0 1622.51 0 0
13800 403675 411671 0 150.677 0 0
13900 406290 406578 0 -3054.99 0 0
14000 408141 405840 0 -2516.58 0 0
14100 405634 407833 0 3273.93 0 0
14200 404642 411116 0 2127.67 0 0
14300 404026 410553 0 3028.58 0 0
14400 402325 407009 0 3213.39 0 0
14500 404022 405008 0 -1469.7 0 0
14600 402496 407743 0 -262.01 0 0
14700 406116 404505 0 2231.71 0 0
14800 405187 411668 0 392.621 0 0
14900 402910 405801 0 3759.01 0 0
15000 404100 405673 0 2155.7 0 0
15100 401849 409123 0 4346.41 0 0
15200 401852 411048 0 1568.37 0 0
15300 407305 409623 0 2609.3 0 0
15400 404433 409014 0 4231.33 0 0
15500 405784 405546 0 1910.39 0 0
15600 405600 406014 0 2902.99 0 0
15700 403945 407998 0 -1267.12 0 0
15800 404761 408267 0 -56.9109 0 0
15900 404988 405458 0 2827.31 0 0
16000 404193 410539 0 5833.04 0 0
16100 407622 407856 0 2983.63 0 0
16200 403359 407409 0 5323.69 0 0
16300 408652 405905 0 4050.16 0 0
16400 407968 404107 0 4854.86 0 0
16500 404207 409593 0 3441.6 0 0
16600 406386 406253 0 2408.4 0 0
16700 406973 406578 0 3591.83 0 0
16800 403996 413851 0 4267.17 0 0
16900 406103 406130 0 8813.78 0 0
17000 404700 407034 0 5834.77 0 0
17100 405029 403002 0 596.346 0 0
17200 408795 407637 0 766.611 0 0
17300 409614 406360 0 1334.5 0 0
17400 404497 406542 0 3754.02 0 0
17500 406325 408707 0 1359.53 0 0
17600 402697 406043 0 -1761.13 0 0
17700 411178 403570 0 777.78 0 0
17800 407339 404372 0 1217.33 0 0
17900 406757 409535 0 4546.29 0 0
18000 403532 407585 0 2518.29 0 0
18100 407473 406886 0 -207.955 0 0
18200 402327 408744 0 2479.17 0 0
18300 405895 404524 0 3000.12 0 0
18400 404251 405943 0 1915.29 0 0
18500 404897 405559 0 3633.06 0 0
18600 405652 405347 0 2630.84 0 0
18700 410243 404843 0 -2040.62 0 0
18800 407171 403502 0 -4142.31 0 0
18900 407363 403272 0 525.59 0 0
19000 405866 407002 0 1615.69 0 0
19100 411144 400425 0 -3333.61 0 0
19200 405395 403882 0 3500.11 0 0
19300 408969 405267 0 -2471.94 0 0
19400 406473 406643 0 -2206.79 0 0
19500 403443 404110 0 934.82 0 0
19600 406559 405076 0 459.19 0 0
19700 410271 400867 0 1907.96 0 0
19800 406585 400268 0 -271.562 0 0
19900 407827 406773 0 -1696.15 0 0
20000 406147 401824 0 -2300.01 0 0
20100 409391 402082 0 -3535.28 0 0
20200 402149 409291 0 -2051.48 0 0
20300 404198 403551 0 -1153.19 0 0
20400 406936 406177 0 1641.7 0 0
20500 406584 406126 0 -1580.88 0 0
20600 403985 411368 0 -28.9581 0 0
20700 406850 405870 0 -108.873 0 0
20800 408657 405923 0 -2122.44 0 0
20900 408524 406358 0 -560.42 0 0
21000 406838 407721 0 -245.18 0 0
21100 406984 402889 0 -1092 0 0
21200 407889 402395 0 -1005.55 0 0
21300 408075 400105 0 -1141.75 0 0
21400 409950 405377 0 2073.52 0 0
21500 408185 408415 0 951.213 0 0
21600 407568 403315 0 1050.31 0 0
21700 407873 405814 0 4148.44 0 0
21800 408448 403149 0 4133.22 0 0
21900 411322 401164 0 2685.96 0 0
22000 409170 406242 0 312.824 0 0
22100 403704 407023 0 -495.44 0 0
22200 406504 404436 0 -530.292 0 0
22300 406823 408506 0 1609.45 0 0
22400 403605 406823 0 3362.9 0 0
22500 408712 410729 0 -629.331 0 0
22600 406887 404503 0 3577.26 0 0
22700 407425 403893 0 1954.31 0 0
22800 405960 405350 0 -414.901 0 0
22900 407539 405754 0 -1658.77 0 0
23000 406488 403858 0 3370.57 0 0
23100 404757 411613 0 5759.62 0 0
23200 408035 406268 0 -639.389 0 0
23300 406667 406741 0 -2224.04 0 0
23400 406037 407861 0 348.052 0 0
23500 407013 405271 0 -51.8522 0 0
23600 412857 403550 0 1090.95 0 0
23700 408063 402804 0 908.449 0 0
23800 407385 402736 0 -587.996 0 0
23900 408918 400823 0 293.325 0 0
24000 410691 404047 0 -404.635 0 0
24100 407796 406210 0 1294.71 0 0
24200 408092 405451 0 328.07 0 0
24300 407740 400971 0 416.566 0 0
24400 407972 401754 0 997.959 0 0
24500 409459 406283 0 3271.06 0 0
24600 408718 400176 0 -334.859 0 0
24700 405335 401755 0 1190.3 0 0
24800 406835 404715 0 4158.06 0 0
24900 408451 405614 0 4684.84 0 0
25000 407359 405553 0 3676.51 0 0
25100 407715 402006 0 5821.24 0 0
25200 406580 401502 0 4780.68 0 0
25300 409329 405045 0 3076.99 0 0
25400 403247 407612 0 2659.71 0 0
25500 410321 405567 0 112.859 0 0
25600 409468 403026 0 2360.63 0 0
25700 410585 404566 0 7098.12 0 0
25800 407205 408151 0 4449.86 0 0
25900 408654 404045 0 7741.38 0 0
26000 408340 405413 0 7866.66 0 0
26100 406918 407115 0 11309.6 0 0
26200 405476 403142 0 7296.08 0 0
26300 407082 407342 0 6068.23 0 0
26400 404350 406135 0 5160.23 0 0
26500 412121 404395 0 6719.22 0 0
26600 408586 402400 0 6150.95 0 0
26700 410160 404571 0 5632.98 0 0
26800 402473 406670 0 6040.57 0 0
26900 408748 406801 0 4010.27 0 0
27000 408789 404190 0 3390.98 0 0
27100 407069 408063 0 2036.31 0 0
27200 408744 405141 0 2944.67 0 0
27300 402996 410046 0 1816.63 0 0
27400 405355 406342 0 2539.33 0 0
27500 404957 404983 0 5487.04 0 0
27600 401630 408611 0 3579.11 0 0
27700 403563 407002 0 4690.08 0 0
27800 407530 406549 0 -153.303 0 0
27900 410726 402392 0 238.618 0 0
28000 404552 407518 0 1607.73 0 0
28100 405630 409829 0 1188.04 0 0
28200 404408 408106 0 3646.34 0 0
28300 405540 403491 0 1872.29 0 0
28400 406866 405560 0 1684.43 0 0
28500 405194 408100 0 851.086 0 0
28600 407481 408841 0 -165.554 0 0
28700 406391 408635 0 -2517.31 0 0
28800 401984 408317 0 -164.839 0 0
28900 403777 409517 0 297.113 0 0
29000 402821 410322 0 4.18634 0 0
29100 406349 405421 0 -1682.19 0 0
29200 406894 407250 0 -175.917 0 0
29300 404853 403166 0 45.4891 0 0
29400 406032 410358 0 -3936.82 0 0
29500 402422 412271 0 -1555.7 0 0
29600 402938 410964 0 -867.426 0 0
29700 408507 405692 0 1645.7 0 0
29800 407502 404618 0 -3952.12 0 0
29900 409711 408069 0 -4321.59 0 0
30000 403841 408262 0 -6034.7 0 0
30100 404281 406483 0 -2417.79 0 0
30200 406789 406420 0 -2234.31 0 0
30300 403804 408532 0 -391.044 0 0
30400 403995 412966 0 -5505.67 0 0
30500 403106 410656 0 -1059.17 0 0
30600 403034 413348 0 -5146.32 0 0
30700 408511 409964 0 -5630.2 0 0
30800 402119 410355 0 -3578.53 0 0
30900 403549 412184 0 -4656.46 0 0
31000 407707 408598 0 -7411.59 0 0
31100 409574 400618 0 -719.505 0 0
31200 409326 406783 0 -7149.2 0 0
31300 404368 404508 0 -1178.23 0 0
31400 408497 404084 0 -3600.35 0 0
31500 408387 407199 0 -4600.28 0 0
31600 408603 405744 0 -3901.92 0 0
31700 409041 405880 0 -4043.58 0 0
31800 410615 402940 0 53.4376 0 0
31900 408215 405923 0 -8315.78 0 0
32000 407185 405955 0 -6332.46 0 0
32100 407372 405591 0 -1778.73 0 0
32200 412441 402597 0 -583.849 0 0
32300 405937 405001 0 -3622.45 0 0
32400 405420 409041 0 -2696.31 0 0
32500 403784 410477 0 -3807.83 0 0
32600 400966 413830 0 -4078.99 0 0
32700 406279 408781 0 714.471 0 0
32800 405040 410809 0 -3951.99 0 0
32900 407725 408977 0 -817.366 0 0
33000 403484 407354 0 -1467.9 0 0
33100 410048 403682 0 -4593.92 0 0
33200 403624 408243 0 1576.01 0 0
33300 403725 411222 0 1384.88 0 0
33400 407215 407269 0 -3322.38 0 0
33500 407701 407327 0 2293.76 0 0
33600 407646 407564 0 -182.003 0 0
33700 404001 405032 0 -2375.14 0 0
33800 406509 407804 0 -1077.27 0 0
33900 407023 405473 0 4615.42 0 0
34000 407559 406786 0 3467.3 0 0
34100 408353 406126 0 5829.7 0 0
34200 405746 406357 0 535.107 0 0
34300 406714 403936 0 4391.54 0 0
34400 410717 402791 0 7222.77 0 0
34500 408341 403423 0 1948.28 0 0
34600 407891 405360 0 5194.74 0 0
34700 414061 400157 0 1852.61 0 0
34800 404211 410590 0 1190.45 0 0
34900 407165 402863 0 3190.75 0 0
35000 406608 404589 0 1960.15 0 0
35100 411041 402895 0 3740.26 0 0
35200 408331 406422 0 6173.75 0 0
35300 406407 402204 0 3952.45 0 0
35400 409213 404568 0 4851.73 0 0
35500 406639 409314 0 3503.86 0 0
35600 408333 404574 0 7795.88 0 0
35700 410561 404752 0 8629.77 0 0
35800 411681 404824 0 6749.79 0 0
35900 409055 408779 0 8699.7 0 0
36000 411874 398945 0 3579.55 0 0
36100 409844 406399 0 5625.44 0 0
36200 405170 406303 0 141.642 0 0
36300 405604 403769 0 3863.09 0 0
36400 408241 408813 0 -402.82 0 0
36500 403234 410593 0 502.057 0 0
36600 406976 409866 0 1097.33 0 0
36700 403002 411142 0 259.802 0 0
36800 403087 407783 0 -148.525 0 0
36900 403327 406593 0 -1157.01 0 0
37000 406263 403367 0 -279.413 0 0
37100 405879 408222 0 351.197 0 0
37200 405637 408137 0 2591.01 0 0
37300 403012 407461 0 -1405.3 0 0
37400 405760 405085 0 -556.248 0 0
37500 405393 408874 0 1196.89 0 0
37600 405273 405374 0 5324.94 0 0
37700 405217 410100 0 1268.03 0 0
37800 408452 410383 0 2297.58 0 0
37900 405421 405031 0 3293.87 0 0
38000 404475 407883 0 1740.42 0 0
38100 405790 408277 0 -490.636 0 0
38200 408527 404645 0 -2618.56 0 0
38300 403442 408706 0 375.337 0 0
38400 408733 407775 0 -316.811 0 0
38500 403614 408429 0 1520.02 0 0
38600 403367 407152 0 -3131.01 0 0
38700 404343 408693 0 2894.8 0 0
38800 405447 408585 0 515.557 0 0
38900 408656 402129 0 -498.685 0 0
39000 407748 406185 0 82.259 0 0
39100 402759 409631 0 -2527.46 0 0
39200 406417 404209 0 -1463.93 0 0
39300 406771 400546 0 -2541.04 0 0
39400 404961 408965 0 -4128.25 0 0
39500 401762 408640 0 62.6639 0 0
39600 406224 409451 0 -1657.68 0 0
39700 405434 407452 0 -726.737 0 0
39800 405369 406395 0 -4114.72 0 0
39900 402689 409057 0 -3156.69 0 0
40000 400315 410094 0 -1576.33 0 0
40100 406461 403658 0 -4878.57 0 0
40200 400788 408988 0 -4538.1 0 0
40300 409813 407603 0 -3566.29 0 0
40400 407173 406267 0 -3279.2 0 0
40500 409438 406955 0 -523.228 0 0
40600 406379 406029 0 1055.99 0 0
40700 403887 412086 0 8.63367 0 0
40800 404646 410694 0 -3636.99 0 0
40900 410608 408133 0 -2944.24 0 0
41000 406286 406139 0 -2013.09 0 0
41100 403804 408263 0 -1606.62 0 0
41200 404003 411672 0 -1210.33 0 0
41300 402963 408445 0 -1447.44 0 0
41400 402825 409316 0 2032.08 0 0
41500 409266 406001 0 1680.89 0 0
41600 406344 405551 0 -6029.58 0 0
41700 408745 403739 0 -3996.3 0 0
41800 408413 403756 0 -4204.79 0 0
41900 404667 405912 0 2384.12 0 0
42000 405467 405183 0 -1977.69 0 0
42100 407656 409710 0 -4849.93 0 0
42200 401276 408637 0 -6169.79 0 0
42300 408550 406827 0 -4230.92 0 0
42400 407393 407105 0 -6954.6 0 0
42500 404698 405082 0 -3718.32 0 0
42600 406675 406553 0 -5975.26 0 0
42700 407521 404769 0 -5061.15 0 0
42800 408469 403763 0 -2782.34 0 0
42900 409219 402428 0 -6340.48 0 0
43000 407872 405378 0 -4959.74 0 0
43100 406234 404087 0 -3728.29 0 0
43200 410420 402496 0 -856.426 0 0
43300 407208 404244 0 -3622.86 0 0
43400 403600 410513 0 -2662.74 0 0
43500 406445 410504 0 -8577.99 0 0
43600 407540 403109 0 -4353.17 0 0
43700 406651 403621 0 -1500.57 0 0
43800 401379 404629 0 -746.652 0 0
43900 404790 405810 0 -789.811 0 0
44000 406556 405543 0 -4655.86 0 0
44100 406852 402747 0 -1729.91 0 0
44200 407991 407565 0 -1394.61 0 0
44300 409119 408798 0 -4164.27 0 0
44400 409296 404926 0 -69.785 0 0
44500 406472 401509 0 1232.56 0 0
44600 410427 405818 0 2325.96 0 0
44700 407702 404335 0 2281.17 0 0
44800 404697 406790 0 -1978.74 0 0
44900 408229 406949 0 -3869.25 0 0
45000 407623 403434 0 3523.96 0 0
45100 413970 405664 0 3156.13 0 0
45200 410223 403428 0 3314.91 0 0
45300 411200 404342 0 1130.73 0 0
45400 406155 406577 0 3384.61 0 0
45500 408487 405070 0 767.169 0 0
45600 408263 403385 0 66.4784 0 0
45700 408342 405851 0 5345.98 0 0
45800 406133 407319 0 3184.72 0 0
45900 406490 408134 0 2954.08 0 0
46000 407926 402679 0 4411.59 0 0
46100 408534 403393 0 4312.99 0 0
46200 408586 407280 0 4772.18 0 0
46300 408033 405584 0 3527.49 0 0
46400 409858 403434 0 4238.94 0 0
46500 406276 405775 0 6410.65 0 0
46600 402984 407864 0 903.368 0 0
46700 404209 404209 0 3688.79 0 0
46800 405975 407099 0 4878.14 0 0
46900 408433 407533 0 4773.62 0 0
47000 401456 407897 0 4966.28 0 0
47100 405359 405934 0 4939.75 0 0
47200 403123 406534 0 5204.69 0 0
47300 405492 409170 0 4149.24 0 0
47400 406763 406312 0 3212.72 0 0
47500 403759 409561 0 834.14 0 0
47600 405390 405814 0 2833.83 0 0
47700 406791 409288 0 566.603 0 0
47800 404317 402980 0 1021.88 0 0
47900 408647 409306 0 745.521 0 0
48000 410081 403686 0 -2470.21 0 0
48100 405834 403954 0 1244.36 0 0
48200 402361 407665 0 2445.65 0 0
48300 407927 403624 0 -915.653 0 0
48400 405566 406647 0 1785.38 0 0
48500 402762 403580 0 963.276 0 0
48600 406597 402893 0 -2293.76 0 0
48700 405778 404031 0 -1402.48 0 0
48800 410000 404340 0 -1438.64 0 0
48900 409276 401644 0 927.658 0 0
49000 407625 404530 0 -381.728 0 0
49100 408705 402116 0 -3471.92 0 0
49200 409906 400386 0 1973.18 0 0
49300 406812 402381 0 -1556.26 0 0
49400 408748 408185 0 -6607.59 0 0
49500 407368 402708 0 -6510.32 0 0
49600 411215 402599 0 -1414.43 0 0
49700 406282 406599 0 -5468.77 0 0
49800 403028 406161 0 -3226.25 0 0
49900 410132 407895 0 -1519.8 0 0
50000 405738 404751 0 -1352.72 0 0
