# Time-averaged data for fix ps1
# TimeStep c_thermo_press[1] c_thermo_press[2] c_thermo_press[3] c_thermo_press[4] c_thermo_press[5] c_thermo_press[6]
0 399200 402441 0 1921.56 0 0
100 404632 409647 0 -550.859 0 0
200 403195 403535 0 -649.579 0 0
300 402785 410942 0 -375.197 0 0
400 404853 411193 0 -3534.45 0 0
500 409099 405899 0 -2922.9 0 0
600 406303 411387 0 -6134.86 0 0
700 404433 410064 0 -6039.97 0 0
800 409623 405909 0 -7086.99 0 0
900 405530 410353 0 -4810.84 0 0
1000 407735 407401 0 -3913.11 0 0
1100 411175 402346 0 -6749.68 0 0
1200 410045 405173 0 -3348.5 0 0
1300 408343 407269 0 -1933.65 0 0
1400 404579 408971 0 -49.9331 0 0
1500 408165 405640 0 -1239 0 0
1600 405897 412413 0 -915.085 0 0
1700 410711 407858 0 -2085.96 0 0
1800 408907 404637 0 -4459.35 0 0
1900 404639 408811 0 -4187.59 0 0
2000 410328 409139 0 -1733.97 0 0
2100 410937 406258 0 -4068.69 0 0
2200 403759 407077 0 -4383.43 0 0
2300 409413 405280 0 -5397.89 0 0
2400 404108 409471 0 -3061.81 0 0
2500 405905 407371 0 -1370.8 0 0
2600 404785 406001 0 -2836.97 0 0
2700 411697 406786 0 -1133.75 0 0
2800 408147 403249 0 1250.47 0 0
2900 408729 408081 0 -921.639 0 0
3000 409544 404979 0 -180.713 0 0
3100 407241 409900 0 -5146.72 0 0
3200 406906 403056 0 -1004.83 0 0
3300 407407 410600 0 -3191.66 0 0
3400 408908 407111 0 -1017.06 0 0
3500 408451 408558 0 -472.098 0 0
3600 404519 409093 0 2802.68 0 0
3700 405446 409416 0 3595.43 0 0
3800 406614 409337 0 -2053.04 0 0
3900 410280 407163 0 -695.299 0 0
4000 406739 409137 0 44.1531 0 0
4100 406148 411916 0 310.236 0 0
4200 408159 407300 0 3481.71 0 0
4300 411392 406841 0 -2690.75 0 0
4400 408001 404294 0 162.899 0 0
4500 406386 409837 0 1896.84 0 0
4600 404955 409581 0 1876.87 0 0
4700 406076 405658 0 1199.48 0 0
4800 405846 409104 0 -876.487 0 0
4900 407135 408699 0 1504.83 0 0
5000 406397 407574 0 -1570.28 0 0
5100 402058 411381 0 3417.48 0 0
5200 406701 409758 0 -2508.41 0 0
5300 404615 412476 0 3877.48 0 0
5400 404914 410047 0 3088.67 0 0
5500 401114 411854 0 5269.29 0 0
5600 404229 412090 0 4365.71 0 0
5700 407006 407370 0 1113.59 0 0
5800 405039 407996 0 4821.75 0 0
5900 409687 407633 0 -2273.23 0 0
6000 409637 403661 0 2201.66 0 0
6100 412225 403561 0 3690.18 0 0
6200 411188 405011 0 5368.02 0 0
6300 409256 404695 0 4041.48 0 0
6400 410109 404557 0 953.261 0 0
6500 407763 403051 0 3657.7 0 0
6600 409791 403300 0 3109.18 0 0
6700 409608 404541 0 4912.14 0 0
6800 407853 405575 0 454.349 0 0
6900 410180 402828 0 6882.51 0 0
7000 410590 405231 0 266.984 0 0
7100 411167 405082 0 3767.76 0 0
7200 411466 408362 0 4554.09 0 0
7300 410038 406339 0 3438.32 0 0
7400 410928 409086 0 7243.94 0 0
7500 410454 408868 0 6032.97 0 0
7600 407925 407399 0 3238.3 0 0
7700 409211 406136 0 4123.86 0 0
7800 410193 408906 0 1929.91 0 0
7900 411423 401310 0 1230.42 0 0
8000 411627 403461 0 199.096 0 0
8100 408076 407129 0 2285.59 0 0
8200 409033 407366 0 708.792 0 0
8300 412522 407540 0 -606.216 0 0
8400 407535 405080 0 192.953 0 0
8500 406184 408338 0 -373.448 0 0
8600 414270 403142 0 3118.22 0 0
8700 409000 403841 0 -322.979 0 0
8800 410428 407101 0 -3714.31 0 0
8900 407820 405116 0 -1956.59 0 0
9000 409381 408565 0 -1423.39 0 0
9100 403803 412752 0 -137.298 0 0
9200 402535 410058 0 -3619.88 0 0
9300 409383 410750 0 -290.503 0 0
9400 407251 408739 0 -79.3078 0 0
9500 406032 407756 0 -1344.79 0 0
9600 404552 411162 0 2988.07 0 0
9700 409687 408425 0 580.692 0 0
9800 409897 406523 0 -2507.9 0 0
9900 407065 408827 0 602.132 0 0
10000 408336 409036 0 -1850.68 0 0
10100 403309 410910 0 -4639.23 0 0
10200 406175 406252 0 -433.04 0 0
10300 405648 405241 0 -3328.33 0 0
10400 406655 409104 0 -188.245 0 0
10500 408103 405659 0 1004.82 0 0
10600 405583 411052 0 304.483 0 0
10700 405787 411630 0 -3175.76 0 0
10800 410054 405722 0 -960.609 0 0
10900 413778 404847 0 -641.286 0 0
11000 405774 407962 0 -3050.56 0 0
11100 408133 405640 0 -601.492 0 0
11200 409240 409539 0 -783.938 0 0
11300 404726 407433 0 -3156.13 0 0
11400 407400 410541 0 -4408 0 0
11500 404134 408807 0 -4657 0 0
11600 411295 407118 0 -6518.21 0 0
11700 409815 404601 0 -6602.02 0 0
11800 411467 406764 0 -5242.55 0 0
11900 410680 408446 0 -1454.79 0 0
12000 406966 404784 0 -3921.29 0 0
12100 407676 409961 0 8.09532 0 0
12200 413570 402676 0 -3231.07 0 0
12300 408659 410615 0 -543.986 0 0
12400 408143 408240 0 -4584.69 0 0
12500 403535 414638 0 -2610.05 0 0
12600 408707 407569 0 -1748.64 0 0
12700 405882 409234 0 -1269.16 0 0
12800 407937 406832 0 12.0973 0 0
12900 406895 407880 0 -2906.38 0 0
13000 409164 407914 0 -3265.5 0 0
13100 407453 406569 0 -2429.31 0 0
13200 408664 404958 0 781.565 0 0
13300 409081 407582 0 -2050.67 0 0
13400 410911 408309 0 1646.86 0 0
13500 409602 407674 0 1497.56 0 0
13600 409806 405838 0 -3054.61 0 0
13700 409126 411284 0 3463.26 0 0
13800 405841 410175 0 3900.3 0 0
13900 407320 407587 0 1245.13 0 0
14000 406920 412576 0 -301.918 0 0
14100 401921 413031 0 -152.225 0 0
14200 406716 408050 0 -892.512 0 0
14300 403547 409455 0 4087.51 0 0
14400 407159 409091 0 -233.103 0 0
14500 401419 413437 0 -1332.82 0 0
14600 409802 407266 0 1580.12 0 0
14700 408892 408949 0 -731.568 0 0
14800 401794 409506 0 -420.947 0 0
14900 409957 410419 0 424.206 0 0
15000 409980 408103 0 -1099.34 0 0
15100 409649 404019 0 3903.31 0 0
15200 407900 410162 0 1863.55 0 0
15300 408151 408678 0 1272.99 0 0
15400 407188 410122 0 -182.553 0 0
15500 408212 407033 0 276.123 0 0
15600 406046 407692 0 888.273 0 0
15700 407638 412474 0 2256.63 0 0
15800 403496 410141 0 5176.94 0 0
15900 404164 411510 0 4057.48 0 0
16000 407198 413429 0 3977.15 0 0
16100 406968 410338 0 5788.01 0 0
16200 407329 408483 0 4648.77 0 0
16300 407268 409414 0 1315.38 0 0
16400 408411 412677 0 895.251 0 0
16500 411246 411422 0 664.96 0 0
16600 406624 411850 0 982.066 0 0
16700 407749 411163 0 3488.61 0 0
16800 406187 405256 0 2632.83 0 0
16900 410347 409512 0 3155.56 0 0
17000 406992 410150 0 4432.85 0 0
17100 405940 408713 0 856.288 0 0
17200 406078 412643 0 4834.51 0 0
17300 409437 410075 0 2028.61 0 0
17400 407684 411627 0 5410.45 0 0
17500 408718 408465 0 6103.72 0 0
17600 406532 409810 0 6493.98 0 0
17700 405108 414164 0 5557.9 0 0
17800 407416 408937 0 8337.05 0 0
17900 404308 412585 0 7695.82 0 0
18000 407104 411743 0 4737.47 0 0
18100 402641 415435 0 5611.13 0 0
18200 406439 410100 0 8547.79 0 0
18300 404490 410349 0 5171.05 0 0
18400 407421 410786 0 5568.05 0 0
18500 405696 408455 0 4095.93 0 0
18600 411612 402808 0 5867.28 0 0
18700 409332 405861 0 2082.45 0 0
18800 404745 409400 0 -1201.2 0 0
18900 408540 406746 0 -511.472 0 0
19000 407034 407199 0 -4420.14 0 0
19100 406284 408739 0 1294.02 0 0
19200 409659 406811 0 -5983.65 0 0
19300 404857 408246 0 -2449.43 0 0
19400 409010 409914 0 -1545.99 0 0
19500 404645 410780 0 -1198.64 0 0
19600 402717 405554 0 -2827.9 0 0
19700 405554 409626 0 -4001.31 0 0
19800 406964 409262 0 -1459.46 0 0
19900 410465 403052 0 -8285.35 0 0
20000 407580 409312 0 -3405.5 0 0
20100 408234 407383 0 -3579.66 0 0
20200 405756 408260 0 -5826.55 0 0
20300 412789 404528 0 -1779.7 0 0
20400 404567 407399 0 -2787.8 0 0
20500 404806 407435 0 -2313.05 0 0
20600 403093 410454 0 -1130.82 0 0
20700 405335 408614 0 -1650.57 0 0
20800 398440 409446 0 -1952.72 0 0
20900 405498 410232 0 -705.298 0 0
21000 410086 406976 0 -2637.69 0 0
21100 406361 409657 0 -5560.03 0 0
21200 405277 407652 0 -2766.56 0 0
21300 407439 408199 0 -7582.6 0 0
21400 407885 407234 0 -4028.17 0 0
21500 408003 403257 0 -3741.16 0 0
21600 410687 406133 0 -6044.92 0 0
21700 410051 401659 0 -7071.95 0 0
21800 410744 407464 0 -3697.33 0 0
21900 407289 406337 0 -3650.47 0 0
22000 409571 407066 0 -3321.84 0 0
22100 403950 407697 0 -2691.49 0 0
22200 408377 408488 0 -5746.89 0 0
22300 410374 406905 0 -1977.72 0 0
22400 407702 407814 0 -1762 0 0
22500 408627 406471 0 -631.118 0 0
22600 412172 404846 0 -4903.2 0 0
22700 412530 400456 0 -6129.12 0 0
22800 408915 409217 0 -2849.42 0 0
22900 408676 404443 0 -2980.51 0 0
23000 410626 403013 0 -825.452 0 0
23100 411589 405500 0 -4595.05 0 0
23200 413983 404779 0 -2536.97 0 0
23300 409804 404686 0 307.495 0 0
23400 409403 402697 0 -3770.76 0 0
23500 407090 413556 0 791.625 0 0
23600 403773 407709 0 -675.328 0 0
23700 405703 409716 0 -2299.25 0 0
23800 404542 412893 0 590.716 0 0
23900 405550 411367 0 99.5246 0 0
24000 406892 411944 0 5338.08 0 0
24100 406085 404828 0 3561.72 0 0
24200 406237 410574 0 -623.371 0 0
24300 406583 405139 0 7163.97 0 0
24400 404636 410142 0 6375.56 0 0
24500 404865 411919 0 5708.82 0 0
24600 404012 409495 0 4415.83 0 0
24700 410403 406136 0 2879.96 0 0
24800 405507 409007 0 4648.42 0 0
24900 402621 411746 0 3079.87 0 0
25000 406618 408614 0 8299.77 0 0
25100 404586 412217 0 4760.53 0 0
25200 405084 402545 0 2430.57 0 0
25300 404013 405278 0 4379.85 0 0
25400 407823 406783 0 2253.95 0 0
25500 406186 405776 0 858.449 0 0
25600 411053 404528 0 2465.45 0 0
25700 410795 405883 0 2382.75 0 0
25800 409280 407775 0 223.213 0 0
25900 407106 405865 0 2171.28 0 0
26000 406150 409841 0 2698.3 0 0
26100 406589 406997 0 3468.5 0 0
26200 407879 409049 0 5405.04 0 0
26300 408349 406370 0 5498.89 0 0
26400 405029 406633 0 4714 0 0
26500 408500 408293 0 4067.01 0 0
26600 409551 406843 0 457.961 0 0
26700 406704 407527 0 5099.71 0 0
26800 408828 408803 0 382.929 0 0
26900 407724 411415 0 -637.42 0 0
27000 403637 406389 0 2265.87 0 0
27100 410236 403277 0 3294.86 0 0
27200 407609 407416 0 5853.73 0 0
27300 403759 409007 0 1912.09 0 0
27400 408968 405699 0 2527.32 0 0
27500 410647 404980 0 2205.43 0 0
27600 406493 405955 0 5527.14 0 0
27700 403962 412201 0 4828.88 0 0
27800 405802 406671 0 398.422 0 0
27900 404075 407987 0 2345.47 0 0
28000 407377 412366 0 2128.62 0 0
28100 404645 407066 0 89.7442 0 0
28200 406609 407212 0 1572.33 0 0
28300 407877 408170 0 -940.943 0 0
28400 404117 411016 0 1261.25 0 0
28500 408342 411877 0 -1769.98 0 0
28600 413104 403982 0 889.809 0 0
28700 411081 405993 0 1953.57 0 0
28800 408063 409245 0 -2665.67 0 0
28900 407145 407654 0 2197 0 0
29000 409479 403862 0 -3813.83 0 0
29100 405714 409879 0 -5315.1 0 0
29200 408197 408729 0 -1535.85 0 0
29300 412599 406188 0 -4527.12 0 0
29400 406332 409417 0 -5845.79 0 0
29500 408083 406896 0 -6064.7 0 0
29600 405913 410092 0 -5127.38 0 0
29700 404820 408317 0 -1432 0 0
29800 409806 409198 0 -1246.78 0 0
29900 409149 406651 0 -5312.9 0 0
30000 411569 404742 0 -1661.88 0 0
30100 407964 405295 0 -2705.65 0 0
30200 404431 406694 0 820.103 0 0
30300 408258 405429 0 1251.56 0 0
30400 406073 407762 0 -6402.3 0 0
30500 402903 410760 0 279.495 0 0
30600 405329 408891 0 -3286.75 0 0
30700 405002 408440 0 890.04 0 0
30800 407778 409286 0 652.121 0 0
30900 406346 410521 0 -2709.19 0 0
31000 408354 405694 0 -605.541 0 0
31100 411664 410844 0 492.797 0 0
31200 405949 414231 0 -262.835 0 0
31300 406327 410747 0 -2631.11 0 0
31400 402379 411784 0 -762.925 0 0
31500 405825 407500 0 -5166.97 0 0
31600 404791 411505 0 -2505.14 0 0
31700 407479 406418 0 -3781.62 0 0
31800 403336 410402 0 -3892.82 0 0
31900 407423 407837 0 -659.106 0 0
32000 405640 408556 0 -2956.6 0 0
32100 405031 409839 0 -4931.88 0 0
32200 400389 411350 0 -4738.01 0 0
32300 403877 409394 0 -2409.99 0 0
32400 407671 409145 0 -4376.06 0 0
32500 405945 410703 0 -3891.38 0 0
32600 402676 407220 0 86.1017 0 0
32700 409379 409685 0 -3165.49 0 0
32800 408120 405641 0 -1858.97 0 0
32900 405295 408994 0 -1983.5 0 0
33000 405443 407741 0 -5122.28 0 0
33100 408316 406000 0 -3698.23 0 0
33200 408882 406172 0 -131.816 0 0
33300 407488 408747 0 -3211.24 0 0
33400 411634 403044 0 -2239.98 0 0
33500 407025 407283 0 -1794.83 0 0
33600 412185 401950 0 -1077.59 0 0
33700 408345 405528 0 638.961 0 0
33800 408471 408822 0 -436.452 0 0
33900 412297 405785 0 -1267.25 0 0
34000 406399 406638 0 -1254.47 0 0
34100 410499 409629 0 3026.4 0 0
34200 405965 409383 0 1898.45 0 0
34300 406147 411508 0 3196.43 0 0
34400 399422 416079 0 1388.4 0 0
34500 404815 407945 0 3475.66 0 0
34600 402860 412013 0 4128.51 0 0
34700 404671 407034 0 789.312 0 0
34800 405657 410672 0 3633.36 0 0
34900 405623 408487 0 659.713 0 0
35000 405048 413927 0 5580.19 0 0
35100 403606 409967 0 279.051 0 0
35200 410170 405234 0 -856.576 0 0
35300 406680 407417 0 1224.72 0 0
35400 404594 410806 0 4358.01 0 0
35500 404742 409153 0 3026.09 0 0
35600 399839 411882 0 4736.35 0 0
35700 405255 410554 0 3130.01 0 0
35800 408137 407012 0 4416.73 0 0
35900 407068 411200 0 6545.21 0 0
36000 402143 410024 0 3362.63 0 0
36100 402747 413530 0 3677.51 0 0
36200 405138 405765 0 2513.57 0 0
36300 405976 411244 0 5404.91 0 0
36400 404457 405498 0 4262.9 0 0
36500 409127 409617 0 888.351 0 0
36600 403148 407114 0 4387.9 0 0
36700 404818 409088 0 6728.3 0 0
36800 404217 408170 0 3281.02 0 0
36900 404332 410610 0 6137.09 0 0
37000 402586 411548 0 587.285 0 0
37100 398674 412601 0 5673.44 0 0
37200 402673 411139 0 2777 0 0
37300 403485 408770 0 6090.45 0 0
37400 400770 416849 0 1735.53 0 0
37500 403869 407328 0 2485.93 0 0
37600 402957 410223 0 3139.59 0 0
37700 402855 415605 0 7018.84 0 0
37800 403828 411568 0 4790.66 0 0
37900 406321 408750 0 5698.8 0 0
38000 407028 406904 0 1938.57 0 0
38100 404337 408956 0 3746.22 0 0
38200 407503 409634 0 5494.55 0 0
38300 406319 412128 0 2706.27 0 0
38400 406500 407788 0 1572.06 0 0
38500 407300 409596 0 553.719 0 0
38600 404958 408807 0 1441.18 0 0
38700 407370 409606 0 1090.9 0 0
38800 404183 408872 0 5434.71 0 0
38900 405764 410894 0 -333.633 0 0
39000 402781 414578 0 2060.32 0 0
39100 403956 409297 0 -1479.99 0 0
39200 410223 408524 0 936.909 0 0
39300 406681 408102 0 -798.746 0 0
39400 408086 406045 0 -3547.64 0 0
39500 404300 407280 0 -5701.02 0 0
39600 410727 405721 0 855.568 0 0
39700 404958 410677 0 -5123.74 0 0
39800 404605 409839 0 -7290.07 0 0
39900 406054 408352 0 -1412.78 0 0
40000 406372 408762 0 -2556.64 0 0
40100 408640 407325 0 -4201.37 0 0
40200 407192 411252 0 -3868.52 0 0
40300 404621 412439 0 -966.269 0 0
40400 408679 407243 0 -3520.3 0 0
40500 408743 405885 0 879.092 0 0
40600 410589 409110 0 -1792.12 0 0
40700 409736 405849 0 -5105.09 0 0
40800 408855 409991 0 -9026.87 0 0
40900 406345 410488 0 -942.437 0 0
41000 408100 408301 0 3306.61 0 0
41100 408941 408372 0 376.644 0 0
41200 405863 411494 0 -3298.38 0 0
41300 411556 410290 0 -141.222 0 0
41400 408094 406506 0 -4667.01 0 0
41500 404991 407923 0 550.753 0 0
41600 405626 409701 0 1792.89 0 0
41700 404664 408617 0 -1411.4 0 0
41800 401789 407119 0 -2014.23 0 0
41900 407618 409249 0 -4021.4 0 0
42000 407899 405555 0 -1200.16 0 0
42100 407576 410109 0 649.947 0 0
42200 410880 406497 0 -213.468 0 0
42300 409861 400344 0 -4655.07 0 0
42400 407996 406138 0 23.5466 0 0
42500 408327 406196 0 1099.74 0 0
42600 409276 404088 0 -891.276 0 0
42700 406975 409427 0 -5546.15 0 0
42800 405941 410966 0 -1149.68 0 0
42900 407691 407943 0 -1133.2 0 0
43000 404957 406639 0 229.881 0 0
43100 408323 407799 0 -2467.5 0 0
43200 408902 405774 0 -1891.96 0 0
43300 407510 406130 0 -3450.08 0 0
43400 409393 408722 0 -1118.73 0 0
43500 404744 411176 0 1877.79 0 0
43600 406252 408366 0 -862.579 0 0
43700 409922 407618 0 -1894.01 0 0
43800 405186 408598 0 766.641 0 0
43900 407020 411023 0 -2477.01 0 0
44000 404468 408614 0 -2323.29 0 0
44100 405400 409719 0 2086.96 0 0
44200 404862 411583 0 2948.68 0 0
44300 407289 405674 0 -760.611 0 0
44400 402846 410437 0 755.321 0 0
44500 409084 403560 0 1603.21 0 0
44600 404084 408463 0 3138.35 0 0
44700 404082 408229 0 2742.07 0 0
44800 405327 408680 0 2510.5 0 0
44900 407445 408701 0 2813.52 0 0
45000 406415 406432 0 6141.17 0 0
45100 410521 409423 0 2508.58 0 0
45200 401930 414056 0 2626.06 0 0
45300 403430 407061 0 1610.31 0 0
45400 407097 409925 0 2611.81 0 0
45500 404251 408356 0 4984.04 0 0
45600 407042 412188 0 1630.01 0 0
45700 412832 405464 0 6122.08 0 0
45800 411268 409479 0 3590.54 0 0
45900 406999 406317 0 2245.18 0 0
46000 405245 411081 0 1519.19 0 0
46100 409189 406794 0 3996.06 0 0
46200 410259 404614 0 2199.35 0 0
46300 412528 402620 0 2034.82 0 0
46400 409849 410601 0 2116.41 0 0
46500 411968 403953 0 2866.52 0 0
46600 405302 408037 0 4873.31 0 0
46700 408408 408635 0 3180.01 0 0
46800 407699 405472 0 1415.18 0 0
46900 411187 405681 0 5706.42 0 0
47000 410812 403094 0 7310.58 0 0
47100 411433 403821 0 4319.84 0 0
47200 408030 407646 0 4705.74 0 0
47300 406895 410046 0 1815.25 0 0
47400 413048 406294 0 6003.89 0 0
47500 410985 403734 0 2701.4 0 0
47600 409376 405849 0 937.371 0 0
47700 411226 412815 0 4122.15 0 0
47800 413071 405109 0 4256.8 0 0
47900 410470 406617 0 6206.6 0 0
48000 410074 410525 0 362.009 0 0
48100 406218 409593 0 2516.64 0 0
48200 404404 412309 0 3884.64 0 0
48300 413261 404615 0 7160.25 0 0
48400 410937 405000 0 1395.03 0 0
48500 409711 404239 0 4562.8 0 0
48600 409851 408349 0 1779.75 0 0
48700 415650 400275 0 -476.228 0 0
48800 410202 406504 0 -1186.21 0 0
48900 408667 405944 0 3840.52 0 0
49000 412573 405781 0 -634.282 0 0
49100 407609 403303 0 -812.406 0 0
49200 409148 404047 0 -1534.1 0 0
49300 412569 405156 0 -199.554 0 0
49400 411301 404010 0 -340.621 0 0
49500 411112 404411 0 2864.48 0 0
49600 412843 404691 0 3315.51 0 0
49700 414730 405421 0 5.14325 0 0
49800 406495 405111 0 2525.35 0 0
49900 411063 406598 0 -1682.12 0 0
50000 415762 404852 0 -522.992 0 0
