# Time-averaged data for fix ps1
# TimeStep c_thermo_press[1] c_thermo_press[2] c_thermo_press[3] c_thermo_press[4] c_thermo_press[5] c_thermo_press[6]
10000 394194 388644 0 1709.21 0 0
20000 394372 388545 0 1045.24 0 0
30000 392117 391078 0 3225.3 0 0
40000 392825 389289 0 2434.6 0 0
50000 392383 390182 0 -1805.73 0 0
60000 393293 390496 0 767.613 0 0
70000 389142 394383 0 2268.81 0 0
80000 392435 391823 0 1391.95 0 0
90000 393424 390577 0 636.143 0 0
100000 394411 388506 0 -561.655 0 0
110000 392616 391935 0 -294.41 0 0
120000 391300 392783 0 504.901 0 0
130000 392100 391843 0 -482.775 0 0
140000 390763 391360 0 727.781 0 0
150000 392488 391563 0 -1588.81 0 0
160000 391640 391362 0 -3784.44 0 0
170000 391533 392315 0 2854.99 0 0
180000 391534 390159 0 -1310.45 0 0
190000 392268 391816 0 257.991 0 0
200000 392280 391186 0 1399.93 0 0
210000 392169 390259 0 -55.3504 0 0
220000 393874 390702 0 1877.15 0 0
230000 390295 392647 0 -88.6205 0 0
240000 392673 392107 0 3766.55 0 0
250000 391024 393767 0 686.077 0 0
260000 390367 393726 0 227.37 0 0
270000 393949 392168 0 2146.42 0 0
280000 394048 391188 0 -910.427 0 0
290000 392291 392999 0 3308.25 0 0
300000 391978 391478 0 -731.668 0 0
310000 391340 392541 0 2710.49 0 0
320000 392289 392274 0 1710.32 0 0
330000 392120 392421 0 1616.29 0 0
340000 389249 394309 0 1558.06 0 0
350000 393804 391102 0 -565.89 0 0
360000 391456 389545 0 -179.345 0 0
370000 388916 393469 0 -1059.83 0 0
380000 391251 390751 0 823.724 0 0
390000 388103 395132 0 -692.91 0 0
400000 389623 395564 0 1392.39 0 0
410000 393145 392260 0 -814.426 0 0
420000 393011 392111 0 762.47 0 0
430000 393584 390706 0 143.241 0 0
440000 391372 394848 0 917.595 0 0
450000 394344 390275 0 2496.62 0 0
460000 388744 395265 0 869.7 0 0
470000 390367 393249 0 3072.72 0 0
480000 393869 391417 0 633.036 0 0
490000 394177 393052 0 -768.331 0 0
500000 391286 393329 0 82.3082 0 0
510000 392690 392881 0 -654.648 0 0
520000 392339 392394 0 -184.392 0 0
530000 392430 392919 0 1107.17 0 0
540000 395752 389843 0 -1000.81 0 0
550000 393071 391806 0 -648.457 0 0
560000 391976 394338 0 467.278 0 0
570000 393800 391481 0 2358.97 0 0
580000 396060 391381 0 453.181 0 0
590000 389878 396644 0 -745.018 0 0
600000 393498 392138 0 3521.46 0 0
610000 394204 389586 0 -1278.66 0 0
620000 397668 389176 0 -63.9213 0 0
630000 393176 391430 0 -917.329 0 0
640000 395107 392054 0 385.421 0 0
650000 394280 392000 0 3352.01 0 0
660000 394794 393744 0 187.863 0 0
670000 391130 395118 0 385.396 0 0
680000 391699 393723 0 -176.472 0 0
690000 393190 394513 0 -1754.14 0 0
700000 390391 394353 0 -1049.92 0 0
710000 392459 392930 0 -961.087 0 0
720000 392825 393981 0 -164.262 0 0
730000 393461 394148 0 -1262.35 0 0
740000 392778 393005 0 -1844.16 0 0
750000 393861 392668 0 234.459 0 0
760000 391707 394900 0 -1922.45 0 0
770000 393264 392955 0 13.1669 0 0
780000 391957 393273 0 -1005.96 0 0
790000 392001 392690 0 -281.925 0 0
800000 391540 394669 0 1857.29 0 0
810000 396522 389845 0 1924.06 0 0
820000 392632 393635 0 1229.81 0 0
830000 391791 394166 0 1143.71 0 0
840000 394098 394792 0 -2136.42 0 0
850000 394413 391064 0 -1640.51 0 0
860000 394284 391342 0 -2880.15 0 0
870000 391221 396037 0 1306.33 0 0
880000 397104 390723 0 2117.6 0 0
890000 394064 392529 0 -716.937 0 0
900000 392569 394078 0 -3092.36 0 0
910000 393470 393572 0 -3218.42 0 0
920000 394592 390947 0 -2131.14 0 0
930000 393669 393850 0 -4320.48 0 0
940000 393651 393167 0 2838.41 0 0
950000 394344 391949 0 -33.3699 0 0
960000 393083 392822 0 -13.9777 0 0
970000 391142 394635 0 -3282.51 0 0
980000 391970 392836 0 -792.523 0 0
990000 393056 393205 0 1609.16 0 0
1000000 395876 391306 0 -942.144 0 0
1010000 392561 392951 0 -1763.36 0 0
1020000 395446 391610 0 2043.94 0 0
1030000 392761 393992 0 2219.35 0 0
1040000 391801 392399 0 128.109 0 0
1050000 392519 392404 0 -660.506 0 0
1060000 390513 395571 0 -1393.32 0 0
1070000 393412 391476 0 -2560.24 0 0
1080000 392520 394194 0 1918.48 0 0
1090000 392086 393348 0 2962.36 0 0
1100000 392002 392079 0 2325.79 0 0
1110000 391335 395196 0 549.148 0 0
1120000 393109 392266 0 -984.069 0 0
1130000 394731 392857 0 33.656 0 0
1140000 392229 394796 0 -1035.61 0 0
1150000 393369 392996 0 1340.7 0 0
1160000 388924 394478 0 4331.33 0 0
1170000 393485 395389 0 1808.49 0 0
1180000 390095 397275 0 3212.93 0 0
1190000 392846 392616 0 934.565 0 0
1200000 392970 393832 0 -1066.26 0 0
1210000 393708 392354 0 1603.58 0 0
1220000 391882 394055 0 452.909 0 0
1230000 391774 392378 0 -750.873 0 0
1240000 389473 396618 0 -600.844 0 0
1250000 388628 395788 0 71.3769 0 0
1260000 391297 393637 0 2311.11 0 0
1270000 390476 394486 0 -1509.57 0 0
1280000 390616 393886 0 -210.404 0 0
1290000 394127 390102 0 -2728.65 0 0
1300000 394309 392059 0 -2831.65 0 0
1310000 392348 394006 0 510.949 0 0
1320000 394137 390058 0 -1489.35 0 0
1330000 393392 390179 0 528.459 0 0
1340000 394490 390788 0 699.853 0 0
1350000 392287 393097 0 -1284.89 0 0
1360000 390475 393228 0 -1548.48 0 0
1370000 388591 393839 0 -870.681 0 0
1380000 390200 393256 0 -254.863 0 0
1390000 391361 391248 0 344.388 0 0
1400000 390757 392949 0 1386.78 0 0
1410000 392060 392887 0 2116.05 0 0
1420000 391866 392224 0 -1248.75 0 0
1430000 390692 393643 0 1299.87 0 0
1440000 392069 391664 0 1511.18 0 0
1450000 391546 391842 0 -150.751 0 0
1460000 392159 392038 0 -1210.99 0 0
1470000 393371 390660 0 -1242.2 0 0
1480000 396032 388832 0 2408.24 0 0
1490000 393772 392520 0 2586.31 0 0
1500000 393982 390696 0 2873.17 0 0
1510000 392121 391866 0 570.019 0 0
1520000 392329 391845 0 2915.07 0 0
1530000 392485 390398 0 572.105 0 0
1540000 393720 389971 0 571.607 0 0
1550000 392320 392587 0 2079.08 0 0
1560000 392291 392328 0 458.439 0 0
1570000 392541 392368 0 1249.47 0 0
1580000 390877 395054 0 1934.93 0 0
1590000 392082 392228 0 1223.07 0 0
1600000 393304 390399 0 427.138 0 0
1610000 390854 392286 0 5344.25 0 0
1620000 392139 392590 0 1641.64 0 0
1630000 392921 391253 0 744.281 0 0
1640000 390641 392411 0 -123.332 0 0
1650000 391334 391605 0 -135.915 0 0
1660000 393472 391210 0 2479.07 0 0
1670000 393566 389634 0 -1218.95 0 0
1680000 391670 391880 0 269.563 0 0
1690000 393168 391401 0 -3400.26 0 0
1700000 391425 390836 0 -957.568 0 0
1710000 392768 392601 0 -270.084 0 0
1720000 392118 390793 0 2048.35 0 0
1730000 390681 391342 0 -1494.91 0 0
1740000 389784 393336 0 64.866 0 0
1750000 388987 393375 0 -2469.73 0 0
1760000 389936 393416 0 242.926 0 0
1770000 394104 390583 0 530.293 0 0
1780000 393249 390980 0 311.259 0 0
1790000 391811 391269 0 -1446.65 0 0
1800000 391739 391879 0 898.183 0 0
1810000 392560 390186 0 -98.7316 0 0
1820000 393723 389842 0 -1593.54 0 0
1830000 393917 391163 0 -2138.91 0 0
1840000 391443 392333 0 -470.316 0 0
1850000 390528 393841 0 -2566.19 0 0
1860000 391964 393144 0 -2153.78 0 0
1870000 390595 394179 0 344.289 0 0
1880000 392249 390514 0 613.647 0 0
1890000 392604 390402 0 -2031.27 0 0
1900000 394157 390441 0 2417.29 0 0
1910000 395092 390784 0 2005.5 0 0
1920000 391784 392435 0 864.009 0 0
1930000 392737 390518 0 -2423.37 0 0
1940000 391365 392494 0 -2611.82 0 0
1950000 394947 390509 0 -2447.08 0 0
1960000 394859 392663 0 -1685.79 0 0
1970000 395331 388688 0 -126.378 0 0
1980000 393724 389018 0 -1708.46 0 0
1990000 392393 392109 0 -1097.81 0 0
2000000 393721 392119 0 -1064.86 0 0
2010000 391091 392882 0 -968.972 0 0
2020000 391826 392284 0 -397.905 0 0
2030000 391552 391770 0 -281.224 0 0
2040000 392211 392582 0 -740.746 0 0
2050000 392865 390308 0 181.504 0 0
2060000 389439 396074 0 -1153.43 0 0
2070000 393025 392173 0 -1800.82 0 0
2080000 394726 391144 0 -1594.41 0 0
2090000 391199 396238 0 -86.1623 0 0
2100000 391229 394325 0 1178.08 0 0
2110000 391029 394723 0 494.111 0 0
2120000 391412 393096 0 87.3861 0 0
2130000 394971 390732 0 -2004.64 0 0
2140000 391199 393883 0 -2136.52 0 0
2150000 391123 394604 0 281.976 0 0
2160000 393678 390577 0 2194.09 0 0
2170000 395281 391730 0 -704.772 0 0
2180000 391122 393249 0 1150.89 0 0
2190000 390395 393701 0 -1120.21 0 0
2200000 392805 393947 0 -410.307 0 0
2210000 388230 395203 0 -1213.78 0 0
2220000 393443 391354 0 -1424.01 0 0
2230000 393700 390763 0 -2462.19 0 0
2240000 394247 389647 0 -2643.77 0 0
2250000 397691 388708 0 -3550.19 0 0
2260000 394555 393127 0 -1298.66 0 0
2270000 392740 393624 0 -1209.75 0 0
2280000 393129 393432 0 -777.449 0 0
2290000 394119 392628 0 1246.29 0 0
2300000 392237 394264 0 2227.3 0 0
2310000 392686 394572 0 -251.189 0 0
2320000 393925 391287 0 961.489 0 0
2330000 391279 396103 0 813.244 0 0
2340000 394501 393453 0 482.312 0 0
2350000 393236 392756 0 1006.77 0 0
2360000 392934 394691 0 426.175 0 0
2370000 393052 392832 0 1049.45 0 0
2380000 395589 390309 0 551.581 0 0
2390000 393567 392322 0 -199.575 0 0
2400000 390903 395631 0 -1139.2 0 0
2410000 391244 395106 0 -44.4811 0 0
2420000 393874 390516 0 1840.09 0 0
2430000 391002 396337 0 -487.731 0 0
2440000 393785 392206 0 -181.652 0 0
2450000 394802 392088 0 234.549 0 0
2460000 392806 393254 0 -1689.63 0 0
2470000 393576 394157 0 607.552 0 0
2480000 391903 392251 0 2589.33 0 0
2490000 393997 389926 0 748.385 0 0
2500000 392673 391819 0 1487.25 0 0
2510000 393479 392375 0 -2231.96 0 0
2520000 393757 391151 0 -54.6999 0 0
2530000 390429 396403 0 94.1407 0 0
2540000 391502 394080 0 -839.439 0 0
2550000 391638 392807 0 -953.239 0 0
2560000 391755 392305 0 -481.265 0 0
2570000 391406 392886 0 722.228 0 0
2580000 394347 389832 0 2155.08 0 0
2590000 393343 390331 0 1219.79 0 0
2600000 395063 389157 0 274.579 0 0
2610000 393253 391475 0 505.934 0 0
2620000 391902 392797 0 214.005 0 0
2630000 392432 389887 0 1878.77 0 0
2640000 391495 394872 0 1071.69 0 0
2650000 394917 390398 0 755.62 0 0
2660000 396060 391318 0 -89.2962 0 0
2670000 393945 390408 0 -770.329 0 0
2680000 393462 393104 0 -1486.04 0 0
2690000 395645 390056 0 16.0404 0 0
2700000 390777 392881 0 1326.93 0 0
2710000 391452 392301 0 -785.192 0 0
2720000 393649 391695 0 -2525.37 0 0
2730000 393546 391414 0 1752.48 0 0
2740000 394054 391682 0 1358.37 0 0
2750000 392899 390459 0 -689.663 0 0
2760000 393712 392182 0 -978.74 0 0
2770000 395067 392904 0 2780.9 0 0
2780000 393840 394004 0 946.73 0 0
2790000 391985 392913 0 24.7666 0 0
2800000 393606 391770 0 1146.28 0 0
2810000 391587 392523 0 573.094 0 0
2820000 390284 395294 0 523.252 0 0
2830000 390963 393506 0 -671.235 0 0
2840000 393114 392632 0 -1406.87 0 0
2850000 394368 391832 0 3308.61 0 0
2860000 394641 391715 0 -1071.69 0 0
2870000 396219 390160 0 -2956.78 0 0
2880000 391541 392804 0 -1282.45 0 0
2890000 393196 393396 0 -967.396 0 0
2900000 395249 391161 0 -1231.56 0 0
2910000 394273 392233 0 -1595.61 0 0
2920000 391645 393238 0 -892.249 0 0
2930000 395026 391513 0 -1241.89 0 0
2940000 393030 393700 0 1524.98 0 0
2950000 393362 393440 0 1819.18 0 0
2960000 393116 393205 0 1442.62 0 0
2970000 395761 393738 0 282.292 0 0
2980000 395417 390505 0 829.942 0 0
2990000 394073 392951 0 -1439.54 0 0
3000000 391846 394160 0 -2076.91 0 0
3010000 391027 394389 0 -902.597 0 0
3020000 390184 395373 0 -2641.01 0 0
3030000 390421 394622 0 2837.56 0 0
3040000 390854 395238 0 -704.236 0 0
3050000 391816 392708 0 577.128 0 0
3060000 392194 392462 0 -481.726 0 0
3070000 394093 389905 0 -934.702 0 0
3080000 393659 392465 0 -375.936 0 0
3090000 395397 391457 0 -2952.84 0 0
3100000 392220 391962 0 -88.081 0 0
3110000 393854 393098 0 4253.7 0 0
3120000 393061 392446 0 -480.825 0 0
3130000 393663 393683 0 -325.209 0 0
3140000 391308 395892 0 -942.049 0 0
3150000 391317 396464 0 -520.285 0 0
3160000 392668 393383 0 -1402.7 0 0
3170000 391732 395018 0 501.641 0 0
3180000 391460 395618 0 2768.58 0 0
3190000 392092 393918 0 -1424.37 0 0
3200000 393590 392182 0 247.717 0 0
3210000 396898 391164 0 -510.006 0 0
3220000 392700 393575 0 -481.2 0 0
3230000 393938 394220 0 896.613 0 0
3240000 391614 394525 0 1342.54 0 0
3250000 395202 390780 0 769.124 0 0
3260000 395753 389950 0 132.781 0 0
3270000 391968 394674 0 1080.83 0 0
3280000 388400 395597 0 -264.516 0 0
3290000 393491 394021 0 1551.65 0 0
3300000 391831 393784 0 -1082.95 0 0
3310000 392580 393468 0 751.103 0 0
3320000 391102 394598 0 910.333 0 0
3330000 393877 393041 0 2222.26 0 0
3340000 392230 394068 0 1251.34 0 0
3350000 390724 395087 0 891.635 0 0
3360000 392747 390773 0 3016.28 0 0
3370000 391390 392508 0 838.211 0 0
3380000 395277 390525 0 -2293.17 0 0
3390000 392992 392747 0 -1019.38 0 0
3400000 392565 392116 0 1179.23 0 0
3410000 393257 391333 0 -1336.58 0 0
3420000 393475 390903 0 -33.3924 0 0
3430000 395497 390549 0 55.0801 0 0
3440000 393973 388671 0 -1638.55 0 0
3450000 391360 392954 0 -718.338 0 0
3460000 393281 391871 0 926.323 0 0
3470000 392072 393413 0 168.241 0 0
3480000 391372 394352 0 1250.7 0 0
3490000 392757 392750 0 1850.06 0 0
3500000 389420 394140 0 1496.53 0 0
3510000 391073 394519 0 -1975.75 0 0
3520000 388351 396413 0 1931.58 0 0
3530000 389769 395275 0 746.156 0 0
3540000 393593 393050 0 -339.59 0 0
3550000 391431 393567 0 332.458 0 0
3560000 394259 391803 0 3535.93 0 0
3570000 390900 393945 0 489.781 0 0
3580000 394322 393401 0 -751.883 0 0
3590000 390440 394893 0 23.7717 0 0
3600000 388995 395937 0 1370.42 0 0
3610000 393087 391845 0 2937.93 0 0
3620000 393067 393491 0 -3387.6 0 0
3630000 392038 392212 0 894.295 0 0
3640000 394655 389515 0 1192.26 0 0
3650000 394062 389498 0 1764.22 0 0
3660000 393979 391155 0 -180.716 0 0
3670000 398287 387190 0 521.612 0 0
3680000 390958 393738 0 2133.65 0 0
3690000 393653 392682 0 1356.19 0 0
3700000 394663 392130 0 1424.52 0 0
3710000 393890 391154 0 75.9857 0 0
3720000 392223 391619 0 1549.82 0 0
3730000 393673 391454 0 2343.83 0 0
3740000 392315 392667 0 1289.5 0 0
3750000 389459 394919 0 2154.86 0 0
3760000 395084 390697 0 -2707.97 0 0
3770000 392917 393542 0 1196.28 0 0
3780000 392807 389403 0 -73.5484 0 0
3790000 395371 392933 0 2369.65 0 0
3800000 392906 392459 0 -383.814 0 0
3810000 390170 394066 0 -2457.09 0 0
3820000 391846 393485 0 -4199.06 0 0
3830000 391553 393357 0 1493.79 0 0
3840000 392250 392293 0 1437.38 0 0
3850000 392687 391378 0 2067.1 0 0
3860000 392520 390868 0 -1213.58 0 0
3870000 393912 392104 0 -2233.7 0 0
3880000 395570 389471 0 840.226 0 0
3890000 389944 396265 0 -2442.76 0 0
3900000 392148 393899 0 1591.5 0 0
3910000 393348 392505 0 -555.75 0 0
3920000 391771 394287 0 -315.908 0 0
3930000 387831 398789 0 -2040.41 0 0
3940000 391986 394091 0 -926.469 0 0
3950000 391451 395998 0 -3274.17 0 0
3960000 393446 391976 0 1462.7 0 0
3970000 394576 390074 0 1268.16 0 0
3980000 394533 390441 0 -515.844 0 0
3990000 394098 391128 0 1435.22 0 0
4000000 391644 392013 0 1300.36 0 0
4010000 392343 392479 0 1037.78 0 0
4020000 390585 394562 0 1566.73 0 0
4030000 394466 389985 0 -1573.78 0 0
4040000 395693 390227 0 276.796 0 0
4050000 393659 392980 0 -691.61 0 0
4060000 391731 394795 0 476.182 0 0
4070000 390229 396473 0 1734.87 0 0
4080000 390646 394923 0 -2149.71 0 0
4090000 389926 394397 0 -3334.05 0 0
4100000 393581 393234 0 -1726.39 0 0
4110000 392038 393677 0 -2163.74 0 0
4120000 390898 393410 0 -1856.22 0 0
4130000 393973 392037 0 931.571 0 0
4140000 395725 388233 0 1459.16 0 0
4150000 394248 389778 0 -152.069 0 0
4160000 394698 391006 0 1807.21 0 0
4170000 394663 390487 0 1058.33 0 0
4180000 392775 392488 0 12.5614 0 0
4190000 393780 392396 0 727.665 0 0
4200000 393403 390100 0 1586.38 0 0
4210000 392557 391764 0 1818.09 0 0
4220000 393662 392757 0 -937.678 0 0
4230000 393061 394311 0 -716.184 0 0
4240000 393092 392905 0 -800.099 0 0
4250000 393237 393627 0 -2781.67 0 0
4260000 392626 393740 0 -891.53 0 0
4270000 392409 395452 0 -3014.65 0 0
4280000 392997 394157 0 -2828.47 0 0
4290000 393980 393958 0 196.113 0 0
4300000 393325 393280 0 580.258 0 0
4310000 392168 394848 0 1666.77 0 0
4320000 391709 396335 0 -1585.08 0 0
4330000 393138 394220 0 -751.516 0 0
4340000 391850 394962 0 -228.743 0 0
4350000 393056 390676 0 -692.189 0 0
4360000 393339 391129 0 -2133.5 0 0
4370000 392403 392664 0 1227.32 0 0
4380000 392671 391710 0 -2247.96 0 0
4390000 391462 393739 0 -2642.4 0 0
4400000 392800 391209 0 -994.6 0 0
4410000 394943 389888 0 1125.86 0 0
4420000 389844 395119 0 409.66 0 0
4430000 391021 394811 0 1135.91 0 0
4440000 392375 393885 0 -2059.25 0 0
4450000 393350 391909 0 2043.53 0 0
4460000 392599 393255 0 -2340.97 0 0
4470000 394796 389296 0 -953.4 0 0
4480000 393679 390185 0 657.241 0 0
4490000 391954 393142 0 2383.41 0 0
4500000 397061 390575 0 1203.49 0 0
4510000 394477 393081 0 -568.966 0 0
4520000 394268 391262 0 -845.671 0 0
4530000 392946 392704 0 -441.995 0 0
4540000 392527 390775 0 -831.666 0 0
4550000 395976 389559 0 -2957.87 0 0
4560000 392436 392906 0 -1810.66 0 0
4570000 394048 390578 0 -970.329 0 0
4580000 391773 393314 0 2435.94 0 0
4590000 393388 389529 0 1139.99 0 0
4600000 394437 390011 0 -73.0541 0 0
4610000 395044 387770 0 -2092.75 0 0
4620000 395417 389372 0 -598.623 0 0
4630000 392278 392947 0 -397.904 0 0
4640000 391022 391841 0 -2185.61 0 0
4650000 394501 388880 0 54.1386 0 0
4660000 392462 390654 0 -2404.5 0 0
4670000 393724 391533 0 -3735.29 0 0
4680000 390059 393580 0 -1676.95 0 0
4690000 391590 391960 0 -941.831 0 0
4700000 392367 390737 0 -1230.35 0 0
4710000 391825 391807 0 291.072 0 0
4720000 393365 390526 0 532.654 0 0
4730000 388834 393599 0 2406.82 0 0
4740000 391102 393015 0 2849.88 0 0
4750000 392184 391962 0 3034.73 0 0
4760000 391699 391611 0 -543.531 0 0
4770000 396379 388841 0 691.615 0 0
4780000 395413 390168 0 1537.47 0 0
4790000 392109 392332 0 680.183 0 0
4800000 392624 393748 0 1288.56 0 0
4810000 392490 392702 0 -2175.53 0 0
4820000 391319 393030 0 -3843.24 0 0
4830000 391874 393248 0 -501.235 0 0
4840000 390621 394873 0 -1365.41 0 0
4850000 391308 394246 0 -934.035 0 0
4860000 388654 395791 0 392.245 0 0
4870000 392957 392504 0 -599.424 0 0
4880000 392877 392938 0 -199.345 0 0
4890000 392700 394472 0 3356.13 0 0
4900000 395475 390357 0 -391.937 0 0
4910000 394371 388798 0 -2566.86 0 0
4920000 393523 389728 0 -393.991 0 0
4930000 390355 392774 0 -993.195 0 0
4940000 388556 396005 0 -1413.54 0 0
4950000 388980 395478 0 1609.05 0 0
4960000 393385 391672 0 473.822 0 0
4970000 393931 389901 0 -2462.68 0 0
4980000 389029 394717 0 -189.521 0 0
4990000 391967 393612 0 -3825.66 0 0
5000000 393669 393104 0 -746.473 0 0
