# Time-averaged data for fix ps1
# TimeStep c_thermo_press[1] c_thermo_press[2] c_thermo_press[3] c_thermo_press[4] c_thermo_press[5] c_thermo_press[6]
10000 365980 366077 0 -318.577 0 0
20000 365611 365825 0 -1418.19 0 0
30000 366481 365614 0 -2535.2 0 0
40000 365774 366315 0 -2125 0 0
50000 366438 366121 0 -2329.21 0 0
60000 366084 367021 0 -3030.38 0 0
70000 366855 365939 0 -3754.95 0 0
80000 366315 365285 0 -4246.39 0 0
90000 365886 366390 0 -4615.43 0 0
100000 367385 365490 0 -3687.54 0 0
110000 366583 366018 0 -5859.73 0 0
120000 366068 366505 0 -5568.22 0 0
130000 365812 366683 0 -5668.66 0 0
140000 366376 365773 0 -5794.04 0 0
150000 366789 366429 0 -6911.83 0 0
160000 367421 367157 0 -7266.32 0 0
170000 366879 365645 0 -7322.83 0 0
180000 366392 366042 0 -8071.34 0 0
190000 366460 366084 0 -7164.56 0 0
200000 365831 366633 0 -7212.75 0 0
210000 366308 367165 0 -8168.13 0 0
220000 366584 366720 0 -7990.3 0 0
230000 366012 365729 0 -7837.27 0 0
240000 366423 366725 0 -7033.32 0 0
250000 366056 366026 0 -6859.65 0 0
260000 365977 365942 0 -6034.09 0 0
270000 366044 366991 0 -7949.15 0 0
280000 365717 366898 0 -6878.29 0 0
290000 366924 365814 0 -7072.9 0 0
300000 366536 365771 0 -8101.06 0 0
310000 366673 365082 0 -7077.02 0 0
320000 366382 365573 0 -6701.42 0 0
330000 366239 365740 0 -7002.38 0 0
340000 366644 367128 0 -6756.62 0 0
350000 366950 366081 0 -7298.43 0 0
360000 365848 365689 0 -5720.09 0 0
370000 367744 364015 0 -6009.59 0 0
380000 365920 366687 0 -6129.11 0 0
390000 365687 367376 0 -5559.65 0 0
400000 366401 366815 0 -3434.65 0 0
410000 366454 366197 0 -3863.54 0 0
420000 365239 366351 0 -4494.67 0 0
430000 365724 366129 0 -2712.77 0 0
440000 366452 366391 0 -2921.95 0 0
450000 366947 365025 0 -2819.38 0 0
460000 366864 365568 0 -1189.16 0 0
470000 366514 365951 0 -828.845 0 0
480000 366161 365771 0 -1198.53 0 0
490000 367246 364710 0 -213.352 0 0
500000 367216 364673 0 -128.755 0 0
510000 367739 364853 0 529.483 0 0
520000 366110 365027 0 768.245 0 0
530000 366854 365374 0 1588.53 0 0
540000 366766 364772 0 1203.32 0 0
550000 368252 364659 0 3036.42 0 0
560000 366980 363977 0 3496.64 0 0
570000 366993 365243 0 2283.33 0 0
580000 366932 365232 0 3146.22 0 0
590000 367077 364120 0 3535.37 0 0
600000 367518 365276 0 5467.91 0 0
610000 368450 364057 0 4180.4 0 0
620000 366469 364995 0 4925.59 0 0
630000 366417 364954 0 6138.72 0 0
640000 366833 364544 0 4925.22 0 0
650000 366928 365036 0 5423.69 0 0
660000 367581 364725 0 5389.29 0 0
670000 367019 365333 0 6230.63 0 0
680000 368264 364084 0 5504.91 0 0
690000 366344 365888 0 5819.22 0 0
700000 366463 365172 0 7553.57 0 0
710000 367261 364505 0 7223.09 0 0
720000 368218 364331 0 6368.82 0 0
730000 367473 364872 0 7494.94 0 0
740000 368100 363246 0 6845.37 0 0
750000 367214 364959 0 6649.89 0 0
760000 368566 363984 0 6245.95 0 0
770000 366901 364765 0 7468.56 0 0
780000 367344 363923 0 6242.7 0 0
790000 367146 364744 0 6085.86 0 0
800000 367625 364076 0 5685.84 0 0
810000 366653 364905 0 6315.34 0 0
820000 366926 365130 0 5798.08 0 0
830000 366430 365077 0 5730.56 0 0
840000 367845 365166 0 4667.76 0 0
850000 367927 364677 0 5657.3 0 0
860000 367922 364582 0 5358.67 0 0
870000 367276 363441 0 4012.95 0 0
880000 368620 363977 0 4162.82 0 0
890000 366650 365087 0 2938.67 0 0
900000 367591 363704 0 2140.82 0 0
910000 368234 363820 0 2033.78 0 0
920000 366553 364446 0 2608.53 0 0
930000 367126 364270 0 1421.16 0 0
940000 368036 363687 0 1324.04 0 0
950000 367895 363867 0 2006.15 0 0
960000 367382 364960 0 -262.921 0 0
970000 367160 364741 0 1166.1 0 0
980000 366781 363640 0 18.5066 0 0
990000 367454 364523 0 181.224 0 0
1000000 367724 364875 0 -1166.07 0 0
1010000 366766 363980 0 246.338 0 0
1020000 366621 366084 0 -1951.26 0 0
1030000 366947 364481 0 -2113.43 0 0
1040000 368347 363709 0 -2430.83 0 0
1050000 367912 364502 0 -2613.98 0 0
1060000 368482 364234 0 -1836.06 0 0
1070000 367245 364668 0 -4594.31 0 0
1080000 367284 364554 0 -4301.15 0 0
1090000 368058 364787 0 -5147.39 0 0
1100000 367706 365941 0 -5162.21 0 0
1110000 366245 364927 0 -5504.26 0 0
1120000 366472 365518 0 -5234.1 0 0
1130000 368201 364113 0 -5835.87 0 0
1140000 366948 365477 0 -6432.02 0 0
1150000 367744 364448 0 -7127.81 0 0
1160000 366966 366059 0 -6908.19 0 0
1170000 368845 363921 0 -7753.88 0 0
1180000 367827 365268 0 -8118.2 0 0
1190000 368664 364453 0 -8104.35 0 0
1200000 366918 364961 0 -7384.61 0 0
1210000 369317 363383 0 -8015.36 0 0
1220000 367562 363702 0 -8212.73 0 0
1230000 367534 365445 0 -7923.98 0 0
1240000 367406 364919 0 -8224.53 0 0
1250000 367906 363774 0 -8301.26 0 0
1260000 366422 366764 0 -9340.81 0 0
1270000 367852 365540 0 -8395.33 0 0
1280000 367979 365365 0 -9220.54 0 0
1290000 367475 365517 0 -7803.05 0 0
1300000 367405 365833 0 -7489.05 0 0
1310000 366788 365548 0 -9043.27 0 0
1320000 367930 365889 0 -8741.47 0 0
1330000 367845 365042 0 -8232.64 0 0
1340000 368034 364150 0 -6890.12 0 0
1350000 366671 365012 0 -6383.98 0 0
1360000 367835 364310 0 -5613.83 0 0
1370000 367545 364382 0 -6137.42 0 0
1380000 366997 365011 0 -6005.31 0 0
1390000 366998 365654 0 -4792.4 0 0
1400000 366790 365469 0 -4347.53 0 0
1410000 368218 363800 0 -5245.67 0 0
1420000 367222 365408 0 -5034.78 0 0
1430000 367007 364072 0 -4463.75 0 0
1440000 367510 365135 0 -4627.72 0 0
1450000 366714 364546 0 -2996.59 0 0
1460000 367566 363333 0 -3558.9 0 0
1470000 367504 364686 0 -2012.97 0 0
1480000 367669 365083 0 -2019.73 0 0
1490000 368318 364561 0 -1168.23 0 0
1500000 366406 365602 0 -1279.69 0 0
1510000 367155 365511 0 -830.679 0 0
1520000 366749 364414 0 -18.4244 0 0
1530000 367282 364001 0 1587.86 0 0
1540000 366334 365620 0 1556.05 0 0
1550000 367597 365116 0 2297.73 0 0
1560000 366983 364217 0 3444.41 0 0
1570000 367916 364860 0 4372.39 0 0
1580000 366422 363993 0 4054.63 0 0
1590000 368203 363532 0 2696.77 0 0
1600000 367567 365098 0 4671.49 0 0
1610000 367745 363594 0 3798.34 0 0
1620000 366446 364176 0 5398.38 0 0
1630000 367527 364004 0 5098.76 0 0
1640000 368785 363864 0 4626.08 0 0
1650000 368455 364684 0 4646.1 0 0
1660000 367661 364613 0 4468.67 0 0
1670000 366815 365384 0 6419.29 0 0
1680000 366515 365552 0 5638.8 0 0
1690000 367910 364187 0 7494.06 0 0
1700000 367941 363852 0 5542.87 0 0
1710000 368398 364296 0 6662.74 0 0
1720000 367823 364330 0 6271.18 0 0
1730000 367940 364318 0 6948.35 0 0
1740000 369223 364056 0 6496.11 0 0
1750000 367476 363192 0 6970.68 0 0
1760000 367596 363057 0 5573.6 0 0
1770000 367134 364164 0 4812.22 0 0
1780000 366702 365559 0 6828.85 0 0
1790000 367927 362876 0 6850.94 0 0
1800000 366343 365266 0 7179.07 0 0
1810000 368117 364158 0 5629.96 0 0
1820000 367290 363979 0 5483.86 0 0
1830000 366088 364736 0 5614.3 0 0
1840000 367683 364131 0 5471.49 0 0
1850000 366661 365344 0 5017.96 0 0
1860000 367284 364665 0 4256.55 0 0
1870000 366714 364707 0 4368.39 0 0
1880000 367550 363819 0 3819.89 0 0
1890000 367797 363032 0 3988.43 0 0
1900000 367052 363111 0 3848.73 0 0
1910000 367022 365064 0 3037.71 0 0
1920000 366990 364616 0 1480.45 0 0
1930000 367276 363598 0 1679.31 0 0
1940000 367296 364330 0 1516.51 0 0
1950000 368388 362776 0 -94.8203 0 0
1960000 367840 364195 0 53.6602 0 0
1970000 367962 364609 0 -111.61 0 0
1980000 367448 364790 0 272.936 0 0
1990000 368875 364504 0 -717.313 0 0
2000000 365840 364550 0 -1377.94 0 0
2010000 368644 363813 0 -2048.27 0 0
2020000 367010 364188 0 -1771.64 0 0
2030000 367476 362724 0 -3392.75 0 0
2040000 367256 364191 0 -3148.83 0 0
2050000 367416 364476 0 -4844 0 0
2060000 366053 364326 0 -3690.91 0 0
2070000 365794 365902 0 -5037.33 0 0
2080000 366948 365029 0 -4320.69 0 0
2090000 366839 364735 0 -5432.85 0 0
2100000 366730 364678 0 -5604.99 0 0
2110000 366685 365339 0 -6467.87 0 0
2120000 366755 364993 0 -5481.56 0 0
2130000 366727 366164 0 -6917.86 0 0
2140000 367042 366172 0 -7110.15 0 0
2150000 367885 365533 0 -6916.02 0 0
2160000 367034 365589 0 -6979.62 0 0
2170000 367191 365068 0 -6175.76 0 0
2180000 367729 364453 0 -6689.21 0 0
2190000 368772 364249 0 -7470.78 0 0
2200000 367931 365146 0 -7610.76 0 0
2210000 367293 365494 0 -7400.96 0 0
2220000 367568 365436 0 -7271.96 0 0
2230000 367451 365009 0 -7587.25 0 0
2240000 366668 364372 0 -7985.54 0 0
2250000 367487 365494 0 -8208.31 0 0
2260000 367127 364726 0 -7957.45 0 0
2270000 367668 364985 0 -8104.9 0 0
2280000 367491 364548 0 -7952.62 0 0
2290000 367859 364662 0 -7308.51 0 0
2300000 367428 365355 0 -6853.73 0 0
2310000 368572 363761 0 -8297.01 0 0
2320000 367737 365274 0 -8681.49 0 0
2330000 367912 364596 0 -8474.63 0 0
2340000 368729 364144 0 -7347.08 0 0
2350000 365917 365932 0 -6358.12 0 0
2360000 366870 364646 0 -5765.39 0 0
2370000 367731 364336 0 -6006.35 0 0
2380000 366709 365025 0 -5177.09 0 0
2390000 366580 365781 0 -6175.16 0 0
2400000 365243 367182 0 -6068.67 0 0
2410000 365642 366233 0 -5727.68 0 0
2420000 365628 365761 0 -4794.15 0 0
2430000 365680 366256 0 -3778.71 0 0
2440000 366437 365227 0 -3828.59 0 0
2450000 366278 364948 0 -3065.71 0 0
2460000 366611 364812 0 -1748.94 0 0
2470000 367884 365452 0 -1144.29 0 0
2480000 365854 364882 0 -1591.22 0 0
2490000 367259 364554 0 -377.335 0 0
2500000 366825 365347 0 -1300.18 0 0
2510000 365516 364920 0 161.229 0 0
2520000 366347 365916 0 -906.182 0 0
2530000 366382 364929 0 1100.02 0 0
2540000 366353 365883 0 1389.5 0 0
2550000 366401 364793 0 1791.75 0 0
2560000 366127 365217 0 2813.32 0 0
2570000 365773 366414 0 2161.67 0 0
2580000 366633 364763 0 2864.49 0 0
2590000 366788 365489 0 3565.57 0 0
2600000 367771 364642 0 3578.96 0 0
2610000 367751 364337 0 3478.05 0 0
2620000 367324 363903 0 4764.15 0 0
2630000 366698 364669 0 3979.19 0 0
2640000 366532 365175 0 4487.46 0 0
2650000 367799 364824 0 3503.69 0 0
2660000 365912 365994 0 3666.77 0 0
2670000 366747 365821 0 3444 0 0
2680000 367431 362914 0 3187.07 0 0
2690000 367452 363328 0 4058.96 0 0
2700000 367549 364506 0 2934.53 0 0
2710000 368140 364467 0 3720.39 0 0
2720000 367386 364627 0 3947.67 0 0
2730000 367278 363455 0 5473.9 0 0
2740000 366563 363328 0 5233.56 0 0
2750000 366632 365712 0 4238.04 0 0
2760000 365975 365595 0 4957.81 0 0
2770000 367080 364480 0 3605.54 0 0
2780000 366404 364539 0 4395.79 0 0
2790000 367562 363980 0 5589.84 0 0
2800000 368017 364472 0 4841.02 0 0
2810000 367182 364812 0 6742.94 0 0
2820000 369295 363343 0 4992.9 0 0
2830000 366454 365083 0 5242.85 0 0
2840000 366767 364575 0 5308.11 0 0
2850000 366411 364906 0 3169.03 0 0
2860000 367255 364424 0 3280.92 0 0
2870000 366125 364427 0 3867.27 0 0
2880000 366990 365367 0 3133.5 0 0
2890000 366761 364138 0 3050.64 0 0
2900000 366427 364582 0 1750.48 0 0
2910000 368148 363134 0 1691.54 0 0
2920000 366315 364828 0 690.898 0 0
2930000 366128 364253 0 860.717 0 0
2940000 368812 363267 0 -50.9455 0 0
2950000 367361 364574 0 -1446.12 0 0
2960000 366258 365373 0 -121.623 0 0
2970000 367068 364250 0 -297.743 0 0
2980000 367052 364614 0 -2016.42 0 0
2990000 366974 364834 0 -2022.08 0 0
3000000 366704 365495 0 -1537.58 0 0
3010000 367225 364715 0 -3201.19 0 0
3020000 367019 364729 0 -3137.06 0 0
3030000 368282 363758 0 -4956.06 0 0
3040000 367419 364881 0 -3992.65 0 0
3050000 367539 363640 0 -4612.5 0 0
3060000 366689 366081 0 -4761.99 0 0
3070000 366603 365687 0 -5966.96 0 0
3080000 367105 365771 0 -5607.49 0 0
3090000 367037 364949 0 -6078.59 0 0
3100000 367439 364409 0 -6153.52 0 0
3110000 366303 365645 0 -7657.27 0 0
3120000 367510 364867 0 -6981.52 0 0
3130000 366485 364386 0 -7322.03 0 0
3140000 366848 364856 0 -7339.18 0 0
3150000 365595 365839 0 -8187.85 0 0
3160000 365989 366408 0 -7018.47 0 0
3170000 366733 365946 0 -8198.13 0 0
3180000 366217 365027 0 -7820.68 0 0
3190000 365707 365426 0 -8024.12 0 0
3200000 367930 364290 0 -8329.77 0 0
3210000 366893 365460 0 -9419.59 0 0
3220000 367891 364138 0 -8833.09 0 0
3230000 367735 365308 0 -7400.76 0 0
3240000 366351 365004 0 -6936.8 0 0
3250000 368761 363047 0 -8815.99 0 0
3260000 367603 365267 0 -8448.49 0 0
3270000 368507 364061 0 -7690.23 0 0
3280000 367978 364252 0 -7433.11 0 0
3290000 368317 364146 0 -10105 0 0
3300000 366723 365889 0 -6531.24 0 0
3310000 366782 365159 0 -7390.53 0 0
3320000 367355 365170 0 -6829.93 0 0
3330000 367093 364980 0 -7245.18 0 0
3340000 367517 364700 0 -7099.06 0 0
3350000 366715 365187 0 -6183.5 0 0
3360000 366835 365380 0 -5942.69 0 0
3370000 367097 364512 0 -6662.89 0 0
3380000 368261 364042 0 -5839.87 0 0
3390000 366713 365033 0 -5287.49 0 0
3400000 366632 365343 0 -4706.57 0 0
3410000 365950 365716 0 -4593.33 0 0
3420000 367571 364851 0 -3447.51 0 0
3430000 367051 364737 0 -3643.99 0 0
3440000 365659 365045 0 -2861.11 0 0
3450000 367217 364718 0 -3115.04 0 0
3460000 365903 366216 0 -2622.11 0 0
3470000 366724 364513 0 -2626.06 0 0
3480000 366741 364069 0 -2047.89 0 0
3490000 366655 364401 0 -733.773 0 0
3500000 366632 363973 0 263.73 0 0
3510000 367568 364086 0 99.3989 0 0
3520000 365272 365662 0 -1505.71 0 0
3530000 366282 365603 0 -452.445 0 0
3540000 365458 365849 0 651.858 0 0
3550000 366617 363979 0 1200.41 0 0
3560000 366603 364479 0 1932.19 0 0
3570000 367138 364369 0 2286.38 0 0
3580000 366133 364760 0 2478.46 0 0
3590000 367295 364705 0 2257.17 0 0
3600000 367576 363783 0 3752.8 0 0
3610000 367919 362569 0 3321.41 0 0
3620000 367174 363978 0 4856.46 0 0
3630000 367903 363351 0 3051.79 0 0
3640000 368964 363487 0 4139.55 0 0
3650000 366051 365641 0 6300.66 0 0
3660000 366941 364959 0 5057.5 0 0
3670000 366695 363552 0 4754.87 0 0
3680000 367388 363720 0 6006.13 0 0
3690000 366478 365188 0 4740.41 0 0
3700000 366293 364557 0 3742.47 0 0
3710000 365763 365430 0 4481.17 0 0
3720000 365510 364210 0 5009.2 0 0
3730000 367086 363846 0 5231.91 0 0
3740000 366525 363487 0 6322.24 0 0
3750000 366604 364017 0 5143.38 0 0
3760000 366870 363722 0 4122.16 0 0
3770000 367263 364450 0 4936.43 0 0
3780000 366419 363148 0 4300.23 0 0
3790000 366575 364921 0 4628.14 0 0
3800000 366603 364770 0 5704.64 0 0
3810000 367917 363705 0 4878.35 0 0
3820000 367572 363814 0 3968.05 0 0
3830000 366198 365281 0 4826.6 0 0
3840000 366334 364227 0 4593.31 0 0
3850000 367020 364323 0 4724.85 0 0
3860000 365375 365501 0 4080.74 0 0
3870000 365877 364115 0 3352.39 0 0
3880000 365576 364666 0 3996.68 0 0
3890000 366412 365630 0 3745.18 0 0
3900000 366289 364687 0 3124.07 0 0
3910000 367261 363362 0 2379.23 0 0
3920000 366744 364594 0 2491.95 0 0
3930000 366638 364563 0 1100.58 0 0
3940000 365639 364858 0 838.013 0 0
3950000 366509 364096 0 -341.762 0 0
3960000 367041 363724 0 771.156 0 0
3970000 367046 364151 0 -654.672 0 0
3980000 367152 364195 0 -1327.78 0 0
3990000 365893 364415 0 -929.947 0 0
4000000 366447 364910 0 -1425.38 0 0
4010000 367661 364316 0 -2222.06 0 0
4020000 366223 363535 0 -2447.85 0 0
4030000 365044 363992 0 -3342.29 0 0
4040000 367428 363442 0 -3896.03 0 0
4050000 366988 363984 0 -4460.43 0 0
4060000 366619 365175 0 -4683.03 0 0
4070000 366738 364745 0 -4430.13 0 0
4080000 367304 365258 0 -5341.53 0 0
4090000 367519 364660 0 -6112.31 0 0
4100000 368379 362681 0 -6856.3 0 0
4110000 367036 365146 0 -6183.45 0 0
4120000 366665 365537 0 -6464.18 0 0
4130000 366971 365703 0 -6179.36 0 0
4140000 367118 364445 0 -7802.54 0 0
4150000 367937 365241 0 -7116.22 0 0
4160000 365596 364898 0 -7221.27 0 0
4170000 366498 365395 0 -7536.57 0 0
4180000 367513 363882 0 -8085.99 0 0
4190000 367602 363475 0 -8747.8 0 0
4200000 367939 363525 0 -8049.81 0 0
4210000 367681 364388 0 -8965.76 0 0
4220000 367162 365036 0 -9277.17 0 0
4230000 367156 364760 0 -9062.71 0 0
4240000 367599 364348 0 -8090.14 0 0
4250000 366840 364750 0 -8957.18 0 0
4260000 367183 364912 0 -8865.31 0 0
4270000 367150 364348 0 -8922.13 0 0
4280000 368780 364198 0 -8589.21 0 0
4290000 366988 363697 0 -8896.7 0 0
4300000 368276 363406 0 -9017.8 0 0
4310000 368496 363404 0 -7986.71 0 0
4320000 366401 364465 0 -8746.65 0 0
4330000 367725 365633 0 -8649.38 0 0
4340000 366495 365286 0 -8064.52 0 0
4350000 368307 364304 0 -7107.54 0 0
4360000 367463 363219 0 -6428.46 0 0
4370000 366997 364659 0 -8195.03 0 0
4380000 366129 364687 0 -6265.33 0 0
4390000 366947 365176 0 -5970.04 0 0
4400000 365857 364622 0 -5387.03 0 0
4410000 366586 365137 0 -4706.26 0 0
4420000 366978 363992 0 -4694.98 0 0
4430000 367322 364254 0 -3956.17 0 0
4440000 366771 365157 0 -5321.23 0 0
4450000 366694 364748 0 -2350.56 0 0
4460000 366565 363879 0 -2820.18 0 0
4470000 367226 364428 0 -1608.75 0 0
4480000 367632 362995 0 -1877.99 0 0
4490000 365804 364181 0 -1495.06 0 0
4500000 365671 365972 0 -1245.4 0 0
4510000 365922 364834 0 -547.45 0 0
4520000 365605 364354 0 414.436 0 0
4530000 367341 363407 0 -566.168 0 0
4540000 367423 363196 0 17.3754 0 0
4550000 366627 364129 0 1812.51 0 0
4560000 366879 364284 0 1559.39 0 0
4570000 366922 363729 0 2589.29 0 0
4580000 366827 365115 0 2263.93 0 0
4590000 368132 363984 0 3181.22 0 0
4600000 366637 364359 0 2863.9 0 0
4610000 367680 363888 0 2779.47 0 0
4620000 367938 363314 0 2486.21 0 0
4630000 367128 364261 0 4426.66 0 0
4640000 368185 363421 0 3192.66 0 0
4650000 367121 363862 0 3737.4 0 0
4660000 368122 363278 0 4939.14 0 0
4670000 367693 363253 0 4830.91 0 0
4680000 368240 363279 0 5461.91 0 0
4690000 366426 363644 0 5008.86 0 0
4700000 366260 365303 0 5384.74 0 0
4710000 367400 364584 0 4631.82 0 0
4720000 367632 362563 0 5221.53 0 0
4730000 368016 363885 0 5402.73 0 0
4740000 367359 363352 0 5600.9 0 0
4750000 365942 364994 0 5622.62 0 0
4760000 367104 363829 0 4022.95 0 0
4770000 367471 363471 0 4226.38 0 0
4780000 367728 363346 0 4438.88 0 0
4790000 368215 364211 0 5647.4 0 0
4800000 367266 364407 0 6248.46 0 0
4810000 367631 364442 0 5058.19 0 0
4820000 367820 363389 0 6522.98 0 0
4830000 366793 364312 0 5747.8 0 0
4840000 367758 363602 0 4308.92 0 0
4850000 367398 363726 0 5622.28 0 0
4860000 367415 363723 0 4864.56 0 0
4870000 367172 364762 0 3953.14 0 0
4880000 367145 364107 0 4596.98 0 0
4890000 367531 363963 0 2734.74 0 0
4900000 367043 363859 0 3429.92 0 0
4910000 366708 364089 0 3244.4 0 0
4920000 366614 365128 0 2814.81 0 0
4930000 367124 363192 0 511.561 0 0
4940000 367411 363606 0 -351.348 0 0
4950000 366573 363098 0 1347.66 0 0
4960000 367581 363044 0 202.021 0 0
4970000 365760 365531 0 -307.331 0 0
4980000 367390 363642 0 -438.055 0 0
4990000 367815 362890 0 -1107.76 0 0
5000000 367169 363730 0 -2023.86 0 0
